t,drone_x,drone_y,drone_z,drone_vel_x,drone_vel_y,drone_vel_z,drone_roll,drone_pitch,drone_yaw,flower_x,flower_y,flower_z,flower_roll,flower_pitch,flower_yaw,dx,dy,dz,distance
0.002000,0.000000,-0.000000,0.099990,0.000000,-0.000000,-0.009800,-0.000000,0.000000,1.570000,-0.300000,1.000000,1.100000,0.000000,0.000000,-1.571000,-0.300000,1.000000,1.000010,1.445690
0.004000,0.000000,-0.000000,0.099941,0.000000,-0.000000,-0.029352,-0.000000,0.000000,1.570000,-0.300000,1.000000,1.100000,0.000000,0.000000,-1.571000,-0.300000,1.000000,1.000059,1.445724
0.006000,0.000000,-0.000000,0.099853,0.000000,-0.000000,-0.048869,0.000000,0.000000,1.570000,-0.300000,1.000000,1.100000,0.000000,0.000000,-1.571000,-0.300000,1.000000,1.000147,1.445785
0.008000,0.000000,-0.000000,0.099726,0.000000,0.000000,-0.068350,0.000000,0.000000,1.570000,-0.300000,1.000000,1.100000,0.000000,0.000000,-1.571000,-0.300000,1.000000,1.000274,1.445873
0.010000,0.000000,0.000000,0.099560,0.000000,0.000000,-0.087795,0.000000,0.000000,1.570000,-0.300000,1.000000,1.100000,0.000000,0.000000,-1.571000,-0.300000,1.000000,1.000440,1.445988
0.012000,0.000000,0.000000,0.099355,0.000000,0.000000,-0.107203,-0.000000,0.000000,1.570000,-0.300000,1.000000,1.100000,0.000000,0.000000,-1.571000,-0.300000,1.000000,1.000645,1.446129
0.014000,0.000000,0.000000,0.099111,-0.000000,0.000000,-0.126576,-0.000000,0.000000,1.570000,-0.300000,1.000000,1.100000,0.000000,0.000000,-1.571000,-0.300000,1.000000,1.000889,1.446298
0.016000,0.000000,0.000000,0.098829,0.000000,0.000000,-0.145912,-0.000000,0.000000,1.570000,-0.300000,1.000000,1.100000,0.000000,0.000000,-1.571000,-0.300000,1.000000,1.001171,1.446494
0.018000,0.000000,0.000000,0.098508,0.000000,0.000000,-0.165213,-0.000000,0.000001,1.570000,-0.300000,1.000000,1.100000,0.000000,0.000000,-1.571000,-0.300000,1.000000,1.001492,1.446716
0.020000,0.000000,0.000000,0.098148,0.000000,0.000000,-0.184478,-0.000000,0.000001,1.570000,-0.300000,1.000000,1.100000,0.000000,0.000000,-1.571000,-0.300000,1.000000,1.001852,1.446965
0.022000,0.000000,0.000000,0.097750,0.000000,0.000000,-0.203708,-0.000000,0.000001,1.570000,-0.300000,1.000000,1.100000,0.000000,0.000000,-1.571000,-0.300000,1.000000,1.002250,1.447241
0.024000,0.000000,0.000000,0.097313,0.000000,0.000000,-0.222901,-0.000000,0.000001,1.570000,-0.300000,1.000000,1.100000,0.000000,0.000000,-1.571000,-0.300000,1.000000,1.002687,1.447543
0.026000,0.000000,0.000000,0.096838,0.000000,0.000000,-0.242059,-0.000000,0.000002,1.570000,-0.300000,1.000000,1.100000,0.000000,0.000000,-1.571000,-0.300000,1.000000,1.003162,1.447872
0.028000,0.000000,0.000000,0.096325,0.000000,0.000000,-0.261182,-0.000000,0.000002,1.570000,-0.300000,1.000000,1.100000,0.000000,0.000000,-1.571000,-0.300000,1.000000,1.003675,1.448228
0.030000,0.000000,0.000000,0.095773,0.000000,0.000000,-0.280269,-0.000000,0.000003,1.570000,-0.300000,1.000000,1.100000,0.000000,0.000000,-1.571000,-0.300000,1.000000,1.004227,1.448610
0.032000,0.000000,0.000000,0.095184,0.000000,0.000000,-0.299321,-0.000000,0.000003,1.570000,-0.300000,1.000000,1.100000,0.000000,0.000000,-1.571000,-0.300000,1.000000,1.004816,1.449019
0.034000,0.000000,0.000000,0.094556,0.000000,0.000000,-0.318337,-0.000000,0.000004,1.570000,-0.300000,1.000000,1.100000,0.000000,0.000000,-1.571000,-0.300000,1.000000,1.005444,1.449454
0.036000,0.000000,0.000000,0.093890,0.000000,0.000000,-0.337319,-0.000000,0.000005,1.570000,-0.300000,1.000000,1.100000,0.000000,0.000000,-1.571000,-0.300000,1.000000,1.006110,1.449916
0.038000,0.000000,0.000000,0.093186,0.000000,0.000000,-0.356265,-0.000000,0.000005,1.570000,-0.300000,1.000000,1.100000,0.000000,0.000000,-1.571000,-0.300000,1.000000,1.006814,1.450405
0.040000,0.000000,0.000000,0.092445,0.000000,0.000000,-0.375175,-0.000000,0.000006,1.570000,-0.300000,1.000000,1.100000,0.000000,0.000000,-1.571000,-0.300000,1.000000,1.007555,1.450920
0.042000,0.000000,0.000000,0.091665,0.000000,0.000000,-0.394051,-0.000000,0.000007,1.570000,-0.300000,1.000000,1.100000,0.000000,0.000000,-1.571000,-0.300000,1.000000,1.008335,1.451461
0.044000,0.000000,0.000000,0.090848,0.000000,0.000000,-0.412892,-0.000000,0.000008,1.570000,-0.300000,1.000000,1.100000,0.000000,0.000000,-1.571000,-0.300000,1.000000,1.009152,1.452029
0.046000,0.000000,0.000000,0.089993,0.000000,0.000000,-0.431698,-0.000000,0.000010,1.570000,-0.300000,1.000000,1.100000,0.000000,0.000000,-1.571000,-0.300000,1.000000,1.010007,1.452623
0.048000,0.000000,0.000000,0.089101,0.000000,0.000000,-0.450469,-0.000000,0.000011,1.570000,-0.300000,1.000000,1.100000,0.000000,0.000000,-1.571000,-0.300000,1.000000,1.010899,1.453244
0.050000,0.000000,0.000000,0.088171,0.000000,0.000000,-0.469205,-0.000000,0.000013,1.570000,-0.300000,1.000000,1.100000,0.000000,0.000000,-1.571000,-0.300000,1.000000,1.011829,1.453891
0.052000,0.000000,0.000000,0.087203,0.000000,0.000000,-0.487907,-0.000000,0.000014,1.570000,-0.300000,1.000000,1.100000,0.000000,0.000000,-1.571000,-0.300000,1.000000,1.012797,1.454564
0.054000,0.000000,0.000000,0.086199,0.000000,0.000000,-0.506573,-0.000000,0.000016,1.570000,-0.300000,1.000000,1.100000,0.000000,0.000000,-1.571000,-0.300000,1.000000,1.013801,1.455264
0.056000,0.000000,0.000000,0.085156,0.000000,0.000000,-0.525206,-0.000000,0.000018,1.570000,-0.300000,1.000000,1.100000,0.000000,0.000000,-1.571000,-0.300000,1.000000,1.014844,1.455990
0.058000,0.000000,0.000000,0.084077,0.000000,0.000000,-0.543803,-0.000000,0.000020,1.570000,-0.300000,1.000000,1.100000,0.000000,0.000000,-1.571000,-0.300000,1.000000,1.015923,1.456743
0.060000,0.000000,0.000000,0.082960,0.000000,0.000000,-0.562366,-0.000000,0.000022,1.570000,-0.300000,1.000000,1.100000,0.000000,0.000000,-1.571000,-0.300000,1.000000,1.017040,1.457522
0.062000,0.000000,0.000000,0.081807,0.000000,0.000000,-0.580895,-0.000000,0.000024,1.570000,-0.300000,1.000000,1.100000,0.000000,0.000000,-1.571000,-0.300000,1.000000,1.018193,1.458327
0.064000,0.000000,0.000000,0.080616,0.000000,0.000000,-0.599390,-0.000000,0.000027,1.570000,-0.300000,1.000000,1.100000,0.000000,0.000000,-1.571000,-0.300000,1.000000,1.019384,1.459159
0.066000,0.000000,0.000000,0.079388,0.000000,0.000000,-0.617850,-0.000000,0.000029,1.570000,-0.300000,1.000000,1.100000,0.000000,0.000000,-1.571000,-0.300000,1.000000,1.020612,1.460017
0.068000,0.000000,0.000000,0.078124,0.000000,0.000000,-0.636276,-0.000000,0.000032,1.570000,-0.300000,1.000000,1.100000,0.000000,0.000000,-1.571000,-0.300000,1.000000,1.021876,1.460901
0.070000,0.000000,0.000000,0.076822,0.000000,0.000000,-0.654668,-0.000000,0.000035,1.570000,-0.300000,1.000000,1.100000,0.000000,0.000000,-1.571000,-0.300000,1.000000,1.023178,1.461811
0.072000,0.000000,0.000000,0.075484,0.000000,0.000000,-0.673025,-0.000000,0.000038,1.570000,-0.300000,1.000000,1.100000,0.000000,0.000000,-1.571000,-0.300000,1.000000,1.024516,1.462748
0.074000,0.000000,0.000000,0.074109,0.000000,0.000000,-0.691349,-0.000000,0.000041,1.570000,-0.300000,1.000000,1.100000,0.000000,0.000000,-1.571000,-0.300000,1.000000,1.025891,1.463712
0.076000,0.000000,0.000000,0.072698,0.000000,0.000000,-0.709638,-0.000000,0.000045,1.570000,-0.300000,1.000000,1.100000,0.000000,0.000000,-1.571000,-0.300000,1.000000,1.027302,1.464701
0.078000,0.000000,0.000000,0.071249,0.000000,0.000000,-0.727894,-0.000000,0.000048,1.570000,-0.300000,1.000000,1.100000,0.000000,0.000000,-1.571000,-0.300000,1.000000,1.028751,1.465717
0.080000,0.000000,0.000000,0.069765,0.000000,0.000000,-0.746116,-0.000000,0.000052,1.570000,-0.300000,1.000000,1.100000,0.000000,0.000000,-1.571000,-0.300000,1.000000,1.030235,1.466760
0.082000,0.000000,0.000000,0.068244,0.000000,0.000000,-0.764304,-0.000000,0.000056,1.570000,-0.300000,1.000000,1.100000,0.000000,0.000000,-1.571000,-0.300000,1.000000,1.031756,1.467829
0.084000,0.000000,0.000000,0.066686,0.000000,0.000000,-0.782459,-0.000000,0.000061,1.570000,-0.300000,1.000000,1.100000,0.000000,0.000000,-1.571000,-0.300000,1.000000,1.033314,1.468924
0.086000,0.000000,0.000000,0.065093,0.000000,0.000000,-0.800579,-0.000000,0.000065,1.570000,-0.300000,1.000000,1.100000,0.000000,0.000000,-1.571000,-0.300000,1.000000,1.034907,1.470045
0.088000,0.000000,0.000000,0.063463,0.000000,0.000000,-0.818667,-0.000000,0.000070,1.570000,-0.300000,1.000000,1.100000,0.000000,0.000000,-1.571000,-0.300000,1.000000,1.036537,1.471193
0.090000,0.000000,0.000000,0.061797,0.000000,0.000000,-0.836720,-0.000000,0.000075,1.570000,-0.300000,1.000000,1.100000,0.000000,0.000000,-1.571000,-0.300000,1.000000,1.038203,1.472368
0.092000,0.000000,0.000000,0.060095,0.000000,0.000000,-0.854740,-0.000000,0.000080,1.570000,-0.300000,1.000000,1.100000,0.000000,0.000000,-1.571000,-0.300000,1.000000,1.039905,1.473568
0.094000,0.000000,0.000000,0.058356,0.000000,0.000000,-0.872727,-0.000000,0.000085,1.570000,-0.300000,1.000000,1.100000,0.000000,0.000000,-1.571000,-0.300000,1.000000,1.041644,1.474795
0.096000,0.000000,0.000000,0.056582,0.000000,0.000000,-0.890681,-0.000000,0.000091,1.570000,-0.300000,1.000000,1.100000,0.000000,0.000000,-1.571000,-0.300000,1.000000,1.043418,1.476049
0.098000,0.000000,0.000000,0.054772,0.000000,0.000000,-0.908601,-0.000000,0.000096,1.570000,-0.300000,1.000000,1.100000,0.000000,0.000000,-1.571000,-0.300000,1.000000,1.045228,1.477329
0.100000,0.000000,0.000000,0.052926,0.000000,0.000000,-0.926488,-0.000000,0.000103,1.570000,-0.300000,1.000000,1.100000,0.000000,0.000000,-1.571000,-0.300000,1.000000,1.047074,1.478636
0.102000,0.000000,0.000000,0.051045,0.000000,0.000000,-0.944341,-0.000000,0.000109,1.570000,-0.300000,1.000000,1.100000,0.000000,0.000000,-1.571000,-0.300000,1.000000,1.048955,1.479969
0.104000,0.000000,0.000000,0.049127,0.000000,0.000000,-0.962162,-0.000000,0.000115,1.570000,-0.300000,1.000000,1.100000,0.000000,0.000000,-1.571000,-0.300000,1.000000,1.050873,1.481328
0.106000,0.000000,0.000000,0.047174,0.000000,0.000000,-0.979950,-0.000000,0.000122,1.570000,-0.300000,1.000000,1.100000,0.000000,0.000000,-1.571000,-0.300000,1.000000,1.052826,1.482714
0.108000,0.000000,0.000000,0.045186,0.000000,0.000000,-0.997704,-0.000000,0.000129,1.570000,-0.300000,1.000000,1.100000,0.000000,0.000000,-1.571000,-0.300000,1.000000,1.054814,1.484127
0.110000,0.000000,0.000000,0.043162,0.000000,0.000000,-1.015426,0.000000,0.000137,1.570000,-0.300000,1.000000,1.100000,0.000000,0.000000,-1.571000,-0.300000,1.000000,1.056838,1.485566
0.112000,0.000000,0.000000,0.041102,0.000000,0.000000,-1.033115,0.000000,0.000144,1.570000,-0.300000,1.000000,1.100000,0.000000,0.000000,-1.571000,-0.300000,1.000000,1.058898,1.487032
0.114000,0.000000,0.000000,0.039007,0.000000,0.000000,-1.050771,0.000000,0.000152,1.570000,-0.300000,1.000000,1.100000,0.000000,0.000000,-1.571000,-0.300000,1.000000,1.060993,1.488524
0.116000,0.000000,0.000000,0.036877,0.000000,0.000000,-1.068394,0.000000,0.000160,1.570000,-0.300000,1.000000,1.100000,0.000000,0.000000,-1.571000,-0.300000,1.000000,1.063123,1.490044
0.118000,0.000000,0.000000,0.034712,0.000000,0.000000,-1.085985,0.000000,0.000169,1.570000,-0.300000,1.000000,1.100000,0.000000,0.000000,-1.571000,-0.300000,1.000000,1.065288,1.491589
0.120000,0.000000,-0.000004,0.035000,0.000016,-0.000077,0.000068,-0.000000,-0.000001,1.570000,-0.300000,1.000000,1.100000,0.000000,0.000000,-1.571000,-0.300000,1.000004,1.065000,1.491387
0.122000,0.000000,-0.000005,0.035000,-0.000001,-0.000057,0.009576,0.000000,-0.000000,1.570000,-0.300000,1.000000,1.100000,0.000000,0.000000,-1.571000,-0.300000,1.000005,1.065000,1.491387
0.124000,0.000000,-0.000005,0.035000,0.000000,-0.000021,0.000159,0.000000,-0.000000,1.570000,-0.300000,1.000000,1.100000,0.000000,0.000000,-1.571000,-0.300000,1.000005,1.065000,1.491387
0.126000,0.000000,-0.000007,0.034977,-0.000002,-0.002608,-0.015026,-0.000000,-0.000115,1.570000,-0.300000,1.000000,1.100000,0.000000,0.000000,-1.571000,-0.300000,1.000007,1.065023,1.491405
0.128000,0.000000,-0.000010,0.034945,-0.000003,-0.003405,-0.022563,-0.000000,-0.000275,1.570000,-0.300000,1.000000,1.100000,0.000000,0.000000,-1.571000,-0.300000,1.000010,1.065055,1.491430
0.130000,0.000000,-0.000014,0.034914,-0.000004,-0.003939,-0.027527,-0.000000,-0.000430,1.570000,-0.300000,1.000000,1.100000,0.000000,0.000000,-1.571000,-0.300000,1.000014,1.065086,1.491454
0.132000,0.000000,-0.000017,0.034887,-0.000005,-0.004300,-0.030799,-0.000000,-0.000565,1.570000,-0.300000,1.000000,1.100000,0.000000,0.000000,-1.571000,-0.300000,1.000017,1.065113,1.491476
0.134000,0.000000,-0.000019,0.034865,-0.000005,-0.004548,-0.032956,-0.000000,-0.000675,1.570000,-0.300000,1.000000,1.100000,0.000000,0.000000,-1.571000,-0.300000,1.000019,1.065135,1.491493
0.136000,0.000000,-0.000021,0.034848,-0.000006,-0.004721,-0.034379,-0.000000,-0.000762,1.570000,-0.300000,1.000000,1.100000,0.000000,0.000000,-1.571000,-0.300000,1.000021,1.065152,1.491507
0.138000,0.000000,-0.000023,0.034834,-0.000006,-0.004844,-0.035319,-0.000000,-0.000829,1.570000,-0.300000,1.000000,1.100000,0.000000,0.000000,-1.571000,-0.300000,1.000023,1.065166,1.491517
0.140000,0.000000,-0.000025,0.034824,-0.000007,-0.004936,-0.035940,-0.000000,-0.000879,1.570000,-0.300000,1.000000,1.100000,0.000000,0.000000,-1.571000,-0.300000,1.000025,1.065176,1.491526
0.142000,0.000000,-0.000026,0.034817,-0.000007,-0.005006,-0.036350,-0.000000,-0.000916,1.570000,-0.300000,1.000000,1.100000,0.000000,0.000000,-1.571000,-0.300000,1.000026,1.065183,1.491532
0.144000,0.000000,-0.000027,0.034811,-0.000008,-0.005061,-0.036621,-0.000000,-0.000943,1.570000,-0.300000,1.000000,1.100000,0.000000,0.000000,-1.571000,-0.300000,1.000027,1.065189,1.491536
0.146000,0.000000,-0.000028,0.034808,-0.000008,-0.005108,-0.036800,-0.000000,-0.000963,1.570000,-0.300000,1.000000,1.100000,0.000000,0.000000,-1.571000,-0.300000,1.000028,1.065192,1.491540
0.148000,0.000000,-0.000029,0.034805,-0.000009,-0.005148,-0.036919,-0.000000,-0.000977,1.570000,-0.300000,1.000000,1.100000,0.000000,0.000000,-1.571000,-0.300000,1.000029,1.065195,1.491542
0.150000,0.000000,-0.000030,0.034803,-0.000010,-0.005184,-0.036998,-0.000000,-0.000987,1.570000,-0.300000,1.000000,1.100000,0.000000,0.000000,-1.571000,-0.300000,1.000030,1.065197,1.491545
0.152000,-0.000000,-0.000031,0.034801,-0.000012,-0.005218,-0.037050,-0.000000,-0.000994,1.570000,-0.300000,1.000000,1.100000,0.000000,0.000000,-1.571000,-0.300000,1.000031,1.065199,1.491546
0.154000,-0.000000,-0.000032,0.034800,-0.000014,-0.005249,-0.037084,-0.000000,-0.000999,1.570000,-0.300000,1.000000,1.100000,0.000000,0.000000,-1.571000,-0.300000,1.000032,1.065200,1.491548
0.156000,-0.000000,-0.000033,0.034800,-0.000016,-0.005280,-0.037107,-0.000000,-0.001002,1.570000,-0.300000,1.000000,1.100000,0.000000,0.000000,-1.571000,-0.300000,1.000033,1.065200,1.491549
0.158000,-0.000000,-0.000034,0.034799,-0.000018,-0.005309,-0.037123,-0.000000,-0.001005,1.570000,-0.300000,1.000000,1.100000,0.000000,0.000000,-1.571000,-0.300000,1.000034,1.065201,1.491550
0.160000,-0.000000,-0.000035,0.034799,-0.000021,-0.005338,-0.037134,-0.000000,-0.001007,1.570000,-0.300000,1.000000,1.100000,0.000000,0.000000,-1.571000,-0.300000,1.000035,1.065201,1.491551
0.162000,-0.000000,-0.000036,0.034798,-0.000022,-0.005366,-0.037143,-0.000000,-0.001008,1.570000,-0.300000,1.000000,1.100000,0.000000,0.000000,-1.571000,-0.300000,1.000036,1.065202,1.491552
0.164000,-0.000000,-0.000037,0.034798,-0.000022,-0.005394,-0.037153,-0.000000,-0.001009,1.570000,-0.300000,1.000000,1.100000,0.000000,0.000000,-1.571000,-0.300000,1.000037,1.065202,1.491552
0.166000,-0.000000,-0.000038,0.034798,-0.000022,-0.005422,-0.037164,-0.000000,-0.001009,1.570000,-0.300000,1.000000,1.100000,0.000000,0.000000,-1.571000,-0.300000,1.000038,1.065202,1.491553
0.168000,-0.000000,-0.000040,0.034798,-0.000021,-0.005449,-0.037177,-0.000000,-0.001010,1.570000,-0.300000,1.000000,1.100000,0.000000,0.000000,-1.571000,-0.300000,1.000040,1.065202,1.491554
0.170000,-0.000000,-0.000041,0.034798,-0.000021,-0.005477,-0.037191,-0.000000,-0.001010,1.570000,-0.300000,1.000000,1.100000,0.000000,0.000000,-1.571000,-0.300000,1.000041,1.065202,1.491555
0.172000,-0.000000,-0.000042,0.034798,-0.000021,-0.005505,-0.037206,-0.000000,-0.001011,1.570000,-0.300000,1.000000,1.100000,0.000000,0.000000,-1.571000,-0.300000,1.000042,1.065202,1.491556
0.174000,-0.000000,-0.000044,0.034798,-0.000021,-0.005533,-0.037221,-0.000000,-0.001011,1.570000,-0.300000,1.000000,1.100000,0.000000,0.000000,-1.571000,-0.300000,1.000044,1.065202,1.491557
0.176000,-0.000000,-0.000045,0.034798,-0.000021,-0.005560,-0.037236,-0.000000,-0.001012,1.570000,-0.300000,1.000000,1.100000,0.000000,0.000000,-1.571000,-0.300000,1.000045,1.065202,1.491558
0.178000,-0.000000,-0.000047,0.034798,-0.000022,-0.005588,-0.037251,-0.000000,-0.001012,1.570000,-0.300000,1.000000,1.100000,0.000000,0.000000,-1.571000,-0.300000,1.000047,1.065202,1.491559
0.180000,-0.000000,-0.000048,0.034798,-0.000025,-0.005616,-0.037267,-0.000000,-0.001012,1.570000,-0.300000,1.000000,1.100000,0.000000,0.000000,-1.571000,-0.300000,1.000048,1.065202,1.491560
0.182000,-0.000000,-0.000050,0.034797,-0.000030,-0.005639,-0.037283,-0.000000,-0.001013,1.570000,-0.300000,1.000000,1.100000,0.000000,0.000000,-1.571000,-0.300000,1.000050,1.065203,1.491562
0.184000,-0.000000,-0.000051,0.034797,-0.000031,-0.005642,-0.037297,-0.000000,-0.001013,1.570000,-0.300000,1.000000,1.100000,0.000000,0.000000,-1.571000,-0.300000,1.000051,1.065203,1.491563
0.186000,-0.000000,-0.000053,0.034797,-0.000031,-0.005643,-0.037307,-0.000000,-0.001013,1.570000,-0.300000,1.000000,1.100000,0.000000,0.000000,-1.571000,-0.300000,1.000053,1.065203,1.491564
0.188000,-0.000001,-0.000055,0.034797,-0.000031,-0.005644,-0.037314,-0.000000,-0.001014,1.570000,-0.300000,1.000000,1.100000,0.000000,0.000000,-1.571000,-0.299999,1.000055,1.065203,1.491565
0.190000,-0.000001,-0.000057,0.034797,-0.000031,-0.005644,-0.037318,-0.000000,-0.001014,1.570000,-0.300000,1.000000,1.100000,0.000000,0.000000,-1.571000,-0.299999,1.000057,1.065203,1.491566
0.192000,-0.000001,-0.000058,0.034797,-0.000031,-0.005645,-0.037321,-0.000000,-0.001014,1.570000,-0.300000,1.000000,1.100000,0.000000,0.000000,-1.571000,-0.299999,1.000058,1.065203,1.491567
0.194000,-0.000001,-0.000060,0.034797,-0.000031,-0.005645,-0.037322,-0.000000,-0.001014,1.570000,-0.300000,1.000000,1.100000,0.000000,0.000000,-1.571000,-0.299999,1.000060,1.065203,1.491568
0.196000,-0.000001,-0.000062,0.034797,-0.000031,-0.005645,-0.037324,-0.000000,-0.001014,1.570001,-0.300000,1.000000,1.100000,0.000000,0.000000,-1.571000,-0.299999,1.000062,1.065203,1.491570
0.198000,-0.000001,-0.000063,0.034797,-0.000031,-0.005645,-0.037324,-0.000000,-0.001014,1.570001,-0.300000,1.000000,1.100000,0.000000,0.000000,-1.571000,-0.299999,1.000063,1.065203,1.491571
0.200000,-0.000001,-0.000065,0.034797,-0.000031,-0.005645,-0.037325,-0.000000,-0.001014,1.570001,-0.300000,1.000000,1.100000,0.000000,0.000000,-1.571000,-0.299999,1.000065,1.065203,1.491572
0.202000,-0.000001,-0.000067,0.034797,-0.000031,-0.005645,-0.037325,-0.000000,-0.001015,1.570001,-0.300000,1.000000,1.100000,0.000000,0.000000,-1.571000,-0.299999,1.000067,1.065203,1.491573
0.204000,-0.000001,-0.000068,0.034797,-0.000031,-0.005645,-0.037326,-0.000000,-0.001015,1.570001,-0.300000,1.000000,1.100000,0.000000,0.000000,-1.571000,-0.299999,1.000068,1.065203,1.491574
0.206000,-0.000001,-0.000070,0.034797,-0.000031,-0.005645,-0.037326,-0.000000,-0.001015,1.570001,-0.300000,1.000000,1.100000,0.000000,0.000000,-1.571000,-0.299999,1.000070,1.065203,1.491575
0.208000,-0.000001,-0.000072,0.034797,-0.000031,-0.005645,-0.037326,-0.000000,-0.001015,1.570001,-0.300000,1.000000,1.100000,0.000000,0.000000,-1.571000,-0.299999,1.000072,1.065203,1.491576
0.210000,-0.000001,-0.000073,0.034797,-0.000031,-0.005645,-0.037326,-0.000000,-0.001015,1.570001,-0.300000,1.000000,1.100000,0.000000,0.000000,-1.571000,-0.299999,1.000073,1.065203,1.491577
0.212000,-0.000001,-0.000075,0.034797,-0.000031,-0.005645,-0.037326,-0.000000,-0.001015,1.570001,-0.300000,1.000000,1.100000,0.000000,0.000000,-1.571000,-0.299999,1.000075,1.065203,1.491579
0.214000,-0.000001,-0.000077,0.034797,-0.000031,-0.005645,-0.037326,-0.000000,-0.001015,1.570001,-0.300000,1.000000,1.100000,0.000000,0.000000,-1.571000,-0.299999,1.000077,1.065203,1.491580
0.216000,-0.000001,-0.000078,0.034797,-0.000031,-0.005645,-0.037326,-0.000000,-0.001015,1.570001,-0.300000,1.000000,1.100000,0.000000,0.000000,-1.571000,-0.299999,1.000078,1.065203,1.491581
0.218000,-0.000001,-0.000080,0.034797,-0.000031,-0.005645,-0.037326,-0.000000,-0.001015,1.570001,-0.300000,1.000000,1.100000,0.000000,0.000000,-1.571000,-0.299999,1.000080,1.065203,1.491582
0.220000,-0.000001,-0.000082,0.034797,-0.000031,-0.005645,-0.037326,-0.000000,-0.001015,1.570001,-0.300000,1.000000,1.100000,0.000000,0.000000,-1.571000,-0.299999,1.000082,1.065203,1.491583
0.222000,-0.000001,-0.000083,0.034797,-0.000031,-0.005645,-0.037326,-0.000000,-0.001015,1.570001,-0.300000,1.000000,1.100000,0.000000,0.000000,-1.571000,-0.299999,1.000083,1.065203,1.491584
0.224000,-0.000001,-0.000085,0.034797,-0.000031,-0.005645,-0.037326,-0.000000,-0.001015,1.570001,-0.300000,1.000000,1.100000,0.000000,0.000000,-1.571000,-0.299999,1.000085,1.065203,1.491585
0.226000,-0.000001,-0.000087,0.034797,-0.000031,-0.005645,-0.037326,-0.000000,-0.001015,1.570001,-0.300000,1.000000,1.100000,0.000000,0.000000,-1.571000,-0.299999,1.000087,1.065203,1.491586
0.228000,-0.000001,-0.000088,0.034797,-0.000031,-0.005645,-0.037326,-0.000000,-0.001015,1.570001,-0.300000,1.000000,1.100000,0.000000,0.000000,-1.571000,-0.299999,1.000088,1.065203,1.491587
0.230000,-0.000001,-0.000090,0.034797,-0.000031,-0.005645,-0.037326,-0.000000,-0.001015,1.570001,-0.300000,1.000000,1.100000,0.000000,0.000000,-1.571000,-0.299999,1.000090,1.065203,1.491589
0.232000,-0.000001,-0.000092,0.034797,-0.000031,-0.005645,-0.037326,-0.000000,-0.001015,1.570001,-0.300000,1.000000,1.100000,0.000000,0.000000,-1.571000,-0.299999,1.000092,1.065203,1.491590
0.234000,-0.000002,-0.000093,0.034797,-0.000031,-0.005645,-0.037326,-0.000000,-0.001015,1.570001,-0.300000,1.000000,1.100000,0.000000,0.000000,-1.571000,-0.299998,1.000093,1.065203,1.491591
0.236000,-0.000002,-0.000095,0.034797,-0.000031,-0.005645,-0.037326,-0.000000,-0.001015,1.570001,-0.300000,1.000000,1.100000,0.000000,0.000000,-1.571000,-0.299998,1.000095,1.065203,1.491592
0.238000,-0.000002,-0.000097,0.034797,-0.000031,-0.005645,-0.037326,-0.000000,-0.001015,1.570001,-0.300000,1.000000,1.100000,0.000000,0.000000,-1.571000,-0.299998,1.000097,1.065203,1.491593
0.240000,-0.000002,-0.000098,0.034797,-0.000031,-0.005645,-0.037326,-0.000000,-0.001015,1.570001,-0.300000,1.000000,1.100000,0.000000,0.000000,-1.571000,-0.299998,1.000098,1.065203,1.491594
0.242000,-0.000002,-0.000100,0.034797,-0.000031,-0.005645,-0.037326,-0.000000,-0.001015,1.570001,-0.300000,1.000000,1.100000,0.000000,0.000000,-1.571000,-0.299998,1.000100,1.065203,1.491595
0.244000,-0.000002,-0.000102,0.034797,-0.000031,-0.005645,-0.037326,-0.000000,-0.001015,1.570001,-0.300000,1.000000,1.100000,0.000000,0.000000,-1.571000,-0.299998,1.000102,1.065203,1.491596
0.246000,-0.000002,-0.000103,0.034797,-0.000031,-0.005645,-0.037326,-0.000000,-0.001015,1.570002,-0.300000,1.000000,1.100000,0.000000,0.000000,-1.571000,-0.299998,1.000103,1.065203,1.491597
0.248000,-0.000002,-0.000105,0.034797,-0.000031,-0.005645,-0.037326,-0.000000,-0.001015,1.570002,-0.300000,1.000000,1.100000,0.000000,0.000000,-1.571000,-0.299998,1.000105,1.065203,1.491599
0.250000,-0.000002,-0.000107,0.034797,-0.000031,-0.005645,-0.037326,-0.000000,-0.001015,1.570002,-0.300000,1.000000,1.100000,0.000000,0.000000,-1.571000,-0.299998,1.000107,1.065203,1.491600
0.252000,-0.000002,-0.000108,0.034797,-0.000031,-0.005645,-0.037326,-0.000000,-0.001015,1.570002,-0.300000,1.000000,1.100000,0.000000,0.000000,-1.571000,-0.299998,1.000108,1.065203,1.491601
0.254000,-0.000002,-0.000110,0.034797,-0.000031,-0.005645,-0.037326,-0.000000,-0.001015,1.570002,-0.300000,1.000000,1.100000,0.000000,0.000000,-1.571000,-0.299998,1.000110,1.065203,1.491602
0.256000,-0.000002,-0.000112,0.034797,-0.000031,-0.005645,-0.037326,-0.000000,-0.001015,1.570002,-0.300000,1.000000,1.100000,0.000000,0.000000,-1.571000,-0.299998,1.000112,1.065203,1.491603
0.258000,-0.000002,-0.000113,0.034797,-0.000031,-0.005645,-0.037326,-0.000000,-0.001015,1.570002,-0.300000,1.000000,1.100000,0.000000,0.000000,-1.571000,-0.299998,1.000113,1.065203,1.491604
0.260000,-0.000002,-0.000115,0.034797,-0.000031,-0.005645,-0.037326,-0.000000,-0.001015,1.570002,-0.300000,1.000000,1.100000,0.000000,0.000000,-1.571000,-0.299998,1.000115,1.065203,1.491605
0.262000,-0.000002,-0.000117,0.034797,-0.000031,-0.005645,-0.037326,-0.000000,-0.001015,1.570002,-0.300000,1.000000,1.100000,0.000000,0.000000,-1.571000,-0.299998,1.000117,1.065203,1.491606
0.264000,-0.000002,-0.000118,0.034797,-0.000031,-0.005645,-0.037326,-0.000000,-0.001015,1.570002,-0.300000,1.000000,1.100000,0.000000,0.000000,-1.571000,-0.299998,1.000118,1.065203,1.491607
0.266000,-0.000002,-0.000120,0.034797,-0.000031,-0.005645,-0.037326,-0.000000,-0.001015,1.570002,-0.300000,1.000000,1.100000,0.000000,0.000000,-1.571000,-0.299998,1.000120,1.065203,1.491609
0.268000,-0.000002,-0.000122,0.034797,-0.000031,-0.005645,-0.037326,-0.000000,-0.001015,1.570002,-0.300000,1.000000,1.100000,0.000000,0.000000,-1.571000,-0.299998,1.000122,1.065203,1.491610
0.270000,-0.000002,-0.000124,0.034797,-0.000031,-0.005645,-0.037326,-0.000000,-0.001015,1.570002,-0.300000,1.000000,1.100000,0.000000,0.000000,-1.571000,-0.299998,1.000124,1.065203,1.491611
0.272000,-0.000002,-0.000125,0.034797,-0.000031,-0.005645,-0.037326,-0.000000,-0.001015,1.570002,-0.300000,1.000000,1.100000,0.000000,0.000000,-1.571000,-0.299998,1.000125,1.065203,1.491612
0.274000,-0.000002,-0.000127,0.034797,-0.000031,-0.005645,-0.037326,-0.000000,-0.001015,1.570002,-0.300000,1.000000,1.100000,0.000000,0.000000,-1.571000,-0.299998,1.000127,1.065203,1.491613
0.276000,-0.000002,-0.000129,0.034797,-0.000031,-0.005645,-0.037326,-0.000000,-0.001015,1.570002,-0.300000,1.000000,1.100000,0.000000,0.000000,-1.571000,-0.299998,1.000129,1.065203,1.491614
0.278000,-0.000003,-0.000130,0.034797,-0.000031,-0.005645,-0.037326,-0.000000,-0.001015,1.570002,-0.300000,1.000000,1.100000,0.000000,0.000000,-1.571000,-0.299997,1.000130,1.065203,1.491615
0.280000,-0.000003,-0.000132,0.034797,-0.000031,-0.005645,-0.037326,-0.000000,-0.001015,1.570002,-0.300000,1.000000,1.100000,0.000000,0.000000,-1.571000,-0.299997,1.000132,1.065203,1.491616
0.282000,-0.000003,-0.000134,0.034797,-0.000031,-0.005645,-0.037326,-0.000000,-0.001015,1.570002,-0.300000,1.000000,1.100000,0.000000,0.000000,-1.571000,-0.299997,1.000134,1.065203,1.491617
0.284000,-0.000003,-0.000135,0.034797,-0.000031,-0.005645,-0.037326,-0.000000,-0.001015,1.570002,-0.300000,1.000000,1.100000,0.000000,0.000000,-1.571000,-0.299997,1.000135,1.065203,1.491619
0.286000,-0.000003,-0.000137,0.034797,-0.000031,-0.005645,-0.037326,-0.000000,-0.001015,1.570002,-0.300000,1.000000,1.100000,0.000000,0.000000,-1.571000,-0.299997,1.000137,1.065203,1.491620
0.288000,-0.000003,-0.000139,0.034797,-0.000031,-0.005645,-0.037326,-0.000000,-0.001015,1.570002,-0.300000,1.000000,1.100000,0.000000,0.000000,-1.571000,-0.299997,1.000139,1.065203,1.491621
0.290000,-0.000003,-0.000140,0.034797,-0.000031,-0.005645,-0.037326,-0.000000,-0.001015,1.570002,-0.300000,1.000000,1.100000,0.000000,0.000000,-1.571000,-0.299997,1.000140,1.065203,1.491622
0.292000,-0.000003,-0.000142,0.034797,-0.000031,-0.005645,-0.037326,-0.000000,-0.001015,1.570002,-0.300000,1.000000,1.100000,0.000000,0.000000,-1.571000,-0.299997,1.000142,1.065203,1.491623
0.294000,-0.000003,-0.000144,0.034797,-0.000031,-0.005645,-0.037326,-0.000000,-0.001015,1.570002,-0.300000,1.000000,1.100000,0.000000,0.000000,-1.571000,-0.299997,1.000144,1.065203,1.491624
0.296000,-0.000003,-0.000145,0.034797,-0.000031,-0.005645,-0.037326,-0.000000,-0.001015,1.570003,-0.300000,1.000000,1.100000,0.000000,0.000000,-1.571000,-0.299997,1.000145,1.065203,1.491625
0.298000,-0.000003,-0.000147,0.034797,-0.000031,-0.005645,-0.037326,-0.000000,-0.001015,1.570003,-0.300000,1.000000,1.100000,0.000000,0.000000,-1.571000,-0.299997,1.000147,1.065203,1.491626
0.300000,-0.000003,-0.000149,0.034797,-0.000031,-0.005645,-0.037326,-0.000000,-0.001015,1.570003,-0.300000,1.000000,1.100000,0.000000,0.000000,-1.571000,-0.299997,1.000149,1.065203,1.491628
0.302000,-0.000003,-0.000150,0.034797,-0.000031,-0.005645,-0.037326,-0.000000,-0.001015,1.570003,-0.300000,1.000000,1.100000,0.000000,0.000000,-1.571000,-0.299997,1.000150,1.065203,1.491629
0.304000,-0.000003,-0.000152,0.034797,-0.000031,-0.005645,-0.037326,-0.000000,-0.001015,1.570003,-0.300000,1.000000,1.100000,0.000000,0.000000,-1.571000,-0.299997,1.000152,1.065203,1.491630
0.306000,-0.000003,-0.000154,0.034797,-0.000031,-0.005645,-0.037326,-0.000000,-0.001015,1.570003,-0.300000,1.000000,1.100000,0.000000,0.000000,-1.571000,-0.299997,1.000154,1.065203,1.491631
0.308000,-0.000003,-0.000155,0.034797,-0.000031,-0.005645,-0.037326,-0.000000,-0.001015,1.570003,-0.300000,1.000000,1.100000,0.000000,0.000000,-1.571000,-0.299997,1.000155,1.065203,1.491632
0.310000,-0.000003,-0.000157,0.034797,-0.000031,-0.005645,-0.037326,-0.000000,-0.001015,1.570003,-0.300000,1.000000,1.100000,0.000000,0.000000,-1.571000,-0.299997,1.000157,1.065203,1.491633
0.312000,-0.000003,-0.000159,0.034797,-0.000031,-0.005645,-0.037326,-0.000000,-0.001015,1.570003,-0.300000,1.000000,1.100000,0.000000,0.000000,-1.571000,-0.299997,1.000159,1.065203,1.491634
0.314000,-0.000003,-0.000160,0.034797,-0.000031,-0.005645,-0.037326,-0.000000,-0.001015,1.570003,-0.300000,1.000000,1.100000,0.000000,0.000000,-1.571000,-0.299997,1.000160,1.065203,1.491635
0.316000,-0.000003,-0.000162,0.034797,-0.000031,-0.005645,-0.037326,-0.000000,-0.001015,1.570003,-0.300000,1.000000,1.100000,0.000000,0.000000,-1.571000,-0.299997,1.000162,1.065203,1.491636
0.318000,-0.000003,-0.000164,0.034797,-0.000031,-0.005645,-0.037326,-0.000000,-0.001015,1.570003,-0.300000,1.000000,1.100000,0.000000,0.000000,-1.571000,-0.299997,1.000164,1.065203,1.491638
0.320000,-0.000003,-0.000165,0.034797,-0.000031,-0.005645,-0.037326,-0.000000,-0.001015,1.570003,-0.300000,1.000000,1.100000,0.000000,0.000000,-1.571000,-0.299997,1.000165,1.065203,1.491639
0.322000,-0.000004,-0.000167,0.034797,-0.000031,-0.005645,-0.037326,-0.000000,-0.001015,1.570003,-0.300000,1.000000,1.100000,0.000000,0.000000,-1.571000,-0.299996,1.000167,1.065203,1.491640
0.324000,-0.000004,-0.000169,0.034797,-0.000031,-0.005645,-0.037326,-0.000000,-0.001015,1.570003,-0.300000,1.000000,1.100000,0.000000,0.000000,-1.571000,-0.299996,1.000169,1.065203,1.491641
0.326000,-0.000004,-0.000170,0.034797,-0.000031,-0.005645,-0.037326,-0.000000,-0.001015,1.570003,-0.300000,1.000000,1.100000,0.000000,0.000000,-1.571000,-0.299996,1.000170,1.065203,1.491642
0.328000,-0.000004,-0.000172,0.034797,-0.000031,-0.005645,-0.037326,-0.000000,-0.001015,1.570003,-0.300000,1.000000,1.100000,0.000000,0.000000,-1.571000,-0.299996,1.000172,1.065203,1.491643
0.330000,-0.000004,-0.000174,0.034797,-0.000031,-0.005645,-0.037326,-0.000000,-0.001015,1.570003,-0.300000,1.000000,1.100000,0.000000,0.000000,-1.571000,-0.299996,1.000174,1.065203,1.491644
0.332000,-0.000004,-0.000175,0.034797,-0.000031,-0.005645,-0.037326,-0.000000,-0.001015,1.570003,-0.300000,1.000000,1.100000,0.000000,0.000000,-1.571000,-0.299996,1.000175,1.065203,1.491645
0.334000,-0.000004,-0.000177,0.034797,-0.000031,-0.005645,-0.037326,-0.000000,-0.001015,1.570003,-0.300000,1.000000,1.100000,0.000000,0.000000,-1.571000,-0.299996,1.000177,1.065203,1.491646
0.336000,-0.000004,-0.000179,0.034797,-0.000031,-0.005645,-0.037326,-0.000000,-0.001015,1.570003,-0.300000,1.000000,1.100000,0.000000,0.000000,-1.571000,-0.299996,1.000179,1.065203,1.491648
0.338000,-0.000004,-0.000180,0.034797,-0.000031,-0.005645,-0.037326,-0.000000,-0.001015,1.570003,-0.300000,1.000000,1.100000,0.000000,0.000000,-1.571000,-0.299996,1.000180,1.065203,1.491649
0.340000,-0.000004,-0.000182,0.034797,-0.000031,-0.005645,-0.037326,-0.000000,-0.001015,1.570003,-0.300000,1.000000,1.100000,0.000000,0.000000,-1.571000,-0.299996,1.000182,1.065203,1.491650
0.342000,-0.000004,-0.000184,0.034797,-0.000031,-0.005645,-0.037326,-0.000000,-0.001015,1.570003,-0.300000,1.000000,1.100000,0.000000,0.000000,-1.571000,-0.299996,1.000184,1.065203,1.491651
0.344000,-0.000004,-0.000185,0.034797,-0.000031,-0.005645,-0.037326,-0.000000,-0.001015,1.570003,-0.300000,1.000000,1.100000,0.000000,0.000000,-1.571000,-0.299996,1.000185,1.065203,1.491652
0.346000,-0.000004,-0.000187,0.034797,-0.000031,-0.005645,-0.037326,-0.000000,-0.001015,1.570003,-0.300000,1.000000,1.100000,0.000000,0.000000,-1.571000,-0.299996,1.000187,1.065203,1.491653
0.348000,-0.000004,-0.000189,0.034797,-0.000031,-0.005645,-0.037326,-0.000000,-0.001015,1.570004,-0.300000,1.000000,1.100000,0.000000,0.000000,-1.571000,-0.299996,1.000189,1.065203,1.491654
0.350000,-0.000004,-0.000190,0.034797,-0.000031,-0.005645,-0.037326,-0.000000,-0.001015,1.570004,-0.300000,1.000000,1.100000,0.000000,0.000000,-1.571000,-0.299996,1.000190,1.065203,1.491655
0.352000,-0.000004,-0.000192,0.034797,-0.000031,-0.005645,-0.037326,-0.000000,-0.001015,1.570004,-0.300000,1.000000,1.100000,0.000000,0.000000,-1.571000,-0.299996,1.000192,1.065203,1.491656
0.354000,-0.000004,-0.000194,0.034797,-0.000031,-0.005645,-0.037326,-0.000000,-0.001015,1.570004,-0.300000,1.000000,1.100000,0.000000,0.000000,-1.571000,-0.299996,1.000194,1.065203,1.491658
0.356000,-0.000004,-0.000196,0.034797,-0.000031,-0.005645,-0.037326,-0.000000,-0.001015,1.570004,-0.300000,1.000000,1.100000,0.000000,0.000000,-1.571000,-0.299996,1.000196,1.065203,1.491659
0.358000,-0.000004,-0.000197,0.034797,-0.000031,-0.005645,-0.037326,-0.000000,-0.001015,1.570004,-0.300000,1.000000,1.100000,0.000000,0.000000,-1.571000,-0.299996,1.000197,1.065203,1.491660
0.360000,-0.000004,-0.000199,0.034797,-0.000031,-0.005645,-0.037326,-0.000000,-0.001015,1.570004,-0.300000,1.000000,1.100000,0.000000,0.000000,-1.571000,-0.299996,1.000199,1.065203,1.491661
0.362000,-0.000004,-0.000201,0.034797,-0.000031,-0.005645,-0.037326,-0.000000,-0.001015,1.570004,-0.300000,1.000000,1.100000,0.000000,0.000000,-1.571000,-0.299996,1.000201,1.065203,1.491662
0.364000,-0.000004,-0.000202,0.034797,-0.000031,-0.005645,-0.037326,-0.000000,-0.001015,1.570004,-0.300000,1.000000,1.100000,0.000000,0.000000,-1.571000,-0.299996,1.000202,1.065203,1.491663
0.366000,-0.000004,-0.000204,0.034797,-0.000031,-0.005645,-0.037326,-0.000000,-0.001015,1.570004,-0.300000,1.000000,1.100000,0.000000,0.000000,-1.571000,-0.299996,1.000204,1.065203,1.491664
0.368000,-0.000005,-0.000206,0.034797,-0.000031,-0.005645,-0.037326,-0.000000,-0.001015,1.570004,-0.300000,1.000000,1.100000,0.000000,0.000000,-1.571000,-0.299995,1.000206,1.065203,1.491665
0.370000,-0.000005,-0.000207,0.034797,-0.000031,-0.005645,-0.037326,-0.000000,-0.001015,1.570004,-0.300000,1.000000,1.100000,0.000000,0.000000,-1.571000,-0.299995,1.000207,1.065203,1.491667
0.372000,-0.000005,-0.000209,0.034797,-0.000031,-0.005645,-0.037326,-0.000000,-0.001015,1.570004,-0.300000,1.000000,1.100000,0.000000,0.000000,-1.571000,-0.299995,1.000209,1.065203,1.491668
0.374000,-0.000005,-0.000211,0.034797,-0.000031,-0.005645,-0.037326,-0.000000,-0.001015,1.570004,-0.300000,1.000000,1.100000,0.000000,0.000000,-1.571000,-0.299995,1.000211,1.065203,1.491669
0.376000,-0.000005,-0.000212,0.034797,-0.000031,-0.005645,-0.037326,-0.000000,-0.001015,1.570004,-0.300000,1.000000,1.100000,0.000000,0.000000,-1.571000,-0.299995,1.000212,1.065203,1.491670
0.378000,-0.000005,-0.000214,0.034797,-0.000031,-0.005645,-0.037326,-0.000000,-0.001015,1.570004,-0.300000,1.000000,1.100000,0.000000,0.000000,-1.571000,-0.299995,1.000214,1.065203,1.491671
0.380000,-0.000005,-0.000216,0.034797,-0.000031,-0.005645,-0.037326,-0.000000,-0.001015,1.570004,-0.300000,1.000000,1.100000,0.000000,0.000000,-1.571000,-0.299995,1.000216,1.065203,1.491672
0.382000,-0.000005,-0.000217,0.034797,-0.000031,-0.005645,-0.037326,-0.000000,-0.001015,1.570004,-0.300000,1.000000,1.100000,0.000000,0.000000,-1.571000,-0.299995,1.000217,1.065203,1.491673
0.384000,-0.000005,-0.000219,0.034797,-0.000031,-0.005645,-0.037326,-0.000000,-0.001015,1.570004,-0.300000,1.000000,1.100000,0.000000,0.000000,-1.571000,-0.299995,1.000219,1.065203,1.491674
0.386000,-0.000005,-0.000221,0.034797,-0.000031,-0.005645,-0.037326,-0.000000,-0.001015,1.570004,-0.300000,1.000000,1.100000,0.000000,0.000000,-1.571000,-0.299995,1.000221,1.065203,1.491675
0.388000,-0.000005,-0.000222,0.034797,-0.000031,-0.005645,-0.037326,-0.000000,-0.001015,1.570004,-0.300000,1.000000,1.100000,0.000000,0.000000,-1.571000,-0.299995,1.000222,1.065203,1.491677
0.390000,-0.000005,-0.000224,0.034797,-0.000031,-0.005645,-0.037326,-0.000000,-0.001015,1.570004,-0.300000,1.000000,1.100000,0.000000,0.000000,-1.571000,-0.299995,1.000224,1.065203,1.491678
0.392000,-0.000005,-0.000226,0.034797,-0.000031,-0.005645,-0.037326,-0.000000,-0.001015,1.570004,-0.300000,1.000000,1.100000,0.000000,0.000000,-1.571000,-0.299995,1.000226,1.065203,1.491679
0.394000,-0.000005,-0.000227,0.034797,-0.000031,-0.005645,-0.037326,-0.000000,-0.001015,1.570004,-0.300000,1.000000,1.100000,0.000000,0.000000,-1.571000,-0.299995,1.000227,1.065203,1.491680
0.396000,-0.000005,-0.000229,0.034797,-0.000031,-0.005645,-0.037326,-0.000000,-0.001015,1.570004,-0.300000,1.000000,1.100000,0.000000,0.000000,-1.571000,-0.299995,1.000229,1.065203,1.491681
0.398000,-0.000005,-0.000231,0.034797,-0.000031,-0.005645,-0.037326,-0.000000,-0.001015,1.570005,-0.300000,1.000000,1.100000,0.000000,0.000000,-1.571000,-0.299995,1.000231,1.065203,1.491682
0.400000,-0.000005,-0.000232,0.034797,-0.000031,-0.005645,-0.037326,-0.000000,-0.001015,1.570005,-0.300000,1.000000,1.100000,0.000000,0.000000,-1.571000,-0.299995,1.000232,1.065203,1.491683
0.402000,-0.000005,-0.000234,0.034797,-0.000031,-0.005645,-0.037326,-0.000000,-0.001015,1.570005,-0.300000,1.000000,1.100000,0.000000,0.000000,-1.571000,-0.299995,1.000234,1.065203,1.491684
0.404000,-0.000005,-0.000236,0.034797,-0.000031,-0.005645,-0.037326,-0.000000,-0.001015,1.570005,-0.300000,1.000000,1.100000,0.000000,0.000000,-1.571000,-0.299995,1.000236,1.065203,1.491685
0.406000,-0.000005,-0.000237,0.034797,-0.000031,-0.005645,-0.037326,-0.000000,-0.001015,1.570005,-0.300000,1.000000,1.100000,0.000000,0.000000,-1.571000,-0.299995,1.000237,1.065203,1.491687
0.408000,-0.000005,-0.000239,0.034797,-0.000031,-0.005645,-0.037326,-0.000000,-0.001015,1.570005,-0.300000,1.000000,1.100000,0.000000,0.000000,-1.571000,-0.299995,1.000239,1.065203,1.491688
0.410000,-0.000005,-0.000241,0.034797,-0.000031,-0.005645,-0.037326,-0.000000,-0.001015,1.570005,-0.300000,1.000000,1.100000,0.000000,0.000000,-1.571000,-0.299995,1.000241,1.065203,1.491689
0.412000,-0.000006,-0.000242,0.034797,-0.000031,-0.005645,-0.037326,-0.000000,-0.001015,1.570005,-0.300000,1.000000,1.100000,0.000000,0.000000,-1.571000,-0.299994,1.000242,1.065203,1.491690
0.414000,-0.000006,-0.000244,0.034797,-0.000031,-0.005645,-0.037326,-0.000000,-0.001015,1.570005,-0.300000,1.000000,1.100000,0.000000,0.000000,-1.571000,-0.299994,1.000244,1.065203,1.491691
0.416000,-0.000006,-0.000246,0.034797,-0.000031,-0.005645,-0.037326,-0.000000,-0.001015,1.570005,-0.300000,1.000000,1.100000,0.000000,0.000000,-1.571000,-0.299994,1.000246,1.065203,1.491692
0.418000,-0.000006,-0.000247,0.034797,-0.000031,-0.005645,-0.037326,-0.000000,-0.001015,1.570005,-0.300000,1.000000,1.100000,0.000000,0.000000,-1.571000,-0.299994,1.000247,1.065203,1.491693
0.420000,-0.000006,-0.000249,0.034797,-0.000031,-0.005645,-0.037326,-0.000000,-0.001015,1.570005,-0.300000,1.000000,1.100000,0.000000,0.000000,-1.571000,-0.299994,1.000249,1.065203,1.491694
0.422000,-0.000006,-0.000251,0.034797,-0.000031,-0.005645,-0.037326,-0.000000,-0.001015,1.570005,-0.300000,1.000000,1.100000,0.000000,0.000000,-1.571000,-0.299994,1.000251,1.065203,1.491695
0.424000,-0.000006,-0.000252,0.034797,-0.000031,-0.005645,-0.037326,-0.000000,-0.001015,1.570005,-0.300000,1.000000,1.100000,0.000000,0.000000,-1.571000,-0.299994,1.000252,1.065203,1.491697
0.426000,-0.000006,-0.000254,0.034797,-0.000031,-0.005645,-0.037326,-0.000000,-0.001015,1.570005,-0.300000,1.000000,1.100000,0.000000,0.000000,-1.571000,-0.299994,1.000254,1.065203,1.491698
0.428000,-0.000006,-0.000256,0.034797,-0.000031,-0.005645,-0.037326,-0.000000,-0.001015,1.570005,-0.300000,1.000000,1.100000,0.000000,0.000000,-1.571000,-0.299994,1.000256,1.065203,1.491699
0.430000,-0.000006,-0.000257,0.034797,-0.000031,-0.005645,-0.037326,-0.000000,-0.001015,1.570005,-0.300000,1.000000,1.100000,0.000000,0.000000,-1.571000,-0.299994,1.000257,1.065203,1.491700
0.432000,-0.000006,-0.000259,0.034797,-0.000031,-0.005645,-0.037326,-0.000000,-0.001015,1.570005,-0.300000,1.000000,1.100000,0.000000,0.000000,-1.571000,-0.299994,1.000259,1.065203,1.491701
0.434000,-0.000006,-0.000261,0.034797,-0.000031,-0.005645,-0.037326,-0.000000,-0.001015,1.570005,-0.300000,1.000000,1.100000,0.000000,0.000000,-1.571000,-0.299994,1.000261,1.065203,1.491702
0.436000,-0.000006,-0.000263,0.034797,-0.000031,-0.005645,-0.037326,-0.000000,-0.001015,1.570005,-0.300000,1.000000,1.100000,0.000000,0.000000,-1.571000,-0.299994,1.000263,1.065203,1.491703
0.438000,-0.000006,-0.000264,0.034797,-0.000031,-0.005645,-0.037326,-0.000000,-0.001015,1.570005,-0.300000,1.000000,1.100000,0.000000,0.000000,-1.571000,-0.299994,1.000264,1.065203,1.491704
0.440000,-0.000006,-0.000266,0.034797,-0.000031,-0.005645,-0.037326,-0.000000,-0.001015,1.570005,-0.300000,1.000000,1.100000,0.000000,0.000000,-1.571000,-0.299994,1.000266,1.065203,1.491705
0.442000,-0.000006,-0.000268,0.034797,-0.000031,-0.005645,-0.037326,-0.000000,-0.001015,1.570005,-0.300000,1.000000,1.100000,0.000000,0.000000,-1.571000,-0.299994,1.000268,1.065203,1.491707
0.444000,-0.000006,-0.000269,0.034797,-0.000031,-0.005645,-0.037326,-0.000000,-0.001015,1.570005,-0.300000,1.000000,1.100000,0.000000,0.000000,-1.571000,-0.299994,1.000269,1.065203,1.491708
0.446000,-0.000006,-0.000271,0.034797,-0.000031,-0.005645,-0.037326,-0.000000,-0.001015,1.570005,-0.300000,1.000000,1.100000,0.000000,0.000000,-1.571000,-0.299994,1.000271,1.065203,1.491709
0.448000,-0.000006,-0.000273,0.034797,-0.000031,-0.005645,-0.037326,-0.000000,-0.001015,1.570006,-0.300000,1.000000,1.100000,0.000000,0.000000,-1.571000,-0.299994,1.000273,1.065203,1.491710
0.450000,-0.000006,-0.000274,0.034797,-0.000031,-0.005645,-0.037326,-0.000000,-0.001015,1.570006,-0.300000,1.000000,1.100000,0.000000,0.000000,-1.571000,-0.299994,1.000274,1.065203,1.491711
0.452000,-0.000006,-0.000276,0.034797,-0.000031,-0.005645,-0.037326,-0.000000,-0.001015,1.570006,-0.300000,1.000000,1.100000,0.000000,0.000000,-1.571000,-0.299994,1.000276,1.065203,1.491712
0.454000,-0.000006,-0.000278,0.034797,-0.000031,-0.005645,-0.037326,-0.000000,-0.001015,1.570006,-0.300000,1.000000,1.100000,0.000000,0.000000,-1.571000,-0.299994,1.000278,1.065203,1.491713
0.456000,-0.000006,-0.000279,0.034797,-0.000031,-0.005645,-0.037326,-0.000000,-0.001015,1.570006,-0.300000,1.000000,1.100000,0.000000,0.000000,-1.571000,-0.299994,1.000279,1.065203,1.491714
0.458000,-0.000007,-0.000281,0.034797,-0.000031,-0.005645,-0.037326,-0.000000,-0.001015,1.570006,-0.300000,1.000000,1.100000,0.000000,0.000000,-1.571000,-0.299993,1.000281,1.065203,1.491716
0.460000,-0.000007,-0.000283,0.034797,-0.000031,-0.005645,-0.037326,-0.000000,-0.001015,1.570006,-0.300000,1.000000,1.100000,0.000000,0.000000,-1.571000,-0.299993,1.000283,1.065203,1.491717
0.462000,-0.000007,-0.000284,0.034797,-0.000031,-0.005645,-0.037326,-0.000000,-0.001015,1.570006,-0.300000,1.000000,1.100000,0.000000,0.000000,-1.571000,-0.299993,1.000284,1.065203,1.491718
0.464000,-0.000007,-0.000286,0.034797,-0.000031,-0.005645,-0.037326,-0.000000,-0.001015,1.570006,-0.300000,1.000000,1.100000,0.000000,0.000000,-1.571000,-0.299993,1.000286,1.065203,1.491719
0.466000,-0.000007,-0.000288,0.034797,-0.000031,-0.005645,-0.037326,-0.000000,-0.001015,1.570006,-0.300000,1.000000,1.100000,0.000000,0.000000,-1.571000,-0.299993,1.000288,1.065203,1.491720
0.468000,-0.000007,-0.000289,0.034797,-0.000031,-0.005645,-0.037326,-0.000000,-0.001015,1.570006,-0.300000,1.000000,1.100000,0.000000,0.000000,-1.571000,-0.299993,1.000289,1.065203,1.491721
0.470000,-0.000007,-0.000291,0.034797,-0.000031,-0.005645,-0.037326,-0.000000,-0.001015,1.570006,-0.300000,1.000000,1.100000,0.000000,0.000000,-1.571000,-0.299993,1.000291,1.065203,1.491722
0.472000,-0.000007,-0.000293,0.034797,-0.000031,-0.005645,-0.037326,-0.000000,-0.001015,1.570006,-0.300000,1.000000,1.100000,0.000000,0.000000,-1.571000,-0.299993,1.000293,1.065203,1.491723
0.474000,-0.000007,-0.000294,0.034797,-0.000031,-0.005645,-0.037326,-0.000000,-0.001015,1.570006,-0.300000,1.000000,1.100000,0.000000,0.000000,-1.571000,-0.299993,1.000294,1.065203,1.491724
0.476000,-0.000007,-0.000296,0.034797,-0.000031,-0.005645,-0.037326,-0.000000,-0.001015,1.570006,-0.300000,1.000000,1.100000,0.000000,0.000000,-1.571000,-0.299993,1.000296,1.065203,1.491726
0.478000,-0.000007,-0.000298,0.034797,-0.000031,-0.005645,-0.037326,-0.000000,-0.001015,1.570006,-0.300000,1.000000,1.100000,0.000000,0.000000,-1.571000,-0.299993,1.000298,1.065203,1.491727
0.480000,-0.000007,-0.000299,0.034797,-0.000031,-0.005645,-0.037326,-0.000000,-0.001015,1.570006,-0.300000,1.000000,1.100000,0.000000,0.000000,-1.571000,-0.299993,1.000299,1.065203,1.491728
0.482000,-0.000007,-0.000301,0.034797,-0.000031,-0.005645,-0.037326,-0.000000,-0.001015,1.570006,-0.300000,1.000000,1.100000,0.000000,0.000000,-1.571000,-0.299993,1.000301,1.065203,1.491729
0.484000,-0.000007,-0.000303,0.034797,-0.000031,-0.005645,-0.037326,-0.000000,-0.001015,1.570006,-0.300000,1.000000,1.100000,0.000000,0.000000,-1.571000,-0.299993,1.000303,1.065203,1.491730
0.486000,-0.000007,-0.000304,0.034797,-0.000031,-0.005645,-0.037326,-0.000000,-0.001015,1.570006,-0.300000,1.000000,1.100000,0.000000,0.000000,-1.571000,-0.299993,1.000304,1.065203,1.491731
0.488000,-0.000007,-0.000306,0.034797,-0.000031,-0.005645,-0.037326,-0.000000,-0.001015,1.570006,-0.300000,1.000000,1.100000,0.000000,0.000000,-1.571000,-0.299993,1.000306,1.065203,1.491732
0.490000,-0.000007,-0.000308,0.034797,-0.000031,-0.005645,-0.037326,-0.000000,-0.001015,1.570006,-0.300000,1.000000,1.100000,0.000000,0.000000,-1.571000,-0.299993,1.000308,1.065203,1.491733
0.492000,-0.000007,-0.000309,0.034797,-0.000031,-0.005645,-0.037326,-0.000000,-0.001015,1.570006,-0.300000,1.000000,1.100000,0.000000,0.000000,-1.571000,-0.299993,1.000309,1.065203,1.491734
0.494000,-0.000007,-0.000311,0.034797,-0.000031,-0.005645,-0.037326,-0.000000,-0.001015,1.570006,-0.300000,1.000000,1.100000,0.000000,0.000000,-1.571000,-0.299993,1.000311,1.065203,1.491736
0.496000,-0.000007,-0.000313,0.034797,-0.000031,-0.005645,-0.037326,-0.000000,-0.001015,1.570006,-0.300000,1.000000,1.100000,0.000000,0.000000,-1.571000,-0.299993,1.000313,1.065203,1.491737
0.498000,-0.000007,-0.000314,0.034797,-0.000031,-0.005645,-0.037326,-0.000000,-0.001015,1.570007,-0.300000,1.000000,1.100000,0.000000,0.000000,-1.571000,-0.299993,1.000314,1.065203,1.491738
0.500000,-0.000007,-0.000316,0.034797,-0.000031,-0.005645,-0.037326,-0.000000,-0.001015,1.570007,-0.300000,1.000000,1.100000,0.000000,0.000000,-1.571000,-0.299993,1.000316,1.065203,1.491739
0.502000,-0.000008,-0.000318,0.034797,-0.000031,-0.005645,-0.037326,-0.000000,-0.001015,1.570007,-0.300000,1.000000,1.100000,0.000000,0.000000,-1.571000,-0.299992,1.000318,1.065203,1.491740
0.504000,-0.000008,-0.000319,0.034797,-0.000031,-0.005645,-0.037326,-0.000000,-0.001015,1.570007,-0.300000,1.000000,1.100000,0.000000,0.000000,-1.571000,-0.299992,1.000319,1.065203,1.491741
0.506000,-0.000008,-0.000321,0.034797,-0.000031,-0.005645,-0.037326,-0.000000,-0.001015,1.570007,-0.300000,1.000000,1.100000,0.000000,0.000000,-1.571000,-0.299992,1.000321,1.065203,1.491742
0.508000,-0.000008,-0.000323,0.034797,-0.000031,-0.005645,-0.037326,-0.000000,-0.001015,1.570007,-0.300000,1.000000,1.100000,0.000000,0.000000,-1.571000,-0.299992,1.000323,1.065203,1.491743
0.510000,-0.000008,-0.000324,0.034797,-0.000031,-0.005645,-0.037326,-0.000000,-0.001015,1.570007,-0.300000,1.000000,1.100000,0.000000,0.000000,-1.571000,-0.299992,1.000324,1.065203,1.491744
0.512000,-0.000008,-0.000326,0.034797,-0.000031,-0.005645,-0.037326,-0.000000,-0.001015,1.570007,-0.300000,1.000000,1.100000,0.000000,0.000000,-1.571000,-0.299992,1.000326,1.065203,1.491746
0.514000,-0.000008,-0.000328,0.034797,-0.000031,-0.005645,-0.037326,-0.000000,-0.001015,1.570007,-0.300000,1.000000,1.100000,0.000000,0.000000,-1.571000,-0.299992,1.000328,1.065203,1.491747
0.516000,-0.000008,-0.000329,0.034797,-0.000031,-0.005645,-0.037326,-0.000000,-0.001015,1.570007,-0.300000,1.000000,1.100000,0.000000,0.000000,-1.571000,-0.299992,1.000329,1.065203,1.491748
0.518000,-0.000008,-0.000331,0.034797,-0.000031,-0.005645,-0.037326,-0.000000,-0.001015,1.570007,-0.300000,1.000000,1.100000,0.000000,0.000000,-1.571000,-0.299992,1.000331,1.065203,1.491749
0.520000,-0.000008,-0.000333,0.034797,-0.000031,-0.005645,-0.037326,-0.000000,-0.001015,1.570007,-0.300000,1.000000,1.100000,0.000000,0.000000,-1.571000,-0.299992,1.000333,1.065203,1.491750
0.522000,-0.000008,-0.000335,0.034797,-0.000031,-0.005645,-0.037326,-0.000000,-0.001015,1.570007,-0.300000,1.000000,1.100000,0.000000,0.000000,-1.571000,-0.299992,1.000335,1.065203,1.491751
0.524000,-0.000008,-0.000336,0.034797,-0.000031,-0.005645,-0.037326,-0.000000,-0.001015,1.570007,-0.300000,1.000000,1.100000,0.000000,0.000000,-1.571000,-0.299992,1.000336,1.065203,1.491752
0.526000,-0.000008,-0.000338,0.034797,-0.000031,-0.005645,-0.037326,-0.000000,-0.001015,1.570007,-0.300000,1.000000,1.100000,0.000000,0.000000,-1.571000,-0.299992,1.000338,1.065203,1.491753
0.528000,-0.000008,-0.000340,0.034797,-0.000031,-0.005645,-0.037326,-0.000000,-0.001015,1.570007,-0.300000,1.000000,1.100000,0.000000,0.000000,-1.571000,-0.299992,1.000340,1.065203,1.491755
0.530000,-0.000008,-0.000341,0.034797,-0.000031,-0.005645,-0.037326,-0.000000,-0.001015,1.570007,-0.300000,1.000000,1.100000,0.000000,0.000000,-1.571000,-0.299992,1.000341,1.065203,1.491756
0.532000,-0.000008,-0.000343,0.034797,-0.000031,-0.005645,-0.037326,-0.000000,-0.001015,1.570007,-0.300000,1.000000,1.100000,0.000000,0.000000,-1.571000,-0.299992,1.000343,1.065203,1.491757
0.534000,-0.000008,-0.000345,0.034797,-0.000031,-0.005645,-0.037326,-0.000000,-0.001015,1.570007,-0.300000,1.000000,1.100000,0.000000,0.000000,-1.571000,-0.299992,1.000345,1.065203,1.491758
0.536000,-0.000008,-0.000346,0.034797,-0.000031,-0.005645,-0.037326,-0.000000,-0.001015,1.570007,-0.300000,1.000000,1.100000,0.000000,0.000000,-1.571000,-0.299992,1.000346,1.065203,1.491759
0.538000,-0.000008,-0.000348,0.034797,-0.000031,-0.005645,-0.037326,-0.000000,-0.001015,1.570007,-0.300000,1.000000,1.100000,0.000000,0.000000,-1.571000,-0.299992,1.000348,1.065203,1.491760
0.540000,-0.000008,-0.000350,0.034797,-0.000031,-0.005645,-0.037326,-0.000000,-0.001015,1.570007,-0.300000,1.000000,1.100000,0.000000,0.000000,-1.571000,-0.299992,1.000350,1.065203,1.491761
0.542000,-0.000008,-0.000351,0.034797,-0.000031,-0.005645,-0.037326,-0.000000,-0.001015,1.570007,-0.300000,1.000000,1.100000,0.000000,0.000000,-1.571000,-0.299992,1.000351,1.065203,1.491762
0.544000,-0.000008,-0.000353,0.034797,-0.000031,-0.005645,-0.037326,-0.000000,-0.001015,1.570007,-0.300000,1.000000,1.100000,0.000000,0.000000,-1.571000,-0.299992,1.000353,1.065203,1.491763
0.546000,-0.000009,-0.000355,0.034797,-0.000031,-0.005645,-0.037326,-0.000000,-0.001015,1.570007,-0.300000,1.000000,1.100000,0.000000,0.000000,-1.571000,-0.299991,1.000355,1.065203,1.491765
0.548000,-0.000009,-0.000356,0.034797,-0.000031,-0.005645,-0.037326,-0.000000,-0.001015,1.570007,-0.300000,1.000000,1.100000,0.000000,0.000000,-1.571000,-0.299991,1.000356,1.065203,1.491766
0.550000,-0.000009,-0.000358,0.034797,-0.000031,-0.005645,-0.037326,-0.000000,-0.001015,1.570008,-0.300000,1.000000,1.100000,0.000000,0.000000,-1.571000,-0.299991,1.000358,1.065203,1.491767
0.552000,-0.000009,-0.000360,0.034797,-0.000031,-0.005645,-0.037326,-0.000000,-0.001015,1.570008,-0.300000,1.000000,1.100000,0.000000,0.000000,-1.571000,-0.299991,1.000360,1.065203,1.491768
0.554000,-0.000009,-0.000361,0.034797,-0.000031,-0.005645,-0.037326,-0.000000,-0.001015,1.570008,-0.300000,1.000000,1.100000,0.000000,0.000000,-1.571000,-0.299991,1.000361,1.065203,1.491769
0.556000,-0.000009,-0.000363,0.034797,-0.000031,-0.005645,-0.037326,-0.000000,-0.001015,1.570008,-0.300000,1.000000,1.100000,0.000000,0.000000,-1.571000,-0.299991,1.000363,1.065203,1.491770
0.558000,-0.000009,-0.000365,0.034797,-0.000031,-0.005645,-0.037326,-0.000000,-0.001015,1.570008,-0.300000,1.000000,1.100000,0.000000,0.000000,-1.571000,-0.299991,1.000365,1.065203,1.491771
0.560000,-0.000009,-0.000366,0.034797,-0.000031,-0.005645,-0.037326,-0.000000,-0.001015,1.570008,-0.300000,1.000000,1.100000,0.000000,0.000000,-1.571000,-0.299991,1.000366,1.065203,1.491772
0.562000,-0.000009,-0.000368,0.034797,-0.000031,-0.005645,-0.037326,-0.000000,-0.001015,1.570008,-0.300000,1.000000,1.100000,0.000000,0.000000,-1.571000,-0.299991,1.000368,1.065203,1.491773
0.564000,-0.000009,-0.000370,0.034797,-0.000031,-0.005645,-0.037326,-0.000000,-0.001015,1.570008,-0.300000,1.000000,1.100000,0.000000,0.000000,-1.571000,-0.299991,1.000370,1.065203,1.491775
0.566000,-0.000009,-0.000371,0.034797,-0.000031,-0.005645,-0.037326,-0.000000,-0.001015,1.570008,-0.300000,1.000000,1.100000,0.000000,0.000000,-1.571000,-0.299991,1.000371,1.065203,1.491776
0.568000,-0.000009,-0.000373,0.034797,-0.000031,-0.005645,-0.037326,-0.000000,-0.001015,1.570008,-0.300000,1.000000,1.100000,0.000000,0.000000,-1.571000,-0.299991,1.000373,1.065203,1.491777
0.570000,-0.000009,-0.000375,0.034797,-0.000031,-0.005645,-0.037326,-0.000000,-0.001015,1.570008,-0.300000,1.000000,1.100000,0.000000,0.000000,-1.571000,-0.299991,1.000375,1.065203,1.491778
0.572000,-0.000009,-0.000376,0.034797,-0.000031,-0.005645,-0.037326,-0.000000,-0.001015,1.570008,-0.300000,1.000000,1.100000,0.000000,0.000000,-1.571000,-0.299991,1.000376,1.065203,1.491779
0.574000,-0.000009,-0.000378,0.034797,-0.000031,-0.005645,-0.037326,-0.000000,-0.001015,1.570008,-0.300000,1.000000,1.100000,0.000000,0.000000,-1.571000,-0.299991,1.000378,1.065203,1.491780
0.576000,-0.000009,-0.000380,0.034797,-0.000031,-0.005645,-0.037326,-0.000000,-0.001015,1.570008,-0.300000,1.000000,1.100000,0.000000,0.000000,-1.571000,-0.299991,1.000380,1.065203,1.491781
0.578000,-0.000009,-0.000381,0.034797,-0.000031,-0.005645,-0.037326,-0.000000,-0.001015,1.570008,-0.300000,1.000000,1.100000,0.000000,0.000000,-1.571000,-0.299991,1.000381,1.065203,1.491782
0.580000,-0.000009,-0.000383,0.034797,-0.000031,-0.005645,-0.037326,-0.000000,-0.001015,1.570008,-0.300000,1.000000,1.100000,0.000000,0.000000,-1.571000,-0.299991,1.000383,1.065203,1.491783
0.582000,-0.000009,-0.000385,0.034797,-0.000031,-0.005645,-0.037326,-0.000000,-0.001015,1.570008,-0.300000,1.000000,1.100000,0.000000,0.000000,-1.571000,-0.299991,1.000385,1.065203,1.491785
0.584000,-0.000009,-0.000386,0.034797,-0.000031,-0.005645,-0.037326,-0.000000,-0.001015,1.570008,-0.300000,1.000000,1.100000,0.000000,0.000000,-1.571000,-0.299991,1.000386,1.065203,1.491786
0.586000,-0.000009,-0.000388,0.034797,-0.000031,-0.005645,-0.037326,-0.000000,-0.001015,1.570008,-0.300000,1.000000,1.100000,0.000000,0.000000,-1.571000,-0.299991,1.000388,1.065203,1.491787
0.588000,-0.000009,-0.000390,0.034797,-0.000031,-0.005645,-0.037326,-0.000000,-0.001015,1.570008,-0.300000,1.000000,1.100000,0.000000,0.000000,-1.571000,-0.299991,1.000390,1.065203,1.491788
0.590000,-0.000009,-0.000391,0.034797,-0.000031,-0.005645,-0.037326,-0.000000,-0.001015,1.570008,-0.300000,1.000000,1.100000,0.000000,0.000000,-1.571000,-0.299991,1.000391,1.065203,1.491789
0.592000,-0.000010,-0.000393,0.034797,-0.000031,-0.005645,-0.037326,-0.000000,-0.001015,1.570008,-0.300000,1.000000,1.100000,0.000000,0.000000,-1.571000,-0.299990,1.000393,1.065203,1.491790
0.594000,-0.000010,-0.000395,0.034797,-0.000031,-0.005645,-0.037326,-0.000000,-0.001015,1.570008,-0.300000,1.000000,1.100000,0.000000,0.000000,-1.571000,-0.299990,1.000395,1.065203,1.491791
0.596000,-0.000010,-0.000396,0.034797,-0.000031,-0.005645,-0.037326,-0.000000,-0.001015,1.570008,-0.300000,1.000000,1.100000,0.000000,0.000000,-1.571000,-0.299990,1.000396,1.065203,1.491792
0.598000,-0.000010,-0.000398,0.034797,-0.000031,-0.005645,-0.037326,-0.000000,-0.001015,1.570008,-0.300000,1.000000,1.100000,0.000000,0.000000,-1.571000,-0.299990,1.000398,1.065203,1.491794
0.600000,-0.000010,-0.000400,0.034797,-0.000031,-0.005645,-0.037326,-0.000000,-0.001015,1.570009,-0.300000,1.000000,1.100000,0.000000,0.000000,-1.571000,-0.299990,1.000400,1.065203,1.491795
0.602000,-0.000010,-0.000402,0.034797,-0.000031,-0.005645,-0.037326,-0.000000,-0.001015,1.570009,-0.300000,1.000000,1.100000,0.000000,0.000000,-1.571000,-0.299990,1.000402,1.065203,1.491796
0.604000,-0.000010,-0.000403,0.034797,-0.000031,-0.005645,-0.037326,-0.000000,-0.001015,1.570009,-0.300000,1.000000,1.100000,0.000000,0.000000,-1.571000,-0.299990,1.000403,1.065203,1.491797
0.606000,-0.000010,-0.000405,0.034797,-0.000031,-0.005645,-0.037326,-0.000000,-0.001015,1.570009,-0.300000,1.000000,1.100000,0.000000,0.000000,-1.571000,-0.299990,1.000405,1.065203,1.491798
0.608000,-0.000010,-0.000407,0.034797,-0.000031,-0.005645,-0.037326,-0.000000,-0.001015,1.570009,-0.300000,1.000000,1.100000,0.000000,0.000000,-1.571000,-0.299990,1.000407,1.065203,1.491799
0.610000,-0.000010,-0.000408,0.034797,-0.000031,-0.005645,-0.037326,-0.000000,-0.001015,1.570009,-0.300000,1.000000,1.100000,0.000000,0.000000,-1.571000,-0.299990,1.000408,1.065203,1.491800
0.612000,-0.000010,-0.000410,0.034797,-0.000031,-0.005645,-0.037326,-0.000000,-0.001015,1.570009,-0.300000,1.000000,1.100000,0.000000,0.000000,-1.571000,-0.299990,1.000410,1.065203,1.491801
0.614000,-0.000010,-0.000412,0.034797,-0.000031,-0.005645,-0.037326,-0.000000,-0.001015,1.570009,-0.300000,1.000000,1.100000,0.000000,0.000000,-1.571000,-0.299990,1.000412,1.065203,1.491802
0.616000,-0.000010,-0.000413,0.034797,-0.000031,-0.005645,-0.037326,-0.000000,-0.001015,1.570009,-0.300000,1.000000,1.100000,0.000000,0.000000,-1.571000,-0.299990,1.000413,1.065203,1.491804
0.618000,-0.000010,-0.000415,0.034797,-0.000031,-0.005645,-0.037326,-0.000000,-0.001015,1.570009,-0.300000,1.000000,1.100000,0.000000,0.000000,-1.571000,-0.299990,1.000415,1.065203,1.491805
0.620000,-0.000010,-0.000417,0.034797,-0.000031,-0.005645,-0.037326,-0.000000,-0.001015,1.570009,-0.300000,1.000000,1.100000,0.000000,0.000000,-1.571000,-0.299990,1.000417,1.065203,1.491806
0.622000,-0.000010,-0.000418,0.034797,-0.000031,-0.005645,-0.037326,-0.000000,-0.001015,1.570009,-0.300000,1.000000,1.100000,0.000000,0.000000,-1.571000,-0.299990,1.000418,1.065203,1.491807
0.624000,-0.000010,-0.000420,0.034797,-0.000031,-0.005645,-0.037326,-0.000000,-0.001015,1.570009,-0.300000,1.000000,1.100000,0.000000,0.000000,-1.571000,-0.299990,1.000420,1.065203,1.491808
0.626000,-0.000010,-0.000422,0.034797,-0.000031,-0.005645,-0.037326,-0.000000,-0.001015,1.570009,-0.300000,1.000000,1.100000,0.000000,0.000000,-1.571000,-0.299990,1.000422,1.065203,1.491809
0.628000,-0.000010,-0.000423,0.034797,-0.000031,-0.005645,-0.037326,-0.000000,-0.001015,1.570009,-0.300000,1.000000,1.100000,0.000000,0.000000,-1.571000,-0.299990,1.000423,1.065203,1.491810
0.630000,-0.000010,-0.000425,0.034797,-0.000031,-0.005645,-0.037326,-0.000000,-0.001015,1.570009,-0.300000,1.000000,1.100000,0.000000,0.000000,-1.571000,-0.299990,1.000425,1.065203,1.491811
0.632000,-0.000010,-0.000427,0.034797,-0.000031,-0.005645,-0.037326,-0.000000,-0.001015,1.570009,-0.300000,1.000000,1.100000,0.000000,0.000000,-1.571000,-0.299990,1.000427,1.065203,1.491812
0.634000,-0.000010,-0.000428,0.034797,-0.000031,-0.005645,-0.037326,-0.000000,-0.001015,1.570009,-0.300000,1.000000,1.100000,0.000000,0.000000,-1.571000,-0.299990,1.000428,1.065203,1.491814
0.636000,-0.000011,-0.000430,0.034797,-0.000031,-0.005645,-0.037326,-0.000000,-0.001015,1.570009,-0.300000,1.000000,1.100000,0.000000,0.000000,-1.571000,-0.299989,1.000430,1.065203,1.491815
0.638000,-0.000011,-0.000432,0.034797,-0.000031,-0.005645,-0.037326,-0.000000,-0.001015,1.570009,-0.300000,1.000000,1.100000,0.000000,0.000000,-1.571000,-0.299989,1.000432,1.065203,1.491816
0.640000,-0.000011,-0.000433,0.034797,-0.000031,-0.005645,-0.037326,-0.000000,-0.001015,1.570009,-0.300000,1.000000,1.100000,0.000000,0.000000,-1.571000,-0.299989,1.000433,1.065203,1.491817
0.642000,-0.000011,-0.000435,0.034797,-0.000031,-0.005645,-0.037326,-0.000000,-0.001015,1.570009,-0.300000,1.000000,1.100000,0.000000,0.000000,-1.571000,-0.299989,1.000435,1.065203,1.491818
0.644000,-0.000011,-0.000437,0.034797,-0.000031,-0.005645,-0.037326,-0.000000,-0.001015,1.570009,-0.300000,1.000000,1.100000,0.000000,0.000000,-1.571000,-0.299989,1.000437,1.065203,1.491819
0.646000,-0.000011,-0.000438,0.034797,-0.000031,-0.005645,-0.037326,-0.000000,-0.001015,1.570009,-0.300000,1.000000,1.100000,0.000000,0.000000,-1.571000,-0.299989,1.000438,1.065203,1.491820
0.648000,-0.000011,-0.000440,0.034797,-0.000031,-0.005645,-0.037326,-0.000000,-0.001015,1.570009,-0.300000,1.000000,1.100000,0.000000,0.000000,-1.571000,-0.299989,1.000440,1.065203,1.491821
0.650000,-0.000011,-0.000442,0.034797,-0.000031,-0.005645,-0.037326,-0.000000,-0.001015,1.570010,-0.300000,1.000000,1.100000,0.000000,0.000000,-1.571000,-0.299989,1.000442,1.065203,1.491822
0.652000,-0.000011,-0.000443,0.034797,-0.000031,-0.005645,-0.037326,-0.000000,-0.001015,1.570010,-0.300000,1.000000,1.100000,0.000000,0.000000,-1.571000,-0.299989,1.000443,1.065203,1.491824
0.654000,-0.000011,-0.000445,0.034797,-0.000031,-0.005645,-0.037326,-0.000000,-0.001015,1.570010,-0.300000,1.000000,1.100000,0.000000,0.000000,-1.571000,-0.299989,1.000445,1.065203,1.491825
0.656000,-0.000011,-0.000447,0.034797,-0.000031,-0.005645,-0.037326,-0.000000,-0.001015,1.570010,-0.300000,1.000000,1.100000,0.000000,0.000000,-1.571000,-0.299989,1.000447,1.065203,1.491826
0.658000,-0.000011,-0.000448,0.034797,-0.000031,-0.005645,-0.037326,-0.000000,-0.001015,1.570010,-0.300000,1.000000,1.100000,0.000000,0.000000,-1.571000,-0.299989,1.000448,1.065203,1.491827
0.660000,-0.000011,-0.000450,0.034797,-0.000031,-0.005645,-0.037326,-0.000000,-0.001015,1.570010,-0.300000,1.000000,1.100000,0.000000,0.000000,-1.571000,-0.299989,1.000450,1.065203,1.491828
0.662000,-0.000011,-0.000452,0.034797,-0.000031,-0.005645,-0.037326,-0.000000,-0.001015,1.570010,-0.300000,1.000000,1.100000,0.000000,0.000000,-1.571000,-0.299989,1.000452,1.065203,1.491829
0.664000,-0.000011,-0.000453,0.034797,-0.000031,-0.005645,-0.037326,-0.000000,-0.001015,1.570010,-0.300000,1.000000,1.100000,0.000000,0.000000,-1.571000,-0.299989,1.000453,1.065203,1.491830
0.666000,-0.000011,-0.000455,0.034797,-0.000031,-0.005645,-0.037326,-0.000000,-0.001015,1.570010,-0.300000,1.000000,1.100000,0.000000,0.000000,-1.571000,-0.299989,1.000455,1.065203,1.491831
0.668000,-0.000011,-0.000457,0.034797,-0.000031,-0.005645,-0.037326,-0.000000,-0.001015,1.570010,-0.300000,1.000000,1.100000,0.000000,0.000000,-1.571000,-0.299989,1.000457,1.065203,1.491833
0.670000,-0.000011,-0.000458,0.034797,-0.000031,-0.005645,-0.037326,-0.000000,-0.001015,1.570010,-0.300000,1.000000,1.100000,0.000000,0.000000,-1.571000,-0.299989,1.000458,1.065203,1.491834
0.672000,-0.000011,-0.000460,0.034797,-0.000031,-0.005645,-0.037326,-0.000000,-0.001015,1.570010,-0.300000,1.000000,1.100000,0.000000,0.000000,-1.571000,-0.299989,1.000460,1.065203,1.491835
0.674000,-0.000011,-0.000462,0.034797,-0.000031,-0.005645,-0.037326,-0.000000,-0.001015,1.570010,-0.300000,1.000000,1.100000,0.000000,0.000000,-1.571000,-0.299989,1.000462,1.065203,1.491836
0.676000,-0.000011,-0.000463,0.034797,-0.000031,-0.005645,-0.037326,-0.000000,-0.001015,1.570010,-0.300000,1.000000,1.100000,0.000000,0.000000,-1.571000,-0.299989,1.000463,1.065203,1.491837
0.678000,-0.000011,-0.000465,0.034797,-0.000031,-0.005645,-0.037326,-0.000000,-0.001015,1.570010,-0.300000,1.000000,1.100000,0.000000,0.000000,-1.571000,-0.299989,1.000465,1.065203,1.491838
0.680000,-0.000011,-0.000467,0.034797,-0.000031,-0.005645,-0.037326,-0.000000,-0.001015,1.570010,-0.300000,1.000000,1.100000,0.000000,0.000000,-1.571000,-0.299989,1.000467,1.065203,1.491839
0.682000,-0.000012,-0.000468,0.034797,-0.000031,-0.005645,-0.037326,-0.000000,-0.001015,1.570010,-0.300000,1.000000,1.100000,0.000000,0.000000,-1.571000,-0.299988,1.000468,1.065203,1.491840
0.684000,-0.000012,-0.000470,0.034797,-0.000031,-0.005645,-0.037326,-0.000000,-0.001015,1.570010,-0.300000,1.000000,1.100000,0.000000,0.000000,-1.571000,-0.299988,1.000470,1.065203,1.491841
0.686000,-0.000012,-0.000472,0.034797,-0.000031,-0.005645,-0.037326,-0.000000,-0.001015,1.570010,-0.300000,1.000000,1.100000,0.000000,0.000000,-1.571000,-0.299988,1.000472,1.065203,1.491843
0.688000,-0.000012,-0.000474,0.034797,-0.000031,-0.005645,-0.037326,-0.000000,-0.001015,1.570010,-0.300000,1.000000,1.100000,0.000000,0.000000,-1.571000,-0.299988,1.000474,1.065203,1.491844
0.690000,-0.000012,-0.000475,0.034797,-0.000031,-0.005645,-0.037326,-0.000000,-0.001015,1.570010,-0.300000,1.000000,1.100000,0.000000,0.000000,-1.571000,-0.299988,1.000475,1.065203,1.491845
0.692000,-0.000012,-0.000477,0.034797,-0.000031,-0.005645,-0.037326,-0.000000,-0.001015,1.570010,-0.300000,1.000000,1.100000,0.000000,0.000000,-1.571000,-0.299988,1.000477,1.065203,1.491846
0.694000,-0.000012,-0.000479,0.034797,-0.000031,-0.005645,-0.037326,-0.000000,-0.001015,1.570010,-0.300000,1.000000,1.100000,0.000000,0.000000,-1.571000,-0.299988,1.000479,1.065203,1.491847
0.696000,-0.000012,-0.000480,0.034797,-0.000031,-0.005645,-0.037326,-0.000000,-0.001015,1.570010,-0.300000,1.000000,1.100000,0.000000,0.000000,-1.571000,-0.299988,1.000480,1.065203,1.491848
0.698000,-0.000012,-0.000482,0.034797,-0.000031,-0.005645,-0.037326,-0.000000,-0.001015,1.570010,-0.300000,1.000000,1.100000,0.000000,0.000000,-1.571000,-0.299988,1.000482,1.065203,1.491849
0.700000,-0.000012,-0.000484,0.034797,-0.000031,-0.005645,-0.037326,-0.000000,-0.001015,1.570011,-0.300000,1.000000,1.100000,0.000000,0.000000,-1.571000,-0.299988,1.000484,1.065203,1.491850
0.702000,-0.000012,-0.000485,0.034797,-0.000031,-0.005645,-0.037326,-0.000000,-0.001015,1.570011,-0.300000,1.000000,1.100000,0.000000,0.000000,-1.571000,-0.299988,1.000485,1.065203,1.491851
0.704000,-0.000012,-0.000487,0.034797,-0.000031,-0.005645,-0.037326,-0.000000,-0.001015,1.570011,-0.300000,1.000000,1.100000,0.000000,0.000000,-1.571000,-0.299988,1.000487,1.065203,1.491853
0.706000,-0.000012,-0.000489,0.034797,-0.000031,-0.005645,-0.037326,-0.000000,-0.001015,1.570011,-0.300000,1.000000,1.100000,0.000000,0.000000,-1.571000,-0.299988,1.000489,1.065203,1.491854
0.708000,-0.000012,-0.000490,0.034797,-0.000031,-0.005645,-0.037326,-0.000000,-0.001015,1.570011,-0.300000,1.000000,1.100000,0.000000,0.000000,-1.571000,-0.299988,1.000490,1.065203,1.491855
0.710000,-0.000012,-0.000492,0.034797,-0.000031,-0.005645,-0.037326,-0.000000,-0.001015,1.570011,-0.300000,1.000000,1.100000,0.000000,0.000000,-1.571000,-0.299988,1.000492,1.065203,1.491856
0.712000,-0.000012,-0.000494,0.034797,-0.000031,-0.005645,-0.037326,-0.000000,-0.001015,1.570011,-0.300000,1.000000,1.100000,0.000000,0.000000,-1.571000,-0.299988,1.000494,1.065203,1.491857
0.714000,-0.000012,-0.000495,0.034797,-0.000031,-0.005645,-0.037326,-0.000000,-0.001015,1.570011,-0.300000,1.000000,1.100000,0.000000,0.000000,-1.571000,-0.299988,1.000495,1.065203,1.491858
0.716000,-0.000012,-0.000497,0.034797,-0.000031,-0.005645,-0.037326,-0.000000,-0.001015,1.570011,-0.300000,1.000000,1.100000,0.000000,0.000000,-1.571000,-0.299988,1.000497,1.065203,1.491859
0.718000,-0.000012,-0.000499,0.034797,-0.000031,-0.005645,-0.037326,-0.000000,-0.001015,1.570011,-0.300000,1.000000,1.100000,0.000000,0.000000,-1.571000,-0.299988,1.000499,1.065203,1.491860
0.720000,-0.000012,-0.000500,0.034797,-0.000031,-0.005645,-0.037326,-0.000000,-0.001015,1.570011,-0.300000,1.000000,1.100000,0.000000,0.000000,-1.571000,-0.299988,1.000500,1.065203,1.491861
0.722000,-0.000012,-0.000502,0.034797,-0.000031,-0.005645,-0.037326,-0.000000,-0.001015,1.570011,-0.300000,1.000000,1.100000,0.000000,0.000000,-1.571000,-0.299988,1.000502,1.065203,1.491863
0.724000,-0.000012,-0.000504,0.034797,-0.000031,-0.005645,-0.037326,-0.000000,-0.001015,1.570011,-0.300000,1.000000,1.100000,0.000000,0.000000,-1.571000,-0.299988,1.000504,1.065203,1.491864
0.726000,-0.000013,-0.000505,0.034797,-0.000031,-0.005645,-0.037326,-0.000000,-0.001015,1.570011,-0.300000,1.000000,1.100000,0.000000,0.000000,-1.571000,-0.299987,1.000505,1.065203,1.491865
0.728000,-0.000013,-0.000507,0.034797,-0.000031,-0.005645,-0.037326,-0.000000,-0.001015,1.570011,-0.300000,1.000000,1.100000,0.000000,0.000000,-1.571000,-0.299987,1.000507,1.065203,1.491866
0.730000,-0.000013,-0.000509,0.034797,-0.000031,-0.005645,-0.037326,-0.000000,-0.001015,1.570011,-0.300000,1.000000,1.100000,0.000000,0.000000,-1.571000,-0.299987,1.000509,1.065203,1.491867
0.732000,-0.000013,-0.000510,0.034797,-0.000031,-0.005645,-0.037326,-0.000000,-0.001015,1.570011,-0.300000,1.000000,1.100000,0.000000,0.000000,-1.571000,-0.299987,1.000510,1.065203,1.491868
0.734000,-0.000013,-0.000512,0.034797,-0.000031,-0.005645,-0.037326,-0.000000,-0.001015,1.570011,-0.300000,1.000000,1.100000,0.000000,0.000000,-1.571000,-0.299987,1.000512,1.065203,1.491869
0.736000,-0.000013,-0.000514,0.034797,-0.000031,-0.005645,-0.037326,-0.000000,-0.001015,1.570011,-0.300000,1.000000,1.100000,0.000000,0.000000,-1.571000,-0.299987,1.000514,1.065203,1.491870
0.738000,-0.000013,-0.000515,0.034797,-0.000031,-0.005645,-0.037326,-0.000000,-0.001015,1.570011,-0.300000,1.000000,1.100000,0.000000,0.000000,-1.571000,-0.299987,1.000515,1.065203,1.491871
0.740000,-0.000013,-0.000517,0.034797,-0.000031,-0.005645,-0.037326,-0.000000,-0.001015,1.570011,-0.300000,1.000000,1.100000,0.000000,0.000000,-1.571000,-0.299987,1.000517,1.065203,1.491873
0.742000,-0.000013,-0.000519,0.034797,-0.000031,-0.005645,-0.037326,-0.000000,-0.001015,1.570011,-0.300000,1.000000,1.100000,0.000000,0.000000,-1.571000,-0.299987,1.000519,1.065203,1.491874
0.744000,-0.000013,-0.000520,0.034797,-0.000031,-0.005645,-0.037326,-0.000000,-0.001015,1.570011,-0.300000,1.000000,1.100000,0.000000,0.000000,-1.571000,-0.299987,1.000520,1.065203,1.491875
0.746000,-0.000013,-0.000522,0.034797,-0.000031,-0.005645,-0.037326,-0.000000,-0.001015,1.570011,-0.300000,1.000000,1.100000,0.000000,0.000000,-1.571000,-0.299987,1.000522,1.065203,1.491876
0.748000,-0.000013,-0.000524,0.034797,-0.000031,-0.005645,-0.037326,-0.000000,-0.001015,1.570011,-0.300000,1.000000,1.100000,0.000000,0.000000,-1.571000,-0.299987,1.000524,1.065203,1.491877
0.750000,-0.000013,-0.000525,0.034797,-0.000031,-0.005645,-0.037326,-0.000000,-0.001015,1.570011,-0.300000,1.000000,1.100000,0.000000,0.000000,-1.571000,-0.299987,1.000525,1.065203,1.491878
0.752000,-0.000013,-0.000527,0.034797,-0.000031,-0.005645,-0.037326,-0.000000,-0.001015,1.570012,-0.300000,1.000000,1.100000,0.000000,0.000000,-1.571000,-0.299987,1.000527,1.065203,1.491879
0.754000,-0.000013,-0.000529,0.034797,-0.000031,-0.005645,-0.037326,-0.000000,-0.001015,1.570012,-0.300000,1.000000,1.100000,0.000000,0.000000,-1.571000,-0.299987,1.000529,1.065203,1.491880
0.756000,-0.000013,-0.000530,0.034797,-0.000031,-0.005645,-0.037326,-0.000000,-0.001015,1.570012,-0.300000,1.000000,1.100000,0.000000,0.000000,-1.571000,-0.299987,1.000530,1.065203,1.491882
0.758000,-0.000013,-0.000532,0.034797,-0.000031,-0.005645,-0.037326,-0.000000,-0.001015,1.570012,-0.300000,1.000000,1.100000,0.000000,0.000000,-1.571000,-0.299987,1.000532,1.065203,1.491883
0.760000,-0.000013,-0.000534,0.034797,-0.000031,-0.005645,-0.037326,-0.000000,-0.001015,1.570012,-0.300000,1.000000,1.100000,0.000000,0.000000,-1.571000,-0.299987,1.000534,1.065203,1.491884
0.762000,-0.000013,-0.000535,0.034797,-0.000031,-0.005645,-0.037326,-0.000000,-0.001015,1.570012,-0.300000,1.000000,1.100000,0.000000,0.000000,-1.571000,-0.299987,1.000535,1.065203,1.491885
0.764000,-0.000013,-0.000537,0.034797,-0.000031,-0.005645,-0.037326,-0.000000,-0.001015,1.570012,-0.300000,1.000000,1.100000,0.000000,0.000000,-1.571000,-0.299987,1.000537,1.065203,1.491886
0.766000,-0.000013,-0.000539,0.034797,-0.000031,-0.005645,-0.037326,-0.000000,-0.001015,1.570012,-0.300000,1.000000,1.100000,0.000000,0.000000,-1.571000,-0.299987,1.000539,1.065203,1.491887
0.768000,-0.000013,-0.000541,0.034797,-0.000031,-0.005645,-0.037326,-0.000000,-0.001015,1.570012,-0.300000,1.000000,1.100000,0.000000,0.000000,-1.571000,-0.299987,1.000541,1.065203,1.491888
0.770000,-0.000014,-0.000542,0.034797,-0.000031,-0.005645,-0.037326,-0.000000,-0.001015,1.570012,-0.300000,1.000000,1.100000,0.000000,0.000000,-1.571000,-0.299986,1.000542,1.065203,1.491889
0.772000,-0.000014,-0.000544,0.034797,-0.000031,-0.005645,-0.037326,-0.000000,-0.001015,1.570012,-0.300000,1.000000,1.100000,0.000000,0.000000,-1.571000,-0.299986,1.000544,1.065203,1.491890
0.774000,-0.000014,-0.000546,0.034797,-0.000031,-0.005645,-0.037326,-0.000000,-0.001015,1.570012,-0.300000,1.000000,1.100000,0.000000,0.000000,-1.571000,-0.299986,1.000546,1.065203,1.491892
0.776000,-0.000014,-0.000547,0.034797,-0.000031,-0.005645,-0.037326,-0.000000,-0.001015,1.570012,-0.300000,1.000000,1.100000,0.000000,0.000000,-1.571000,-0.299986,1.000547,1.065203,1.491893
0.778000,-0.000014,-0.000549,0.034797,-0.000031,-0.005645,-0.037326,-0.000000,-0.001015,1.570012,-0.300000,1.000000,1.100000,0.000000,0.000000,-1.571000,-0.299986,1.000549,1.065203,1.491894
0.780000,-0.000014,-0.000551,0.034797,-0.000031,-0.005645,-0.037326,-0.000000,-0.001015,1.570012,-0.300000,1.000000,1.100000,0.000000,0.000000,-1.571000,-0.299986,1.000551,1.065203,1.491895
0.782000,-0.000014,-0.000552,0.034797,-0.000031,-0.005645,-0.037326,-0.000000,-0.001015,1.570012,-0.300000,1.000000,1.100000,0.000000,0.000000,-1.571000,-0.299986,1.000552,1.065203,1.491896
0.784000,-0.000014,-0.000554,0.034797,-0.000031,-0.005645,-0.037326,-0.000000,-0.001015,1.570012,-0.300000,1.000000,1.100000,0.000000,0.000000,-1.571000,-0.299986,1.000554,1.065203,1.491897
0.786000,-0.000014,-0.000556,0.034797,-0.000031,-0.005645,-0.037326,-0.000000,-0.001015,1.570012,-0.300000,1.000000,1.100000,0.000000,0.000000,-1.571000,-0.299986,1.000556,1.065203,1.491898
0.788000,-0.000014,-0.000557,0.034797,-0.000031,-0.005645,-0.037326,-0.000000,-0.001015,1.570012,-0.300000,1.000000,1.100000,0.000000,0.000000,-1.571000,-0.299986,1.000557,1.065203,1.491899
0.790000,-0.000014,-0.000559,0.034797,-0.000031,-0.005645,-0.037326,-0.000000,-0.001015,1.570012,-0.300000,1.000000,1.100000,0.000000,0.000000,-1.571000,-0.299986,1.000559,1.065203,1.491900
0.792000,-0.000014,-0.000561,0.034797,-0.000031,-0.005645,-0.037326,-0.000000,-0.001015,1.570012,-0.300000,1.000000,1.100000,0.000000,0.000000,-1.571000,-0.299986,1.000561,1.065203,1.491902
0.794000,-0.000014,-0.000562,0.034797,-0.000031,-0.005645,-0.037326,-0.000000,-0.001015,1.570012,-0.300000,1.000000,1.100000,0.000000,0.000000,-1.571000,-0.299986,1.000562,1.065203,1.491903
0.796000,-0.000014,-0.000564,0.034797,-0.000031,-0.005645,-0.037326,-0.000000,-0.001015,1.570012,-0.300000,1.000000,1.100000,0.000000,0.000000,-1.571000,-0.299986,1.000564,1.065203,1.491904
0.798000,-0.000014,-0.000566,0.034797,-0.000031,-0.005645,-0.037326,-0.000000,-0.001015,1.570012,-0.300000,1.000000,1.100000,0.000000,0.000000,-1.571000,-0.299986,1.000566,1.065203,1.491905
0.800000,-0.000014,-0.000567,0.034797,-0.000031,-0.005645,-0.037326,-0.000000,-0.001015,1.570012,-0.300000,1.000000,1.100000,0.000000,0.000000,-1.571000,-0.299986,1.000567,1.065203,1.491906
0.802000,-0.000014,-0.000569,0.034797,-0.000031,-0.005645,-0.037326,-0.000000,-0.001015,1.570013,-0.300000,1.000000,1.100000,0.000000,0.000000,-1.571000,-0.299986,1.000569,1.065203,1.491907
0.804000,-0.000014,-0.000571,0.034797,-0.000031,-0.005645,-0.037326,-0.000000,-0.001015,1.570013,-0.300000,1.000000,1.100000,0.000000,0.000000,-1.571000,-0.299986,1.000571,1.065203,1.491908
0.806000,-0.000014,-0.000572,0.034797,-0.000031,-0.005645,-0.037326,-0.000000,-0.001015,1.570013,-0.300000,1.000000,1.100000,0.000000,0.000000,-1.571000,-0.299986,1.000572,1.065203,1.491909
0.808000,-0.000014,-0.000574,0.034797,-0.000031,-0.005645,-0.037326,-0.000000,-0.001015,1.570013,-0.300000,1.000000,1.100000,0.000000,0.000000,-1.571000,-0.299986,1.000574,1.065203,1.491910
0.810000,-0.000014,-0.000576,0.034797,-0.000031,-0.005645,-0.037326,-0.000000,-0.001015,1.570013,-0.300000,1.000000,1.100000,0.000000,0.000000,-1.571000,-0.299986,1.000576,1.065203,1.491912
0.812000,-0.000014,-0.000577,0.034797,-0.000031,-0.005645,-0.037326,-0.000000,-0.001015,1.570013,-0.300000,1.000000,1.100000,0.000000,0.000000,-1.571000,-0.299986,1.000577,1.065203,1.491913
0.814000,-0.000014,-0.000579,0.034797,-0.000031,-0.005645,-0.037326,-0.000000,-0.001015,1.570013,-0.300000,1.000000,1.100000,0.000000,0.000000,-1.571000,-0.299986,1.000579,1.065203,1.491914
0.816000,-0.000015,-0.000581,0.034797,-0.000031,-0.005645,-0.037326,-0.000000,-0.001015,1.570013,-0.300000,1.000000,1.100000,0.000000,0.000000,-1.571000,-0.299985,1.000581,1.065203,1.491915
0.818000,-0.000015,-0.000582,0.034797,-0.000031,-0.005645,-0.037326,-0.000000,-0.001015,1.570013,-0.300000,1.000000,1.100000,0.000000,0.000000,-1.571000,-0.299985,1.000582,1.065203,1.491916
0.820000,-0.000015,-0.000584,0.034797,-0.000031,-0.005645,-0.037326,-0.000000,-0.001015,1.570013,-0.300000,1.000000,1.100000,0.000000,0.000000,-1.571000,-0.299985,1.000584,1.065203,1.491917
0.822000,-0.000015,-0.000586,0.034797,-0.000031,-0.005645,-0.037326,-0.000000,-0.001015,1.570013,-0.300000,1.000000,1.100000,0.000000,0.000000,-1.571000,-0.299985,1.000586,1.065203,1.491918
0.824000,-0.000015,-0.000587,0.034797,-0.000031,-0.005645,-0.037326,-0.000000,-0.001015,1.570013,-0.300000,1.000000,1.100000,0.000000,0.000000,-1.571000,-0.299985,1.000587,1.065203,1.491919
0.826000,-0.000015,-0.000589,0.034797,-0.000031,-0.005645,-0.037326,-0.000000,-0.001015,1.570013,-0.300000,1.000000,1.100000,0.000000,0.000000,-1.571000,-0.299985,1.000589,1.065203,1.491921
0.828000,-0.000015,-0.000591,0.034797,-0.000031,-0.005645,-0.037326,-0.000000,-0.001015,1.570013,-0.300000,1.000000,1.100000,0.000000,0.000000,-1.571000,-0.299985,1.000591,1.065203,1.491922
0.830000,-0.000015,-0.000592,0.034797,-0.000031,-0.005645,-0.037326,-0.000000,-0.001015,1.570013,-0.300000,1.000000,1.100000,0.000000,0.000000,-1.571000,-0.299985,1.000592,1.065203,1.491923
0.832000,-0.000015,-0.000594,0.034797,-0.000031,-0.005645,-0.037326,-0.000000,-0.001015,1.570013,-0.300000,1.000000,1.100000,0.000000,0.000000,-1.571000,-0.299985,1.000594,1.065203,1.491924
0.834000,-0.000015,-0.000596,0.034797,-0.000031,-0.005645,-0.037326,-0.000000,-0.001015,1.570013,-0.300000,1.000000,1.100000,0.000000,0.000000,-1.571000,-0.299985,1.000596,1.065203,1.491925
0.836000,-0.000015,-0.000597,0.034797,-0.000031,-0.005645,-0.037326,-0.000000,-0.001015,1.570013,-0.300000,1.000000,1.100000,0.000000,0.000000,-1.571000,-0.299985,1.000597,1.065203,1.491926
0.838000,-0.000015,-0.000599,0.034797,-0.000031,-0.005645,-0.037326,-0.000000,-0.001015,1.570013,-0.300000,1.000000,1.100000,0.000000,0.000000,-1.571000,-0.299985,1.000599,1.065203,1.491927
0.840000,-0.000015,-0.000601,0.034797,-0.000031,-0.005645,-0.037326,-0.000000,-0.001015,1.570013,-0.300000,1.000000,1.100000,0.000000,0.000000,-1.571000,-0.299985,1.000601,1.065203,1.491928
0.842000,-0.000015,-0.000602,0.034797,-0.000031,-0.005645,-0.037326,-0.000000,-0.001015,1.570013,-0.300000,1.000000,1.100000,0.000000,0.000000,-1.571000,-0.299985,1.000602,1.065203,1.491929
0.844000,-0.000015,-0.000604,0.034797,-0.000031,-0.005645,-0.037326,-0.000000,-0.001015,1.570013,-0.300000,1.000000,1.100000,0.000000,0.000000,-1.571000,-0.299985,1.000604,1.065203,1.491931
0.846000,-0.000015,-0.000606,0.034797,-0.000031,-0.005645,-0.037326,-0.000000,-0.001015,1.570013,-0.300000,1.000000,1.100000,0.000000,0.000000,-1.571000,-0.299985,1.000606,1.065203,1.491932
0.848000,-0.000015,-0.000607,0.034797,-0.000031,-0.005645,-0.037326,-0.000000,-0.001015,1.570013,-0.300000,1.000000,1.100000,0.000000,0.000000,-1.571000,-0.299985,1.000607,1.065203,1.491933
0.850000,-0.000015,-0.000609,0.034797,-0.000031,-0.005645,-0.037326,-0.000000,-0.001015,1.570013,-0.300000,1.000000,1.100000,0.000000,0.000000,-1.571000,-0.299985,1.000609,1.065203,1.491934
0.852000,-0.000015,-0.000611,0.034797,-0.000031,-0.005645,-0.037326,-0.000000,-0.001015,1.570014,-0.300000,1.000000,1.100000,0.000000,0.000000,-1.571000,-0.299985,1.000611,1.065203,1.491935
0.854000,-0.000015,-0.000613,0.034797,-0.000031,-0.005645,-0.037326,-0.000000,-0.001015,1.570014,-0.300000,1.000000,1.100000,0.000000,0.000000,-1.571000,-0.299985,1.000613,1.065203,1.491936
0.856000,-0.000015,-0.000614,0.034797,-0.000031,-0.005645,-0.037326,-0.000000,-0.001015,1.570014,-0.300000,1.000000,1.100000,0.000000,0.000000,-1.571000,-0.299985,1.000614,1.065203,1.491937
0.858000,-0.000015,-0.000616,0.034797,-0.000031,-0.005645,-0.037326,-0.000000,-0.001015,1.570014,-0.300000,1.000000,1.100000,0.000000,0.000000,-1.571000,-0.299985,1.000616,1.065203,1.491938
0.860000,-0.000016,-0.000618,0.034797,-0.000031,-0.005645,-0.037326,-0.000000,-0.001015,1.570014,-0.300000,1.000000,1.100000,0.000000,0.000000,-1.571000,-0.299984,1.000618,1.065203,1.491939
0.862000,-0.000016,-0.000619,0.034797,-0.000031,-0.005645,-0.037326,-0.000000,-0.001015,1.570014,-0.300000,1.000000,1.100000,0.000000,0.000000,-1.571000,-0.299984,1.000619,1.065203,1.491941
0.864000,-0.000016,-0.000621,0.034797,-0.000031,-0.005645,-0.037326,-0.000000,-0.001015,1.570014,-0.300000,1.000000,1.100000,0.000000,0.000000,-1.571000,-0.299984,1.000621,1.065203,1.491942
0.866000,-0.000016,-0.000623,0.034797,-0.000031,-0.005645,-0.037326,-0.000000,-0.001015,1.570014,-0.300000,1.000000,1.100000,0.000000,0.000000,-1.571000,-0.299984,1.000623,1.065203,1.491943
0.868000,-0.000016,-0.000624,0.034797,-0.000031,-0.005645,-0.037326,-0.000000,-0.001015,1.570014,-0.300000,1.000000,1.100000,0.000000,0.000000,-1.571000,-0.299984,1.000624,1.065203,1.491944
0.870000,-0.000016,-0.000626,0.034797,-0.000031,-0.005645,-0.037326,-0.000000,-0.001015,1.570014,-0.300000,1.000000,1.100000,0.000000,0.000000,-1.571000,-0.299984,1.000626,1.065203,1.491945
0.872000,-0.000016,-0.000628,0.034797,-0.000031,-0.005645,-0.037326,-0.000000,-0.001015,1.570014,-0.300000,1.000000,1.100000,0.000000,0.000000,-1.571000,-0.299984,1.000628,1.065203,1.491946
0.874000,-0.000016,-0.000629,0.034797,-0.000031,-0.005645,-0.037326,-0.000000,-0.001015,1.570014,-0.300000,1.000000,1.100000,0.000000,0.000000,-1.571000,-0.299984,1.000629,1.065203,1.491947
0.876000,-0.000016,-0.000631,0.034797,-0.000031,-0.005645,-0.037326,-0.000000,-0.001015,1.570014,-0.300000,1.000000,1.100000,0.000000,0.000000,-1.571000,-0.299984,1.000631,1.065203,1.491948
0.878000,-0.000016,-0.000633,0.034797,-0.000031,-0.005645,-0.037326,-0.000000,-0.001015,1.570014,-0.300000,1.000000,1.100000,0.000000,0.000000,-1.571000,-0.299984,1.000633,1.065203,1.491949
0.880000,-0.000016,-0.000634,0.034797,-0.000031,-0.005645,-0.037326,-0.000000,-0.001015,1.570014,-0.300000,1.000000,1.100000,0.000000,0.000000,-1.571000,-0.299984,1.000634,1.065203,1.491951
0.882000,-0.000016,-0.000636,0.034797,-0.000031,-0.005645,-0.037326,-0.000000,-0.001015,1.570014,-0.300000,1.000000,1.100000,0.000000,0.000000,-1.571000,-0.299984,1.000636,1.065203,1.491952
0.884000,-0.000016,-0.000638,0.034797,-0.000031,-0.005645,-0.037326,-0.000000,-0.001015,1.570014,-0.300000,1.000000,1.100000,0.000000,0.000000,-1.571000,-0.299984,1.000638,1.065203,1.491953
0.886000,-0.000016,-0.000639,0.034797,-0.000031,-0.005645,-0.037326,-0.000000,-0.001015,1.570014,-0.300000,1.000000,1.100000,0.000000,0.000000,-1.571000,-0.299984,1.000639,1.065203,1.491954
0.888000,-0.000016,-0.000641,0.034797,-0.000031,-0.005645,-0.037326,-0.000000,-0.001015,1.570014,-0.300000,1.000000,1.100000,0.000000,0.000000,-1.571000,-0.299984,1.000641,1.065203,1.491955
0.890000,-0.000016,-0.000643,0.034797,-0.000031,-0.005645,-0.037326,-0.000000,-0.001015,1.570014,-0.300000,1.000000,1.100000,0.000000,0.000000,-1.571000,-0.299984,1.000643,1.065203,1.491956
0.892000,-0.000016,-0.000644,0.034797,-0.000031,-0.005645,-0.037326,-0.000000,-0.001015,1.570014,-0.300000,1.000000,1.100000,0.000000,0.000000,-1.571000,-0.299984,1.000644,1.065203,1.491957
0.894000,-0.000016,-0.000646,0.034797,-0.000031,-0.005645,-0.037326,-0.000000,-0.001015,1.570014,-0.300000,1.000000,1.100000,0.000000,0.000000,-1.571000,-0.299984,1.000646,1.065203,1.491958
0.896000,-0.000016,-0.000648,0.034797,-0.000031,-0.005645,-0.037326,-0.000000,-0.001015,1.570014,-0.300000,1.000000,1.100000,0.000000,0.000000,-1.571000,-0.299984,1.000648,1.065203,1.491960
0.898000,-0.000016,-0.000649,0.034797,-0.000031,-0.005645,-0.037326,-0.000000,-0.001015,1.570014,-0.300000,1.000000,1.100000,0.000000,0.000000,-1.571000,-0.299984,1.000649,1.065203,1.491961
0.900000,-0.000016,-0.000651,0.034797,-0.000031,-0.005645,-0.037326,-0.000000,-0.001015,1.570014,-0.300000,1.000000,1.100000,0.000000,0.000000,-1.571000,-0.299984,1.000651,1.065203,1.491962
0.902000,-0.000016,-0.000653,0.034797,-0.000031,-0.005645,-0.037326,-0.000000,-0.001015,1.570015,-0.300000,1.000000,1.100000,0.000000,0.000000,-1.571000,-0.299984,1.000653,1.065203,1.491963
0.904000,-0.000016,-0.000654,0.034797,-0.000031,-0.005645,-0.037326,-0.000000,-0.001015,1.570015,-0.300000,1.000000,1.100000,0.000000,0.000000,-1.571000,-0.299984,1.000654,1.065203,1.491964
0.906000,-0.000017,-0.000656,0.034797,-0.000031,-0.005645,-0.037326,-0.000000,-0.001015,1.570015,-0.300000,1.000000,1.100000,0.000000,0.000000,-1.571000,-0.299983,1.000656,1.065203,1.491965
0.908000,-0.000017,-0.000658,0.034797,-0.000031,-0.005645,-0.037326,-0.000000,-0.001015,1.570015,-0.300000,1.000000,1.100000,0.000000,0.000000,-1.571000,-0.299983,1.000658,1.065203,1.491966
0.910000,-0.000017,-0.000659,0.034797,-0.000031,-0.005645,-0.037326,-0.000000,-0.001015,1.570015,-0.300000,1.000000,1.100000,0.000000,0.000000,-1.571000,-0.299983,1.000659,1.065203,1.491967
0.912000,-0.000017,-0.000661,0.034797,-0.000031,-0.005645,-0.037326,-0.000000,-0.001015,1.570015,-0.300000,1.000000,1.100000,0.000000,0.000000,-1.571000,-0.299983,1.000661,1.065203,1.491968
0.914000,-0.000017,-0.000663,0.034797,-0.000031,-0.005645,-0.037326,-0.000000,-0.001015,1.570015,-0.300000,1.000000,1.100000,0.000000,0.000000,-1.571000,-0.299983,1.000663,1.065203,1.491970
0.916000,-0.000017,-0.000664,0.034797,-0.000031,-0.005645,-0.037326,-0.000000,-0.001015,1.570015,-0.300000,1.000000,1.100000,0.000000,0.000000,-1.571000,-0.299983,1.000664,1.065203,1.491971
0.918000,-0.000017,-0.000666,0.034797,-0.000031,-0.005645,-0.037326,-0.000000,-0.001015,1.570015,-0.300000,1.000000,1.100000,0.000000,0.000000,-1.571000,-0.299983,1.000666,1.065203,1.491972
0.920000,-0.000017,-0.000668,0.034797,-0.000031,-0.005645,-0.037326,-0.000000,-0.001015,1.570015,-0.300000,1.000000,1.100000,0.000000,0.000000,-1.571000,-0.299983,1.000668,1.065203,1.491973
0.922000,-0.000017,-0.000669,0.034797,-0.000031,-0.005645,-0.037326,-0.000000,-0.001015,1.570015,-0.300000,1.000000,1.100000,0.000000,0.000000,-1.571000,-0.299983,1.000669,1.065203,1.491974
0.924000,-0.000017,-0.000671,0.034797,-0.000031,-0.005645,-0.037326,-0.000000,-0.001015,1.570015,-0.300000,1.000000,1.100000,0.000000,0.000000,-1.571000,-0.299983,1.000671,1.065203,1.491975
0.926000,-0.000017,-0.000673,0.034797,-0.000031,-0.005645,-0.037326,-0.000000,-0.001015,1.570015,-0.300000,1.000000,1.100000,0.000000,0.000000,-1.571000,-0.299983,1.000673,1.065203,1.491976
0.928000,-0.000017,-0.000674,0.034797,-0.000031,-0.005645,-0.037326,-0.000000,-0.001015,1.570015,-0.300000,1.000000,1.100000,0.000000,0.000000,-1.571000,-0.299983,1.000674,1.065203,1.491977
0.930000,-0.000017,-0.000676,0.034797,-0.000031,-0.005645,-0.037326,-0.000000,-0.001015,1.570015,-0.300000,1.000000,1.100000,0.000000,0.000000,-1.571000,-0.299983,1.000676,1.065203,1.491978
0.932000,-0.000017,-0.000678,0.034797,-0.000031,-0.005645,-0.037326,-0.000000,-0.001015,1.570015,-0.300000,1.000000,1.100000,0.000000,0.000000,-1.571000,-0.299983,1.000678,1.065203,1.491980
0.934000,-0.000017,-0.000680,0.034797,-0.000031,-0.005645,-0.037326,-0.000000,-0.001015,1.570015,-0.300000,1.000000,1.100000,0.000000,0.000000,-1.571000,-0.299983,1.000680,1.065203,1.491981
0.936000,-0.000017,-0.000681,0.034797,-0.000031,-0.005645,-0.037326,-0.000000,-0.001015,1.570015,-0.300000,1.000000,1.100000,0.000000,0.000000,-1.571000,-0.299983,1.000681,1.065203,1.491982
0.938000,-0.000017,-0.000683,0.034797,-0.000031,-0.005645,-0.037326,-0.000000,-0.001015,1.570015,-0.300000,1.000000,1.100000,0.000000,0.000000,-1.571000,-0.299983,1.000683,1.065203,1.491983
0.940000,-0.000017,-0.000685,0.034797,-0.000031,-0.005645,-0.037326,-0.000000,-0.001015,1.570015,-0.300000,1.000000,1.100000,0.000000,0.000000,-1.571000,-0.299983,1.000685,1.065203,1.491984
0.942000,-0.000017,-0.000686,0.034797,-0.000031,-0.005645,-0.037326,-0.000000,-0.001015,1.570015,-0.300000,1.000000,1.100000,0.000000,0.000000,-1.571000,-0.299983,1.000686,1.065203,1.491985
0.944000,-0.000017,-0.000688,0.034797,-0.000031,-0.005645,-0.037326,-0.000000,-0.001015,1.570015,-0.300000,1.000000,1.100000,0.000000,0.000000,-1.571000,-0.299983,1.000688,1.065203,1.491986
0.946000,-0.000017,-0.000690,0.034797,-0.000031,-0.005645,-0.037326,-0.000000,-0.001015,1.570015,-0.300000,1.000000,1.100000,0.000000,0.000000,-1.571000,-0.299983,1.000690,1.065203,1.491987
0.948000,-0.000017,-0.000691,0.034797,-0.000031,-0.005645,-0.037326,-0.000000,-0.001015,1.570015,-0.300000,1.000000,1.100000,0.000000,0.000000,-1.571000,-0.299983,1.000691,1.065203,1.491988
0.950000,-0.000018,-0.000693,0.034797,-0.000031,-0.005645,-0.037326,-0.000000,-0.001015,1.570015,-0.300000,1.000000,1.100000,0.000000,0.000000,-1.571000,-0.299982,1.000693,1.065203,1.491990
0.952000,-0.000018,-0.000695,0.034797,-0.000031,-0.005645,-0.037326,-0.000000,-0.001015,1.570016,-0.300000,1.000000,1.100000,0.000000,0.000000,-1.571000,-0.299982,1.000695,1.065203,1.491991
0.954000,-0.000018,-0.000696,0.034797,-0.000031,-0.005645,-0.037326,-0.000000,-0.001015,1.570016,-0.300000,1.000000,1.100000,0.000000,0.000000,-1.571000,-0.299982,1.000696,1.065203,1.491992
0.956000,-0.000018,-0.000698,0.034797,-0.000031,-0.005645,-0.037326,-0.000000,-0.001015,1.570016,-0.300000,1.000000,1.100000,0.000000,0.000000,-1.571000,-0.299982,1.000698,1.065203,1.491993
0.958000,-0.000018,-0.000700,0.034797,-0.000031,-0.005645,-0.037326,-0.000000,-0.001015,1.570016,-0.300000,1.000000,1.100000,0.000000,0.000000,-1.571000,-0.299982,1.000700,1.065203,1.491994
0.960000,-0.000018,-0.000701,0.034797,-0.000031,-0.005645,-0.037326,-0.000000,-0.001015,1.570016,-0.300000,1.000000,1.100000,0.000000,0.000000,-1.571000,-0.299982,1.000701,1.065203,1.491995
0.962000,-0.000018,-0.000703,0.034797,-0.000031,-0.005645,-0.037326,-0.000000,-0.001015,1.570016,-0.300000,1.000000,1.100000,0.000000,0.000000,-1.571000,-0.299982,1.000703,1.065203,1.491996
0.964000,-0.000018,-0.000705,0.034797,-0.000031,-0.005645,-0.037326,-0.000000,-0.001015,1.570016,-0.300000,1.000000,1.100000,0.000000,0.000000,-1.571000,-0.299982,1.000705,1.065203,1.491997
0.966000,-0.000018,-0.000706,0.034797,-0.000031,-0.005645,-0.037326,-0.000000,-0.001015,1.570016,-0.300000,1.000000,1.100000,0.000000,0.000000,-1.571000,-0.299982,1.000706,1.065203,1.491999
0.968000,-0.000018,-0.000708,0.034797,-0.000031,-0.005645,-0.037326,-0.000000,-0.001015,1.570016,-0.300000,1.000000,1.100000,0.000000,0.000000,-1.571000,-0.299982,1.000708,1.065203,1.492000
0.970000,-0.000018,-0.000710,0.034797,-0.000031,-0.005645,-0.037326,-0.000000,-0.001015,1.570016,-0.300000,1.000000,1.100000,0.000000,0.000000,-1.571000,-0.299982,1.000710,1.065203,1.492001
0.972000,-0.000018,-0.000711,0.034797,-0.000031,-0.005645,-0.037326,-0.000000,-0.001015,1.570016,-0.300000,1.000000,1.100000,0.000000,0.000000,-1.571000,-0.299982,1.000711,1.065203,1.492002
0.974000,-0.000018,-0.000713,0.034797,-0.000031,-0.005645,-0.037326,-0.000000,-0.001015,1.570016,-0.300000,1.000000,1.100000,0.000000,0.000000,-1.571000,-0.299982,1.000713,1.065203,1.492003
0.976000,-0.000018,-0.000715,0.034797,-0.000031,-0.005645,-0.037326,-0.000000,-0.001015,1.570016,-0.300000,1.000000,1.100000,0.000000,0.000000,-1.571000,-0.299982,1.000715,1.065203,1.492004
0.978000,-0.000018,-0.000716,0.034797,-0.000031,-0.005645,-0.037326,-0.000000,-0.001015,1.570016,-0.300000,1.000000,1.100000,0.000000,0.000000,-1.571000,-0.299982,1.000716,1.065203,1.492005
0.980000,-0.000018,-0.000718,0.034797,-0.000031,-0.005645,-0.037326,-0.000000,-0.001015,1.570016,-0.300000,1.000000,1.100000,0.000000,0.000000,-1.571000,-0.299982,1.000718,1.065203,1.492006
0.982000,-0.000018,-0.000720,0.034797,-0.000031,-0.005645,-0.037326,-0.000000,-0.001015,1.570016,-0.300000,1.000000,1.100000,0.000000,0.000000,-1.571000,-0.299982,1.000720,1.065203,1.492007
0.984000,-0.000018,-0.000721,0.034797,-0.000031,-0.005645,-0.037326,-0.000000,-0.001015,1.570016,-0.300000,1.000000,1.100000,0.000000,0.000000,-1.571000,-0.299982,1.000721,1.065203,1.492009
0.986000,-0.000018,-0.000723,0.034797,-0.000031,-0.005645,-0.037326,-0.000000,-0.001015,1.570016,-0.300000,1.000000,1.100000,0.000000,0.000000,-1.571000,-0.299982,1.000723,1.065203,1.492010
0.988000,-0.000018,-0.000725,0.034797,-0.000031,-0.005645,-0.037326,-0.000000,-0.001015,1.570016,-0.300000,1.000000,1.100000,0.000000,0.000000,-1.571000,-0.299982,1.000725,1.065203,1.492011
0.990000,-0.000018,-0.000726,0.034797,-0.000031,-0.005645,-0.037326,-0.000000,-0.001015,1.570016,-0.300000,1.000000,1.100000,0.000000,0.000000,-1.571000,-0.299982,1.000726,1.065203,1.492012
0.992000,-0.000018,-0.000728,0.034797,-0.000031,-0.005645,-0.037326,-0.000000,-0.001015,1.570016,-0.300000,1.000000,1.100000,0.000000,0.000000,-1.571000,-0.299982,1.000728,1.065203,1.492013
0.994000,-0.000019,-0.000730,0.034797,-0.000031,-0.005645,-0.037326,-0.000000,-0.001015,1.570016,-0.300000,1.000000,1.100000,0.000000,0.000000,-1.571000,-0.299981,1.000730,1.065203,1.492014
0.996000,-0.000019,-0.000731,0.034797,-0.000031,-0.005645,-0.037326,-0.000000,-0.001015,1.570016,-0.300000,1.000000,1.100000,0.000000,0.000000,-1.571000,-0.299981,1.000731,1.065203,1.492015
0.998000,-0.000019,-0.000733,0.034797,-0.000031,-0.005645,-0.037326,-0.000000,-0.001015,1.570016,-0.300000,1.000000,1.100000,0.000000,0.000000,-1.571000,-0.299981,1.000733,1.065203,1.492016
1.000000,-0.000019,-0.000735,0.034797,-0.000031,-0.005645,-0.037326,-0.000000,-0.001015,1.570016,-0.300000,1.000000,1.100000,0.000000,0.000000,-1.571000,-0.299981,1.000735,1.065203,1.492017
1.002000,-0.000019,-0.000736,0.034797,-0.000031,-0.005645,-0.037326,-0.000000,-0.001015,1.570016,-0.300000,1.000000,1.100000,0.000000,0.000000,-1.571000,-0.299981,1.000736,1.065203,1.492019
1.004000,-0.000019,-0.000738,0.034797,-0.000031,-0.005645,-0.037326,-0.000000,-0.001015,1.570017,-0.300000,1.000000,1.100000,0.000000,0.000000,-1.571000,-0.299981,1.000738,1.065203,1.492020
1.006000,-0.000019,-0.000740,0.034797,-0.000031,-0.005645,-0.037326,-0.000000,-0.001015,1.570017,-0.300000,1.000000,1.100000,0.000000,0.000000,-1.571000,-0.299981,1.000740,1.065203,1.492021
1.008000,-0.000019,-0.000741,0.034797,-0.000031,-0.005645,-0.037326,-0.000000,-0.001015,1.570017,-0.300000,1.000000,1.100000,0.000000,0.000000,-1.571000,-0.299981,1.000741,1.065203,1.492022
1.010000,-0.000019,-0.000743,0.034797,-0.000031,-0.005645,-0.037326,-0.000000,-0.001015,1.570017,-0.300000,1.000000,1.100000,0.000000,0.000000,-1.571000,-0.299981,1.000743,1.065203,1.492023
1.012000,-0.000019,-0.000745,0.034797,-0.000031,-0.005645,-0.037326,-0.000000,-0.001015,1.570017,-0.300000,1.000000,1.100000,0.000000,0.000000,-1.571000,-0.299981,1.000745,1.065203,1.492024
1.014000,-0.000019,-0.000746,0.034797,-0.000031,-0.005645,-0.037326,-0.000000,-0.001015,1.570017,-0.300000,1.000000,1.100000,0.000000,0.000000,-1.571000,-0.299981,1.000746,1.065203,1.492025
1.016000,-0.000019,-0.000748,0.034797,-0.000031,-0.005645,-0.037326,-0.000000,-0.001015,1.570017,-0.300000,1.000000,1.100000,0.000000,0.000000,-1.571000,-0.299981,1.000748,1.065203,1.492026
1.018000,-0.000019,-0.000750,0.034797,-0.000031,-0.005645,-0.037326,-0.000000,-0.001015,1.570017,-0.300000,1.000000,1.100000,0.000000,0.000000,-1.571000,-0.299981,1.000750,1.065203,1.492027
1.020000,-0.000019,-0.000752,0.034797,-0.000031,-0.005645,-0.037326,-0.000000,-0.001015,1.570017,-0.300000,1.000000,1.100000,0.000000,0.000000,-1.571000,-0.299981,1.000752,1.065203,1.492029
1.022000,-0.000019,-0.000753,0.034797,-0.000031,-0.005645,-0.037326,-0.000000,-0.001015,1.570017,-0.300000,1.000000,1.100000,0.000000,0.000000,-1.571000,-0.299981,1.000753,1.065203,1.492030
1.024000,-0.000019,-0.000755,0.034797,-0.000031,-0.005645,-0.037326,-0.000000,-0.001015,1.570017,-0.300000,1.000000,1.100000,0.000000,0.000000,-1.571000,-0.299981,1.000755,1.065203,1.492031
1.026000,-0.000019,-0.000757,0.034797,-0.000031,-0.005645,-0.037326,-0.000000,-0.001015,1.570017,-0.300000,1.000000,1.100000,0.000000,0.000000,-1.571000,-0.299981,1.000757,1.065203,1.492032
1.028000,-0.000019,-0.000758,0.034797,-0.000031,-0.005645,-0.037326,-0.000000,-0.001015,1.570017,-0.300000,1.000000,1.100000,0.000000,0.000000,-1.571000,-0.299981,1.000758,1.065203,1.492033
1.030000,-0.000019,-0.000760,0.034797,-0.000031,-0.005645,-0.037326,-0.000000,-0.001015,1.570017,-0.300000,1.000000,1.100000,0.000000,0.000000,-1.571000,-0.299981,1.000760,1.065203,1.492034
1.032000,-0.000019,-0.000762,0.034797,-0.000031,-0.005645,-0.037326,-0.000000,-0.001015,1.570017,-0.300000,1.000000,1.100000,0.000000,0.000000,-1.571000,-0.299981,1.000762,1.065203,1.492035
1.034000,-0.000019,-0.000763,0.034797,-0.000031,-0.005645,-0.037326,-0.000000,-0.001015,1.570017,-0.300000,1.000000,1.100000,0.000000,0.000000,-1.571000,-0.299981,1.000763,1.065203,1.492036
1.036000,-0.000019,-0.000765,0.034797,-0.000031,-0.005645,-0.037326,-0.000000,-0.001015,1.570017,-0.300000,1.000000,1.100000,0.000000,0.000000,-1.571000,-0.299981,1.000765,1.065203,1.492038
1.038000,-0.000019,-0.000767,0.034797,-0.000031,-0.005645,-0.037326,-0.000000,-0.001015,1.570017,-0.300000,1.000000,1.100000,0.000000,0.000000,-1.571000,-0.299981,1.000767,1.065203,1.492039
1.040000,-0.000020,-0.000768,0.034797,-0.000031,-0.005645,-0.037326,-0.000000,-0.001015,1.570017,-0.300000,1.000000,1.100000,0.000000,0.000000,-1.571000,-0.299980,1.000768,1.065203,1.492040
1.042000,-0.000020,-0.000770,0.034797,-0.000031,-0.005645,-0.037326,-0.000000,-0.001015,1.570017,-0.300000,1.000000,1.100000,0.000000,0.000000,-1.571000,-0.299980,1.000770,1.065203,1.492041
1.044000,-0.000020,-0.000772,0.034797,-0.000031,-0.005645,-0.037326,-0.000000,-0.001015,1.570017,-0.300000,1.000000,1.100000,0.000000,0.000000,-1.571000,-0.299980,1.000772,1.065203,1.492042
1.046000,-0.000020,-0.000773,0.034797,-0.000031,-0.005645,-0.037326,-0.000000,-0.001015,1.570017,-0.300000,1.000000,1.100000,0.000000,0.000000,-1.571000,-0.299980,1.000773,1.065203,1.492043
1.048000,-0.000020,-0.000775,0.034797,-0.000031,-0.005645,-0.037326,-0.000000,-0.001015,1.570017,-0.300000,1.000000,1.100000,0.000000,0.000000,-1.571000,-0.299980,1.000775,1.065203,1.492044
1.050000,-0.000020,-0.000777,0.034797,-0.000031,-0.005645,-0.037326,-0.000000,-0.001015,1.570017,-0.300000,1.000000,1.100000,0.000000,0.000000,-1.571000,-0.299980,1.000777,1.065203,1.492045
1.052000,-0.000020,-0.000778,0.034797,-0.000031,-0.005645,-0.037326,-0.000000,-0.001015,1.570017,-0.300000,1.000000,1.100000,0.000000,0.000000,-1.571000,-0.299980,1.000778,1.065203,1.492046
1.054000,-0.000020,-0.000780,0.034797,-0.000031,-0.005645,-0.037326,-0.000000,-0.001015,1.570018,-0.300000,1.000000,1.100000,0.000000,0.000000,-1.571000,-0.299980,1.000780,1.065203,1.492048
1.056000,-0.000020,-0.000782,0.034797,-0.000031,-0.005645,-0.037326,-0.000000,-0.001015,1.570018,-0.300000,1.000000,1.100000,0.000000,0.000000,-1.571000,-0.299980,1.000782,1.065203,1.492049
1.058000,-0.000020,-0.000783,0.034797,-0.000031,-0.005645,-0.037326,-0.000000,-0.001015,1.570018,-0.300000,1.000000,1.100000,0.000000,0.000000,-1.571000,-0.299980,1.000783,1.065203,1.492050
1.060000,-0.000020,-0.000785,0.034797,-0.000031,-0.005645,-0.037326,-0.000000,-0.001015,1.570018,-0.300000,1.000000,1.100000,0.000000,0.000000,-1.571000,-0.299980,1.000785,1.065203,1.492051
1.062000,-0.000020,-0.000787,0.034797,-0.000031,-0.005645,-0.037326,-0.000000,-0.001015,1.570018,-0.300000,1.000000,1.100000,0.000000,0.000000,-1.571000,-0.299980,1.000787,1.065203,1.492052
1.064000,-0.000020,-0.000788,0.034797,-0.000031,-0.005645,-0.037326,-0.000000,-0.001015,1.570018,-0.300000,1.000000,1.100000,0.000000,0.000000,-1.571000,-0.299980,1.000788,1.065203,1.492053
1.066000,-0.000020,-0.000790,0.034797,-0.000031,-0.005645,-0.037326,-0.000000,-0.001015,1.570018,-0.300000,1.000000,1.100000,0.000000,0.000000,-1.571000,-0.299980,1.000790,1.065203,1.492054
1.068000,-0.000020,-0.000792,0.034797,-0.000031,-0.005645,-0.037326,-0.000000,-0.001015,1.570018,-0.300000,1.000000,1.100000,0.000000,0.000000,-1.571000,-0.299980,1.000792,1.065203,1.492055
1.070000,-0.000020,-0.000793,0.034797,-0.000031,-0.005645,-0.037326,-0.000000,-0.001015,1.570018,-0.300000,1.000000,1.100000,0.000000,0.000000,-1.571000,-0.299980,1.000793,1.065203,1.492056
1.072000,-0.000020,-0.000795,0.034797,-0.000031,-0.005645,-0.037326,-0.000000,-0.001015,1.570018,-0.300000,1.000000,1.100000,0.000000,0.000000,-1.571000,-0.299980,1.000795,1.065203,1.492058
1.074000,-0.000020,-0.000797,0.034797,-0.000031,-0.005645,-0.037326,-0.000000,-0.001015,1.570018,-0.300000,1.000000,1.100000,0.000000,0.000000,-1.571000,-0.299980,1.000797,1.065203,1.492059
1.076000,-0.000020,-0.000798,0.034797,-0.000031,-0.005645,-0.037326,-0.000000,-0.001015,1.570018,-0.300000,1.000000,1.100000,0.000000,0.000000,-1.571000,-0.299980,1.000798,1.065203,1.492060
1.078000,-0.000020,-0.000800,0.034797,-0.000031,-0.005645,-0.037326,-0.000000,-0.001015,1.570018,-0.300000,1.000000,1.100000,0.000000,0.000000,-1.571000,-0.299980,1.000800,1.065203,1.492061
1.080000,-0.000020,-0.000802,0.034797,-0.000031,-0.005645,-0.037326,-0.000000,-0.001015,1.570018,-0.300000,1.000000,1.100000,0.000000,0.000000,-1.571000,-0.299980,1.000802,1.065203,1.492062
1.082000,-0.000020,-0.000803,0.034797,-0.000031,-0.005645,-0.037326,-0.000000,-0.001015,1.570018,-0.300000,1.000000,1.100000,0.000000,0.000000,-1.571000,-0.299980,1.000803,1.065203,1.492063
1.084000,-0.000021,-0.000805,0.034797,-0.000031,-0.005645,-0.037326,-0.000000,-0.001015,1.570018,-0.300000,1.000000,1.100000,0.000000,0.000000,-1.571000,-0.299979,1.000805,1.065203,1.492064
1.086000,-0.000021,-0.000807,0.034797,-0.000031,-0.005645,-0.037326,-0.000000,-0.001015,1.570018,-0.300000,1.000000,1.100000,0.000000,0.000000,-1.571000,-0.299979,1.000807,1.065203,1.492065
1.088000,-0.000021,-0.000808,0.034797,-0.000031,-0.005645,-0.037326,-0.000000,-0.001015,1.570018,-0.300000,1.000000,1.100000,0.000000,0.000000,-1.571000,-0.299979,1.000808,1.065203,1.492066
1.090000,-0.000021,-0.000810,0.034797,-0.000031,-0.005645,-0.037326,-0.000000,-0.001015,1.570018,-0.300000,1.000000,1.100000,0.000000,0.000000,-1.571000,-0.299979,1.000810,1.065203,1.492068
1.092000,-0.000021,-0.000812,0.034797,-0.000031,-0.005645,-0.037326,-0.000000,-0.001015,1.570018,-0.300000,1.000000,1.100000,0.000000,0.000000,-1.571000,-0.299979,1.000812,1.065203,1.492069
1.094000,-0.000021,-0.000813,0.034797,-0.000031,-0.005645,-0.037326,-0.000000,-0.001015,1.570018,-0.300000,1.000000,1.100000,0.000000,0.000000,-1.571000,-0.299979,1.000813,1.065203,1.492070
1.096000,-0.000021,-0.000815,0.034797,-0.000031,-0.005645,-0.037326,-0.000000,-0.001015,1.570018,-0.300000,1.000000,1.100000,0.000000,0.000000,-1.571000,-0.299979,1.000815,1.065203,1.492071
1.098000,-0.000021,-0.000817,0.034797,-0.000031,-0.005645,-0.037326,-0.000000,-0.001015,1.570018,-0.300000,1.000000,1.100000,0.000000,0.000000,-1.571000,-0.299979,1.000817,1.065203,1.492072
1.100000,-0.000021,-0.000819,0.034797,-0.000031,-0.005645,-0.037326,-0.000000,-0.001015,1.570018,-0.300000,1.000000,1.100000,0.000000,0.000000,-1.571000,-0.299979,1.000819,1.065203,1.492073
1.102000,-0.000021,-0.000820,0.034797,-0.000031,-0.005645,-0.037326,-0.000000,-0.001015,1.570018,-0.300000,1.000000,1.100000,0.000000,0.000000,-1.571000,-0.299979,1.000820,1.065203,1.492074
1.104000,-0.000021,-0.000822,0.034797,-0.000031,-0.005645,-0.037326,-0.000000,-0.001015,1.570019,-0.300000,1.000000,1.100000,0.000000,0.000000,-1.571000,-0.299979,1.000822,1.065203,1.492075
1.106000,-0.000021,-0.000824,0.034797,-0.000031,-0.005645,-0.037326,-0.000000,-0.001015,1.570019,-0.300000,1.000000,1.100000,0.000000,0.000000,-1.571000,-0.299979,1.000824,1.065203,1.492077
1.108000,-0.000021,-0.000825,0.034797,-0.000031,-0.005645,-0.037326,-0.000000,-0.001015,1.570019,-0.300000,1.000000,1.100000,0.000000,0.000000,-1.571000,-0.299979,1.000825,1.065203,1.492078
1.110000,-0.000021,-0.000827,0.034797,-0.000031,-0.005645,-0.037326,-0.000000,-0.001015,1.570019,-0.300000,1.000000,1.100000,0.000000,0.000000,-1.571000,-0.299979,1.000827,1.065203,1.492079
1.112000,-0.000021,-0.000829,0.034797,-0.000031,-0.005645,-0.037326,-0.000000,-0.001015,1.570019,-0.300000,1.000000,1.100000,0.000000,0.000000,-1.571000,-0.299979,1.000829,1.065203,1.492080
1.114000,-0.000021,-0.000830,0.034797,-0.000031,-0.005645,-0.037326,-0.000000,-0.001015,1.570019,-0.300000,1.000000,1.100000,0.000000,0.000000,-1.571000,-0.299979,1.000830,1.065203,1.492081
1.116000,-0.000021,-0.000832,0.034797,-0.000031,-0.005645,-0.037326,-0.000000,-0.001015,1.570019,-0.300000,1.000000,1.100000,0.000000,0.000000,-1.571000,-0.299979,1.000832,1.065203,1.492082
1.118000,-0.000021,-0.000834,0.034797,-0.000031,-0.005645,-0.037326,-0.000000,-0.001015,1.570019,-0.300000,1.000000,1.100000,0.000000,0.000000,-1.571000,-0.299979,1.000834,1.065203,1.492083
1.120000,-0.000021,-0.000835,0.034797,-0.000031,-0.005645,-0.037326,-0.000000,-0.001015,1.570019,-0.300000,1.000000,1.100000,0.000000,0.000000,-1.571000,-0.299979,1.000835,1.065203,1.492084
1.122000,-0.000021,-0.000837,0.034797,-0.000031,-0.005645,-0.037326,-0.000000,-0.001015,1.570019,-0.300000,1.000000,1.100000,0.000000,0.000000,-1.571000,-0.299979,1.000837,1.065203,1.492085
1.124000,-0.000021,-0.000839,0.034797,-0.000031,-0.005645,-0.037326,-0.000000,-0.001015,1.570019,-0.300000,1.000000,1.100000,0.000000,0.000000,-1.571000,-0.299979,1.000839,1.065203,1.492087
1.126000,-0.000021,-0.000840,0.034797,-0.000031,-0.005645,-0.037326,-0.000000,-0.001015,1.570019,-0.300000,1.000000,1.100000,0.000000,0.000000,-1.571000,-0.299979,1.000840,1.065203,1.492088
1.128000,-0.000022,-0.000842,0.034797,-0.000031,-0.005645,-0.037326,-0.000000,-0.001015,1.570019,-0.300000,1.000000,1.100000,0.000000,0.000000,-1.571000,-0.299978,1.000842,1.065203,1.492089
1.130000,-0.000022,-0.000844,0.034797,-0.000031,-0.005645,-0.037326,-0.000000,-0.001015,1.570019,-0.300000,1.000000,1.100000,0.000000,0.000000,-1.571000,-0.299978,1.000844,1.065203,1.492090
1.132000,-0.000022,-0.000845,0.034797,-0.000031,-0.005645,-0.037326,-0.000000,-0.001015,1.570019,-0.300000,1.000000,1.100000,0.000000,0.000000,-1.571000,-0.299978,1.000845,1.065203,1.492091
1.134000,-0.000022,-0.000847,0.034797,-0.000031,-0.005645,-0.037326,-0.000000,-0.001015,1.570019,-0.300000,1.000000,1.100000,0.000000,0.000000,-1.571000,-0.299978,1.000847,1.065203,1.492092
1.136000,-0.000022,-0.000849,0.034797,-0.000031,-0.005645,-0.037326,-0.000000,-0.001015,1.570019,-0.300000,1.000000,1.100000,0.000000,0.000000,-1.571000,-0.299978,1.000849,1.065203,1.492093
1.138000,-0.000022,-0.000850,0.034797,-0.000031,-0.005645,-0.037326,-0.000000,-0.001015,1.570019,-0.300000,1.000000,1.100000,0.000000,0.000000,-1.571000,-0.299978,1.000850,1.065203,1.492094
1.140000,-0.000022,-0.000852,0.034797,-0.000031,-0.005645,-0.037326,-0.000000,-0.001015,1.570019,-0.300000,1.000000,1.100000,0.000000,0.000000,-1.571000,-0.299978,1.000852,1.065203,1.492095
1.142000,-0.000022,-0.000854,0.034797,-0.000031,-0.005645,-0.037326,-0.000000,-0.001015,1.570019,-0.300000,1.000000,1.100000,0.000000,0.000000,-1.571000,-0.299978,1.000854,1.065203,1.492097
1.144000,-0.000022,-0.000855,0.034797,-0.000031,-0.005645,-0.037326,-0.000000,-0.001015,1.570019,-0.300000,1.000000,1.100000,0.000000,0.000000,-1.571000,-0.299978,1.000855,1.065203,1.492098
1.146000,-0.000022,-0.000857,0.034797,-0.000031,-0.005645,-0.037326,-0.000000,-0.001015,1.570019,-0.300000,1.000000,1.100000,0.000000,0.000000,-1.571000,-0.299978,1.000857,1.065203,1.492099
1.148000,-0.000022,-0.000859,0.034797,-0.000031,-0.005645,-0.037326,-0.000000,-0.001015,1.570019,-0.300000,1.000000,1.100000,0.000000,0.000000,-1.571000,-0.299978,1.000859,1.065203,1.492100
1.150000,-0.000022,-0.000860,0.034797,-0.000031,-0.005645,-0.037326,-0.000000,-0.001015,1.570019,-0.300000,1.000000,1.100000,0.000000,0.000000,-1.571000,-0.299978,1.000860,1.065203,1.492101
1.152000,-0.000022,-0.000862,0.034797,-0.000031,-0.005645,-0.037326,-0.000000,-0.001015,1.570019,-0.300000,1.000000,1.100000,0.000000,0.000000,-1.571000,-0.299978,1.000862,1.065203,1.492102
1.154000,-0.000022,-0.000864,0.034797,-0.000031,-0.005645,-0.037326,-0.000000,-0.001015,1.570020,-0.300000,1.000000,1.100000,0.000000,0.000000,-1.571000,-0.299978,1.000864,1.065203,1.492103
1.156000,-0.000022,-0.000865,0.034797,-0.000031,-0.005645,-0.037326,-0.000000,-0.001015,1.570020,-0.300000,1.000000,1.100000,0.000000,0.000000,-1.571000,-0.299978,1.000865,1.065203,1.492104
1.158000,-0.000022,-0.000867,0.034797,-0.000031,-0.005645,-0.037326,-0.000000,-0.001015,1.570020,-0.300000,1.000000,1.100000,0.000000,0.000000,-1.571000,-0.299978,1.000867,1.065203,1.492105
1.160000,-0.000022,-0.000869,0.034797,-0.000031,-0.005645,-0.037326,-0.000000,-0.001015,1.570020,-0.300000,1.000000,1.100000,0.000000,0.000000,-1.571000,-0.299978,1.000869,1.065203,1.492107
1.162000,-0.000022,-0.000870,0.034797,-0.000031,-0.005645,-0.037326,-0.000000,-0.001015,1.570020,-0.300000,1.000000,1.100000,0.000000,0.000000,-1.571000,-0.299978,1.000870,1.065203,1.492108
1.164000,-0.000022,-0.000872,0.034797,-0.000031,-0.005645,-0.037326,-0.000000,-0.001015,1.570020,-0.300000,1.000000,1.100000,0.000000,0.000000,-1.571000,-0.299978,1.000872,1.065203,1.492109
1.166000,-0.000022,-0.000874,0.034797,-0.000031,-0.005645,-0.037326,-0.000000,-0.001015,1.570020,-0.300000,1.000000,1.100000,0.000000,0.000000,-1.571000,-0.299978,1.000874,1.065203,1.492110
1.168000,-0.000022,-0.000875,0.034797,-0.000031,-0.005645,-0.037326,-0.000000,-0.001015,1.570020,-0.300000,1.000000,1.100000,0.000000,0.000000,-1.571000,-0.299978,1.000875,1.065203,1.492111
1.170000,-0.000022,-0.000877,0.034797,-0.000031,-0.005645,-0.037326,-0.000000,-0.001015,1.570020,-0.300000,1.000000,1.100000,0.000000,0.000000,-1.571000,-0.299978,1.000877,1.065203,1.492112
1.172000,-0.000022,-0.000879,0.034797,-0.000031,-0.005645,-0.037326,-0.000000,-0.001015,1.570020,-0.300000,1.000000,1.100000,0.000000,0.000000,-1.571000,-0.299978,1.000879,1.065203,1.492113
1.174000,-0.000023,-0.000880,0.034797,-0.000031,-0.005645,-0.037326,-0.000000,-0.001015,1.570020,-0.300000,1.000000,1.100000,0.000000,0.000000,-1.571000,-0.299977,1.000880,1.065203,1.492114
1.176000,-0.000023,-0.000882,0.034797,-0.000031,-0.005645,-0.037326,-0.000000,-0.001015,1.570020,-0.300000,1.000000,1.100000,0.000000,0.000000,-1.571000,-0.299977,1.000882,1.065203,1.492116
1.178000,-0.000023,-0.000884,0.034797,-0.000031,-0.005645,-0.037326,-0.000000,-0.001015,1.570020,-0.300000,1.000000,1.100000,0.000000,0.000000,-1.571000,-0.299977,1.000884,1.065203,1.492117
1.180000,-0.000023,-0.000885,0.034797,-0.000031,-0.005645,-0.037326,-0.000000,-0.001015,1.570020,-0.300000,1.000000,1.100000,0.000000,0.000000,-1.571000,-0.299977,1.000885,1.065203,1.492118
1.182000,-0.000023,-0.000887,0.034797,-0.000031,-0.005645,-0.037326,-0.000000,-0.001015,1.570020,-0.300000,1.000000,1.100000,0.000000,0.000000,-1.571000,-0.299977,1.000887,1.065203,1.492119
1.184000,-0.000023,-0.000889,0.034797,-0.000031,-0.005645,-0.037326,-0.000000,-0.001015,1.570020,-0.300000,1.000000,1.100000,0.000000,0.000000,-1.571000,-0.299977,1.000889,1.065203,1.492120
1.186000,-0.000023,-0.000891,0.034797,-0.000031,-0.005645,-0.037326,-0.000000,-0.001015,1.570020,-0.300000,1.000000,1.100000,0.000000,0.000000,-1.571000,-0.299977,1.000891,1.065203,1.492121
1.188000,-0.000023,-0.000892,0.034797,-0.000031,-0.005645,-0.037326,-0.000000,-0.001015,1.570020,-0.300000,1.000000,1.100000,0.000000,0.000000,-1.571000,-0.299977,1.000892,1.065203,1.492122
1.190000,-0.000023,-0.000894,0.034797,-0.000031,-0.005645,-0.037326,-0.000000,-0.001015,1.570020,-0.300000,1.000000,1.100000,0.000000,0.000000,-1.571000,-0.299977,1.000894,1.065203,1.492123
1.192000,-0.000023,-0.000896,0.034797,-0.000031,-0.005645,-0.037326,-0.000000,-0.001015,1.570020,-0.300000,1.000000,1.100000,0.000000,0.000000,-1.571000,-0.299977,1.000896,1.065203,1.492124
1.194000,-0.000023,-0.000897,0.034797,-0.000031,-0.005645,-0.037326,-0.000000,-0.001015,1.570020,-0.300000,1.000000,1.100000,0.000000,0.000000,-1.571000,-0.299977,1.000897,1.065203,1.492126
1.196000,-0.000023,-0.000899,0.034797,-0.000031,-0.005645,-0.037326,-0.000000,-0.001015,1.570020,-0.300000,1.000000,1.100000,0.000000,0.000000,-1.571000,-0.299977,1.000899,1.065203,1.492127
1.198000,-0.000023,-0.000901,0.034797,-0.000031,-0.005645,-0.037326,-0.000000,-0.001015,1.570020,-0.300000,1.000000,1.100000,0.000000,0.000000,-1.571000,-0.299977,1.000901,1.065203,1.492128
1.200000,-0.000023,-0.000902,0.034797,-0.000031,-0.005645,-0.037326,-0.000000,-0.001015,1.570020,-0.300000,1.000000,1.100000,0.000000,0.000000,-1.571000,-0.299977,1.000902,1.065203,1.492129
1.202000,-0.000023,-0.000904,0.034797,-0.000031,-0.005645,-0.037326,-0.000000,-0.001015,1.570020,-0.300000,1.000000,1.100000,0.000000,0.000000,-1.571000,-0.299977,1.000904,1.065203,1.492130
1.204000,-0.000023,-0.000906,0.034797,-0.000031,-0.005645,-0.037326,-0.000000,-0.001015,1.570020,-0.300000,1.000000,1.100000,0.000000,0.000000,-1.571000,-0.299977,1.000906,1.065203,1.492131
1.206000,-0.000023,-0.000907,0.034797,-0.000031,-0.005645,-0.037326,-0.000000,-0.001015,1.570021,-0.300000,1.000000,1.100000,0.000000,0.000000,-1.571000,-0.299977,1.000907,1.065203,1.492132
1.208000,-0.000023,-0.000909,0.034797,-0.000031,-0.005645,-0.037326,-0.000000,-0.001015,1.570021,-0.300000,1.000000,1.100000,0.000000,0.000000,-1.571000,-0.299977,1.000909,1.065203,1.492133
1.210000,-0.000023,-0.000911,0.034797,-0.000031,-0.005645,-0.037326,-0.000000,-0.001015,1.570021,-0.300000,1.000000,1.100000,0.000000,0.000000,-1.571000,-0.299977,1.000911,1.065203,1.492134
1.212000,-0.000023,-0.000912,0.034797,-0.000031,-0.005645,-0.037326,-0.000000,-0.001015,1.570021,-0.300000,1.000000,1.100000,0.000000,0.000000,-1.571000,-0.299977,1.000912,1.065203,1.492136
1.214000,-0.000023,-0.000914,0.034797,-0.000031,-0.005645,-0.037326,-0.000000,-0.001015,1.570021,-0.300000,1.000000,1.100000,0.000000,0.000000,-1.571000,-0.299977,1.000914,1.065203,1.492137
1.216000,-0.000023,-0.000916,0.034797,-0.000031,-0.005645,-0.037326,-0.000000,-0.001015,1.570021,-0.300000,1.000000,1.100000,0.000000,0.000000,-1.571000,-0.299977,1.000916,1.065203,1.492138
1.218000,-0.000024,-0.000917,0.034797,-0.000031,-0.005645,-0.037326,-0.000000,-0.001015,1.570021,-0.300000,1.000000,1.100000,0.000000,0.000000,-1.571000,-0.299976,1.000917,1.065203,1.492139
1.220000,-0.000024,-0.000919,0.034797,-0.000031,-0.005645,-0.037326,-0.000000,-0.001015,1.570021,-0.300000,1.000000,1.100000,0.000000,0.000000,-1.571000,-0.299976,1.000919,1.065203,1.492140
1.222000,-0.000024,-0.000921,0.034797,-0.000031,-0.005645,-0.037326,-0.000000,-0.001015,1.570021,-0.300000,1.000000,1.100000,0.000000,0.000000,-1.571000,-0.299976,1.000921,1.065203,1.492141
1.224000,-0.000024,-0.000922,0.034797,-0.000031,-0.005645,-0.037326,-0.000000,-0.001015,1.570021,-0.300000,1.000000,1.100000,0.000000,0.000000,-1.571000,-0.299976,1.000922,1.065203,1.492142
1.226000,-0.000024,-0.000924,0.034797,-0.000031,-0.005645,-0.037326,-0.000000,-0.001015,1.570021,-0.300000,1.000000,1.100000,0.000000,0.000000,-1.571000,-0.299976,1.000924,1.065203,1.492143
1.228000,-0.000024,-0.000926,0.034797,-0.000031,-0.005645,-0.037326,-0.000000,-0.001015,1.570021,-0.300000,1.000000,1.100000,0.000000,0.000000,-1.571000,-0.299976,1.000926,1.065203,1.492144
1.230000,-0.000024,-0.000927,0.034797,-0.000031,-0.005645,-0.037326,-0.000000,-0.001015,1.570021,-0.300000,1.000000,1.100000,0.000000,0.000000,-1.571000,-0.299976,1.000927,1.065203,1.492146
1.232000,-0.000024,-0.000929,0.034797,-0.000031,-0.005645,-0.037326,-0.000000,-0.001015,1.570021,-0.300000,1.000000,1.100000,0.000000,0.000000,-1.571000,-0.299976,1.000929,1.065203,1.492147
1.234000,-0.000024,-0.000931,0.034797,-0.000031,-0.005645,-0.037326,-0.000000,-0.001015,1.570021,-0.300000,1.000000,1.100000,0.000000,0.000000,-1.571000,-0.299976,1.000931,1.065203,1.492148
1.236000,-0.000024,-0.000932,0.034797,-0.000031,-0.005645,-0.037326,-0.000000,-0.001015,1.570021,-0.300000,1.000000,1.100000,0.000000,0.000000,-1.571000,-0.299976,1.000932,1.065203,1.492149
1.238000,-0.000024,-0.000934,0.034797,-0.000031,-0.005645,-0.037326,-0.000000,-0.001015,1.570021,-0.300000,1.000000,1.100000,0.000000,0.000000,-1.571000,-0.299976,1.000934,1.065203,1.492150
1.240000,-0.000024,-0.000936,0.034797,-0.000031,-0.005645,-0.037326,-0.000000,-0.001015,1.570021,-0.300000,1.000000,1.100000,0.000000,0.000000,-1.571000,-0.299976,1.000936,1.065203,1.492151
1.242000,-0.000024,-0.000937,0.034797,-0.000031,-0.005645,-0.037326,-0.000000,-0.001015,1.570021,-0.300000,1.000000,1.100000,0.000000,0.000000,-1.571000,-0.299976,1.000937,1.065203,1.492152
1.244000,-0.000024,-0.000939,0.034797,-0.000031,-0.005645,-0.037326,-0.000000,-0.001015,1.570021,-0.300000,1.000000,1.100000,0.000000,0.000000,-1.571000,-0.299976,1.000939,1.065203,1.492153
1.246000,-0.000024,-0.000941,0.034797,-0.000031,-0.005645,-0.037326,-0.000000,-0.001015,1.570021,-0.300000,1.000000,1.100000,0.000000,0.000000,-1.571000,-0.299976,1.000941,1.065203,1.492155
1.248000,-0.000024,-0.000942,0.034797,-0.000031,-0.005645,-0.037326,-0.000000,-0.001015,1.570021,-0.300000,1.000000,1.100000,0.000000,0.000000,-1.571000,-0.299976,1.000942,1.065203,1.492156
1.250000,-0.000024,-0.000944,0.034797,-0.000031,-0.005645,-0.037326,-0.000000,-0.001015,1.570021,-0.300000,1.000000,1.100000,0.000000,0.000000,-1.571000,-0.299976,1.000944,1.065203,1.492157
1.252000,-0.000024,-0.000946,0.034797,-0.000031,-0.005645,-0.037326,-0.000000,-0.001015,1.570021,-0.300000,1.000000,1.100000,0.000000,0.000000,-1.571000,-0.299976,1.000946,1.065203,1.492158
1.254000,-0.000024,-0.000947,0.034797,-0.000031,-0.005645,-0.037326,-0.000000,-0.001015,1.570021,-0.300000,1.000000,1.100000,0.000000,0.000000,-1.571000,-0.299976,1.000947,1.065203,1.492159
1.256000,-0.000024,-0.000949,0.034797,-0.000031,-0.005645,-0.037326,-0.000000,-0.001015,1.570022,-0.300000,1.000000,1.100000,0.000000,0.000000,-1.571000,-0.299976,1.000949,1.065203,1.492160
1.258000,-0.000024,-0.000951,0.034797,-0.000031,-0.005645,-0.037326,-0.000000,-0.001015,1.570022,-0.300000,1.000000,1.100000,0.000000,0.000000,-1.571000,-0.299976,1.000951,1.065203,1.492161
1.260000,-0.000024,-0.000952,0.034797,-0.000031,-0.005645,-0.037326,-0.000000,-0.001015,1.570022,-0.300000,1.000000,1.100000,0.000000,0.000000,-1.571000,-0.299976,1.000952,1.065203,1.492162
1.262000,-0.000024,-0.000954,0.034797,-0.000031,-0.005645,-0.037326,-0.000000,-0.001015,1.570022,-0.300000,1.000000,1.100000,0.000000,0.000000,-1.571000,-0.299976,1.000954,1.065203,1.492163
1.264000,-0.000025,-0.000956,0.034797,-0.000031,-0.005645,-0.037326,-0.000000,-0.001015,1.570022,-0.300000,1.000000,1.100000,0.000000,0.000000,-1.571000,-0.299975,1.000956,1.065203,1.492165
1.266000,-0.000025,-0.000958,0.034797,-0.000031,-0.005645,-0.037326,-0.000000,-0.001015,1.570022,-0.300000,1.000000,1.100000,0.000000,0.000000,-1.571000,-0.299975,1.000958,1.065203,1.492166
1.268000,-0.000025,-0.000959,0.034797,-0.000031,-0.005645,-0.037326,-0.000000,-0.001015,1.570022,-0.300000,1.000000,1.100000,0.000000,0.000000,-1.571000,-0.299975,1.000959,1.065203,1.492167
1.270000,-0.000025,-0.000961,0.034797,-0.000031,-0.005645,-0.037326,-0.000000,-0.001015,1.570022,-0.300000,1.000000,1.100000,0.000000,0.000000,-1.571000,-0.299975,1.000961,1.065203,1.492168
1.272000,-0.000025,-0.000963,0.034797,-0.000031,-0.005645,-0.037326,-0.000000,-0.001015,1.570022,-0.300000,1.000000,1.100000,0.000000,0.000000,-1.571000,-0.299975,1.000963,1.065203,1.492169
1.274000,-0.000025,-0.000964,0.034797,-0.000031,-0.005645,-0.037326,-0.000000,-0.001015,1.570022,-0.300000,1.000000,1.100000,0.000000,0.000000,-1.571000,-0.299975,1.000964,1.065203,1.492170
1.276000,-0.000025,-0.000966,0.034797,-0.000031,-0.005645,-0.037326,-0.000000,-0.001015,1.570022,-0.300000,1.000000,1.100000,0.000000,0.000000,-1.571000,-0.299975,1.000966,1.065203,1.492171
1.278000,-0.000025,-0.000968,0.034797,-0.000031,-0.005645,-0.037326,-0.000000,-0.001015,1.570022,-0.300000,1.000000,1.100000,0.000000,0.000000,-1.571000,-0.299975,1.000968,1.065203,1.492172
1.280000,-0.000025,-0.000969,0.034797,-0.000031,-0.005645,-0.037326,-0.000000,-0.001015,1.570022,-0.300000,1.000000,1.100000,0.000000,0.000000,-1.571000,-0.299975,1.000969,1.065203,1.492173
1.282000,-0.000025,-0.000971,0.034797,-0.000031,-0.005645,-0.037326,-0.000000,-0.001015,1.570022,-0.300000,1.000000,1.100000,0.000000,0.000000,-1.571000,-0.299975,1.000971,1.065203,1.492175
1.284000,-0.000025,-0.000973,0.034797,-0.000031,-0.005645,-0.037326,-0.000000,-0.001015,1.570022,-0.300000,1.000000,1.100000,0.000000,0.000000,-1.571000,-0.299975,1.000973,1.065203,1.492176
1.286000,-0.000025,-0.000974,0.034797,-0.000031,-0.005645,-0.037326,-0.000000,-0.001015,1.570022,-0.300000,1.000000,1.100000,0.000000,0.000000,-1.571000,-0.299975,1.000974,1.065203,1.492177
1.288000,-0.000025,-0.000976,0.034797,-0.000031,-0.005645,-0.037326,-0.000000,-0.001015,1.570022,-0.300000,1.000000,1.100000,0.000000,0.000000,-1.571000,-0.299975,1.000976,1.065203,1.492178
1.290000,-0.000025,-0.000978,0.034797,-0.000031,-0.005645,-0.037326,-0.000000,-0.001015,1.570022,-0.300000,1.000000,1.100000,0.000000,0.000000,-1.571000,-0.299975,1.000978,1.065203,1.492179
1.292000,-0.000025,-0.000979,0.034797,-0.000031,-0.005645,-0.037326,-0.000000,-0.001015,1.570022,-0.300000,1.000000,1.100000,0.000000,0.000000,-1.571000,-0.299975,1.000979,1.065203,1.492180
1.294000,-0.000025,-0.000981,0.034797,-0.000031,-0.005645,-0.037326,-0.000000,-0.001015,1.570022,-0.300000,1.000000,1.100000,0.000000,0.000000,-1.571000,-0.299975,1.000981,1.065203,1.492181
1.296000,-0.000025,-0.000983,0.034797,-0.000031,-0.005645,-0.037326,-0.000000,-0.001015,1.570022,-0.300000,1.000000,1.100000,0.000000,0.000000,-1.571000,-0.299975,1.000983,1.065203,1.492182
1.298000,-0.000025,-0.000984,0.034797,-0.000031,-0.005645,-0.037326,-0.000000,-0.001015,1.570022,-0.300000,1.000000,1.100000,0.000000,0.000000,-1.571000,-0.299975,1.000984,1.065203,1.492184
1.300000,-0.000025,-0.000986,0.034797,-0.000031,-0.005645,-0.037326,-0.000000,-0.001015,1.570022,-0.300000,1.000000,1.100000,0.000000,0.000000,-1.571000,-0.299975,1.000986,1.065203,1.492185
1.302000,-0.000025,-0.000988,0.034797,-0.000031,-0.005645,-0.037326,-0.000000,-0.001015,1.570022,-0.300000,1.000000,1.100000,0.000000,0.000000,-1.571000,-0.299975,1.000988,1.065203,1.492186
1.304000,-0.000025,-0.000989,0.034797,-0.000031,-0.005645,-0.037326,-0.000000,-0.001015,1.570022,-0.300000,1.000000,1.100000,0.000000,0.000000,-1.571000,-0.299975,1.000989,1.065203,1.492187
1.306000,-0.000025,-0.000991,0.034797,-0.000031,-0.005645,-0.037326,-0.000000,-0.001015,1.570023,-0.300000,1.000000,1.100000,0.000000,0.000000,-1.571000,-0.299975,1.000991,1.065203,1.492188
1.308000,-0.000026,-0.000993,0.034797,-0.000031,-0.005645,-0.037326,-0.000000,-0.001015,1.570023,-0.300000,1.000000,1.100000,0.000000,0.000000,-1.571000,-0.299974,1.000993,1.065203,1.492189
1.310000,-0.000026,-0.000994,0.034797,-0.000031,-0.005645,-0.037326,-0.000000,-0.001015,1.570023,-0.300000,1.000000,1.100000,0.000000,0.000000,-1.571000,-0.299974,1.000994,1.065203,1.492190
1.312000,-0.000026,-0.000996,0.034797,-0.000031,-0.005645,-0.037326,-0.000000,-0.001015,1.570023,-0.300000,1.000000,1.100000,0.000000,0.000000,-1.571000,-0.299974,1.000996,1.065203,1.492191
1.314000,-0.000026,-0.000998,0.034797,-0.000031,-0.005645,-0.037326,-0.000000,-0.001015,1.570023,-0.300000,1.000000,1.100000,0.000000,0.000000,-1.571000,-0.299974,1.000998,1.065203,1.492192
1.316000,-0.000026,-0.000999,0.034797,-0.000031,-0.005645,-0.037326,-0.000000,-0.001015,1.570023,-0.300000,1.000000,1.100000,0.000000,0.000000,-1.571000,-0.299974,1.000999,1.065203,1.492194
1.318000,-0.000026,-0.001001,0.034797,-0.000031,-0.005645,-0.037326,-0.000000,-0.001015,1.570023,-0.300000,1.000000,1.100000,0.000000,0.000000,-1.571000,-0.299974,1.001001,1.065203,1.492195
1.320000,-0.000026,-0.001003,0.034797,-0.000031,-0.005645,-0.037326,-0.000000,-0.001015,1.570023,-0.300000,1.000000,1.100000,0.000000,0.000000,-1.571000,-0.299974,1.001003,1.065203,1.492196
1.322000,-0.000026,-0.001004,0.034797,-0.000031,-0.005645,-0.037326,-0.000000,-0.001015,1.570023,-0.300000,1.000000,1.100000,0.000000,0.000000,-1.571000,-0.299974,1.001004,1.065203,1.492197
1.324000,-0.000026,-0.001006,0.034797,-0.000031,-0.005645,-0.037326,-0.000000,-0.001015,1.570023,-0.300000,1.000000,1.100000,0.000000,0.000000,-1.571000,-0.299974,1.001006,1.065203,1.492198
1.326000,-0.000026,-0.001008,0.034797,-0.000031,-0.005645,-0.037326,-0.000000,-0.001015,1.570023,-0.300000,1.000000,1.100000,0.000000,0.000000,-1.571000,-0.299974,1.001008,1.065203,1.492199
1.328000,-0.000026,-0.001009,0.034797,-0.000031,-0.005645,-0.037326,-0.000000,-0.001015,1.570023,-0.300000,1.000000,1.100000,0.000000,0.000000,-1.571000,-0.299974,1.001009,1.065203,1.492200
1.330000,-0.000026,-0.001011,0.034797,-0.000031,-0.005645,-0.037326,-0.000000,-0.001015,1.570023,-0.300000,1.000000,1.100000,0.000000,0.000000,-1.571000,-0.299974,1.001011,1.065203,1.492201
1.332000,-0.000026,-0.001013,0.034797,-0.000031,-0.005645,-0.037326,-0.000000,-0.001015,1.570023,-0.300000,1.000000,1.100000,0.000000,0.000000,-1.571000,-0.299974,1.001013,1.065203,1.492202
1.334000,-0.000026,-0.001014,0.034797,-0.000031,-0.005645,-0.037326,-0.000000,-0.001015,1.570023,-0.300000,1.000000,1.100000,0.000000,0.000000,-1.571000,-0.299974,1.001014,1.065203,1.492204
1.336000,-0.000026,-0.001016,0.034797,-0.000031,-0.005645,-0.037326,-0.000000,-0.001015,1.570023,-0.300000,1.000000,1.100000,0.000000,0.000000,-1.571000,-0.299974,1.001016,1.065203,1.492205
1.338000,-0.000026,-0.001018,0.034797,-0.000031,-0.005645,-0.037326,-0.000000,-0.001015,1.570023,-0.300000,1.000000,1.100000,0.000000,0.000000,-1.571000,-0.299974,1.001018,1.065203,1.492206
1.340000,-0.000026,-0.001019,0.034797,-0.000031,-0.005645,-0.037326,-0.000000,-0.001015,1.570023,-0.300000,1.000000,1.100000,0.000000,0.000000,-1.571000,-0.299974,1.001019,1.065203,1.492207
1.342000,-0.000026,-0.001021,0.034797,-0.000031,-0.005645,-0.037326,-0.000000,-0.001015,1.570023,-0.300000,1.000000,1.100000,0.000000,0.000000,-1.571000,-0.299974,1.001021,1.065203,1.492208
1.344000,-0.000026,-0.001023,0.034797,-0.000031,-0.005645,-0.037326,-0.000000,-0.001015,1.570023,-0.300000,1.000000,1.100000,0.000000,0.000000,-1.571000,-0.299974,1.001023,1.065203,1.492209
1.346000,-0.000026,-0.001024,0.034797,-0.000031,-0.005645,-0.037326,-0.000000,-0.001015,1.570023,-0.300000,1.000000,1.100000,0.000000,0.000000,-1.571000,-0.299974,1.001024,1.065203,1.492210
1.348000,-0.000026,-0.001026,0.034797,-0.000031,-0.005645,-0.037326,-0.000000,-0.001015,1.570023,-0.300000,1.000000,1.100000,0.000000,0.000000,-1.571000,-0.299974,1.001026,1.065203,1.492211
1.350000,-0.000026,-0.001028,0.034797,-0.000031,-0.005645,-0.037326,-0.000000,-0.001015,1.570023,-0.300000,1.000000,1.100000,0.000000,0.000000,-1.571000,-0.299974,1.001028,1.065203,1.492212
1.352000,-0.000027,-0.001030,0.034797,-0.000031,-0.005645,-0.037326,-0.000000,-0.001015,1.570023,-0.300000,1.000000,1.100000,0.000000,0.000000,-1.571000,-0.299973,1.001030,1.065203,1.492214
1.354000,-0.000027,-0.001031,0.034797,-0.000031,-0.005645,-0.037326,-0.000000,-0.001015,1.570023,-0.300000,1.000000,1.100000,0.000000,0.000000,-1.571000,-0.299973,1.001031,1.065203,1.492215
1.356000,-0.000027,-0.001033,0.034797,-0.000031,-0.005645,-0.037326,-0.000000,-0.001015,1.570023,-0.300000,1.000000,1.100000,0.000000,0.000000,-1.571000,-0.299973,1.001033,1.065203,1.492216
1.358000,-0.000027,-0.001035,0.034797,-0.000031,-0.005645,-0.037326,-0.000000,-0.001015,1.570024,-0.300000,1.000000,1.100000,0.000000,0.000000,-1.571000,-0.299973,1.001035,1.065203,1.492217
1.360000,-0.000027,-0.001036,0.034797,-0.000031,-0.005645,-0.037326,-0.000000,-0.001015,1.570024,-0.300000,1.000000,1.100000,0.000000,0.000000,-1.571000,-0.299973,1.001036,1.065203,1.492218
1.362000,-0.000027,-0.001038,0.034797,-0.000031,-0.005645,-0.037326,-0.000000,-0.001015,1.570024,-0.300000,1.000000,1.100000,0.000000,0.000000,-1.571000,-0.299973,1.001038,1.065203,1.492219
1.364000,-0.000027,-0.001040,0.034797,-0.000031,-0.005645,-0.037326,-0.000000,-0.001015,1.570024,-0.300000,1.000000,1.100000,0.000000,0.000000,-1.571000,-0.299973,1.001040,1.065203,1.492220
1.366000,-0.000027,-0.001041,0.034797,-0.000031,-0.005645,-0.037326,-0.000000,-0.001015,1.570024,-0.300000,1.000000,1.100000,0.000000,0.000000,-1.571000,-0.299973,1.001041,1.065203,1.492221
1.368000,-0.000027,-0.001043,0.034797,-0.000031,-0.005645,-0.037326,-0.000000,-0.001015,1.570024,-0.300000,1.000000,1.100000,0.000000,0.000000,-1.571000,-0.299973,1.001043,1.065203,1.492223
1.370000,-0.000027,-0.001045,0.034797,-0.000031,-0.005645,-0.037326,-0.000000,-0.001015,1.570024,-0.300000,1.000000,1.100000,0.000000,0.000000,-1.571000,-0.299973,1.001045,1.065203,1.492224
1.372000,-0.000027,-0.001046,0.034797,-0.000031,-0.005645,-0.037326,-0.000000,-0.001015,1.570024,-0.300000,1.000000,1.100000,0.000000,0.000000,-1.571000,-0.299973,1.001046,1.065203,1.492225
1.374000,-0.000027,-0.001048,0.034797,-0.000031,-0.005645,-0.037326,-0.000000,-0.001015,1.570024,-0.300000,1.000000,1.100000,0.000000,0.000000,-1.571000,-0.299973,1.001048,1.065203,1.492226
1.376000,-0.000027,-0.001050,0.034797,-0.000031,-0.005645,-0.037326,-0.000000,-0.001015,1.570024,-0.300000,1.000000,1.100000,0.000000,0.000000,-1.571000,-0.299973,1.001050,1.065203,1.492227
1.378000,-0.000027,-0.001051,0.034797,-0.000031,-0.005645,-0.037326,-0.000000,-0.001015,1.570024,-0.300000,1.000000,1.100000,0.000000,0.000000,-1.571000,-0.299973,1.001051,1.065203,1.492228
1.380000,-0.000027,-0.001053,0.034797,-0.000031,-0.005645,-0.037326,-0.000000,-0.001015,1.570024,-0.300000,1.000000,1.100000,0.000000,0.000000,-1.571000,-0.299973,1.001053,1.065203,1.492229
1.382000,-0.000027,-0.001055,0.034797,-0.000031,-0.005645,-0.037326,-0.000000,-0.001015,1.570024,-0.300000,1.000000,1.100000,0.000000,0.000000,-1.571000,-0.299973,1.001055,1.065203,1.492230
1.384000,-0.000027,-0.001056,0.034797,-0.000031,-0.005645,-0.037326,-0.000000,-0.001015,1.570024,-0.300000,1.000000,1.100000,0.000000,0.000000,-1.571000,-0.299973,1.001056,1.065203,1.492231
1.386000,-0.000027,-0.001058,0.034797,-0.000031,-0.005645,-0.037326,-0.000000,-0.001015,1.570024,-0.300000,1.000000,1.100000,0.000000,0.000000,-1.571000,-0.299973,1.001058,1.065203,1.492233
1.388000,-0.000027,-0.001060,0.034797,-0.000031,-0.005645,-0.037326,-0.000000,-0.001015,1.570024,-0.300000,1.000000,1.100000,0.000000,0.000000,-1.571000,-0.299973,1.001060,1.065203,1.492234
1.390000,-0.000027,-0.001061,0.034797,-0.000031,-0.005645,-0.037326,-0.000000,-0.001015,1.570024,-0.300000,1.000000,1.100000,0.000000,0.000000,-1.571000,-0.299973,1.001061,1.065203,1.492235
1.392000,-0.000027,-0.001063,0.034797,-0.000031,-0.005645,-0.037326,-0.000000,-0.001015,1.570024,-0.300000,1.000000,1.100000,0.000000,0.000000,-1.571000,-0.299973,1.001063,1.065203,1.492236
1.394000,-0.000027,-0.001065,0.034797,-0.000031,-0.005645,-0.037326,-0.000000,-0.001015,1.570024,-0.300000,1.000000,1.100000,0.000000,0.000000,-1.571000,-0.299973,1.001065,1.065203,1.492237
1.396000,-0.000027,-0.001066,0.034797,-0.000031,-0.005645,-0.037326,-0.000000,-0.001015,1.570024,-0.300000,1.000000,1.100000,0.000000,0.000000,-1.571000,-0.299973,1.001066,1.065203,1.492238
1.398000,-0.000028,-0.001068,0.034797,-0.000031,-0.005645,-0.037326,-0.000000,-0.001015,1.570024,-0.300000,1.000000,1.100000,0.000000,0.000000,-1.571000,-0.299972,1.001068,1.065203,1.492239
1.400000,-0.000028,-0.001070,0.034797,-0.000031,-0.005645,-0.037326,-0.000000,-0.001015,1.570024,-0.300000,1.000000,1.100000,0.000000,0.000000,-1.571000,-0.299972,1.001070,1.065203,1.492240
1.402000,-0.000028,-0.001071,0.034797,-0.000031,-0.005645,-0.037326,-0.000000,-0.001015,1.570024,-0.300000,1.000000,1.100000,0.000000,0.000000,-1.571000,-0.299972,1.001071,1.065203,1.492241
1.404000,-0.000028,-0.001073,0.034797,-0.000031,-0.005645,-0.037326,-0.000000,-0.001015,1.570024,-0.300000,1.000000,1.100000,0.000000,0.000000,-1.571000,-0.299972,1.001073,1.065203,1.492243
1.406000,-0.000028,-0.001075,0.034797,-0.000031,-0.005645,-0.037326,-0.000000,-0.001015,1.570024,-0.300000,1.000000,1.100000,0.000000,0.000000,-1.571000,-0.299972,1.001075,1.065203,1.492244
1.408000,-0.000028,-0.001076,0.034797,-0.000031,-0.005645,-0.037326,-0.000000,-0.001015,1.570025,-0.300000,1.000000,1.100000,0.000000,0.000000,-1.571000,-0.299972,1.001076,1.065203,1.492245
1.410000,-0.000028,-0.001078,0.034797,-0.000031,-0.005645,-0.037326,-0.000000,-0.001015,1.570025,-0.300000,1.000000,1.100000,0.000000,0.000000,-1.571000,-0.299972,1.001078,1.065203,1.492246
1.412000,-0.000028,-0.001080,0.034797,-0.000031,-0.005645,-0.037326,-0.000000,-0.001015,1.570025,-0.300000,1.000000,1.100000,0.000000,0.000000,-1.571000,-0.299972,1.001080,1.065203,1.492247
1.414000,-0.000028,-0.001081,0.034797,-0.000031,-0.005645,-0.037326,-0.000000,-0.001015,1.570025,-0.300000,1.000000,1.100000,0.000000,0.000000,-1.571000,-0.299972,1.001081,1.065203,1.492248
1.416000,-0.000028,-0.001083,0.034797,-0.000031,-0.005645,-0.037326,-0.000000,-0.001015,1.570025,-0.300000,1.000000,1.100000,0.000000,0.000000,-1.571000,-0.299972,1.001083,1.065203,1.492249
1.418000,-0.000028,-0.001085,0.034797,-0.000031,-0.005645,-0.037326,-0.000000,-0.001015,1.570025,-0.300000,1.000000,1.100000,0.000000,0.000000,-1.571000,-0.299972,1.001085,1.065203,1.492250
1.420000,-0.000028,-0.001086,0.034797,-0.000031,-0.005645,-0.037326,-0.000000,-0.001015,1.570025,-0.300000,1.000000,1.100000,0.000000,0.000000,-1.571000,-0.299972,1.001086,1.065203,1.492251
1.422000,-0.000028,-0.001088,0.034797,-0.000031,-0.005645,-0.037326,-0.000000,-0.001015,1.570025,-0.300000,1.000000,1.100000,0.000000,0.000000,-1.571000,-0.299972,1.001088,1.065203,1.492253
1.424000,-0.000028,-0.001090,0.034797,-0.000031,-0.005645,-0.037326,-0.000000,-0.001015,1.570025,-0.300000,1.000000,1.100000,0.000000,0.000000,-1.571000,-0.299972,1.001090,1.065203,1.492254
1.426000,-0.000028,-0.001091,0.034797,-0.000031,-0.005645,-0.037326,-0.000000,-0.001015,1.570025,-0.300000,1.000000,1.100000,0.000000,0.000000,-1.571000,-0.299972,1.001091,1.065203,1.492255
1.428000,-0.000028,-0.001093,0.034797,-0.000031,-0.005645,-0.037326,-0.000000,-0.001015,1.570025,-0.300000,1.000000,1.100000,0.000000,0.000000,-1.571000,-0.299972,1.001093,1.065203,1.492256
1.430000,-0.000028,-0.001095,0.034797,-0.000031,-0.005645,-0.037326,-0.000000,-0.001015,1.570025,-0.300000,1.000000,1.100000,0.000000,0.000000,-1.571000,-0.299972,1.001095,1.065203,1.492257
1.432000,-0.000028,-0.001097,0.034797,-0.000031,-0.005645,-0.037326,-0.000000,-0.001015,1.570025,-0.300000,1.000000,1.100000,0.000000,0.000000,-1.571000,-0.299972,1.001097,1.065203,1.492258
1.434000,-0.000028,-0.001098,0.034797,-0.000031,-0.005645,-0.037326,-0.000000,-0.001015,1.570025,-0.300000,1.000000,1.100000,0.000000,0.000000,-1.571000,-0.299972,1.001098,1.065203,1.492259
1.436000,-0.000028,-0.001100,0.034797,-0.000031,-0.005645,-0.037326,-0.000000,-0.001015,1.570025,-0.300000,1.000000,1.100000,0.000000,0.000000,-1.571000,-0.299972,1.001100,1.065203,1.492260
1.438000,-0.000028,-0.001102,0.034797,-0.000031,-0.005645,-0.037326,-0.000000,-0.001015,1.570025,-0.300000,1.000000,1.100000,0.000000,0.000000,-1.571000,-0.299972,1.001102,1.065203,1.492262
1.440000,-0.000028,-0.001103,0.034797,-0.000031,-0.005645,-0.037326,-0.000000,-0.001015,1.570025,-0.300000,1.000000,1.100000,0.000000,0.000000,-1.571000,-0.299972,1.001103,1.065203,1.492263
1.442000,-0.000029,-0.001105,0.034797,-0.000031,-0.005645,-0.037326,-0.000000,-0.001015,1.570025,-0.300000,1.000000,1.100000,0.000000,0.000000,-1.571000,-0.299971,1.001105,1.065203,1.492264
1.444000,-0.000029,-0.001107,0.034797,-0.000031,-0.005645,-0.037326,-0.000000,-0.001015,1.570025,-0.300000,1.000000,1.100000,0.000000,0.000000,-1.571000,-0.299971,1.001107,1.065203,1.492265
1.446000,-0.000029,-0.001108,0.034797,-0.000031,-0.005645,-0.037326,-0.000000,-0.001015,1.570025,-0.300000,1.000000,1.100000,0.000000,0.000000,-1.571000,-0.299971,1.001108,1.065203,1.492266
1.448000,-0.000029,-0.001110,0.034797,-0.000031,-0.005645,-0.037326,-0.000000,-0.001015,1.570025,-0.300000,1.000000,1.100000,0.000000,0.000000,-1.571000,-0.299971,1.001110,1.065203,1.492267
1.450000,-0.000029,-0.001112,0.034797,-0.000031,-0.005645,-0.037326,-0.000000,-0.001015,1.570025,-0.300000,1.000000,1.100000,0.000000,0.000000,-1.571000,-0.299971,1.001112,1.065203,1.492268
1.452000,-0.000029,-0.001113,0.034797,-0.000031,-0.005645,-0.037326,-0.000000,-0.001015,1.570025,-0.300000,1.000000,1.100000,0.000000,0.000000,-1.571000,-0.299971,1.001113,1.065203,1.492269
1.454000,-0.000029,-0.001115,0.034797,-0.000031,-0.005645,-0.037326,-0.000000,-0.001015,1.570025,-0.300000,1.000000,1.100000,0.000000,0.000000,-1.571000,-0.299971,1.001115,1.065203,1.492270
1.456000,-0.000029,-0.001117,0.034797,-0.000031,-0.005645,-0.037326,-0.000000,-0.001015,1.570025,-0.300000,1.000000,1.100000,0.000000,0.000000,-1.571000,-0.299971,1.001117,1.065203,1.492272
1.458000,-0.000029,-0.001118,0.034797,-0.000031,-0.005645,-0.037326,-0.000000,-0.001015,1.570026,-0.300000,1.000000,1.100000,0.000000,0.000000,-1.571000,-0.299971,1.001118,1.065203,1.492273
1.460000,-0.000029,-0.001120,0.034797,-0.000031,-0.005645,-0.037326,-0.000000,-0.001015,1.570026,-0.300000,1.000000,1.100000,0.000000,0.000000,-1.571000,-0.299971,1.001120,1.065203,1.492274
1.462000,-0.000029,-0.001122,0.034797,-0.000031,-0.005645,-0.037326,-0.000000,-0.001015,1.570026,-0.300000,1.000000,1.100000,0.000000,0.000000,-1.571000,-0.299971,1.001122,1.065203,1.492275
1.464000,-0.000029,-0.001123,0.034797,-0.000031,-0.005645,-0.037326,-0.000000,-0.001015,1.570026,-0.300000,1.000000,1.100000,0.000000,0.000000,-1.571000,-0.299971,1.001123,1.065203,1.492276
1.466000,-0.000029,-0.001125,0.034797,-0.000031,-0.005645,-0.037326,-0.000000,-0.001015,1.570026,-0.300000,1.000000,1.100000,0.000000,0.000000,-1.571000,-0.299971,1.001125,1.065203,1.492277
1.468000,-0.000029,-0.001127,0.034797,-0.000031,-0.005645,-0.037326,-0.000000,-0.001015,1.570026,-0.300000,1.000000,1.100000,0.000000,0.000000,-1.571000,-0.299971,1.001127,1.065203,1.492278
1.470000,-0.000029,-0.001128,0.034797,-0.000031,-0.005645,-0.037326,-0.000000,-0.001015,1.570026,-0.300000,1.000000,1.100000,0.000000,0.000000,-1.571000,-0.299971,1.001128,1.065203,1.492279
1.472000,-0.000029,-0.001130,0.034797,-0.000031,-0.005645,-0.037326,-0.000000,-0.001015,1.570026,-0.300000,1.000000,1.100000,0.000000,0.000000,-1.571000,-0.299971,1.001130,1.065203,1.492280
1.474000,-0.000029,-0.001132,0.034797,-0.000031,-0.005645,-0.037326,-0.000000,-0.001015,1.570026,-0.300000,1.000000,1.100000,0.000000,0.000000,-1.571000,-0.299971,1.001132,1.065203,1.492282
1.476000,-0.000029,-0.001133,0.034797,-0.000031,-0.005645,-0.037326,-0.000000,-0.001015,1.570026,-0.300000,1.000000,1.100000,0.000000,0.000000,-1.571000,-0.299971,1.001133,1.065203,1.492283
1.478000,-0.000029,-0.001135,0.034797,-0.000031,-0.005645,-0.037326,-0.000000,-0.001015,1.570026,-0.300000,1.000000,1.100000,0.000000,0.000000,-1.571000,-0.299971,1.001135,1.065203,1.492284
1.480000,-0.000029,-0.001137,0.034797,-0.000031,-0.005645,-0.037326,-0.000000,-0.001015,1.570026,-0.300000,1.000000,1.100000,0.000000,0.000000,-1.571000,-0.299971,1.001137,1.065203,1.492285
1.482000,-0.000029,-0.001138,0.034797,-0.000031,-0.005645,-0.037326,-0.000000,-0.001015,1.570026,-0.300000,1.000000,1.100000,0.000000,0.000000,-1.571000,-0.299971,1.001138,1.065203,1.492286
1.484000,-0.000029,-0.001140,0.034797,-0.000031,-0.005645,-0.037326,-0.000000,-0.001015,1.570026,-0.300000,1.000000,1.100000,0.000000,0.000000,-1.571000,-0.299971,1.001140,1.065203,1.492287
1.486000,-0.000030,-0.001142,0.034797,-0.000031,-0.005645,-0.037326,-0.000000,-0.001015,1.570026,-0.300000,1.000000,1.100000,0.000000,0.000000,-1.571000,-0.299970,1.001142,1.065203,1.492288
1.488000,-0.000030,-0.001143,0.034797,-0.000031,-0.005645,-0.037326,-0.000000,-0.001015,1.570026,-0.300000,1.000000,1.100000,0.000000,0.000000,-1.571000,-0.299970,1.001143,1.065203,1.492289
1.490000,-0.000030,-0.001145,0.034797,-0.000031,-0.005645,-0.037326,-0.000000,-0.001015,1.570026,-0.300000,1.000000,1.100000,0.000000,0.000000,-1.571000,-0.299970,1.001145,1.065203,1.492290
1.492000,-0.000030,-0.001147,0.034797,-0.000031,-0.005645,-0.037326,-0.000000,-0.001015,1.570026,-0.300000,1.000000,1.100000,0.000000,0.000000,-1.571000,-0.299970,1.001147,1.065203,1.492292
1.494000,-0.000030,-0.001148,0.034797,-0.000031,-0.005645,-0.037326,-0.000000,-0.001015,1.570026,-0.300000,1.000000,1.100000,0.000000,0.000000,-1.571000,-0.299970,1.001148,1.065203,1.492293
1.496000,-0.000030,-0.001150,0.034797,-0.000031,-0.005645,-0.037326,-0.000000,-0.001015,1.570026,-0.300000,1.000000,1.100000,0.000000,0.000000,-1.571000,-0.299970,1.001150,1.065203,1.492294
1.498000,-0.000030,-0.001152,0.034797,-0.000031,-0.005645,-0.037326,-0.000000,-0.001015,1.570026,-0.300000,1.000000,1.100000,0.000000,0.000000,-1.571000,-0.299970,1.001152,1.065203,1.492295
1.500000,-0.000030,-0.001153,0.034797,-0.000031,-0.005645,-0.037326,-0.000000,-0.001015,1.570026,-0.300000,1.000000,1.100000,0.000000,0.000000,-1.571000,-0.299970,1.001153,1.065203,1.492296
1.502000,-0.000030,-0.001155,0.034797,-0.000031,-0.005645,-0.037326,-0.000000,-0.001015,1.570026,-0.300000,1.000000,1.100000,0.000000,0.000000,-1.571000,-0.299970,1.001155,1.065203,1.492297
1.504000,-0.000030,-0.001157,0.034797,-0.000031,-0.005645,-0.037326,-0.000000,-0.001015,1.570026,-0.300000,1.000000,1.100000,0.000000,0.000000,-1.571000,-0.299970,1.001157,1.065203,1.492298
1.506000,-0.000030,-0.001158,0.034797,-0.000031,-0.005645,-0.037326,-0.000000,-0.001015,1.570026,-0.300000,1.000000,1.100000,0.000000,0.000000,-1.571000,-0.299970,1.001158,1.065203,1.492299
1.508000,-0.000030,-0.001160,0.034797,-0.000031,-0.005645,-0.037326,-0.000000,-0.001015,1.570027,-0.300000,1.000000,1.100000,0.000000,0.000000,-1.571000,-0.299970,1.001160,1.065203,1.492301
1.510000,-0.000030,-0.001162,0.034797,-0.000031,-0.005645,-0.037326,-0.000000,-0.001015,1.570027,-0.300000,1.000000,1.100000,0.000000,0.000000,-1.571000,-0.299970,1.001162,1.065203,1.492302
1.512000,-0.000030,-0.001164,0.034797,-0.000031,-0.005645,-0.037326,-0.000000,-0.001015,1.570027,-0.300000,1.000000,1.100000,0.000000,0.000000,-1.571000,-0.299970,1.001164,1.065203,1.492303
1.514000,-0.000030,-0.001165,0.034797,-0.000031,-0.005645,-0.037326,-0.000000,-0.001015,1.570027,-0.300000,1.000000,1.100000,0.000000,0.000000,-1.571000,-0.299970,1.001165,1.065203,1.492304
1.516000,-0.000030,-0.001167,0.034797,-0.000031,-0.005645,-0.037326,-0.000000,-0.001015,1.570027,-0.300000,1.000000,1.100000,0.000000,0.000000,-1.571000,-0.299970,1.001167,1.065203,1.492305
1.518000,-0.000030,-0.001169,0.034797,-0.000031,-0.005645,-0.037326,-0.000000,-0.001015,1.570027,-0.300000,1.000000,1.100000,0.000000,0.000000,-1.571000,-0.299970,1.001169,1.065203,1.492306
1.520000,-0.000030,-0.001170,0.034797,-0.000031,-0.005645,-0.037326,-0.000000,-0.001015,1.570027,-0.300000,1.000000,1.100000,0.000000,0.000000,-1.571000,-0.299970,1.001170,1.065203,1.492307
1.522000,-0.000030,-0.001172,0.034797,-0.000031,-0.005645,-0.037326,-0.000000,-0.001015,1.570027,-0.300000,1.000000,1.100000,0.000000,0.000000,-1.571000,-0.299970,1.001172,1.065203,1.492308
1.524000,-0.000030,-0.001174,0.034797,-0.000031,-0.005645,-0.037326,-0.000000,-0.001015,1.570027,-0.300000,1.000000,1.100000,0.000000,0.000000,-1.571000,-0.299970,1.001174,1.065203,1.492309
1.526000,-0.000030,-0.001175,0.034797,-0.000031,-0.005645,-0.037326,-0.000000,-0.001015,1.570027,-0.300000,1.000000,1.100000,0.000000,0.000000,-1.571000,-0.299970,1.001175,1.065203,1.492311
1.528000,-0.000030,-0.001177,0.034797,-0.000031,-0.005645,-0.037326,-0.000000,-0.001015,1.570027,-0.300000,1.000000,1.100000,0.000000,0.000000,-1.571000,-0.299970,1.001177,1.065203,1.492312
1.530000,-0.000030,-0.001179,0.034797,-0.000031,-0.005645,-0.037326,-0.000000,-0.001015,1.570027,-0.300000,1.000000,1.100000,0.000000,0.000000,-1.571000,-0.299970,1.001179,1.065203,1.492313
1.532000,-0.000031,-0.001180,0.034797,-0.000031,-0.005645,-0.037326,-0.000000,-0.001015,1.570027,-0.300000,1.000000,1.100000,0.000000,0.000000,-1.571000,-0.299969,1.001180,1.065203,1.492314
1.534000,-0.000031,-0.001182,0.034797,-0.000031,-0.005645,-0.037326,-0.000000,-0.001015,1.570027,-0.300000,1.000000,1.100000,0.000000,0.000000,-1.571000,-0.299969,1.001182,1.065203,1.492315
1.536000,-0.000031,-0.001184,0.034797,-0.000031,-0.005645,-0.037326,-0.000000,-0.001015,1.570027,-0.300000,1.000000,1.100000,0.000000,0.000000,-1.571000,-0.299969,1.001184,1.065203,1.492316
1.538000,-0.000031,-0.001185,0.034797,-0.000031,-0.005645,-0.037326,-0.000000,-0.001015,1.570027,-0.300000,1.000000,1.100000,0.000000,0.000000,-1.571000,-0.299969,1.001185,1.065203,1.492317
1.540000,-0.000031,-0.001187,0.034797,-0.000031,-0.005645,-0.037326,-0.000000,-0.001015,1.570027,-0.300000,1.000000,1.100000,0.000000,0.000000,-1.571000,-0.299969,1.001187,1.065203,1.492318
1.542000,-0.000031,-0.001189,0.034797,-0.000031,-0.005645,-0.037326,-0.000000,-0.001015,1.570027,-0.300000,1.000000,1.100000,0.000000,0.000000,-1.571000,-0.299969,1.001189,1.065203,1.492319
1.544000,-0.000031,-0.001190,0.034797,-0.000031,-0.005645,-0.037326,-0.000000,-0.001015,1.570027,-0.300000,1.000000,1.100000,0.000000,0.000000,-1.571000,-0.299969,1.001190,1.065203,1.492321
1.546000,-0.000031,-0.001192,0.034797,-0.000031,-0.005645,-0.037326,-0.000000,-0.001015,1.570027,-0.300000,1.000000,1.100000,0.000000,0.000000,-1.571000,-0.299969,1.001192,1.065203,1.492322
1.548000,-0.000031,-0.001194,0.034797,-0.000031,-0.005645,-0.037326,-0.000000,-0.001015,1.570027,-0.300000,1.000000,1.100000,0.000000,0.000000,-1.571000,-0.299969,1.001194,1.065203,1.492323
1.550000,-0.000031,-0.001195,0.034797,-0.000031,-0.005645,-0.037326,-0.000000,-0.001015,1.570027,-0.300000,1.000000,1.100000,0.000000,0.000000,-1.571000,-0.299969,1.001195,1.065203,1.492324
1.552000,-0.000031,-0.001197,0.034797,-0.000031,-0.005645,-0.037326,-0.000000,-0.001015,1.570027,-0.300000,1.000000,1.100000,0.000000,0.000000,-1.571000,-0.299969,1.001197,1.065203,1.492325
1.554000,-0.000031,-0.001199,0.034797,-0.000031,-0.005645,-0.037326,-0.000000,-0.001015,1.570027,-0.300000,1.000000,1.100000,0.000000,0.000000,-1.571000,-0.299969,1.001199,1.065203,1.492326
1.556000,-0.000031,-0.001200,0.034797,-0.000031,-0.005645,-0.037326,-0.000000,-0.001015,1.570027,-0.300000,1.000000,1.100000,0.000000,0.000000,-1.571000,-0.299969,1.001200,1.065203,1.492327
1.558000,-0.000031,-0.001202,0.034797,-0.000031,-0.005645,-0.037326,-0.000000,-0.001015,1.570027,-0.300000,1.000000,1.100000,0.000000,0.000000,-1.571000,-0.299969,1.001202,1.065203,1.492328
1.560000,-0.000031,-0.001204,0.034797,-0.000031,-0.005645,-0.037326,-0.000000,-0.001015,1.570028,-0.300000,1.000000,1.100000,0.000000,0.000000,-1.571000,-0.299969,1.001204,1.065203,1.492330
1.562000,-0.000031,-0.001205,0.034797,-0.000031,-0.005645,-0.037326,-0.000000,-0.001015,1.570028,-0.300000,1.000000,1.100000,0.000000,0.000000,-1.571000,-0.299969,1.001205,1.065203,1.492331
1.564000,-0.000031,-0.001207,0.034797,-0.000031,-0.005645,-0.037326,-0.000000,-0.001015,1.570028,-0.300000,1.000000,1.100000,0.000000,0.000000,-1.571000,-0.299969,1.001207,1.065203,1.492332
1.566000,-0.000031,-0.001209,0.034797,-0.000031,-0.005645,-0.037326,-0.000000,-0.001015,1.570028,-0.300000,1.000000,1.100000,0.000000,0.000000,-1.571000,-0.299969,1.001209,1.065203,1.492333
1.568000,-0.000031,-0.001210,0.034797,-0.000031,-0.005645,-0.037326,-0.000000,-0.001015,1.570028,-0.300000,1.000000,1.100000,0.000000,0.000000,-1.571000,-0.299969,1.001210,1.065203,1.492334
1.570000,-0.000031,-0.001212,0.034797,-0.000031,-0.005645,-0.037326,-0.000000,-0.001015,1.570028,-0.300000,1.000000,1.100000,0.000000,0.000000,-1.571000,-0.299969,1.001212,1.065203,1.492335
1.572000,-0.000031,-0.001214,0.034797,-0.000031,-0.005645,-0.037326,-0.000000,-0.001015,1.570028,-0.300000,1.000000,1.100000,0.000000,0.000000,-1.571000,-0.299969,1.001214,1.065203,1.492336
1.574000,-0.000031,-0.001215,0.034797,-0.000031,-0.005645,-0.037326,-0.000000,-0.001015,1.570028,-0.300000,1.000000,1.100000,0.000000,0.000000,-1.571000,-0.299969,1.001215,1.065203,1.492337
1.576000,-0.000032,-0.001217,0.034797,-0.000031,-0.005645,-0.037326,-0.000000,-0.001015,1.570028,-0.300000,1.000000,1.100000,0.000000,0.000000,-1.571000,-0.299968,1.001217,1.065203,1.492338
1.578000,-0.000032,-0.001219,0.034797,-0.000031,-0.005645,-0.037326,-0.000000,-0.001015,1.570028,-0.300000,1.000000,1.100000,0.000000,0.000000,-1.571000,-0.299968,1.001219,1.065203,1.492340
1.580000,-0.000032,-0.001220,0.034797,-0.000031,-0.005645,-0.037326,-0.000000,-0.001015,1.570028,-0.300000,1.000000,1.100000,0.000000,0.000000,-1.571000,-0.299968,1.001220,1.065203,1.492341
1.582000,-0.000032,-0.001222,0.034797,-0.000031,-0.005645,-0.037326,-0.000000,-0.001015,1.570028,-0.300000,1.000000,1.100000,0.000000,0.000000,-1.571000,-0.299968,1.001222,1.065203,1.492342
1.584000,-0.000032,-0.001224,0.034797,-0.000031,-0.005645,-0.037326,-0.000000,-0.001015,1.570028,-0.300000,1.000000,1.100000,0.000000,0.000000,-1.571000,-0.299968,1.001224,1.065203,1.492343
1.586000,-0.000032,-0.001225,0.034797,-0.000031,-0.005645,-0.037326,-0.000000,-0.001015,1.570028,-0.300000,1.000000,1.100000,0.000000,0.000000,-1.571000,-0.299968,1.001225,1.065203,1.492344
1.588000,-0.000032,-0.001227,0.034797,-0.000031,-0.005645,-0.037326,-0.000000,-0.001015,1.570028,-0.300000,1.000000,1.100000,0.000000,0.000000,-1.571000,-0.299968,1.001227,1.065203,1.492345
1.590000,-0.000032,-0.001229,0.034797,-0.000031,-0.005645,-0.037326,-0.000000,-0.001015,1.570028,-0.300000,1.000000,1.100000,0.000000,0.000000,-1.571000,-0.299968,1.001229,1.065203,1.492346
1.592000,-0.000032,-0.001230,0.034797,-0.000031,-0.005645,-0.037326,-0.000000,-0.001015,1.570028,-0.300000,1.000000,1.100000,0.000000,0.000000,-1.571000,-0.299968,1.001230,1.065203,1.492347
1.594000,-0.000032,-0.001232,0.034797,-0.000031,-0.005645,-0.037326,-0.000000,-0.001015,1.570028,-0.300000,1.000000,1.100000,0.000000,0.000000,-1.571000,-0.299968,1.001232,1.065203,1.492348
1.596000,-0.000032,-0.001234,0.034797,-0.000031,-0.005645,-0.037326,-0.000000,-0.001015,1.570028,-0.300000,1.000000,1.100000,0.000000,0.000000,-1.571000,-0.299968,1.001234,1.065203,1.492350
1.598000,-0.000032,-0.001236,0.034797,-0.000031,-0.005645,-0.037326,-0.000000,-0.001015,1.570028,-0.300000,1.000000,1.100000,0.000000,0.000000,-1.571000,-0.299968,1.001236,1.065203,1.492351
1.600000,-0.000032,-0.001237,0.034797,-0.000031,-0.005645,-0.037326,-0.000000,-0.001015,1.570028,-0.300000,1.000000,1.100000,0.000000,0.000000,-1.571000,-0.299968,1.001237,1.065203,1.492352
1.602000,-0.000032,-0.001239,0.034797,-0.000031,-0.005645,-0.037326,-0.000000,-0.001015,1.570028,-0.300000,1.000000,1.100000,0.000000,0.000000,-1.571000,-0.299968,1.001239,1.065203,1.492353
1.604000,-0.000032,-0.001241,0.034797,-0.000031,-0.005645,-0.037326,-0.000000,-0.001015,1.570028,-0.300000,1.000000,1.100000,0.000000,0.000000,-1.571000,-0.299968,1.001241,1.065203,1.492354
1.606000,-0.000032,-0.001242,0.034797,-0.000031,-0.005645,-0.037326,-0.000000,-0.001015,1.570028,-0.300000,1.000000,1.100000,0.000000,0.000000,-1.571000,-0.299968,1.001242,1.065203,1.492355
1.608000,-0.000032,-0.001244,0.034797,-0.000031,-0.005645,-0.037326,-0.000000,-0.001015,1.570028,-0.300000,1.000000,1.100000,0.000000,0.000000,-1.571000,-0.299968,1.001244,1.065203,1.492356
1.610000,-0.000032,-0.001246,0.034797,-0.000031,-0.005645,-0.037326,-0.000000,-0.001015,1.570029,-0.300000,1.000000,1.100000,0.000000,0.000000,-1.571000,-0.299968,1.001246,1.065203,1.492357
1.612000,-0.000032,-0.001247,0.034797,-0.000031,-0.005645,-0.037326,-0.000000,-0.001015,1.570029,-0.300000,1.000000,1.100000,0.000000,0.000000,-1.571000,-0.299968,1.001247,1.065203,1.492358
1.614000,-0.000032,-0.001249,0.034797,-0.000031,-0.005645,-0.037326,-0.000000,-0.001015,1.570029,-0.300000,1.000000,1.100000,0.000000,0.000000,-1.571000,-0.299968,1.001249,1.065203,1.492360
1.616000,-0.000032,-0.001251,0.034797,-0.000031,-0.005645,-0.037326,-0.000000,-0.001015,1.570029,-0.300000,1.000000,1.100000,0.000000,0.000000,-1.571000,-0.299968,1.001251,1.065203,1.492361
1.618000,-0.000032,-0.001252,0.034797,-0.000031,-0.005645,-0.037326,-0.000000,-0.001015,1.570029,-0.300000,1.000000,1.100000,0.000000,0.000000,-1.571000,-0.299968,1.001252,1.065203,1.492362
1.620000,-0.000032,-0.001254,0.034797,-0.000031,-0.005645,-0.037326,-0.000000,-0.001015,1.570029,-0.300000,1.000000,1.100000,0.000000,0.000000,-1.571000,-0.299968,1.001254,1.065203,1.492363
1.622000,-0.000033,-0.001256,0.034797,-0.000031,-0.005645,-0.037326,-0.000000,-0.001015,1.570029,-0.300000,1.000000,1.100000,0.000000,0.000000,-1.571000,-0.299967,1.001256,1.065203,1.492364
1.624000,-0.000033,-0.001257,0.034797,-0.000031,-0.005645,-0.037326,-0.000000,-0.001015,1.570029,-0.300000,1.000000,1.100000,0.000000,0.000000,-1.571000,-0.299967,1.001257,1.065203,1.492365
1.626000,-0.000033,-0.001259,0.034797,-0.000031,-0.005645,-0.037326,-0.000000,-0.001015,1.570029,-0.300000,1.000000,1.100000,0.000000,0.000000,-1.571000,-0.299967,1.001259,1.065203,1.492366
1.628000,-0.000033,-0.001261,0.034797,-0.000031,-0.005645,-0.037326,-0.000000,-0.001015,1.570029,-0.300000,1.000000,1.100000,0.000000,0.000000,-1.571000,-0.299967,1.001261,1.065203,1.492367
1.630000,-0.000033,-0.001262,0.034797,-0.000031,-0.005645,-0.037326,-0.000000,-0.001015,1.570029,-0.300000,1.000000,1.100000,0.000000,0.000000,-1.571000,-0.299967,1.001262,1.065203,1.492369
1.632000,-0.000033,-0.001264,0.034797,-0.000031,-0.005645,-0.037326,-0.000000,-0.001015,1.570029,-0.300000,1.000000,1.100000,0.000000,0.000000,-1.571000,-0.299967,1.001264,1.065203,1.492370
1.634000,-0.000033,-0.001266,0.034797,-0.000031,-0.005645,-0.037326,-0.000000,-0.001015,1.570029,-0.300000,1.000000,1.100000,0.000000,0.000000,-1.571000,-0.299967,1.001266,1.065203,1.492371
1.636000,-0.000033,-0.001267,0.034797,-0.000031,-0.005645,-0.037326,-0.000000,-0.001015,1.570029,-0.300000,1.000000,1.100000,0.000000,0.000000,-1.571000,-0.299967,1.001267,1.065203,1.492372
1.638000,-0.000033,-0.001269,0.034797,-0.000031,-0.005645,-0.037326,-0.000000,-0.001015,1.570029,-0.300000,1.000000,1.100000,0.000000,0.000000,-1.571000,-0.299967,1.001269,1.065203,1.492373
1.640000,-0.000033,-0.001271,0.034797,-0.000031,-0.005645,-0.037326,-0.000000,-0.001015,1.570029,-0.300000,1.000000,1.100000,0.000000,0.000000,-1.571000,-0.299967,1.001271,1.065203,1.492374
1.642000,-0.000033,-0.001272,0.034797,-0.000031,-0.005645,-0.037326,-0.000000,-0.001015,1.570029,-0.300000,1.000000,1.100000,0.000000,0.000000,-1.571000,-0.299967,1.001272,1.065203,1.492375
1.644000,-0.000033,-0.001274,0.034797,-0.000031,-0.005645,-0.037326,-0.000000,-0.001015,1.570029,-0.300000,1.000000,1.100000,0.000000,0.000000,-1.571000,-0.299967,1.001274,1.065203,1.492376
1.646000,-0.000033,-0.001276,0.034797,-0.000031,-0.005645,-0.037326,-0.000000,-0.001015,1.570029,-0.300000,1.000000,1.100000,0.000000,0.000000,-1.571000,-0.299967,1.001276,1.065203,1.492377
1.648000,-0.000033,-0.001277,0.034797,-0.000031,-0.005645,-0.037326,-0.000000,-0.001015,1.570029,-0.300000,1.000000,1.100000,0.000000,0.000000,-1.571000,-0.299967,1.001277,1.065203,1.492379
1.650000,-0.000033,-0.001279,0.034797,-0.000031,-0.005645,-0.037326,-0.000000,-0.001015,1.570029,-0.300000,1.000000,1.100000,0.000000,0.000000,-1.571000,-0.299967,1.001279,1.065203,1.492380
1.652000,-0.000033,-0.001281,0.034797,-0.000031,-0.005645,-0.037326,-0.000000,-0.001015,1.570029,-0.300000,1.000000,1.100000,0.000000,0.000000,-1.571000,-0.299967,1.001281,1.065203,1.492381
1.654000,-0.000033,-0.001282,0.034797,-0.000031,-0.005645,-0.037326,-0.000000,-0.001015,1.570029,-0.300000,1.000000,1.100000,0.000000,0.000000,-1.571000,-0.299967,1.001282,1.065203,1.492382
1.656000,-0.000033,-0.001284,0.034797,-0.000031,-0.005645,-0.037326,-0.000000,-0.001015,1.570029,-0.300000,1.000000,1.100000,0.000000,0.000000,-1.571000,-0.299967,1.001284,1.065203,1.492383
1.658000,-0.000033,-0.001286,0.034797,-0.000031,-0.005645,-0.037326,-0.000000,-0.001015,1.570029,-0.300000,1.000000,1.100000,0.000000,0.000000,-1.571000,-0.299967,1.001286,1.065203,1.492384
1.660000,-0.000033,-0.001287,0.034797,-0.000031,-0.005645,-0.037326,-0.000000,-0.001015,1.570030,-0.300000,1.000000,1.100000,0.000000,0.000000,-1.571000,-0.299967,1.001287,1.065203,1.492385
1.662000,-0.000033,-0.001289,0.034797,-0.000031,-0.005645,-0.037326,-0.000000,-0.001015,1.570030,-0.300000,1.000000,1.100000,0.000000,0.000000,-1.571000,-0.299967,1.001289,1.065203,1.492386
1.664000,-0.000033,-0.001291,0.034797,-0.000031,-0.005645,-0.037326,-0.000000,-0.001015,1.570030,-0.300000,1.000000,1.100000,0.000000,0.000000,-1.571000,-0.299967,1.001291,1.065203,1.492387
1.666000,-0.000034,-0.001292,0.034797,-0.000031,-0.005645,-0.037326,-0.000000,-0.001015,1.570030,-0.300000,1.000000,1.100000,0.000000,0.000000,-1.571000,-0.299966,1.001292,1.065203,1.492389
1.668000,-0.000034,-0.001294,0.034797,-0.000031,-0.005645,-0.037326,-0.000000,-0.001015,1.570030,-0.300000,1.000000,1.100000,0.000000,0.000000,-1.571000,-0.299966,1.001294,1.065203,1.492390
1.670000,-0.000034,-0.001296,0.034797,-0.000031,-0.005645,-0.037326,-0.000000,-0.001015,1.570030,-0.300000,1.000000,1.100000,0.000000,0.000000,-1.571000,-0.299966,1.001296,1.065203,1.492391
1.672000,-0.000034,-0.001297,0.034797,-0.000031,-0.005645,-0.037326,-0.000000,-0.001015,1.570030,-0.300000,1.000000,1.100000,0.000000,0.000000,-1.571000,-0.299966,1.001297,1.065203,1.492392
1.674000,-0.000034,-0.001299,0.034797,-0.000031,-0.005645,-0.037326,-0.000000,-0.001015,1.570030,-0.300000,1.000000,1.100000,0.000000,0.000000,-1.571000,-0.299966,1.001299,1.065203,1.492393
1.676000,-0.000034,-0.001301,0.034797,-0.000031,-0.005645,-0.037326,-0.000000,-0.001015,1.570030,-0.300000,1.000000,1.100000,0.000000,0.000000,-1.571000,-0.299966,1.001301,1.065203,1.492394
1.678000,-0.000034,-0.001303,0.034797,-0.000031,-0.005645,-0.037326,-0.000000,-0.001015,1.570030,-0.300000,1.000000,1.100000,0.000000,0.000000,-1.571000,-0.299966,1.001303,1.065203,1.492395
1.680000,-0.000034,-0.001304,0.034797,-0.000031,-0.005645,-0.037326,-0.000000,-0.001015,1.570030,-0.300000,1.000000,1.100000,0.000000,0.000000,-1.571000,-0.299966,1.001304,1.065203,1.492396
1.682000,-0.000034,-0.001306,0.034797,-0.000031,-0.005645,-0.037326,-0.000000,-0.001015,1.570030,-0.300000,1.000000,1.100000,0.000000,0.000000,-1.571000,-0.299966,1.001306,1.065203,1.492397
1.684000,-0.000034,-0.001308,0.034797,-0.000031,-0.005645,-0.037326,-0.000000,-0.001015,1.570030,-0.300000,1.000000,1.100000,0.000000,0.000000,-1.571000,-0.299966,1.001308,1.065203,1.492399
1.686000,-0.000034,-0.001309,0.034797,-0.000031,-0.005645,-0.037326,-0.000000,-0.001015,1.570030,-0.300000,1.000000,1.100000,0.000000,0.000000,-1.571000,-0.299966,1.001309,1.065203,1.492400
1.688000,-0.000034,-0.001311,0.034797,-0.000031,-0.005645,-0.037326,-0.000000,-0.001015,1.570030,-0.300000,1.000000,1.100000,0.000000,0.000000,-1.571000,-0.299966,1.001311,1.065203,1.492401
1.690000,-0.000034,-0.001313,0.034797,-0.000031,-0.005645,-0.037326,-0.000000,-0.001015,1.570030,-0.300000,1.000000,1.100000,0.000000,0.000000,-1.571000,-0.299966,1.001313,1.065203,1.492402
1.692000,-0.000034,-0.001314,0.034797,-0.000031,-0.005645,-0.037326,-0.000000,-0.001015,1.570030,-0.300000,1.000000,1.100000,0.000000,0.000000,-1.571000,-0.299966,1.001314,1.065203,1.492403
1.694000,-0.000034,-0.001316,0.034797,-0.000031,-0.005645,-0.037326,-0.000000,-0.001015,1.570030,-0.300000,1.000000,1.100000,0.000000,0.000000,-1.571000,-0.299966,1.001316,1.065203,1.492404
1.696000,-0.000034,-0.001318,0.034797,-0.000031,-0.005645,-0.037326,-0.000000,-0.001015,1.570030,-0.300000,1.000000,1.100000,0.000000,0.000000,-1.571000,-0.299966,1.001318,1.065203,1.492405
1.698000,-0.000034,-0.001319,0.034797,-0.000031,-0.005645,-0.037326,-0.000000,-0.001015,1.570030,-0.300000,1.000000,1.100000,0.000000,0.000000,-1.571000,-0.299966,1.001319,1.065203,1.492406
1.700000,-0.000034,-0.001321,0.034797,-0.000031,-0.005645,-0.037326,-0.000000,-0.001015,1.570030,-0.300000,1.000000,1.100000,0.000000,0.000000,-1.571000,-0.299966,1.001321,1.065203,1.492408
1.702000,-0.000034,-0.001323,0.034797,-0.000031,-0.005645,-0.037326,-0.000000,-0.001015,1.570030,-0.300000,1.000000,1.100000,0.000000,0.000000,-1.571000,-0.299966,1.001323,1.065203,1.492409
1.704000,-0.000034,-0.001324,0.034797,-0.000031,-0.005645,-0.037326,-0.000000,-0.001015,1.570030,-0.300000,1.000000,1.100000,0.000000,0.000000,-1.571000,-0.299966,1.001324,1.065203,1.492410
1.706000,-0.000034,-0.001326,0.034797,-0.000031,-0.005645,-0.037326,-0.000000,-0.001015,1.570030,-0.300000,1.000000,1.100000,0.000000,0.000000,-1.571000,-0.299966,1.001326,1.065203,1.492411
1.708000,-0.000034,-0.001328,0.034797,-0.000031,-0.005645,-0.037326,-0.000000,-0.001015,1.570030,-0.300000,1.000000,1.100000,0.000000,0.000000,-1.571000,-0.299966,1.001328,1.065203,1.492412
1.710000,-0.000035,-0.001329,0.034797,-0.000031,-0.005645,-0.037326,-0.000000,-0.001015,1.570031,-0.300000,1.000000,1.100000,0.000000,0.000000,-1.571000,-0.299965,1.001329,1.065203,1.492413
1.712000,-0.000035,-0.001331,0.034797,-0.000031,-0.005645,-0.037326,-0.000000,-0.001015,1.570031,-0.300000,1.000000,1.100000,0.000000,0.000000,-1.571000,-0.299965,1.001331,1.065203,1.492414
1.714000,-0.000035,-0.001333,0.034797,-0.000031,-0.005645,-0.037326,-0.000000,-0.001015,1.570031,-0.300000,1.000000,1.100000,0.000000,0.000000,-1.571000,-0.299965,1.001333,1.065203,1.492415
1.716000,-0.000035,-0.001334,0.034797,-0.000031,-0.005645,-0.037326,-0.000000,-0.001015,1.570031,-0.300000,1.000000,1.100000,0.000000,0.000000,-1.571000,-0.299965,1.001334,1.065203,1.492416
1.718000,-0.000035,-0.001336,0.034797,-0.000031,-0.005645,-0.037326,-0.000000,-0.001015,1.570031,-0.300000,1.000000,1.100000,0.000000,0.000000,-1.571000,-0.299965,1.001336,1.065203,1.492418
1.720000,-0.000035,-0.001338,0.034797,-0.000031,-0.005645,-0.037326,-0.000000,-0.001015,1.570031,-0.300000,1.000000,1.100000,0.000000,0.000000,-1.571000,-0.299965,1.001338,1.065203,1.492419
1.722000,-0.000035,-0.001339,0.034797,-0.000031,-0.005645,-0.037326,-0.000000,-0.001015,1.570031,-0.300000,1.000000,1.100000,0.000000,0.000000,-1.571000,-0.299965,1.001339,1.065203,1.492420
1.724000,-0.000035,-0.001341,0.034797,-0.000031,-0.005645,-0.037326,-0.000000,-0.001015,1.570031,-0.300000,1.000000,1.100000,0.000000,0.000000,-1.571000,-0.299965,1.001341,1.065203,1.492421
1.726000,-0.000035,-0.001343,0.034797,-0.000031,-0.005645,-0.037326,-0.000000,-0.001015,1.570031,-0.300000,1.000000,1.100000,0.000000,0.000000,-1.571000,-0.299965,1.001343,1.065203,1.492422
1.728000,-0.000035,-0.001344,0.034797,-0.000031,-0.005645,-0.037326,-0.000000,-0.001015,1.570031,-0.300000,1.000000,1.100000,0.000000,0.000000,-1.571000,-0.299965,1.001344,1.065203,1.492423
1.730000,-0.000035,-0.001346,0.034797,-0.000031,-0.005645,-0.037326,-0.000000,-0.001015,1.570031,-0.300000,1.000000,1.100000,0.000000,0.000000,-1.571000,-0.299965,1.001346,1.065203,1.492424
1.732000,-0.000035,-0.001348,0.034797,-0.000031,-0.005645,-0.037326,-0.000000,-0.001015,1.570031,-0.300000,1.000000,1.100000,0.000000,0.000000,-1.571000,-0.299965,1.001348,1.065203,1.492425
1.734000,-0.000035,-0.001349,0.034797,-0.000031,-0.005645,-0.037326,-0.000000,-0.001015,1.570031,-0.300000,1.000000,1.100000,0.000000,0.000000,-1.571000,-0.299965,1.001349,1.065203,1.492426
1.736000,-0.000035,-0.001351,0.034797,-0.000031,-0.005645,-0.037326,-0.000000,-0.001015,1.570031,-0.300000,1.000000,1.100000,0.000000,0.000000,-1.571000,-0.299965,1.001351,1.065203,1.492428
1.738000,-0.000035,-0.001353,0.034797,-0.000031,-0.005645,-0.037326,-0.000000,-0.001015,1.570031,-0.300000,1.000000,1.100000,0.000000,0.000000,-1.571000,-0.299965,1.001353,1.065203,1.492429
1.740000,-0.000035,-0.001354,0.034797,-0.000031,-0.005645,-0.037326,-0.000000,-0.001015,1.570031,-0.300000,1.000000,1.100000,0.000000,0.000000,-1.571000,-0.299965,1.001354,1.065203,1.492430
1.742000,-0.000035,-0.001356,0.034797,-0.000031,-0.005645,-0.037326,-0.000000,-0.001015,1.570031,-0.300000,1.000000,1.100000,0.000000,0.000000,-1.571000,-0.299965,1.001356,1.065203,1.492431
1.744000,-0.000035,-0.001358,0.034797,-0.000031,-0.005645,-0.037326,-0.000000,-0.001015,1.570031,-0.300000,1.000000,1.100000,0.000000,0.000000,-1.571000,-0.299965,1.001358,1.065203,1.492432
1.746000,-0.000035,-0.001359,0.034797,-0.000031,-0.005645,-0.037326,-0.000000,-0.001015,1.570031,-0.300000,1.000000,1.100000,0.000000,0.000000,-1.571000,-0.299965,1.001359,1.065203,1.492433
1.748000,-0.000035,-0.001361,0.034797,-0.000031,-0.005645,-0.037326,-0.000000,-0.001015,1.570031,-0.300000,1.000000,1.100000,0.000000,0.000000,-1.571000,-0.299965,1.001361,1.065203,1.492434
1.750000,-0.000035,-0.001363,0.034797,-0.000031,-0.005645,-0.037326,-0.000000,-0.001015,1.570031,-0.300000,1.000000,1.100000,0.000000,0.000000,-1.571000,-0.299965,1.001363,1.065203,1.492435
1.752000,-0.000035,-0.001364,0.034797,-0.000031,-0.005645,-0.037326,-0.000000,-0.001015,1.570031,-0.300000,1.000000,1.100000,0.000000,0.000000,-1.571000,-0.299965,1.001364,1.065203,1.492437
1.754000,-0.000035,-0.001366,0.034797,-0.000031,-0.005645,-0.037326,-0.000000,-0.001015,1.570031,-0.300000,1.000000,1.100000,0.000000,0.000000,-1.571000,-0.299965,1.001366,1.065203,1.492438
1.756000,-0.000036,-0.001368,0.034797,-0.000031,-0.005645,-0.037326,-0.000000,-0.001015,1.570031,-0.300000,1.000000,1.100000,0.000000,0.000000,-1.571000,-0.299964,1.001368,1.065203,1.492439
1.758000,-0.000036,-0.001369,0.034797,-0.000031,-0.005645,-0.037326,-0.000000,-0.001015,1.570031,-0.300000,1.000000,1.100000,0.000000,0.000000,-1.571000,-0.299964,1.001369,1.065203,1.492440
1.760000,-0.000036,-0.001371,0.034797,-0.000031,-0.005645,-0.037326,-0.000000,-0.001015,1.570031,-0.300000,1.000000,1.100000,0.000000,0.000000,-1.571000,-0.299964,1.001371,1.065203,1.492441
1.762000,-0.000036,-0.001373,0.034797,-0.000031,-0.005645,-0.037326,-0.000000,-0.001015,1.570032,-0.300000,1.000000,1.100000,0.000000,0.000000,-1.571000,-0.299964,1.001373,1.065203,1.492442
1.764000,-0.000036,-0.001375,0.034797,-0.000031,-0.005645,-0.037326,-0.000000,-0.001015,1.570032,-0.300000,1.000000,1.100000,0.000000,0.000000,-1.571000,-0.299964,1.001375,1.065203,1.492443
1.766000,-0.000036,-0.001376,0.034797,-0.000031,-0.005645,-0.037326,-0.000000,-0.001015,1.570032,-0.300000,1.000000,1.100000,0.000000,0.000000,-1.571000,-0.299964,1.001376,1.065203,1.492444
1.768000,-0.000036,-0.001378,0.034797,-0.000031,-0.005645,-0.037326,-0.000000,-0.001015,1.570032,-0.300000,1.000000,1.100000,0.000000,0.000000,-1.571000,-0.299964,1.001378,1.065203,1.492445
1.770000,-0.000036,-0.001380,0.034797,-0.000031,-0.005645,-0.037326,-0.000000,-0.001015,1.570032,-0.300000,1.000000,1.100000,0.000000,0.000000,-1.571000,-0.299964,1.001380,1.065203,1.492447
1.772000,-0.000036,-0.001381,0.034797,-0.000031,-0.005645,-0.037326,-0.000000,-0.001015,1.570032,-0.300000,1.000000,1.100000,0.000000,0.000000,-1.571000,-0.299964,1.001381,1.065203,1.492448
1.774000,-0.000036,-0.001383,0.034797,-0.000031,-0.005645,-0.037326,-0.000000,-0.001015,1.570032,-0.300000,1.000000,1.100000,0.000000,0.000000,-1.571000,-0.299964,1.001383,1.065203,1.492449
1.776000,-0.000036,-0.001385,0.034797,-0.000031,-0.005645,-0.037326,-0.000000,-0.001015,1.570032,-0.300000,1.000000,1.100000,0.000000,0.000000,-1.571000,-0.299964,1.001385,1.065203,1.492450
1.778000,-0.000036,-0.001386,0.034797,-0.000031,-0.005645,-0.037326,-0.000000,-0.001015,1.570032,-0.300000,1.000000,1.100000,0.000000,0.000000,-1.571000,-0.299964,1.001386,1.065203,1.492451
1.780000,-0.000036,-0.001388,0.034797,-0.000031,-0.005645,-0.037326,-0.000000,-0.001015,1.570032,-0.300000,1.000000,1.100000,0.000000,0.000000,-1.571000,-0.299964,1.001388,1.065203,1.492452
1.782000,-0.000036,-0.001390,0.034797,-0.000031,-0.005645,-0.037326,-0.000000,-0.001015,1.570032,-0.300000,1.000000,1.100000,0.000000,0.000000,-1.571000,-0.299964,1.001390,1.065203,1.492453
1.784000,-0.000036,-0.001391,0.034797,-0.000031,-0.005645,-0.037326,-0.000000,-0.001015,1.570032,-0.300000,1.000000,1.100000,0.000000,0.000000,-1.571000,-0.299964,1.001391,1.065203,1.492454
1.786000,-0.000036,-0.001393,0.034797,-0.000031,-0.005645,-0.037326,-0.000000,-0.001015,1.570032,-0.300000,1.000000,1.100000,0.000000,0.000000,-1.571000,-0.299964,1.001393,1.065203,1.492455
1.788000,-0.000036,-0.001395,0.034797,-0.000031,-0.005645,-0.037326,-0.000000,-0.001015,1.570032,-0.300000,1.000000,1.100000,0.000000,0.000000,-1.571000,-0.299964,1.001395,1.065203,1.492457
1.790000,-0.000036,-0.001396,0.034797,-0.000031,-0.005645,-0.037326,-0.000000,-0.001015,1.570032,-0.300000,1.000000,1.100000,0.000000,0.000000,-1.571000,-0.299964,1.001396,1.065203,1.492458
1.792000,-0.000036,-0.001398,0.034797,-0.000031,-0.005645,-0.037326,-0.000000,-0.001015,1.570032,-0.300000,1.000000,1.100000,0.000000,0.000000,-1.571000,-0.299964,1.001398,1.065203,1.492459
1.794000,-0.000036,-0.001400,0.034797,-0.000031,-0.005645,-0.037326,-0.000000,-0.001015,1.570032,-0.300000,1.000000,1.100000,0.000000,0.000000,-1.571000,-0.299964,1.001400,1.065203,1.492460
1.796000,-0.000036,-0.001401,0.034797,-0.000031,-0.005645,-0.037326,-0.000000,-0.001015,1.570032,-0.300000,1.000000,1.100000,0.000000,0.000000,-1.571000,-0.299964,1.001401,1.065203,1.492461
1.798000,-0.000036,-0.001403,0.034797,-0.000031,-0.005645,-0.037326,-0.000000,-0.001015,1.570032,-0.300000,1.000000,1.100000,0.000000,0.000000,-1.571000,-0.299964,1.001403,1.065203,1.492462
1.800000,-0.000037,-0.001405,0.034797,-0.000031,-0.005645,-0.037326,-0.000000,-0.001015,1.570032,-0.300000,1.000000,1.100000,0.000000,0.000000,-1.571000,-0.299963,1.001405,1.065203,1.492463
1.802000,-0.000037,-0.001406,0.034797,-0.000031,-0.005645,-0.037326,-0.000000,-0.001015,1.570032,-0.300000,1.000000,1.100000,0.000000,0.000000,-1.571000,-0.299963,1.001406,1.065203,1.492464
1.804000,-0.000037,-0.001408,0.034797,-0.000031,-0.005645,-0.037326,-0.000000,-0.001015,1.570032,-0.300000,1.000000,1.100000,0.000000,0.000000,-1.571000,-0.299963,1.001408,1.065203,1.492465
1.806000,-0.000037,-0.001410,0.034797,-0.000031,-0.005645,-0.037326,-0.000000,-0.001015,1.570032,-0.300000,1.000000,1.100000,0.000000,0.000000,-1.571000,-0.299963,1.001410,1.065203,1.492467
1.808000,-0.000037,-0.001411,0.034797,-0.000031,-0.005645,-0.037326,-0.000000,-0.001015,1.570032,-0.300000,1.000000,1.100000,0.000000,0.000000,-1.571000,-0.299963,1.001411,1.065203,1.492468
1.810000,-0.000037,-0.001413,0.034797,-0.000031,-0.005645,-0.037326,-0.000000,-0.001015,1.570032,-0.300000,1.000000,1.100000,0.000000,0.000000,-1.571000,-0.299963,1.001413,1.065203,1.492469
1.812000,-0.000037,-0.001415,0.034797,-0.000031,-0.005645,-0.037326,-0.000000,-0.001015,1.570033,-0.300000,1.000000,1.100000,0.000000,0.000000,-1.571000,-0.299963,1.001415,1.065203,1.492470
1.814000,-0.000037,-0.001416,0.034797,-0.000031,-0.005645,-0.037326,-0.000000,-0.001015,1.570033,-0.300000,1.000000,1.100000,0.000000,0.000000,-1.571000,-0.299963,1.001416,1.065203,1.492471
1.816000,-0.000037,-0.001418,0.034797,-0.000031,-0.005645,-0.037326,-0.000000,-0.001015,1.570033,-0.300000,1.000000,1.100000,0.000000,0.000000,-1.571000,-0.299963,1.001418,1.065203,1.492472
1.818000,-0.000037,-0.001420,0.034797,-0.000031,-0.005645,-0.037326,-0.000000,-0.001015,1.570033,-0.300000,1.000000,1.100000,0.000000,0.000000,-1.571000,-0.299963,1.001420,1.065203,1.492473
1.820000,-0.000037,-0.001421,0.034797,-0.000031,-0.005645,-0.037326,-0.000000,-0.001015,1.570033,-0.300000,1.000000,1.100000,0.000000,0.000000,-1.571000,-0.299963,1.001421,1.065203,1.492474
1.822000,-0.000037,-0.001423,0.034797,-0.000031,-0.005645,-0.037326,-0.000000,-0.001015,1.570033,-0.300000,1.000000,1.100000,0.000000,0.000000,-1.571000,-0.299963,1.001423,1.065203,1.492476
1.824000,-0.000037,-0.001425,0.034797,-0.000031,-0.005645,-0.037326,-0.000000,-0.001015,1.570033,-0.300000,1.000000,1.100000,0.000000,0.000000,-1.571000,-0.299963,1.001425,1.065203,1.492477
1.826000,-0.000037,-0.001426,0.034797,-0.000031,-0.005645,-0.037326,-0.000000,-0.001015,1.570033,-0.300000,1.000000,1.100000,0.000000,0.000000,-1.571000,-0.299963,1.001426,1.065203,1.492478
1.828000,-0.000037,-0.001428,0.034797,-0.000031,-0.005645,-0.037326,-0.000000,-0.001015,1.570033,-0.300000,1.000000,1.100000,0.000000,0.000000,-1.571000,-0.299963,1.001428,1.065203,1.492479
1.830000,-0.000037,-0.001430,0.034797,-0.000031,-0.005645,-0.037326,-0.000000,-0.001015,1.570033,-0.300000,1.000000,1.100000,0.000000,0.000000,-1.571000,-0.299963,1.001430,1.065203,1.492480
1.832000,-0.000037,-0.001431,0.034797,-0.000031,-0.005645,-0.037326,-0.000000,-0.001015,1.570033,-0.300000,1.000000,1.100000,0.000000,0.000000,-1.571000,-0.299963,1.001431,1.065203,1.492481
1.834000,-0.000037,-0.001433,0.034797,-0.000031,-0.005645,-0.037326,-0.000000,-0.001015,1.570033,-0.300000,1.000000,1.100000,0.000000,0.000000,-1.571000,-0.299963,1.001433,1.065203,1.492482
1.836000,-0.000037,-0.001435,0.034797,-0.000031,-0.005645,-0.037326,-0.000000,-0.001015,1.570033,-0.300000,1.000000,1.100000,0.000000,0.000000,-1.571000,-0.299963,1.001435,1.065203,1.492483
1.838000,-0.000037,-0.001436,0.034797,-0.000031,-0.005645,-0.037326,-0.000000,-0.001015,1.570033,-0.300000,1.000000,1.100000,0.000000,0.000000,-1.571000,-0.299963,1.001436,1.065203,1.492484
1.840000,-0.000037,-0.001438,0.034797,-0.000031,-0.005645,-0.037326,-0.000000,-0.001015,1.570033,-0.300000,1.000000,1.100000,0.000000,0.000000,-1.571000,-0.299963,1.001438,1.065203,1.492486
1.842000,-0.000037,-0.001440,0.034797,-0.000031,-0.005645,-0.037326,-0.000000,-0.001015,1.570033,-0.300000,1.000000,1.100000,0.000000,0.000000,-1.571000,-0.299963,1.001440,1.065203,1.492487
1.844000,-0.000038,-0.001442,0.034797,-0.000031,-0.005645,-0.037326,-0.000000,-0.001015,1.570033,-0.300000,1.000000,1.100000,0.000000,0.000000,-1.571000,-0.299962,1.001442,1.065203,1.492488
1.846000,-0.000038,-0.001443,0.034797,-0.000031,-0.005645,-0.037326,-0.000000,-0.001015,1.570033,-0.300000,1.000000,1.100000,0.000000,0.000000,-1.571000,-0.299962,1.001443,1.065203,1.492489
1.848000,-0.000038,-0.001445,0.034797,-0.000031,-0.005645,-0.037326,-0.000000,-0.001015,1.570033,-0.300000,1.000000,1.100000,0.000000,0.000000,-1.571000,-0.299962,1.001445,1.065203,1.492490
1.850000,-0.000038,-0.001447,0.034797,-0.000031,-0.005645,-0.037326,-0.000000,-0.001015,1.570033,-0.300000,1.000000,1.100000,0.000000,0.000000,-1.571000,-0.299962,1.001447,1.065203,1.492491
1.852000,-0.000038,-0.001448,0.034797,-0.000031,-0.005645,-0.037326,-0.000000,-0.001015,1.570033,-0.300000,1.000000,1.100000,0.000000,0.000000,-1.571000,-0.299962,1.001448,1.065203,1.492492
1.854000,-0.000038,-0.001450,0.034797,-0.000031,-0.005645,-0.037326,-0.000000,-0.001015,1.570033,-0.300000,1.000000,1.100000,0.000000,0.000000,-1.571000,-0.299962,1.001450,1.065203,1.492493
1.856000,-0.000038,-0.001452,0.034797,-0.000031,-0.005645,-0.037326,-0.000000,-0.001015,1.570033,-0.300000,1.000000,1.100000,0.000000,0.000000,-1.571000,-0.299962,1.001452,1.065203,1.492494
1.858000,-0.000038,-0.001453,0.034797,-0.000031,-0.005645,-0.037326,-0.000000,-0.001015,1.570033,-0.300000,1.000000,1.100000,0.000000,0.000000,-1.571000,-0.299962,1.001453,1.065203,1.492496
1.860000,-0.000038,-0.001455,0.034797,-0.000031,-0.005645,-0.037326,-0.000000,-0.001015,1.570033,-0.300000,1.000000,1.100000,0.000000,0.000000,-1.571000,-0.299962,1.001455,1.065203,1.492497
1.862000,-0.000038,-0.001457,0.034797,-0.000031,-0.005645,-0.037326,-0.000000,-0.001015,1.570034,-0.300000,1.000000,1.100000,0.000000,0.000000,-1.571000,-0.299962,1.001457,1.065203,1.492498
1.864000,-0.000038,-0.001458,0.034797,-0.000031,-0.005645,-0.037326,-0.000000,-0.001015,1.570034,-0.300000,1.000000,1.100000,0.000000,0.000000,-1.571000,-0.299962,1.001458,1.065203,1.492499
1.866000,-0.000038,-0.001460,0.034797,-0.000031,-0.005645,-0.037326,-0.000000,-0.001015,1.570034,-0.300000,1.000000,1.100000,0.000000,0.000000,-1.571000,-0.299962,1.001460,1.065203,1.492500
1.868000,-0.000038,-0.001462,0.034797,-0.000031,-0.005645,-0.037326,-0.000000,-0.001015,1.570034,-0.300000,1.000000,1.100000,0.000000,0.000000,-1.571000,-0.299962,1.001462,1.065203,1.492501
1.870000,-0.000038,-0.001463,0.034797,-0.000031,-0.005645,-0.037326,-0.000000,-0.001015,1.570034,-0.300000,1.000000,1.100000,0.000000,0.000000,-1.571000,-0.299962,1.001463,1.065203,1.492502
1.872000,-0.000038,-0.001465,0.034797,-0.000031,-0.005645,-0.037326,-0.000000,-0.001015,1.570034,-0.300000,1.000000,1.100000,0.000000,0.000000,-1.571000,-0.299962,1.001465,1.065203,1.492503
1.874000,-0.000038,-0.001467,0.034797,-0.000031,-0.005645,-0.037326,-0.000000,-0.001015,1.570034,-0.300000,1.000000,1.100000,0.000000,0.000000,-1.571000,-0.299962,1.001467,1.065203,1.492505
1.876000,-0.000038,-0.001468,0.034797,-0.000031,-0.005645,-0.037326,-0.000000,-0.001015,1.570034,-0.300000,1.000000,1.100000,0.000000,0.000000,-1.571000,-0.299962,1.001468,1.065203,1.492506
1.878000,-0.000038,-0.001470,0.034797,-0.000031,-0.005645,-0.037326,-0.000000,-0.001015,1.570034,-0.300000,1.000000,1.100000,0.000000,0.000000,-1.571000,-0.299962,1.001470,1.065203,1.492507
1.880000,-0.000038,-0.001472,0.034797,-0.000031,-0.005645,-0.037326,-0.000000,-0.001015,1.570034,-0.300000,1.000000,1.100000,0.000000,0.000000,-1.571000,-0.299962,1.001472,1.065203,1.492508
1.882000,-0.000038,-0.001473,0.034797,-0.000031,-0.005645,-0.037326,-0.000000,-0.001015,1.570034,-0.300000,1.000000,1.100000,0.000000,0.000000,-1.571000,-0.299962,1.001473,1.065203,1.492509
1.884000,-0.000038,-0.001475,0.034797,-0.000031,-0.005645,-0.037326,-0.000000,-0.001015,1.570034,-0.300000,1.000000,1.100000,0.000000,0.000000,-1.571000,-0.299962,1.001475,1.065203,1.492510
1.886000,-0.000038,-0.001477,0.034797,-0.000031,-0.005645,-0.037326,-0.000000,-0.001015,1.570034,-0.300000,1.000000,1.100000,0.000000,0.000000,-1.571000,-0.299962,1.001477,1.065203,1.492511
1.888000,-0.000038,-0.001478,0.034797,-0.000031,-0.005645,-0.037326,-0.000000,-0.001015,1.570034,-0.300000,1.000000,1.100000,0.000000,0.000000,-1.571000,-0.299962,1.001478,1.065203,1.492512
1.890000,-0.000039,-0.001480,0.034797,-0.000031,-0.005645,-0.037326,-0.000000,-0.001015,1.570034,-0.300000,1.000000,1.100000,0.000000,0.000000,-1.571000,-0.299961,1.001480,1.065203,1.492513
1.892000,-0.000039,-0.001482,0.034797,-0.000031,-0.005645,-0.037326,-0.000000,-0.001015,1.570034,-0.300000,1.000000,1.100000,0.000000,0.000000,-1.571000,-0.299961,1.001482,1.065203,1.492515
1.894000,-0.000039,-0.001483,0.034797,-0.000031,-0.005645,-0.037326,-0.000000,-0.001015,1.570034,-0.300000,1.000000,1.100000,0.000000,0.000000,-1.571000,-0.299961,1.001483,1.065203,1.492516
1.896000,-0.000039,-0.001485,0.034797,-0.000031,-0.005645,-0.037326,-0.000000,-0.001015,1.570034,-0.300000,1.000000,1.100000,0.000000,0.000000,-1.571000,-0.299961,1.001485,1.065203,1.492517
1.898000,-0.000039,-0.001487,0.034797,-0.000031,-0.005645,-0.037326,-0.000000,-0.001015,1.570034,-0.300000,1.000000,1.100000,0.000000,0.000000,-1.571000,-0.299961,1.001487,1.065203,1.492518
1.900000,-0.000039,-0.001488,0.034797,-0.000031,-0.005645,-0.037326,-0.000000,-0.001015,1.570034,-0.300000,1.000000,1.100000,0.000000,0.000000,-1.571000,-0.299961,1.001488,1.065203,1.492519
1.902000,-0.000039,-0.001490,0.034797,-0.000031,-0.005645,-0.037326,-0.000000,-0.001015,1.570034,-0.300000,1.000000,1.100000,0.000000,0.000000,-1.571000,-0.299961,1.001490,1.065203,1.492520
1.904000,-0.000039,-0.001492,0.034797,-0.000031,-0.005645,-0.037326,-0.000000,-0.001015,1.570034,-0.300000,1.000000,1.100000,0.000000,0.000000,-1.571000,-0.299961,1.001492,1.065203,1.492521
1.906000,-0.000039,-0.001493,0.034797,-0.000031,-0.005645,-0.037326,-0.000000,-0.001015,1.570034,-0.300000,1.000000,1.100000,0.000000,0.000000,-1.571000,-0.299961,1.001493,1.065203,1.492522
1.908000,-0.000039,-0.001495,0.034797,-0.000031,-0.005645,-0.037326,-0.000000,-0.001015,1.570034,-0.300000,1.000000,1.100000,0.000000,0.000000,-1.571000,-0.299961,1.001495,1.065203,1.492523
1.910000,-0.000039,-0.001497,0.034797,-0.000031,-0.005645,-0.037326,-0.000000,-0.001015,1.570034,-0.300000,1.000000,1.100000,0.000000,0.000000,-1.571000,-0.299961,1.001497,1.065203,1.492525
1.912000,-0.000039,-0.001498,0.034797,-0.000031,-0.005645,-0.037326,-0.000000,-0.001015,1.570035,-0.300000,1.000000,1.100000,0.000000,0.000000,-1.571000,-0.299961,1.001498,1.065203,1.492526
1.914000,-0.000039,-0.001500,0.034797,-0.000031,-0.005645,-0.037326,-0.000000,-0.001015,1.570035,-0.300000,1.000000,1.100000,0.000000,0.000000,-1.571000,-0.299961,1.001500,1.065203,1.492527
1.916000,-0.000039,-0.001502,0.034797,-0.000031,-0.005645,-0.037326,-0.000000,-0.001015,1.570035,-0.300000,1.000000,1.100000,0.000000,0.000000,-1.571000,-0.299961,1.001502,1.065203,1.492528
1.918000,-0.000039,-0.001503,0.034797,-0.000031,-0.005645,-0.037326,-0.000000,-0.001015,1.570035,-0.300000,1.000000,1.100000,0.000000,0.000000,-1.571000,-0.299961,1.001503,1.065203,1.492529
1.920000,-0.000039,-0.001505,0.034797,-0.000031,-0.005645,-0.037326,-0.000000,-0.001015,1.570035,-0.300000,1.000000,1.100000,0.000000,0.000000,-1.571000,-0.299961,1.001505,1.065203,1.492530
1.922000,-0.000039,-0.001507,0.034797,-0.000031,-0.005645,-0.037326,-0.000000,-0.001015,1.570035,-0.300000,1.000000,1.100000,0.000000,0.000000,-1.571000,-0.299961,1.001507,1.065203,1.492531
1.924000,-0.000039,-0.001508,0.034797,-0.000031,-0.005645,-0.037326,-0.000000,-0.001015,1.570035,-0.300000,1.000000,1.100000,0.000000,0.000000,-1.571000,-0.299961,1.001508,1.065203,1.492532
1.926000,-0.000039,-0.001510,0.034797,-0.000031,-0.005645,-0.037326,-0.000000,-0.001015,1.570035,-0.300000,1.000000,1.100000,0.000000,0.000000,-1.571000,-0.299961,1.001510,1.065203,1.492533
1.928000,-0.000039,-0.001512,0.034797,-0.000031,-0.005645,-0.037326,-0.000000,-0.001015,1.570035,-0.300000,1.000000,1.100000,0.000000,0.000000,-1.571000,-0.299961,1.001512,1.065203,1.492535
1.930000,-0.000039,-0.001514,0.034797,-0.000031,-0.005645,-0.037326,-0.000000,-0.001015,1.570035,-0.300000,1.000000,1.100000,0.000000,0.000000,-1.571000,-0.299961,1.001514,1.065203,1.492536
1.932000,-0.000039,-0.001515,0.034797,-0.000031,-0.005645,-0.037326,-0.000000,-0.001015,1.570035,-0.300000,1.000000,1.100000,0.000000,0.000000,-1.571000,-0.299961,1.001515,1.065203,1.492537
1.934000,-0.000040,-0.001517,0.034797,-0.000031,-0.005645,-0.037326,-0.000000,-0.001015,1.570035,-0.300000,1.000000,1.100000,0.000000,0.000000,-1.571000,-0.299960,1.001517,1.065203,1.492538
1.936000,-0.000040,-0.001519,0.034797,-0.000031,-0.005645,-0.037326,-0.000000,-0.001015,1.570035,-0.300000,1.000000,1.100000,0.000000,0.000000,-1.571000,-0.299960,1.001519,1.065203,1.492539
1.938000,-0.000040,-0.001520,0.034797,-0.000031,-0.005645,-0.037326,-0.000000,-0.001015,1.570035,-0.300000,1.000000,1.100000,0.000000,0.000000,-1.571000,-0.299960,1.001520,1.065203,1.492540
1.940000,-0.000040,-0.001522,0.034797,-0.000031,-0.005645,-0.037326,-0.000000,-0.001015,1.570035,-0.300000,1.000000,1.100000,0.000000,0.000000,-1.571000,-0.299960,1.001522,1.065203,1.492541
1.942000,-0.000040,-0.001524,0.034797,-0.000031,-0.005645,-0.037326,-0.000000,-0.001015,1.570035,-0.300000,1.000000,1.100000,0.000000,0.000000,-1.571000,-0.299960,1.001524,1.065203,1.492542
1.944000,-0.000040,-0.001525,0.034797,-0.000031,-0.005645,-0.037326,-0.000000,-0.001015,1.570035,-0.300000,1.000000,1.100000,0.000000,0.000000,-1.571000,-0.299960,1.001525,1.065203,1.492544
1.946000,-0.000040,-0.001527,0.034797,-0.000031,-0.005645,-0.037326,-0.000000,-0.001015,1.570035,-0.300000,1.000000,1.100000,0.000000,0.000000,-1.571000,-0.299960,1.001527,1.065203,1.492545
1.948000,-0.000040,-0.001529,0.034797,-0.000031,-0.005645,-0.037326,-0.000000,-0.001015,1.570035,-0.300000,1.000000,1.100000,0.000000,0.000000,-1.571000,-0.299960,1.001529,1.065203,1.492546
1.950000,-0.000040,-0.001530,0.034797,-0.000031,-0.005645,-0.037326,-0.000000,-0.001015,1.570035,-0.300000,1.000000,1.100000,0.000000,0.000000,-1.571000,-0.299960,1.001530,1.065203,1.492547
1.952000,-0.000040,-0.001532,0.034797,-0.000031,-0.005645,-0.037326,-0.000000,-0.001015,1.570035,-0.300000,1.000000,1.100000,0.000000,0.000000,-1.571000,-0.299960,1.001532,1.065203,1.492548
1.954000,-0.000040,-0.001534,0.034797,-0.000031,-0.005645,-0.037326,-0.000000,-0.001015,1.570035,-0.300000,1.000000,1.100000,0.000000,0.000000,-1.571000,-0.299960,1.001534,1.065203,1.492549
1.956000,-0.000040,-0.001535,0.034797,-0.000031,-0.005645,-0.037326,-0.000000,-0.001015,1.570035,-0.300000,1.000000,1.100000,0.000000,0.000000,-1.571000,-0.299960,1.001535,1.065203,1.492550
1.958000,-0.000040,-0.001537,0.034797,-0.000031,-0.005645,-0.037326,-0.000000,-0.001015,1.570035,-0.300000,1.000000,1.100000,0.000000,0.000000,-1.571000,-0.299960,1.001537,1.065203,1.492551
1.960000,-0.000040,-0.001539,0.034797,-0.000031,-0.005645,-0.037326,-0.000000,-0.001015,1.570035,-0.300000,1.000000,1.100000,0.000000,0.000000,-1.571000,-0.299960,1.001539,1.065203,1.492552
1.962000,-0.000040,-0.001540,0.034797,-0.000031,-0.005645,-0.037326,-0.000000,-0.001015,1.570035,-0.300000,1.000000,1.100000,0.000000,0.000000,-1.571000,-0.299960,1.001540,1.065203,1.492554
1.964000,-0.000040,-0.001542,0.034797,-0.000031,-0.005645,-0.037326,-0.000000,-0.001015,1.570036,-0.300000,1.000000,1.100000,0.000000,0.000000,-1.571000,-0.299960,1.001542,1.065203,1.492555
1.966000,-0.000040,-0.001544,0.034797,-0.000031,-0.005645,-0.037326,-0.000000,-0.001015,1.570036,-0.300000,1.000000,1.100000,0.000000,0.000000,-1.571000,-0.299960,1.001544,1.065203,1.492556
1.968000,-0.000040,-0.001545,0.034797,-0.000031,-0.005645,-0.037326,-0.000000,-0.001015,1.570036,-0.300000,1.000000,1.100000,0.000000,0.000000,-1.571000,-0.299960,1.001545,1.065203,1.492557
1.970000,-0.000040,-0.001547,0.034797,-0.000031,-0.005645,-0.037326,-0.000000,-0.001015,1.570036,-0.300000,1.000000,1.100000,0.000000,0.000000,-1.571000,-0.299960,1.001547,1.065203,1.492558
1.972000,-0.000040,-0.001549,0.034797,-0.000031,-0.005645,-0.037326,-0.000000,-0.001015,1.570036,-0.300000,1.000000,1.100000,0.000000,0.000000,-1.571000,-0.299960,1.001549,1.065203,1.492559
1.974000,-0.000040,-0.001550,0.034797,-0.000031,-0.005645,-0.037326,-0.000000,-0.001015,1.570036,-0.300000,1.000000,1.100000,0.000000,0.000000,-1.571000,-0.299960,1.001550,1.065203,1.492560
1.976000,-0.000040,-0.001552,0.034797,-0.000031,-0.005645,-0.037326,-0.000000,-0.001015,1.570036,-0.300000,1.000000,1.100000,0.000000,0.000000,-1.571000,-0.299960,1.001552,1.065203,1.492561
1.978000,-0.000041,-0.001554,0.034797,-0.000031,-0.005645,-0.037326,-0.000000,-0.001015,1.570036,-0.300000,1.000000,1.100000,0.000000,0.000000,-1.571000,-0.299959,1.001554,1.065203,1.492562
1.980000,-0.000041,-0.001555,0.034797,-0.000031,-0.005645,-0.037326,-0.000000,-0.001015,1.570036,-0.300000,1.000000,1.100000,0.000000,0.000000,-1.571000,-0.299959,1.001555,1.065203,1.492564
1.982000,-0.000041,-0.001557,0.034797,-0.000031,-0.005645,-0.037326,-0.000000,-0.001015,1.570036,-0.300000,1.000000,1.100000,0.000000,0.000000,-1.571000,-0.299959,1.001557,1.065203,1.492565
1.984000,-0.000041,-0.001559,0.034797,-0.000031,-0.005645,-0.037326,-0.000000,-0.001015,1.570036,-0.300000,1.000000,1.100000,0.000000,0.000000,-1.571000,-0.299959,1.001559,1.065203,1.492566
1.986000,-0.000041,-0.001560,0.034797,-0.000031,-0.005645,-0.037326,-0.000000,-0.001015,1.570036,-0.300000,1.000000,1.100000,0.000000,0.000000,-1.571000,-0.299959,1.001560,1.065203,1.492567
1.988000,-0.000041,-0.001562,0.034797,-0.000031,-0.005645,-0.037326,-0.000000,-0.001015,1.570036,-0.300000,1.000000,1.100000,0.000000,0.000000,-1.571000,-0.299959,1.001562,1.065203,1.492568
1.990000,-0.000041,-0.001564,0.034797,-0.000031,-0.005645,-0.037326,-0.000000,-0.001015,1.570036,-0.300000,1.000000,1.100000,0.000000,0.000000,-1.571000,-0.299959,1.001564,1.065203,1.492569
1.992000,-0.000041,-0.001565,0.034797,-0.000031,-0.005645,-0.037326,-0.000000,-0.001015,1.570036,-0.300000,1.000000,1.100000,0.000000,0.000000,-1.571000,-0.299959,1.001565,1.065203,1.492570
1.994000,-0.000041,-0.001567,0.034797,-0.000031,-0.005645,-0.037326,-0.000000,-0.001015,1.570036,-0.300000,1.000000,1.100000,0.000000,0.000000,-1.571000,-0.299959,1.001567,1.065203,1.492571
1.996000,-0.000041,-0.001569,0.034797,-0.000031,-0.005645,-0.037326,-0.000000,-0.001015,1.570036,-0.300000,1.000000,1.100000,0.000000,0.000000,-1.571000,-0.299959,1.001569,1.065203,1.492573
1.998000,-0.000041,-0.001570,0.034797,-0.000031,-0.005645,-0.037326,-0.000000,-0.001015,1.570036,-0.300000,1.000000,1.100000,0.000000,0.000000,-1.571000,-0.299959,1.001570,1.065203,1.492574
2.000000,-0.000041,-0.001572,0.034797,-0.000031,-0.005645,-0.037326,-0.000000,-0.001015,1.570036,-0.300000,1.000000,1.100000,0.000000,0.000000,-1.571000,-0.299959,1.001572,1.065203,1.492575
2.002000,-0.000041,-0.001574,0.034797,-0.000031,-0.005645,-0.037326,-0.000000,-0.001015,1.570036,-0.300000,1.000000,1.100000,0.000000,0.000000,-1.571000,-0.299959,1.001574,1.065203,1.492576
2.004000,-0.000041,-0.001575,0.034797,-0.000031,-0.005645,-0.037326,-0.000000,-0.001015,1.570036,-0.300000,1.000000,1.100000,0.000000,0.000000,-1.571000,-0.299959,1.001575,1.065203,1.492577
2.006000,-0.000041,-0.001577,0.034797,-0.000031,-0.005645,-0.037326,-0.000000,-0.001015,1.570036,-0.300000,1.000000,1.100000,0.000000,0.000000,-1.571000,-0.299959,1.001577,1.065203,1.492578
2.008000,-0.000041,-0.001579,0.034797,-0.000031,-0.005645,-0.037326,-0.000000,-0.001015,1.570036,-0.300000,1.000000,1.100000,0.000000,0.000000,-1.571000,-0.299959,1.001579,1.065203,1.492579
2.010000,-0.000041,-0.001581,0.034797,-0.000031,-0.005645,-0.037326,-0.000000,-0.001015,1.570036,-0.300000,1.000000,1.100000,0.000000,0.000000,-1.571000,-0.299959,1.001581,1.065203,1.492580
2.012000,-0.000041,-0.001582,0.034797,-0.000031,-0.005645,-0.037326,-0.000000,-0.001015,1.570036,-0.300000,1.000000,1.100000,0.000000,0.000000,-1.571000,-0.299959,1.001582,1.065203,1.492581
2.014000,-0.000041,-0.001584,0.034797,-0.000031,-0.005645,-0.037326,-0.000000,-0.001015,1.570037,-0.300000,1.000000,1.100000,0.000000,0.000000,-1.571000,-0.299959,1.001584,1.065203,1.492583
2.016000,-0.000041,-0.001586,0.034797,-0.000031,-0.005645,-0.037326,-0.000000,-0.001015,1.570037,-0.300000,1.000000,1.100000,0.000000,0.000000,-1.571000,-0.299959,1.001586,1.065203,1.492584
2.018000,-0.000041,-0.001587,0.034797,-0.000031,-0.005645,-0.037326,-0.000000,-0.001015,1.570037,-0.300000,1.000000,1.100000,0.000000,0.000000,-1.571000,-0.299959,1.001587,1.065203,1.492585
2.020000,-0.000041,-0.001589,0.034797,-0.000031,-0.005645,-0.037326,-0.000000,-0.001015,1.570037,-0.300000,1.000000,1.100000,0.000000,0.000000,-1.571000,-0.299959,1.001589,1.065203,1.492586
2.022000,-0.000041,-0.001591,0.034797,-0.000031,-0.005645,-0.037326,-0.000000,-0.001015,1.570037,-0.300000,1.000000,1.100000,0.000000,0.000000,-1.571000,-0.299959,1.001591,1.065203,1.492587
2.024000,-0.000042,-0.001592,0.034797,-0.000031,-0.005645,-0.037326,-0.000000,-0.001015,1.570037,-0.300000,1.000000,1.100000,0.000000,0.000000,-1.571000,-0.299958,1.001592,1.065203,1.492588
2.026000,-0.000042,-0.001594,0.034797,-0.000031,-0.005645,-0.037326,-0.000000,-0.001015,1.570037,-0.300000,1.000000,1.100000,0.000000,0.000000,-1.571000,-0.299958,1.001594,1.065203,1.492589
2.028000,-0.000042,-0.001596,0.034797,-0.000031,-0.005645,-0.037326,-0.000000,-0.001015,1.570037,-0.300000,1.000000,1.100000,0.000000,0.000000,-1.571000,-0.299958,1.001596,1.065203,1.492590
2.030000,-0.000042,-0.001597,0.034797,-0.000031,-0.005645,-0.037326,-0.000000,-0.001015,1.570037,-0.300000,1.000000,1.100000,0.000000,0.000000,-1.571000,-0.299958,1.001597,1.065203,1.492591
2.032000,-0.000042,-0.001599,0.034797,-0.000031,-0.005645,-0.037326,-0.000000,-0.001015,1.570037,-0.300000,1.000000,1.100000,0.000000,0.000000,-1.571000,-0.299958,1.001599,1.065203,1.492593
2.034000,-0.000042,-0.001601,0.034797,-0.000031,-0.005645,-0.037326,-0.000000,-0.001015,1.570037,-0.300000,1.000000,1.100000,0.000000,0.000000,-1.571000,-0.299958,1.001601,1.065203,1.492594
2.036000,-0.000042,-0.001602,0.034797,-0.000031,-0.005645,-0.037326,-0.000000,-0.001015,1.570037,-0.300000,1.000000,1.100000,0.000000,0.000000,-1.571000,-0.299958,1.001602,1.065203,1.492595
2.038000,-0.000042,-0.001604,0.034797,-0.000031,-0.005645,-0.037326,-0.000000,-0.001015,1.570037,-0.300000,1.000000,1.100000,0.000000,0.000000,-1.571000,-0.299958,1.001604,1.065203,1.492596
2.040000,-0.000042,-0.001606,0.034797,-0.000031,-0.005645,-0.037326,-0.000000,-0.001015,1.570037,-0.300000,1.000000,1.100000,0.000000,0.000000,-1.571000,-0.299958,1.001606,1.065203,1.492597
2.042000,-0.000042,-0.001607,0.034797,-0.000031,-0.005645,-0.037326,-0.000000,-0.001015,1.570037,-0.300000,1.000000,1.100000,0.000000,0.000000,-1.571000,-0.299958,1.001607,1.065203,1.492598
2.044000,-0.000042,-0.001609,0.034797,-0.000031,-0.005645,-0.037326,-0.000000,-0.001015,1.570037,-0.300000,1.000000,1.100000,0.000000,0.000000,-1.571000,-0.299958,1.001609,1.065203,1.492599
2.046000,-0.000042,-0.001611,0.034797,-0.000031,-0.005645,-0.037326,-0.000000,-0.001015,1.570037,-0.300000,1.000000,1.100000,0.000000,0.000000,-1.571000,-0.299958,1.001611,1.065203,1.492600
2.048000,-0.000042,-0.001612,0.034797,-0.000031,-0.005645,-0.037326,-0.000000,-0.001015,1.570037,-0.300000,1.000000,1.100000,0.000000,0.000000,-1.571000,-0.299958,1.001612,1.065203,1.492601
2.050000,-0.000042,-0.001614,0.034797,-0.000031,-0.005645,-0.037326,-0.000000,-0.001015,1.570037,-0.300000,1.000000,1.100000,0.000000,0.000000,-1.571000,-0.299958,1.001614,1.065203,1.492603
2.052000,-0.000042,-0.001616,0.034797,-0.000031,-0.005645,-0.037326,-0.000000,-0.001015,1.570037,-0.300000,1.000000,1.100000,0.000000,0.000000,-1.571000,-0.299958,1.001616,1.065203,1.492604
2.054000,-0.000042,-0.001617,0.034797,-0.000031,-0.005645,-0.037326,-0.000000,-0.001015,1.570037,-0.300000,1.000000,1.100000,0.000000,0.000000,-1.571000,-0.299958,1.001617,1.065203,1.492605
2.056000,-0.000042,-0.001619,0.034797,-0.000031,-0.005645,-0.037326,-0.000000,-0.001015,1.570037,-0.300000,1.000000,1.100000,0.000000,0.000000,-1.571000,-0.299958,1.001619,1.065203,1.492606
2.058000,-0.000042,-0.001621,0.034797,-0.000031,-0.005645,-0.037326,-0.000000,-0.001015,1.570037,-0.300000,1.000000,1.100000,0.000000,0.000000,-1.571000,-0.299958,1.001621,1.065203,1.492607
2.060000,-0.000042,-0.001622,0.034797,-0.000031,-0.005645,-0.037326,-0.000000,-0.001015,1.570037,-0.300000,1.000000,1.100000,0.000000,0.000000,-1.571000,-0.299958,1.001622,1.065203,1.492608
2.062000,-0.000042,-0.001624,0.034797,-0.000031,-0.005645,-0.037326,-0.000000,-0.001015,1.570037,-0.300000,1.000000,1.100000,0.000000,0.000000,-1.571000,-0.299958,1.001624,1.065203,1.492609
2.064000,-0.000042,-0.001626,0.034797,-0.000031,-0.005645,-0.037326,-0.000000,-0.001015,1.570038,-0.300000,1.000000,1.100000,0.000000,0.000000,-1.571000,-0.299958,1.001626,1.065203,1.492610
2.066000,-0.000042,-0.001627,0.034797,-0.000031,-0.005645,-0.037326,-0.000000,-0.001015,1.570038,-0.300000,1.000000,1.100000,0.000000,0.000000,-1.571000,-0.299958,1.001627,1.065203,1.492612
2.068000,-0.000043,-0.001629,0.034797,-0.000031,-0.005645,-0.037326,-0.000000,-0.001015,1.570038,-0.300000,1.000000,1.100000,0.000000,0.000000,-1.571000,-0.299957,1.001629,1.065203,1.492613
2.070000,-0.000043,-0.001631,0.034797,-0.000031,-0.005645,-0.037326,-0.000000,-0.001015,1.570038,-0.300000,1.000000,1.100000,0.000000,0.000000,-1.571000,-0.299957,1.001631,1.065203,1.492614
2.072000,-0.000043,-0.001632,0.034797,-0.000031,-0.005645,-0.037326,-0.000000,-0.001015,1.570038,-0.300000,1.000000,1.100000,0.000000,0.000000,-1.571000,-0.299957,1.001632,1.065203,1.492615
2.074000,-0.000043,-0.001634,0.034797,-0.000031,-0.005645,-0.037326,-0.000000,-0.001015,1.570038,-0.300000,1.000000,1.100000,0.000000,0.000000,-1.571000,-0.299957,1.001634,1.065203,1.492616
2.076000,-0.000043,-0.001636,0.034797,-0.000031,-0.005645,-0.037326,-0.000000,-0.001015,1.570038,-0.300000,1.000000,1.100000,0.000000,0.000000,-1.571000,-0.299957,1.001636,1.065203,1.492617
2.078000,-0.000043,-0.001637,0.034797,-0.000031,-0.005645,-0.037326,-0.000000,-0.001015,1.570038,-0.300000,1.000000,1.100000,0.000000,0.000000,-1.571000,-0.299957,1.001637,1.065203,1.492618
2.080000,-0.000043,-0.001639,0.034797,-0.000031,-0.005645,-0.037326,-0.000000,-0.001015,1.570038,-0.300000,1.000000,1.100000,0.000000,0.000000,-1.571000,-0.299957,1.001639,1.065203,1.492619
2.082000,-0.000043,-0.001641,0.034797,-0.000031,-0.005645,-0.037326,-0.000000,-0.001015,1.570038,-0.300000,1.000000,1.100000,0.000000,0.000000,-1.571000,-0.299957,1.001641,1.065203,1.492620
2.084000,-0.000043,-0.001642,0.034797,-0.000031,-0.005645,-0.037326,-0.000000,-0.001015,1.570038,-0.300000,1.000000,1.100000,0.000000,0.000000,-1.571000,-0.299957,1.001642,1.065203,1.492622
2.086000,-0.000043,-0.001644,0.034797,-0.000031,-0.005645,-0.037326,-0.000000,-0.001015,1.570038,-0.300000,1.000000,1.100000,0.000000,0.000000,-1.571000,-0.299957,1.001644,1.065203,1.492623
2.088000,-0.000043,-0.001646,0.034797,-0.000031,-0.005645,-0.037326,-0.000000,-0.001015,1.570038,-0.300000,1.000000,1.100000,0.000000,0.000000,-1.571000,-0.299957,1.001646,1.065203,1.492624
2.090000,-0.000043,-0.001647,0.034797,-0.000031,-0.005645,-0.037326,-0.000000,-0.001015,1.570038,-0.300000,1.000000,1.100000,0.000000,0.000000,-1.571000,-0.299957,1.001647,1.065203,1.492625
2.092000,-0.000043,-0.001649,0.034797,-0.000031,-0.005645,-0.037326,-0.000000,-0.001015,1.570038,-0.300000,1.000000,1.100000,0.000000,0.000000,-1.571000,-0.299957,1.001649,1.065203,1.492626
2.094000,-0.000043,-0.001651,0.034797,-0.000031,-0.005645,-0.037326,-0.000000,-0.001015,1.570038,-0.300000,1.000000,1.100000,0.000000,0.000000,-1.571000,-0.299957,1.001651,1.065203,1.492627
2.096000,-0.000043,-0.001653,0.034797,-0.000031,-0.005645,-0.037326,-0.000000,-0.001015,1.570038,-0.300000,1.000000,1.100000,0.000000,0.000000,-1.571000,-0.299957,1.001653,1.065203,1.492628
2.098000,-0.000043,-0.001654,0.034797,-0.000031,-0.005645,-0.037326,-0.000000,-0.001015,1.570038,-0.300000,1.000000,1.100000,0.000000,0.000000,-1.571000,-0.299957,1.001654,1.065203,1.492629
2.100000,-0.000043,-0.001656,0.034797,-0.000031,-0.005645,-0.037326,-0.000000,-0.001015,1.570038,-0.300000,1.000000,1.100000,0.000000,0.000000,-1.571000,-0.299957,1.001656,1.065203,1.492630
2.102000,-0.000043,-0.001658,0.034797,-0.000031,-0.005645,-0.037326,-0.000000,-0.001015,1.570038,-0.300000,1.000000,1.100000,0.000000,0.000000,-1.571000,-0.299957,1.001658,1.065203,1.492632
2.104000,-0.000043,-0.001659,0.034797,-0.000031,-0.005645,-0.037326,-0.000000,-0.001015,1.570038,-0.300000,1.000000,1.100000,0.000000,0.000000,-1.571000,-0.299957,1.001659,1.065203,1.492633
2.106000,-0.000043,-0.001661,0.034797,-0.000031,-0.005645,-0.037326,-0.000000,-0.001015,1.570038,-0.300000,1.000000,1.100000,0.000000,0.000000,-1.571000,-0.299957,1.001661,1.065203,1.492634
2.108000,-0.000043,-0.001663,0.034797,-0.000031,-0.005645,-0.037326,-0.000000,-0.001015,1.570038,-0.300000,1.000000,1.100000,0.000000,0.000000,-1.571000,-0.299957,1.001663,1.065203,1.492635
2.110000,-0.000043,-0.001664,0.034797,-0.000031,-0.005645,-0.037326,-0.000000,-0.001015,1.570038,-0.300000,1.000000,1.100000,0.000000,0.000000,-1.571000,-0.299957,1.001664,1.065203,1.492636
2.112000,-0.000044,-0.001666,0.034797,-0.000031,-0.005645,-0.037326,-0.000000,-0.001015,1.570038,-0.300000,1.000000,1.100000,0.000000,0.000000,-1.571000,-0.299956,1.001666,1.065203,1.492637
2.114000,-0.000044,-0.001668,0.034797,-0.000031,-0.005645,-0.037326,-0.000000,-0.001015,1.570038,-0.300000,1.000000,1.100000,0.000000,0.000000,-1.571000,-0.299956,1.001668,1.065203,1.492638
2.116000,-0.000044,-0.001669,0.034797,-0.000031,-0.005645,-0.037326,-0.000000,-0.001015,1.570039,-0.300000,1.000000,1.100000,0.000000,0.000000,-1.571000,-0.299956,1.001669,1.065203,1.492639
2.118000,-0.000044,-0.001671,0.034797,-0.000031,-0.005645,-0.037326,-0.000000,-0.001015,1.570039,-0.300000,1.000000,1.100000,0.000000,0.000000,-1.571000,-0.299956,1.001671,1.065203,1.492641
2.120000,-0.000044,-0.001673,0.034797,-0.000031,-0.005645,-0.037326,-0.000000,-0.001015,1.570039,-0.300000,1.000000,1.100000,0.000000,0.000000,-1.571000,-0.299956,1.001673,1.065203,1.492642
2.122000,-0.000044,-0.001674,0.034797,-0.000031,-0.005645,-0.037326,-0.000000,-0.001015,1.570039,-0.300000,1.000000,1.100000,0.000000,0.000000,-1.571000,-0.299956,1.001674,1.065203,1.492643
2.124000,-0.000044,-0.001676,0.034797,-0.000031,-0.005645,-0.037326,-0.000000,-0.001015,1.570039,-0.300000,1.000000,1.100000,0.000000,0.000000,-1.571000,-0.299956,1.001676,1.065203,1.492644
2.126000,-0.000044,-0.001678,0.034797,-0.000031,-0.005645,-0.037326,-0.000000,-0.001015,1.570039,-0.300000,1.000000,1.100000,0.000000,0.000000,-1.571000,-0.299956,1.001678,1.065203,1.492645
2.128000,-0.000044,-0.001679,0.034797,-0.000031,-0.005645,-0.037326,-0.000000,-0.001015,1.570039,-0.300000,1.000000,1.100000,0.000000,0.000000,-1.571000,-0.299956,1.001679,1.065203,1.492646
2.130000,-0.000044,-0.001681,0.034797,-0.000031,-0.005645,-0.037326,-0.000000,-0.001015,1.570039,-0.300000,1.000000,1.100000,0.000000,0.000000,-1.571000,-0.299956,1.001681,1.065203,1.492647
2.132000,-0.000044,-0.001683,0.034797,-0.000031,-0.005645,-0.037326,-0.000000,-0.001015,1.570039,-0.300000,1.000000,1.100000,0.000000,0.000000,-1.571000,-0.299956,1.001683,1.065203,1.492648
2.134000,-0.000044,-0.001684,0.034797,-0.000031,-0.005645,-0.037326,-0.000000,-0.001015,1.570039,-0.300000,1.000000,1.100000,0.000000,0.000000,-1.571000,-0.299956,1.001684,1.065203,1.492649
2.136000,-0.000044,-0.001686,0.034797,-0.000031,-0.005645,-0.037326,-0.000000,-0.001015,1.570039,-0.300000,1.000000,1.100000,0.000000,0.000000,-1.571000,-0.299956,1.001686,1.065203,1.492651
2.138000,-0.000044,-0.001688,0.034797,-0.000031,-0.005645,-0.037326,-0.000000,-0.001015,1.570039,-0.300000,1.000000,1.100000,0.000000,0.000000,-1.571000,-0.299956,1.001688,1.065203,1.492652
2.140000,-0.000044,-0.001689,0.034797,-0.000031,-0.005645,-0.037326,-0.000000,-0.001015,1.570039,-0.300000,1.000000,1.100000,0.000000,0.000000,-1.571000,-0.299956,1.001689,1.065203,1.492653
2.142000,-0.000044,-0.001691,0.034797,-0.000031,-0.005645,-0.037326,-0.000000,-0.001015,1.570039,-0.300000,1.000000,1.100000,0.000000,0.000000,-1.571000,-0.299956,1.001691,1.065203,1.492654
2.144000,-0.000044,-0.001693,0.034797,-0.000031,-0.005645,-0.037326,-0.000000,-0.001015,1.570039,-0.300000,1.000000,1.100000,0.000000,0.000000,-1.571000,-0.299956,1.001693,1.065203,1.492655
2.146000,-0.000044,-0.001694,0.034797,-0.000031,-0.005645,-0.037326,-0.000000,-0.001015,1.570039,-0.300000,1.000000,1.100000,0.000000,0.000000,-1.571000,-0.299956,1.001694,1.065203,1.492656
2.148000,-0.000044,-0.001696,0.034797,-0.000031,-0.005645,-0.037326,-0.000000,-0.001015,1.570039,-0.300000,1.000000,1.100000,0.000000,0.000000,-1.571000,-0.299956,1.001696,1.065203,1.492657
2.150000,-0.000044,-0.001698,0.034797,-0.000031,-0.005645,-0.037326,-0.000000,-0.001015,1.570039,-0.300000,1.000000,1.100000,0.000000,0.000000,-1.571000,-0.299956,1.001698,1.065203,1.492658
2.152000,-0.000044,-0.001699,0.034797,-0.000031,-0.005645,-0.037326,-0.000000,-0.001015,1.570039,-0.300000,1.000000,1.100000,0.000000,0.000000,-1.571000,-0.299956,1.001699,1.065203,1.492659
2.154000,-0.000044,-0.001701,0.034797,-0.000031,-0.005645,-0.037326,-0.000000,-0.001015,1.570039,-0.300000,1.000000,1.100000,0.000000,0.000000,-1.571000,-0.299956,1.001701,1.065203,1.492661
2.156000,-0.000044,-0.001703,0.034797,-0.000031,-0.005645,-0.037326,-0.000000,-0.001015,1.570039,-0.300000,1.000000,1.100000,0.000000,0.000000,-1.571000,-0.299956,1.001703,1.065203,1.492662
2.158000,-0.000045,-0.001704,0.034797,-0.000031,-0.005645,-0.037326,-0.000000,-0.001015,1.570039,-0.300000,1.000000,1.100000,0.000000,0.000000,-1.571000,-0.299955,1.001704,1.065203,1.492663
2.160000,-0.000045,-0.001706,0.034797,-0.000031,-0.005645,-0.037326,-0.000000,-0.001015,1.570039,-0.300000,1.000000,1.100000,0.000000,0.000000,-1.571000,-0.299955,1.001706,1.065203,1.492664
2.162000,-0.000045,-0.001708,0.034797,-0.000031,-0.005645,-0.037326,-0.000000,-0.001015,1.570039,-0.300000,1.000000,1.100000,0.000000,0.000000,-1.571000,-0.299955,1.001708,1.065203,1.492665
2.164000,-0.000045,-0.001709,0.034797,-0.000031,-0.005645,-0.037326,-0.000000,-0.001015,1.570039,-0.300000,1.000000,1.100000,0.000000,0.000000,-1.571000,-0.299955,1.001709,1.065203,1.492666
2.166000,-0.000045,-0.001711,0.034797,-0.000031,-0.005645,-0.037326,-0.000000,-0.001015,1.570040,-0.300000,1.000000,1.100000,0.000000,0.000000,-1.571000,-0.299955,1.001711,1.065203,1.492667
2.168000,-0.000045,-0.001713,0.034797,-0.000031,-0.005645,-0.037326,-0.000000,-0.001015,1.570040,-0.300000,1.000000,1.100000,0.000000,0.000000,-1.571000,-0.299955,1.001713,1.065203,1.492668
2.170000,-0.000045,-0.001714,0.034797,-0.000031,-0.005645,-0.037326,-0.000000,-0.001015,1.570040,-0.300000,1.000000,1.100000,0.000000,0.000000,-1.571000,-0.299955,1.001714,1.065203,1.492669
2.172000,-0.000045,-0.001716,0.034797,-0.000031,-0.005645,-0.037326,-0.000000,-0.001015,1.570040,-0.300000,1.000000,1.100000,0.000000,0.000000,-1.571000,-0.299955,1.001716,1.065203,1.492671
2.174000,-0.000045,-0.001718,0.034797,-0.000031,-0.005645,-0.037326,-0.000000,-0.001015,1.570040,-0.300000,1.000000,1.100000,0.000000,0.000000,-1.571000,-0.299955,1.001718,1.065203,1.492672
2.176000,-0.000045,-0.001720,0.034797,-0.000031,-0.005645,-0.037326,-0.000000,-0.001015,1.570040,-0.300000,1.000000,1.100000,0.000000,0.000000,-1.571000,-0.299955,1.001720,1.065203,1.492673
2.178000,-0.000045,-0.001721,0.034797,-0.000031,-0.005645,-0.037326,-0.000000,-0.001015,1.570040,-0.300000,1.000000,1.100000,0.000000,0.000000,-1.571000,-0.299955,1.001721,1.065203,1.492674
2.180000,-0.000045,-0.001723,0.034797,-0.000031,-0.005645,-0.037326,-0.000000,-0.001015,1.570040,-0.300000,1.000000,1.100000,0.000000,0.000000,-1.571000,-0.299955,1.001723,1.065203,1.492675
2.182000,-0.000045,-0.001725,0.034797,-0.000031,-0.005645,-0.037326,-0.000000,-0.001015,1.570040,-0.300000,1.000000,1.100000,0.000000,0.000000,-1.571000,-0.299955,1.001725,1.065203,1.492676
2.184000,-0.000045,-0.001726,0.034797,-0.000031,-0.005645,-0.037326,-0.000000,-0.001015,1.570040,-0.300000,1.000000,1.100000,0.000000,0.000000,-1.571000,-0.299955,1.001726,1.065203,1.492677
2.186000,-0.000045,-0.001728,0.034797,-0.000031,-0.005645,-0.037326,-0.000000,-0.001015,1.570040,-0.300000,1.000000,1.100000,0.000000,0.000000,-1.571000,-0.299955,1.001728,1.065203,1.492678
2.188000,-0.000045,-0.001730,0.034797,-0.000031,-0.005645,-0.037326,-0.000000,-0.001015,1.570040,-0.300000,1.000000,1.100000,0.000000,0.000000,-1.571000,-0.299955,1.001730,1.065203,1.492680
2.190000,-0.000045,-0.001731,0.034797,-0.000031,-0.005645,-0.037326,-0.000000,-0.001015,1.570040,-0.300000,1.000000,1.100000,0.000000,0.000000,-1.571000,-0.299955,1.001731,1.065203,1.492681
2.192000,-0.000045,-0.001733,0.034797,-0.000031,-0.005645,-0.037326,-0.000000,-0.001015,1.570040,-0.300000,1.000000,1.100000,0.000000,0.000000,-1.571000,-0.299955,1.001733,1.065203,1.492682
2.194000,-0.000045,-0.001735,0.034797,-0.000031,-0.005645,-0.037326,-0.000000,-0.001015,1.570040,-0.300000,1.000000,1.100000,0.000000,0.000000,-1.571000,-0.299955,1.001735,1.065203,1.492683
2.196000,-0.000045,-0.001736,0.034797,-0.000031,-0.005645,-0.037326,-0.000000,-0.001015,1.570040,-0.300000,1.000000,1.100000,0.000000,0.000000,-1.571000,-0.299955,1.001736,1.065203,1.492684
2.198000,-0.000045,-0.001738,0.034797,-0.000031,-0.005645,-0.037326,-0.000000,-0.001015,1.570040,-0.300000,1.000000,1.100000,0.000000,0.000000,-1.571000,-0.299955,1.001738,1.065203,1.492685
2.200000,-0.000045,-0.001740,0.034797,-0.000031,-0.005645,-0.037326,-0.000000,-0.001015,1.570040,-0.300000,1.000000,1.100000,0.000000,0.000000,-1.571000,-0.299955,1.001740,1.065203,1.492686
2.202000,-0.000046,-0.001741,0.034797,-0.000031,-0.005645,-0.037326,-0.000000,-0.001015,1.570040,-0.300000,1.000000,1.100000,0.000000,0.000000,-1.571000,-0.299954,1.001741,1.065203,1.492687
2.204000,-0.000046,-0.001743,0.034797,-0.000031,-0.005645,-0.037326,-0.000000,-0.001015,1.570040,-0.300000,1.000000,1.100000,0.000000,0.000000,-1.571000,-0.299954,1.001743,1.065203,1.492688
2.206000,-0.000046,-0.001745,0.034797,-0.000031,-0.005645,-0.037326,-0.000000,-0.001015,1.570040,-0.300000,1.000000,1.100000,0.000000,0.000000,-1.571000,-0.299954,1.001745,1.065203,1.492690
2.208000,-0.000046,-0.001746,0.034797,-0.000031,-0.005645,-0.037326,-0.000000,-0.001015,1.570040,-0.300000,1.000000,1.100000,0.000000,0.000000,-1.571000,-0.299954,1.001746,1.065203,1.492691
2.210000,-0.000046,-0.001748,0.034797,-0.000031,-0.005645,-0.037326,-0.000000,-0.001015,1.570040,-0.300000,1.000000,1.100000,0.000000,0.000000,-1.571000,-0.299954,1.001748,1.065203,1.492692
2.212000,-0.000046,-0.001750,0.034797,-0.000031,-0.005645,-0.037326,-0.000000,-0.001015,1.570040,-0.300000,1.000000,1.100000,0.000000,0.000000,-1.571000,-0.299954,1.001750,1.065203,1.492693
2.214000,-0.000046,-0.001751,0.034797,-0.000031,-0.005645,-0.037326,-0.000000,-0.001015,1.570040,-0.300000,1.000000,1.100000,0.000000,0.000000,-1.571000,-0.299954,1.001751,1.065203,1.492694
2.216000,-0.000046,-0.001753,0.034797,-0.000031,-0.005645,-0.037326,-0.000000,-0.001015,1.570041,-0.300000,1.000000,1.100000,0.000000,0.000000,-1.571000,-0.299954,1.001753,1.065203,1.492695
2.218000,-0.000046,-0.001755,0.034797,-0.000031,-0.005645,-0.037326,-0.000000,-0.001015,1.570041,-0.300000,1.000000,1.100000,0.000000,0.000000,-1.571000,-0.299954,1.001755,1.065203,1.492696
2.220000,-0.000046,-0.001756,0.034797,-0.000031,-0.005645,-0.037326,-0.000000,-0.001015,1.570041,-0.300000,1.000000,1.100000,0.000000,0.000000,-1.571000,-0.299954,1.001756,1.065203,1.492697
2.222000,-0.000046,-0.001758,0.034797,-0.000031,-0.005645,-0.037326,-0.000000,-0.001015,1.570041,-0.300000,1.000000,1.100000,0.000000,0.000000,-1.571000,-0.299954,1.001758,1.065203,1.492698
2.224000,-0.000046,-0.001760,0.034797,-0.000031,-0.005645,-0.037326,-0.000000,-0.001015,1.570041,-0.300000,1.000000,1.100000,0.000000,0.000000,-1.571000,-0.299954,1.001760,1.065203,1.492700
2.226000,-0.000046,-0.001761,0.034797,-0.000031,-0.005645,-0.037326,-0.000000,-0.001015,1.570041,-0.300000,1.000000,1.100000,0.000000,0.000000,-1.571000,-0.299954,1.001761,1.065203,1.492701
2.228000,-0.000046,-0.001763,0.034797,-0.000031,-0.005645,-0.037326,-0.000000,-0.001015,1.570041,-0.300000,1.000000,1.100000,0.000000,0.000000,-1.571000,-0.299954,1.001763,1.065203,1.492702
2.230000,-0.000046,-0.001765,0.034797,-0.000031,-0.005645,-0.037326,-0.000000,-0.001015,1.570041,-0.300000,1.000000,1.100000,0.000000,0.000000,-1.571000,-0.299954,1.001765,1.065203,1.492703
2.232000,-0.000046,-0.001766,0.034797,-0.000031,-0.005645,-0.037326,-0.000000,-0.001015,1.570041,-0.300000,1.000000,1.100000,0.000000,0.000000,-1.571000,-0.299954,1.001766,1.065203,1.492704
2.234000,-0.000046,-0.001768,0.034797,-0.000031,-0.005645,-0.037326,-0.000000,-0.001015,1.570041,-0.300000,1.000000,1.100000,0.000000,0.000000,-1.571000,-0.299954,1.001768,1.065203,1.492705
2.236000,-0.000046,-0.001770,0.034797,-0.000031,-0.005645,-0.037326,-0.000000,-0.001015,1.570041,-0.300000,1.000000,1.100000,0.000000,0.000000,-1.571000,-0.299954,1.001770,1.065203,1.492706
2.238000,-0.000046,-0.001771,0.034797,-0.000031,-0.005645,-0.037326,-0.000000,-0.001015,1.570041,-0.300000,1.000000,1.100000,0.000000,0.000000,-1.571000,-0.299954,1.001771,1.065203,1.492707
2.240000,-0.000046,-0.001773,0.034797,-0.000031,-0.005645,-0.037326,-0.000000,-0.001015,1.570041,-0.300000,1.000000,1.100000,0.000000,0.000000,-1.571000,-0.299954,1.001773,1.065203,1.492709
2.242000,-0.000046,-0.001775,0.034797,-0.000031,-0.005645,-0.037326,-0.000000,-0.001015,1.570041,-0.300000,1.000000,1.100000,0.000000,0.000000,-1.571000,-0.299954,1.001775,1.065203,1.492710
2.244000,-0.000046,-0.001776,0.034797,-0.000031,-0.005645,-0.037326,-0.000000,-0.001015,1.570041,-0.300000,1.000000,1.100000,0.000000,0.000000,-1.571000,-0.299954,1.001776,1.065203,1.492711
2.246000,-0.000046,-0.001778,0.034797,-0.000031,-0.005645,-0.037326,-0.000000,-0.001015,1.570041,-0.300000,1.000000,1.100000,0.000000,0.000000,-1.571000,-0.299954,1.001778,1.065203,1.492712
2.248000,-0.000047,-0.001780,0.034797,-0.000031,-0.005645,-0.037326,-0.000000,-0.001015,1.570041,-0.300000,1.000000,1.100000,0.000000,0.000000,-1.571000,-0.299953,1.001780,1.065203,1.492713
2.250000,-0.000047,-0.001781,0.034797,-0.000031,-0.005645,-0.037326,-0.000000,-0.001015,1.570041,-0.300000,1.000000,1.100000,0.000000,0.000000,-1.571000,-0.299953,1.001781,1.065203,1.492714
2.252000,-0.000047,-0.001783,0.034797,-0.000031,-0.005645,-0.037326,-0.000000,-0.001015,1.570041,-0.300000,1.000000,1.100000,0.000000,0.000000,-1.571000,-0.299953,1.001783,1.065203,1.492715
2.254000,-0.000047,-0.001785,0.034797,-0.000031,-0.005645,-0.037326,-0.000000,-0.001015,1.570041,-0.300000,1.000000,1.100000,0.000000,0.000000,-1.571000,-0.299953,1.001785,1.065203,1.492716
2.256000,-0.000047,-0.001786,0.034797,-0.000031,-0.005645,-0.037326,-0.000000,-0.001015,1.570041,-0.300000,1.000000,1.100000,0.000000,0.000000,-1.571000,-0.299953,1.001786,1.065203,1.492717
2.258000,-0.000047,-0.001788,0.034797,-0.000031,-0.005645,-0.037326,-0.000000,-0.001015,1.570041,-0.300000,1.000000,1.100000,0.000000,0.000000,-1.571000,-0.299953,1.001788,1.065203,1.492719
2.260000,-0.000047,-0.001790,0.034797,-0.000031,-0.005645,-0.037326,-0.000000,-0.001015,1.570041,-0.300000,1.000000,1.100000,0.000000,0.000000,-1.571000,-0.299953,1.001790,1.065203,1.492720
2.262000,-0.000047,-0.001792,0.034797,-0.000031,-0.005645,-0.037326,-0.000000,-0.001015,1.570041,-0.300000,1.000000,1.100000,0.000000,0.000000,-1.571000,-0.299953,1.001792,1.065203,1.492721
2.264000,-0.000047,-0.001793,0.034797,-0.000031,-0.005645,-0.037326,-0.000000,-0.001015,1.570041,-0.300000,1.000000,1.100000,0.000000,0.000000,-1.571000,-0.299953,1.001793,1.065203,1.492722
2.266000,-0.000047,-0.001795,0.034797,-0.000031,-0.005645,-0.037326,-0.000000,-0.001015,1.570042,-0.300000,1.000000,1.100000,0.000000,0.000000,-1.571000,-0.299953,1.001795,1.065203,1.492723
2.268000,-0.000047,-0.001797,0.034797,-0.000031,-0.005645,-0.037326,-0.000000,-0.001015,1.570042,-0.300000,1.000000,1.100000,0.000000,0.000000,-1.571000,-0.299953,1.001797,1.065203,1.492724
2.270000,-0.000047,-0.001798,0.034797,-0.000031,-0.005645,-0.037326,-0.000000,-0.001015,1.570042,-0.300000,1.000000,1.100000,0.000000,0.000000,-1.571000,-0.299953,1.001798,1.065203,1.492725
2.272000,-0.000047,-0.001800,0.034797,-0.000031,-0.005645,-0.037326,-0.000000,-0.001015,1.570042,-0.300000,1.000000,1.100000,0.000000,0.000000,-1.571000,-0.299953,1.001800,1.065203,1.492726
2.274000,-0.000047,-0.001802,0.034797,-0.000031,-0.005645,-0.037326,-0.000000,-0.001015,1.570042,-0.300000,1.000000,1.100000,0.000000,0.000000,-1.571000,-0.299953,1.001802,1.065203,1.492727
2.276000,-0.000047,-0.001803,0.034797,-0.000031,-0.005645,-0.037326,-0.000000,-0.001015,1.570042,-0.300000,1.000000,1.100000,0.000000,0.000000,-1.571000,-0.299953,1.001803,1.065203,1.492729
2.278000,-0.000047,-0.001805,0.034797,-0.000031,-0.005645,-0.037326,-0.000000,-0.001015,1.570042,-0.300000,1.000000,1.100000,0.000000,0.000000,-1.571000,-0.299953,1.001805,1.065203,1.492730
2.280000,-0.000047,-0.001807,0.034797,-0.000031,-0.005645,-0.037326,-0.000000,-0.001015,1.570042,-0.300000,1.000000,1.100000,0.000000,0.000000,-1.571000,-0.299953,1.001807,1.065203,1.492731
2.282000,-0.000047,-0.001808,0.034797,-0.000031,-0.005645,-0.037326,-0.000000,-0.001015,1.570042,-0.300000,1.000000,1.100000,0.000000,0.000000,-1.571000,-0.299953,1.001808,1.065203,1.492732
2.284000,-0.000047,-0.001810,0.034797,-0.000031,-0.005645,-0.037326,-0.000000,-0.001015,1.570042,-0.300000,1.000000,1.100000,0.000000,0.000000,-1.571000,-0.299953,1.001810,1.065203,1.492733
2.286000,-0.000047,-0.001812,0.034797,-0.000031,-0.005645,-0.037326,-0.000000,-0.001015,1.570042,-0.300000,1.000000,1.100000,0.000000,0.000000,-1.571000,-0.299953,1.001812,1.065203,1.492734
2.288000,-0.000047,-0.001813,0.034797,-0.000031,-0.005645,-0.037326,-0.000000,-0.001015,1.570042,-0.300000,1.000000,1.100000,0.000000,0.000000,-1.571000,-0.299953,1.001813,1.065203,1.492735
2.290000,-0.000047,-0.001815,0.034797,-0.000031,-0.005645,-0.037326,-0.000000,-0.001015,1.570042,-0.300000,1.000000,1.100000,0.000000,0.000000,-1.571000,-0.299953,1.001815,1.065203,1.492736
2.292000,-0.000048,-0.001817,0.034797,-0.000031,-0.005645,-0.037326,-0.000000,-0.001015,1.570042,-0.300000,1.000000,1.100000,0.000000,0.000000,-1.571000,-0.299952,1.001817,1.065203,1.492738
2.294000,-0.000048,-0.001818,0.034797,-0.000031,-0.005645,-0.037326,-0.000000,-0.001015,1.570042,-0.300000,1.000000,1.100000,0.000000,0.000000,-1.571000,-0.299952,1.001818,1.065203,1.492739
2.296000,-0.000048,-0.001820,0.034797,-0.000031,-0.005645,-0.037326,-0.000000,-0.001015,1.570042,-0.300000,1.000000,1.100000,0.000000,0.000000,-1.571000,-0.299952,1.001820,1.065203,1.492740
2.298000,-0.000048,-0.001822,0.034797,-0.000031,-0.005645,-0.037326,-0.000000,-0.001015,1.570042,-0.300000,1.000000,1.100000,0.000000,0.000000,-1.571000,-0.299952,1.001822,1.065203,1.492741
2.300000,-0.000048,-0.001823,0.034797,-0.000031,-0.005645,-0.037326,-0.000000,-0.001015,1.570042,-0.300000,1.000000,1.100000,0.000000,0.000000,-1.571000,-0.299952,1.001823,1.065203,1.492742
2.302000,-0.000048,-0.001825,0.034797,-0.000031,-0.005645,-0.037326,-0.000000,-0.001015,1.570042,-0.300000,1.000000,1.100000,0.000000,0.000000,-1.571000,-0.299952,1.001825,1.065203,1.492743
2.304000,-0.000048,-0.001827,0.034797,-0.000031,-0.005645,-0.037326,-0.000000,-0.001015,1.570042,-0.300000,1.000000,1.100000,0.000000,0.000000,-1.571000,-0.299952,1.001827,1.065203,1.492744
2.306000,-0.000048,-0.001828,0.034797,-0.000031,-0.005645,-0.037326,-0.000000,-0.001015,1.570042,-0.300000,1.000000,1.100000,0.000000,0.000000,-1.571000,-0.299952,1.001828,1.065203,1.492745
2.308000,-0.000048,-0.001830,0.034797,-0.000031,-0.005645,-0.037326,-0.000000,-0.001015,1.570042,-0.300000,1.000000,1.100000,0.000000,0.000000,-1.571000,-0.299952,1.001830,1.065203,1.492746
2.310000,-0.000048,-0.001832,0.034797,-0.000031,-0.005645,-0.037326,-0.000000,-0.001015,1.570042,-0.300000,1.000000,1.100000,0.000000,0.000000,-1.571000,-0.299952,1.001832,1.065203,1.492748
2.312000,-0.000048,-0.001833,0.034797,-0.000031,-0.005645,-0.037326,-0.000000,-0.001015,1.570042,-0.300000,1.000000,1.100000,0.000000,0.000000,-1.571000,-0.299952,1.001833,1.065203,1.492749
2.314000,-0.000048,-0.001835,0.034797,-0.000031,-0.005645,-0.037326,-0.000000,-0.001015,1.570042,-0.300000,1.000000,1.100000,0.000000,0.000000,-1.571000,-0.299952,1.001835,1.065203,1.492750
2.316000,-0.000048,-0.001837,0.034797,-0.000031,-0.005645,-0.037326,-0.000000,-0.001015,1.570042,-0.300000,1.000000,1.100000,0.000000,0.000000,-1.571000,-0.299952,1.001837,1.065203,1.492751
2.318000,-0.000048,-0.001838,0.034797,-0.000031,-0.005645,-0.037326,-0.000000,-0.001015,1.570043,-0.300000,1.000000,1.100000,0.000000,0.000000,-1.571000,-0.299952,1.001838,1.065203,1.492752
2.320000,-0.000048,-0.001840,0.034797,-0.000031,-0.005645,-0.037326,-0.000000,-0.001015,1.570043,-0.300000,1.000000,1.100000,0.000000,0.000000,-1.571000,-0.299952,1.001840,1.065203,1.492753
2.322000,-0.000048,-0.001842,0.034797,-0.000031,-0.005645,-0.037326,-0.000000,-0.001015,1.570043,-0.300000,1.000000,1.100000,0.000000,0.000000,-1.571000,-0.299952,1.001842,1.065203,1.492754
2.324000,-0.000048,-0.001843,0.034797,-0.000031,-0.005645,-0.037326,-0.000000,-0.001015,1.570043,-0.300000,1.000000,1.100000,0.000000,0.000000,-1.571000,-0.299952,1.001843,1.065203,1.492755
2.326000,-0.000048,-0.001845,0.034797,-0.000031,-0.005645,-0.037326,-0.000000,-0.001015,1.570043,-0.300000,1.000000,1.100000,0.000000,0.000000,-1.571000,-0.299952,1.001845,1.065203,1.492756
2.328000,-0.000048,-0.001847,0.034797,-0.000031,-0.005645,-0.037326,-0.000000,-0.001015,1.570043,-0.300000,1.000000,1.100000,0.000000,0.000000,-1.571000,-0.299952,1.001847,1.065203,1.492758
2.330000,-0.000048,-0.001848,0.034797,-0.000031,-0.005645,-0.037326,-0.000000,-0.001015,1.570043,-0.300000,1.000000,1.100000,0.000000,0.000000,-1.571000,-0.299952,1.001848,1.065203,1.492759
2.332000,-0.000048,-0.001850,0.034797,-0.000031,-0.005645,-0.037326,-0.000000,-0.001015,1.570043,-0.300000,1.000000,1.100000,0.000000,0.000000,-1.571000,-0.299952,1.001850,1.065203,1.492760
2.334000,-0.000048,-0.001852,0.034797,-0.000031,-0.005645,-0.037326,-0.000000,-0.001015,1.570043,-0.300000,1.000000,1.100000,0.000000,0.000000,-1.571000,-0.299952,1.001852,1.065203,1.492761
2.336000,-0.000049,-0.001853,0.034797,-0.000031,-0.005645,-0.037326,-0.000000,-0.001015,1.570043,-0.300000,1.000000,1.100000,0.000000,0.000000,-1.571000,-0.299951,1.001853,1.065203,1.492762
2.338000,-0.000049,-0.001855,0.034797,-0.000031,-0.005645,-0.037326,-0.000000,-0.001015,1.570043,-0.300000,1.000000,1.100000,0.000000,0.000000,-1.571000,-0.299951,1.001855,1.065203,1.492763
2.340000,-0.000049,-0.001857,0.034797,-0.000031,-0.005645,-0.037326,-0.000000,-0.001015,1.570043,-0.300000,1.000000,1.100000,0.000000,0.000000,-1.571000,-0.299951,1.001857,1.065203,1.492764
2.342000,-0.000049,-0.001859,0.034797,-0.000031,-0.005645,-0.037326,-0.000000,-0.001015,1.570043,-0.300000,1.000000,1.100000,0.000000,0.000000,-1.571000,-0.299951,1.001859,1.065203,1.492765
2.344000,-0.000049,-0.001860,0.034797,-0.000031,-0.005645,-0.037326,-0.000000,-0.001015,1.570043,-0.300000,1.000000,1.100000,0.000000,0.000000,-1.571000,-0.299951,1.001860,1.065203,1.492766
2.346000,-0.000049,-0.001862,0.034797,-0.000031,-0.005645,-0.037326,-0.000000,-0.001015,1.570043,-0.300000,1.000000,1.100000,0.000000,0.000000,-1.571000,-0.299951,1.001862,1.065203,1.492768
2.348000,-0.000049,-0.001864,0.034797,-0.000031,-0.005645,-0.037326,-0.000000,-0.001015,1.570043,-0.300000,1.000000,1.100000,0.000000,0.000000,-1.571000,-0.299951,1.001864,1.065203,1.492769
2.350000,-0.000049,-0.001865,0.034797,-0.000031,-0.005645,-0.037326,-0.000000,-0.001015,1.570043,-0.300000,1.000000,1.100000,0.000000,0.000000,-1.571000,-0.299951,1.001865,1.065203,1.492770
2.352000,-0.000049,-0.001867,0.034797,-0.000031,-0.005645,-0.037326,-0.000000,-0.001015,1.570043,-0.300000,1.000000,1.100000,0.000000,0.000000,-1.571000,-0.299951,1.001867,1.065203,1.492771
2.354000,-0.000049,-0.001869,0.034797,-0.000031,-0.005645,-0.037326,-0.000000,-0.001015,1.570043,-0.300000,1.000000,1.100000,0.000000,0.000000,-1.571000,-0.299951,1.001869,1.065203,1.492772
2.356000,-0.000049,-0.001870,0.034797,-0.000031,-0.005645,-0.037326,-0.000000,-0.001015,1.570043,-0.300000,1.000000,1.100000,0.000000,0.000000,-1.571000,-0.299951,1.001870,1.065203,1.492773
2.358000,-0.000049,-0.001872,0.034797,-0.000031,-0.005645,-0.037326,-0.000000,-0.001015,1.570043,-0.300000,1.000000,1.100000,0.000000,0.000000,-1.571000,-0.299951,1.001872,1.065203,1.492774
2.360000,-0.000049,-0.001874,0.034797,-0.000031,-0.005645,-0.037326,-0.000000,-0.001015,1.570043,-0.300000,1.000000,1.100000,0.000000,0.000000,-1.571000,-0.299951,1.001874,1.065203,1.492775
2.362000,-0.000049,-0.001875,0.034797,-0.000031,-0.005645,-0.037326,-0.000000,-0.001015,1.570043,-0.300000,1.000000,1.100000,0.000000,0.000000,-1.571000,-0.299951,1.001875,1.065203,1.492777
2.364000,-0.000049,-0.001877,0.034797,-0.000031,-0.005645,-0.037326,-0.000000,-0.001015,1.570043,-0.300000,1.000000,1.100000,0.000000,0.000000,-1.571000,-0.299951,1.001877,1.065203,1.492778
2.366000,-0.000049,-0.001879,0.034797,-0.000031,-0.005645,-0.037326,-0.000000,-0.001015,1.570043,-0.300000,1.000000,1.100000,0.000000,0.000000,-1.571000,-0.299951,1.001879,1.065203,1.492779
2.368000,-0.000049,-0.001880,0.034797,-0.000031,-0.005645,-0.037326,-0.000000,-0.001015,1.570044,-0.300000,1.000000,1.100000,0.000000,0.000000,-1.571000,-0.299951,1.001880,1.065203,1.492780
2.370000,-0.000049,-0.001882,0.034797,-0.000031,-0.005645,-0.037326,-0.000000,-0.001015,1.570044,-0.300000,1.000000,1.100000,0.000000,0.000000,-1.571000,-0.299951,1.001882,1.065203,1.492781
2.372000,-0.000049,-0.001884,0.034797,-0.000031,-0.005645,-0.037326,-0.000000,-0.001015,1.570044,-0.300000,1.000000,1.100000,0.000000,0.000000,-1.571000,-0.299951,1.001884,1.065203,1.492782
2.374000,-0.000049,-0.001885,0.034797,-0.000031,-0.005645,-0.037326,-0.000000,-0.001015,1.570044,-0.300000,1.000000,1.100000,0.000000,0.000000,-1.571000,-0.299951,1.001885,1.065203,1.492783
2.376000,-0.000049,-0.001887,0.034797,-0.000031,-0.005645,-0.037326,-0.000000,-0.001015,1.570044,-0.300000,1.000000,1.100000,0.000000,0.000000,-1.571000,-0.299951,1.001887,1.065203,1.492784
2.378000,-0.000049,-0.001889,0.034797,-0.000031,-0.005645,-0.037326,-0.000000,-0.001015,1.570044,-0.300000,1.000000,1.100000,0.000000,0.000000,-1.571000,-0.299951,1.001889,1.065203,1.492785
2.380000,-0.000049,-0.001890,0.034797,-0.000031,-0.005645,-0.037326,-0.000000,-0.001015,1.570044,-0.300000,1.000000,1.100000,0.000000,0.000000,-1.571000,-0.299951,1.001890,1.065203,1.492787
2.382000,-0.000050,-0.001892,0.034797,-0.000031,-0.005645,-0.037326,-0.000000,-0.001015,1.570044,-0.300000,1.000000,1.100000,0.000000,0.000000,-1.571000,-0.299950,1.001892,1.065203,1.492788
2.384000,-0.000050,-0.001894,0.034797,-0.000031,-0.005645,-0.037326,-0.000000,-0.001015,1.570044,-0.300000,1.000000,1.100000,0.000000,0.000000,-1.571000,-0.299950,1.001894,1.065203,1.492789
2.386000,-0.000050,-0.001895,0.034797,-0.000031,-0.005645,-0.037326,-0.000000,-0.001015,1.570044,-0.300000,1.000000,1.100000,0.000000,0.000000,-1.571000,-0.299950,1.001895,1.065203,1.492790
2.388000,-0.000050,-0.001897,0.034797,-0.000031,-0.005645,-0.037326,-0.000000,-0.001015,1.570044,-0.300000,1.000000,1.100000,0.000000,0.000000,-1.571000,-0.299950,1.001897,1.065203,1.492791
2.390000,-0.000050,-0.001899,0.034797,-0.000031,-0.005645,-0.037326,-0.000000,-0.001015,1.570044,-0.300000,1.000000,1.100000,0.000000,0.000000,-1.571000,-0.299950,1.001899,1.065203,1.492792
2.392000,-0.000050,-0.001900,0.034797,-0.000031,-0.005645,-0.037326,-0.000000,-0.001015,1.570044,-0.300000,1.000000,1.100000,0.000000,0.000000,-1.571000,-0.299950,1.001900,1.065203,1.492793
2.394000,-0.000050,-0.001902,0.034797,-0.000031,-0.005645,-0.037326,-0.000000,-0.001015,1.570044,-0.300000,1.000000,1.100000,0.000000,0.000000,-1.571000,-0.299950,1.001902,1.065203,1.492794
2.396000,-0.000050,-0.001904,0.034797,-0.000031,-0.005645,-0.037326,-0.000000,-0.001015,1.570044,-0.300000,1.000000,1.100000,0.000000,0.000000,-1.571000,-0.299950,1.001904,1.065203,1.492795
2.398000,-0.000050,-0.001905,0.034797,-0.000031,-0.005645,-0.037326,-0.000000,-0.001015,1.570044,-0.300000,1.000000,1.100000,0.000000,0.000000,-1.571000,-0.299950,1.001905,1.065203,1.492797
2.400000,-0.000050,-0.001907,0.034797,-0.000031,-0.005645,-0.037326,-0.000000,-0.001015,1.570044,-0.300000,1.000000,1.100000,0.000000,0.000000,-1.571000,-0.299950,1.001907,1.065203,1.492798
2.402000,-0.000050,-0.001909,0.034797,-0.000031,-0.005645,-0.037326,-0.000000,-0.001015,1.570044,-0.300000,1.000000,1.100000,0.000000,0.000000,-1.571000,-0.299950,1.001909,1.065203,1.492799
2.404000,-0.000050,-0.001910,0.034797,-0.000031,-0.005645,-0.037326,-0.000000,-0.001015,1.570044,-0.300000,1.000000,1.100000,0.000000,0.000000,-1.571000,-0.299950,1.001910,1.065203,1.492800
2.406000,-0.000050,-0.001912,0.034797,-0.000031,-0.005645,-0.037326,-0.000000,-0.001015,1.570044,-0.300000,1.000000,1.100000,0.000000,0.000000,-1.571000,-0.299950,1.001912,1.065203,1.492801
2.408000,-0.000050,-0.001914,0.034797,-0.000031,-0.005645,-0.037326,-0.000000,-0.001015,1.570044,-0.300000,1.000000,1.100000,0.000000,0.000000,-1.571000,-0.299950,1.001914,1.065203,1.492802
2.410000,-0.000050,-0.001915,0.034797,-0.000031,-0.005645,-0.037326,-0.000000,-0.001015,1.570044,-0.300000,1.000000,1.100000,0.000000,0.000000,-1.571000,-0.299950,1.001915,1.065203,1.492803
2.412000,-0.000050,-0.001917,0.034797,-0.000031,-0.005645,-0.037326,-0.000000,-0.001015,1.570044,-0.300000,1.000000,1.100000,0.000000,0.000000,-1.571000,-0.299950,1.001917,1.065203,1.492804
2.414000,-0.000050,-0.001919,0.034797,-0.000031,-0.005645,-0.037326,-0.000000,-0.001015,1.570044,-0.300000,1.000000,1.100000,0.000000,0.000000,-1.571000,-0.299950,1.001919,1.065203,1.492806
2.416000,-0.000050,-0.001920,0.034797,-0.000031,-0.005645,-0.037326,-0.000000,-0.001015,1.570044,-0.300000,1.000000,1.100000,0.000000,0.000000,-1.571000,-0.299950,1.001920,1.065203,1.492807
2.418000,-0.000050,-0.001922,0.034797,-0.000031,-0.005645,-0.037326,-0.000000,-0.001015,1.570045,-0.300000,1.000000,1.100000,0.000000,0.000000,-1.571000,-0.299950,1.001922,1.065203,1.492808
2.420000,-0.000050,-0.001924,0.034797,-0.000031,-0.005645,-0.037326,-0.000000,-0.001015,1.570045,-0.300000,1.000000,1.100000,0.000000,0.000000,-1.571000,-0.299950,1.001924,1.065203,1.492809
2.422000,-0.000050,-0.001925,0.034797,-0.000031,-0.005645,-0.037326,-0.000000,-0.001015,1.570045,-0.300000,1.000000,1.100000,0.000000,0.000000,-1.571000,-0.299950,1.001925,1.065203,1.492810
2.424000,-0.000050,-0.001927,0.034797,-0.000031,-0.005645,-0.037326,-0.000000,-0.001015,1.570045,-0.300000,1.000000,1.100000,0.000000,0.000000,-1.571000,-0.299950,1.001927,1.065203,1.492811
2.426000,-0.000051,-0.001929,0.034797,-0.000031,-0.005645,-0.037326,-0.000000,-0.001015,1.570045,-0.300000,1.000000,1.100000,0.000000,0.000000,-1.571000,-0.299949,1.001929,1.065203,1.492812
2.428000,-0.000051,-0.001931,0.034797,-0.000031,-0.005645,-0.037326,-0.000000,-0.001015,1.570045,-0.300000,1.000000,1.100000,0.000000,0.000000,-1.571000,-0.299949,1.001931,1.065203,1.492813
2.430000,-0.000051,-0.001932,0.034797,-0.000031,-0.005645,-0.037326,-0.000000,-0.001015,1.570045,-0.300000,1.000000,1.100000,0.000000,0.000000,-1.571000,-0.299949,1.001932,1.065203,1.492814
2.432000,-0.000051,-0.001934,0.034797,-0.000031,-0.005645,-0.037326,-0.000000,-0.001015,1.570045,-0.300000,1.000000,1.100000,0.000000,0.000000,-1.571000,-0.299949,1.001934,1.065203,1.492816
2.434000,-0.000051,-0.001936,0.034797,-0.000031,-0.005645,-0.037326,-0.000000,-0.001015,1.570045,-0.300000,1.000000,1.100000,0.000000,0.000000,-1.571000,-0.299949,1.001936,1.065203,1.492817
2.436000,-0.000051,-0.001937,0.034797,-0.000031,-0.005645,-0.037326,-0.000000,-0.001015,1.570045,-0.300000,1.000000,1.100000,0.000000,0.000000,-1.571000,-0.299949,1.001937,1.065203,1.492818
2.438000,-0.000051,-0.001939,0.034797,-0.000031,-0.005645,-0.037326,-0.000000,-0.001015,1.570045,-0.300000,1.000000,1.100000,0.000000,0.000000,-1.571000,-0.299949,1.001939,1.065203,1.492819
2.440000,-0.000051,-0.001941,0.034797,-0.000031,-0.005645,-0.037326,-0.000000,-0.001015,1.570045,-0.300000,1.000000,1.100000,0.000000,0.000000,-1.571000,-0.299949,1.001941,1.065203,1.492820
2.442000,-0.000051,-0.001942,0.034797,-0.000031,-0.005645,-0.037326,-0.000000,-0.001015,1.570045,-0.300000,1.000000,1.100000,0.000000,0.000000,-1.571000,-0.299949,1.001942,1.065203,1.492821
2.444000,-0.000051,-0.001944,0.034797,-0.000031,-0.005645,-0.037326,-0.000000,-0.001015,1.570045,-0.300000,1.000000,1.100000,0.000000,0.000000,-1.571000,-0.299949,1.001944,1.065203,1.492822
2.446000,-0.000051,-0.001946,0.034797,-0.000031,-0.005645,-0.037326,-0.000000,-0.001015,1.570045,-0.300000,1.000000,1.100000,0.000000,0.000000,-1.571000,-0.299949,1.001946,1.065203,1.492823
2.448000,-0.000051,-0.001947,0.034797,-0.000031,-0.005645,-0.037326,-0.000000,-0.001015,1.570045,-0.300000,1.000000,1.100000,0.000000,0.000000,-1.571000,-0.299949,1.001947,1.065203,1.492824
2.450000,-0.000051,-0.001949,0.034797,-0.000031,-0.005645,-0.037326,-0.000000,-0.001015,1.570045,-0.300000,1.000000,1.100000,0.000000,0.000000,-1.571000,-0.299949,1.001949,1.065203,1.492826
2.452000,-0.000051,-0.001951,0.034797,-0.000031,-0.005645,-0.037326,-0.000000,-0.001015,1.570045,-0.300000,1.000000,1.100000,0.000000,0.000000,-1.571000,-0.299949,1.001951,1.065203,1.492827
2.454000,-0.000051,-0.001952,0.034797,-0.000031,-0.005645,-0.037326,-0.000000,-0.001015,1.570045,-0.300000,1.000000,1.100000,0.000000,0.000000,-1.571000,-0.299949,1.001952,1.065203,1.492828
2.456000,-0.000051,-0.001954,0.034797,-0.000031,-0.005645,-0.037326,-0.000000,-0.001015,1.570045,-0.300000,1.000000,1.100000,0.000000,0.000000,-1.571000,-0.299949,1.001954,1.065203,1.492829
2.458000,-0.000051,-0.001956,0.034797,-0.000031,-0.005645,-0.037326,-0.000000,-0.001015,1.570045,-0.300000,1.000000,1.100000,0.000000,0.000000,-1.571000,-0.299949,1.001956,1.065203,1.492830
2.460000,-0.000051,-0.001957,0.034797,-0.000031,-0.005645,-0.037326,-0.000000,-0.001015,1.570045,-0.300000,1.000000,1.100000,0.000000,0.000000,-1.571000,-0.299949,1.001957,1.065203,1.492831
2.462000,-0.000051,-0.001959,0.034797,-0.000031,-0.005645,-0.037326,-0.000000,-0.001015,1.570045,-0.300000,1.000000,1.100000,0.000000,0.000000,-1.571000,-0.299949,1.001959,1.065203,1.492832
2.464000,-0.000051,-0.001961,0.034797,-0.000031,-0.005645,-0.037326,-0.000000,-0.001015,1.570045,-0.300000,1.000000,1.100000,0.000000,0.000000,-1.571000,-0.299949,1.001961,1.065203,1.492833
2.466000,-0.000051,-0.001962,0.034797,-0.000031,-0.005645,-0.037326,-0.000000,-0.001015,1.570045,-0.300000,1.000000,1.100000,0.000000,0.000000,-1.571000,-0.299949,1.001962,1.065203,1.492835
2.468000,-0.000051,-0.001964,0.034797,-0.000031,-0.005645,-0.037326,-0.000000,-0.001015,1.570045,-0.300000,1.000000,1.100000,0.000000,0.000000,-1.571000,-0.299949,1.001964,1.065203,1.492836
2.470000,-0.000052,-0.001966,0.034797,-0.000031,-0.005645,-0.037326,-0.000000,-0.001015,1.570046,-0.300000,1.000000,1.100000,0.000000,0.000000,-1.571000,-0.299948,1.001966,1.065203,1.492837
2.472000,-0.000052,-0.001967,0.034797,-0.000031,-0.005645,-0.037326,-0.000000,-0.001015,1.570046,-0.300000,1.000000,1.100000,0.000000,0.000000,-1.571000,-0.299948,1.001967,1.065203,1.492838
2.474000,-0.000052,-0.001969,0.034797,-0.000031,-0.005645,-0.037326,-0.000000,-0.001015,1.570046,-0.300000,1.000000,1.100000,0.000000,0.000000,-1.571000,-0.299948,1.001969,1.065203,1.492839
2.476000,-0.000052,-0.001971,0.034797,-0.000031,-0.005645,-0.037326,-0.000000,-0.001015,1.570046,-0.300000,1.000000,1.100000,0.000000,0.000000,-1.571000,-0.299948,1.001971,1.065203,1.492840
2.478000,-0.000052,-0.001972,0.034797,-0.000031,-0.005645,-0.037326,-0.000000,-0.001015,1.570046,-0.300000,1.000000,1.100000,0.000000,0.000000,-1.571000,-0.299948,1.001972,1.065203,1.492841
2.480000,-0.000052,-0.001974,0.034797,-0.000031,-0.005645,-0.037326,-0.000000,-0.001015,1.570046,-0.300000,1.000000,1.100000,0.000000,0.000000,-1.571000,-0.299948,1.001974,1.065203,1.492842
2.482000,-0.000052,-0.001976,0.034797,-0.000031,-0.005645,-0.037326,-0.000000,-0.001015,1.570046,-0.300000,1.000000,1.100000,0.000000,0.000000,-1.571000,-0.299948,1.001976,1.065203,1.492843
2.484000,-0.000052,-0.001977,0.034797,-0.000031,-0.005645,-0.037326,-0.000000,-0.001015,1.570046,-0.300000,1.000000,1.100000,0.000000,0.000000,-1.571000,-0.299948,1.001977,1.065203,1.492845
2.486000,-0.000052,-0.001979,0.034797,-0.000031,-0.005645,-0.037326,-0.000000,-0.001015,1.570046,-0.300000,1.000000,1.100000,0.000000,0.000000,-1.571000,-0.299948,1.001979,1.065203,1.492846
2.488000,-0.000052,-0.001981,0.034797,-0.000031,-0.005645,-0.037326,-0.000000,-0.001015,1.570046,-0.300000,1.000000,1.100000,0.000000,0.000000,-1.571000,-0.299948,1.001981,1.065203,1.492847
2.490000,-0.000052,-0.001982,0.034797,-0.000031,-0.005645,-0.037326,-0.000000,-0.001015,1.570046,-0.300000,1.000000,1.100000,0.000000,0.000000,-1.571000,-0.299948,1.001982,1.065203,1.492848
2.492000,-0.000052,-0.001984,0.034797,-0.000031,-0.005645,-0.037326,-0.000000,-0.001015,1.570046,-0.300000,1.000000,1.100000,0.000000,0.000000,-1.571000,-0.299948,1.001984,1.065203,1.492849
2.494000,-0.000052,-0.001986,0.034797,-0.000031,-0.005645,-0.037326,-0.000000,-0.001015,1.570046,-0.300000,1.000000,1.100000,0.000000,0.000000,-1.571000,-0.299948,1.001986,1.065203,1.492850
2.496000,-0.000052,-0.001987,0.034797,-0.000031,-0.005645,-0.037326,-0.000000,-0.001015,1.570046,-0.300000,1.000000,1.100000,0.000000,0.000000,-1.571000,-0.299948,1.001987,1.065203,1.492851
2.498000,-0.000052,-0.001989,0.034797,-0.000031,-0.005645,-0.037326,-0.000000,-0.001015,1.570046,-0.300000,1.000000,1.100000,0.000000,0.000000,-1.571000,-0.299948,1.001989,1.065203,1.492852
2.500000,-0.000052,-0.001991,0.034797,-0.000031,-0.005645,-0.037326,-0.000000,-0.001015,1.570046,-0.300000,1.000000,1.100000,0.000000,0.000000,-1.571000,-0.299948,1.001991,1.065203,1.492853
2.502000,-0.000052,-0.001992,0.034797,-0.000031,-0.005645,-0.037326,-0.000000,-0.001015,1.570046,-0.300000,1.000000,1.100000,0.000000,0.000000,-1.571000,-0.299948,1.001992,1.065203,1.492855
2.504000,-0.000052,-0.001994,0.034797,-0.000031,-0.005645,-0.037326,-0.000000,-0.001015,1.570046,-0.300000,1.000000,1.100000,0.000000,0.000000,-1.571000,-0.299948,1.001994,1.065203,1.492856
2.506000,-0.000052,-0.001996,0.034797,-0.000031,-0.005645,-0.037326,-0.000000,-0.001015,1.570046,-0.300000,1.000000,1.100000,0.000000,0.000000,-1.571000,-0.299948,1.001996,1.065203,1.492857
2.508000,-0.000052,-0.001998,0.034797,-0.000031,-0.005645,-0.037326,-0.000000,-0.001015,1.570046,-0.300000,1.000000,1.100000,0.000000,0.000000,-1.571000,-0.299948,1.001998,1.065203,1.492858
2.510000,-0.000052,-0.001999,0.034797,-0.000031,-0.005645,-0.037326,-0.000000,-0.001015,1.570046,-0.300000,1.000000,1.100000,0.000000,0.000000,-1.571000,-0.299948,1.001999,1.065203,1.492859
2.512000,-0.000052,-0.002001,0.034797,-0.000031,-0.005645,-0.037326,-0.000000,-0.001015,1.570046,-0.300000,1.000000,1.100000,0.000000,0.000000,-1.571000,-0.299948,1.002001,1.065203,1.492860
2.514000,-0.000052,-0.002003,0.034797,-0.000031,-0.005645,-0.037326,-0.000000,-0.001015,1.570046,-0.300000,1.000000,1.100000,0.000000,0.000000,-1.571000,-0.299948,1.002003,1.065203,1.492861
2.516000,-0.000053,-0.002004,0.034797,-0.000031,-0.005645,-0.037326,-0.000000,-0.001015,1.570046,-0.300000,1.000000,1.100000,0.000000,0.000000,-1.571000,-0.299947,1.002004,1.065203,1.492862
2.518000,-0.000053,-0.002006,0.034797,-0.000031,-0.005645,-0.037326,-0.000000,-0.001015,1.570046,-0.300000,1.000000,1.100000,0.000000,0.000000,-1.571000,-0.299947,1.002006,1.065203,1.492863
2.520000,-0.000053,-0.002008,0.034797,-0.000031,-0.005645,-0.037326,-0.000000,-0.001015,1.570047,-0.300000,1.000000,1.100000,0.000000,0.000000,-1.571000,-0.299947,1.002008,1.065203,1.492865
2.522000,-0.000053,-0.002009,0.034797,-0.000031,-0.005645,-0.037326,-0.000000,-0.001015,1.570047,-0.300000,1.000000,1.100000,0.000000,0.000000,-1.571000,-0.299947,1.002009,1.065203,1.492866
2.524000,-0.000053,-0.002011,0.034797,-0.000031,-0.005645,-0.037326,-0.000000,-0.001015,1.570047,-0.300000,1.000000,1.100000,0.000000,0.000000,-1.571000,-0.299947,1.002011,1.065203,1.492867
2.526000,-0.000053,-0.002013,0.034797,-0.000031,-0.005645,-0.037326,-0.000000,-0.001015,1.570047,-0.300000,1.000000,1.100000,0.000000,0.000000,-1.571000,-0.299947,1.002013,1.065203,1.492868
2.528000,-0.000053,-0.002014,0.034797,-0.000031,-0.005645,-0.037326,-0.000000,-0.001015,1.570047,-0.300000,1.000000,1.100000,0.000000,0.000000,-1.571000,-0.299947,1.002014,1.065203,1.492869
2.530000,-0.000053,-0.002016,0.034797,-0.000031,-0.005645,-0.037326,-0.000000,-0.001015,1.570047,-0.300000,1.000000,1.100000,0.000000,0.000000,-1.571000,-0.299947,1.002016,1.065203,1.492870
2.532000,-0.000053,-0.002018,0.034797,-0.000031,-0.005645,-0.037326,-0.000000,-0.001015,1.570047,-0.300000,1.000000,1.100000,0.000000,0.000000,-1.571000,-0.299947,1.002018,1.065203,1.492871
2.534000,-0.000053,-0.002019,0.034797,-0.000031,-0.005645,-0.037326,-0.000000,-0.001015,1.570047,-0.300000,1.000000,1.100000,0.000000,0.000000,-1.571000,-0.299947,1.002019,1.065203,1.492872
2.536000,-0.000053,-0.002021,0.034797,-0.000031,-0.005645,-0.037326,-0.000000,-0.001015,1.570047,-0.300000,1.000000,1.100000,0.000000,0.000000,-1.571000,-0.299947,1.002021,1.065203,1.492874
2.538000,-0.000053,-0.002023,0.034797,-0.000031,-0.005645,-0.037326,-0.000000,-0.001015,1.570047,-0.300000,1.000000,1.100000,0.000000,0.000000,-1.571000,-0.299947,1.002023,1.065203,1.492875
2.540000,-0.000053,-0.002024,0.034797,-0.000031,-0.005645,-0.037326,-0.000000,-0.001015,1.570047,-0.300000,1.000000,1.100000,0.000000,0.000000,-1.571000,-0.299947,1.002024,1.065203,1.492876
2.542000,-0.000053,-0.002026,0.034797,-0.000031,-0.005645,-0.037326,-0.000000,-0.001015,1.570047,-0.300000,1.000000,1.100000,0.000000,0.000000,-1.571000,-0.299947,1.002026,1.065203,1.492877
2.544000,-0.000053,-0.002028,0.034797,-0.000031,-0.005645,-0.037326,-0.000000,-0.001015,1.570047,-0.300000,1.000000,1.100000,0.000000,0.000000,-1.571000,-0.299947,1.002028,1.065203,1.492878
2.546000,-0.000053,-0.002029,0.034797,-0.000031,-0.005645,-0.037326,-0.000000,-0.001015,1.570047,-0.300000,1.000000,1.100000,0.000000,0.000000,-1.571000,-0.299947,1.002029,1.065203,1.492879
2.548000,-0.000053,-0.002031,0.034797,-0.000031,-0.005645,-0.037326,-0.000000,-0.001015,1.570047,-0.300000,1.000000,1.100000,0.000000,0.000000,-1.571000,-0.299947,1.002031,1.065203,1.492880
2.550000,-0.000053,-0.002033,0.034797,-0.000031,-0.005645,-0.037326,-0.000000,-0.001015,1.570047,-0.300000,1.000000,1.100000,0.000000,0.000000,-1.571000,-0.299947,1.002033,1.065203,1.492881
2.552000,-0.000053,-0.002034,0.034797,-0.000031,-0.005645,-0.037326,-0.000000,-0.001015,1.570047,-0.300000,1.000000,1.100000,0.000000,0.000000,-1.571000,-0.299947,1.002034,1.065203,1.492882
2.554000,-0.000053,-0.002036,0.034797,-0.000031,-0.005645,-0.037326,-0.000000,-0.001015,1.570047,-0.300000,1.000000,1.100000,0.000000,0.000000,-1.571000,-0.299947,1.002036,1.065203,1.492884
2.556000,-0.000053,-0.002038,0.034797,-0.000031,-0.005645,-0.037326,-0.000000,-0.001015,1.570047,-0.300000,1.000000,1.100000,0.000000,0.000000,-1.571000,-0.299947,1.002038,1.065203,1.492885
2.558000,-0.000053,-0.002039,0.034797,-0.000031,-0.005645,-0.037326,-0.000000,-0.001015,1.570047,-0.300000,1.000000,1.100000,0.000000,0.000000,-1.571000,-0.299947,1.002039,1.065203,1.492886
2.560000,-0.000054,-0.002041,0.034797,-0.000031,-0.005645,-0.037326,-0.000000,-0.001015,1.570047,-0.300000,1.000000,1.100000,0.000000,0.000000,-1.571000,-0.299946,1.002041,1.065203,1.492887
2.562000,-0.000054,-0.002043,0.034797,-0.000031,-0.005645,-0.037326,-0.000000,-0.001015,1.570047,-0.300000,1.000000,1.100000,0.000000,0.000000,-1.571000,-0.299946,1.002043,1.065203,1.492888
2.564000,-0.000054,-0.002044,0.034797,-0.000031,-0.005645,-0.037326,-0.000000,-0.001015,1.570047,-0.300000,1.000000,1.100000,0.000000,0.000000,-1.571000,-0.299946,1.002044,1.065203,1.492889
2.566000,-0.000054,-0.002046,0.034797,-0.000031,-0.005645,-0.037326,-0.000000,-0.001015,1.570047,-0.300000,1.000000,1.100000,0.000000,0.000000,-1.571000,-0.299946,1.002046,1.065203,1.492890
2.568000,-0.000054,-0.002048,0.034797,-0.000031,-0.005645,-0.037326,-0.000000,-0.001015,1.570047,-0.300000,1.000000,1.100000,0.000000,0.000000,-1.571000,-0.299946,1.002048,1.065203,1.492891
2.570000,-0.000054,-0.002049,0.034797,-0.000031,-0.005645,-0.037326,-0.000000,-0.001015,1.570048,-0.300000,1.000000,1.100000,0.000000,0.000000,-1.571000,-0.299946,1.002049,1.065203,1.492892
2.572000,-0.000054,-0.002051,0.034797,-0.000031,-0.005645,-0.037326,-0.000000,-0.001015,1.570048,-0.300000,1.000000,1.100000,0.000000,0.000000,-1.571000,-0.299946,1.002051,1.065203,1.492894
2.574000,-0.000054,-0.002053,0.034797,-0.000031,-0.005645,-0.037326,-0.000000,-0.001015,1.570048,-0.300000,1.000000,1.100000,0.000000,0.000000,-1.571000,-0.299946,1.002053,1.065203,1.492895
2.576000,-0.000054,-0.002054,0.034797,-0.000031,-0.005645,-0.037326,-0.000000,-0.001015,1.570048,-0.300000,1.000000,1.100000,0.000000,0.000000,-1.571000,-0.299946,1.002054,1.065203,1.492896
2.578000,-0.000054,-0.002056,0.034797,-0.000031,-0.005645,-0.037326,-0.000000,-0.001015,1.570048,-0.300000,1.000000,1.100000,0.000000,0.000000,-1.571000,-0.299946,1.002056,1.065203,1.492897
2.580000,-0.000054,-0.002058,0.034797,-0.000031,-0.005645,-0.037326,-0.000000,-0.001015,1.570048,-0.300000,1.000000,1.100000,0.000000,0.000000,-1.571000,-0.299946,1.002058,1.065203,1.492898
2.582000,-0.000054,-0.002059,0.034797,-0.000031,-0.005645,-0.037326,-0.000000,-0.001015,1.570048,-0.300000,1.000000,1.100000,0.000000,0.000000,-1.571000,-0.299946,1.002059,1.065203,1.492899
2.584000,-0.000054,-0.002061,0.034797,-0.000031,-0.005645,-0.037326,-0.000000,-0.001015,1.570048,-0.300000,1.000000,1.100000,0.000000,0.000000,-1.571000,-0.299946,1.002061,1.065203,1.492900
2.586000,-0.000054,-0.002063,0.034797,-0.000031,-0.005645,-0.037326,-0.000000,-0.001015,1.570048,-0.300000,1.000000,1.100000,0.000000,0.000000,-1.571000,-0.299946,1.002063,1.065203,1.492901
2.588000,-0.000054,-0.002064,0.034797,-0.000031,-0.005645,-0.037326,-0.000000,-0.001015,1.570048,-0.300000,1.000000,1.100000,0.000000,0.000000,-1.571000,-0.299946,1.002064,1.065203,1.492903
2.590000,-0.000054,-0.002066,0.034797,-0.000031,-0.005645,-0.037326,-0.000000,-0.001015,1.570048,-0.300000,1.000000,1.100000,0.000000,0.000000,-1.571000,-0.299946,1.002066,1.065203,1.492904
2.592000,-0.000054,-0.002068,0.034797,-0.000031,-0.005645,-0.037326,-0.000000,-0.001015,1.570048,-0.300000,1.000000,1.100000,0.000000,0.000000,-1.571000,-0.299946,1.002068,1.065203,1.492905
2.594000,-0.000054,-0.002070,0.034797,-0.000031,-0.005645,-0.037326,-0.000000,-0.001015,1.570048,-0.300000,1.000000,1.100000,0.000000,0.000000,-1.571000,-0.299946,1.002070,1.065203,1.492906
2.596000,-0.000054,-0.002071,0.034797,-0.000031,-0.005645,-0.037326,-0.000000,-0.001015,1.570048,-0.300000,1.000000,1.100000,0.000000,0.000000,-1.571000,-0.299946,1.002071,1.065203,1.492907
2.598000,-0.000054,-0.002073,0.034797,-0.000031,-0.005645,-0.037326,-0.000000,-0.001015,1.570048,-0.300000,1.000000,1.100000,0.000000,0.000000,-1.571000,-0.299946,1.002073,1.065203,1.492908
2.600000,-0.000054,-0.002075,0.034797,-0.000031,-0.005645,-0.037326,-0.000000,-0.001015,1.570048,-0.300000,1.000000,1.100000,0.000000,0.000000,-1.571000,-0.299946,1.002075,1.065203,1.492909
2.602000,-0.000054,-0.002076,0.034797,-0.000031,-0.005645,-0.037326,-0.000000,-0.001015,1.570048,-0.300000,1.000000,1.100000,0.000000,0.000000,-1.571000,-0.299946,1.002076,1.065203,1.492910
2.604000,-0.000055,-0.002078,0.034797,-0.000031,-0.005645,-0.037326,-0.000000,-0.001015,1.570048,-0.300000,1.000000,1.100000,0.000000,0.000000,-1.571000,-0.299945,1.002078,1.065203,1.492911
2.606000,-0.000055,-0.002080,0.034797,-0.000031,-0.005645,-0.037326,-0.000000,-0.001015,1.570048,-0.300000,1.000000,1.100000,0.000000,0.000000,-1.571000,-0.299945,1.002080,1.065203,1.492913
2.608000,-0.000055,-0.002081,0.034797,-0.000031,-0.005645,-0.037326,-0.000000,-0.001015,1.570048,-0.300000,1.000000,1.100000,0.000000,0.000000,-1.571000,-0.299945,1.002081,1.065203,1.492914
2.610000,-0.000055,-0.002083,0.034797,-0.000031,-0.005645,-0.037326,-0.000000,-0.001015,1.570048,-0.300000,1.000000,1.100000,0.000000,0.000000,-1.571000,-0.299945,1.002083,1.065203,1.492915
2.612000,-0.000055,-0.002085,0.034797,-0.000031,-0.005645,-0.037326,-0.000000,-0.001015,1.570048,-0.300000,1.000000,1.100000,0.000000,0.000000,-1.571000,-0.299945,1.002085,1.065203,1.492916
2.614000,-0.000055,-0.002086,0.034797,-0.000031,-0.005645,-0.037326,-0.000000,-0.001015,1.570048,-0.300000,1.000000,1.100000,0.000000,0.000000,-1.571000,-0.299945,1.002086,1.065203,1.492917
2.616000,-0.000055,-0.002088,0.034797,-0.000031,-0.005645,-0.037326,-0.000000,-0.001015,1.570048,-0.300000,1.000000,1.100000,0.000000,0.000000,-1.571000,-0.299945,1.002088,1.065203,1.492918
2.618000,-0.000055,-0.002090,0.034797,-0.000031,-0.005645,-0.037326,-0.000000,-0.001015,1.570048,-0.300000,1.000000,1.100000,0.000000,0.000000,-1.571000,-0.299945,1.002090,1.065203,1.492919
2.620000,-0.000055,-0.002091,0.034797,-0.000031,-0.005645,-0.037326,-0.000000,-0.001015,1.570049,-0.300000,1.000000,1.100000,0.000000,0.000000,-1.571000,-0.299945,1.002091,1.065203,1.492920
2.622000,-0.000055,-0.002093,0.034797,-0.000031,-0.005645,-0.037326,-0.000000,-0.001015,1.570049,-0.300000,1.000000,1.100000,0.000000,0.000000,-1.571000,-0.299945,1.002093,1.065203,1.492921
2.624000,-0.000055,-0.002095,0.034797,-0.000031,-0.005645,-0.037326,-0.000000,-0.001015,1.570049,-0.300000,1.000000,1.100000,0.000000,0.000000,-1.571000,-0.299945,1.002095,1.065203,1.492923
2.626000,-0.000055,-0.002096,0.034797,-0.000031,-0.005645,-0.037326,-0.000000,-0.001015,1.570049,-0.300000,1.000000,1.100000,0.000000,0.000000,-1.571000,-0.299945,1.002096,1.065203,1.492924
2.628000,-0.000055,-0.002098,0.034797,-0.000031,-0.005645,-0.037326,-0.000000,-0.001015,1.570049,-0.300000,1.000000,1.100000,0.000000,0.000000,-1.571000,-0.299945,1.002098,1.065203,1.492925
2.630000,-0.000055,-0.002100,0.034797,-0.000031,-0.005645,-0.037326,-0.000000,-0.001015,1.570049,-0.300000,1.000000,1.100000,0.000000,0.000000,-1.571000,-0.299945,1.002100,1.065203,1.492926
2.632000,-0.000055,-0.002101,0.034797,-0.000031,-0.005645,-0.037326,-0.000000,-0.001015,1.570049,-0.300000,1.000000,1.100000,0.000000,0.000000,-1.571000,-0.299945,1.002101,1.065203,1.492927
2.634000,-0.000055,-0.002103,0.034797,-0.000031,-0.005645,-0.037326,-0.000000,-0.001015,1.570049,-0.300000,1.000000,1.100000,0.000000,0.000000,-1.571000,-0.299945,1.002103,1.065203,1.492928
2.636000,-0.000055,-0.002105,0.034797,-0.000031,-0.005645,-0.037326,-0.000000,-0.001015,1.570049,-0.300000,1.000000,1.100000,0.000000,0.000000,-1.571000,-0.299945,1.002105,1.065203,1.492929
2.638000,-0.000055,-0.002106,0.034797,-0.000031,-0.005645,-0.037326,-0.000000,-0.001015,1.570049,-0.300000,1.000000,1.100000,0.000000,0.000000,-1.571000,-0.299945,1.002106,1.065203,1.492930
2.640000,-0.000055,-0.002108,0.034797,-0.000031,-0.005645,-0.037326,-0.000000,-0.001015,1.570049,-0.300000,1.000000,1.100000,0.000000,0.000000,-1.571000,-0.299945,1.002108,1.065203,1.492932
2.642000,-0.000055,-0.002110,0.034797,-0.000031,-0.005645,-0.037326,-0.000000,-0.001015,1.570049,-0.300000,1.000000,1.100000,0.000000,0.000000,-1.571000,-0.299945,1.002110,1.065203,1.492933
2.644000,-0.000055,-0.002111,0.034797,-0.000031,-0.005645,-0.037326,-0.000000,-0.001015,1.570049,-0.300000,1.000000,1.100000,0.000000,0.000000,-1.571000,-0.299945,1.002111,1.065203,1.492934
2.646000,-0.000055,-0.002113,0.034797,-0.000031,-0.005645,-0.037326,-0.000000,-0.001015,1.570049,-0.300000,1.000000,1.100000,0.000000,0.000000,-1.571000,-0.299945,1.002113,1.065203,1.492935
2.648000,-0.000055,-0.002115,0.034797,-0.000031,-0.005645,-0.037326,-0.000000,-0.001015,1.570049,-0.300000,1.000000,1.100000,0.000000,0.000000,-1.571000,-0.299945,1.002115,1.065203,1.492936
2.650000,-0.000056,-0.002116,0.034797,-0.000031,-0.005645,-0.037326,-0.000000,-0.001015,1.570049,-0.300000,1.000000,1.100000,0.000000,0.000000,-1.571000,-0.299944,1.002116,1.065203,1.492937
2.652000,-0.000056,-0.002118,0.034797,-0.000031,-0.005645,-0.037326,-0.000000,-0.001015,1.570049,-0.300000,1.000000,1.100000,0.000000,0.000000,-1.571000,-0.299944,1.002118,1.065203,1.492938
2.654000,-0.000056,-0.002120,0.034797,-0.000031,-0.005645,-0.037326,-0.000000,-0.001015,1.570049,-0.300000,1.000000,1.100000,0.000000,0.000000,-1.571000,-0.299944,1.002120,1.065203,1.492939
2.656000,-0.000056,-0.002121,0.034797,-0.000031,-0.005645,-0.037326,-0.000000,-0.001015,1.570049,-0.300000,1.000000,1.100000,0.000000,0.000000,-1.571000,-0.299944,1.002121,1.065203,1.492940
2.658000,-0.000056,-0.002123,0.034797,-0.000031,-0.005645,-0.037326,-0.000000,-0.001015,1.570049,-0.300000,1.000000,1.100000,0.000000,0.000000,-1.571000,-0.299944,1.002123,1.065203,1.492942
2.660000,-0.000056,-0.002125,0.034797,-0.000031,-0.005645,-0.037326,-0.000000,-0.001015,1.570049,-0.300000,1.000000,1.100000,0.000000,0.000000,-1.571000,-0.299944,1.002125,1.065203,1.492943
2.662000,-0.000056,-0.002126,0.034797,-0.000031,-0.005645,-0.037326,-0.000000,-0.001015,1.570049,-0.300000,1.000000,1.100000,0.000000,0.000000,-1.571000,-0.299944,1.002126,1.065203,1.492944
2.664000,-0.000056,-0.002128,0.034797,-0.000031,-0.005645,-0.037326,-0.000000,-0.001015,1.570049,-0.300000,1.000000,1.100000,0.000000,0.000000,-1.571000,-0.299944,1.002128,1.065203,1.492945
2.666000,-0.000056,-0.002130,0.034797,-0.000031,-0.005645,-0.037326,-0.000000,-0.001015,1.570049,-0.300000,1.000000,1.100000,0.000000,0.000000,-1.571000,-0.299944,1.002130,1.065203,1.492946
2.668000,-0.000056,-0.002131,0.034797,-0.000031,-0.005645,-0.037326,-0.000000,-0.001015,1.570049,-0.300000,1.000000,1.100000,0.000000,0.000000,-1.571000,-0.299944,1.002131,1.065203,1.492947
2.670000,-0.000056,-0.002133,0.034797,-0.000031,-0.005645,-0.037326,-0.000000,-0.001015,1.570049,-0.300000,1.000000,1.100000,0.000000,0.000000,-1.571000,-0.299944,1.002133,1.065203,1.492948
2.672000,-0.000056,-0.002135,0.034797,-0.000031,-0.005645,-0.037326,-0.000000,-0.001015,1.570050,-0.300000,1.000000,1.100000,0.000000,0.000000,-1.571000,-0.299944,1.002135,1.065203,1.492949
2.674000,-0.000056,-0.002137,0.034797,-0.000031,-0.005645,-0.037326,-0.000000,-0.001015,1.570050,-0.300000,1.000000,1.100000,0.000000,0.000000,-1.571000,-0.299944,1.002137,1.065203,1.492950
2.676000,-0.000056,-0.002138,0.034797,-0.000031,-0.005645,-0.037326,-0.000000,-0.001015,1.570050,-0.300000,1.000000,1.100000,0.000000,0.000000,-1.571000,-0.299944,1.002138,1.065203,1.492952
2.678000,-0.000056,-0.002140,0.034797,-0.000031,-0.005645,-0.037326,-0.000000,-0.001015,1.570050,-0.300000,1.000000,1.100000,0.000000,0.000000,-1.571000,-0.299944,1.002140,1.065203,1.492953
2.680000,-0.000056,-0.002142,0.034797,-0.000031,-0.005645,-0.037326,-0.000000,-0.001015,1.570050,-0.300000,1.000000,1.100000,0.000000,0.000000,-1.571000,-0.299944,1.002142,1.065203,1.492954
2.682000,-0.000056,-0.002143,0.034797,-0.000031,-0.005645,-0.037326,-0.000000,-0.001015,1.570050,-0.300000,1.000000,1.100000,0.000000,0.000000,-1.571000,-0.299944,1.002143,1.065203,1.492955
2.684000,-0.000056,-0.002145,0.034797,-0.000031,-0.005645,-0.037326,-0.000000,-0.001015,1.570050,-0.300000,1.000000,1.100000,0.000000,0.000000,-1.571000,-0.299944,1.002145,1.065203,1.492956
2.686000,-0.000056,-0.002147,0.034797,-0.000031,-0.005645,-0.037326,-0.000000,-0.001015,1.570050,-0.300000,1.000000,1.100000,0.000000,0.000000,-1.571000,-0.299944,1.002147,1.065203,1.492957
2.688000,-0.000056,-0.002148,0.034797,-0.000031,-0.005645,-0.037326,-0.000000,-0.001015,1.570050,-0.300000,1.000000,1.100000,0.000000,0.000000,-1.571000,-0.299944,1.002148,1.065203,1.492958
2.690000,-0.000056,-0.002150,0.034797,-0.000031,-0.005645,-0.037326,-0.000000,-0.001015,1.570050,-0.300000,1.000000,1.100000,0.000000,0.000000,-1.571000,-0.299944,1.002150,1.065203,1.492959
2.692000,-0.000056,-0.002152,0.034797,-0.000031,-0.005645,-0.037326,-0.000000,-0.001015,1.570050,-0.300000,1.000000,1.100000,0.000000,0.000000,-1.571000,-0.299944,1.002152,1.065203,1.492961
2.694000,-0.000057,-0.002153,0.034797,-0.000031,-0.005645,-0.037326,-0.000000,-0.001015,1.570050,-0.300000,1.000000,1.100000,0.000000,0.000000,-1.571000,-0.299943,1.002153,1.065203,1.492962
2.696000,-0.000057,-0.002155,0.034797,-0.000031,-0.005645,-0.037326,-0.000000,-0.001015,1.570050,-0.300000,1.000000,1.100000,0.000000,0.000000,-1.571000,-0.299943,1.002155,1.065203,1.492963
2.698000,-0.000057,-0.002157,0.034797,-0.000031,-0.005645,-0.037326,-0.000000,-0.001015,1.570050,-0.300000,1.000000,1.100000,0.000000,0.000000,-1.571000,-0.299943,1.002157,1.065203,1.492964
2.700000,-0.000057,-0.002158,0.034797,-0.000031,-0.005645,-0.037326,-0.000000,-0.001015,1.570050,-0.300000,1.000000,1.100000,0.000000,0.000000,-1.571000,-0.299943,1.002158,1.065203,1.492965
2.702000,-0.000057,-0.002160,0.034797,-0.000031,-0.005645,-0.037326,-0.000000,-0.001015,1.570050,-0.300000,1.000000,1.100000,0.000000,0.000000,-1.571000,-0.299943,1.002160,1.065203,1.492966
2.704000,-0.000057,-0.002162,0.034797,-0.000031,-0.005645,-0.037326,-0.000000,-0.001015,1.570050,-0.300000,1.000000,1.100000,0.000000,0.000000,-1.571000,-0.299943,1.002162,1.065203,1.492967
2.706000,-0.000057,-0.002163,0.034797,-0.000031,-0.005645,-0.037326,-0.000000,-0.001015,1.570050,-0.300000,1.000000,1.100000,0.000000,0.000000,-1.571000,-0.299943,1.002163,1.065203,1.492968
2.708000,-0.000057,-0.002165,0.034797,-0.000031,-0.005645,-0.037326,-0.000000,-0.001015,1.570050,-0.300000,1.000000,1.100000,0.000000,0.000000,-1.571000,-0.299943,1.002165,1.065203,1.492969
2.710000,-0.000057,-0.002167,0.034797,-0.000031,-0.005645,-0.037326,-0.000000,-0.001015,1.570050,-0.300000,1.000000,1.100000,0.000000,0.000000,-1.571000,-0.299943,1.002167,1.065203,1.492971
2.712000,-0.000057,-0.002168,0.034797,-0.000031,-0.005645,-0.037326,-0.000000,-0.001015,1.570050,-0.300000,1.000000,1.100000,0.000000,0.000000,-1.571000,-0.299943,1.002168,1.065203,1.492972
2.714000,-0.000057,-0.002170,0.034797,-0.000031,-0.005645,-0.037326,-0.000000,-0.001015,1.570050,-0.300000,1.000000,1.100000,0.000000,0.000000,-1.571000,-0.299943,1.002170,1.065203,1.492973
2.716000,-0.000057,-0.002172,0.034797,-0.000031,-0.005645,-0.037326,-0.000000,-0.001015,1.570050,-0.300000,1.000000,1.100000,0.000000,0.000000,-1.571000,-0.299943,1.002172,1.065203,1.492974
2.718000,-0.000057,-0.002173,0.034797,-0.000031,-0.005645,-0.037326,-0.000000,-0.001015,1.570050,-0.300000,1.000000,1.100000,0.000000,0.000000,-1.571000,-0.299943,1.002173,1.065203,1.492975
2.720000,-0.000057,-0.002175,0.034797,-0.000031,-0.005645,-0.037326,-0.000000,-0.001015,1.570050,-0.300000,1.000000,1.100000,0.000000,0.000000,-1.571000,-0.299943,1.002175,1.065203,1.492976
2.722000,-0.000057,-0.002177,0.034797,-0.000031,-0.005645,-0.037326,-0.000000,-0.001015,1.570051,-0.300000,1.000000,1.100000,0.000000,0.000000,-1.571000,-0.299943,1.002177,1.065203,1.492977
2.724000,-0.000057,-0.002178,0.034797,-0.000031,-0.005645,-0.037326,-0.000000,-0.001015,1.570051,-0.300000,1.000000,1.100000,0.000000,0.000000,-1.571000,-0.299943,1.002178,1.065203,1.492978
2.726000,-0.000057,-0.002180,0.034797,-0.000031,-0.005645,-0.037326,-0.000000,-0.001015,1.570051,-0.300000,1.000000,1.100000,0.000000,0.000000,-1.571000,-0.299943,1.002180,1.065203,1.492979
2.728000,-0.000057,-0.002182,0.034797,-0.000031,-0.005645,-0.037326,-0.000000,-0.001015,1.570051,-0.300000,1.000000,1.100000,0.000000,0.000000,-1.571000,-0.299943,1.002182,1.065203,1.492981
2.730000,-0.000057,-0.002183,0.034797,-0.000031,-0.005645,-0.037326,-0.000000,-0.001015,1.570051,-0.300000,1.000000,1.100000,0.000000,0.000000,-1.571000,-0.299943,1.002183,1.065203,1.492982
2.732000,-0.000057,-0.002185,0.034797,-0.000031,-0.005645,-0.037326,-0.000000,-0.001015,1.570051,-0.300000,1.000000,1.100000,0.000000,0.000000,-1.571000,-0.299943,1.002185,1.065203,1.492983
2.734000,-0.000057,-0.002187,0.034797,-0.000031,-0.005645,-0.037326,-0.000000,-0.001015,1.570051,-0.300000,1.000000,1.100000,0.000000,0.000000,-1.571000,-0.299943,1.002187,1.065203,1.492984
2.736000,-0.000057,-0.002188,0.034797,-0.000031,-0.005645,-0.037326,-0.000000,-0.001015,1.570051,-0.300000,1.000000,1.100000,0.000000,0.000000,-1.571000,-0.299943,1.002188,1.065203,1.492985
2.738000,-0.000058,-0.002190,0.034797,-0.000031,-0.005645,-0.037326,-0.000000,-0.001015,1.570051,-0.300000,1.000000,1.100000,0.000000,0.000000,-1.571000,-0.299942,1.002190,1.065203,1.492986
2.740000,-0.000058,-0.002192,0.034797,-0.000031,-0.005645,-0.037326,-0.000000,-0.001015,1.570051,-0.300000,1.000000,1.100000,0.000000,0.000000,-1.571000,-0.299942,1.002192,1.065203,1.492987
2.742000,-0.000058,-0.002193,0.034797,-0.000031,-0.005645,-0.037326,-0.000000,-0.001015,1.570051,-0.300000,1.000000,1.100000,0.000000,0.000000,-1.571000,-0.299942,1.002193,1.065203,1.492988
2.744000,-0.000058,-0.002195,0.034797,-0.000031,-0.005645,-0.037326,-0.000000,-0.001015,1.570051,-0.300000,1.000000,1.100000,0.000000,0.000000,-1.571000,-0.299942,1.002195,1.065203,1.492990
2.746000,-0.000058,-0.002197,0.034797,-0.000031,-0.005645,-0.037326,-0.000000,-0.001015,1.570051,-0.300000,1.000000,1.100000,0.000000,0.000000,-1.571000,-0.299942,1.002197,1.065203,1.492991
2.748000,-0.000058,-0.002198,0.034797,-0.000031,-0.005645,-0.037326,-0.000000,-0.001015,1.570051,-0.300000,1.000000,1.100000,0.000000,0.000000,-1.571000,-0.299942,1.002198,1.065203,1.492992
2.750000,-0.000058,-0.002200,0.034797,-0.000031,-0.005645,-0.037326,-0.000000,-0.001015,1.570051,-0.300000,1.000000,1.100000,0.000000,0.000000,-1.571000,-0.299942,1.002200,1.065203,1.492993
2.752000,-0.000058,-0.002202,0.034797,-0.000031,-0.005645,-0.037326,-0.000000,-0.001015,1.570051,-0.300000,1.000000,1.100000,0.000000,0.000000,-1.571000,-0.299942,1.002202,1.065203,1.492994
2.754000,-0.000058,-0.002203,0.034797,-0.000031,-0.005645,-0.037326,-0.000000,-0.001015,1.570051,-0.300000,1.000000,1.100000,0.000000,0.000000,-1.571000,-0.299942,1.002203,1.065203,1.492995
2.756000,-0.000058,-0.002205,0.034797,-0.000031,-0.005645,-0.037326,-0.000000,-0.001015,1.570051,-0.300000,1.000000,1.100000,0.000000,0.000000,-1.571000,-0.299942,1.002205,1.065203,1.492996
2.758000,-0.000058,-0.002207,0.034797,-0.000031,-0.005645,-0.037326,-0.000000,-0.001015,1.570051,-0.300000,1.000000,1.100000,0.000000,0.000000,-1.571000,-0.299942,1.002207,1.065203,1.492997
2.760000,-0.000058,-0.002209,0.034797,-0.000031,-0.005645,-0.037326,-0.000000,-0.001015,1.570051,-0.300000,1.000000,1.100000,0.000000,0.000000,-1.571000,-0.299942,1.002209,1.065203,1.492998
2.762000,-0.000058,-0.002210,0.034797,-0.000031,-0.005645,-0.037326,-0.000000,-0.001015,1.570051,-0.300000,1.000000,1.100000,0.000000,0.000000,-1.571000,-0.299942,1.002210,1.065203,1.493000
2.764000,-0.000058,-0.002212,0.034797,-0.000031,-0.005645,-0.037326,-0.000000,-0.001015,1.570051,-0.300000,1.000000,1.100000,0.000000,0.000000,-1.571000,-0.299942,1.002212,1.065203,1.493001
2.766000,-0.000058,-0.002214,0.034797,-0.000031,-0.005645,-0.037326,-0.000000,-0.001015,1.570051,-0.300000,1.000000,1.100000,0.000000,0.000000,-1.571000,-0.299942,1.002214,1.065203,1.493002
2.768000,-0.000058,-0.002215,0.034797,-0.000031,-0.005645,-0.037326,-0.000000,-0.001015,1.570051,-0.300000,1.000000,1.100000,0.000000,0.000000,-1.571000,-0.299942,1.002215,1.065203,1.493003
2.770000,-0.000058,-0.002217,0.034797,-0.000031,-0.005645,-0.037326,-0.000000,-0.001015,1.570051,-0.300000,1.000000,1.100000,0.000000,0.000000,-1.571000,-0.299942,1.002217,1.065203,1.493004
2.772000,-0.000058,-0.002219,0.034797,-0.000031,-0.005645,-0.037326,-0.000000,-0.001015,1.570052,-0.300000,1.000000,1.100000,0.000000,0.000000,-1.571000,-0.299942,1.002219,1.065203,1.493005
2.774000,-0.000058,-0.002220,0.034797,-0.000031,-0.005645,-0.037326,-0.000000,-0.001015,1.570052,-0.300000,1.000000,1.100000,0.000000,0.000000,-1.571000,-0.299942,1.002220,1.065203,1.493006
2.776000,-0.000058,-0.002222,0.034797,-0.000031,-0.005645,-0.037326,-0.000000,-0.001015,1.570052,-0.300000,1.000000,1.100000,0.000000,0.000000,-1.571000,-0.299942,1.002222,1.065203,1.493007
2.778000,-0.000058,-0.002224,0.034797,-0.000031,-0.005645,-0.037326,-0.000000,-0.001015,1.570052,-0.300000,1.000000,1.100000,0.000000,0.000000,-1.571000,-0.299942,1.002224,1.065203,1.493008
2.780000,-0.000058,-0.002225,0.034797,-0.000031,-0.005645,-0.037326,-0.000000,-0.001015,1.570052,-0.300000,1.000000,1.100000,0.000000,0.000000,-1.571000,-0.299942,1.002225,1.065203,1.493010
2.782000,-0.000058,-0.002227,0.034797,-0.000031,-0.005645,-0.037326,-0.000000,-0.001015,1.570052,-0.300000,1.000000,1.100000,0.000000,0.000000,-1.571000,-0.299942,1.002227,1.065203,1.493011
2.784000,-0.000059,-0.002229,0.034797,-0.000031,-0.005645,-0.037326,-0.000000,-0.001015,1.570052,-0.300000,1.000000,1.100000,0.000000,0.000000,-1.571000,-0.299941,1.002229,1.065203,1.493012
2.786000,-0.000059,-0.002230,0.034797,-0.000031,-0.005645,-0.037326,-0.000000,-0.001015,1.570052,-0.300000,1.000000,1.100000,0.000000,0.000000,-1.571000,-0.299941,1.002230,1.065203,1.493013
2.788000,-0.000059,-0.002232,0.034797,-0.000031,-0.005645,-0.037326,-0.000000,-0.001015,1.570052,-0.300000,1.000000,1.100000,0.000000,0.000000,-1.571000,-0.299941,1.002232,1.065203,1.493014
2.790000,-0.000059,-0.002234,0.034797,-0.000031,-0.005645,-0.037326,-0.000000,-0.001015,1.570052,-0.300000,1.000000,1.100000,0.000000,0.000000,-1.571000,-0.299941,1.002234,1.065203,1.493015
2.792000,-0.000059,-0.002235,0.034797,-0.000031,-0.005645,-0.037326,-0.000000,-0.001015,1.570052,-0.300000,1.000000,1.100000,0.000000,0.000000,-1.571000,-0.299941,1.002235,1.065203,1.493016
2.794000,-0.000059,-0.002237,0.034797,-0.000031,-0.005645,-0.037326,-0.000000,-0.001015,1.570052,-0.300000,1.000000,1.100000,0.000000,0.000000,-1.571000,-0.299941,1.002237,1.065203,1.493017
2.796000,-0.000059,-0.002239,0.034797,-0.000031,-0.005645,-0.037326,-0.000000,-0.001015,1.570052,-0.300000,1.000000,1.100000,0.000000,0.000000,-1.571000,-0.299941,1.002239,1.065203,1.493019
2.798000,-0.000059,-0.002240,0.034797,-0.000031,-0.005645,-0.037326,-0.000000,-0.001015,1.570052,-0.300000,1.000000,1.100000,0.000000,0.000000,-1.571000,-0.299941,1.002240,1.065203,1.493020
2.800000,-0.000059,-0.002242,0.034797,-0.000031,-0.005645,-0.037326,-0.000000,-0.001015,1.570052,-0.300000,1.000000,1.100000,0.000000,0.000000,-1.571000,-0.299941,1.002242,1.065203,1.493021
2.802000,-0.000059,-0.002244,0.034797,-0.000031,-0.005645,-0.037326,-0.000000,-0.001015,1.570052,-0.300000,1.000000,1.100000,0.000000,0.000000,-1.571000,-0.299941,1.002244,1.065203,1.493022
2.804000,-0.000059,-0.002245,0.034797,-0.000031,-0.005645,-0.037326,-0.000000,-0.001015,1.570052,-0.300000,1.000000,1.100000,0.000000,0.000000,-1.571000,-0.299941,1.002245,1.065203,1.493023
2.806000,-0.000059,-0.002247,0.034797,-0.000031,-0.005645,-0.037326,-0.000000,-0.001015,1.570052,-0.300000,1.000000,1.100000,0.000000,0.000000,-1.571000,-0.299941,1.002247,1.065203,1.493024
2.808000,-0.000059,-0.002249,0.034797,-0.000031,-0.005645,-0.037326,-0.000000,-0.001015,1.570052,-0.300000,1.000000,1.100000,0.000000,0.000000,-1.571000,-0.299941,1.002249,1.065203,1.493025
2.810000,-0.000059,-0.002250,0.034797,-0.000031,-0.005645,-0.037326,-0.000000,-0.001015,1.570052,-0.300000,1.000000,1.100000,0.000000,0.000000,-1.571000,-0.299941,1.002250,1.065203,1.493026
2.812000,-0.000059,-0.002252,0.034797,-0.000031,-0.005645,-0.037326,-0.000000,-0.001015,1.570052,-0.300000,1.000000,1.100000,0.000000,0.000000,-1.571000,-0.299941,1.002252,1.065203,1.493027
2.814000,-0.000059,-0.002254,0.034797,-0.000031,-0.005645,-0.037326,-0.000000,-0.001015,1.570052,-0.300000,1.000000,1.100000,0.000000,0.000000,-1.571000,-0.299941,1.002254,1.065203,1.493029
2.816000,-0.000059,-0.002255,0.034797,-0.000031,-0.005645,-0.037326,-0.000000,-0.001015,1.570052,-0.300000,1.000000,1.100000,0.000000,0.000000,-1.571000,-0.299941,1.002255,1.065203,1.493030
2.818000,-0.000059,-0.002257,0.034797,-0.000031,-0.005645,-0.037326,-0.000000,-0.001015,1.570052,-0.300000,1.000000,1.100000,0.000000,0.000000,-1.571000,-0.299941,1.002257,1.065203,1.493031
2.820000,-0.000059,-0.002259,0.034797,-0.000031,-0.005645,-0.037326,-0.000000,-0.001015,1.570052,-0.300000,1.000000,1.100000,0.000000,0.000000,-1.571000,-0.299941,1.002259,1.065203,1.493032
2.822000,-0.000059,-0.002260,0.034797,-0.000031,-0.005645,-0.037326,-0.000000,-0.001015,1.570052,-0.300000,1.000000,1.100000,0.000000,0.000000,-1.571000,-0.299941,1.002260,1.065203,1.493033
2.824000,-0.000059,-0.002262,0.034797,-0.000031,-0.005645,-0.037326,-0.000000,-0.001015,1.570053,-0.300000,1.000000,1.100000,0.000000,0.000000,-1.571000,-0.299941,1.002262,1.065203,1.493034
2.826000,-0.000059,-0.002264,0.034797,-0.000031,-0.005645,-0.037326,-0.000000,-0.001015,1.570053,-0.300000,1.000000,1.100000,0.000000,0.000000,-1.571000,-0.299941,1.002264,1.065203,1.493035
2.828000,-0.000060,-0.002265,0.034797,-0.000031,-0.005645,-0.037326,-0.000000,-0.001015,1.570053,-0.300000,1.000000,1.100000,0.000000,0.000000,-1.571000,-0.299940,1.002265,1.065203,1.493036
2.830000,-0.000060,-0.002267,0.034797,-0.000031,-0.005645,-0.037326,-0.000000,-0.001015,1.570053,-0.300000,1.000000,1.100000,0.000000,0.000000,-1.571000,-0.299940,1.002267,1.065203,1.493037
2.832000,-0.000060,-0.002269,0.034797,-0.000031,-0.005645,-0.037326,-0.000000,-0.001015,1.570053,-0.300000,1.000000,1.100000,0.000000,0.000000,-1.571000,-0.299940,1.002269,1.065203,1.493039
2.834000,-0.000060,-0.002270,0.034797,-0.000031,-0.005645,-0.037326,-0.000000,-0.001015,1.570053,-0.300000,1.000000,1.100000,0.000000,0.000000,-1.571000,-0.299940,1.002270,1.065203,1.493040
2.836000,-0.000060,-0.002272,0.034797,-0.000031,-0.005645,-0.037326,-0.000000,-0.001015,1.570053,-0.300000,1.000000,1.100000,0.000000,0.000000,-1.571000,-0.299940,1.002272,1.065203,1.493041
2.838000,-0.000060,-0.002274,0.034797,-0.000031,-0.005645,-0.037326,-0.000000,-0.001015,1.570053,-0.300000,1.000000,1.100000,0.000000,0.000000,-1.571000,-0.299940,1.002274,1.065203,1.493042
2.840000,-0.000060,-0.002276,0.034797,-0.000031,-0.005645,-0.037326,-0.000000,-0.001015,1.570053,-0.300000,1.000000,1.100000,0.000000,0.000000,-1.571000,-0.299940,1.002276,1.065203,1.493043
2.842000,-0.000060,-0.002277,0.034797,-0.000031,-0.005645,-0.037326,-0.000000,-0.001015,1.570053,-0.300000,1.000000,1.100000,0.000000,0.000000,-1.571000,-0.299940,1.002277,1.065203,1.493044
2.844000,-0.000060,-0.002279,0.034797,-0.000031,-0.005645,-0.037326,-0.000000,-0.001015,1.570053,-0.300000,1.000000,1.100000,0.000000,0.000000,-1.571000,-0.299940,1.002279,1.065203,1.493045
2.846000,-0.000060,-0.002281,0.034797,-0.000031,-0.005645,-0.037326,-0.000000,-0.001015,1.570053,-0.300000,1.000000,1.100000,0.000000,0.000000,-1.571000,-0.299940,1.002281,1.065203,1.493046
2.848000,-0.000060,-0.002282,0.034797,-0.000031,-0.005645,-0.037326,-0.000000,-0.001015,1.570053,-0.300000,1.000000,1.100000,0.000000,0.000000,-1.571000,-0.299940,1.002282,1.065203,1.493047
2.850000,-0.000060,-0.002284,0.034797,-0.000031,-0.005645,-0.037326,-0.000000,-0.001015,1.570053,-0.300000,1.000000,1.100000,0.000000,0.000000,-1.571000,-0.299940,1.002284,1.065203,1.493049
2.852000,-0.000060,-0.002286,0.034797,-0.000031,-0.005645,-0.037326,-0.000000,-0.001015,1.570053,-0.300000,1.000000,1.100000,0.000000,0.000000,-1.571000,-0.299940,1.002286,1.065203,1.493050
2.854000,-0.000060,-0.002287,0.034797,-0.000031,-0.005645,-0.037326,-0.000000,-0.001015,1.570053,-0.300000,1.000000,1.100000,0.000000,0.000000,-1.571000,-0.299940,1.002287,1.065203,1.493051
2.856000,-0.000060,-0.002289,0.034797,-0.000031,-0.005645,-0.037326,-0.000000,-0.001015,1.570053,-0.300000,1.000000,1.100000,0.000000,0.000000,-1.571000,-0.299940,1.002289,1.065203,1.493052
2.858000,-0.000060,-0.002291,0.034797,-0.000031,-0.005645,-0.037326,-0.000000,-0.001015,1.570053,-0.300000,1.000000,1.100000,0.000000,0.000000,-1.571000,-0.299940,1.002291,1.065203,1.493053
2.860000,-0.000060,-0.002292,0.034797,-0.000031,-0.005645,-0.037326,-0.000000,-0.001015,1.570053,-0.300000,1.000000,1.100000,0.000000,0.000000,-1.571000,-0.299940,1.002292,1.065203,1.493054
2.862000,-0.000060,-0.002294,0.034797,-0.000031,-0.005645,-0.037326,-0.000000,-0.001015,1.570053,-0.300000,1.000000,1.100000,0.000000,0.000000,-1.571000,-0.299940,1.002294,1.065203,1.493055
2.864000,-0.000060,-0.002296,0.034797,-0.000031,-0.005645,-0.037326,-0.000000,-0.001015,1.570053,-0.300000,1.000000,1.100000,0.000000,0.000000,-1.571000,-0.299940,1.002296,1.065203,1.493056
2.866000,-0.000060,-0.002297,0.034797,-0.000031,-0.005645,-0.037326,-0.000000,-0.001015,1.570053,-0.300000,1.000000,1.100000,0.000000,0.000000,-1.571000,-0.299940,1.002297,1.065203,1.493058
2.868000,-0.000060,-0.002299,0.034797,-0.000031,-0.005645,-0.037326,-0.000000,-0.001015,1.570053,-0.300000,1.000000,1.100000,0.000000,0.000000,-1.571000,-0.299940,1.002299,1.065203,1.493059
2.870000,-0.000060,-0.002301,0.034797,-0.000031,-0.005645,-0.037326,-0.000000,-0.001015,1.570053,-0.300000,1.000000,1.100000,0.000000,0.000000,-1.571000,-0.299940,1.002301,1.065203,1.493060
2.872000,-0.000061,-0.002302,0.034797,-0.000031,-0.005645,-0.037326,-0.000000,-0.001015,1.570053,-0.300000,1.000000,1.100000,0.000000,0.000000,-1.571000,-0.299939,1.002302,1.065203,1.493061
2.874000,-0.000061,-0.002304,0.034797,-0.000031,-0.005645,-0.037326,-0.000000,-0.001015,1.570054,-0.300000,1.000000,1.100000,0.000000,0.000000,-1.571000,-0.299939,1.002304,1.065203,1.493062
2.876000,-0.000061,-0.002306,0.034797,-0.000031,-0.005645,-0.037326,-0.000000,-0.001015,1.570054,-0.300000,1.000000,1.100000,0.000000,0.000000,-1.571000,-0.299939,1.002306,1.065203,1.493063
2.878000,-0.000061,-0.002307,0.034797,-0.000031,-0.005645,-0.037326,-0.000000,-0.001015,1.570054,-0.300000,1.000000,1.100000,0.000000,0.000000,-1.571000,-0.299939,1.002307,1.065203,1.493064
2.880000,-0.000061,-0.002309,0.034797,-0.000031,-0.005645,-0.037326,-0.000000,-0.001015,1.570054,-0.300000,1.000000,1.100000,0.000000,0.000000,-1.571000,-0.299939,1.002309,1.065203,1.493065
2.882000,-0.000061,-0.002311,0.034797,-0.000031,-0.005645,-0.037326,-0.000000,-0.001015,1.570054,-0.300000,1.000000,1.100000,0.000000,0.000000,-1.571000,-0.299939,1.002311,1.065203,1.493066
2.884000,-0.000061,-0.002312,0.034797,-0.000031,-0.005645,-0.037326,-0.000000,-0.001015,1.570054,-0.300000,1.000000,1.100000,0.000000,0.000000,-1.571000,-0.299939,1.002312,1.065203,1.493068
2.886000,-0.000061,-0.002314,0.034797,-0.000031,-0.005645,-0.037326,-0.000000,-0.001015,1.570054,-0.300000,1.000000,1.100000,0.000000,0.000000,-1.571000,-0.299939,1.002314,1.065203,1.493069
2.888000,-0.000061,-0.002316,0.034797,-0.000031,-0.005645,-0.037326,-0.000000,-0.001015,1.570054,-0.300000,1.000000,1.100000,0.000000,0.000000,-1.571000,-0.299939,1.002316,1.065203,1.493070
2.890000,-0.000061,-0.002317,0.034797,-0.000031,-0.005645,-0.037326,-0.000000,-0.001015,1.570054,-0.300000,1.000000,1.100000,0.000000,0.000000,-1.571000,-0.299939,1.002317,1.065203,1.493071
2.892000,-0.000061,-0.002319,0.034797,-0.000031,-0.005645,-0.037326,-0.000000,-0.001015,1.570054,-0.300000,1.000000,1.100000,0.000000,0.000000,-1.571000,-0.299939,1.002319,1.065203,1.493072
2.894000,-0.000061,-0.002321,0.034797,-0.000031,-0.005645,-0.037326,-0.000000,-0.001015,1.570054,-0.300000,1.000000,1.100000,0.000000,0.000000,-1.571000,-0.299939,1.002321,1.065203,1.493073
2.896000,-0.000061,-0.002322,0.034797,-0.000031,-0.005645,-0.037326,-0.000000,-0.001015,1.570054,-0.300000,1.000000,1.100000,0.000000,0.000000,-1.571000,-0.299939,1.002322,1.065203,1.493074
2.898000,-0.000061,-0.002324,0.034797,-0.000031,-0.005645,-0.037326,-0.000000,-0.001015,1.570054,-0.300000,1.000000,1.100000,0.000000,0.000000,-1.571000,-0.299939,1.002324,1.065203,1.493075
2.900000,-0.000061,-0.002326,0.034797,-0.000031,-0.005645,-0.037326,-0.000000,-0.001015,1.570054,-0.300000,1.000000,1.100000,0.000000,0.000000,-1.571000,-0.299939,1.002326,1.065203,1.493076
2.902000,-0.000061,-0.002327,0.034797,-0.000031,-0.005645,-0.037326,-0.000000,-0.001015,1.570054,-0.300000,1.000000,1.100000,0.000000,0.000000,-1.571000,-0.299939,1.002327,1.065203,1.493078
2.904000,-0.000061,-0.002329,0.034797,-0.000031,-0.005645,-0.037326,-0.000000,-0.001015,1.570054,-0.300000,1.000000,1.100000,0.000000,0.000000,-1.571000,-0.299939,1.002329,1.065203,1.493079
2.906000,-0.000061,-0.002331,0.034797,-0.000031,-0.005645,-0.037326,-0.000000,-0.001015,1.570054,-0.300000,1.000000,1.100000,0.000000,0.000000,-1.571000,-0.299939,1.002331,1.065203,1.493080
2.908000,-0.000061,-0.002332,0.034797,-0.000031,-0.005645,-0.037326,-0.000000,-0.001015,1.570054,-0.300000,1.000000,1.100000,0.000000,0.000000,-1.571000,-0.299939,1.002332,1.065203,1.493081
2.910000,-0.000061,-0.002334,0.034797,-0.000031,-0.005645,-0.037326,-0.000000,-0.001015,1.570054,-0.300000,1.000000,1.100000,0.000000,0.000000,-1.571000,-0.299939,1.002334,1.065203,1.493082
2.912000,-0.000061,-0.002336,0.034797,-0.000031,-0.005645,-0.037326,-0.000000,-0.001015,1.570054,-0.300000,1.000000,1.100000,0.000000,0.000000,-1.571000,-0.299939,1.002336,1.065203,1.493083
2.914000,-0.000061,-0.002337,0.034797,-0.000031,-0.005645,-0.037326,-0.000000,-0.001015,1.570054,-0.300000,1.000000,1.100000,0.000000,0.000000,-1.571000,-0.299939,1.002337,1.065203,1.493084
2.916000,-0.000062,-0.002339,0.034797,-0.000031,-0.005645,-0.037326,-0.000000,-0.001015,1.570054,-0.300000,1.000000,1.100000,0.000000,0.000000,-1.571000,-0.299938,1.002339,1.065203,1.493085
2.918000,-0.000062,-0.002341,0.034797,-0.000031,-0.005645,-0.037326,-0.000000,-0.001015,1.570054,-0.300000,1.000000,1.100000,0.000000,0.000000,-1.571000,-0.299938,1.002341,1.065203,1.493087
2.920000,-0.000062,-0.002342,0.034797,-0.000031,-0.005645,-0.037326,-0.000000,-0.001015,1.570054,-0.300000,1.000000,1.100000,0.000000,0.000000,-1.571000,-0.299938,1.002342,1.065203,1.493088
2.922000,-0.000062,-0.002344,0.034797,-0.000031,-0.005645,-0.037326,-0.000000,-0.001015,1.570054,-0.300000,1.000000,1.100000,0.000000,0.000000,-1.571000,-0.299938,1.002344,1.065203,1.493089
2.924000,-0.000062,-0.002346,0.034797,-0.000031,-0.005645,-0.037326,-0.000000,-0.001015,1.570055,-0.300000,1.000000,1.100000,0.000000,0.000000,-1.571000,-0.299938,1.002346,1.065203,1.493090
2.926000,-0.000062,-0.002348,0.034797,-0.000031,-0.005645,-0.037326,-0.000000,-0.001015,1.570055,-0.300000,1.000000,1.100000,0.000000,0.000000,-1.571000,-0.299938,1.002348,1.065203,1.493091
2.928000,-0.000062,-0.002349,0.034797,-0.000031,-0.005645,-0.037326,-0.000000,-0.001015,1.570055,-0.300000,1.000000,1.100000,0.000000,0.000000,-1.571000,-0.299938,1.002349,1.065203,1.493092
2.930000,-0.000062,-0.002351,0.034797,-0.000031,-0.005645,-0.037326,-0.000000,-0.001015,1.570055,-0.300000,1.000000,1.100000,0.000000,0.000000,-1.571000,-0.299938,1.002351,1.065203,1.493093
2.932000,-0.000062,-0.002353,0.034797,-0.000031,-0.005645,-0.037326,-0.000000,-0.001015,1.570055,-0.300000,1.000000,1.100000,0.000000,0.000000,-1.571000,-0.299938,1.002353,1.065203,1.493094
2.934000,-0.000062,-0.002354,0.034797,-0.000031,-0.005645,-0.037326,-0.000000,-0.001015,1.570055,-0.300000,1.000000,1.100000,0.000000,0.000000,-1.571000,-0.299938,1.002354,1.065203,1.493095
2.936000,-0.000062,-0.002356,0.034797,-0.000031,-0.005645,-0.037326,-0.000000,-0.001015,1.570055,-0.300000,1.000000,1.100000,0.000000,0.000000,-1.571000,-0.299938,1.002356,1.065203,1.493097
2.938000,-0.000062,-0.002358,0.034797,-0.000031,-0.005645,-0.037326,-0.000000,-0.001015,1.570055,-0.300000,1.000000,1.100000,0.000000,0.000000,-1.571000,-0.299938,1.002358,1.065203,1.493098
2.940000,-0.000062,-0.002359,0.034797,-0.000031,-0.005645,-0.037326,-0.000000,-0.001015,1.570055,-0.300000,1.000000,1.100000,0.000000,0.000000,-1.571000,-0.299938,1.002359,1.065203,1.493099
2.942000,-0.000062,-0.002361,0.034797,-0.000031,-0.005645,-0.037326,-0.000000,-0.001015,1.570055,-0.300000,1.000000,1.100000,0.000000,0.000000,-1.571000,-0.299938,1.002361,1.065203,1.493100
2.944000,-0.000062,-0.002363,0.034797,-0.000031,-0.005645,-0.037326,-0.000000,-0.001015,1.570055,-0.300000,1.000000,1.100000,0.000000,0.000000,-1.571000,-0.299938,1.002363,1.065203,1.493101
2.946000,-0.000062,-0.002364,0.034797,-0.000031,-0.005645,-0.037326,-0.000000,-0.001015,1.570055,-0.300000,1.000000,1.100000,0.000000,0.000000,-1.571000,-0.299938,1.002364,1.065203,1.493102
2.948000,-0.000062,-0.002366,0.034797,-0.000031,-0.005645,-0.037326,-0.000000,-0.001015,1.570055,-0.300000,1.000000,1.100000,0.000000,0.000000,-1.571000,-0.299938,1.002366,1.065203,1.493103
2.950000,-0.000062,-0.002368,0.034797,-0.000031,-0.005645,-0.037326,-0.000000,-0.001015,1.570055,-0.300000,1.000000,1.100000,0.000000,0.000000,-1.571000,-0.299938,1.002368,1.065203,1.493104
2.952000,-0.000062,-0.002369,0.034797,-0.000031,-0.005645,-0.037326,-0.000000,-0.001015,1.570055,-0.300000,1.000000,1.100000,0.000000,0.000000,-1.571000,-0.299938,1.002369,1.065203,1.493105
2.954000,-0.000062,-0.002371,0.034797,-0.000031,-0.005645,-0.037326,-0.000000,-0.001015,1.570055,-0.300000,1.000000,1.100000,0.000000,0.000000,-1.571000,-0.299938,1.002371,1.065203,1.493107
2.956000,-0.000062,-0.002373,0.034797,-0.000031,-0.005645,-0.037326,-0.000000,-0.001015,1.570055,-0.300000,1.000000,1.100000,0.000000,0.000000,-1.571000,-0.299938,1.002373,1.065203,1.493108
2.958000,-0.000062,-0.002374,0.034797,-0.000031,-0.005645,-0.037326,-0.000000,-0.001015,1.570055,-0.300000,1.000000,1.100000,0.000000,0.000000,-1.571000,-0.299938,1.002374,1.065203,1.493109
2.960000,-0.000062,-0.002376,0.034797,-0.000031,-0.005645,-0.037326,-0.000000,-0.001015,1.570055,-0.300000,1.000000,1.100000,0.000000,0.000000,-1.571000,-0.299938,1.002376,1.065203,1.493110
2.962000,-0.000063,-0.002378,0.034797,-0.000031,-0.005645,-0.037326,-0.000000,-0.001015,1.570055,-0.300000,1.000000,1.100000,0.000000,0.000000,-1.571000,-0.299937,1.002378,1.065203,1.493111
2.964000,-0.000063,-0.002379,0.034797,-0.000031,-0.005645,-0.037326,-0.000000,-0.001015,1.570055,-0.300000,1.000000,1.100000,0.000000,0.000000,-1.571000,-0.299937,1.002379,1.065203,1.493112
2.966000,-0.000063,-0.002381,0.034797,-0.000031,-0.005645,-0.037326,-0.000000,-0.001015,1.570055,-0.300000,1.000000,1.100000,0.000000,0.000000,-1.571000,-0.299937,1.002381,1.065203,1.493113
2.968000,-0.000063,-0.002383,0.034797,-0.000031,-0.005645,-0.037326,-0.000000,-0.001015,1.570055,-0.300000,1.000000,1.100000,0.000000,0.000000,-1.571000,-0.299937,1.002383,1.065203,1.493114
2.970000,-0.000063,-0.002384,0.034797,-0.000031,-0.005645,-0.037326,-0.000000,-0.001015,1.570055,-0.300000,1.000000,1.100000,0.000000,0.000000,-1.571000,-0.299937,1.002384,1.065203,1.493116
2.972000,-0.000063,-0.002386,0.034797,-0.000031,-0.005645,-0.037326,-0.000000,-0.001015,1.570055,-0.300000,1.000000,1.100000,0.000000,0.000000,-1.571000,-0.299937,1.002386,1.065203,1.493117
2.974000,-0.000063,-0.002388,0.034797,-0.000031,-0.005645,-0.037326,-0.000000,-0.001015,1.570055,-0.300000,1.000000,1.100000,0.000000,0.000000,-1.571000,-0.299937,1.002388,1.065203,1.493118
2.976000,-0.000063,-0.002389,0.034797,-0.000031,-0.005645,-0.037326,-0.000000,-0.001015,1.570056,-0.300000,1.000000,1.100000,0.000000,0.000000,-1.571000,-0.299937,1.002389,1.065203,1.493119
2.978000,-0.000063,-0.002391,0.034797,-0.000031,-0.005645,-0.037326,-0.000000,-0.001015,1.570056,-0.300000,1.000000,1.100000,0.000000,0.000000,-1.571000,-0.299937,1.002391,1.065203,1.493120
2.980000,-0.000063,-0.002393,0.034797,-0.000031,-0.005645,-0.037326,-0.000000,-0.001015,1.570056,-0.300000,1.000000,1.100000,0.000000,0.000000,-1.571000,-0.299937,1.002393,1.065203,1.493121
2.982000,-0.000063,-0.002394,0.034797,-0.000031,-0.005645,-0.037326,-0.000000,-0.001015,1.570056,-0.300000,1.000000,1.100000,0.000000,0.000000,-1.571000,-0.299937,1.002394,1.065203,1.493122
2.984000,-0.000063,-0.002396,0.034797,-0.000031,-0.005645,-0.037326,-0.000000,-0.001015,1.570056,-0.300000,1.000000,1.100000,0.000000,0.000000,-1.571000,-0.299937,1.002396,1.065203,1.493123
2.986000,-0.000063,-0.002398,0.034797,-0.000031,-0.005645,-0.037326,-0.000000,-0.001015,1.570056,-0.300000,1.000000,1.100000,0.000000,0.000000,-1.571000,-0.299937,1.002398,1.065203,1.493124
2.988000,-0.000063,-0.002399,0.034797,-0.000031,-0.005645,-0.037326,-0.000000,-0.001015,1.570056,-0.300000,1.000000,1.100000,0.000000,0.000000,-1.571000,-0.299937,1.002399,1.065203,1.493126
2.990000,-0.000063,-0.002401,0.034797,-0.000031,-0.005645,-0.037326,-0.000000,-0.001015,1.570056,-0.300000,1.000000,1.100000,0.000000,0.000000,-1.571000,-0.299937,1.002401,1.065203,1.493127
2.992000,-0.000063,-0.002403,0.034797,-0.000031,-0.005645,-0.037326,-0.000000,-0.001015,1.570056,-0.300000,1.000000,1.100000,0.000000,0.000000,-1.571000,-0.299937,1.002403,1.065203,1.493128
2.994000,-0.000063,-0.002404,0.034797,-0.000031,-0.005645,-0.037326,-0.000000,-0.001015,1.570056,-0.300000,1.000000,1.100000,0.000000,0.000000,-1.571000,-0.299937,1.002404,1.065203,1.493129
2.996000,-0.000063,-0.002406,0.034797,-0.000031,-0.005645,-0.037326,-0.000000,-0.001015,1.570056,-0.300000,1.000000,1.100000,0.000000,0.000000,-1.571000,-0.299937,1.002406,1.065203,1.493130
2.998000,-0.000063,-0.002408,0.034797,-0.000031,-0.005645,-0.037326,-0.000000,-0.001015,1.570056,-0.300000,1.000000,1.100000,0.000000,0.000000,-1.571000,-0.299937,1.002408,1.065203,1.493131
3.000000,-0.000063,-0.002409,0.034797,-0.000031,-0.005645,-0.037326,-0.000000,-0.001015,1.570056,-0.300000,1.000000,1.100000,0.000000,0.000000,-1.571000,-0.299937,1.002409,1.065203,1.493132
3.002000,-0.000063,-0.002411,0.034797,-0.000031,-0.005645,-0.037326,-0.000000,-0.001015,1.570056,-0.300000,1.000000,1.100000,0.000000,0.000000,-1.571000,-0.299937,1.002411,1.065203,1.493133
3.004000,-0.000063,-0.002413,0.034797,-0.000031,-0.005645,-0.037326,-0.000000,-0.001015,1.570056,-0.300000,1.000000,1.100000,0.000000,0.000000,-1.571000,-0.299937,1.002413,1.065203,1.493134
3.006000,-0.000064,-0.002415,0.034797,-0.000031,-0.005645,-0.037326,-0.000000,-0.001015,1.570056,-0.300000,1.000000,1.100000,0.000000,0.000000,-1.571000,-0.299936,1.002415,1.065203,1.493136
3.008000,-0.000064,-0.002416,0.034797,-0.000031,-0.005645,-0.037326,-0.000000,-0.001015,1.570056,-0.300000,1.000000,1.100000,0.000000,0.000000,-1.571000,-0.299936,1.002416,1.065203,1.493137
3.010000,-0.000064,-0.002418,0.034797,-0.000031,-0.005645,-0.037326,-0.000000,-0.001015,1.570056,-0.300000,1.000000,1.100000,0.000000,0.000000,-1.571000,-0.299936,1.002418,1.065203,1.493138
3.012000,-0.000064,-0.002420,0.034797,-0.000031,-0.005645,-0.037326,-0.000000,-0.001015,1.570056,-0.300000,1.000000,1.100000,0.000000,0.000000,-1.571000,-0.299936,1.002420,1.065203,1.493139
3.014000,-0.000064,-0.002421,0.034797,-0.000031,-0.005645,-0.037326,-0.000000,-0.001015,1.570056,-0.300000,1.000000,1.100000,0.000000,0.000000,-1.571000,-0.299936,1.002421,1.065203,1.493140
3.016000,-0.000064,-0.002423,0.034797,-0.000031,-0.005645,-0.037326,-0.000000,-0.001015,1.570056,-0.300000,1.000000,1.100000,0.000000,0.000000,-1.571000,-0.299936,1.002423,1.065203,1.493141
3.018000,-0.000064,-0.002425,0.034797,-0.000031,-0.005645,-0.037326,-0.000000,-0.001015,1.570056,-0.300000,1.000000,1.100000,0.000000,0.000000,-1.571000,-0.299936,1.002425,1.065203,1.493142
3.020000,-0.000064,-0.002426,0.034797,-0.000031,-0.005645,-0.037326,-0.000000,-0.001015,1.570056,-0.300000,1.000000,1.100000,0.000000,0.000000,-1.571000,-0.299936,1.002426,1.065203,1.493143
3.022000,-0.000064,-0.002428,0.034797,-0.000031,-0.005645,-0.037326,-0.000000,-0.001015,1.570056,-0.300000,1.000000,1.100000,0.000000,0.000000,-1.571000,-0.299936,1.002428,1.065203,1.493145
3.024000,-0.000064,-0.002430,0.034797,-0.000031,-0.005645,-0.037326,-0.000000,-0.001015,1.570056,-0.300000,1.000000,1.100000,0.000000,0.000000,-1.571000,-0.299936,1.002430,1.065203,1.493146
3.026000,-0.000064,-0.002431,0.034797,-0.000031,-0.005645,-0.037326,-0.000000,-0.001015,1.570057,-0.300000,1.000000,1.100000,0.000000,0.000000,-1.571000,-0.299936,1.002431,1.065203,1.493147
3.028000,-0.000064,-0.002433,0.034797,-0.000031,-0.005645,-0.037326,-0.000000,-0.001015,1.570057,-0.300000,1.000000,1.100000,0.000000,0.000000,-1.571000,-0.299936,1.002433,1.065203,1.493148
3.030000,-0.000064,-0.002435,0.034797,-0.000031,-0.005645,-0.037326,-0.000000,-0.001015,1.570057,-0.300000,1.000000,1.100000,0.000000,0.000000,-1.571000,-0.299936,1.002435,1.065203,1.493149
3.032000,-0.000064,-0.002436,0.034797,-0.000031,-0.005645,-0.037326,-0.000000,-0.001015,1.570057,-0.300000,1.000000,1.100000,0.000000,0.000000,-1.571000,-0.299936,1.002436,1.065203,1.493150
3.034000,-0.000064,-0.002438,0.034797,-0.000031,-0.005645,-0.037326,-0.000000,-0.001015,1.570057,-0.300000,1.000000,1.100000,0.000000,0.000000,-1.571000,-0.299936,1.002438,1.065203,1.493151
3.036000,-0.000064,-0.002440,0.034797,-0.000031,-0.005645,-0.037326,-0.000000,-0.001015,1.570057,-0.300000,1.000000,1.100000,0.000000,0.000000,-1.571000,-0.299936,1.002440,1.065203,1.493152
3.038000,-0.000064,-0.002441,0.034797,-0.000031,-0.005645,-0.037326,-0.000000,-0.001015,1.570057,-0.300000,1.000000,1.100000,0.000000,0.000000,-1.571000,-0.299936,1.002441,1.065203,1.493153
3.040000,-0.000064,-0.002443,0.034797,-0.000031,-0.005645,-0.037326,-0.000000,-0.001015,1.570057,-0.300000,1.000000,1.100000,0.000000,0.000000,-1.571000,-0.299936,1.002443,1.065203,1.493155
3.042000,-0.000064,-0.002445,0.034797,-0.000031,-0.005645,-0.037326,-0.000000,-0.001015,1.570057,-0.300000,1.000000,1.100000,0.000000,0.000000,-1.571000,-0.299936,1.002445,1.065203,1.493156
3.044000,-0.000064,-0.002446,0.034797,-0.000031,-0.005645,-0.037326,-0.000000,-0.001015,1.570057,-0.300000,1.000000,1.100000,0.000000,0.000000,-1.571000,-0.299936,1.002446,1.065203,1.493157
3.046000,-0.000064,-0.002448,0.034797,-0.000031,-0.005645,-0.037326,-0.000000,-0.001015,1.570057,-0.300000,1.000000,1.100000,0.000000,0.000000,-1.571000,-0.299936,1.002448,1.065203,1.493158
3.048000,-0.000064,-0.002450,0.034797,-0.000031,-0.005645,-0.037326,-0.000000,-0.001015,1.570057,-0.300000,1.000000,1.100000,0.000000,0.000000,-1.571000,-0.299936,1.002450,1.065203,1.493159
3.050000,-0.000065,-0.002451,0.034797,-0.000031,-0.005645,-0.037326,-0.000000,-0.001015,1.570057,-0.300000,1.000000,1.100000,0.000000,0.000000,-1.571000,-0.299935,1.002451,1.065203,1.493160
3.052000,-0.000065,-0.002453,0.034797,-0.000031,-0.005645,-0.037326,-0.000000,-0.001015,1.570057,-0.300000,1.000000,1.100000,0.000000,0.000000,-1.571000,-0.299935,1.002453,1.065203,1.493161
3.054000,-0.000065,-0.002455,0.034797,-0.000031,-0.005645,-0.037326,-0.000000,-0.001015,1.570057,-0.300000,1.000000,1.100000,0.000000,0.000000,-1.571000,-0.299935,1.002455,1.065203,1.493162
3.056000,-0.000065,-0.002456,0.034797,-0.000031,-0.005645,-0.037326,-0.000000,-0.001015,1.570057,-0.300000,1.000000,1.100000,0.000000,0.000000,-1.571000,-0.299935,1.002456,1.065203,1.493163
3.058000,-0.000065,-0.002458,0.034797,-0.000031,-0.005645,-0.037326,-0.000000,-0.001015,1.570057,-0.300000,1.000000,1.100000,0.000000,0.000000,-1.571000,-0.299935,1.002458,1.065203,1.493165
3.060000,-0.000065,-0.002460,0.034797,-0.000031,-0.005645,-0.037326,-0.000000,-0.001015,1.570057,-0.300000,1.000000,1.100000,0.000000,0.000000,-1.571000,-0.299935,1.002460,1.065203,1.493166
3.062000,-0.000065,-0.002461,0.034797,-0.000031,-0.005645,-0.037326,-0.000000,-0.001015,1.570057,-0.300000,1.000000,1.100000,0.000000,0.000000,-1.571000,-0.299935,1.002461,1.065203,1.493167
3.064000,-0.000065,-0.002463,0.034797,-0.000031,-0.005645,-0.037326,-0.000000,-0.001015,1.570057,-0.300000,1.000000,1.100000,0.000000,0.000000,-1.571000,-0.299935,1.002463,1.065203,1.493168
3.066000,-0.000065,-0.002465,0.034797,-0.000031,-0.005645,-0.037326,-0.000000,-0.001015,1.570057,-0.300000,1.000000,1.100000,0.000000,0.000000,-1.571000,-0.299935,1.002465,1.065203,1.493169
3.068000,-0.000065,-0.002466,0.034797,-0.000031,-0.005645,-0.037326,-0.000000,-0.001015,1.570057,-0.300000,1.000000,1.100000,0.000000,0.000000,-1.571000,-0.299935,1.002466,1.065203,1.493170
3.070000,-0.000065,-0.002468,0.034797,-0.000031,-0.005645,-0.037326,-0.000000,-0.001015,1.570057,-0.300000,1.000000,1.100000,0.000000,0.000000,-1.571000,-0.299935,1.002468,1.065203,1.493171
3.072000,-0.000065,-0.002470,0.034797,-0.000031,-0.005645,-0.037326,-0.000000,-0.001015,1.570057,-0.300000,1.000000,1.100000,0.000000,0.000000,-1.571000,-0.299935,1.002470,1.065203,1.493172
3.074000,-0.000065,-0.002471,0.034797,-0.000031,-0.005645,-0.037326,-0.000000,-0.001015,1.570057,-0.300000,1.000000,1.100000,0.000000,0.000000,-1.571000,-0.299935,1.002471,1.065203,1.493174
3.076000,-0.000065,-0.002473,0.034797,-0.000031,-0.005645,-0.037326,-0.000000,-0.001015,1.570058,-0.300000,1.000000,1.100000,0.000000,0.000000,-1.571000,-0.299935,1.002473,1.065203,1.493175
3.078000,-0.000065,-0.002475,0.034797,-0.000031,-0.005645,-0.037326,-0.000000,-0.001015,1.570058,-0.300000,1.000000,1.100000,0.000000,0.000000,-1.571000,-0.299935,1.002475,1.065203,1.493176
3.080000,-0.000065,-0.002476,0.034797,-0.000031,-0.005645,-0.037326,-0.000000,-0.001015,1.570058,-0.300000,1.000000,1.100000,0.000000,0.000000,-1.571000,-0.299935,1.002476,1.065203,1.493177
3.082000,-0.000065,-0.002478,0.034797,-0.000031,-0.005645,-0.037326,-0.000000,-0.001015,1.570058,-0.300000,1.000000,1.100000,0.000000,0.000000,-1.571000,-0.299935,1.002478,1.065203,1.493178
3.084000,-0.000065,-0.002480,0.034797,-0.000031,-0.005645,-0.037326,-0.000000,-0.001015,1.570058,-0.300000,1.000000,1.100000,0.000000,0.000000,-1.571000,-0.299935,1.002480,1.065203,1.493179
3.086000,-0.000065,-0.002481,0.034797,-0.000031,-0.005645,-0.037326,-0.000000,-0.001015,1.570058,-0.300000,1.000000,1.100000,0.000000,0.000000,-1.571000,-0.299935,1.002481,1.065203,1.493180
3.088000,-0.000065,-0.002483,0.034797,-0.000031,-0.005645,-0.037326,-0.000000,-0.001015,1.570058,-0.300000,1.000000,1.100000,0.000000,0.000000,-1.571000,-0.299935,1.002483,1.065203,1.493181
3.090000,-0.000065,-0.002485,0.034797,-0.000031,-0.005645,-0.037326,-0.000000,-0.001015,1.570058,-0.300000,1.000000,1.100000,0.000000,0.000000,-1.571000,-0.299935,1.002485,1.065203,1.493182
3.092000,-0.000065,-0.002487,0.034797,-0.000031,-0.005645,-0.037326,-0.000000,-0.001015,1.570058,-0.300000,1.000000,1.100000,0.000000,0.000000,-1.571000,-0.299935,1.002487,1.065203,1.493184
3.094000,-0.000065,-0.002488,0.034797,-0.000031,-0.005645,-0.037326,-0.000000,-0.001015,1.570058,-0.300000,1.000000,1.100000,0.000000,0.000000,-1.571000,-0.299935,1.002488,1.065203,1.493185
3.096000,-0.000066,-0.002490,0.034797,-0.000031,-0.005645,-0.037326,-0.000000,-0.001015,1.570058,-0.300000,1.000000,1.100000,0.000000,0.000000,-1.571000,-0.299934,1.002490,1.065203,1.493186
3.098000,-0.000066,-0.002492,0.034797,-0.000031,-0.005645,-0.037326,-0.000000,-0.001015,1.570058,-0.300000,1.000000,1.100000,0.000000,0.000000,-1.571000,-0.299934,1.002492,1.065203,1.493187
3.100000,-0.000066,-0.002493,0.034797,-0.000031,-0.005645,-0.037326,-0.000000,-0.001015,1.570058,-0.300000,1.000000,1.100000,0.000000,0.000000,-1.571000,-0.299934,1.002493,1.065203,1.493188
3.102000,-0.000066,-0.002495,0.034797,-0.000031,-0.005645,-0.037326,-0.000000,-0.001015,1.570058,-0.300000,1.000000,1.100000,0.000000,0.000000,-1.571000,-0.299934,1.002495,1.065203,1.493189
3.104000,-0.000066,-0.002497,0.034797,-0.000031,-0.005645,-0.037326,-0.000000,-0.001015,1.570058,-0.300000,1.000000,1.100000,0.000000,0.000000,-1.571000,-0.299934,1.002497,1.065203,1.493190
3.106000,-0.000066,-0.002498,0.034797,-0.000031,-0.005645,-0.037326,-0.000000,-0.001015,1.570058,-0.300000,1.000000,1.100000,0.000000,0.000000,-1.571000,-0.299934,1.002498,1.065203,1.493191
3.108000,-0.000066,-0.002500,0.034797,-0.000031,-0.005645,-0.037326,-0.000000,-0.001015,1.570058,-0.300000,1.000000,1.100000,0.000000,0.000000,-1.571000,-0.299934,1.002500,1.065203,1.493192
3.110000,-0.000066,-0.002502,0.034797,-0.000031,-0.005645,-0.037326,-0.000000,-0.001015,1.570058,-0.300000,1.000000,1.100000,0.000000,0.000000,-1.571000,-0.299934,1.002502,1.065203,1.493194
3.112000,-0.000066,-0.002503,0.034797,-0.000031,-0.005645,-0.037326,-0.000000,-0.001015,1.570058,-0.300000,1.000000,1.100000,0.000000,0.000000,-1.571000,-0.299934,1.002503,1.065203,1.493195
3.114000,-0.000066,-0.002505,0.034797,-0.000031,-0.005645,-0.037326,-0.000000,-0.001015,1.570058,-0.300000,1.000000,1.100000,0.000000,0.000000,-1.571000,-0.299934,1.002505,1.065203,1.493196
3.116000,-0.000066,-0.002507,0.034797,-0.000031,-0.005645,-0.037326,-0.000000,-0.001015,1.570058,-0.300000,1.000000,1.100000,0.000000,0.000000,-1.571000,-0.299934,1.002507,1.065203,1.493197
3.118000,-0.000066,-0.002508,0.034797,-0.000031,-0.005645,-0.037326,-0.000000,-0.001015,1.570058,-0.300000,1.000000,1.100000,0.000000,0.000000,-1.571000,-0.299934,1.002508,1.065203,1.493198
3.120000,-0.000066,-0.002510,0.034797,-0.000031,-0.005645,-0.037326,-0.000000,-0.001015,1.570058,-0.300000,1.000000,1.100000,0.000000,0.000000,-1.571000,-0.299934,1.002510,1.065203,1.493199
3.122000,-0.000066,-0.002512,0.034797,-0.000031,-0.005645,-0.037326,-0.000000,-0.001015,1.570058,-0.300000,1.000000,1.100000,0.000000,0.000000,-1.571000,-0.299934,1.002512,1.065203,1.493200
3.124000,-0.000066,-0.002513,0.034797,-0.000031,-0.005645,-0.037326,-0.000000,-0.001015,1.570058,-0.300000,1.000000,1.100000,0.000000,0.000000,-1.571000,-0.299934,1.002513,1.065203,1.493201
3.126000,-0.000066,-0.002515,0.034797,-0.000031,-0.005645,-0.037326,-0.000000,-0.001015,1.570059,-0.300000,1.000000,1.100000,0.000000,0.000000,-1.571000,-0.299934,1.002515,1.065203,1.493203
3.128000,-0.000066,-0.002517,0.034797,-0.000031,-0.005645,-0.037326,-0.000000,-0.001015,1.570059,-0.300000,1.000000,1.100000,0.000000,0.000000,-1.571000,-0.299934,1.002517,1.065203,1.493204
3.130000,-0.000066,-0.002518,0.034797,-0.000031,-0.005645,-0.037326,-0.000000,-0.001015,1.570059,-0.300000,1.000000,1.100000,0.000000,0.000000,-1.571000,-0.299934,1.002518,1.065203,1.493205
3.132000,-0.000066,-0.002520,0.034797,-0.000031,-0.005645,-0.037326,-0.000000,-0.001015,1.570059,-0.300000,1.000000,1.100000,0.000000,0.000000,-1.571000,-0.299934,1.002520,1.065203,1.493206
3.134000,-0.000066,-0.002522,0.034797,-0.000031,-0.005645,-0.037326,-0.000000,-0.001015,1.570059,-0.300000,1.000000,1.100000,0.000000,0.000000,-1.571000,-0.299934,1.002522,1.065203,1.493207
3.136000,-0.000066,-0.002523,0.034797,-0.000031,-0.005645,-0.037326,-0.000000,-0.001015,1.570059,-0.300000,1.000000,1.100000,0.000000,0.000000,-1.571000,-0.299934,1.002523,1.065203,1.493208
3.138000,-0.000066,-0.002525,0.034797,-0.000031,-0.005645,-0.037326,-0.000000,-0.001015,1.570059,-0.300000,1.000000,1.100000,0.000000,0.000000,-1.571000,-0.299934,1.002525,1.065203,1.493209
3.140000,-0.000067,-0.002527,0.034797,-0.000031,-0.005645,-0.037326,-0.000000,-0.001015,1.570059,-0.300000,1.000000,1.100000,0.000000,0.000000,-1.571000,-0.299933,1.002527,1.065203,1.493210
3.142000,-0.000067,-0.002528,0.034797,-0.000031,-0.005645,-0.037326,-0.000000,-0.001015,1.570059,-0.300000,1.000000,1.100000,0.000000,0.000000,-1.571000,-0.299933,1.002528,1.065203,1.493211
3.144000,-0.000067,-0.002530,0.034797,-0.000031,-0.005645,-0.037326,-0.000000,-0.001015,1.570059,-0.300000,1.000000,1.100000,0.000000,0.000000,-1.571000,-0.299933,1.002530,1.065203,1.493213
3.146000,-0.000067,-0.002532,0.034797,-0.000031,-0.005645,-0.037326,-0.000000,-0.001015,1.570059,-0.300000,1.000000,1.100000,0.000000,0.000000,-1.571000,-0.299933,1.002532,1.065203,1.493214
3.148000,-0.000067,-0.002533,0.034797,-0.000031,-0.005645,-0.037326,-0.000000,-0.001015,1.570059,-0.300000,1.000000,1.100000,0.000000,0.000000,-1.571000,-0.299933,1.002533,1.065203,1.493215
3.150000,-0.000067,-0.002535,0.034797,-0.000031,-0.005645,-0.037326,-0.000000,-0.001015,1.570059,-0.300000,1.000000,1.100000,0.000000,0.000000,-1.571000,-0.299933,1.002535,1.065203,1.493216
3.152000,-0.000067,-0.002537,0.034797,-0.000031,-0.005645,-0.037326,-0.000000,-0.001015,1.570059,-0.300000,1.000000,1.100000,0.000000,0.000000,-1.571000,-0.299933,1.002537,1.065203,1.493217
3.154000,-0.000067,-0.002538,0.034797,-0.000031,-0.005645,-0.037326,-0.000000,-0.001015,1.570059,-0.300000,1.000000,1.100000,0.000000,0.000000,-1.571000,-0.299933,1.002538,1.065203,1.493218
3.156000,-0.000067,-0.002540,0.034797,-0.000031,-0.005645,-0.037326,-0.000000,-0.001015,1.570059,-0.300000,1.000000,1.100000,0.000000,0.000000,-1.571000,-0.299933,1.002540,1.065203,1.493219
3.158000,-0.000067,-0.002542,0.034797,-0.000031,-0.005645,-0.037326,-0.000000,-0.001015,1.570059,-0.300000,1.000000,1.100000,0.000000,0.000000,-1.571000,-0.299933,1.002542,1.065203,1.493220
3.160000,-0.000067,-0.002543,0.034797,-0.000031,-0.005645,-0.037326,-0.000000,-0.001015,1.570059,-0.300000,1.000000,1.100000,0.000000,0.000000,-1.571000,-0.299933,1.002543,1.065203,1.493221
3.162000,-0.000067,-0.002545,0.034797,-0.000031,-0.005645,-0.037326,-0.000000,-0.001015,1.570059,-0.300000,1.000000,1.100000,0.000000,0.000000,-1.571000,-0.299933,1.002545,1.065203,1.493223
3.164000,-0.000067,-0.002547,0.034797,-0.000031,-0.005645,-0.037326,-0.000000,-0.001015,1.570059,-0.300000,1.000000,1.100000,0.000000,0.000000,-1.571000,-0.299933,1.002547,1.065203,1.493224
3.166000,-0.000067,-0.002548,0.034797,-0.000031,-0.005645,-0.037326,-0.000000,-0.001015,1.570059,-0.300000,1.000000,1.100000,0.000000,0.000000,-1.571000,-0.299933,1.002548,1.065203,1.493225
3.168000,-0.000067,-0.002550,0.034797,-0.000031,-0.005645,-0.037326,-0.000000,-0.001015,1.570059,-0.300000,1.000000,1.100000,0.000000,0.000000,-1.571000,-0.299933,1.002550,1.065203,1.493226
3.170000,-0.000067,-0.002552,0.034797,-0.000031,-0.005645,-0.037326,-0.000000,-0.001015,1.570059,-0.300000,1.000000,1.100000,0.000000,0.000000,-1.571000,-0.299933,1.002552,1.065203,1.493227
3.172000,-0.000067,-0.002554,0.034797,-0.000031,-0.005645,-0.037326,-0.000000,-0.001015,1.570059,-0.300000,1.000000,1.100000,0.000000,0.000000,-1.571000,-0.299933,1.002554,1.065203,1.493228
3.174000,-0.000067,-0.002555,0.034797,-0.000031,-0.005645,-0.037326,-0.000000,-0.001015,1.570059,-0.300000,1.000000,1.100000,0.000000,0.000000,-1.571000,-0.299933,1.002555,1.065203,1.493229
3.176000,-0.000067,-0.002557,0.034797,-0.000031,-0.005645,-0.037326,-0.000000,-0.001015,1.570059,-0.300000,1.000000,1.100000,0.000000,0.000000,-1.571000,-0.299933,1.002557,1.065203,1.493230
3.178000,-0.000067,-0.002559,0.034797,-0.000031,-0.005645,-0.037326,-0.000000,-0.001015,1.570060,-0.300000,1.000000,1.100000,0.000000,0.000000,-1.571000,-0.299933,1.002559,1.065203,1.493232
3.180000,-0.000067,-0.002560,0.034797,-0.000031,-0.005645,-0.037326,-0.000000,-0.001015,1.570060,-0.300000,1.000000,1.100000,0.000000,0.000000,-1.571000,-0.299933,1.002560,1.065203,1.493233
3.182000,-0.000067,-0.002562,0.034797,-0.000031,-0.005645,-0.037326,-0.000000,-0.001015,1.570060,-0.300000,1.000000,1.100000,0.000000,0.000000,-1.571000,-0.299933,1.002562,1.065203,1.493234
3.184000,-0.000068,-0.002564,0.034797,-0.000031,-0.005645,-0.037326,-0.000000,-0.001015,1.570060,-0.300000,1.000000,1.100000,0.000000,0.000000,-1.571000,-0.299932,1.002564,1.065203,1.493235
3.186000,-0.000068,-0.002565,0.034797,-0.000031,-0.005645,-0.037326,-0.000000,-0.001015,1.570060,-0.300000,1.000000,1.100000,0.000000,0.000000,-1.571000,-0.299932,1.002565,1.065203,1.493236
3.188000,-0.000068,-0.002567,0.034797,-0.000031,-0.005645,-0.037326,-0.000000,-0.001015,1.570060,-0.300000,1.000000,1.100000,0.000000,0.000000,-1.571000,-0.299932,1.002567,1.065203,1.493237
3.190000,-0.000068,-0.002569,0.034797,-0.000031,-0.005645,-0.037326,-0.000000,-0.001015,1.570060,-0.300000,1.000000,1.100000,0.000000,0.000000,-1.571000,-0.299932,1.002569,1.065203,1.493238
3.192000,-0.000068,-0.002570,0.034797,-0.000031,-0.005645,-0.037326,-0.000000,-0.001015,1.570060,-0.300000,1.000000,1.100000,0.000000,0.000000,-1.571000,-0.299932,1.002570,1.065203,1.493239
3.194000,-0.000068,-0.002572,0.034797,-0.000031,-0.005645,-0.037326,-0.000000,-0.001015,1.570060,-0.300000,1.000000,1.100000,0.000000,0.000000,-1.571000,-0.299932,1.002572,1.065203,1.493240
3.196000,-0.000068,-0.002574,0.034797,-0.000031,-0.005645,-0.037326,-0.000000,-0.001015,1.570060,-0.300000,1.000000,1.100000,0.000000,0.000000,-1.571000,-0.299932,1.002574,1.065203,1.493242
3.198000,-0.000068,-0.002575,0.034797,-0.000031,-0.005645,-0.037326,-0.000000,-0.001015,1.570060,-0.300000,1.000000,1.100000,0.000000,0.000000,-1.571000,-0.299932,1.002575,1.065203,1.493243
3.200000,-0.000068,-0.002577,0.034797,-0.000031,-0.005645,-0.037326,-0.000000,-0.001015,1.570060,-0.300000,1.000000,1.100000,0.000000,0.000000,-1.571000,-0.299932,1.002577,1.065203,1.493244
3.202000,-0.000068,-0.002579,0.034797,-0.000031,-0.005645,-0.037326,-0.000000,-0.001015,1.570060,-0.300000,1.000000,1.100000,0.000000,0.000000,-1.571000,-0.299932,1.002579,1.065203,1.493245
3.204000,-0.000068,-0.002580,0.034797,-0.000031,-0.005645,-0.037326,-0.000000,-0.001015,1.570060,-0.300000,1.000000,1.100000,0.000000,0.000000,-1.571000,-0.299932,1.002580,1.065203,1.493246
3.206000,-0.000068,-0.002582,0.034797,-0.000031,-0.005645,-0.037326,-0.000000,-0.001015,1.570060,-0.300000,1.000000,1.100000,0.000000,0.000000,-1.571000,-0.299932,1.002582,1.065203,1.493247
3.208000,-0.000068,-0.002584,0.034797,-0.000031,-0.005645,-0.037326,-0.000000,-0.001015,1.570060,-0.300000,1.000000,1.100000,0.000000,0.000000,-1.571000,-0.299932,1.002584,1.065203,1.493248
3.210000,-0.000068,-0.002585,0.034797,-0.000031,-0.005645,-0.037326,-0.000000,-0.001015,1.570060,-0.300000,1.000000,1.100000,0.000000,0.000000,-1.571000,-0.299932,1.002585,1.065203,1.493249
3.212000,-0.000068,-0.002587,0.034797,-0.000031,-0.005645,-0.037326,-0.000000,-0.001015,1.570060,-0.300000,1.000000,1.100000,0.000000,0.000000,-1.571000,-0.299932,1.002587,1.065203,1.493250
3.214000,-0.000068,-0.002589,0.034797,-0.000031,-0.005645,-0.037326,-0.000000,-0.001015,1.570060,-0.300000,1.000000,1.100000,0.000000,0.000000,-1.571000,-0.299932,1.002589,1.065203,1.493252
3.216000,-0.000068,-0.002590,0.034797,-0.000031,-0.005645,-0.037326,-0.000000,-0.001015,1.570060,-0.300000,1.000000,1.100000,0.000000,0.000000,-1.571000,-0.299932,1.002590,1.065203,1.493253
3.218000,-0.000068,-0.002592,0.034797,-0.000031,-0.005645,-0.037326,-0.000000,-0.001015,1.570060,-0.300000,1.000000,1.100000,0.000000,0.000000,-1.571000,-0.299932,1.002592,1.065203,1.493254
3.220000,-0.000068,-0.002594,0.034797,-0.000031,-0.005645,-0.037326,-0.000000,-0.001015,1.570060,-0.300000,1.000000,1.100000,0.000000,0.000000,-1.571000,-0.299932,1.002594,1.065203,1.493255
3.222000,-0.000068,-0.002595,0.034797,-0.000031,-0.005645,-0.037326,-0.000000,-0.001015,1.570060,-0.300000,1.000000,1.100000,0.000000,0.000000,-1.571000,-0.299932,1.002595,1.065203,1.493256
3.224000,-0.000068,-0.002597,0.034797,-0.000031,-0.005645,-0.037326,-0.000000,-0.001015,1.570060,-0.300000,1.000000,1.100000,0.000000,0.000000,-1.571000,-0.299932,1.002597,1.065203,1.493257
3.226000,-0.000068,-0.002599,0.034797,-0.000031,-0.005645,-0.037326,-0.000000,-0.001015,1.570060,-0.300000,1.000000,1.100000,0.000000,0.000000,-1.571000,-0.299932,1.002599,1.065203,1.493258
3.228000,-0.000068,-0.002600,0.034797,-0.000031,-0.005645,-0.037326,-0.000000,-0.001015,1.570061,-0.300000,1.000000,1.100000,0.000000,0.000000,-1.571000,-0.299932,1.002600,1.065203,1.493259
3.230000,-0.000069,-0.002602,0.034797,-0.000031,-0.005645,-0.037326,-0.000000,-0.001015,1.570061,-0.300000,1.000000,1.100000,0.000000,0.000000,-1.571000,-0.299931,1.002602,1.065203,1.493261
3.232000,-0.000069,-0.002604,0.034797,-0.000031,-0.005645,-0.037326,-0.000000,-0.001015,1.570061,-0.300000,1.000000,1.100000,0.000000,0.000000,-1.571000,-0.299931,1.002604,1.065203,1.493262
3.234000,-0.000069,-0.002605,0.034797,-0.000031,-0.005645,-0.037326,-0.000000,-0.001015,1.570061,-0.300000,1.000000,1.100000,0.000000,0.000000,-1.571000,-0.299931,1.002605,1.065203,1.493263
3.236000,-0.000069,-0.002607,0.034797,-0.000031,-0.005645,-0.037326,-0.000000,-0.001015,1.570061,-0.300000,1.000000,1.100000,0.000000,0.000000,-1.571000,-0.299931,1.002607,1.065203,1.493264
3.238000,-0.000069,-0.002609,0.034797,-0.000031,-0.005645,-0.037326,-0.000000,-0.001015,1.570061,-0.300000,1.000000,1.100000,0.000000,0.000000,-1.571000,-0.299931,1.002609,1.065203,1.493265
3.240000,-0.000069,-0.002610,0.034797,-0.000031,-0.005645,-0.037326,-0.000000,-0.001015,1.570061,-0.300000,1.000000,1.100000,0.000000,0.000000,-1.571000,-0.299931,1.002610,1.065203,1.493266
3.242000,-0.000069,-0.002612,0.034797,-0.000031,-0.005645,-0.037326,-0.000000,-0.001015,1.570061,-0.300000,1.000000,1.100000,0.000000,0.000000,-1.571000,-0.299931,1.002612,1.065203,1.493267
3.244000,-0.000069,-0.002614,0.034797,-0.000031,-0.005645,-0.037326,-0.000000,-0.001015,1.570061,-0.300000,1.000000,1.100000,0.000000,0.000000,-1.571000,-0.299931,1.002614,1.065203,1.493268
3.246000,-0.000069,-0.002615,0.034797,-0.000031,-0.005645,-0.037326,-0.000000,-0.001015,1.570061,-0.300000,1.000000,1.100000,0.000000,0.000000,-1.571000,-0.299931,1.002615,1.065203,1.493269
3.248000,-0.000069,-0.002617,0.034797,-0.000031,-0.005645,-0.037326,-0.000000,-0.001015,1.570061,-0.300000,1.000000,1.100000,0.000000,0.000000,-1.571000,-0.299931,1.002617,1.065203,1.493271
3.250000,-0.000069,-0.002619,0.034797,-0.000031,-0.005645,-0.037326,-0.000000,-0.001015,1.570061,-0.300000,1.000000,1.100000,0.000000,0.000000,-1.571000,-0.299931,1.002619,1.065203,1.493272
3.252000,-0.000069,-0.002620,0.034797,-0.000031,-0.005645,-0.037326,-0.000000,-0.001015,1.570061,-0.300000,1.000000,1.100000,0.000000,0.000000,-1.571000,-0.299931,1.002620,1.065203,1.493273
3.254000,-0.000069,-0.002622,0.034797,-0.000031,-0.005645,-0.037326,-0.000000,-0.001015,1.570061,-0.300000,1.000000,1.100000,0.000000,0.000000,-1.571000,-0.299931,1.002622,1.065203,1.493274
3.256000,-0.000069,-0.002624,0.034797,-0.000031,-0.005645,-0.037326,-0.000000,-0.001015,1.570061,-0.300000,1.000000,1.100000,0.000000,0.000000,-1.571000,-0.299931,1.002624,1.065203,1.493275
3.258000,-0.000069,-0.002626,0.034797,-0.000031,-0.005645,-0.037326,-0.000000,-0.001015,1.570061,-0.300000,1.000000,1.100000,0.000000,0.000000,-1.571000,-0.299931,1.002626,1.065203,1.493276
3.260000,-0.000069,-0.002627,0.034797,-0.000031,-0.005645,-0.037326,-0.000000,-0.001015,1.570061,-0.300000,1.000000,1.100000,0.000000,0.000000,-1.571000,-0.299931,1.002627,1.065203,1.493277
3.262000,-0.000069,-0.002629,0.034797,-0.000031,-0.005645,-0.037326,-0.000000,-0.001015,1.570061,-0.300000,1.000000,1.100000,0.000000,0.000000,-1.571000,-0.299931,1.002629,1.065203,1.493278
3.264000,-0.000069,-0.002631,0.034797,-0.000031,-0.005645,-0.037326,-0.000000,-0.001015,1.570061,-0.300000,1.000000,1.100000,0.000000,0.000000,-1.571000,-0.299931,1.002631,1.065203,1.493279
3.266000,-0.000069,-0.002632,0.034797,-0.000031,-0.005645,-0.037326,-0.000000,-0.001015,1.570061,-0.300000,1.000000,1.100000,0.000000,0.000000,-1.571000,-0.299931,1.002632,1.065203,1.493281
3.268000,-0.000069,-0.002634,0.034797,-0.000031,-0.005645,-0.037326,-0.000000,-0.001015,1.570061,-0.300000,1.000000,1.100000,0.000000,0.000000,-1.571000,-0.299931,1.002634,1.065203,1.493282
3.270000,-0.000069,-0.002636,0.034797,-0.000031,-0.005645,-0.037326,-0.000000,-0.001015,1.570061,-0.300000,1.000000,1.100000,0.000000,0.000000,-1.571000,-0.299931,1.002636,1.065203,1.493283
3.272000,-0.000069,-0.002637,0.034797,-0.000031,-0.005645,-0.037326,-0.000000,-0.001015,1.570061,-0.300000,1.000000,1.100000,0.000000,0.000000,-1.571000,-0.299931,1.002637,1.065203,1.493284
3.274000,-0.000070,-0.002639,0.034797,-0.000031,-0.005645,-0.037326,-0.000000,-0.001015,1.570061,-0.300000,1.000000,1.100000,0.000000,0.000000,-1.571000,-0.299930,1.002639,1.065203,1.493285
3.276000,-0.000070,-0.002641,0.034797,-0.000031,-0.005645,-0.037326,-0.000000,-0.001015,1.570061,-0.300000,1.000000,1.100000,0.000000,0.000000,-1.571000,-0.299930,1.002641,1.065203,1.493286
3.278000,-0.000070,-0.002642,0.034797,-0.000031,-0.005645,-0.037326,-0.000000,-0.001015,1.570062,-0.300000,1.000000,1.100000,0.000000,0.000000,-1.571000,-0.299930,1.002642,1.065203,1.493287
3.280000,-0.000070,-0.002644,0.034797,-0.000031,-0.005645,-0.037326,-0.000000,-0.001015,1.570062,-0.300000,1.000000,1.100000,0.000000,0.000000,-1.571000,-0.299930,1.002644,1.065203,1.493288
3.282000,-0.000070,-0.002646,0.034797,-0.000031,-0.005645,-0.037326,-0.000000,-0.001015,1.570062,-0.300000,1.000000,1.100000,0.000000,0.000000,-1.571000,-0.299930,1.002646,1.065203,1.493290
3.284000,-0.000070,-0.002647,0.034797,-0.000031,-0.005645,-0.037326,-0.000000,-0.001015,1.570062,-0.300000,1.000000,1.100000,0.000000,0.000000,-1.571000,-0.299930,1.002647,1.065203,1.493291
3.286000,-0.000070,-0.002649,0.034797,-0.000031,-0.005645,-0.037326,-0.000000,-0.001015,1.570062,-0.300000,1.000000,1.100000,0.000000,0.000000,-1.571000,-0.299930,1.002649,1.065203,1.493292
3.288000,-0.000070,-0.002651,0.034797,-0.000031,-0.005645,-0.037326,-0.000000,-0.001015,1.570062,-0.300000,1.000000,1.100000,0.000000,0.000000,-1.571000,-0.299930,1.002651,1.065203,1.493293
3.290000,-0.000070,-0.002652,0.034797,-0.000031,-0.005645,-0.037326,-0.000000,-0.001015,1.570062,-0.300000,1.000000,1.100000,0.000000,0.000000,-1.571000,-0.299930,1.002652,1.065203,1.493294
3.292000,-0.000070,-0.002654,0.034797,-0.000031,-0.005645,-0.037326,-0.000000,-0.001015,1.570062,-0.300000,1.000000,1.100000,0.000000,0.000000,-1.571000,-0.299930,1.002654,1.065203,1.493295
3.294000,-0.000070,-0.002656,0.034797,-0.000031,-0.005645,-0.037326,-0.000000,-0.001015,1.570062,-0.300000,1.000000,1.100000,0.000000,0.000000,-1.571000,-0.299930,1.002656,1.065203,1.493296
3.296000,-0.000070,-0.002657,0.034797,-0.000031,-0.005645,-0.037326,-0.000000,-0.001015,1.570062,-0.300000,1.000000,1.100000,0.000000,0.000000,-1.571000,-0.299930,1.002657,1.065203,1.493297
3.298000,-0.000070,-0.002659,0.034797,-0.000031,-0.005645,-0.037326,-0.000000,-0.001015,1.570062,-0.300000,1.000000,1.100000,0.000000,0.000000,-1.571000,-0.299930,1.002659,1.065203,1.493298
3.300000,-0.000070,-0.002661,0.034797,-0.000031,-0.005645,-0.037326,-0.000000,-0.001015,1.570062,-0.300000,1.000000,1.100000,0.000000,0.000000,-1.571000,-0.299930,1.002661,1.065203,1.493300
3.302000,-0.000070,-0.002662,0.034797,-0.000031,-0.005645,-0.037326,-0.000000,-0.001015,1.570062,-0.300000,1.000000,1.100000,0.000000,0.000000,-1.571000,-0.299930,1.002662,1.065203,1.493301
3.304000,-0.000070,-0.002664,0.034797,-0.000031,-0.005645,-0.037326,-0.000000,-0.001015,1.570062,-0.300000,1.000000,1.100000,0.000000,0.000000,-1.571000,-0.299930,1.002664,1.065203,1.493302
3.306000,-0.000070,-0.002666,0.034797,-0.000031,-0.005645,-0.037326,-0.000000,-0.001015,1.570062,-0.300000,1.000000,1.100000,0.000000,0.000000,-1.571000,-0.299930,1.002666,1.065203,1.493303
3.308000,-0.000070,-0.002667,0.034797,-0.000031,-0.005645,-0.037326,-0.000000,-0.001015,1.570062,-0.300000,1.000000,1.100000,0.000000,0.000000,-1.571000,-0.299930,1.002667,1.065203,1.493304
3.310000,-0.000070,-0.002669,0.034797,-0.000031,-0.005645,-0.037326,-0.000000,-0.001015,1.570062,-0.300000,1.000000,1.100000,0.000000,0.000000,-1.571000,-0.299930,1.002669,1.065203,1.493305
3.312000,-0.000070,-0.002671,0.034797,-0.000031,-0.005645,-0.037326,-0.000000,-0.001015,1.570062,-0.300000,1.000000,1.100000,0.000000,0.000000,-1.571000,-0.299930,1.002671,1.065203,1.493306
3.314000,-0.000070,-0.002672,0.034797,-0.000031,-0.005645,-0.037326,-0.000000,-0.001015,1.570062,-0.300000,1.000000,1.100000,0.000000,0.000000,-1.571000,-0.299930,1.002672,1.065203,1.493307
3.316000,-0.000070,-0.002674,0.034797,-0.000031,-0.005645,-0.037326,-0.000000,-0.001015,1.570062,-0.300000,1.000000,1.100000,0.000000,0.000000,-1.571000,-0.299930,1.002674,1.065203,1.493308
3.318000,-0.000071,-0.002676,0.034797,-0.000031,-0.005645,-0.037326,-0.000000,-0.001015,1.570062,-0.300000,1.000000,1.100000,0.000000,0.000000,-1.571000,-0.299929,1.002676,1.065203,1.493310
3.320000,-0.000071,-0.002677,0.034797,-0.000031,-0.005645,-0.037326,-0.000000,-0.001015,1.570062,-0.300000,1.000000,1.100000,0.000000,0.000000,-1.571000,-0.299929,1.002677,1.065203,1.493311
3.322000,-0.000071,-0.002679,0.034797,-0.000031,-0.005645,-0.037326,-0.000000,-0.001015,1.570062,-0.300000,1.000000,1.100000,0.000000,0.000000,-1.571000,-0.299929,1.002679,1.065203,1.493312
3.324000,-0.000071,-0.002681,0.034797,-0.000031,-0.005645,-0.037326,-0.000000,-0.001015,1.570062,-0.300000,1.000000,1.100000,0.000000,0.000000,-1.571000,-0.299929,1.002681,1.065203,1.493313
3.326000,-0.000071,-0.002682,0.034797,-0.000031,-0.005645,-0.037326,-0.000000,-0.001015,1.570062,-0.300000,1.000000,1.100000,0.000000,0.000000,-1.571000,-0.299929,1.002682,1.065203,1.493314
3.328000,-0.000071,-0.002684,0.034797,-0.000031,-0.005645,-0.037326,-0.000000,-0.001015,1.570062,-0.300000,1.000000,1.100000,0.000000,0.000000,-1.571000,-0.299929,1.002684,1.065203,1.493315
3.330000,-0.000071,-0.002686,0.034797,-0.000031,-0.005645,-0.037326,-0.000000,-0.001015,1.570063,-0.300000,1.000000,1.100000,0.000000,0.000000,-1.571000,-0.299929,1.002686,1.065203,1.493316
3.332000,-0.000071,-0.002687,0.034797,-0.000031,-0.005645,-0.037326,-0.000000,-0.001015,1.570063,-0.300000,1.000000,1.100000,0.000000,0.000000,-1.571000,-0.299929,1.002687,1.065203,1.493317
3.334000,-0.000071,-0.002689,0.034797,-0.000031,-0.005645,-0.037326,-0.000000,-0.001015,1.570063,-0.300000,1.000000,1.100000,0.000000,0.000000,-1.571000,-0.299929,1.002689,1.065203,1.493319
3.336000,-0.000071,-0.002691,0.034797,-0.000031,-0.005645,-0.037326,-0.000000,-0.001015,1.570063,-0.300000,1.000000,1.100000,0.000000,0.000000,-1.571000,-0.299929,1.002691,1.065203,1.493320
3.338000,-0.000071,-0.002693,0.034797,-0.000031,-0.005645,-0.037326,-0.000000,-0.001015,1.570063,-0.300000,1.000000,1.100000,0.000000,0.000000,-1.571000,-0.299929,1.002693,1.065203,1.493321
3.340000,-0.000071,-0.002694,0.034797,-0.000031,-0.005645,-0.037326,-0.000000,-0.001015,1.570063,-0.300000,1.000000,1.100000,0.000000,0.000000,-1.571000,-0.299929,1.002694,1.065203,1.493322
3.342000,-0.000071,-0.002696,0.034797,-0.000031,-0.005645,-0.037326,-0.000000,-0.001015,1.570063,-0.300000,1.000000,1.100000,0.000000,0.000000,-1.571000,-0.299929,1.002696,1.065203,1.493323
3.344000,-0.000071,-0.002698,0.034797,-0.000031,-0.005645,-0.037326,-0.000000,-0.001015,1.570063,-0.300000,1.000000,1.100000,0.000000,0.000000,-1.571000,-0.299929,1.002698,1.065203,1.493324
3.346000,-0.000071,-0.002699,0.034797,-0.000031,-0.005645,-0.037326,-0.000000,-0.001015,1.570063,-0.300000,1.000000,1.100000,0.000000,0.000000,-1.571000,-0.299929,1.002699,1.065203,1.493325
3.348000,-0.000071,-0.002701,0.034797,-0.000031,-0.005645,-0.037326,-0.000000,-0.001015,1.570063,-0.300000,1.000000,1.100000,0.000000,0.000000,-1.571000,-0.299929,1.002701,1.065203,1.493326
3.350000,-0.000071,-0.002703,0.034797,-0.000031,-0.005645,-0.037326,-0.000000,-0.001015,1.570063,-0.300000,1.000000,1.100000,0.000000,0.000000,-1.571000,-0.299929,1.002703,1.065203,1.493327
3.352000,-0.000071,-0.002704,0.034797,-0.000031,-0.005645,-0.037326,-0.000000,-0.001015,1.570063,-0.300000,1.000000,1.100000,0.000000,0.000000,-1.571000,-0.299929,1.002704,1.065203,1.493329
3.354000,-0.000071,-0.002706,0.034797,-0.000031,-0.005645,-0.037326,-0.000000,-0.001015,1.570063,-0.300000,1.000000,1.100000,0.000000,0.000000,-1.571000,-0.299929,1.002706,1.065203,1.493330
3.356000,-0.000071,-0.002708,0.034797,-0.000031,-0.005645,-0.037326,-0.000000,-0.001015,1.570063,-0.300000,1.000000,1.100000,0.000000,0.000000,-1.571000,-0.299929,1.002708,1.065203,1.493331
3.358000,-0.000071,-0.002709,0.034797,-0.000031,-0.005645,-0.037326,-0.000000,-0.001015,1.570063,-0.300000,1.000000,1.100000,0.000000,0.000000,-1.571000,-0.299929,1.002709,1.065203,1.493332
3.360000,-0.000071,-0.002711,0.034797,-0.000031,-0.005645,-0.037326,-0.000000,-0.001015,1.570063,-0.300000,1.000000,1.100000,0.000000,0.000000,-1.571000,-0.299929,1.002711,1.065203,1.493333
3.362000,-0.000071,-0.002713,0.034797,-0.000031,-0.005645,-0.037326,-0.000000,-0.001015,1.570063,-0.300000,1.000000,1.100000,0.000000,0.000000,-1.571000,-0.299929,1.002713,1.065203,1.493334
3.364000,-0.000072,-0.002714,0.034797,-0.000031,-0.005645,-0.037326,-0.000000,-0.001015,1.570063,-0.300000,1.000000,1.100000,0.000000,0.000000,-1.571000,-0.299928,1.002714,1.065203,1.493335
3.366000,-0.000072,-0.002716,0.034797,-0.000031,-0.005645,-0.037326,-0.000000,-0.001015,1.570063,-0.300000,1.000000,1.100000,0.000000,0.000000,-1.571000,-0.299928,1.002716,1.065203,1.493336
3.368000,-0.000072,-0.002718,0.034797,-0.000031,-0.005645,-0.037326,-0.000000,-0.001015,1.570063,-0.300000,1.000000,1.100000,0.000000,0.000000,-1.571000,-0.299928,1.002718,1.065203,1.493337
3.370000,-0.000072,-0.002719,0.034797,-0.000031,-0.005645,-0.037326,-0.000000,-0.001015,1.570063,-0.300000,1.000000,1.100000,0.000000,0.000000,-1.571000,-0.299928,1.002719,1.065203,1.493339
3.372000,-0.000072,-0.002721,0.034797,-0.000031,-0.005645,-0.037326,-0.000000,-0.001015,1.570063,-0.300000,1.000000,1.100000,0.000000,0.000000,-1.571000,-0.299928,1.002721,1.065203,1.493340
3.374000,-0.000072,-0.002723,0.034797,-0.000031,-0.005645,-0.037326,-0.000000,-0.001015,1.570063,-0.300000,1.000000,1.100000,0.000000,0.000000,-1.571000,-0.299928,1.002723,1.065203,1.493341
3.376000,-0.000072,-0.002724,0.034797,-0.000031,-0.005645,-0.037326,-0.000000,-0.001015,1.570063,-0.300000,1.000000,1.100000,0.000000,0.000000,-1.571000,-0.299928,1.002724,1.065203,1.493342
3.378000,-0.000072,-0.002726,0.034797,-0.000031,-0.005645,-0.037326,-0.000000,-0.001015,1.570063,-0.300000,1.000000,1.100000,0.000000,0.000000,-1.571000,-0.299928,1.002726,1.065203,1.493343
3.380000,-0.000072,-0.002728,0.034797,-0.000031,-0.005645,-0.037326,-0.000000,-0.001015,1.570064,-0.300000,1.000000,1.100000,0.000000,0.000000,-1.571000,-0.299928,1.002728,1.065203,1.493344
3.382000,-0.000072,-0.002729,0.034797,-0.000031,-0.005645,-0.037326,-0.000000,-0.001015,1.570064,-0.300000,1.000000,1.100000,0.000000,0.000000,-1.571000,-0.299928,1.002729,1.065203,1.493345
3.384000,-0.000072,-0.002731,0.034797,-0.000031,-0.005645,-0.037326,-0.000000,-0.001015,1.570064,-0.300000,1.000000,1.100000,0.000000,0.000000,-1.571000,-0.299928,1.002731,1.065203,1.493346
3.386000,-0.000072,-0.002733,0.034797,-0.000031,-0.005645,-0.037326,-0.000000,-0.001015,1.570064,-0.300000,1.000000,1.100000,0.000000,0.000000,-1.571000,-0.299928,1.002733,1.065203,1.493348
3.388000,-0.000072,-0.002734,0.034797,-0.000031,-0.005645,-0.037326,-0.000000,-0.001015,1.570064,-0.300000,1.000000,1.100000,0.000000,0.000000,-1.571000,-0.299928,1.002734,1.065203,1.493349
3.390000,-0.000072,-0.002736,0.034797,-0.000031,-0.005645,-0.037326,-0.000000,-0.001015,1.570064,-0.300000,1.000000,1.100000,0.000000,0.000000,-1.571000,-0.299928,1.002736,1.065203,1.493350
3.392000,-0.000072,-0.002738,0.034797,-0.000031,-0.005645,-0.037326,-0.000000,-0.001015,1.570064,-0.300000,1.000000,1.100000,0.000000,0.000000,-1.571000,-0.299928,1.002738,1.065203,1.493351
3.394000,-0.000072,-0.002739,0.034797,-0.000031,-0.005645,-0.037326,-0.000000,-0.001015,1.570064,-0.300000,1.000000,1.100000,0.000000,0.000000,-1.571000,-0.299928,1.002739,1.065203,1.493352
3.396000,-0.000072,-0.002741,0.034797,-0.000031,-0.005645,-0.037326,-0.000000,-0.001015,1.570064,-0.300000,1.000000,1.100000,0.000000,0.000000,-1.571000,-0.299928,1.002741,1.065203,1.493353
3.398000,-0.000072,-0.002743,0.034797,-0.000031,-0.005645,-0.037326,-0.000000,-0.001015,1.570064,-0.300000,1.000000,1.100000,0.000000,0.000000,-1.571000,-0.299928,1.002743,1.065203,1.493354
3.400000,-0.000072,-0.002744,0.034797,-0.000031,-0.005645,-0.037326,-0.000000,-0.001015,1.570064,-0.300000,1.000000,1.100000,0.000000,0.000000,-1.571000,-0.299928,1.002744,1.065203,1.493355
3.402000,-0.000072,-0.002746,0.034797,-0.000031,-0.005645,-0.037326,-0.000000,-0.001015,1.570064,-0.300000,1.000000,1.100000,0.000000,0.000000,-1.571000,-0.299928,1.002746,1.065203,1.493356
3.404000,-0.000072,-0.002748,0.034797,-0.000031,-0.005645,-0.037326,-0.000000,-0.001015,1.570064,-0.300000,1.000000,1.100000,0.000000,0.000000,-1.571000,-0.299928,1.002748,1.065203,1.493358
3.406000,-0.000072,-0.002749,0.034797,-0.000031,-0.005645,-0.037326,-0.000000,-0.001015,1.570064,-0.300000,1.000000,1.100000,0.000000,0.000000,-1.571000,-0.299928,1.002749,1.065203,1.493359
3.408000,-0.000073,-0.002751,0.034797,-0.000031,-0.005645,-0.037326,-0.000000,-0.001015,1.570064,-0.300000,1.000000,1.100000,0.000000,0.000000,-1.571000,-0.299927,1.002751,1.065203,1.493360
3.410000,-0.000073,-0.002753,0.034797,-0.000031,-0.005645,-0.037326,-0.000000,-0.001015,1.570064,-0.300000,1.000000,1.100000,0.000000,0.000000,-1.571000,-0.299927,1.002753,1.065203,1.493361
3.412000,-0.000073,-0.002754,0.034797,-0.000031,-0.005645,-0.037326,-0.000000,-0.001015,1.570064,-0.300000,1.000000,1.100000,0.000000,0.000000,-1.571000,-0.299927,1.002754,1.065203,1.493362
3.414000,-0.000073,-0.002756,0.034797,-0.000031,-0.005645,-0.037326,-0.000000,-0.001015,1.570064,-0.300000,1.000000,1.100000,0.000000,0.000000,-1.571000,-0.299927,1.002756,1.065203,1.493363
3.416000,-0.000073,-0.002758,0.034797,-0.000031,-0.005645,-0.037326,-0.000000,-0.001015,1.570064,-0.300000,1.000000,1.100000,0.000000,0.000000,-1.571000,-0.299927,1.002758,1.065203,1.493364
3.418000,-0.000073,-0.002759,0.034797,-0.000031,-0.005645,-0.037326,-0.000000,-0.001015,1.570064,-0.300000,1.000000,1.100000,0.000000,0.000000,-1.571000,-0.299927,1.002759,1.065203,1.493365
3.420000,-0.000073,-0.002761,0.034797,-0.000031,-0.005645,-0.037326,-0.000000,-0.001015,1.570064,-0.300000,1.000000,1.100000,0.000000,0.000000,-1.571000,-0.299927,1.002761,1.065203,1.493366
3.422000,-0.000073,-0.002763,0.034797,-0.000031,-0.005645,-0.037326,-0.000000,-0.001015,1.570064,-0.300000,1.000000,1.100000,0.000000,0.000000,-1.571000,-0.299927,1.002763,1.065203,1.493368
3.424000,-0.000073,-0.002765,0.034797,-0.000031,-0.005645,-0.037326,-0.000000,-0.001015,1.570064,-0.300000,1.000000,1.100000,0.000000,0.000000,-1.571000,-0.299927,1.002765,1.065203,1.493369
3.426000,-0.000073,-0.002766,0.034797,-0.000031,-0.005645,-0.037326,-0.000000,-0.001015,1.570064,-0.300000,1.000000,1.100000,0.000000,0.000000,-1.571000,-0.299927,1.002766,1.065203,1.493370
3.428000,-0.000073,-0.002768,0.034797,-0.000031,-0.005645,-0.037326,-0.000000,-0.001015,1.570064,-0.300000,1.000000,1.100000,0.000000,0.000000,-1.571000,-0.299927,1.002768,1.065203,1.493371
3.430000,-0.000073,-0.002770,0.034797,-0.000031,-0.005645,-0.037326,-0.000000,-0.001015,1.570065,-0.300000,1.000000,1.100000,0.000000,0.000000,-1.571000,-0.299927,1.002770,1.065203,1.493372
3.432000,-0.000073,-0.002771,0.034797,-0.000031,-0.005645,-0.037326,-0.000000,-0.001015,1.570065,-0.300000,1.000000,1.100000,0.000000,0.000000,-1.571000,-0.299927,1.002771,1.065203,1.493373
3.434000,-0.000073,-0.002773,0.034797,-0.000031,-0.005645,-0.037326,-0.000000,-0.001015,1.570065,-0.300000,1.000000,1.100000,0.000000,0.000000,-1.571000,-0.299927,1.002773,1.065203,1.493374
3.436000,-0.000073,-0.002775,0.034797,-0.000031,-0.005645,-0.037326,-0.000000,-0.001015,1.570065,-0.300000,1.000000,1.100000,0.000000,0.000000,-1.571000,-0.299927,1.002775,1.065203,1.493375
3.438000,-0.000073,-0.002776,0.034797,-0.000031,-0.005645,-0.037326,-0.000000,-0.001015,1.570065,-0.300000,1.000000,1.100000,0.000000,0.000000,-1.571000,-0.299927,1.002776,1.065203,1.493377
3.440000,-0.000073,-0.002778,0.034797,-0.000031,-0.005645,-0.037326,-0.000000,-0.001015,1.570065,-0.300000,1.000000,1.100000,0.000000,0.000000,-1.571000,-0.299927,1.002778,1.065203,1.493378
3.442000,-0.000073,-0.002780,0.034797,-0.000031,-0.005645,-0.037326,-0.000000,-0.001015,1.570065,-0.300000,1.000000,1.100000,0.000000,0.000000,-1.571000,-0.299927,1.002780,1.065203,1.493379
3.444000,-0.000073,-0.002781,0.034797,-0.000031,-0.005645,-0.037326,-0.000000,-0.001015,1.570065,-0.300000,1.000000,1.100000,0.000000,0.000000,-1.571000,-0.299927,1.002781,1.065203,1.493380
3.446000,-0.000073,-0.002783,0.034797,-0.000031,-0.005645,-0.037326,-0.000000,-0.001015,1.570065,-0.300000,1.000000,1.100000,0.000000,0.000000,-1.571000,-0.299927,1.002783,1.065203,1.493381
3.448000,-0.000073,-0.002785,0.034797,-0.000031,-0.005645,-0.037326,-0.000000,-0.001015,1.570065,-0.300000,1.000000,1.100000,0.000000,0.000000,-1.571000,-0.299927,1.002785,1.065203,1.493382
3.450000,-0.000073,-0.002786,0.034797,-0.000031,-0.005645,-0.037326,-0.000000,-0.001015,1.570065,-0.300000,1.000000,1.100000,0.000000,0.000000,-1.571000,-0.299927,1.002786,1.065203,1.493383
3.452000,-0.000074,-0.002788,0.034797,-0.000031,-0.005645,-0.037326,-0.000000,-0.001015,1.570065,-0.300000,1.000000,1.100000,0.000000,0.000000,-1.571000,-0.299926,1.002788,1.065203,1.493384
3.454000,-0.000074,-0.002790,0.034797,-0.000031,-0.005645,-0.037326,-0.000000,-0.001015,1.570065,-0.300000,1.000000,1.100000,0.000000,0.000000,-1.571000,-0.299926,1.002790,1.065203,1.493385
3.456000,-0.000074,-0.002791,0.034797,-0.000031,-0.005645,-0.037326,-0.000000,-0.001015,1.570065,-0.300000,1.000000,1.100000,0.000000,0.000000,-1.571000,-0.299926,1.002791,1.065203,1.493387
3.458000,-0.000074,-0.002793,0.034797,-0.000031,-0.005645,-0.037326,-0.000000,-0.001015,1.570065,-0.300000,1.000000,1.100000,0.000000,0.000000,-1.571000,-0.299926,1.002793,1.065203,1.493388
3.460000,-0.000074,-0.002795,0.034797,-0.000031,-0.005645,-0.037326,-0.000000,-0.001015,1.570065,-0.300000,1.000000,1.100000,0.000000,0.000000,-1.571000,-0.299926,1.002795,1.065203,1.493389
3.462000,-0.000074,-0.002796,0.034797,-0.000031,-0.005645,-0.037326,-0.000000,-0.001015,1.570065,-0.300000,1.000000,1.100000,0.000000,0.000000,-1.571000,-0.299926,1.002796,1.065203,1.493390
3.464000,-0.000074,-0.002798,0.034797,-0.000031,-0.005645,-0.037326,-0.000000,-0.001015,1.570065,-0.300000,1.000000,1.100000,0.000000,0.000000,-1.571000,-0.299926,1.002798,1.065203,1.493391
3.466000,-0.000074,-0.002800,0.034797,-0.000031,-0.005645,-0.037326,-0.000000,-0.001015,1.570065,-0.300000,1.000000,1.100000,0.000000,0.000000,-1.571000,-0.299926,1.002800,1.065203,1.493392
3.468000,-0.000074,-0.002801,0.034797,-0.000031,-0.005645,-0.037326,-0.000000,-0.001015,1.570065,-0.300000,1.000000,1.100000,0.000000,0.000000,-1.571000,-0.299926,1.002801,1.065203,1.493393
3.470000,-0.000074,-0.002803,0.034797,-0.000031,-0.005645,-0.037326,-0.000000,-0.001015,1.570065,-0.300000,1.000000,1.100000,0.000000,0.000000,-1.571000,-0.299926,1.002803,1.065203,1.493394
3.472000,-0.000074,-0.002805,0.034797,-0.000031,-0.005645,-0.037326,-0.000000,-0.001015,1.570065,-0.300000,1.000000,1.100000,0.000000,0.000000,-1.571000,-0.299926,1.002805,1.065203,1.493396
3.474000,-0.000074,-0.002806,0.034797,-0.000031,-0.005645,-0.037326,-0.000000,-0.001015,1.570065,-0.300000,1.000000,1.100000,0.000000,0.000000,-1.571000,-0.299926,1.002806,1.065203,1.493397
3.476000,-0.000074,-0.002808,0.034797,-0.000031,-0.005645,-0.037326,-0.000000,-0.001015,1.570065,-0.300000,1.000000,1.100000,0.000000,0.000000,-1.571000,-0.299926,1.002808,1.065203,1.493398
3.478000,-0.000074,-0.002810,0.034797,-0.000031,-0.005645,-0.037326,-0.000000,-0.001015,1.570065,-0.300000,1.000000,1.100000,0.000000,0.000000,-1.571000,-0.299926,1.002810,1.065203,1.493399
3.480000,-0.000074,-0.002811,0.034797,-0.000031,-0.005645,-0.037326,-0.000000,-0.001015,1.570065,-0.300000,1.000000,1.100000,0.000000,0.000000,-1.571000,-0.299926,1.002811,1.065203,1.493400
3.482000,-0.000074,-0.002813,0.034797,-0.000031,-0.005645,-0.037326,-0.000000,-0.001015,1.570066,-0.300000,1.000000,1.100000,0.000000,0.000000,-1.571000,-0.299926,1.002813,1.065203,1.493401
3.484000,-0.000074,-0.002815,0.034797,-0.000031,-0.005645,-0.037326,-0.000000,-0.001015,1.570066,-0.300000,1.000000,1.100000,0.000000,0.000000,-1.571000,-0.299926,1.002815,1.065203,1.493402
3.486000,-0.000074,-0.002816,0.034797,-0.000031,-0.005645,-0.037326,-0.000000,-0.001015,1.570066,-0.300000,1.000000,1.100000,0.000000,0.000000,-1.571000,-0.299926,1.002816,1.065203,1.493403
3.488000,-0.000074,-0.002818,0.034797,-0.000031,-0.005645,-0.037326,-0.000000,-0.001015,1.570066,-0.300000,1.000000,1.100000,0.000000,0.000000,-1.571000,-0.299926,1.002818,1.065203,1.493404
3.490000,-0.000074,-0.002820,0.034797,-0.000031,-0.005645,-0.037326,-0.000000,-0.001015,1.570066,-0.300000,1.000000,1.100000,0.000000,0.000000,-1.571000,-0.299926,1.002820,1.065203,1.493406
3.492000,-0.000074,-0.002821,0.034797,-0.000031,-0.005645,-0.037326,-0.000000,-0.001015,1.570066,-0.300000,1.000000,1.100000,0.000000,0.000000,-1.571000,-0.299926,1.002821,1.065203,1.493407
3.494000,-0.000074,-0.002823,0.034797,-0.000031,-0.005645,-0.037326,-0.000000,-0.001015,1.570066,-0.300000,1.000000,1.100000,0.000000,0.000000,-1.571000,-0.299926,1.002823,1.065203,1.493408
3.496000,-0.000074,-0.002825,0.034797,-0.000031,-0.005645,-0.037326,-0.000000,-0.001015,1.570066,-0.300000,1.000000,1.100000,0.000000,0.000000,-1.571000,-0.299926,1.002825,1.065203,1.493409
3.498000,-0.000075,-0.002826,0.034797,-0.000031,-0.005645,-0.037326,-0.000000,-0.001015,1.570066,-0.300000,1.000000,1.100000,0.000000,0.000000,-1.571000,-0.299925,1.002826,1.065203,1.493410
3.500000,-0.000075,-0.002828,0.034797,-0.000031,-0.005645,-0.037326,-0.000000,-0.001015,1.570066,-0.300000,1.000000,1.100000,0.000000,0.000000,-1.571000,-0.299925,1.002828,1.065203,1.493411
3.502000,-0.000075,-0.002830,0.034797,-0.000031,-0.005645,-0.037326,-0.000000,-0.001015,1.570066,-0.300000,1.000000,1.100000,0.000000,0.000000,-1.571000,-0.299925,1.002830,1.065203,1.493412
3.504000,-0.000075,-0.002832,0.034797,-0.000031,-0.005645,-0.037326,-0.000000,-0.001015,1.570066,-0.300000,1.000000,1.100000,0.000000,0.000000,-1.571000,-0.299925,1.002832,1.065203,1.493413
3.506000,-0.000075,-0.002833,0.034797,-0.000031,-0.005645,-0.037326,-0.000000,-0.001015,1.570066,-0.300000,1.000000,1.100000,0.000000,0.000000,-1.571000,-0.299925,1.002833,1.065203,1.493414
3.508000,-0.000075,-0.002835,0.034797,-0.000031,-0.005645,-0.037326,-0.000000,-0.001015,1.570066,-0.300000,1.000000,1.100000,0.000000,0.000000,-1.571000,-0.299925,1.002835,1.065203,1.493416
3.510000,-0.000075,-0.002837,0.034797,-0.000031,-0.005645,-0.037326,-0.000000,-0.001015,1.570066,-0.300000,1.000000,1.100000,0.000000,0.000000,-1.571000,-0.299925,1.002837,1.065203,1.493417
3.512000,-0.000075,-0.002838,0.034797,-0.000031,-0.005645,-0.037326,-0.000000,-0.001015,1.570066,-0.300000,1.000000,1.100000,0.000000,0.000000,-1.571000,-0.299925,1.002838,1.065203,1.493418
3.514000,-0.000075,-0.002840,0.034797,-0.000031,-0.005645,-0.037326,-0.000000,-0.001015,1.570066,-0.300000,1.000000,1.100000,0.000000,0.000000,-1.571000,-0.299925,1.002840,1.065203,1.493419
3.516000,-0.000075,-0.002842,0.034797,-0.000031,-0.005645,-0.037326,-0.000000,-0.001015,1.570066,-0.300000,1.000000,1.100000,0.000000,0.000000,-1.571000,-0.299925,1.002842,1.065203,1.493420
3.518000,-0.000075,-0.002843,0.034797,-0.000031,-0.005645,-0.037326,-0.000000,-0.001015,1.570066,-0.300000,1.000000,1.100000,0.000000,0.000000,-1.571000,-0.299925,1.002843,1.065203,1.493421
3.520000,-0.000075,-0.002845,0.034797,-0.000031,-0.005645,-0.037326,-0.000000,-0.001015,1.570066,-0.300000,1.000000,1.100000,0.000000,0.000000,-1.571000,-0.299925,1.002845,1.065203,1.493422
3.522000,-0.000075,-0.002847,0.034797,-0.000031,-0.005645,-0.037326,-0.000000,-0.001015,1.570066,-0.300000,1.000000,1.100000,0.000000,0.000000,-1.571000,-0.299925,1.002847,1.065203,1.493423
3.524000,-0.000075,-0.002848,0.034797,-0.000031,-0.005645,-0.037326,-0.000000,-0.001015,1.570066,-0.300000,1.000000,1.100000,0.000000,0.000000,-1.571000,-0.299925,1.002848,1.065203,1.493425
3.526000,-0.000075,-0.002850,0.034797,-0.000031,-0.005645,-0.037326,-0.000000,-0.001015,1.570066,-0.300000,1.000000,1.100000,0.000000,0.000000,-1.571000,-0.299925,1.002850,1.065203,1.493426
3.528000,-0.000075,-0.002852,0.034797,-0.000031,-0.005645,-0.037326,-0.000000,-0.001015,1.570066,-0.300000,1.000000,1.100000,0.000000,0.000000,-1.571000,-0.299925,1.002852,1.065203,1.493427
3.530000,-0.000075,-0.002853,0.034797,-0.000031,-0.005645,-0.037326,-0.000000,-0.001015,1.570066,-0.300000,1.000000,1.100000,0.000000,0.000000,-1.571000,-0.299925,1.002853,1.065203,1.493428
3.532000,-0.000075,-0.002855,0.034797,-0.000031,-0.005645,-0.037326,-0.000000,-0.001015,1.570067,-0.300000,1.000000,1.100000,0.000000,0.000000,-1.571000,-0.299925,1.002855,1.065203,1.493429
3.534000,-0.000075,-0.002857,0.034797,-0.000031,-0.005645,-0.037326,-0.000000,-0.001015,1.570067,-0.300000,1.000000,1.100000,0.000000,0.000000,-1.571000,-0.299925,1.002857,1.065203,1.493430
3.536000,-0.000075,-0.002858,0.034797,-0.000031,-0.005645,-0.037326,-0.000000,-0.001015,1.570067,-0.300000,1.000000,1.100000,0.000000,0.000000,-1.571000,-0.299925,1.002858,1.065203,1.493431
3.538000,-0.000075,-0.002860,0.034797,-0.000031,-0.005645,-0.037326,-0.000000,-0.001015,1.570067,-0.300000,1.000000,1.100000,0.000000,0.000000,-1.571000,-0.299925,1.002860,1.065203,1.493432
3.540000,-0.000075,-0.002862,0.034797,-0.000031,-0.005645,-0.037326,-0.000000,-0.001015,1.570067,-0.300000,1.000000,1.100000,0.000000,0.000000,-1.571000,-0.299925,1.002862,1.065203,1.493433
3.542000,-0.000076,-0.002863,0.034797,-0.000031,-0.005645,-0.037326,-0.000000,-0.001015,1.570067,-0.300000,1.000000,1.100000,0.000000,0.000000,-1.571000,-0.299924,1.002863,1.065203,1.493435
3.544000,-0.000076,-0.002865,0.034797,-0.000031,-0.005645,-0.037326,-0.000000,-0.001015,1.570067,-0.300000,1.000000,1.100000,0.000000,0.000000,-1.571000,-0.299924,1.002865,1.065203,1.493436
3.546000,-0.000076,-0.002867,0.034797,-0.000031,-0.005645,-0.037326,-0.000000,-0.001015,1.570067,-0.300000,1.000000,1.100000,0.000000,0.000000,-1.571000,-0.299924,1.002867,1.065203,1.493437
3.548000,-0.000076,-0.002868,0.034797,-0.000031,-0.005645,-0.037326,-0.000000,-0.001015,1.570067,-0.300000,1.000000,1.100000,0.000000,0.000000,-1.571000,-0.299924,1.002868,1.065203,1.493438
3.550000,-0.000076,-0.002870,0.034797,-0.000031,-0.005645,-0.037326,-0.000000,-0.001015,1.570067,-0.300000,1.000000,1.100000,0.000000,0.000000,-1.571000,-0.299924,1.002870,1.065203,1.493439
3.552000,-0.000076,-0.002872,0.034797,-0.000031,-0.005645,-0.037326,-0.000000,-0.001015,1.570067,-0.300000,1.000000,1.100000,0.000000,0.000000,-1.571000,-0.299924,1.002872,1.065203,1.493440
3.554000,-0.000076,-0.002873,0.034797,-0.000031,-0.005645,-0.037326,-0.000000,-0.001015,1.570067,-0.300000,1.000000,1.100000,0.000000,0.000000,-1.571000,-0.299924,1.002873,1.065203,1.493441
3.556000,-0.000076,-0.002875,0.034797,-0.000031,-0.005645,-0.037326,-0.000000,-0.001015,1.570067,-0.300000,1.000000,1.100000,0.000000,0.000000,-1.571000,-0.299924,1.002875,1.065203,1.493442
3.558000,-0.000076,-0.002877,0.034797,-0.000031,-0.005645,-0.037326,-0.000000,-0.001015,1.570067,-0.300000,1.000000,1.100000,0.000000,0.000000,-1.571000,-0.299924,1.002877,1.065203,1.493443
3.560000,-0.000076,-0.002878,0.034797,-0.000031,-0.005645,-0.037326,-0.000000,-0.001015,1.570067,-0.300000,1.000000,1.100000,0.000000,0.000000,-1.571000,-0.299924,1.002878,1.065203,1.493445
3.562000,-0.000076,-0.002880,0.034797,-0.000031,-0.005645,-0.037326,-0.000000,-0.001015,1.570067,-0.300000,1.000000,1.100000,0.000000,0.000000,-1.571000,-0.299924,1.002880,1.065203,1.493446
3.564000,-0.000076,-0.002882,0.034797,-0.000031,-0.005645,-0.037326,-0.000000,-0.001015,1.570067,-0.300000,1.000000,1.100000,0.000000,0.000000,-1.571000,-0.299924,1.002882,1.065203,1.493447
3.566000,-0.000076,-0.002883,0.034797,-0.000031,-0.005645,-0.037326,-0.000000,-0.001015,1.570067,-0.300000,1.000000,1.100000,0.000000,0.000000,-1.571000,-0.299924,1.002883,1.065203,1.493448
3.568000,-0.000076,-0.002885,0.034797,-0.000031,-0.005645,-0.037326,-0.000000,-0.001015,1.570067,-0.300000,1.000000,1.100000,0.000000,0.000000,-1.571000,-0.299924,1.002885,1.065203,1.493449
3.570000,-0.000076,-0.002887,0.034797,-0.000031,-0.005645,-0.037326,-0.000000,-0.001015,1.570067,-0.300000,1.000000,1.100000,0.000000,0.000000,-1.571000,-0.299924,1.002887,1.065203,1.493450
3.572000,-0.000076,-0.002888,0.034797,-0.000031,-0.005645,-0.037326,-0.000000,-0.001015,1.570067,-0.300000,1.000000,1.100000,0.000000,0.000000,-1.571000,-0.299924,1.002888,1.065203,1.493451
3.574000,-0.000076,-0.002890,0.034797,-0.000031,-0.005645,-0.037326,-0.000000,-0.001015,1.570067,-0.300000,1.000000,1.100000,0.000000,0.000000,-1.571000,-0.299924,1.002890,1.065203,1.493452
3.576000,-0.000076,-0.002892,0.034797,-0.000031,-0.005645,-0.037326,-0.000000,-0.001015,1.570067,-0.300000,1.000000,1.100000,0.000000,0.000000,-1.571000,-0.299924,1.002892,1.065203,1.493454
3.578000,-0.000076,-0.002893,0.034797,-0.000031,-0.005645,-0.037326,-0.000000,-0.001015,1.570067,-0.300000,1.000000,1.100000,0.000000,0.000000,-1.571000,-0.299924,1.002893,1.065203,1.493455
3.580000,-0.000076,-0.002895,0.034797,-0.000031,-0.005645,-0.037326,-0.000000,-0.001015,1.570067,-0.300000,1.000000,1.100000,0.000000,0.000000,-1.571000,-0.299924,1.002895,1.065203,1.493456
3.582000,-0.000076,-0.002897,0.034797,-0.000031,-0.005645,-0.037326,-0.000000,-0.001015,1.570068,-0.300000,1.000000,1.100000,0.000000,0.000000,-1.571000,-0.299924,1.002897,1.065203,1.493457
3.584000,-0.000076,-0.002898,0.034797,-0.000031,-0.005645,-0.037326,-0.000000,-0.001015,1.570068,-0.300000,1.000000,1.100000,0.000000,0.000000,-1.571000,-0.299924,1.002898,1.065203,1.493458
3.586000,-0.000077,-0.002900,0.034797,-0.000031,-0.005645,-0.037326,-0.000000,-0.001015,1.570068,-0.300000,1.000000,1.100000,0.000000,0.000000,-1.571000,-0.299923,1.002900,1.065203,1.493459
3.588000,-0.000077,-0.002902,0.034797,-0.000031,-0.005645,-0.037326,-0.000000,-0.001015,1.570068,-0.300000,1.000000,1.100000,0.000000,0.000000,-1.571000,-0.299923,1.002902,1.065203,1.493460
3.590000,-0.000077,-0.002904,0.034797,-0.000031,-0.005645,-0.037326,-0.000000,-0.001015,1.570068,-0.300000,1.000000,1.100000,0.000000,0.000000,-1.571000,-0.299923,1.002904,1.065203,1.493461
3.592000,-0.000077,-0.002905,0.034797,-0.000031,-0.005645,-0.037326,-0.000000,-0.001015,1.570068,-0.300000,1.000000,1.100000,0.000000,0.000000,-1.571000,-0.299923,1.002905,1.065203,1.493462
3.594000,-0.000077,-0.002907,0.034797,-0.000031,-0.005645,-0.037326,-0.000000,-0.001015,1.570068,-0.300000,1.000000,1.100000,0.000000,0.000000,-1.571000,-0.299923,1.002907,1.065203,1.493464
3.596000,-0.000077,-0.002909,0.034797,-0.000031,-0.005645,-0.037326,-0.000000,-0.001015,1.570068,-0.300000,1.000000,1.100000,0.000000,0.000000,-1.571000,-0.299923,1.002909,1.065203,1.493465
3.598000,-0.000077,-0.002910,0.034797,-0.000031,-0.005645,-0.037326,-0.000000,-0.001015,1.570068,-0.300000,1.000000,1.100000,0.000000,0.000000,-1.571000,-0.299923,1.002910,1.065203,1.493466
3.600000,-0.000077,-0.002912,0.034797,-0.000031,-0.005645,-0.037326,-0.000000,-0.001015,1.570068,-0.300000,1.000000,1.100000,0.000000,0.000000,-1.571000,-0.299923,1.002912,1.065203,1.493467
3.602000,-0.000077,-0.002914,0.034797,-0.000031,-0.005645,-0.037326,-0.000000,-0.001015,1.570068,-0.300000,1.000000,1.100000,0.000000,0.000000,-1.571000,-0.299923,1.002914,1.065203,1.493468
3.604000,-0.000077,-0.002915,0.034797,-0.000031,-0.005645,-0.037326,-0.000000,-0.001015,1.570068,-0.300000,1.000000,1.100000,0.000000,0.000000,-1.571000,-0.299923,1.002915,1.065203,1.493469
3.606000,-0.000077,-0.002917,0.034797,-0.000031,-0.005645,-0.037326,-0.000000,-0.001015,1.570068,-0.300000,1.000000,1.100000,0.000000,0.000000,-1.571000,-0.299923,1.002917,1.065203,1.493470
3.608000,-0.000077,-0.002919,0.034797,-0.000031,-0.005645,-0.037326,-0.000000,-0.001015,1.570068,-0.300000,1.000000,1.100000,0.000000,0.000000,-1.571000,-0.299923,1.002919,1.065203,1.493471
3.610000,-0.000077,-0.002920,0.034797,-0.000031,-0.005645,-0.037326,-0.000000,-0.001015,1.570068,-0.300000,1.000000,1.100000,0.000000,0.000000,-1.571000,-0.299923,1.002920,1.065203,1.493472
3.612000,-0.000077,-0.002922,0.034797,-0.000031,-0.005645,-0.037326,-0.000000,-0.001015,1.570068,-0.300000,1.000000,1.100000,0.000000,0.000000,-1.571000,-0.299923,1.002922,1.065203,1.493474
3.614000,-0.000077,-0.002924,0.034797,-0.000031,-0.005645,-0.037326,-0.000000,-0.001015,1.570068,-0.300000,1.000000,1.100000,0.000000,0.000000,-1.571000,-0.299923,1.002924,1.065203,1.493475
3.616000,-0.000077,-0.002925,0.034797,-0.000031,-0.005645,-0.037326,-0.000000,-0.001015,1.570068,-0.300000,1.000000,1.100000,0.000000,0.000000,-1.571000,-0.299923,1.002925,1.065203,1.493476
3.618000,-0.000077,-0.002927,0.034797,-0.000031,-0.005645,-0.037326,-0.000000,-0.001015,1.570068,-0.300000,1.000000,1.100000,0.000000,0.000000,-1.571000,-0.299923,1.002927,1.065203,1.493477
3.620000,-0.000077,-0.002929,0.034797,-0.000031,-0.005645,-0.037326,-0.000000,-0.001015,1.570068,-0.300000,1.000000,1.100000,0.000000,0.000000,-1.571000,-0.299923,1.002929,1.065203,1.493478
3.622000,-0.000077,-0.002930,0.034797,-0.000031,-0.005645,-0.037326,-0.000000,-0.001015,1.570068,-0.300000,1.000000,1.100000,0.000000,0.000000,-1.571000,-0.299923,1.002930,1.065203,1.493479
3.624000,-0.000077,-0.002932,0.034797,-0.000031,-0.005645,-0.037326,-0.000000,-0.001015,1.570068,-0.300000,1.000000,1.100000,0.000000,0.000000,-1.571000,-0.299923,1.002932,1.065203,1.493480
3.626000,-0.000077,-0.002934,0.034797,-0.000031,-0.005645,-0.037326,-0.000000,-0.001015,1.570068,-0.300000,1.000000,1.100000,0.000000,0.000000,-1.571000,-0.299923,1.002934,1.065203,1.493481
3.628000,-0.000077,-0.002935,0.034797,-0.000031,-0.005645,-0.037326,-0.000000,-0.001015,1.570068,-0.300000,1.000000,1.100000,0.000000,0.000000,-1.571000,-0.299923,1.002935,1.065203,1.493483
3.630000,-0.000078,-0.002937,0.034797,-0.000031,-0.005645,-0.037326,-0.000000,-0.001015,1.570068,-0.300000,1.000000,1.100000,0.000000,0.000000,-1.571000,-0.299922,1.002937,1.065203,1.493484
3.632000,-0.000078,-0.002939,0.034797,-0.000031,-0.005645,-0.037326,-0.000000,-0.001015,1.570068,-0.300000,1.000000,1.100000,0.000000,0.000000,-1.571000,-0.299922,1.002939,1.065203,1.493485
3.634000,-0.000078,-0.002940,0.034797,-0.000031,-0.005645,-0.037326,-0.000000,-0.001015,1.570069,-0.300000,1.000000,1.100000,0.000000,0.000000,-1.571000,-0.299922,1.002940,1.065203,1.493486
3.636000,-0.000078,-0.002942,0.034797,-0.000031,-0.005645,-0.037326,-0.000000,-0.001015,1.570069,-0.300000,1.000000,1.100000,0.000000,0.000000,-1.571000,-0.299922,1.002942,1.065203,1.493487
3.638000,-0.000078,-0.002944,0.034797,-0.000031,-0.005645,-0.037326,-0.000000,-0.001015,1.570069,-0.300000,1.000000,1.100000,0.000000,0.000000,-1.571000,-0.299922,1.002944,1.065203,1.493488
3.640000,-0.000078,-0.002945,0.034797,-0.000031,-0.005645,-0.037326,-0.000000,-0.001015,1.570069,-0.300000,1.000000,1.100000,0.000000,0.000000,-1.571000,-0.299922,1.002945,1.065203,1.493489
3.642000,-0.000078,-0.002947,0.034797,-0.000031,-0.005645,-0.037326,-0.000000,-0.001015,1.570069,-0.300000,1.000000,1.100000,0.000000,0.000000,-1.571000,-0.299922,1.002947,1.065203,1.493490
3.644000,-0.000078,-0.002949,0.034797,-0.000031,-0.005645,-0.037326,-0.000000,-0.001015,1.570069,-0.300000,1.000000,1.100000,0.000000,0.000000,-1.571000,-0.299922,1.002949,1.065203,1.493491
3.646000,-0.000078,-0.002950,0.034797,-0.000031,-0.005645,-0.037326,-0.000000,-0.001015,1.570069,-0.300000,1.000000,1.100000,0.000000,0.000000,-1.571000,-0.299922,1.002950,1.065203,1.493493
3.648000,-0.000078,-0.002952,0.034797,-0.000031,-0.005645,-0.037326,-0.000000,-0.001015,1.570069,-0.300000,1.000000,1.100000,0.000000,0.000000,-1.571000,-0.299922,1.002952,1.065203,1.493494
3.650000,-0.000078,-0.002954,0.034797,-0.000031,-0.005645,-0.037326,-0.000000,-0.001015,1.570069,-0.300000,1.000000,1.100000,0.000000,0.000000,-1.571000,-0.299922,1.002954,1.065203,1.493495
3.652000,-0.000078,-0.002955,0.034797,-0.000031,-0.005645,-0.037326,-0.000000,-0.001015,1.570069,-0.300000,1.000000,1.100000,0.000000,0.000000,-1.571000,-0.299922,1.002955,1.065203,1.493496
3.654000,-0.000078,-0.002957,0.034797,-0.000031,-0.005645,-0.037326,-0.000000,-0.001015,1.570069,-0.300000,1.000000,1.100000,0.000000,0.000000,-1.571000,-0.299922,1.002957,1.065203,1.493497
3.656000,-0.000078,-0.002959,0.034797,-0.000031,-0.005645,-0.037326,-0.000000,-0.001015,1.570069,-0.300000,1.000000,1.100000,0.000000,0.000000,-1.571000,-0.299922,1.002959,1.065203,1.493498
3.658000,-0.000078,-0.002960,0.034797,-0.000031,-0.005645,-0.037326,-0.000000,-0.001015,1.570069,-0.300000,1.000000,1.100000,0.000000,0.000000,-1.571000,-0.299922,1.002960,1.065203,1.493499
3.660000,-0.000078,-0.002962,0.034797,-0.000031,-0.005645,-0.037326,-0.000000,-0.001015,1.570069,-0.300000,1.000000,1.100000,0.000000,0.000000,-1.571000,-0.299922,1.002962,1.065203,1.493500
3.662000,-0.000078,-0.002964,0.034797,-0.000031,-0.005645,-0.037326,-0.000000,-0.001015,1.570069,-0.300000,1.000000,1.100000,0.000000,0.000000,-1.571000,-0.299922,1.002964,1.065203,1.493501
3.664000,-0.000078,-0.002965,0.034797,-0.000031,-0.005645,-0.037326,-0.000000,-0.001015,1.570069,-0.300000,1.000000,1.100000,0.000000,0.000000,-1.571000,-0.299922,1.002965,1.065203,1.493503
3.666000,-0.000078,-0.002967,0.034797,-0.000031,-0.005645,-0.037326,-0.000000,-0.001015,1.570069,-0.300000,1.000000,1.100000,0.000000,0.000000,-1.571000,-0.299922,1.002967,1.065203,1.493504
3.668000,-0.000078,-0.002969,0.034797,-0.000031,-0.005645,-0.037326,-0.000000,-0.001015,1.570069,-0.300000,1.000000,1.100000,0.000000,0.000000,-1.571000,-0.299922,1.002969,1.065203,1.493505
3.670000,-0.000078,-0.002971,0.034797,-0.000031,-0.005645,-0.037326,-0.000000,-0.001015,1.570069,-0.300000,1.000000,1.100000,0.000000,0.000000,-1.571000,-0.299922,1.002971,1.065203,1.493506
3.672000,-0.000078,-0.002972,0.034797,-0.000031,-0.005645,-0.037326,-0.000000,-0.001015,1.570069,-0.300000,1.000000,1.100000,0.000000,0.000000,-1.571000,-0.299922,1.002972,1.065203,1.493507
3.674000,-0.000078,-0.002974,0.034797,-0.000031,-0.005645,-0.037326,-0.000000,-0.001015,1.570069,-0.300000,1.000000,1.100000,0.000000,0.000000,-1.571000,-0.299922,1.002974,1.065203,1.493508
3.676000,-0.000079,-0.002976,0.034797,-0.000031,-0.005645,-0.037326,-0.000000,-0.001015,1.570069,-0.300000,1.000000,1.100000,0.000000,0.000000,-1.571000,-0.299921,1.002976,1.065203,1.493509
3.678000,-0.000079,-0.002977,0.034797,-0.000031,-0.005645,-0.037326,-0.000000,-0.001015,1.570069,-0.300000,1.000000,1.100000,0.000000,0.000000,-1.571000,-0.299921,1.002977,1.065203,1.493510
3.680000,-0.000079,-0.002979,0.034797,-0.000031,-0.005645,-0.037326,-0.000000,-0.001015,1.570069,-0.300000,1.000000,1.100000,0.000000,0.000000,-1.571000,-0.299921,1.002979,1.065203,1.493512
3.682000,-0.000079,-0.002981,0.034797,-0.000031,-0.005645,-0.037326,-0.000000,-0.001015,1.570069,-0.300000,1.000000,1.100000,0.000000,0.000000,-1.571000,-0.299921,1.002981,1.065203,1.493513
3.684000,-0.000079,-0.002982,0.034797,-0.000031,-0.005645,-0.037326,-0.000000,-0.001015,1.570070,-0.300000,1.000000,1.100000,0.000000,0.000000,-1.571000,-0.299921,1.002982,1.065203,1.493514
3.686000,-0.000079,-0.002984,0.034797,-0.000031,-0.005645,-0.037326,-0.000000,-0.001015,1.570070,-0.300000,1.000000,1.100000,0.000000,0.000000,-1.571000,-0.299921,1.002984,1.065203,1.493515
3.688000,-0.000079,-0.002986,0.034797,-0.000031,-0.005645,-0.037326,-0.000000,-0.001015,1.570070,-0.300000,1.000000,1.100000,0.000000,0.000000,-1.571000,-0.299921,1.002986,1.065203,1.493516
3.690000,-0.000079,-0.002987,0.034797,-0.000031,-0.005645,-0.037326,-0.000000,-0.001015,1.570070,-0.300000,1.000000,1.100000,0.000000,0.000000,-1.571000,-0.299921,1.002987,1.065203,1.493517
3.692000,-0.000079,-0.002989,0.034797,-0.000031,-0.005645,-0.037326,-0.000000,-0.001015,1.570070,-0.300000,1.000000,1.100000,0.000000,0.000000,-1.571000,-0.299921,1.002989,1.065203,1.493518
3.694000,-0.000079,-0.002991,0.034797,-0.000031,-0.005645,-0.037326,-0.000000,-0.001015,1.570070,-0.300000,1.000000,1.100000,0.000000,0.000000,-1.571000,-0.299921,1.002991,1.065203,1.493519
3.696000,-0.000079,-0.002992,0.034797,-0.000031,-0.005645,-0.037326,-0.000000,-0.001015,1.570070,-0.300000,1.000000,1.100000,0.000000,0.000000,-1.571000,-0.299921,1.002992,1.065203,1.493520
3.698000,-0.000079,-0.002994,0.034797,-0.000031,-0.005645,-0.037326,-0.000000,-0.001015,1.570070,-0.300000,1.000000,1.100000,0.000000,0.000000,-1.571000,-0.299921,1.002994,1.065203,1.493522
3.700000,-0.000079,-0.002996,0.034797,-0.000031,-0.005645,-0.037326,-0.000000,-0.001015,1.570070,-0.300000,1.000000,1.100000,0.000000,0.000000,-1.571000,-0.299921,1.002996,1.065203,1.493523
3.702000,-0.000079,-0.002997,0.034797,-0.000031,-0.005645,-0.037326,-0.000000,-0.001015,1.570070,-0.300000,1.000000,1.100000,0.000000,0.000000,-1.571000,-0.299921,1.002997,1.065203,1.493524
3.704000,-0.000079,-0.002999,0.034797,-0.000031,-0.005645,-0.037326,-0.000000,-0.001015,1.570070,-0.300000,1.000000,1.100000,0.000000,0.000000,-1.571000,-0.299921,1.002999,1.065203,1.493525
3.706000,-0.000079,-0.003001,0.034797,-0.000031,-0.005645,-0.037326,-0.000000,-0.001015,1.570070,-0.300000,1.000000,1.100000,0.000000,0.000000,-1.571000,-0.299921,1.003001,1.065203,1.493526
3.708000,-0.000079,-0.003002,0.034797,-0.000031,-0.005645,-0.037326,-0.000000,-0.001015,1.570070,-0.300000,1.000000,1.100000,0.000000,0.000000,-1.571000,-0.299921,1.003002,1.065203,1.493527
3.710000,-0.000079,-0.003004,0.034797,-0.000031,-0.005645,-0.037326,-0.000000,-0.001015,1.570070,-0.300000,1.000000,1.100000,0.000000,0.000000,-1.571000,-0.299921,1.003004,1.065203,1.493528
3.712000,-0.000079,-0.003006,0.034797,-0.000031,-0.005645,-0.037326,-0.000000,-0.001015,1.570070,-0.300000,1.000000,1.100000,0.000000,0.000000,-1.571000,-0.299921,1.003006,1.065203,1.493529
3.714000,-0.000079,-0.003007,0.034797,-0.000031,-0.005645,-0.037326,-0.000000,-0.001015,1.570070,-0.300000,1.000000,1.100000,0.000000,0.000000,-1.571000,-0.299921,1.003007,1.065203,1.493530
3.716000,-0.000079,-0.003009,0.034797,-0.000031,-0.005645,-0.037326,-0.000000,-0.001015,1.570070,-0.300000,1.000000,1.100000,0.000000,0.000000,-1.571000,-0.299921,1.003009,1.065203,1.493532
3.718000,-0.000079,-0.003011,0.034797,-0.000031,-0.005645,-0.037326,-0.000000,-0.001015,1.570070,-0.300000,1.000000,1.100000,0.000000,0.000000,-1.571000,-0.299921,1.003011,1.065203,1.493533
3.720000,-0.000080,-0.003012,0.034797,-0.000031,-0.005645,-0.037326,-0.000000,-0.001015,1.570070,-0.300000,1.000000,1.100000,0.000000,0.000000,-1.571000,-0.299920,1.003012,1.065203,1.493534
3.722000,-0.000080,-0.003014,0.034797,-0.000031,-0.005645,-0.037326,-0.000000,-0.001015,1.570070,-0.300000,1.000000,1.100000,0.000000,0.000000,-1.571000,-0.299920,1.003014,1.065203,1.493535
3.724000,-0.000080,-0.003016,0.034797,-0.000031,-0.005645,-0.037326,-0.000000,-0.001015,1.570070,-0.300000,1.000000,1.100000,0.000000,0.000000,-1.571000,-0.299920,1.003016,1.065203,1.493536
3.726000,-0.000080,-0.003017,0.034797,-0.000031,-0.005645,-0.037326,-0.000000,-0.001015,1.570070,-0.300000,1.000000,1.100000,0.000000,0.000000,-1.571000,-0.299920,1.003017,1.065203,1.493537
3.728000,-0.000080,-0.003019,0.034797,-0.000031,-0.005645,-0.037326,-0.000000,-0.001015,1.570070,-0.300000,1.000000,1.100000,0.000000,0.000000,-1.571000,-0.299920,1.003019,1.065203,1.493538
3.730000,-0.000080,-0.003021,0.034797,-0.000031,-0.005645,-0.037326,-0.000000,-0.001015,1.570070,-0.300000,1.000000,1.100000,0.000000,0.000000,-1.571000,-0.299920,1.003021,1.065203,1.493539
3.732000,-0.000080,-0.003022,0.034797,-0.000031,-0.005645,-0.037326,-0.000000,-0.001015,1.570070,-0.300000,1.000000,1.100000,0.000000,0.000000,-1.571000,-0.299920,1.003022,1.065203,1.493541
3.734000,-0.000080,-0.003024,0.034797,-0.000031,-0.005645,-0.037326,-0.000000,-0.001015,1.570071,-0.300000,1.000000,1.100000,0.000000,0.000000,-1.571000,-0.299920,1.003024,1.065203,1.493542
3.736000,-0.000080,-0.003026,0.034797,-0.000031,-0.005645,-0.037326,-0.000000,-0.001015,1.570071,-0.300000,1.000000,1.100000,0.000000,0.000000,-1.571000,-0.299920,1.003026,1.065203,1.493543
3.738000,-0.000080,-0.003027,0.034797,-0.000031,-0.005645,-0.037326,-0.000000,-0.001015,1.570071,-0.300000,1.000000,1.100000,0.000000,0.000000,-1.571000,-0.299920,1.003027,1.065203,1.493544
3.740000,-0.000080,-0.003029,0.034797,-0.000031,-0.005645,-0.037326,-0.000000,-0.001015,1.570071,-0.300000,1.000000,1.100000,0.000000,0.000000,-1.571000,-0.299920,1.003029,1.065203,1.493545
3.742000,-0.000080,-0.003031,0.034797,-0.000031,-0.005645,-0.037326,-0.000000,-0.001015,1.570071,-0.300000,1.000000,1.100000,0.000000,0.000000,-1.571000,-0.299920,1.003031,1.065203,1.493546
3.744000,-0.000080,-0.003032,0.034797,-0.000031,-0.005645,-0.037326,-0.000000,-0.001015,1.570071,-0.300000,1.000000,1.100000,0.000000,0.000000,-1.571000,-0.299920,1.003032,1.065203,1.493547
3.746000,-0.000080,-0.003034,0.034797,-0.000031,-0.005645,-0.037326,-0.000000,-0.001015,1.570071,-0.300000,1.000000,1.100000,0.000000,0.000000,-1.571000,-0.299920,1.003034,1.065203,1.493548
3.748000,-0.000080,-0.003036,0.034797,-0.000031,-0.005645,-0.037326,-0.000000,-0.001015,1.570071,-0.300000,1.000000,1.100000,0.000000,0.000000,-1.571000,-0.299920,1.003036,1.065203,1.493549
3.750000,-0.000080,-0.003037,0.034797,-0.000031,-0.005645,-0.037326,-0.000000,-0.001015,1.570071,-0.300000,1.000000,1.100000,0.000000,0.000000,-1.571000,-0.299920,1.003037,1.065203,1.493551
3.752000,-0.000080,-0.003039,0.034797,-0.000031,-0.005645,-0.037326,-0.000000,-0.001015,1.570071,-0.300000,1.000000,1.100000,0.000000,0.000000,-1.571000,-0.299920,1.003039,1.065203,1.493552
3.754000,-0.000080,-0.003041,0.034797,-0.000031,-0.005645,-0.037326,-0.000000,-0.001015,1.570071,-0.300000,1.000000,1.100000,0.000000,0.000000,-1.571000,-0.299920,1.003041,1.065203,1.493553
3.756000,-0.000080,-0.003043,0.034797,-0.000031,-0.005645,-0.037326,-0.000000,-0.001015,1.570071,-0.300000,1.000000,1.100000,0.000000,0.000000,-1.571000,-0.299920,1.003043,1.065203,1.493554
3.758000,-0.000080,-0.003044,0.034797,-0.000031,-0.005645,-0.037326,-0.000000,-0.001015,1.570071,-0.300000,1.000000,1.100000,0.000000,0.000000,-1.571000,-0.299920,1.003044,1.065203,1.493555
3.760000,-0.000080,-0.003046,0.034797,-0.000031,-0.005645,-0.037326,-0.000000,-0.001015,1.570071,-0.300000,1.000000,1.100000,0.000000,0.000000,-1.571000,-0.299920,1.003046,1.065203,1.493556
3.762000,-0.000080,-0.003048,0.034797,-0.000031,-0.005645,-0.037326,-0.000000,-0.001015,1.570071,-0.300000,1.000000,1.100000,0.000000,0.000000,-1.571000,-0.299920,1.003048,1.065203,1.493557
3.764000,-0.000081,-0.003049,0.034797,-0.000031,-0.005645,-0.037326,-0.000000,-0.001015,1.570071,-0.300000,1.000000,1.100000,0.000000,0.000000,-1.571000,-0.299919,1.003049,1.065203,1.493558
3.766000,-0.000081,-0.003051,0.034797,-0.000031,-0.005645,-0.037326,-0.000000,-0.001015,1.570071,-0.300000,1.000000,1.100000,0.000000,0.000000,-1.571000,-0.299919,1.003051,1.065203,1.493559
3.768000,-0.000081,-0.003053,0.034797,-0.000031,-0.005645,-0.037326,-0.000000,-0.001015,1.570071,-0.300000,1.000000,1.100000,0.000000,0.000000,-1.571000,-0.299919,1.003053,1.065203,1.493561
3.770000,-0.000081,-0.003054,0.034797,-0.000031,-0.005645,-0.037326,-0.000000,-0.001015,1.570071,-0.300000,1.000000,1.100000,0.000000,0.000000,-1.571000,-0.299919,1.003054,1.065203,1.493562
3.772000,-0.000081,-0.003056,0.034797,-0.000031,-0.005645,-0.037326,-0.000000,-0.001015,1.570071,-0.300000,1.000000,1.100000,0.000000,0.000000,-1.571000,-0.299919,1.003056,1.065203,1.493563
3.774000,-0.000081,-0.003058,0.034797,-0.000031,-0.005645,-0.037326,-0.000000,-0.001015,1.570071,-0.300000,1.000000,1.100000,0.000000,0.000000,-1.571000,-0.299919,1.003058,1.065203,1.493564
3.776000,-0.000081,-0.003059,0.034797,-0.000031,-0.005645,-0.037326,-0.000000,-0.001015,1.570071,-0.300000,1.000000,1.100000,0.000000,0.000000,-1.571000,-0.299919,1.003059,1.065203,1.493565
3.778000,-0.000081,-0.003061,0.034797,-0.000031,-0.005645,-0.037326,-0.000000,-0.001015,1.570071,-0.300000,1.000000,1.100000,0.000000,0.000000,-1.571000,-0.299919,1.003061,1.065203,1.493566
3.780000,-0.000081,-0.003063,0.034797,-0.000031,-0.005645,-0.037326,-0.000000,-0.001015,1.570071,-0.300000,1.000000,1.100000,0.000000,0.000000,-1.571000,-0.299919,1.003063,1.065203,1.493567
3.782000,-0.000081,-0.003064,0.034797,-0.000031,-0.005645,-0.037326,-0.000000,-0.001015,1.570071,-0.300000,1.000000,1.100000,0.000000,0.000000,-1.571000,-0.299919,1.003064,1.065203,1.493568
3.784000,-0.000081,-0.003066,0.034797,-0.000031,-0.005645,-0.037326,-0.000000,-0.001015,1.570071,-0.300000,1.000000,1.100000,0.000000,0.000000,-1.571000,-0.299919,1.003066,1.065203,1.493570
3.786000,-0.000081,-0.003068,0.034797,-0.000031,-0.005645,-0.037326,-0.000000,-0.001015,1.570072,-0.300000,1.000000,1.100000,0.000000,0.000000,-1.571000,-0.299919,1.003068,1.065203,1.493571
3.788000,-0.000081,-0.003069,0.034797,-0.000031,-0.005645,-0.037326,-0.000000,-0.001015,1.570072,-0.300000,1.000000,1.100000,0.000000,0.000000,-1.571000,-0.299919,1.003069,1.065203,1.493572
3.790000,-0.000081,-0.003071,0.034797,-0.000031,-0.005645,-0.037326,-0.000000,-0.001015,1.570072,-0.300000,1.000000,1.100000,0.000000,0.000000,-1.571000,-0.299919,1.003071,1.065203,1.493573
3.792000,-0.000081,-0.003073,0.034797,-0.000031,-0.005645,-0.037326,-0.000000,-0.001015,1.570072,-0.300000,1.000000,1.100000,0.000000,0.000000,-1.571000,-0.299919,1.003073,1.065203,1.493574
3.794000,-0.000081,-0.003074,0.034797,-0.000031,-0.005645,-0.037326,-0.000000,-0.001015,1.570072,-0.300000,1.000000,1.100000,0.000000,0.000000,-1.571000,-0.299919,1.003074,1.065203,1.493575
3.796000,-0.000081,-0.003076,0.034797,-0.000031,-0.005645,-0.037326,-0.000000,-0.001015,1.570072,-0.300000,1.000000,1.100000,0.000000,0.000000,-1.571000,-0.299919,1.003076,1.065203,1.493576
3.798000,-0.000081,-0.003078,0.034797,-0.000031,-0.005645,-0.037326,-0.000000,-0.001015,1.570072,-0.300000,1.000000,1.100000,0.000000,0.000000,-1.571000,-0.299919,1.003078,1.065203,1.493577
3.800000,-0.000081,-0.003079,0.034797,-0.000031,-0.005645,-0.037326,-0.000000,-0.001015,1.570072,-0.300000,1.000000,1.100000,0.000000,0.000000,-1.571000,-0.299919,1.003079,1.065203,1.493578
3.802000,-0.000081,-0.003081,0.034797,-0.000031,-0.005645,-0.037326,-0.000000,-0.001015,1.570072,-0.300000,1.000000,1.100000,0.000000,0.000000,-1.571000,-0.299919,1.003081,1.065203,1.493580
3.804000,-0.000081,-0.003083,0.034797,-0.000031,-0.005645,-0.037326,-0.000000,-0.001015,1.570072,-0.300000,1.000000,1.100000,0.000000,0.000000,-1.571000,-0.299919,1.003083,1.065203,1.493581
3.806000,-0.000081,-0.003084,0.034797,-0.000031,-0.005645,-0.037326,-0.000000,-0.001015,1.570072,-0.300000,1.000000,1.100000,0.000000,0.000000,-1.571000,-0.299919,1.003084,1.065203,1.493582
3.808000,-0.000081,-0.003086,0.034797,-0.000031,-0.005645,-0.037326,-0.000000,-0.001015,1.570072,-0.300000,1.000000,1.100000,0.000000,0.000000,-1.571000,-0.299919,1.003086,1.065203,1.493583
3.810000,-0.000082,-0.003088,0.034797,-0.000031,-0.005645,-0.037326,-0.000000,-0.001015,1.570072,-0.300000,1.000000,1.100000,0.000000,0.000000,-1.571000,-0.299918,1.003088,1.065203,1.493584
3.812000,-0.000082,-0.003089,0.034797,-0.000031,-0.005645,-0.037326,-0.000000,-0.001015,1.570072,-0.300000,1.000000,1.100000,0.000000,0.000000,-1.571000,-0.299918,1.003089,1.065203,1.493585
3.814000,-0.000082,-0.003091,0.034797,-0.000031,-0.005645,-0.037326,-0.000000,-0.001015,1.570072,-0.300000,1.000000,1.100000,0.000000,0.000000,-1.571000,-0.299918,1.003091,1.065203,1.493586
3.816000,-0.000082,-0.003093,0.034797,-0.000031,-0.005645,-0.037326,-0.000000,-0.001015,1.570072,-0.300000,1.000000,1.100000,0.000000,0.000000,-1.571000,-0.299918,1.003093,1.065203,1.493587
3.818000,-0.000082,-0.003094,0.034797,-0.000031,-0.005645,-0.037326,-0.000000,-0.001015,1.570072,-0.300000,1.000000,1.100000,0.000000,0.000000,-1.571000,-0.299918,1.003094,1.065203,1.493589
3.820000,-0.000082,-0.003096,0.034797,-0.000031,-0.005645,-0.037326,-0.000000,-0.001015,1.570072,-0.300000,1.000000,1.100000,0.000000,0.000000,-1.571000,-0.299918,1.003096,1.065203,1.493590
3.822000,-0.000082,-0.003098,0.034797,-0.000031,-0.005645,-0.037326,-0.000000,-0.001015,1.570072,-0.300000,1.000000,1.100000,0.000000,0.000000,-1.571000,-0.299918,1.003098,1.065203,1.493591
3.824000,-0.000082,-0.003099,0.034797,-0.000031,-0.005645,-0.037326,-0.000000,-0.001015,1.570072,-0.300000,1.000000,1.100000,0.000000,0.000000,-1.571000,-0.299918,1.003099,1.065203,1.493592
3.826000,-0.000082,-0.003101,0.034797,-0.000031,-0.005645,-0.037326,-0.000000,-0.001015,1.570072,-0.300000,1.000000,1.100000,0.000000,0.000000,-1.571000,-0.299918,1.003101,1.065203,1.493593
3.828000,-0.000082,-0.003103,0.034797,-0.000031,-0.005645,-0.037326,-0.000000,-0.001015,1.570072,-0.300000,1.000000,1.100000,0.000000,0.000000,-1.571000,-0.299918,1.003103,1.065203,1.493594
3.830000,-0.000082,-0.003104,0.034797,-0.000031,-0.005645,-0.037326,-0.000000,-0.001015,1.570072,-0.300000,1.000000,1.100000,0.000000,0.000000,-1.571000,-0.299918,1.003104,1.065203,1.493595
3.832000,-0.000082,-0.003106,0.034797,-0.000031,-0.005645,-0.037326,-0.000000,-0.001015,1.570072,-0.300000,1.000000,1.100000,0.000000,0.000000,-1.571000,-0.299918,1.003106,1.065203,1.493596
3.834000,-0.000082,-0.003108,0.034797,-0.000031,-0.005645,-0.037326,-0.000000,-0.001015,1.570072,-0.300000,1.000000,1.100000,0.000000,0.000000,-1.571000,-0.299918,1.003108,1.065203,1.493597
3.836000,-0.000082,-0.003110,0.034797,-0.000031,-0.005645,-0.037326,-0.000000,-0.001015,1.570073,-0.300000,1.000000,1.100000,0.000000,0.000000,-1.571000,-0.299918,1.003110,1.065203,1.493599
3.838000,-0.000082,-0.003111,0.034797,-0.000031,-0.005645,-0.037326,-0.000000,-0.001015,1.570073,-0.300000,1.000000,1.100000,0.000000,0.000000,-1.571000,-0.299918,1.003111,1.065203,1.493600
3.840000,-0.000082,-0.003113,0.034797,-0.000031,-0.005645,-0.037326,-0.000000,-0.001015,1.570073,-0.300000,1.000000,1.100000,0.000000,0.000000,-1.571000,-0.299918,1.003113,1.065203,1.493601
3.842000,-0.000082,-0.003115,0.034797,-0.000031,-0.005645,-0.037326,-0.000000,-0.001015,1.570073,-0.300000,1.000000,1.100000,0.000000,0.000000,-1.571000,-0.299918,1.003115,1.065203,1.493602
3.844000,-0.000082,-0.003116,0.034797,-0.000031,-0.005645,-0.037326,-0.000000,-0.001015,1.570073,-0.300000,1.000000,1.100000,0.000000,0.000000,-1.571000,-0.299918,1.003116,1.065203,1.493603
3.846000,-0.000082,-0.003118,0.034797,-0.000031,-0.005645,-0.037326,-0.000000,-0.001015,1.570073,-0.300000,1.000000,1.100000,0.000000,0.000000,-1.571000,-0.299918,1.003118,1.065203,1.493604
3.848000,-0.000082,-0.003120,0.034797,-0.000031,-0.005645,-0.037326,-0.000000,-0.001015,1.570073,-0.300000,1.000000,1.100000,0.000000,0.000000,-1.571000,-0.299918,1.003120,1.065203,1.493605
3.850000,-0.000082,-0.003121,0.034797,-0.000031,-0.005645,-0.037326,-0.000000,-0.001015,1.570073,-0.300000,1.000000,1.100000,0.000000,0.000000,-1.571000,-0.299918,1.003121,1.065203,1.493606
3.852000,-0.000082,-0.003123,0.034797,-0.000031,-0.005645,-0.037326,-0.000000,-0.001015,1.570073,-0.300000,1.000000,1.100000,0.000000,0.000000,-1.571000,-0.299918,1.003123,1.065203,1.493607
3.854000,-0.000083,-0.003125,0.034797,-0.000031,-0.005645,-0.037326,-0.000000,-0.001015,1.570073,-0.300000,1.000000,1.100000,0.000000,0.000000,-1.571000,-0.299917,1.003125,1.065203,1.493609
3.856000,-0.000083,-0.003126,0.034797,-0.000031,-0.005645,-0.037326,-0.000000,-0.001015,1.570073,-0.300000,1.000000,1.100000,0.000000,0.000000,-1.571000,-0.299917,1.003126,1.065203,1.493610
3.858000,-0.000083,-0.003128,0.034797,-0.000031,-0.005645,-0.037326,-0.000000,-0.001015,1.570073,-0.300000,1.000000,1.100000,0.000000,0.000000,-1.571000,-0.299917,1.003128,1.065203,1.493611
3.860000,-0.000083,-0.003130,0.034797,-0.000031,-0.005645,-0.037326,-0.000000,-0.001015,1.570073,-0.300000,1.000000,1.100000,0.000000,0.000000,-1.571000,-0.299917,1.003130,1.065203,1.493612
3.862000,-0.000083,-0.003131,0.034797,-0.000031,-0.005645,-0.037326,-0.000000,-0.001015,1.570073,-0.300000,1.000000,1.100000,0.000000,0.000000,-1.571000,-0.299917,1.003131,1.065203,1.493613
3.864000,-0.000083,-0.003133,0.034797,-0.000031,-0.005645,-0.037326,-0.000000,-0.001015,1.570073,-0.300000,1.000000,1.100000,0.000000,0.000000,-1.571000,-0.299917,1.003133,1.065203,1.493614
3.866000,-0.000083,-0.003135,0.034797,-0.000031,-0.005645,-0.037326,-0.000000,-0.001015,1.570073,-0.300000,1.000000,1.100000,0.000000,0.000000,-1.571000,-0.299917,1.003135,1.065203,1.493615
3.868000,-0.000083,-0.003136,0.034797,-0.000031,-0.005645,-0.037326,-0.000000,-0.001015,1.570073,-0.300000,1.000000,1.100000,0.000000,0.000000,-1.571000,-0.299917,1.003136,1.065203,1.493616
3.870000,-0.000083,-0.003138,0.034797,-0.000031,-0.005645,-0.037326,-0.000000,-0.001015,1.570073,-0.300000,1.000000,1.100000,0.000000,0.000000,-1.571000,-0.299917,1.003138,1.065203,1.493618
3.872000,-0.000083,-0.003140,0.034797,-0.000031,-0.005645,-0.037326,-0.000000,-0.001015,1.570073,-0.300000,1.000000,1.100000,0.000000,0.000000,-1.571000,-0.299917,1.003140,1.065203,1.493619
3.874000,-0.000083,-0.003141,0.034797,-0.000031,-0.005645,-0.037326,-0.000000,-0.001015,1.570073,-0.300000,1.000000,1.100000,0.000000,0.000000,-1.571000,-0.299917,1.003141,1.065203,1.493620
3.876000,-0.000083,-0.003143,0.034797,-0.000031,-0.005645,-0.037326,-0.000000,-0.001015,1.570073,-0.300000,1.000000,1.100000,0.000000,0.000000,-1.571000,-0.299917,1.003143,1.065203,1.493621
3.878000,-0.000083,-0.003145,0.034797,-0.000031,-0.005645,-0.037326,-0.000000,-0.001015,1.570073,-0.300000,1.000000,1.100000,0.000000,0.000000,-1.571000,-0.299917,1.003145,1.065203,1.493622
3.880000,-0.000083,-0.003146,0.034797,-0.000031,-0.005645,-0.037326,-0.000000,-0.001015,1.570073,-0.300000,1.000000,1.100000,0.000000,0.000000,-1.571000,-0.299917,1.003146,1.065203,1.493623
3.882000,-0.000083,-0.003148,0.034797,-0.000031,-0.005645,-0.037326,-0.000000,-0.001015,1.570073,-0.300000,1.000000,1.100000,0.000000,0.000000,-1.571000,-0.299917,1.003148,1.065203,1.493624
3.884000,-0.000083,-0.003150,0.034797,-0.000031,-0.005645,-0.037326,-0.000000,-0.001015,1.570073,-0.300000,1.000000,1.100000,0.000000,0.000000,-1.571000,-0.299917,1.003150,1.065203,1.493625
3.886000,-0.000083,-0.003151,0.034797,-0.000031,-0.005645,-0.037326,-0.000000,-0.001015,1.570074,-0.300000,1.000000,1.100000,0.000000,0.000000,-1.571000,-0.299917,1.003151,1.065203,1.493626
3.888000,-0.000083,-0.003153,0.034797,-0.000031,-0.005645,-0.037326,-0.000000,-0.001015,1.570074,-0.300000,1.000000,1.100000,0.000000,0.000000,-1.571000,-0.299917,1.003153,1.065203,1.493628
3.890000,-0.000083,-0.003155,0.034797,-0.000031,-0.005645,-0.037326,-0.000000,-0.001015,1.570074,-0.300000,1.000000,1.100000,0.000000,0.000000,-1.571000,-0.299917,1.003155,1.065203,1.493629
3.892000,-0.000083,-0.003156,0.034797,-0.000031,-0.005645,-0.037326,-0.000000,-0.001015,1.570074,-0.300000,1.000000,1.100000,0.000000,0.000000,-1.571000,-0.299917,1.003156,1.065203,1.493630
3.894000,-0.000083,-0.003158,0.034797,-0.000031,-0.005645,-0.037326,-0.000000,-0.001015,1.570074,-0.300000,1.000000,1.100000,0.000000,0.000000,-1.571000,-0.299917,1.003158,1.065203,1.493631
3.896000,-0.000083,-0.003160,0.034797,-0.000031,-0.005645,-0.037326,-0.000000,-0.001015,1.570074,-0.300000,1.000000,1.100000,0.000000,0.000000,-1.571000,-0.299917,1.003160,1.065203,1.493632
3.898000,-0.000084,-0.003161,0.034797,-0.000031,-0.005645,-0.037326,-0.000000,-0.001015,1.570074,-0.300000,1.000000,1.100000,0.000000,0.000000,-1.571000,-0.299916,1.003161,1.065203,1.493633
3.900000,-0.000084,-0.003163,0.034797,-0.000031,-0.005645,-0.037326,-0.000000,-0.001015,1.570074,-0.300000,1.000000,1.100000,0.000000,0.000000,-1.571000,-0.299916,1.003163,1.065203,1.493634
3.902000,-0.000084,-0.003165,0.034797,-0.000031,-0.005645,-0.037326,-0.000000,-0.001015,1.570074,-0.300000,1.000000,1.100000,0.000000,0.000000,-1.571000,-0.299916,1.003165,1.065203,1.493635
3.904000,-0.000084,-0.003166,0.034797,-0.000031,-0.005645,-0.037326,-0.000000,-0.001015,1.570074,-0.300000,1.000000,1.100000,0.000000,0.000000,-1.571000,-0.299916,1.003166,1.065203,1.493636
3.906000,-0.000084,-0.003168,0.034797,-0.000031,-0.005645,-0.037326,-0.000000,-0.001015,1.570074,-0.300000,1.000000,1.100000,0.000000,0.000000,-1.571000,-0.299916,1.003168,1.065203,1.493638
3.908000,-0.000084,-0.003170,0.034797,-0.000031,-0.005645,-0.037326,-0.000000,-0.001015,1.570074,-0.300000,1.000000,1.100000,0.000000,0.000000,-1.571000,-0.299916,1.003170,1.065203,1.493639
3.910000,-0.000084,-0.003171,0.034797,-0.000031,-0.005645,-0.037326,-0.000000,-0.001015,1.570074,-0.300000,1.000000,1.100000,0.000000,0.000000,-1.571000,-0.299916,1.003171,1.065203,1.493640
3.912000,-0.000084,-0.003173,0.034797,-0.000031,-0.005645,-0.037326,-0.000000,-0.001015,1.570074,-0.300000,1.000000,1.100000,0.000000,0.000000,-1.571000,-0.299916,1.003173,1.065203,1.493641
3.914000,-0.000084,-0.003175,0.034797,-0.000031,-0.005645,-0.037326,-0.000000,-0.001015,1.570074,-0.300000,1.000000,1.100000,0.000000,0.000000,-1.571000,-0.299916,1.003175,1.065203,1.493642
3.916000,-0.000084,-0.003177,0.034797,-0.000031,-0.005645,-0.037326,-0.000000,-0.001015,1.570074,-0.300000,1.000000,1.100000,0.000000,0.000000,-1.571000,-0.299916,1.003177,1.065203,1.493643
3.918000,-0.000084,-0.003178,0.034797,-0.000031,-0.005645,-0.037326,-0.000000,-0.001015,1.570074,-0.300000,1.000000,1.100000,0.000000,0.000000,-1.571000,-0.299916,1.003178,1.065203,1.493644
3.920000,-0.000084,-0.003180,0.034797,-0.000031,-0.005645,-0.037326,-0.000000,-0.001015,1.570074,-0.300000,1.000000,1.100000,0.000000,0.000000,-1.571000,-0.299916,1.003180,1.065203,1.493645
3.922000,-0.000084,-0.003182,0.034797,-0.000031,-0.005645,-0.037326,-0.000000,-0.001015,1.570074,-0.300000,1.000000,1.100000,0.000000,0.000000,-1.571000,-0.299916,1.003182,1.065203,1.493647
3.924000,-0.000084,-0.003183,0.034797,-0.000031,-0.005645,-0.037326,-0.000000,-0.001015,1.570074,-0.300000,1.000000,1.100000,0.000000,0.000000,-1.571000,-0.299916,1.003183,1.065203,1.493648
3.926000,-0.000084,-0.003185,0.034797,-0.000031,-0.005645,-0.037326,-0.000000,-0.001015,1.570074,-0.300000,1.000000,1.100000,0.000000,0.000000,-1.571000,-0.299916,1.003185,1.065203,1.493649
3.928000,-0.000084,-0.003187,0.034797,-0.000031,-0.005645,-0.037326,-0.000000,-0.001015,1.570074,-0.300000,1.000000,1.100000,0.000000,0.000000,-1.571000,-0.299916,1.003187,1.065203,1.493650
3.930000,-0.000084,-0.003188,0.034797,-0.000031,-0.005645,-0.037326,-0.000000,-0.001015,1.570074,-0.300000,1.000000,1.100000,0.000000,0.000000,-1.571000,-0.299916,1.003188,1.065203,1.493651
3.932000,-0.000084,-0.003190,0.034797,-0.000031,-0.005645,-0.037326,-0.000000,-0.001015,1.570074,-0.300000,1.000000,1.100000,0.000000,0.000000,-1.571000,-0.299916,1.003190,1.065203,1.493652
3.934000,-0.000084,-0.003192,0.034797,-0.000031,-0.005645,-0.037326,-0.000000,-0.001015,1.570074,-0.300000,1.000000,1.100000,0.000000,0.000000,-1.571000,-0.299916,1.003192,1.065203,1.493653
3.936000,-0.000084,-0.003193,0.034797,-0.000031,-0.005645,-0.037326,-0.000000,-0.001015,1.570074,-0.300000,1.000000,1.100000,0.000000,0.000000,-1.571000,-0.299916,1.003193,1.065203,1.493654
3.938000,-0.000084,-0.003195,0.034797,-0.000031,-0.005645,-0.037326,-0.000000,-0.001015,1.570075,-0.300000,1.000000,1.100000,0.000000,0.000000,-1.571000,-0.299916,1.003195,1.065203,1.493655
3.940000,-0.000084,-0.003197,0.034797,-0.000031,-0.005645,-0.037326,-0.000000,-0.001015,1.570075,-0.300000,1.000000,1.100000,0.000000,0.000000,-1.571000,-0.299916,1.003197,1.065203,1.493657
3.942000,-0.000085,-0.003198,0.034797,-0.000031,-0.005645,-0.037326,-0.000000,-0.001015,1.570075,-0.300000,1.000000,1.100000,0.000000,0.000000,-1.571000,-0.299915,1.003198,1.065203,1.493658
3.944000,-0.000085,-0.003200,0.034797,-0.000031,-0.005645,-0.037326,-0.000000,-0.001015,1.570075,-0.300000,1.000000,1.100000,0.000000,0.000000,-1.571000,-0.299915,1.003200,1.065203,1.493659
3.946000,-0.000085,-0.003202,0.034797,-0.000031,-0.005645,-0.037326,-0.000000,-0.001015,1.570075,-0.300000,1.000000,1.100000,0.000000,0.000000,-1.571000,-0.299915,1.003202,1.065203,1.493660
3.948000,-0.000085,-0.003203,0.034797,-0.000031,-0.005645,-0.037326,-0.000000,-0.001015,1.570075,-0.300000,1.000000,1.100000,0.000000,0.000000,-1.571000,-0.299915,1.003203,1.065203,1.493661
3.950000,-0.000085,-0.003205,0.034797,-0.000031,-0.005645,-0.037326,-0.000000,-0.001015,1.570075,-0.300000,1.000000,1.100000,0.000000,0.000000,-1.571000,-0.299915,1.003205,1.065203,1.493662
3.952000,-0.000085,-0.003207,0.034797,-0.000031,-0.005645,-0.037326,-0.000000,-0.001015,1.570075,-0.300000,1.000000,1.100000,0.000000,0.000000,-1.571000,-0.299915,1.003207,1.065203,1.493663
3.954000,-0.000085,-0.003208,0.034797,-0.000031,-0.005645,-0.037326,-0.000000,-0.001015,1.570075,-0.300000,1.000000,1.100000,0.000000,0.000000,-1.571000,-0.299915,1.003208,1.065203,1.493664
3.956000,-0.000085,-0.003210,0.034797,-0.000031,-0.005645,-0.037326,-0.000000,-0.001015,1.570075,-0.300000,1.000000,1.100000,0.000000,0.000000,-1.571000,-0.299915,1.003210,1.065203,1.493665
3.958000,-0.000085,-0.003212,0.034797,-0.000031,-0.005645,-0.037326,-0.000000,-0.001015,1.570075,-0.300000,1.000000,1.100000,0.000000,0.000000,-1.571000,-0.299915,1.003212,1.065203,1.493667
3.960000,-0.000085,-0.003213,0.034797,-0.000031,-0.005645,-0.037326,-0.000000,-0.001015,1.570075,-0.300000,1.000000,1.100000,0.000000,0.000000,-1.571000,-0.299915,1.003213,1.065203,1.493668
3.962000,-0.000085,-0.003215,0.034797,-0.000031,-0.005645,-0.037326,-0.000000,-0.001015,1.570075,-0.300000,1.000000,1.100000,0.000000,0.000000,-1.571000,-0.299915,1.003215,1.065203,1.493669
3.964000,-0.000085,-0.003217,0.034797,-0.000031,-0.005645,-0.037326,-0.000000,-0.001015,1.570075,-0.300000,1.000000,1.100000,0.000000,0.000000,-1.571000,-0.299915,1.003217,1.065203,1.493670
3.966000,-0.000085,-0.003218,0.034797,-0.000031,-0.005645,-0.037326,-0.000000,-0.001015,1.570075,-0.300000,1.000000,1.100000,0.000000,0.000000,-1.571000,-0.299915,1.003218,1.065203,1.493671
3.968000,-0.000085,-0.003220,0.034797,-0.000031,-0.005645,-0.037326,-0.000000,-0.001015,1.570075,-0.300000,1.000000,1.100000,0.000000,0.000000,-1.571000,-0.299915,1.003220,1.065203,1.493672
3.970000,-0.000085,-0.003222,0.034797,-0.000031,-0.005645,-0.037326,-0.000000,-0.001015,1.570075,-0.300000,1.000000,1.100000,0.000000,0.000000,-1.571000,-0.299915,1.003222,1.065203,1.493673
3.972000,-0.000085,-0.003223,0.034797,-0.000031,-0.005645,-0.037326,-0.000000,-0.001015,1.570075,-0.300000,1.000000,1.100000,0.000000,0.000000,-1.571000,-0.299915,1.003223,1.065203,1.493674
3.974000,-0.000085,-0.003225,0.034797,-0.000031,-0.005645,-0.037326,-0.000000,-0.001015,1.570075,-0.300000,1.000000,1.100000,0.000000,0.000000,-1.571000,-0.299915,1.003225,1.065203,1.493676
3.976000,-0.000085,-0.003227,0.034797,-0.000031,-0.005645,-0.037326,-0.000000,-0.001015,1.570075,-0.300000,1.000000,1.100000,0.000000,0.000000,-1.571000,-0.299915,1.003227,1.065203,1.493677
3.978000,-0.000085,-0.003228,0.034797,-0.000031,-0.005645,-0.037326,-0.000000,-0.001015,1.570075,-0.300000,1.000000,1.100000,0.000000,0.000000,-1.571000,-0.299915,1.003228,1.065203,1.493678
3.980000,-0.000085,-0.003230,0.034797,-0.000031,-0.005645,-0.037326,-0.000000,-0.001015,1.570075,-0.300000,1.000000,1.100000,0.000000,0.000000,-1.571000,-0.299915,1.003230,1.065203,1.493679
3.982000,-0.000085,-0.003232,0.034797,-0.000031,-0.005645,-0.037326,-0.000000,-0.001015,1.570075,-0.300000,1.000000,1.100000,0.000000,0.000000,-1.571000,-0.299915,1.003232,1.065203,1.493680
3.984000,-0.000085,-0.003233,0.034797,-0.000031,-0.005645,-0.037326,-0.000000,-0.001015,1.570075,-0.300000,1.000000,1.100000,0.000000,0.000000,-1.571000,-0.299915,1.003233,1.065203,1.493681
3.986000,-0.000085,-0.003235,0.034797,-0.000031,-0.005645,-0.037326,-0.000000,-0.001015,1.570075,-0.300000,1.000000,1.100000,0.000000,0.000000,-1.571000,-0.299915,1.003235,1.065203,1.493682
3.988000,-0.000086,-0.003237,0.034797,-0.000031,-0.005645,-0.037326,-0.000000,-0.001015,1.570076,-0.300000,1.000000,1.100000,0.000000,0.000000,-1.571000,-0.299914,1.003237,1.065203,1.493683
3.990000,-0.000086,-0.003238,0.034797,-0.000031,-0.005645,-0.037326,-0.000000,-0.001015,1.570076,-0.300000,1.000000,1.100000,0.000000,0.000000,-1.571000,-0.299914,1.003238,1.065203,1.493684
3.992000,-0.000086,-0.003240,0.034797,-0.000031,-0.005645,-0.037326,-0.000000,-0.001015,1.570076,-0.300000,1.000000,1.100000,0.000000,0.000000,-1.571000,-0.299914,1.003240,1.065203,1.493686
3.994000,-0.000086,-0.003242,0.034797,-0.000031,-0.005645,-0.037326,-0.000000,-0.001015,1.570076,-0.300000,1.000000,1.100000,0.000000,0.000000,-1.571000,-0.299914,1.003242,1.065203,1.493687
3.996000,-0.000086,-0.003243,0.034797,-0.000031,-0.005645,-0.037326,-0.000000,-0.001015,1.570076,-0.300000,1.000000,1.100000,0.000000,0.000000,-1.571000,-0.299914,1.003243,1.065203,1.493688
3.998000,-0.000086,-0.003245,0.034797,-0.000031,-0.005645,-0.037326,-0.000000,-0.001015,1.570076,-0.300000,1.000000,1.100000,0.000000,0.000000,-1.571000,-0.299914,1.003245,1.065203,1.493689
4.000000,-0.000086,-0.003247,0.034797,-0.000031,-0.005645,-0.037326,-0.000000,-0.001015,1.570076,-0.300000,1.000000,1.100000,0.000000,0.000000,-1.571000,-0.299914,1.003247,1.065203,1.493690
4.002000,-0.000086,-0.003249,0.034797,-0.000031,-0.005645,-0.037326,-0.000000,-0.001015,1.570076,-0.300000,1.000000,1.100000,0.000000,0.000000,-1.571000,-0.299914,1.003249,1.065203,1.493691
4.004000,-0.000086,-0.003250,0.034797,-0.000031,-0.005645,-0.037326,-0.000000,-0.001015,1.570076,-0.300000,1.000000,1.100000,0.000000,0.000000,-1.571000,-0.299914,1.003250,1.065203,1.493692
4.006000,-0.000086,-0.003252,0.034797,-0.000031,-0.005645,-0.037326,-0.000000,-0.001015,1.570076,-0.300000,1.000000,1.100000,0.000000,0.000000,-1.571000,-0.299914,1.003252,1.065203,1.493693
4.008000,-0.000086,-0.003254,0.034797,-0.000031,-0.005645,-0.037326,-0.000000,-0.001015,1.570076,-0.300000,1.000000,1.100000,0.000000,0.000000,-1.571000,-0.299914,1.003254,1.065203,1.493695
4.010000,-0.000086,-0.003255,0.034797,-0.000031,-0.005645,-0.037326,-0.000000,-0.001015,1.570076,-0.300000,1.000000,1.100000,0.000000,0.000000,-1.571000,-0.299914,1.003255,1.065203,1.493696
4.012000,-0.000086,-0.003257,0.034797,-0.000031,-0.005645,-0.037326,-0.000000,-0.001015,1.570076,-0.300000,1.000000,1.100000,0.000000,0.000000,-1.571000,-0.299914,1.003257,1.065203,1.493697
4.014000,-0.000086,-0.003259,0.034797,-0.000031,-0.005645,-0.037326,-0.000000,-0.001015,1.570076,-0.300000,1.000000,1.100000,0.000000,0.000000,-1.571000,-0.299914,1.003259,1.065203,1.493698
4.016000,-0.000086,-0.003260,0.034797,-0.000031,-0.005645,-0.037326,-0.000000,-0.001015,1.570076,-0.300000,1.000000,1.100000,0.000000,0.000000,-1.571000,-0.299914,1.003260,1.065203,1.493699
4.018000,-0.000086,-0.003262,0.034797,-0.000031,-0.005645,-0.037326,-0.000000,-0.001015,1.570076,-0.300000,1.000000,1.100000,0.000000,0.000000,-1.571000,-0.299914,1.003262,1.065203,1.493700
4.020000,-0.000086,-0.003264,0.034797,-0.000031,-0.005645,-0.037326,-0.000000,-0.001015,1.570076,-0.300000,1.000000,1.100000,0.000000,0.000000,-1.571000,-0.299914,1.003264,1.065203,1.493701
4.022000,-0.000086,-0.003265,0.034797,-0.000031,-0.005645,-0.037326,-0.000000,-0.001015,1.570076,-0.300000,1.000000,1.100000,0.000000,0.000000,-1.571000,-0.299914,1.003265,1.065203,1.493702
4.024000,-0.000086,-0.003267,0.034797,-0.000031,-0.005645,-0.037326,-0.000000,-0.001015,1.570076,-0.300000,1.000000,1.100000,0.000000,0.000000,-1.571000,-0.299914,1.003267,1.065203,1.493703
4.026000,-0.000086,-0.003269,0.034797,-0.000031,-0.005645,-0.037326,-0.000000,-0.001015,1.570076,-0.300000,1.000000,1.100000,0.000000,0.000000,-1.571000,-0.299914,1.003269,1.065203,1.493705
4.028000,-0.000086,-0.003270,0.034797,-0.000031,-0.005645,-0.037326,-0.000000,-0.001015,1.570076,-0.300000,1.000000,1.100000,0.000000,0.000000,-1.571000,-0.299914,1.003270,1.065203,1.493706
4.030000,-0.000086,-0.003272,0.034797,-0.000031,-0.005645,-0.037326,-0.000000,-0.001015,1.570076,-0.300000,1.000000,1.100000,0.000000,0.000000,-1.571000,-0.299914,1.003272,1.065203,1.493707
4.032000,-0.000087,-0.003274,0.034797,-0.000031,-0.005645,-0.037326,-0.000000,-0.001015,1.570076,-0.300000,1.000000,1.100000,0.000000,0.000000,-1.571000,-0.299913,1.003274,1.065203,1.493708
4.034000,-0.000087,-0.003275,0.034797,-0.000031,-0.005645,-0.037326,-0.000000,-0.001015,1.570076,-0.300000,1.000000,1.100000,0.000000,0.000000,-1.571000,-0.299913,1.003275,1.065203,1.493709
4.036000,-0.000087,-0.003277,0.034797,-0.000031,-0.005645,-0.037326,-0.000000,-0.001015,1.570076,-0.300000,1.000000,1.100000,0.000000,0.000000,-1.571000,-0.299913,1.003277,1.065203,1.493710
4.038000,-0.000087,-0.003279,0.034797,-0.000031,-0.005645,-0.037326,-0.000000,-0.001015,1.570077,-0.300000,1.000000,1.100000,0.000000,0.000000,-1.571000,-0.299913,1.003279,1.065203,1.493711
4.040000,-0.000087,-0.003280,0.034797,-0.000031,-0.005645,-0.037326,-0.000000,-0.001015,1.570077,-0.300000,1.000000,1.100000,0.000000,0.000000,-1.571000,-0.299913,1.003280,1.065203,1.493712
4.042000,-0.000087,-0.003282,0.034797,-0.000031,-0.005645,-0.037326,-0.000000,-0.001015,1.570077,-0.300000,1.000000,1.100000,0.000000,0.000000,-1.571000,-0.299913,1.003282,1.065203,1.493713
4.044000,-0.000087,-0.003284,0.034797,-0.000031,-0.005645,-0.037326,-0.000000,-0.001015,1.570077,-0.300000,1.000000,1.100000,0.000000,0.000000,-1.571000,-0.299913,1.003284,1.065203,1.493715
4.046000,-0.000087,-0.003285,0.034797,-0.000031,-0.005645,-0.037326,-0.000000,-0.001015,1.570077,-0.300000,1.000000,1.100000,0.000000,0.000000,-1.571000,-0.299913,1.003285,1.065203,1.493716
4.048000,-0.000087,-0.003287,0.034797,-0.000031,-0.005645,-0.037326,-0.000000,-0.001015,1.570077,-0.300000,1.000000,1.100000,0.000000,0.000000,-1.571000,-0.299913,1.003287,1.065203,1.493717
4.050000,-0.000087,-0.003289,0.034797,-0.000031,-0.005645,-0.037326,-0.000000,-0.001015,1.570077,-0.300000,1.000000,1.100000,0.000000,0.000000,-1.571000,-0.299913,1.003289,1.065203,1.493718
4.052000,-0.000087,-0.003290,0.034797,-0.000031,-0.005645,-0.037326,-0.000000,-0.001015,1.570077,-0.300000,1.000000,1.100000,0.000000,0.000000,-1.571000,-0.299913,1.003290,1.065203,1.493719
4.054000,-0.000087,-0.003292,0.034797,-0.000031,-0.005645,-0.037326,-0.000000,-0.001015,1.570077,-0.300000,1.000000,1.100000,0.000000,0.000000,-1.571000,-0.299913,1.003292,1.065203,1.493720
4.056000,-0.000087,-0.003294,0.034797,-0.000031,-0.005645,-0.037326,-0.000000,-0.001015,1.570077,-0.300000,1.000000,1.100000,0.000000,0.000000,-1.571000,-0.299913,1.003294,1.065203,1.493721
4.058000,-0.000087,-0.003295,0.034797,-0.000031,-0.005645,-0.037326,-0.000000,-0.001015,1.570077,-0.300000,1.000000,1.100000,0.000000,0.000000,-1.571000,-0.299913,1.003295,1.065203,1.493722
4.060000,-0.000087,-0.003297,0.034797,-0.000031,-0.005645,-0.037326,-0.000000,-0.001015,1.570077,-0.300000,1.000000,1.100000,0.000000,0.000000,-1.571000,-0.299913,1.003297,1.065203,1.493724
4.062000,-0.000087,-0.003299,0.034797,-0.000031,-0.005645,-0.037326,-0.000000,-0.001015,1.570077,-0.300000,1.000000,1.100000,0.000000,0.000000,-1.571000,-0.299913,1.003299,1.065203,1.493725
4.064000,-0.000087,-0.003300,0.034797,-0.000031,-0.005645,-0.037326,-0.000000,-0.001015,1.570077,-0.300000,1.000000,1.100000,0.000000,0.000000,-1.571000,-0.299913,1.003300,1.065203,1.493726
4.066000,-0.000087,-0.003302,0.034797,-0.000031,-0.005645,-0.037326,-0.000000,-0.001015,1.570077,-0.300000,1.000000,1.100000,0.000000,0.000000,-1.571000,-0.299913,1.003302,1.065203,1.493727
4.068000,-0.000087,-0.003304,0.034797,-0.000031,-0.005645,-0.037326,-0.000000,-0.001015,1.570077,-0.300000,1.000000,1.100000,0.000000,0.000000,-1.571000,-0.299913,1.003304,1.065203,1.493728
4.070000,-0.000087,-0.003305,0.034797,-0.000031,-0.005645,-0.037326,-0.000000,-0.001015,1.570077,-0.300000,1.000000,1.100000,0.000000,0.000000,-1.571000,-0.299913,1.003305,1.065203,1.493729
4.072000,-0.000087,-0.003307,0.034797,-0.000031,-0.005645,-0.037326,-0.000000,-0.001015,1.570077,-0.300000,1.000000,1.100000,0.000000,0.000000,-1.571000,-0.299913,1.003307,1.065203,1.493730
4.074000,-0.000087,-0.003309,0.034797,-0.000031,-0.005645,-0.037326,-0.000000,-0.001015,1.570077,-0.300000,1.000000,1.100000,0.000000,0.000000,-1.571000,-0.299913,1.003309,1.065203,1.493731
4.076000,-0.000088,-0.003310,0.034797,-0.000031,-0.005645,-0.037326,-0.000000,-0.001015,1.570077,-0.300000,1.000000,1.100000,0.000000,0.000000,-1.571000,-0.299912,1.003310,1.065203,1.493732
4.078000,-0.000088,-0.003312,0.034797,-0.000031,-0.005645,-0.037326,-0.000000,-0.001015,1.570077,-0.300000,1.000000,1.100000,0.000000,0.000000,-1.571000,-0.299912,1.003312,1.065203,1.493734
4.080000,-0.000088,-0.003314,0.034797,-0.000031,-0.005645,-0.037326,-0.000000,-0.001015,1.570077,-0.300000,1.000000,1.100000,0.000000,0.000000,-1.571000,-0.299912,1.003314,1.065203,1.493735
4.082000,-0.000088,-0.003316,0.034797,-0.000031,-0.005645,-0.037326,-0.000000,-0.001015,1.570077,-0.300000,1.000000,1.100000,0.000000,0.000000,-1.571000,-0.299912,1.003316,1.065203,1.493736
4.084000,-0.000088,-0.003317,0.034797,-0.000031,-0.005645,-0.037326,-0.000000,-0.001015,1.570077,-0.300000,1.000000,1.100000,0.000000,0.000000,-1.571000,-0.299912,1.003317,1.065203,1.493737
4.086000,-0.000088,-0.003319,0.034797,-0.000031,-0.005645,-0.037326,-0.000000,-0.001015,1.570077,-0.300000,1.000000,1.100000,0.000000,0.000000,-1.571000,-0.299912,1.003319,1.065203,1.493738
4.088000,-0.000088,-0.003321,0.034797,-0.000031,-0.005645,-0.037326,-0.000000,-0.001015,1.570077,-0.300000,1.000000,1.100000,0.000000,0.000000,-1.571000,-0.299912,1.003321,1.065203,1.493739
4.090000,-0.000088,-0.003322,0.034797,-0.000031,-0.005645,-0.037326,-0.000000,-0.001015,1.570078,-0.300000,1.000000,1.100000,0.000000,0.000000,-1.571000,-0.299912,1.003322,1.065203,1.493740
4.092000,-0.000088,-0.003324,0.034797,-0.000031,-0.005645,-0.037326,-0.000000,-0.001015,1.570078,-0.300000,1.000000,1.100000,0.000000,0.000000,-1.571000,-0.299912,1.003324,1.065203,1.493741
4.094000,-0.000088,-0.003326,0.034797,-0.000031,-0.005645,-0.037326,-0.000000,-0.001015,1.570078,-0.300000,1.000000,1.100000,0.000000,0.000000,-1.571000,-0.299912,1.003326,1.065203,1.493742
4.096000,-0.000088,-0.003327,0.034797,-0.000031,-0.005645,-0.037326,-0.000000,-0.001015,1.570078,-0.300000,1.000000,1.100000,0.000000,0.000000,-1.571000,-0.299912,1.003327,1.065203,1.493744
4.098000,-0.000088,-0.003329,0.034797,-0.000031,-0.005645,-0.037326,-0.000000,-0.001015,1.570078,-0.300000,1.000000,1.100000,0.000000,0.000000,-1.571000,-0.299912,1.003329,1.065203,1.493745
4.100000,-0.000088,-0.003331,0.034797,-0.000031,-0.005645,-0.037326,-0.000000,-0.001015,1.570078,-0.300000,1.000000,1.100000,0.000000,0.000000,-1.571000,-0.299912,1.003331,1.065203,1.493746
4.102000,-0.000088,-0.003332,0.034797,-0.000031,-0.005645,-0.037326,-0.000000,-0.001015,1.570078,-0.300000,1.000000,1.100000,0.000000,0.000000,-1.571000,-0.299912,1.003332,1.065203,1.493747
4.104000,-0.000088,-0.003334,0.034797,-0.000031,-0.005645,-0.037326,-0.000000,-0.001015,1.570078,-0.300000,1.000000,1.100000,0.000000,0.000000,-1.571000,-0.299912,1.003334,1.065203,1.493748
4.106000,-0.000088,-0.003336,0.034797,-0.000031,-0.005645,-0.037326,-0.000000,-0.001015,1.570078,-0.300000,1.000000,1.100000,0.000000,0.000000,-1.571000,-0.299912,1.003336,1.065203,1.493749
4.108000,-0.000088,-0.003337,0.034797,-0.000031,-0.005645,-0.037326,-0.000000,-0.001015,1.570078,-0.300000,1.000000,1.100000,0.000000,0.000000,-1.571000,-0.299912,1.003337,1.065203,1.493750
4.110000,-0.000088,-0.003339,0.034797,-0.000031,-0.005645,-0.037326,-0.000000,-0.001015,1.570078,-0.300000,1.000000,1.100000,0.000000,0.000000,-1.571000,-0.299912,1.003339,1.065203,1.493751
4.112000,-0.000088,-0.003341,0.034797,-0.000031,-0.005645,-0.037326,-0.000000,-0.001015,1.570078,-0.300000,1.000000,1.100000,0.000000,0.000000,-1.571000,-0.299912,1.003341,1.065203,1.493753
4.114000,-0.000088,-0.003342,0.034797,-0.000031,-0.005645,-0.037326,-0.000000,-0.001015,1.570078,-0.300000,1.000000,1.100000,0.000000,0.000000,-1.571000,-0.299912,1.003342,1.065203,1.493754
4.116000,-0.000088,-0.003344,0.034797,-0.000031,-0.005645,-0.037326,-0.000000,-0.001015,1.570078,-0.300000,1.000000,1.100000,0.000000,0.000000,-1.571000,-0.299912,1.003344,1.065203,1.493755
4.118000,-0.000088,-0.003346,0.034797,-0.000031,-0.005645,-0.037326,-0.000000,-0.001015,1.570078,-0.300000,1.000000,1.100000,0.000000,0.000000,-1.571000,-0.299912,1.003346,1.065203,1.493756
4.120000,-0.000088,-0.003347,0.034797,-0.000031,-0.005645,-0.037326,-0.000000,-0.001015,1.570078,-0.300000,1.000000,1.100000,0.000000,0.000000,-1.571000,-0.299912,1.003347,1.065203,1.493757
4.122000,-0.000089,-0.003349,0.034797,-0.000031,-0.005645,-0.037326,-0.000000,-0.001015,1.570078,-0.300000,1.000000,1.100000,0.000000,0.000000,-1.571000,-0.299911,1.003349,1.065203,1.493758
4.124000,-0.000089,-0.003351,0.034797,-0.000031,-0.005645,-0.037326,-0.000000,-0.001015,1.570078,-0.300000,1.000000,1.100000,0.000000,0.000000,-1.571000,-0.299911,1.003351,1.065203,1.493759
4.126000,-0.000089,-0.003352,0.034797,-0.000031,-0.005645,-0.037326,-0.000000,-0.001015,1.570078,-0.300000,1.000000,1.100000,0.000000,0.000000,-1.571000,-0.299911,1.003352,1.065203,1.493760
4.128000,-0.000089,-0.003354,0.034797,-0.000031,-0.005645,-0.037326,-0.000000,-0.001015,1.570078,-0.300000,1.000000,1.100000,0.000000,0.000000,-1.571000,-0.299911,1.003354,1.065203,1.493761
4.130000,-0.000089,-0.003356,0.034797,-0.000031,-0.005645,-0.037326,-0.000000,-0.001015,1.570078,-0.300000,1.000000,1.100000,0.000000,0.000000,-1.571000,-0.299911,1.003356,1.065203,1.493763
4.132000,-0.000089,-0.003357,0.034797,-0.000031,-0.005645,-0.037326,-0.000000,-0.001015,1.570078,-0.300000,1.000000,1.100000,0.000000,0.000000,-1.571000,-0.299911,1.003357,1.065203,1.493764
4.134000,-0.000089,-0.003359,0.034797,-0.000031,-0.005645,-0.037326,-0.000000,-0.001015,1.570078,-0.300000,1.000000,1.100000,0.000000,0.000000,-1.571000,-0.299911,1.003359,1.065203,1.493765
4.136000,-0.000089,-0.003361,0.034797,-0.000031,-0.005645,-0.037326,-0.000000,-0.001015,1.570078,-0.300000,1.000000,1.100000,0.000000,0.000000,-1.571000,-0.299911,1.003361,1.065203,1.493766
4.138000,-0.000089,-0.003362,0.034797,-0.000031,-0.005645,-0.037326,-0.000000,-0.001015,1.570078,-0.300000,1.000000,1.100000,0.000000,0.000000,-1.571000,-0.299911,1.003362,1.065203,1.493767
4.140000,-0.000089,-0.003364,0.034797,-0.000031,-0.005645,-0.037326,-0.000000,-0.001015,1.570079,-0.300000,1.000000,1.100000,0.000000,0.000000,-1.571000,-0.299911,1.003364,1.065203,1.493768
4.142000,-0.000089,-0.003366,0.034797,-0.000031,-0.005645,-0.037326,-0.000000,-0.001015,1.570079,-0.300000,1.000000,1.100000,0.000000,0.000000,-1.571000,-0.299911,1.003366,1.065203,1.493769
4.144000,-0.000089,-0.003367,0.034797,-0.000031,-0.005645,-0.037326,-0.000000,-0.001015,1.570079,-0.300000,1.000000,1.100000,0.000000,0.000000,-1.571000,-0.299911,1.003367,1.065203,1.493770
4.146000,-0.000089,-0.003369,0.034797,-0.000031,-0.005645,-0.037326,-0.000000,-0.001015,1.570079,-0.300000,1.000000,1.100000,0.000000,0.000000,-1.571000,-0.299911,1.003369,1.065203,1.493771
4.148000,-0.000089,-0.003371,0.034797,-0.000031,-0.005645,-0.037326,-0.000000,-0.001015,1.570079,-0.300000,1.000000,1.100000,0.000000,0.000000,-1.571000,-0.299911,1.003371,1.065203,1.493773
4.150000,-0.000089,-0.003372,0.034797,-0.000031,-0.005645,-0.037326,-0.000000,-0.001015,1.570079,-0.300000,1.000000,1.100000,0.000000,0.000000,-1.571000,-0.299911,1.003372,1.065203,1.493774
4.152000,-0.000089,-0.003374,0.034797,-0.000031,-0.005645,-0.037326,-0.000000,-0.001015,1.570079,-0.300000,1.000000,1.100000,0.000000,0.000000,-1.571000,-0.299911,1.003374,1.065203,1.493775
4.154000,-0.000089,-0.003376,0.034797,-0.000031,-0.005645,-0.037326,-0.000000,-0.001015,1.570079,-0.300000,1.000000,1.100000,0.000000,0.000000,-1.571000,-0.299911,1.003376,1.065203,1.493776
4.156000,-0.000089,-0.003377,0.034797,-0.000031,-0.005645,-0.037326,-0.000000,-0.001015,1.570079,-0.300000,1.000000,1.100000,0.000000,0.000000,-1.571000,-0.299911,1.003377,1.065203,1.493777
4.158000,-0.000089,-0.003379,0.034797,-0.000031,-0.005645,-0.037326,-0.000000,-0.001015,1.570079,-0.300000,1.000000,1.100000,0.000000,0.000000,-1.571000,-0.299911,1.003379,1.065203,1.493778
4.160000,-0.000089,-0.003381,0.034797,-0.000031,-0.005645,-0.037326,-0.000000,-0.001015,1.570079,-0.300000,1.000000,1.100000,0.000000,0.000000,-1.571000,-0.299911,1.003381,1.065203,1.493779
4.162000,-0.000089,-0.003382,0.034797,-0.000031,-0.005645,-0.037326,-0.000000,-0.001015,1.570079,-0.300000,1.000000,1.100000,0.000000,0.000000,-1.571000,-0.299911,1.003382,1.065203,1.493780
4.164000,-0.000089,-0.003384,0.034797,-0.000031,-0.005645,-0.037326,-0.000000,-0.001015,1.570079,-0.300000,1.000000,1.100000,0.000000,0.000000,-1.571000,-0.299911,1.003384,1.065203,1.493782
4.166000,-0.000090,-0.003386,0.034797,-0.000031,-0.005645,-0.037326,-0.000000,-0.001015,1.570079,-0.300000,1.000000,1.100000,0.000000,0.000000,-1.571000,-0.299910,1.003386,1.065203,1.493783
4.168000,-0.000090,-0.003388,0.034797,-0.000031,-0.005645,-0.037326,-0.000000,-0.001015,1.570079,-0.300000,1.000000,1.100000,0.000000,0.000000,-1.571000,-0.299910,1.003388,1.065203,1.493784
4.170000,-0.000090,-0.003389,0.034797,-0.000031,-0.005645,-0.037326,-0.000000,-0.001015,1.570079,-0.300000,1.000000,1.100000,0.000000,0.000000,-1.571000,-0.299910,1.003389,1.065203,1.493785
4.172000,-0.000090,-0.003391,0.034797,-0.000031,-0.005645,-0.037326,-0.000000,-0.001015,1.570079,-0.300000,1.000000,1.100000,0.000000,0.000000,-1.571000,-0.299910,1.003391,1.065203,1.493786
4.174000,-0.000090,-0.003393,0.034797,-0.000031,-0.005645,-0.037326,-0.000000,-0.001015,1.570079,-0.300000,1.000000,1.100000,0.000000,0.000000,-1.571000,-0.299910,1.003393,1.065203,1.493787
4.176000,-0.000090,-0.003394,0.034797,-0.000031,-0.005645,-0.037326,-0.000000,-0.001015,1.570079,-0.300000,1.000000,1.100000,0.000000,0.000000,-1.571000,-0.299910,1.003394,1.065203,1.493788
4.178000,-0.000090,-0.003396,0.034797,-0.000031,-0.005645,-0.037326,-0.000000,-0.001015,1.570079,-0.300000,1.000000,1.100000,0.000000,0.000000,-1.571000,-0.299910,1.003396,1.065203,1.493789
4.180000,-0.000090,-0.003398,0.034797,-0.000031,-0.005645,-0.037326,-0.000000,-0.001015,1.570079,-0.300000,1.000000,1.100000,0.000000,0.000000,-1.571000,-0.299910,1.003398,1.065203,1.493790
4.182000,-0.000090,-0.003399,0.034797,-0.000031,-0.005645,-0.037326,-0.000000,-0.001015,1.570079,-0.300000,1.000000,1.100000,0.000000,0.000000,-1.571000,-0.299910,1.003399,1.065203,1.493792
4.184000,-0.000090,-0.003401,0.034797,-0.000031,-0.005645,-0.037326,-0.000000,-0.001015,1.570079,-0.300000,1.000000,1.100000,0.000000,0.000000,-1.571000,-0.299910,1.003401,1.065203,1.493793
4.186000,-0.000090,-0.003403,0.034797,-0.000031,-0.005645,-0.037326,-0.000000,-0.001015,1.570079,-0.300000,1.000000,1.100000,0.000000,0.000000,-1.571000,-0.299910,1.003403,1.065203,1.493794
4.188000,-0.000090,-0.003404,0.034797,-0.000031,-0.005645,-0.037326,-0.000000,-0.001015,1.570079,-0.300000,1.000000,1.100000,0.000000,0.000000,-1.571000,-0.299910,1.003404,1.065203,1.493795
4.190000,-0.000090,-0.003406,0.034797,-0.000031,-0.005645,-0.037326,-0.000000,-0.001015,1.570080,-0.300000,1.000000,1.100000,0.000000,0.000000,-1.571000,-0.299910,1.003406,1.065203,1.493796
4.192000,-0.000090,-0.003408,0.034797,-0.000031,-0.005645,-0.037326,-0.000000,-0.001015,1.570080,-0.300000,1.000000,1.100000,0.000000,0.000000,-1.571000,-0.299910,1.003408,1.065203,1.493797
4.194000,-0.000090,-0.003409,0.034797,-0.000031,-0.005645,-0.037326,-0.000000,-0.001015,1.570080,-0.300000,1.000000,1.100000,0.000000,0.000000,-1.571000,-0.299910,1.003409,1.065203,1.493798
4.196000,-0.000090,-0.003411,0.034797,-0.000031,-0.005645,-0.037326,-0.000000,-0.001015,1.570080,-0.300000,1.000000,1.100000,0.000000,0.000000,-1.571000,-0.299910,1.003411,1.065203,1.493799
4.198000,-0.000090,-0.003413,0.034797,-0.000031,-0.005645,-0.037326,-0.000000,-0.001015,1.570080,-0.300000,1.000000,1.100000,0.000000,0.000000,-1.571000,-0.299910,1.003413,1.065203,1.493801
4.200000,-0.000090,-0.003414,0.034797,-0.000031,-0.005645,-0.037326,-0.000000,-0.001015,1.570080,-0.300000,1.000000,1.100000,0.000000,0.000000,-1.571000,-0.299910,1.003414,1.065203,1.493802
4.202000,-0.000090,-0.003416,0.034797,-0.000031,-0.005645,-0.037326,-0.000000,-0.001015,1.570080,-0.300000,1.000000,1.100000,0.000000,0.000000,-1.571000,-0.299910,1.003416,1.065203,1.493803
4.204000,-0.000090,-0.003418,0.034797,-0.000031,-0.005645,-0.037326,-0.000000,-0.001015,1.570080,-0.300000,1.000000,1.100000,0.000000,0.000000,-1.571000,-0.299910,1.003418,1.065203,1.493804
4.206000,-0.000090,-0.003419,0.034797,-0.000031,-0.005645,-0.037326,-0.000000,-0.001015,1.570080,-0.300000,1.000000,1.100000,0.000000,0.000000,-1.571000,-0.299910,1.003419,1.065203,1.493805
4.208000,-0.000090,-0.003421,0.034797,-0.000031,-0.005645,-0.037326,-0.000000,-0.001015,1.570080,-0.300000,1.000000,1.100000,0.000000,0.000000,-1.571000,-0.299910,1.003421,1.065203,1.493806
4.210000,-0.000091,-0.003423,0.034797,-0.000031,-0.005645,-0.037326,-0.000000,-0.001015,1.570080,-0.300000,1.000000,1.100000,0.000000,0.000000,-1.571000,-0.299909,1.003423,1.065203,1.493807
4.212000,-0.000091,-0.003424,0.034797,-0.000031,-0.005645,-0.037326,-0.000000,-0.001015,1.570080,-0.300000,1.000000,1.100000,0.000000,0.000000,-1.571000,-0.299909,1.003424,1.065203,1.493808
4.214000,-0.000091,-0.003426,0.034797,-0.000031,-0.005645,-0.037326,-0.000000,-0.001015,1.570080,-0.300000,1.000000,1.100000,0.000000,0.000000,-1.571000,-0.299909,1.003426,1.065203,1.493809
4.216000,-0.000091,-0.003428,0.034797,-0.000031,-0.005645,-0.037326,-0.000000,-0.001015,1.570080,-0.300000,1.000000,1.100000,0.000000,0.000000,-1.571000,-0.299909,1.003428,1.065203,1.493811
4.218000,-0.000091,-0.003429,0.034797,-0.000031,-0.005645,-0.037326,-0.000000,-0.001015,1.570080,-0.300000,1.000000,1.100000,0.000000,0.000000,-1.571000,-0.299909,1.003429,1.065203,1.493812
4.220000,-0.000091,-0.003431,0.034797,-0.000031,-0.005645,-0.037326,-0.000000,-0.001015,1.570080,-0.300000,1.000000,1.100000,0.000000,0.000000,-1.571000,-0.299909,1.003431,1.065203,1.493813
4.222000,-0.000091,-0.003433,0.034797,-0.000031,-0.005645,-0.037326,-0.000000,-0.001015,1.570080,-0.300000,1.000000,1.100000,0.000000,0.000000,-1.571000,-0.299909,1.003433,1.065203,1.493814
4.224000,-0.000091,-0.003434,0.034797,-0.000031,-0.005645,-0.037326,-0.000000,-0.001015,1.570080,-0.300000,1.000000,1.100000,0.000000,0.000000,-1.571000,-0.299909,1.003434,1.065203,1.493815
4.226000,-0.000091,-0.003436,0.034797,-0.000031,-0.005645,-0.037326,-0.000000,-0.001015,1.570080,-0.300000,1.000000,1.100000,0.000000,0.000000,-1.571000,-0.299909,1.003436,1.065203,1.493816
4.228000,-0.000091,-0.003438,0.034797,-0.000031,-0.005645,-0.037326,-0.000000,-0.001015,1.570080,-0.300000,1.000000,1.100000,0.000000,0.000000,-1.571000,-0.299909,1.003438,1.065203,1.493817
4.230000,-0.000091,-0.003439,0.034797,-0.000031,-0.005645,-0.037326,-0.000000,-0.001015,1.570080,-0.300000,1.000000,1.100000,0.000000,0.000000,-1.571000,-0.299909,1.003439,1.065203,1.493818
4.232000,-0.000091,-0.003441,0.034797,-0.000031,-0.005645,-0.037326,-0.000000,-0.001015,1.570080,-0.300000,1.000000,1.100000,0.000000,0.000000,-1.571000,-0.299909,1.003441,1.065203,1.493819
4.234000,-0.000091,-0.003443,0.034797,-0.000031,-0.005645,-0.037326,-0.000000,-0.001015,1.570080,-0.300000,1.000000,1.100000,0.000000,0.000000,-1.571000,-0.299909,1.003443,1.065203,1.493821
4.236000,-0.000091,-0.003444,0.034797,-0.000031,-0.005645,-0.037326,-0.000000,-0.001015,1.570080,-0.300000,1.000000,1.100000,0.000000,0.000000,-1.571000,-0.299909,1.003444,1.065203,1.493822
4.238000,-0.000091,-0.003446,0.034797,-0.000031,-0.005645,-0.037326,-0.000000,-0.001015,1.570080,-0.300000,1.000000,1.100000,0.000000,0.000000,-1.571000,-0.299909,1.003446,1.065203,1.493823
4.240000,-0.000091,-0.003448,0.034797,-0.000031,-0.005645,-0.037326,-0.000000,-0.001015,1.570080,-0.300000,1.000000,1.100000,0.000000,0.000000,-1.571000,-0.299909,1.003448,1.065203,1.493824
4.242000,-0.000091,-0.003449,0.034797,-0.000031,-0.005645,-0.037326,-0.000000,-0.001015,1.570081,-0.300000,1.000000,1.100000,0.000000,0.000000,-1.571000,-0.299909,1.003449,1.065203,1.493825
4.244000,-0.000091,-0.003451,0.034797,-0.000031,-0.005645,-0.037326,-0.000000,-0.001015,1.570081,-0.300000,1.000000,1.100000,0.000000,0.000000,-1.571000,-0.299909,1.003451,1.065203,1.493826
4.246000,-0.000091,-0.003453,0.034797,-0.000031,-0.005645,-0.037326,-0.000000,-0.001015,1.570081,-0.300000,1.000000,1.100000,0.000000,0.000000,-1.571000,-0.299909,1.003453,1.065203,1.493827
4.248000,-0.000091,-0.003455,0.034797,-0.000031,-0.005645,-0.037326,-0.000000,-0.001015,1.570081,-0.300000,1.000000,1.100000,0.000000,0.000000,-1.571000,-0.299909,1.003455,1.065203,1.493828
4.250000,-0.000091,-0.003456,0.034797,-0.000031,-0.005645,-0.037326,-0.000000,-0.001015,1.570081,-0.300000,1.000000,1.100000,0.000000,0.000000,-1.571000,-0.299909,1.003456,1.065203,1.493830
4.252000,-0.000091,-0.003458,0.034797,-0.000031,-0.005645,-0.037326,-0.000000,-0.001015,1.570081,-0.300000,1.000000,1.100000,0.000000,0.000000,-1.571000,-0.299909,1.003458,1.065203,1.493831
4.254000,-0.000092,-0.003460,0.034797,-0.000031,-0.005645,-0.037326,-0.000000,-0.001015,1.570081,-0.300000,1.000000,1.100000,0.000000,0.000000,-1.571000,-0.299908,1.003460,1.065203,1.493832
4.256000,-0.000092,-0.003461,0.034797,-0.000031,-0.005645,-0.037326,-0.000000,-0.001015,1.570081,-0.300000,1.000000,1.100000,0.000000,0.000000,-1.571000,-0.299908,1.003461,1.065203,1.493833
4.258000,-0.000092,-0.003463,0.034797,-0.000031,-0.005645,-0.037326,-0.000000,-0.001015,1.570081,-0.300000,1.000000,1.100000,0.000000,0.000000,-1.571000,-0.299908,1.003463,1.065203,1.493834
4.260000,-0.000092,-0.003465,0.034797,-0.000031,-0.005645,-0.037326,-0.000000,-0.001015,1.570081,-0.300000,1.000000,1.100000,0.000000,0.000000,-1.571000,-0.299908,1.003465,1.065203,1.493835
4.262000,-0.000092,-0.003466,0.034797,-0.000031,-0.005645,-0.037326,-0.000000,-0.001015,1.570081,-0.300000,1.000000,1.100000,0.000000,0.000000,-1.571000,-0.299908,1.003466,1.065203,1.493836
4.264000,-0.000092,-0.003468,0.034797,-0.000031,-0.005645,-0.037326,-0.000000,-0.001015,1.570081,-0.300000,1.000000,1.100000,0.000000,0.000000,-1.571000,-0.299908,1.003468,1.065203,1.493837
4.266000,-0.000092,-0.003470,0.034797,-0.000031,-0.005645,-0.037326,-0.000000,-0.001015,1.570081,-0.300000,1.000000,1.100000,0.000000,0.000000,-1.571000,-0.299908,1.003470,1.065203,1.493838
4.268000,-0.000092,-0.003471,0.034797,-0.000031,-0.005645,-0.037326,-0.000000,-0.001015,1.570081,-0.300000,1.000000,1.100000,0.000000,0.000000,-1.571000,-0.299908,1.003471,1.065203,1.493840
4.270000,-0.000092,-0.003473,0.034797,-0.000031,-0.005645,-0.037326,-0.000000,-0.001015,1.570081,-0.300000,1.000000,1.100000,0.000000,0.000000,-1.571000,-0.299908,1.003473,1.065203,1.493841
4.272000,-0.000092,-0.003475,0.034797,-0.000031,-0.005645,-0.037326,-0.000000,-0.001015,1.570081,-0.300000,1.000000,1.100000,0.000000,0.000000,-1.571000,-0.299908,1.003475,1.065203,1.493842
4.274000,-0.000092,-0.003476,0.034797,-0.000031,-0.005645,-0.037326,-0.000000,-0.001015,1.570081,-0.300000,1.000000,1.100000,0.000000,0.000000,-1.571000,-0.299908,1.003476,1.065203,1.493843
4.276000,-0.000092,-0.003478,0.034797,-0.000031,-0.005645,-0.037326,-0.000000,-0.001015,1.570081,-0.300000,1.000000,1.100000,0.000000,0.000000,-1.571000,-0.299908,1.003478,1.065203,1.493844
4.278000,-0.000092,-0.003480,0.034797,-0.000031,-0.005645,-0.037326,-0.000000,-0.001015,1.570081,-0.300000,1.000000,1.100000,0.000000,0.000000,-1.571000,-0.299908,1.003480,1.065203,1.493845
4.280000,-0.000092,-0.003481,0.034797,-0.000031,-0.005645,-0.037326,-0.000000,-0.001015,1.570081,-0.300000,1.000000,1.100000,0.000000,0.000000,-1.571000,-0.299908,1.003481,1.065203,1.493846
4.282000,-0.000092,-0.003483,0.034797,-0.000031,-0.005645,-0.037326,-0.000000,-0.001015,1.570081,-0.300000,1.000000,1.100000,0.000000,0.000000,-1.571000,-0.299908,1.003483,1.065203,1.493847
4.284000,-0.000092,-0.003485,0.034797,-0.000031,-0.005645,-0.037326,-0.000000,-0.001015,1.570081,-0.300000,1.000000,1.100000,0.000000,0.000000,-1.571000,-0.299908,1.003485,1.065203,1.493848
4.286000,-0.000092,-0.003486,0.034797,-0.000031,-0.005645,-0.037326,-0.000000,-0.001015,1.570081,-0.300000,1.000000,1.100000,0.000000,0.000000,-1.571000,-0.299908,1.003486,1.065203,1.493850
4.288000,-0.000092,-0.003488,0.034797,-0.000031,-0.005645,-0.037326,-0.000000,-0.001015,1.570081,-0.300000,1.000000,1.100000,0.000000,0.000000,-1.571000,-0.299908,1.003488,1.065203,1.493851
4.290000,-0.000092,-0.003490,0.034797,-0.000031,-0.005645,-0.037326,-0.000000,-0.001015,1.570081,-0.300000,1.000000,1.100000,0.000000,0.000000,-1.571000,-0.299908,1.003490,1.065203,1.493852
4.292000,-0.000092,-0.003491,0.034797,-0.000031,-0.005645,-0.037326,-0.000000,-0.001015,1.570082,-0.300000,1.000000,1.100000,0.000000,0.000000,-1.571000,-0.299908,1.003491,1.065203,1.493853
4.294000,-0.000092,-0.003493,0.034797,-0.000031,-0.005645,-0.037326,-0.000000,-0.001015,1.570082,-0.300000,1.000000,1.100000,0.000000,0.000000,-1.571000,-0.299908,1.003493,1.065203,1.493854
4.296000,-0.000092,-0.003495,0.034797,-0.000031,-0.005645,-0.037326,-0.000000,-0.001015,1.570082,-0.300000,1.000000,1.100000,0.000000,0.000000,-1.571000,-0.299908,1.003495,1.065203,1.493855
4.298000,-0.000092,-0.003496,0.034797,-0.000031,-0.005645,-0.037326,-0.000000,-0.001015,1.570082,-0.300000,1.000000,1.100000,0.000000,0.000000,-1.571000,-0.299908,1.003496,1.065203,1.493856
4.300000,-0.000093,-0.003498,0.034797,-0.000031,-0.005645,-0.037326,-0.000000,-0.001015,1.570082,-0.300000,1.000000,1.100000,0.000000,0.000000,-1.571000,-0.299907,1.003498,1.065203,1.493857
4.302000,-0.000093,-0.003500,0.034797,-0.000031,-0.005645,-0.037326,-0.000000,-0.001015,1.570082,-0.300000,1.000000,1.100000,0.000000,0.000000,-1.571000,-0.299907,1.003500,1.065203,1.493859
4.304000,-0.000093,-0.003501,0.034797,-0.000031,-0.005645,-0.037326,-0.000000,-0.001015,1.570082,-0.300000,1.000000,1.100000,0.000000,0.000000,-1.571000,-0.299907,1.003501,1.065203,1.493860
4.306000,-0.000093,-0.003503,0.034797,-0.000031,-0.005645,-0.037326,-0.000000,-0.001015,1.570082,-0.300000,1.000000,1.100000,0.000000,0.000000,-1.571000,-0.299907,1.003503,1.065203,1.493861
4.308000,-0.000093,-0.003505,0.034797,-0.000031,-0.005645,-0.037326,-0.000000,-0.001015,1.570082,-0.300000,1.000000,1.100000,0.000000,0.000000,-1.571000,-0.299907,1.003505,1.065203,1.493862
4.310000,-0.000093,-0.003506,0.034797,-0.000031,-0.005645,-0.037326,-0.000000,-0.001015,1.570082,-0.300000,1.000000,1.100000,0.000000,0.000000,-1.571000,-0.299907,1.003506,1.065203,1.493863
4.312000,-0.000093,-0.003508,0.034797,-0.000031,-0.005645,-0.037326,-0.000000,-0.001015,1.570082,-0.300000,1.000000,1.100000,0.000000,0.000000,-1.571000,-0.299907,1.003508,1.065203,1.493864
4.314000,-0.000093,-0.003510,0.034797,-0.000031,-0.005645,-0.037326,-0.000000,-0.001015,1.570082,-0.300000,1.000000,1.100000,0.000000,0.000000,-1.571000,-0.299907,1.003510,1.065203,1.493865
4.316000,-0.000093,-0.003511,0.034797,-0.000031,-0.005645,-0.037326,-0.000000,-0.001015,1.570082,-0.300000,1.000000,1.100000,0.000000,0.000000,-1.571000,-0.299907,1.003511,1.065203,1.493866
4.318000,-0.000093,-0.003513,0.034797,-0.000031,-0.005645,-0.037326,-0.000000,-0.001015,1.570082,-0.300000,1.000000,1.100000,0.000000,0.000000,-1.571000,-0.299907,1.003513,1.065203,1.493867
4.320000,-0.000093,-0.003515,0.034797,-0.000031,-0.005645,-0.037326,-0.000000,-0.001015,1.570082,-0.300000,1.000000,1.100000,0.000000,0.000000,-1.571000,-0.299907,1.003515,1.065203,1.493869
4.322000,-0.000093,-0.003516,0.034797,-0.000031,-0.005645,-0.037326,-0.000000,-0.001015,1.570082,-0.300000,1.000000,1.100000,0.000000,0.000000,-1.571000,-0.299907,1.003516,1.065203,1.493870
4.324000,-0.000093,-0.003518,0.034797,-0.000031,-0.005645,-0.037326,-0.000000,-0.001015,1.570082,-0.300000,1.000000,1.100000,0.000000,0.000000,-1.571000,-0.299907,1.003518,1.065203,1.493871
4.326000,-0.000093,-0.003520,0.034797,-0.000031,-0.005645,-0.037326,-0.000000,-0.001015,1.570082,-0.300000,1.000000,1.100000,0.000000,0.000000,-1.571000,-0.299907,1.003520,1.065203,1.493872
4.328000,-0.000093,-0.003521,0.034797,-0.000031,-0.005645,-0.037326,-0.000000,-0.001015,1.570082,-0.300000,1.000000,1.100000,0.000000,0.000000,-1.571000,-0.299907,1.003521,1.065203,1.493873
4.330000,-0.000093,-0.003523,0.034797,-0.000031,-0.005645,-0.037326,-0.000000,-0.001015,1.570082,-0.300000,1.000000,1.100000,0.000000,0.000000,-1.571000,-0.299907,1.003523,1.065203,1.493874
4.332000,-0.000093,-0.003525,0.034797,-0.000031,-0.005645,-0.037326,-0.000000,-0.001015,1.570082,-0.300000,1.000000,1.100000,0.000000,0.000000,-1.571000,-0.299907,1.003525,1.065203,1.493875
4.334000,-0.000093,-0.003527,0.034797,-0.000031,-0.005645,-0.037326,-0.000000,-0.001015,1.570082,-0.300000,1.000000,1.100000,0.000000,0.000000,-1.571000,-0.299907,1.003527,1.065203,1.493876
4.336000,-0.000093,-0.003528,0.034797,-0.000031,-0.005645,-0.037326,-0.000000,-0.001015,1.570082,-0.300000,1.000000,1.100000,0.000000,0.000000,-1.571000,-0.299907,1.003528,1.065203,1.493878
4.338000,-0.000093,-0.003530,0.034797,-0.000031,-0.005645,-0.037326,-0.000000,-0.001015,1.570082,-0.300000,1.000000,1.100000,0.000000,0.000000,-1.571000,-0.299907,1.003530,1.065203,1.493879
4.340000,-0.000093,-0.003532,0.034797,-0.000031,-0.005645,-0.037326,-0.000000,-0.001015,1.570082,-0.300000,1.000000,1.100000,0.000000,0.000000,-1.571000,-0.299907,1.003532,1.065203,1.493880
4.342000,-0.000093,-0.003533,0.034797,-0.000031,-0.005645,-0.037326,-0.000000,-0.001015,1.570083,-0.300000,1.000000,1.100000,0.000000,0.000000,-1.571000,-0.299907,1.003533,1.065203,1.493881
4.344000,-0.000094,-0.003535,0.034797,-0.000031,-0.005645,-0.037326,-0.000000,-0.001015,1.570083,-0.300000,1.000000,1.100000,0.000000,0.000000,-1.571000,-0.299906,1.003535,1.065203,1.493882
4.346000,-0.000094,-0.003537,0.034797,-0.000031,-0.005645,-0.037326,-0.000000,-0.001015,1.570083,-0.300000,1.000000,1.100000,0.000000,0.000000,-1.571000,-0.299906,1.003537,1.065203,1.493883
4.348000,-0.000094,-0.003538,0.034797,-0.000031,-0.005645,-0.037326,-0.000000,-0.001015,1.570083,-0.300000,1.000000,1.100000,0.000000,0.000000,-1.571000,-0.299906,1.003538,1.065203,1.493884
4.350000,-0.000094,-0.003540,0.034797,-0.000031,-0.005645,-0.037326,-0.000000,-0.001015,1.570083,-0.300000,1.000000,1.100000,0.000000,0.000000,-1.571000,-0.299906,1.003540,1.065203,1.493885
4.352000,-0.000094,-0.003542,0.034797,-0.000031,-0.005645,-0.037326,-0.000000,-0.001015,1.570083,-0.300000,1.000000,1.100000,0.000000,0.000000,-1.571000,-0.299906,1.003542,1.065203,1.493886
4.354000,-0.000094,-0.003543,0.034797,-0.000031,-0.005645,-0.037326,-0.000000,-0.001015,1.570083,-0.300000,1.000000,1.100000,0.000000,0.000000,-1.571000,-0.299906,1.003543,1.065203,1.493888
4.356000,-0.000094,-0.003545,0.034797,-0.000031,-0.005645,-0.037326,-0.000000,-0.001015,1.570083,-0.300000,1.000000,1.100000,0.000000,0.000000,-1.571000,-0.299906,1.003545,1.065203,1.493889
4.358000,-0.000094,-0.003547,0.034797,-0.000031,-0.005645,-0.037326,-0.000000,-0.001015,1.570083,-0.300000,1.000000,1.100000,0.000000,0.000000,-1.571000,-0.299906,1.003547,1.065203,1.493890
4.360000,-0.000094,-0.003548,0.034797,-0.000031,-0.005645,-0.037326,-0.000000,-0.001015,1.570083,-0.300000,1.000000,1.100000,0.000000,0.000000,-1.571000,-0.299906,1.003548,1.065203,1.493891
4.362000,-0.000094,-0.003550,0.034797,-0.000031,-0.005645,-0.037326,-0.000000,-0.001015,1.570083,-0.300000,1.000000,1.100000,0.000000,0.000000,-1.571000,-0.299906,1.003550,1.065203,1.493892
4.364000,-0.000094,-0.003552,0.034797,-0.000031,-0.005645,-0.037326,-0.000000,-0.001015,1.570083,-0.300000,1.000000,1.100000,0.000000,0.000000,-1.571000,-0.299906,1.003552,1.065203,1.493893
4.366000,-0.000094,-0.003553,0.034797,-0.000031,-0.005645,-0.037326,-0.000000,-0.001015,1.570083,-0.300000,1.000000,1.100000,0.000000,0.000000,-1.571000,-0.299906,1.003553,1.065203,1.493894
4.368000,-0.000094,-0.003555,0.034797,-0.000031,-0.005645,-0.037326,-0.000000,-0.001015,1.570083,-0.300000,1.000000,1.100000,0.000000,0.000000,-1.571000,-0.299906,1.003555,1.065203,1.493895
4.370000,-0.000094,-0.003557,0.034797,-0.000031,-0.005645,-0.037326,-0.000000,-0.001015,1.570083,-0.300000,1.000000,1.100000,0.000000,0.000000,-1.571000,-0.299906,1.003557,1.065203,1.493896
4.372000,-0.000094,-0.003558,0.034797,-0.000031,-0.005645,-0.037326,-0.000000,-0.001015,1.570083,-0.300000,1.000000,1.100000,0.000000,0.000000,-1.571000,-0.299906,1.003558,1.065203,1.493898
4.374000,-0.000094,-0.003560,0.034797,-0.000031,-0.005645,-0.037326,-0.000000,-0.001015,1.570083,-0.300000,1.000000,1.100000,0.000000,0.000000,-1.571000,-0.299906,1.003560,1.065203,1.493899
4.376000,-0.000094,-0.003562,0.034797,-0.000031,-0.005645,-0.037326,-0.000000,-0.001015,1.570083,-0.300000,1.000000,1.100000,0.000000,0.000000,-1.571000,-0.299906,1.003562,1.065203,1.493900
4.378000,-0.000094,-0.003563,0.034797,-0.000031,-0.005645,-0.037326,-0.000000,-0.001015,1.570083,-0.300000,1.000000,1.100000,0.000000,0.000000,-1.571000,-0.299906,1.003563,1.065203,1.493901
4.380000,-0.000094,-0.003565,0.034797,-0.000031,-0.005645,-0.037326,-0.000000,-0.001015,1.570083,-0.300000,1.000000,1.100000,0.000000,0.000000,-1.571000,-0.299906,1.003565,1.065203,1.493902
4.382000,-0.000094,-0.003567,0.034797,-0.000031,-0.005645,-0.037326,-0.000000,-0.001015,1.570083,-0.300000,1.000000,1.100000,0.000000,0.000000,-1.571000,-0.299906,1.003567,1.065203,1.493903
4.384000,-0.000094,-0.003568,0.034797,-0.000031,-0.005645,-0.037326,-0.000000,-0.001015,1.570083,-0.300000,1.000000,1.100000,0.000000,0.000000,-1.571000,-0.299906,1.003568,1.065203,1.493904
4.386000,-0.000094,-0.003570,0.034797,-0.000031,-0.005645,-0.037326,-0.000000,-0.001015,1.570083,-0.300000,1.000000,1.100000,0.000000,0.000000,-1.571000,-0.299906,1.003570,1.065203,1.493905
4.388000,-0.000095,-0.003572,0.034797,-0.000031,-0.005645,-0.037326,-0.000000,-0.001015,1.570083,-0.300000,1.000000,1.100000,0.000000,0.000000,-1.571000,-0.299905,1.003572,1.065203,1.493907
4.390000,-0.000095,-0.003573,0.034797,-0.000031,-0.005645,-0.037326,-0.000000,-0.001015,1.570083,-0.300000,1.000000,1.100000,0.000000,0.000000,-1.571000,-0.299905,1.003573,1.065203,1.493908
4.392000,-0.000095,-0.003575,0.034797,-0.000031,-0.005645,-0.037326,-0.000000,-0.001015,1.570083,-0.300000,1.000000,1.100000,0.000000,0.000000,-1.571000,-0.299905,1.003575,1.065203,1.493909
4.394000,-0.000095,-0.003577,0.034797,-0.000031,-0.005645,-0.037326,-0.000000,-0.001015,1.570084,-0.300000,1.000000,1.100000,0.000000,0.000000,-1.571000,-0.299905,1.003577,1.065203,1.493910
4.396000,-0.000095,-0.003578,0.034797,-0.000031,-0.005645,-0.037326,-0.000000,-0.001015,1.570084,-0.300000,1.000000,1.100000,0.000000,0.000000,-1.571000,-0.299905,1.003578,1.065203,1.493911
4.398000,-0.000095,-0.003580,0.034797,-0.000031,-0.005645,-0.037326,-0.000000,-0.001015,1.570084,-0.300000,1.000000,1.100000,0.000000,0.000000,-1.571000,-0.299905,1.003580,1.065203,1.493912
4.400000,-0.000095,-0.003582,0.034797,-0.000031,-0.005645,-0.037326,-0.000000,-0.001015,1.570084,-0.300000,1.000000,1.100000,0.000000,0.000000,-1.571000,-0.299905,1.003582,1.065203,1.493913
4.402000,-0.000095,-0.003583,0.034797,-0.000031,-0.005645,-0.037326,-0.000000,-0.001015,1.570084,-0.300000,1.000000,1.100000,0.000000,0.000000,-1.571000,-0.299905,1.003583,1.065203,1.493914
4.404000,-0.000095,-0.003585,0.034797,-0.000031,-0.005645,-0.037326,-0.000000,-0.001015,1.570084,-0.300000,1.000000,1.100000,0.000000,0.000000,-1.571000,-0.299905,1.003585,1.065203,1.493915
4.406000,-0.000095,-0.003587,0.034797,-0.000031,-0.005645,-0.037326,-0.000000,-0.001015,1.570084,-0.300000,1.000000,1.100000,0.000000,0.000000,-1.571000,-0.299905,1.003587,1.065203,1.493917
4.408000,-0.000095,-0.003588,0.034797,-0.000031,-0.005645,-0.037326,-0.000000,-0.001015,1.570084,-0.300000,1.000000,1.100000,0.000000,0.000000,-1.571000,-0.299905,1.003588,1.065203,1.493918
4.410000,-0.000095,-0.003590,0.034797,-0.000031,-0.005645,-0.037326,-0.000000,-0.001015,1.570084,-0.300000,1.000000,1.100000,0.000000,0.000000,-1.571000,-0.299905,1.003590,1.065203,1.493919
4.412000,-0.000095,-0.003592,0.034797,-0.000031,-0.005645,-0.037326,-0.000000,-0.001015,1.570084,-0.300000,1.000000,1.100000,0.000000,0.000000,-1.571000,-0.299905,1.003592,1.065203,1.493920
4.414000,-0.000095,-0.003594,0.034797,-0.000031,-0.005645,-0.037326,-0.000000,-0.001015,1.570084,-0.300000,1.000000,1.100000,0.000000,0.000000,-1.571000,-0.299905,1.003594,1.065203,1.493921
4.416000,-0.000095,-0.003595,0.034797,-0.000031,-0.005645,-0.037326,-0.000000,-0.001015,1.570084,-0.300000,1.000000,1.100000,0.000000,0.000000,-1.571000,-0.299905,1.003595,1.065203,1.493922
4.418000,-0.000095,-0.003597,0.034797,-0.000031,-0.005645,-0.037326,-0.000000,-0.001015,1.570084,-0.300000,1.000000,1.100000,0.000000,0.000000,-1.571000,-0.299905,1.003597,1.065203,1.493923
4.420000,-0.000095,-0.003599,0.034797,-0.000031,-0.005645,-0.037326,-0.000000,-0.001015,1.570084,-0.300000,1.000000,1.100000,0.000000,0.000000,-1.571000,-0.299905,1.003599,1.065203,1.493924
4.422000,-0.000095,-0.003600,0.034797,-0.000031,-0.005645,-0.037326,-0.000000,-0.001015,1.570084,-0.300000,1.000000,1.100000,0.000000,0.000000,-1.571000,-0.299905,1.003600,1.065203,1.493926
4.424000,-0.000095,-0.003602,0.034797,-0.000031,-0.005645,-0.037326,-0.000000,-0.001015,1.570084,-0.300000,1.000000,1.100000,0.000000,0.000000,-1.571000,-0.299905,1.003602,1.065203,1.493927
4.426000,-0.000095,-0.003604,0.034797,-0.000031,-0.005645,-0.037326,-0.000000,-0.001015,1.570084,-0.300000,1.000000,1.100000,0.000000,0.000000,-1.571000,-0.299905,1.003604,1.065203,1.493928
4.428000,-0.000095,-0.003605,0.034797,-0.000031,-0.005645,-0.037326,-0.000000,-0.001015,1.570084,-0.300000,1.000000,1.100000,0.000000,0.000000,-1.571000,-0.299905,1.003605,1.065203,1.493929
4.430000,-0.000095,-0.003607,0.034797,-0.000031,-0.005645,-0.037326,-0.000000,-0.001015,1.570084,-0.300000,1.000000,1.100000,0.000000,0.000000,-1.571000,-0.299905,1.003607,1.065203,1.493930
4.432000,-0.000096,-0.003609,0.034797,-0.000031,-0.005645,-0.037326,-0.000000,-0.001015,1.570084,-0.300000,1.000000,1.100000,0.000000,0.000000,-1.571000,-0.299904,1.003609,1.065203,1.493931
4.434000,-0.000096,-0.003610,0.034797,-0.000031,-0.005645,-0.037326,-0.000000,-0.001015,1.570084,-0.300000,1.000000,1.100000,0.000000,0.000000,-1.571000,-0.299904,1.003610,1.065203,1.493932
4.436000,-0.000096,-0.003612,0.034797,-0.000031,-0.005645,-0.037326,-0.000000,-0.001015,1.570084,-0.300000,1.000000,1.100000,0.000000,0.000000,-1.571000,-0.299904,1.003612,1.065203,1.493933
4.438000,-0.000096,-0.003614,0.034797,-0.000031,-0.005645,-0.037326,-0.000000,-0.001015,1.570084,-0.300000,1.000000,1.100000,0.000000,0.000000,-1.571000,-0.299904,1.003614,1.065203,1.493934
4.440000,-0.000096,-0.003615,0.034797,-0.000031,-0.005645,-0.037326,-0.000000,-0.001015,1.570084,-0.300000,1.000000,1.100000,0.000000,0.000000,-1.571000,-0.299904,1.003615,1.065203,1.493936
4.442000,-0.000096,-0.003617,0.034797,-0.000031,-0.005645,-0.037326,-0.000000,-0.001015,1.570084,-0.300000,1.000000,1.100000,0.000000,0.000000,-1.571000,-0.299904,1.003617,1.065203,1.493937
4.444000,-0.000096,-0.003619,0.034797,-0.000031,-0.005645,-0.037326,-0.000000,-0.001015,1.570085,-0.300000,1.000000,1.100000,0.000000,0.000000,-1.571000,-0.299904,1.003619,1.065203,1.493938
4.446000,-0.000096,-0.003620,0.034797,-0.000031,-0.005645,-0.037326,-0.000000,-0.001015,1.570085,-0.300000,1.000000,1.100000,0.000000,0.000000,-1.571000,-0.299904,1.003620,1.065203,1.493939
4.448000,-0.000096,-0.003622,0.034797,-0.000031,-0.005645,-0.037326,-0.000000,-0.001015,1.570085,-0.300000,1.000000,1.100000,0.000000,0.000000,-1.571000,-0.299904,1.003622,1.065203,1.493940
4.450000,-0.000096,-0.003624,0.034797,-0.000031,-0.005645,-0.037326,-0.000000,-0.001015,1.570085,-0.300000,1.000000,1.100000,0.000000,0.000000,-1.571000,-0.299904,1.003624,1.065203,1.493941
4.452000,-0.000096,-0.003625,0.034797,-0.000031,-0.005645,-0.037326,-0.000000,-0.001015,1.570085,-0.300000,1.000000,1.100000,0.000000,0.000000,-1.571000,-0.299904,1.003625,1.065203,1.493942
4.454000,-0.000096,-0.003627,0.034797,-0.000031,-0.005645,-0.037326,-0.000000,-0.001015,1.570085,-0.300000,1.000000,1.100000,0.000000,0.000000,-1.571000,-0.299904,1.003627,1.065203,1.493943
4.456000,-0.000096,-0.003629,0.034797,-0.000031,-0.005645,-0.037326,-0.000000,-0.001015,1.570085,-0.300000,1.000000,1.100000,0.000000,0.000000,-1.571000,-0.299904,1.003629,1.065203,1.493944
4.458000,-0.000096,-0.003630,0.034797,-0.000031,-0.005645,-0.037326,-0.000000,-0.001015,1.570085,-0.300000,1.000000,1.100000,0.000000,0.000000,-1.571000,-0.299904,1.003630,1.065203,1.493946
4.460000,-0.000096,-0.003632,0.034797,-0.000031,-0.005645,-0.037326,-0.000000,-0.001015,1.570085,-0.300000,1.000000,1.100000,0.000000,0.000000,-1.571000,-0.299904,1.003632,1.065203,1.493947
4.462000,-0.000096,-0.003634,0.034797,-0.000031,-0.005645,-0.037326,-0.000000,-0.001015,1.570085,-0.300000,1.000000,1.100000,0.000000,0.000000,-1.571000,-0.299904,1.003634,1.065203,1.493948
4.464000,-0.000096,-0.003635,0.034797,-0.000031,-0.005645,-0.037326,-0.000000,-0.001015,1.570085,-0.300000,1.000000,1.100000,0.000000,0.000000,-1.571000,-0.299904,1.003635,1.065203,1.493949
4.466000,-0.000096,-0.003637,0.034797,-0.000031,-0.005645,-0.037326,-0.000000,-0.001015,1.570085,-0.300000,1.000000,1.100000,0.000000,0.000000,-1.571000,-0.299904,1.003637,1.065203,1.493950
4.468000,-0.000096,-0.003639,0.034797,-0.000031,-0.005645,-0.037326,-0.000000,-0.001015,1.570085,-0.300000,1.000000,1.100000,0.000000,0.000000,-1.571000,-0.299904,1.003639,1.065203,1.493951
4.470000,-0.000096,-0.003640,0.034797,-0.000031,-0.005645,-0.037326,-0.000000,-0.001015,1.570085,-0.300000,1.000000,1.100000,0.000000,0.000000,-1.571000,-0.299904,1.003640,1.065203,1.493952
4.472000,-0.000096,-0.003642,0.034797,-0.000031,-0.005645,-0.037326,-0.000000,-0.001015,1.570085,-0.300000,1.000000,1.100000,0.000000,0.000000,-1.571000,-0.299904,1.003642,1.065203,1.493953
4.474000,-0.000096,-0.003644,0.034797,-0.000031,-0.005645,-0.037326,-0.000000,-0.001015,1.570085,-0.300000,1.000000,1.100000,0.000000,0.000000,-1.571000,-0.299904,1.003644,1.065203,1.493955
4.476000,-0.000096,-0.003645,0.034797,-0.000031,-0.005645,-0.037326,-0.000000,-0.001015,1.570085,-0.300000,1.000000,1.100000,0.000000,0.000000,-1.571000,-0.299904,1.003645,1.065203,1.493956
4.478000,-0.000097,-0.003647,0.034797,-0.000031,-0.005645,-0.037326,-0.000000,-0.001015,1.570085,-0.300000,1.000000,1.100000,0.000000,0.000000,-1.571000,-0.299903,1.003647,1.065203,1.493957
4.480000,-0.000097,-0.003649,0.034797,-0.000031,-0.005645,-0.037326,-0.000000,-0.001015,1.570085,-0.300000,1.000000,1.100000,0.000000,0.000000,-1.571000,-0.299903,1.003649,1.065203,1.493958
4.482000,-0.000097,-0.003650,0.034797,-0.000031,-0.005645,-0.037326,-0.000000,-0.001015,1.570085,-0.300000,1.000000,1.100000,0.000000,0.000000,-1.571000,-0.299903,1.003650,1.065203,1.493959
4.484000,-0.000097,-0.003652,0.034797,-0.000031,-0.005645,-0.037326,-0.000000,-0.001015,1.570085,-0.300000,1.000000,1.100000,0.000000,0.000000,-1.571000,-0.299903,1.003652,1.065203,1.493960
4.486000,-0.000097,-0.003654,0.034797,-0.000031,-0.005645,-0.037326,-0.000000,-0.001015,1.570085,-0.300000,1.000000,1.100000,0.000000,0.000000,-1.571000,-0.299903,1.003654,1.065203,1.493961
4.488000,-0.000097,-0.003655,0.034797,-0.000031,-0.005645,-0.037326,-0.000000,-0.001015,1.570085,-0.300000,1.000000,1.100000,0.000000,0.000000,-1.571000,-0.299903,1.003655,1.065203,1.493962
4.490000,-0.000097,-0.003657,0.034797,-0.000031,-0.005645,-0.037326,-0.000000,-0.001015,1.570085,-0.300000,1.000000,1.100000,0.000000,0.000000,-1.571000,-0.299903,1.003657,1.065203,1.493963
4.492000,-0.000097,-0.003659,0.034797,-0.000031,-0.005645,-0.037326,-0.000000,-0.001015,1.570085,-0.300000,1.000000,1.100000,0.000000,0.000000,-1.571000,-0.299903,1.003659,1.065203,1.493965
4.494000,-0.000097,-0.003660,0.034797,-0.000031,-0.005645,-0.037326,-0.000000,-0.001015,1.570086,-0.300000,1.000000,1.100000,0.000000,0.000000,-1.571000,-0.299903,1.003660,1.065203,1.493966
4.496000,-0.000097,-0.003662,0.034797,-0.000031,-0.005645,-0.037326,-0.000000,-0.001015,1.570086,-0.300000,1.000000,1.100000,0.000000,0.000000,-1.571000,-0.299903,1.003662,1.065203,1.493967
4.498000,-0.000097,-0.003664,0.034797,-0.000031,-0.005645,-0.037326,-0.000000,-0.001015,1.570086,-0.300000,1.000000,1.100000,0.000000,0.000000,-1.571000,-0.299903,1.003664,1.065203,1.493968
4.500000,-0.000097,-0.003666,0.034797,-0.000031,-0.005645,-0.037326,-0.000000,-0.001015,1.570086,-0.300000,1.000000,1.100000,0.000000,0.000000,-1.571000,-0.299903,1.003666,1.065203,1.493969
4.502000,-0.000097,-0.003667,0.034797,-0.000031,-0.005645,-0.037326,-0.000000,-0.001015,1.570086,-0.300000,1.000000,1.100000,0.000000,0.000000,-1.571000,-0.299903,1.003667,1.065203,1.493970
4.504000,-0.000097,-0.003669,0.034797,-0.000031,-0.005645,-0.037326,-0.000000,-0.001015,1.570086,-0.300000,1.000000,1.100000,0.000000,0.000000,-1.571000,-0.299903,1.003669,1.065203,1.493971
4.506000,-0.000097,-0.003671,0.034797,-0.000031,-0.005645,-0.037326,-0.000000,-0.001015,1.570086,-0.300000,1.000000,1.100000,0.000000,0.000000,-1.571000,-0.299903,1.003671,1.065203,1.493972
4.508000,-0.000097,-0.003672,0.034797,-0.000031,-0.005645,-0.037326,-0.000000,-0.001015,1.570086,-0.300000,1.000000,1.100000,0.000000,0.000000,-1.571000,-0.299903,1.003672,1.065203,1.493973
4.510000,-0.000097,-0.003674,0.034797,-0.000031,-0.005645,-0.037326,-0.000000,-0.001015,1.570086,-0.300000,1.000000,1.100000,0.000000,0.000000,-1.571000,-0.299903,1.003674,1.065203,1.493975
4.512000,-0.000097,-0.003676,0.034797,-0.000031,-0.005645,-0.037326,-0.000000,-0.001015,1.570086,-0.300000,1.000000,1.100000,0.000000,0.000000,-1.571000,-0.299903,1.003676,1.065203,1.493976
4.514000,-0.000097,-0.003677,0.034797,-0.000031,-0.005645,-0.037326,-0.000000,-0.001015,1.570086,-0.300000,1.000000,1.100000,0.000000,0.000000,-1.571000,-0.299903,1.003677,1.065203,1.493977
4.516000,-0.000097,-0.003679,0.034797,-0.000031,-0.005645,-0.037326,-0.000000,-0.001015,1.570086,-0.300000,1.000000,1.100000,0.000000,0.000000,-1.571000,-0.299903,1.003679,1.065203,1.493978
4.518000,-0.000097,-0.003681,0.034797,-0.000031,-0.005645,-0.037326,-0.000000,-0.001015,1.570086,-0.300000,1.000000,1.100000,0.000000,0.000000,-1.571000,-0.299903,1.003681,1.065203,1.493979
4.520000,-0.000097,-0.003682,0.034797,-0.000031,-0.005645,-0.037326,-0.000000,-0.001015,1.570086,-0.300000,1.000000,1.100000,0.000000,0.000000,-1.571000,-0.299903,1.003682,1.065203,1.493980
4.522000,-0.000098,-0.003684,0.034797,-0.000031,-0.005645,-0.037326,-0.000000,-0.001015,1.570086,-0.300000,1.000000,1.100000,0.000000,0.000000,-1.571000,-0.299902,1.003684,1.065203,1.493981
4.524000,-0.000098,-0.003686,0.034797,-0.000031,-0.005645,-0.037326,-0.000000,-0.001015,1.570086,-0.300000,1.000000,1.100000,0.000000,0.000000,-1.571000,-0.299902,1.003686,1.065203,1.493982
4.526000,-0.000098,-0.003687,0.034797,-0.000031,-0.005645,-0.037326,-0.000000,-0.001015,1.570086,-0.300000,1.000000,1.100000,0.000000,0.000000,-1.571000,-0.299902,1.003687,1.065203,1.493984
4.528000,-0.000098,-0.003689,0.034797,-0.000031,-0.005645,-0.037326,-0.000000,-0.001015,1.570086,-0.300000,1.000000,1.100000,0.000000,0.000000,-1.571000,-0.299902,1.003689,1.065203,1.493985
4.530000,-0.000098,-0.003691,0.034797,-0.000031,-0.005645,-0.037326,-0.000000,-0.001015,1.570086,-0.300000,1.000000,1.100000,0.000000,0.000000,-1.571000,-0.299902,1.003691,1.065203,1.493986
4.532000,-0.000098,-0.003692,0.034797,-0.000031,-0.005645,-0.037326,-0.000000,-0.001015,1.570086,-0.300000,1.000000,1.100000,0.000000,0.000000,-1.571000,-0.299902,1.003692,1.065203,1.493987
4.534000,-0.000098,-0.003694,0.034797,-0.000031,-0.005645,-0.037326,-0.000000,-0.001015,1.570086,-0.300000,1.000000,1.100000,0.000000,0.000000,-1.571000,-0.299902,1.003694,1.065203,1.493988
4.536000,-0.000098,-0.003696,0.034797,-0.000031,-0.005645,-0.037326,-0.000000,-0.001015,1.570086,-0.300000,1.000000,1.100000,0.000000,0.000000,-1.571000,-0.299902,1.003696,1.065203,1.493989
4.538000,-0.000098,-0.003697,0.034797,-0.000031,-0.005645,-0.037326,-0.000000,-0.001015,1.570086,-0.300000,1.000000,1.100000,0.000000,0.000000,-1.571000,-0.299902,1.003697,1.065203,1.493990
4.540000,-0.000098,-0.003699,0.034797,-0.000031,-0.005645,-0.037326,-0.000000,-0.001015,1.570086,-0.300000,1.000000,1.100000,0.000000,0.000000,-1.571000,-0.299902,1.003699,1.065203,1.493991
4.542000,-0.000098,-0.003701,0.034797,-0.000031,-0.005645,-0.037326,-0.000000,-0.001015,1.570086,-0.300000,1.000000,1.100000,0.000000,0.000000,-1.571000,-0.299902,1.003701,1.065203,1.493992
4.544000,-0.000098,-0.003702,0.034797,-0.000031,-0.005645,-0.037326,-0.000000,-0.001015,1.570086,-0.300000,1.000000,1.100000,0.000000,0.000000,-1.571000,-0.299902,1.003702,1.065203,1.493994
4.546000,-0.000098,-0.003704,0.034797,-0.000031,-0.005645,-0.037326,-0.000000,-0.001015,1.570087,-0.300000,1.000000,1.100000,0.000000,0.000000,-1.571000,-0.299902,1.003704,1.065203,1.493995
4.548000,-0.000098,-0.003706,0.034797,-0.000031,-0.005645,-0.037326,-0.000000,-0.001015,1.570087,-0.300000,1.000000,1.100000,0.000000,0.000000,-1.571000,-0.299902,1.003706,1.065203,1.493996
4.550000,-0.000098,-0.003707,0.034797,-0.000031,-0.005645,-0.037326,-0.000000,-0.001015,1.570087,-0.300000,1.000000,1.100000,0.000000,0.000000,-1.571000,-0.299902,1.003707,1.065203,1.493997
4.552000,-0.000098,-0.003709,0.034797,-0.000031,-0.005645,-0.037326,-0.000000,-0.001015,1.570087,-0.300000,1.000000,1.100000,0.000000,0.000000,-1.571000,-0.299902,1.003709,1.065203,1.493998
4.554000,-0.000098,-0.003711,0.034797,-0.000031,-0.005645,-0.037326,-0.000000,-0.001015,1.570087,-0.300000,1.000000,1.100000,0.000000,0.000000,-1.571000,-0.299902,1.003711,1.065203,1.493999
4.556000,-0.000098,-0.003712,0.034797,-0.000031,-0.005645,-0.037326,-0.000000,-0.001015,1.570087,-0.300000,1.000000,1.100000,0.000000,0.000000,-1.571000,-0.299902,1.003712,1.065203,1.494000
4.558000,-0.000098,-0.003714,0.034797,-0.000031,-0.005645,-0.037326,-0.000000,-0.001015,1.570087,-0.300000,1.000000,1.100000,0.000000,0.000000,-1.571000,-0.299902,1.003714,1.065203,1.494001
4.560000,-0.000098,-0.003716,0.034797,-0.000031,-0.005645,-0.037326,-0.000000,-0.001015,1.570087,-0.300000,1.000000,1.100000,0.000000,0.000000,-1.571000,-0.299902,1.003716,1.065203,1.494003
4.562000,-0.000098,-0.003717,0.034797,-0.000031,-0.005645,-0.037326,-0.000000,-0.001015,1.570087,-0.300000,1.000000,1.100000,0.000000,0.000000,-1.571000,-0.299902,1.003717,1.065203,1.494004
4.564000,-0.000098,-0.003719,0.034797,-0.000031,-0.005645,-0.037326,-0.000000,-0.001015,1.570087,-0.300000,1.000000,1.100000,0.000000,0.000000,-1.571000,-0.299902,1.003719,1.065203,1.494005
4.566000,-0.000099,-0.003721,0.034797,-0.000031,-0.005645,-0.037326,-0.000000,-0.001015,1.570087,-0.300000,1.000000,1.100000,0.000000,0.000000,-1.571000,-0.299901,1.003721,1.065203,1.494006
4.568000,-0.000099,-0.003722,0.034797,-0.000031,-0.005645,-0.037326,-0.000000,-0.001015,1.570087,-0.300000,1.000000,1.100000,0.000000,0.000000,-1.571000,-0.299901,1.003722,1.065203,1.494007
4.570000,-0.000099,-0.003724,0.034797,-0.000031,-0.005645,-0.037326,-0.000000,-0.001015,1.570087,-0.300000,1.000000,1.100000,0.000000,0.000000,-1.571000,-0.299901,1.003724,1.065203,1.494008
4.572000,-0.000099,-0.003726,0.034797,-0.000031,-0.005645,-0.037326,-0.000000,-0.001015,1.570087,-0.300000,1.000000,1.100000,0.000000,0.000000,-1.571000,-0.299901,1.003726,1.065203,1.494009
4.574000,-0.000099,-0.003727,0.034797,-0.000031,-0.005645,-0.037326,-0.000000,-0.001015,1.570087,-0.300000,1.000000,1.100000,0.000000,0.000000,-1.571000,-0.299901,1.003727,1.065203,1.494010
4.576000,-0.000099,-0.003729,0.034797,-0.000031,-0.005645,-0.037326,-0.000000,-0.001015,1.570087,-0.300000,1.000000,1.100000,0.000000,0.000000,-1.571000,-0.299901,1.003729,1.065203,1.494011
4.578000,-0.000099,-0.003731,0.034797,-0.000031,-0.005645,-0.037326,-0.000000,-0.001015,1.570087,-0.300000,1.000000,1.100000,0.000000,0.000000,-1.571000,-0.299901,1.003731,1.065203,1.494013
4.580000,-0.000099,-0.003733,0.034797,-0.000031,-0.005645,-0.037326,-0.000000,-0.001015,1.570087,-0.300000,1.000000,1.100000,0.000000,0.000000,-1.571000,-0.299901,1.003733,1.065203,1.494014
4.582000,-0.000099,-0.003734,0.034797,-0.000031,-0.005645,-0.037326,-0.000000,-0.001015,1.570087,-0.300000,1.000000,1.100000,0.000000,0.000000,-1.571000,-0.299901,1.003734,1.065203,1.494015
4.584000,-0.000099,-0.003736,0.034797,-0.000031,-0.005645,-0.037326,-0.000000,-0.001015,1.570087,-0.300000,1.000000,1.100000,0.000000,0.000000,-1.571000,-0.299901,1.003736,1.065203,1.494016
4.586000,-0.000099,-0.003738,0.034797,-0.000031,-0.005645,-0.037326,-0.000000,-0.001015,1.570087,-0.300000,1.000000,1.100000,0.000000,0.000000,-1.571000,-0.299901,1.003738,1.065203,1.494017
4.588000,-0.000099,-0.003739,0.034797,-0.000031,-0.005645,-0.037326,-0.000000,-0.001015,1.570087,-0.300000,1.000000,1.100000,0.000000,0.000000,-1.571000,-0.299901,1.003739,1.065203,1.494018
4.590000,-0.000099,-0.003741,0.034797,-0.000031,-0.005645,-0.037326,-0.000000,-0.001015,1.570087,-0.300000,1.000000,1.100000,0.000000,0.000000,-1.571000,-0.299901,1.003741,1.065203,1.494019
4.592000,-0.000099,-0.003743,0.034797,-0.000031,-0.005645,-0.037326,-0.000000,-0.001015,1.570087,-0.300000,1.000000,1.100000,0.000000,0.000000,-1.571000,-0.299901,1.003743,1.065203,1.494020
4.594000,-0.000099,-0.003744,0.034797,-0.000031,-0.005645,-0.037326,-0.000000,-0.001015,1.570087,-0.300000,1.000000,1.100000,0.000000,0.000000,-1.571000,-0.299901,1.003744,1.065203,1.494021
4.596000,-0.000099,-0.003746,0.034797,-0.000031,-0.005645,-0.037326,-0.000000,-0.001015,1.570088,-0.300000,1.000000,1.100000,0.000000,0.000000,-1.571000,-0.299901,1.003746,1.065203,1.494023
4.598000,-0.000099,-0.003748,0.034797,-0.000031,-0.005645,-0.037326,-0.000000,-0.001015,1.570088,-0.300000,1.000000,1.100000,0.000000,0.000000,-1.571000,-0.299901,1.003748,1.065203,1.494024
4.600000,-0.000099,-0.003749,0.034797,-0.000031,-0.005645,-0.037326,-0.000000,-0.001015,1.570088,-0.300000,1.000000,1.100000,0.000000,0.000000,-1.571000,-0.299901,1.003749,1.065203,1.494025
4.602000,-0.000099,-0.003751,0.034797,-0.000031,-0.005645,-0.037326,-0.000000,-0.001015,1.570088,-0.300000,1.000000,1.100000,0.000000,0.000000,-1.571000,-0.299901,1.003751,1.065203,1.494026
4.604000,-0.000099,-0.003753,0.034797,-0.000031,-0.005645,-0.037326,-0.000000,-0.001015,1.570088,-0.300000,1.000000,1.100000,0.000000,0.000000,-1.571000,-0.299901,1.003753,1.065203,1.494027
4.606000,-0.000099,-0.003754,0.034797,-0.000031,-0.005645,-0.037326,-0.000000,-0.001015,1.570088,-0.300000,1.000000,1.100000,0.000000,0.000000,-1.571000,-0.299901,1.003754,1.065203,1.494028
4.608000,-0.000099,-0.003756,0.034797,-0.000031,-0.005645,-0.037326,-0.000000,-0.001015,1.570088,-0.300000,1.000000,1.100000,0.000000,0.000000,-1.571000,-0.299901,1.003756,1.065203,1.494029
4.610000,-0.000099,-0.003758,0.034797,-0.000031,-0.005645,-0.037326,-0.000000,-0.001015,1.570088,-0.300000,1.000000,1.100000,0.000000,0.000000,-1.571000,-0.299901,1.003758,1.065203,1.494030
4.612000,-0.000100,-0.003759,0.034797,-0.000031,-0.005645,-0.037326,-0.000000,-0.001015,1.570088,-0.300000,1.000000,1.100000,0.000000,0.000000,-1.571000,-0.299900,1.003759,1.065203,1.494032
4.614000,-0.000100,-0.003761,0.034797,-0.000031,-0.005645,-0.037326,-0.000000,-0.001015,1.570088,-0.300000,1.000000,1.100000,0.000000,0.000000,-1.571000,-0.299900,1.003761,1.065203,1.494033
4.616000,-0.000100,-0.003763,0.034797,-0.000031,-0.005645,-0.037326,-0.000000,-0.001015,1.570088,-0.300000,1.000000,1.100000,0.000000,0.000000,-1.571000,-0.299900,1.003763,1.065203,1.494034
4.618000,-0.000100,-0.003764,0.034797,-0.000031,-0.005645,-0.037326,-0.000000,-0.001015,1.570088,-0.300000,1.000000,1.100000,0.000000,0.000000,-1.571000,-0.299900,1.003764,1.065203,1.494035
4.620000,-0.000100,-0.003766,0.034797,-0.000031,-0.005645,-0.037326,-0.000000,-0.001015,1.570088,-0.300000,1.000000,1.100000,0.000000,0.000000,-1.571000,-0.299900,1.003766,1.065203,1.494036
4.622000,-0.000100,-0.003768,0.034797,-0.000031,-0.005645,-0.037326,-0.000000,-0.001015,1.570088,-0.300000,1.000000,1.100000,0.000000,0.000000,-1.571000,-0.299900,1.003768,1.065203,1.494037
4.624000,-0.000100,-0.003769,0.034797,-0.000031,-0.005645,-0.037326,-0.000000,-0.001015,1.570088,-0.300000,1.000000,1.100000,0.000000,0.000000,-1.571000,-0.299900,1.003769,1.065203,1.494038
4.626000,-0.000100,-0.003771,0.034797,-0.000031,-0.005645,-0.037326,-0.000000,-0.001015,1.570088,-0.300000,1.000000,1.100000,0.000000,0.000000,-1.571000,-0.299900,1.003771,1.065203,1.494039
4.628000,-0.000100,-0.003773,0.034797,-0.000031,-0.005645,-0.037326,-0.000000,-0.001015,1.570088,-0.300000,1.000000,1.100000,0.000000,0.000000,-1.571000,-0.299900,1.003773,1.065203,1.494040
4.630000,-0.000100,-0.003774,0.034797,-0.000031,-0.005645,-0.037326,-0.000000,-0.001015,1.570088,-0.300000,1.000000,1.100000,0.000000,0.000000,-1.571000,-0.299900,1.003774,1.065203,1.494042
4.632000,-0.000100,-0.003776,0.034797,-0.000031,-0.005645,-0.037326,-0.000000,-0.001015,1.570088,-0.300000,1.000000,1.100000,0.000000,0.000000,-1.571000,-0.299900,1.003776,1.065203,1.494043
4.634000,-0.000100,-0.003778,0.034797,-0.000031,-0.005645,-0.037326,-0.000000,-0.001015,1.570088,-0.300000,1.000000,1.100000,0.000000,0.000000,-1.571000,-0.299900,1.003778,1.065203,1.494044
4.636000,-0.000100,-0.003779,0.034797,-0.000031,-0.005645,-0.037326,-0.000000,-0.001015,1.570088,-0.300000,1.000000,1.100000,0.000000,0.000000,-1.571000,-0.299900,1.003779,1.065203,1.494045
4.638000,-0.000100,-0.003781,0.034797,-0.000031,-0.005645,-0.037326,-0.000000,-0.001015,1.570088,-0.300000,1.000000,1.100000,0.000000,0.000000,-1.571000,-0.299900,1.003781,1.065203,1.494046
4.640000,-0.000100,-0.003783,0.034797,-0.000031,-0.005645,-0.037326,-0.000000,-0.001015,1.570088,-0.300000,1.000000,1.100000,0.000000,0.000000,-1.571000,-0.299900,1.003783,1.065203,1.494047
4.642000,-0.000100,-0.003784,0.034797,-0.000031,-0.005645,-0.037326,-0.000000,-0.001015,1.570088,-0.300000,1.000000,1.100000,0.000000,0.000000,-1.571000,-0.299900,1.003784,1.065203,1.494048
4.644000,-0.000100,-0.003786,0.034797,-0.000031,-0.005645,-0.037326,-0.000000,-0.001015,1.570088,-0.300000,1.000000,1.100000,0.000000,0.000000,-1.571000,-0.299900,1.003786,1.065203,1.494049
4.646000,-0.000100,-0.003788,0.034797,-0.000031,-0.005645,-0.037326,-0.000000,-0.001015,1.570088,-0.300000,1.000000,1.100000,0.000000,0.000000,-1.571000,-0.299900,1.003788,1.065203,1.494051
4.648000,-0.000100,-0.003789,0.034797,-0.000031,-0.005645,-0.037326,-0.000000,-0.001015,1.570089,-0.300000,1.000000,1.100000,0.000000,0.000000,-1.571000,-0.299900,1.003789,1.065203,1.494052
4.650000,-0.000100,-0.003791,0.034797,-0.000031,-0.005645,-0.037326,-0.000000,-0.001015,1.570089,-0.300000,1.000000,1.100000,0.000000,0.000000,-1.571000,-0.299900,1.003791,1.065203,1.494053
4.652000,-0.000100,-0.003793,0.034797,-0.000031,-0.005645,-0.037326,-0.000000,-0.001015,1.570089,-0.300000,1.000000,1.100000,0.000000,0.000000,-1.571000,-0.299900,1.003793,1.065203,1.494054
4.654000,-0.000100,-0.003794,0.034797,-0.000031,-0.005645,-0.037326,-0.000000,-0.001015,1.570089,-0.300000,1.000000,1.100000,0.000000,0.000000,-1.571000,-0.299900,1.003794,1.065203,1.494055
4.656000,-0.000101,-0.003796,0.034797,-0.000031,-0.005645,-0.037326,-0.000000,-0.001015,1.570089,-0.300000,1.000000,1.100000,0.000000,0.000000,-1.571000,-0.299899,1.003796,1.065203,1.494056
4.658000,-0.000101,-0.003798,0.034797,-0.000031,-0.005645,-0.037326,-0.000000,-0.001015,1.570089,-0.300000,1.000000,1.100000,0.000000,0.000000,-1.571000,-0.299899,1.003798,1.065203,1.494057
4.660000,-0.000101,-0.003799,0.034797,-0.000031,-0.005645,-0.037326,-0.000000,-0.001015,1.570089,-0.300000,1.000000,1.100000,0.000000,0.000000,-1.571000,-0.299899,1.003799,1.065203,1.494058
4.662000,-0.000101,-0.003801,0.034797,-0.000031,-0.005645,-0.037326,-0.000000,-0.001015,1.570089,-0.300000,1.000000,1.100000,0.000000,0.000000,-1.571000,-0.299899,1.003801,1.065203,1.494059
4.664000,-0.000101,-0.003803,0.034797,-0.000031,-0.005645,-0.037326,-0.000000,-0.001015,1.570089,-0.300000,1.000000,1.100000,0.000000,0.000000,-1.571000,-0.299899,1.003803,1.065203,1.494061
4.666000,-0.000101,-0.003805,0.034797,-0.000031,-0.005645,-0.037326,-0.000000,-0.001015,1.570089,-0.300000,1.000000,1.100000,0.000000,0.000000,-1.571000,-0.299899,1.003805,1.065203,1.494062
4.668000,-0.000101,-0.003806,0.034797,-0.000031,-0.005645,-0.037326,-0.000000,-0.001015,1.570089,-0.300000,1.000000,1.100000,0.000000,0.000000,-1.571000,-0.299899,1.003806,1.065203,1.494063
4.670000,-0.000101,-0.003808,0.034797,-0.000031,-0.005645,-0.037326,-0.000000,-0.001015,1.570089,-0.300000,1.000000,1.100000,0.000000,0.000000,-1.571000,-0.299899,1.003808,1.065203,1.494064
4.672000,-0.000101,-0.003810,0.034797,-0.000031,-0.005645,-0.037326,-0.000000,-0.001015,1.570089,-0.300000,1.000000,1.100000,0.000000,0.000000,-1.571000,-0.299899,1.003810,1.065203,1.494065
4.674000,-0.000101,-0.003811,0.034797,-0.000031,-0.005645,-0.037326,-0.000000,-0.001015,1.570089,-0.300000,1.000000,1.100000,0.000000,0.000000,-1.571000,-0.299899,1.003811,1.065203,1.494066
4.676000,-0.000101,-0.003813,0.034797,-0.000031,-0.005645,-0.037326,-0.000000,-0.001015,1.570089,-0.300000,1.000000,1.100000,0.000000,0.000000,-1.571000,-0.299899,1.003813,1.065203,1.494067
4.678000,-0.000101,-0.003815,0.034797,-0.000031,-0.005645,-0.037326,-0.000000,-0.001015,1.570089,-0.300000,1.000000,1.100000,0.000000,0.000000,-1.571000,-0.299899,1.003815,1.065203,1.494068
4.680000,-0.000101,-0.003816,0.034797,-0.000031,-0.005645,-0.037326,-0.000000,-0.001015,1.570089,-0.300000,1.000000,1.100000,0.000000,0.000000,-1.571000,-0.299899,1.003816,1.065203,1.494069
4.682000,-0.000101,-0.003818,0.034797,-0.000031,-0.005645,-0.037326,-0.000000,-0.001015,1.570089,-0.300000,1.000000,1.100000,0.000000,0.000000,-1.571000,-0.299899,1.003818,1.065203,1.494071
4.684000,-0.000101,-0.003820,0.034797,-0.000031,-0.005645,-0.037326,-0.000000,-0.001015,1.570089,-0.300000,1.000000,1.100000,0.000000,0.000000,-1.571000,-0.299899,1.003820,1.065203,1.494072
4.686000,-0.000101,-0.003821,0.034797,-0.000031,-0.005645,-0.037326,-0.000000,-0.001015,1.570089,-0.300000,1.000000,1.100000,0.000000,0.000000,-1.571000,-0.299899,1.003821,1.065203,1.494073
4.688000,-0.000101,-0.003823,0.034797,-0.000031,-0.005645,-0.037326,-0.000000,-0.001015,1.570089,-0.300000,1.000000,1.100000,0.000000,0.000000,-1.571000,-0.299899,1.003823,1.065203,1.494074
4.690000,-0.000101,-0.003825,0.034797,-0.000031,-0.005645,-0.037326,-0.000000,-0.001015,1.570089,-0.300000,1.000000,1.100000,0.000000,0.000000,-1.571000,-0.299899,1.003825,1.065203,1.494075
4.692000,-0.000101,-0.003826,0.034797,-0.000031,-0.005645,-0.037326,-0.000000,-0.001015,1.570089,-0.300000,1.000000,1.100000,0.000000,0.000000,-1.571000,-0.299899,1.003826,1.065203,1.494076
4.694000,-0.000101,-0.003828,0.034797,-0.000031,-0.005645,-0.037326,-0.000000,-0.001015,1.570089,-0.300000,1.000000,1.100000,0.000000,0.000000,-1.571000,-0.299899,1.003828,1.065203,1.494077
4.696000,-0.000101,-0.003830,0.034797,-0.000031,-0.005645,-0.037326,-0.000000,-0.001015,1.570089,-0.300000,1.000000,1.100000,0.000000,0.000000,-1.571000,-0.299899,1.003830,1.065203,1.494078
4.698000,-0.000101,-0.003831,0.034797,-0.000031,-0.005645,-0.037326,-0.000000,-0.001015,1.570090,-0.300000,1.000000,1.100000,0.000000,0.000000,-1.571000,-0.299899,1.003831,1.065203,1.494080
4.700000,-0.000102,-0.003833,0.034797,-0.000031,-0.005645,-0.037326,-0.000000,-0.001015,1.570090,-0.300000,1.000000,1.100000,0.000000,0.000000,-1.571000,-0.299898,1.003833,1.065203,1.494081
4.702000,-0.000102,-0.003835,0.034797,-0.000031,-0.005645,-0.037326,-0.000000,-0.001015,1.570090,-0.300000,1.000000,1.100000,0.000000,0.000000,-1.571000,-0.299898,1.003835,1.065203,1.494082
4.704000,-0.000102,-0.003836,0.034797,-0.000031,-0.005645,-0.037326,-0.000000,-0.001015,1.570090,-0.300000,1.000000,1.100000,0.000000,0.000000,-1.571000,-0.299898,1.003836,1.065203,1.494083
4.706000,-0.000102,-0.003838,0.034797,-0.000031,-0.005645,-0.037326,-0.000000,-0.001015,1.570090,-0.300000,1.000000,1.100000,0.000000,0.000000,-1.571000,-0.299898,1.003838,1.065203,1.494084
4.708000,-0.000102,-0.003840,0.034797,-0.000031,-0.005645,-0.037326,-0.000000,-0.001015,1.570090,-0.300000,1.000000,1.100000,0.000000,0.000000,-1.571000,-0.299898,1.003840,1.065203,1.494085
4.710000,-0.000102,-0.003841,0.034797,-0.000031,-0.005645,-0.037326,-0.000000,-0.001015,1.570090,-0.300000,1.000000,1.100000,0.000000,0.000000,-1.571000,-0.299898,1.003841,1.065203,1.494086
4.712000,-0.000102,-0.003843,0.034797,-0.000031,-0.005645,-0.037326,-0.000000,-0.001015,1.570090,-0.300000,1.000000,1.100000,0.000000,0.000000,-1.571000,-0.299898,1.003843,1.065203,1.494087
4.714000,-0.000102,-0.003845,0.034797,-0.000031,-0.005645,-0.037326,-0.000000,-0.001015,1.570090,-0.300000,1.000000,1.100000,0.000000,0.000000,-1.571000,-0.299898,1.003845,1.065203,1.494088
4.716000,-0.000102,-0.003846,0.034797,-0.000031,-0.005645,-0.037326,-0.000000,-0.001015,1.570090,-0.300000,1.000000,1.100000,0.000000,0.000000,-1.571000,-0.299898,1.003846,1.065203,1.494090
4.718000,-0.000102,-0.003848,0.034797,-0.000031,-0.005645,-0.037326,-0.000000,-0.001015,1.570090,-0.300000,1.000000,1.100000,0.000000,0.000000,-1.571000,-0.299898,1.003848,1.065203,1.494091
4.720000,-0.000102,-0.003850,0.034797,-0.000031,-0.005645,-0.037326,-0.000000,-0.001015,1.570090,-0.300000,1.000000,1.100000,0.000000,0.000000,-1.571000,-0.299898,1.003850,1.065203,1.494092
4.722000,-0.000102,-0.003851,0.034797,-0.000031,-0.005645,-0.037326,-0.000000,-0.001015,1.570090,-0.300000,1.000000,1.100000,0.000000,0.000000,-1.571000,-0.299898,1.003851,1.065203,1.494093
4.724000,-0.000102,-0.003853,0.034797,-0.000031,-0.005645,-0.037326,-0.000000,-0.001015,1.570090,-0.300000,1.000000,1.100000,0.000000,0.000000,-1.571000,-0.299898,1.003853,1.065203,1.494094
4.726000,-0.000102,-0.003855,0.034797,-0.000031,-0.005645,-0.037326,-0.000000,-0.001015,1.570090,-0.300000,1.000000,1.100000,0.000000,0.000000,-1.571000,-0.299898,1.003855,1.065203,1.494095
4.728000,-0.000102,-0.003856,0.034797,-0.000031,-0.005645,-0.037326,-0.000000,-0.001015,1.570090,-0.300000,1.000000,1.100000,0.000000,0.000000,-1.571000,-0.299898,1.003856,1.065203,1.494096
4.730000,-0.000102,-0.003858,0.034797,-0.000031,-0.005645,-0.037326,-0.000000,-0.001015,1.570090,-0.300000,1.000000,1.100000,0.000000,0.000000,-1.571000,-0.299898,1.003858,1.065203,1.494097
4.732000,-0.000102,-0.003860,0.034797,-0.000031,-0.005645,-0.037326,-0.000000,-0.001015,1.570090,-0.300000,1.000000,1.100000,0.000000,0.000000,-1.571000,-0.299898,1.003860,1.065203,1.494098
4.734000,-0.000102,-0.003861,0.034797,-0.000031,-0.005645,-0.037326,-0.000000,-0.001015,1.570090,-0.300000,1.000000,1.100000,0.000000,0.000000,-1.571000,-0.299898,1.003861,1.065203,1.494100
4.736000,-0.000102,-0.003863,0.034797,-0.000031,-0.005645,-0.037326,-0.000000,-0.001015,1.570090,-0.300000,1.000000,1.100000,0.000000,0.000000,-1.571000,-0.299898,1.003863,1.065203,1.494101
4.738000,-0.000102,-0.003865,0.034797,-0.000031,-0.005645,-0.037326,-0.000000,-0.001015,1.570090,-0.300000,1.000000,1.100000,0.000000,0.000000,-1.571000,-0.299898,1.003865,1.065203,1.494102
4.740000,-0.000102,-0.003866,0.034797,-0.000031,-0.005645,-0.037326,-0.000000,-0.001015,1.570090,-0.300000,1.000000,1.100000,0.000000,0.000000,-1.571000,-0.299898,1.003866,1.065203,1.494103
4.742000,-0.000102,-0.003868,0.034797,-0.000031,-0.005645,-0.037326,-0.000000,-0.001015,1.570090,-0.300000,1.000000,1.100000,0.000000,0.000000,-1.571000,-0.299898,1.003868,1.065203,1.494104
4.744000,-0.000103,-0.003870,0.034797,-0.000031,-0.005645,-0.037326,-0.000000,-0.001015,1.570090,-0.300000,1.000000,1.100000,0.000000,0.000000,-1.571000,-0.299897,1.003870,1.065203,1.494105
4.746000,-0.000103,-0.003872,0.034797,-0.000031,-0.005645,-0.037326,-0.000000,-0.001015,1.570090,-0.300000,1.000000,1.100000,0.000000,0.000000,-1.571000,-0.299897,1.003872,1.065203,1.494106
4.748000,-0.000103,-0.003873,0.034797,-0.000031,-0.005645,-0.037326,-0.000000,-0.001015,1.570091,-0.300000,1.000000,1.100000,0.000000,0.000000,-1.571000,-0.299897,1.003873,1.065203,1.494107
4.750000,-0.000103,-0.003875,0.034797,-0.000031,-0.005645,-0.037326,-0.000000,-0.001015,1.570091,-0.300000,1.000000,1.100000,0.000000,0.000000,-1.571000,-0.299897,1.003875,1.065203,1.494109
4.752000,-0.000103,-0.003877,0.034797,-0.000031,-0.005645,-0.037326,-0.000000,-0.001015,1.570091,-0.300000,1.000000,1.100000,0.000000,0.000000,-1.571000,-0.299897,1.003877,1.065203,1.494110
4.754000,-0.000103,-0.003878,0.034797,-0.000031,-0.005645,-0.037326,-0.000000,-0.001015,1.570091,-0.300000,1.000000,1.100000,0.000000,0.000000,-1.571000,-0.299897,1.003878,1.065203,1.494111
4.756000,-0.000103,-0.003880,0.034797,-0.000031,-0.005645,-0.037326,-0.000000,-0.001015,1.570091,-0.300000,1.000000,1.100000,0.000000,0.000000,-1.571000,-0.299897,1.003880,1.065203,1.494112
4.758000,-0.000103,-0.003882,0.034797,-0.000031,-0.005645,-0.037326,-0.000000,-0.001015,1.570091,-0.300000,1.000000,1.100000,0.000000,0.000000,-1.571000,-0.299897,1.003882,1.065203,1.494113
4.760000,-0.000103,-0.003883,0.034797,-0.000031,-0.005645,-0.037326,-0.000000,-0.001015,1.570091,-0.300000,1.000000,1.100000,0.000000,0.000000,-1.571000,-0.299897,1.003883,1.065203,1.494114
4.762000,-0.000103,-0.003885,0.034797,-0.000031,-0.005645,-0.037326,-0.000000,-0.001015,1.570091,-0.300000,1.000000,1.100000,0.000000,0.000000,-1.571000,-0.299897,1.003885,1.065203,1.494115
4.764000,-0.000103,-0.003887,0.034797,-0.000031,-0.005645,-0.037326,-0.000000,-0.001015,1.570091,-0.300000,1.000000,1.100000,0.000000,0.000000,-1.571000,-0.299897,1.003887,1.065203,1.494116
4.766000,-0.000103,-0.003888,0.034797,-0.000031,-0.005645,-0.037326,-0.000000,-0.001015,1.570091,-0.300000,1.000000,1.100000,0.000000,0.000000,-1.571000,-0.299897,1.003888,1.065203,1.494117
4.768000,-0.000103,-0.003890,0.034797,-0.000031,-0.005645,-0.037326,-0.000000,-0.001015,1.570091,-0.300000,1.000000,1.100000,0.000000,0.000000,-1.571000,-0.299897,1.003890,1.065203,1.494119
4.770000,-0.000103,-0.003892,0.034797,-0.000031,-0.005645,-0.037326,-0.000000,-0.001015,1.570091,-0.300000,1.000000,1.100000,0.000000,0.000000,-1.571000,-0.299897,1.003892,1.065203,1.494120
4.772000,-0.000103,-0.003893,0.034797,-0.000031,-0.005645,-0.037326,-0.000000,-0.001015,1.570091,-0.300000,1.000000,1.100000,0.000000,0.000000,-1.571000,-0.299897,1.003893,1.065203,1.494121
4.774000,-0.000103,-0.003895,0.034797,-0.000031,-0.005645,-0.037326,-0.000000,-0.001015,1.570091,-0.300000,1.000000,1.100000,0.000000,0.000000,-1.571000,-0.299897,1.003895,1.065203,1.494122
4.776000,-0.000103,-0.003897,0.034797,-0.000031,-0.005645,-0.037326,-0.000000,-0.001015,1.570091,-0.300000,1.000000,1.100000,0.000000,0.000000,-1.571000,-0.299897,1.003897,1.065203,1.494123
4.778000,-0.000103,-0.003898,0.034797,-0.000031,-0.005645,-0.037326,-0.000000,-0.001015,1.570091,-0.300000,1.000000,1.100000,0.000000,0.000000,-1.571000,-0.299897,1.003898,1.065203,1.494124
4.780000,-0.000103,-0.003900,0.034797,-0.000031,-0.005645,-0.037326,-0.000000,-0.001015,1.570091,-0.300000,1.000000,1.100000,0.000000,0.000000,-1.571000,-0.299897,1.003900,1.065203,1.494125
4.782000,-0.000103,-0.003902,0.034797,-0.000031,-0.005645,-0.037326,-0.000000,-0.001015,1.570091,-0.300000,1.000000,1.100000,0.000000,0.000000,-1.571000,-0.299897,1.003902,1.065203,1.494126
4.784000,-0.000103,-0.003903,0.034797,-0.000031,-0.005645,-0.037326,-0.000000,-0.001015,1.570091,-0.300000,1.000000,1.100000,0.000000,0.000000,-1.571000,-0.299897,1.003903,1.065203,1.494128
4.786000,-0.000103,-0.003905,0.034797,-0.000031,-0.005645,-0.037326,-0.000000,-0.001015,1.570091,-0.300000,1.000000,1.100000,0.000000,0.000000,-1.571000,-0.299897,1.003905,1.065203,1.494129
4.788000,-0.000103,-0.003907,0.034797,-0.000031,-0.005645,-0.037326,-0.000000,-0.001015,1.570091,-0.300000,1.000000,1.100000,0.000000,0.000000,-1.571000,-0.299897,1.003907,1.065203,1.494130
4.790000,-0.000104,-0.003908,0.034797,-0.000031,-0.005645,-0.037326,-0.000000,-0.001015,1.570091,-0.300000,1.000000,1.100000,0.000000,0.000000,-1.571000,-0.299896,1.003908,1.065203,1.494131
4.792000,-0.000104,-0.003910,0.034797,-0.000031,-0.005645,-0.037326,-0.000000,-0.001015,1.570091,-0.300000,1.000000,1.100000,0.000000,0.000000,-1.571000,-0.299896,1.003910,1.065203,1.494132
4.794000,-0.000104,-0.003912,0.034797,-0.000031,-0.005645,-0.037326,-0.000000,-0.001015,1.570091,-0.300000,1.000000,1.100000,0.000000,0.000000,-1.571000,-0.299896,1.003912,1.065203,1.494133
4.796000,-0.000104,-0.003913,0.034797,-0.000031,-0.005645,-0.037326,-0.000000,-0.001015,1.570091,-0.300000,1.000000,1.100000,0.000000,0.000000,-1.571000,-0.299896,1.003913,1.065203,1.494134
4.798000,-0.000104,-0.003915,0.034797,-0.000031,-0.005645,-0.037326,-0.000000,-0.001015,1.570091,-0.300000,1.000000,1.100000,0.000000,0.000000,-1.571000,-0.299896,1.003915,1.065203,1.494135
4.800000,-0.000104,-0.003917,0.034797,-0.000031,-0.005645,-0.037326,-0.000000,-0.001015,1.570092,-0.300000,1.000000,1.100000,0.000000,0.000000,-1.571000,-0.299896,1.003917,1.065203,1.494136
4.802000,-0.000104,-0.003918,0.034797,-0.000031,-0.005645,-0.037326,-0.000000,-0.001015,1.570092,-0.300000,1.000000,1.100000,0.000000,0.000000,-1.571000,-0.299896,1.003918,1.065203,1.494138
4.804000,-0.000104,-0.003920,0.034797,-0.000031,-0.005645,-0.037326,-0.000000,-0.001015,1.570092,-0.300000,1.000000,1.100000,0.000000,0.000000,-1.571000,-0.299896,1.003920,1.065203,1.494139
4.806000,-0.000104,-0.003922,0.034797,-0.000031,-0.005645,-0.037326,-0.000000,-0.001015,1.570092,-0.300000,1.000000,1.100000,0.000000,0.000000,-1.571000,-0.299896,1.003922,1.065203,1.494140
4.808000,-0.000104,-0.003923,0.034797,-0.000031,-0.005645,-0.037326,-0.000000,-0.001015,1.570092,-0.300000,1.000000,1.100000,0.000000,0.000000,-1.571000,-0.299896,1.003923,1.065203,1.494141
4.810000,-0.000104,-0.003925,0.034797,-0.000031,-0.005645,-0.037326,-0.000000,-0.001015,1.570092,-0.300000,1.000000,1.100000,0.000000,0.000000,-1.571000,-0.299896,1.003925,1.065203,1.494142
4.812000,-0.000104,-0.003927,0.034797,-0.000031,-0.005645,-0.037326,-0.000000,-0.001015,1.570092,-0.300000,1.000000,1.100000,0.000000,0.000000,-1.571000,-0.299896,1.003927,1.065203,1.494143
4.814000,-0.000104,-0.003928,0.034797,-0.000031,-0.005645,-0.037326,-0.000000,-0.001015,1.570092,-0.300000,1.000000,1.100000,0.000000,0.000000,-1.571000,-0.299896,1.003928,1.065203,1.494144
4.816000,-0.000104,-0.003930,0.034797,-0.000031,-0.005645,-0.037326,-0.000000,-0.001015,1.570092,-0.300000,1.000000,1.100000,0.000000,0.000000,-1.571000,-0.299896,1.003930,1.065203,1.494145
4.818000,-0.000104,-0.003932,0.034797,-0.000031,-0.005645,-0.037326,-0.000000,-0.001015,1.570092,-0.300000,1.000000,1.100000,0.000000,0.000000,-1.571000,-0.299896,1.003932,1.065203,1.494146
4.820000,-0.000104,-0.003933,0.034797,-0.000031,-0.005645,-0.037326,-0.000000,-0.001015,1.570092,-0.300000,1.000000,1.100000,0.000000,0.000000,-1.571000,-0.299896,1.003933,1.065203,1.494148
4.822000,-0.000104,-0.003935,0.034797,-0.000031,-0.005645,-0.037326,-0.000000,-0.001015,1.570092,-0.300000,1.000000,1.100000,0.000000,0.000000,-1.571000,-0.299896,1.003935,1.065203,1.494149
4.824000,-0.000104,-0.003937,0.034797,-0.000031,-0.005645,-0.037326,-0.000000,-0.001015,1.570092,-0.300000,1.000000,1.100000,0.000000,0.000000,-1.571000,-0.299896,1.003937,1.065203,1.494150
4.826000,-0.000104,-0.003938,0.034797,-0.000031,-0.005645,-0.037326,-0.000000,-0.001015,1.570092,-0.300000,1.000000,1.100000,0.000000,0.000000,-1.571000,-0.299896,1.003938,1.065203,1.494151
4.828000,-0.000104,-0.003940,0.034797,-0.000031,-0.005645,-0.037326,-0.000000,-0.001015,1.570092,-0.300000,1.000000,1.100000,0.000000,0.000000,-1.571000,-0.299896,1.003940,1.065203,1.494152
4.830000,-0.000104,-0.003942,0.034797,-0.000031,-0.005645,-0.037326,-0.000000,-0.001015,1.570092,-0.300000,1.000000,1.100000,0.000000,0.000000,-1.571000,-0.299896,1.003942,1.065203,1.494153
4.832000,-0.000104,-0.003944,0.034797,-0.000031,-0.005645,-0.037326,-0.000000,-0.001015,1.570092,-0.300000,1.000000,1.100000,0.000000,0.000000,-1.571000,-0.299896,1.003944,1.065203,1.494154
4.834000,-0.000105,-0.003945,0.034797,-0.000031,-0.005645,-0.037326,-0.000000,-0.001015,1.570092,-0.300000,1.000000,1.100000,0.000000,0.000000,-1.571000,-0.299895,1.003945,1.065203,1.494155
4.836000,-0.000105,-0.003947,0.034797,-0.000031,-0.005645,-0.037326,-0.000000,-0.001015,1.570092,-0.300000,1.000000,1.100000,0.000000,0.000000,-1.571000,-0.299895,1.003947,1.065203,1.494157
4.838000,-0.000105,-0.003949,0.034797,-0.000031,-0.005645,-0.037326,-0.000000,-0.001015,1.570092,-0.300000,1.000000,1.100000,0.000000,0.000000,-1.571000,-0.299895,1.003949,1.065203,1.494158
4.840000,-0.000105,-0.003950,0.034797,-0.000031,-0.005645,-0.037326,-0.000000,-0.001015,1.570092,-0.300000,1.000000,1.100000,0.000000,0.000000,-1.571000,-0.299895,1.003950,1.065203,1.494159
4.842000,-0.000105,-0.003952,0.034797,-0.000031,-0.005645,-0.037326,-0.000000,-0.001015,1.570092,-0.300000,1.000000,1.100000,0.000000,0.000000,-1.571000,-0.299895,1.003952,1.065203,1.494160
4.844000,-0.000105,-0.003954,0.034797,-0.000031,-0.005645,-0.037326,-0.000000,-0.001015,1.570092,-0.300000,1.000000,1.100000,0.000000,0.000000,-1.571000,-0.299895,1.003954,1.065203,1.494161
4.846000,-0.000105,-0.003955,0.034797,-0.000031,-0.005645,-0.037326,-0.000000,-0.001015,1.570092,-0.300000,1.000000,1.100000,0.000000,0.000000,-1.571000,-0.299895,1.003955,1.065203,1.494162
4.848000,-0.000105,-0.003957,0.034797,-0.000031,-0.005645,-0.037326,-0.000000,-0.001015,1.570092,-0.300000,1.000000,1.100000,0.000000,0.000000,-1.571000,-0.299895,1.003957,1.065203,1.494163
4.850000,-0.000105,-0.003959,0.034797,-0.000031,-0.005645,-0.037326,-0.000000,-0.001015,1.570093,-0.300000,1.000000,1.100000,0.000000,0.000000,-1.571000,-0.299895,1.003959,1.065203,1.494164
4.852000,-0.000105,-0.003960,0.034797,-0.000031,-0.005645,-0.037326,-0.000000,-0.001015,1.570093,-0.300000,1.000000,1.100000,0.000000,0.000000,-1.571000,-0.299895,1.003960,1.065203,1.494165
4.854000,-0.000105,-0.003962,0.034797,-0.000031,-0.005645,-0.037326,-0.000000,-0.001015,1.570093,-0.300000,1.000000,1.100000,0.000000,0.000000,-1.571000,-0.299895,1.003962,1.065203,1.494167
4.856000,-0.000105,-0.003964,0.034797,-0.000031,-0.005645,-0.037326,-0.000000,-0.001015,1.570093,-0.300000,1.000000,1.100000,0.000000,0.000000,-1.571000,-0.299895,1.003964,1.065203,1.494168
4.858000,-0.000105,-0.003965,0.034797,-0.000031,-0.005645,-0.037326,-0.000000,-0.001015,1.570093,-0.300000,1.000000,1.100000,0.000000,0.000000,-1.571000,-0.299895,1.003965,1.065203,1.494169
4.860000,-0.000105,-0.003967,0.034797,-0.000031,-0.005645,-0.037326,-0.000000,-0.001015,1.570093,-0.300000,1.000000,1.100000,0.000000,0.000000,-1.571000,-0.299895,1.003967,1.065203,1.494170
4.862000,-0.000105,-0.003969,0.034797,-0.000031,-0.005645,-0.037326,-0.000000,-0.001015,1.570093,-0.300000,1.000000,1.100000,0.000000,0.000000,-1.571000,-0.299895,1.003969,1.065203,1.494171
4.864000,-0.000105,-0.003970,0.034797,-0.000031,-0.005645,-0.037326,-0.000000,-0.001015,1.570093,-0.300000,1.000000,1.100000,0.000000,0.000000,-1.571000,-0.299895,1.003970,1.065203,1.494172
4.866000,-0.000105,-0.003972,0.034797,-0.000031,-0.005645,-0.037326,-0.000000,-0.001015,1.570093,-0.300000,1.000000,1.100000,0.000000,0.000000,-1.571000,-0.299895,1.003972,1.065203,1.494173
4.868000,-0.000105,-0.003974,0.034797,-0.000031,-0.005645,-0.037326,-0.000000,-0.001015,1.570093,-0.300000,1.000000,1.100000,0.000000,0.000000,-1.571000,-0.299895,1.003974,1.065203,1.494174
4.870000,-0.000105,-0.003975,0.034797,-0.000031,-0.005645,-0.037326,-0.000000,-0.001015,1.570093,-0.300000,1.000000,1.100000,0.000000,0.000000,-1.571000,-0.299895,1.003975,1.065203,1.494176
4.872000,-0.000105,-0.003977,0.034797,-0.000031,-0.005645,-0.037326,-0.000000,-0.001015,1.570093,-0.300000,1.000000,1.100000,0.000000,0.000000,-1.571000,-0.299895,1.003977,1.065203,1.494177
4.874000,-0.000105,-0.003979,0.034797,-0.000031,-0.005645,-0.037326,-0.000000,-0.001015,1.570093,-0.300000,1.000000,1.100000,0.000000,0.000000,-1.571000,-0.299895,1.003979,1.065203,1.494178
4.876000,-0.000105,-0.003980,0.034797,-0.000031,-0.005645,-0.037326,-0.000000,-0.001015,1.570093,-0.300000,1.000000,1.100000,0.000000,0.000000,-1.571000,-0.299895,1.003980,1.065203,1.494179
4.878000,-0.000106,-0.003982,0.034797,-0.000031,-0.005645,-0.037326,-0.000000,-0.001015,1.570093,-0.300000,1.000000,1.100000,0.000000,0.000000,-1.571000,-0.299894,1.003982,1.065203,1.494180
4.880000,-0.000106,-0.003984,0.034797,-0.000031,-0.005645,-0.037326,-0.000000,-0.001015,1.570093,-0.300000,1.000000,1.100000,0.000000,0.000000,-1.571000,-0.299894,1.003984,1.065203,1.494181
4.882000,-0.000106,-0.003985,0.034797,-0.000031,-0.005645,-0.037326,-0.000000,-0.001015,1.570093,-0.300000,1.000000,1.100000,0.000000,0.000000,-1.571000,-0.299894,1.003985,1.065203,1.494182
4.884000,-0.000106,-0.003987,0.034797,-0.000031,-0.005645,-0.037326,-0.000000,-0.001015,1.570093,-0.300000,1.000000,1.100000,0.000000,0.000000,-1.571000,-0.299894,1.003987,1.065203,1.494183
4.886000,-0.000106,-0.003989,0.034797,-0.000031,-0.005645,-0.037326,-0.000000,-0.001015,1.570093,-0.300000,1.000000,1.100000,0.000000,0.000000,-1.571000,-0.299894,1.003989,1.065203,1.494184
4.888000,-0.000106,-0.003990,0.034797,-0.000031,-0.005645,-0.037326,-0.000000,-0.001015,1.570093,-0.300000,1.000000,1.100000,0.000000,0.000000,-1.571000,-0.299894,1.003990,1.065203,1.494186
4.890000,-0.000106,-0.003992,0.034797,-0.000031,-0.005645,-0.037326,-0.000000,-0.001015,1.570093,-0.300000,1.000000,1.100000,0.000000,0.000000,-1.571000,-0.299894,1.003992,1.065203,1.494187
4.892000,-0.000106,-0.003994,0.034797,-0.000031,-0.005645,-0.037326,-0.000000,-0.001015,1.570093,-0.300000,1.000000,1.100000,0.000000,0.000000,-1.571000,-0.299894,1.003994,1.065203,1.494188
4.894000,-0.000106,-0.003995,0.034797,-0.000031,-0.005645,-0.037326,-0.000000,-0.001015,1.570093,-0.300000,1.000000,1.100000,0.000000,0.000000,-1.571000,-0.299894,1.003995,1.065203,1.494189
4.896000,-0.000106,-0.003997,0.034797,-0.000031,-0.005645,-0.037326,-0.000000,-0.001015,1.570093,-0.300000,1.000000,1.100000,0.000000,0.000000,-1.571000,-0.299894,1.003997,1.065203,1.494190
4.898000,-0.000106,-0.003999,0.034797,-0.000031,-0.005645,-0.037326,-0.000000,-0.001015,1.570093,-0.300000,1.000000,1.100000,0.000000,0.000000,-1.571000,-0.299894,1.003999,1.065203,1.494191
4.900000,-0.000106,-0.004000,0.034797,-0.000031,-0.005645,-0.037326,-0.000000,-0.001015,1.570094,-0.300000,1.000000,1.100000,0.000000,0.000000,-1.571000,-0.299894,1.004000,1.065203,1.494192
4.902000,-0.000106,-0.004002,0.034797,-0.000031,-0.005645,-0.037326,-0.000000,-0.001015,1.570094,-0.300000,1.000000,1.100000,0.000000,0.000000,-1.571000,-0.299894,1.004002,1.065203,1.494193
4.904000,-0.000106,-0.004004,0.034797,-0.000031,-0.005645,-0.037326,-0.000000,-0.001015,1.570094,-0.300000,1.000000,1.100000,0.000000,0.000000,-1.571000,-0.299894,1.004004,1.065203,1.494194
4.906000,-0.000106,-0.004005,0.034797,-0.000031,-0.005645,-0.037326,-0.000000,-0.001015,1.570094,-0.300000,1.000000,1.100000,0.000000,0.000000,-1.571000,-0.299894,1.004005,1.065203,1.494196
4.908000,-0.000106,-0.004007,0.034797,-0.000031,-0.005645,-0.037326,-0.000000,-0.001015,1.570094,-0.300000,1.000000,1.100000,0.000000,0.000000,-1.571000,-0.299894,1.004007,1.065203,1.494197
4.910000,-0.000106,-0.004009,0.034797,-0.000031,-0.005645,-0.037326,-0.000000,-0.001015,1.570094,-0.300000,1.000000,1.100000,0.000000,0.000000,-1.571000,-0.299894,1.004009,1.065203,1.494198
4.912000,-0.000106,-0.004011,0.034797,-0.000031,-0.005645,-0.037326,-0.000000,-0.001015,1.570094,-0.300000,1.000000,1.100000,0.000000,0.000000,-1.571000,-0.299894,1.004011,1.065203,1.494199
4.914000,-0.000106,-0.004012,0.034797,-0.000031,-0.005645,-0.037326,-0.000000,-0.001015,1.570094,-0.300000,1.000000,1.100000,0.000000,0.000000,-1.571000,-0.299894,1.004012,1.065203,1.494200
4.916000,-0.000106,-0.004014,0.034797,-0.000031,-0.005645,-0.037326,-0.000000,-0.001015,1.570094,-0.300000,1.000000,1.100000,0.000000,0.000000,-1.571000,-0.299894,1.004014,1.065203,1.494201
4.918000,-0.000106,-0.004016,0.034797,-0.000031,-0.005645,-0.037326,-0.000000,-0.001015,1.570094,-0.300000,1.000000,1.100000,0.000000,0.000000,-1.571000,-0.299894,1.004016,1.065203,1.494202
4.920000,-0.000106,-0.004017,0.034797,-0.000031,-0.005645,-0.037326,-0.000000,-0.001015,1.570094,-0.300000,1.000000,1.100000,0.000000,0.000000,-1.571000,-0.299894,1.004017,1.065203,1.494203
4.922000,-0.000107,-0.004019,0.034797,-0.000031,-0.005645,-0.037326,-0.000000,-0.001015,1.570094,-0.300000,1.000000,1.100000,0.000000,0.000000,-1.571000,-0.299893,1.004019,1.065203,1.494205
4.924000,-0.000107,-0.004021,0.034797,-0.000031,-0.005645,-0.037326,-0.000000,-0.001015,1.570094,-0.300000,1.000000,1.100000,0.000000,0.000000,-1.571000,-0.299893,1.004021,1.065203,1.494206
4.926000,-0.000107,-0.004022,0.034797,-0.000031,-0.005645,-0.037326,-0.000000,-0.001015,1.570094,-0.300000,1.000000,1.100000,0.000000,0.000000,-1.571000,-0.299893,1.004022,1.065203,1.494207
4.928000,-0.000107,-0.004024,0.034797,-0.000031,-0.005645,-0.037326,-0.000000,-0.001015,1.570094,-0.300000,1.000000,1.100000,0.000000,0.000000,-1.571000,-0.299893,1.004024,1.065203,1.494208
4.930000,-0.000107,-0.004026,0.034797,-0.000031,-0.005645,-0.037326,-0.000000,-0.001015,1.570094,-0.300000,1.000000,1.100000,0.000000,0.000000,-1.571000,-0.299893,1.004026,1.065203,1.494209
4.932000,-0.000107,-0.004027,0.034797,-0.000031,-0.005645,-0.037326,-0.000000,-0.001015,1.570094,-0.300000,1.000000,1.100000,0.000000,0.000000,-1.571000,-0.299893,1.004027,1.065203,1.494210
4.934000,-0.000107,-0.004029,0.034797,-0.000031,-0.005645,-0.037326,-0.000000,-0.001015,1.570094,-0.300000,1.000000,1.100000,0.000000,0.000000,-1.571000,-0.299893,1.004029,1.065203,1.494211
4.936000,-0.000107,-0.004031,0.034797,-0.000031,-0.005645,-0.037326,-0.000000,-0.001015,1.570094,-0.300000,1.000000,1.100000,0.000000,0.000000,-1.571000,-0.299893,1.004031,1.065203,1.494212
4.938000,-0.000107,-0.004032,0.034797,-0.000031,-0.005645,-0.037326,-0.000000,-0.001015,1.570094,-0.300000,1.000000,1.100000,0.000000,0.000000,-1.571000,-0.299893,1.004032,1.065203,1.494213
4.940000,-0.000107,-0.004034,0.034797,-0.000031,-0.005645,-0.037326,-0.000000,-0.001015,1.570094,-0.300000,1.000000,1.100000,0.000000,0.000000,-1.571000,-0.299893,1.004034,1.065203,1.494215
4.942000,-0.000107,-0.004036,0.034797,-0.000031,-0.005645,-0.037326,-0.000000,-0.001015,1.570094,-0.300000,1.000000,1.100000,0.000000,0.000000,-1.571000,-0.299893,1.004036,1.065203,1.494216
4.944000,-0.000107,-0.004037,0.034797,-0.000031,-0.005645,-0.037326,-0.000000,-0.001015,1.570094,-0.300000,1.000000,1.100000,0.000000,0.000000,-1.571000,-0.299893,1.004037,1.065203,1.494217
4.946000,-0.000107,-0.004039,0.034797,-0.000031,-0.005645,-0.037326,-0.000000,-0.001015,1.570094,-0.300000,1.000000,1.100000,0.000000,0.000000,-1.571000,-0.299893,1.004039,1.065203,1.494218
4.948000,-0.000107,-0.004041,0.034797,-0.000031,-0.005645,-0.037326,-0.000000,-0.001015,1.570094,-0.300000,1.000000,1.100000,0.000000,0.000000,-1.571000,-0.299893,1.004041,1.065203,1.494219
4.950000,-0.000107,-0.004042,0.034797,-0.000031,-0.005645,-0.037326,-0.000000,-0.001015,1.570094,-0.300000,1.000000,1.100000,0.000000,0.000000,-1.571000,-0.299893,1.004042,1.065203,1.494220
4.952000,-0.000107,-0.004044,0.034797,-0.000031,-0.005645,-0.037326,-0.000000,-0.001015,1.570095,-0.300000,1.000000,1.100000,0.000000,0.000000,-1.571000,-0.299893,1.004044,1.065203,1.494221
4.954000,-0.000107,-0.004046,0.034797,-0.000031,-0.005645,-0.037326,-0.000000,-0.001015,1.570095,-0.300000,1.000000,1.100000,0.000000,0.000000,-1.571000,-0.299893,1.004046,1.065203,1.494222
4.956000,-0.000107,-0.004047,0.034797,-0.000031,-0.005645,-0.037326,-0.000000,-0.001015,1.570095,-0.300000,1.000000,1.100000,0.000000,0.000000,-1.571000,-0.299893,1.004047,1.065203,1.494224
4.958000,-0.000107,-0.004049,0.034797,-0.000031,-0.005645,-0.037326,-0.000000,-0.001015,1.570095,-0.300000,1.000000,1.100000,0.000000,0.000000,-1.571000,-0.299893,1.004049,1.065203,1.494225
4.960000,-0.000107,-0.004051,0.034797,-0.000031,-0.005645,-0.037326,-0.000000,-0.001015,1.570095,-0.300000,1.000000,1.100000,0.000000,0.000000,-1.571000,-0.299893,1.004051,1.065203,1.494226
4.962000,-0.000107,-0.004052,0.034797,-0.000031,-0.005645,-0.037326,-0.000000,-0.001015,1.570095,-0.300000,1.000000,1.100000,0.000000,0.000000,-1.571000,-0.299893,1.004052,1.065203,1.494227
4.964000,-0.000107,-0.004054,0.034797,-0.000031,-0.005645,-0.037326,-0.000000,-0.001015,1.570095,-0.300000,1.000000,1.100000,0.000000,0.000000,-1.571000,-0.299893,1.004054,1.065203,1.494228
4.966000,-0.000107,-0.004056,0.034797,-0.000031,-0.005645,-0.037326,-0.000000,-0.001015,1.570095,-0.300000,1.000000,1.100000,0.000000,0.000000,-1.571000,-0.299893,1.004056,1.065203,1.494229
4.968000,-0.000108,-0.004057,0.034797,-0.000031,-0.005645,-0.037326,-0.000000,-0.001015,1.570095,-0.300000,1.000000,1.100000,0.000000,0.000000,-1.571000,-0.299892,1.004057,1.065203,1.494230
4.970000,-0.000108,-0.004059,0.034797,-0.000031,-0.005645,-0.037326,-0.000000,-0.001015,1.570095,-0.300000,1.000000,1.100000,0.000000,0.000000,-1.571000,-0.299892,1.004059,1.065203,1.494231
4.972000,-0.000108,-0.004061,0.034797,-0.000031,-0.005645,-0.037326,-0.000000,-0.001015,1.570095,-0.300000,1.000000,1.100000,0.000000,0.000000,-1.571000,-0.299892,1.004061,1.065203,1.494232
4.974000,-0.000108,-0.004062,0.034797,-0.000031,-0.005645,-0.037326,-0.000000,-0.001015,1.570095,-0.300000,1.000000,1.100000,0.000000,0.000000,-1.571000,-0.299892,1.004062,1.065203,1.494234
4.976000,-0.000108,-0.004064,0.034797,-0.000031,-0.005645,-0.037326,-0.000000,-0.001015,1.570095,-0.300000,1.000000,1.100000,0.000000,0.000000,-1.571000,-0.299892,1.004064,1.065203,1.494235
4.978000,-0.000108,-0.004066,0.034797,-0.000031,-0.005645,-0.037326,-0.000000,-0.001015,1.570095,-0.300000,1.000000,1.100000,0.000000,0.000000,-1.571000,-0.299892,1.004066,1.065203,1.494236
4.980000,-0.000108,-0.004067,0.034797,-0.000031,-0.005645,-0.037326,-0.000000,-0.001015,1.570095,-0.300000,1.000000,1.100000,0.000000,0.000000,-1.571000,-0.299892,1.004067,1.065203,1.494237
4.982000,-0.000108,-0.004069,0.034797,-0.000031,-0.005645,-0.037326,-0.000000,-0.001015,1.570095,-0.300000,1.000000,1.100000,0.000000,0.000000,-1.571000,-0.299892,1.004069,1.065203,1.494238
4.984000,-0.000108,-0.004071,0.034797,-0.000031,-0.005645,-0.037326,-0.000000,-0.001015,1.570095,-0.300000,1.000000,1.100000,0.000000,0.000000,-1.571000,-0.299892,1.004071,1.065203,1.494239
4.986000,-0.000108,-0.004072,0.034797,-0.000031,-0.005645,-0.037326,-0.000000,-0.001015,1.570095,-0.300000,1.000000,1.100000,0.000000,0.000000,-1.571000,-0.299892,1.004072,1.065203,1.494240
4.988000,-0.000108,-0.004074,0.034797,-0.000031,-0.005645,-0.037326,-0.000000,-0.001015,1.570095,-0.300000,1.000000,1.100000,0.000000,0.000000,-1.571000,-0.299892,1.004074,1.065203,1.494241
4.990000,-0.000108,-0.004076,0.034797,-0.000031,-0.005645,-0.037326,-0.000000,-0.001015,1.570095,-0.300000,1.000000,1.100000,0.000000,0.000000,-1.571000,-0.299892,1.004076,1.065203,1.494242
4.992000,-0.000108,-0.004077,0.034797,-0.000031,-0.005645,-0.037326,-0.000000,-0.001015,1.570095,-0.300000,1.000000,1.100000,0.000000,0.000000,-1.571000,-0.299892,1.004077,1.065203,1.494244
4.994000,-0.000108,-0.004079,0.034797,-0.000031,-0.005645,-0.037326,-0.000000,-0.001015,1.570095,-0.300000,1.000000,1.100000,0.000000,0.000000,-1.571000,-0.299892,1.004079,1.065203,1.494245
4.996000,-0.000108,-0.004081,0.034797,-0.000031,-0.005645,-0.037326,-0.000000,-0.001015,1.570095,-0.300000,1.000000,1.100000,0.000000,0.000000,-1.571000,-0.299892,1.004081,1.065203,1.494246
4.998000,-0.000108,-0.004083,0.034797,-0.000031,-0.005645,-0.037326,-0.000000,-0.001015,1.570095,-0.300000,1.000000,1.100000,0.000000,0.000000,-1.571000,-0.299892,1.004083,1.065203,1.494247
5.000000,-0.000108,-0.004084,0.034797,-0.000031,-0.005645,-0.037326,-0.000000,-0.001015,1.570095,-0.300000,1.000000,1.100000,0.000000,0.000000,-1.571000,-0.299892,1.004084,1.065203,1.494248
5.002000,-0.000108,-0.004086,0.034797,-0.000031,-0.005645,-0.037326,-0.000000,-0.001015,1.570096,-0.300000,1.000000,1.100000,0.000000,0.000000,-1.571000,-0.299892,1.004086,1.065203,1.494249
5.004000,-0.000108,-0.004088,0.034797,-0.000031,-0.005645,-0.037326,-0.000000,-0.001015,1.570096,-0.300000,1.000000,1.100000,0.000000,0.000000,-1.571000,-0.299892,1.004088,1.065203,1.494250
5.006000,-0.000108,-0.004089,0.034797,-0.000031,-0.005645,-0.037326,-0.000000,-0.001015,1.570096,-0.300000,1.000000,1.100000,0.000000,0.000000,-1.571000,-0.299892,1.004089,1.065203,1.494251
5.008000,-0.000108,-0.004091,0.034797,-0.000031,-0.005645,-0.037326,-0.000000,-0.001015,1.570096,-0.300000,1.000000,1.100000,0.000000,0.000000,-1.571000,-0.299892,1.004091,1.065203,1.494253
5.010000,-0.000108,-0.004093,0.034797,-0.000031,-0.005645,-0.037326,-0.000000,-0.001015,1.570096,-0.300000,1.000000,1.100000,0.000000,0.000000,-1.571000,-0.299892,1.004093,1.065203,1.494254
5.012000,-0.000109,-0.004094,0.034797,-0.000031,-0.005645,-0.037326,-0.000000,-0.001015,1.570096,-0.300000,1.000000,1.100000,0.000000,0.000000,-1.571000,-0.299891,1.004094,1.065203,1.494255
5.014000,-0.000109,-0.004096,0.034797,-0.000031,-0.005645,-0.037326,-0.000000,-0.001015,1.570096,-0.300000,1.000000,1.100000,0.000000,0.000000,-1.571000,-0.299891,1.004096,1.065203,1.494256
5.016000,-0.000109,-0.004098,0.034797,-0.000031,-0.005645,-0.037326,-0.000000,-0.001015,1.570096,-0.300000,1.000000,1.100000,0.000000,0.000000,-1.571000,-0.299891,1.004098,1.065203,1.494257
5.018000,-0.000109,-0.004099,0.034797,-0.000031,-0.005645,-0.037326,-0.000000,-0.001015,1.570096,-0.300000,1.000000,1.100000,0.000000,0.000000,-1.571000,-0.299891,1.004099,1.065203,1.494258
5.020000,-0.000109,-0.004101,0.034797,-0.000031,-0.005645,-0.037326,-0.000000,-0.001015,1.570096,-0.300000,1.000000,1.100000,0.000000,0.000000,-1.571000,-0.299891,1.004101,1.065203,1.494259
5.022000,-0.000109,-0.004103,0.034797,-0.000031,-0.005645,-0.037326,-0.000000,-0.001015,1.570096,-0.300000,1.000000,1.100000,0.000000,0.000000,-1.571000,-0.299891,1.004103,1.065203,1.494260
5.024000,-0.000109,-0.004104,0.034797,-0.000031,-0.005645,-0.037326,-0.000000,-0.001015,1.570096,-0.300000,1.000000,1.100000,0.000000,0.000000,-1.571000,-0.299891,1.004104,1.065203,1.494261
5.026000,-0.000109,-0.004106,0.034797,-0.000031,-0.005645,-0.037326,-0.000000,-0.001015,1.570096,-0.300000,1.000000,1.100000,0.000000,0.000000,-1.571000,-0.299891,1.004106,1.065203,1.494263
5.028000,-0.000109,-0.004108,0.034797,-0.000031,-0.005645,-0.037326,-0.000000,-0.001015,1.570096,-0.300000,1.000000,1.100000,0.000000,0.000000,-1.571000,-0.299891,1.004108,1.065203,1.494264
5.030000,-0.000109,-0.004109,0.034797,-0.000031,-0.005645,-0.037326,-0.000000,-0.001015,1.570096,-0.300000,1.000000,1.100000,0.000000,0.000000,-1.571000,-0.299891,1.004109,1.065203,1.494265
5.032000,-0.000109,-0.004111,0.034797,-0.000031,-0.005645,-0.037326,-0.000000,-0.001015,1.570096,-0.300000,1.000000,1.100000,0.000000,0.000000,-1.571000,-0.299891,1.004111,1.065203,1.494266
5.034000,-0.000109,-0.004113,0.034797,-0.000031,-0.005645,-0.037326,-0.000000,-0.001015,1.570096,-0.300000,1.000000,1.100000,0.000000,0.000000,-1.571000,-0.299891,1.004113,1.065203,1.494267
5.036000,-0.000109,-0.004114,0.034797,-0.000031,-0.005645,-0.037326,-0.000000,-0.001015,1.570096,-0.300000,1.000000,1.100000,0.000000,0.000000,-1.571000,-0.299891,1.004114,1.065203,1.494268
5.038000,-0.000109,-0.004116,0.034797,-0.000031,-0.005645,-0.037326,-0.000000,-0.001015,1.570096,-0.300000,1.000000,1.100000,0.000000,0.000000,-1.571000,-0.299891,1.004116,1.065203,1.494269
5.040000,-0.000109,-0.004118,0.034797,-0.000031,-0.005645,-0.037326,-0.000000,-0.001015,1.570096,-0.300000,1.000000,1.100000,0.000000,0.000000,-1.571000,-0.299891,1.004118,1.065203,1.494270
5.042000,-0.000109,-0.004119,0.034797,-0.000031,-0.005645,-0.037326,-0.000000,-0.001015,1.570096,-0.300000,1.000000,1.100000,0.000000,0.000000,-1.571000,-0.299891,1.004119,1.065203,1.494272
5.044000,-0.000109,-0.004121,0.034797,-0.000031,-0.005645,-0.037326,-0.000000,-0.001015,1.570096,-0.300000,1.000000,1.100000,0.000000,0.000000,-1.571000,-0.299891,1.004121,1.065203,1.494273
5.046000,-0.000109,-0.004123,0.034797,-0.000031,-0.005645,-0.037326,-0.000000,-0.001015,1.570096,-0.300000,1.000000,1.100000,0.000000,0.000000,-1.571000,-0.299891,1.004123,1.065203,1.494274
5.048000,-0.000109,-0.004124,0.034797,-0.000031,-0.005645,-0.037326,-0.000000,-0.001015,1.570096,-0.300000,1.000000,1.100000,0.000000,0.000000,-1.571000,-0.299891,1.004124,1.065203,1.494275
5.050000,-0.000109,-0.004126,0.034797,-0.000031,-0.005645,-0.037326,-0.000000,-0.001015,1.570096,-0.300000,1.000000,1.100000,0.000000,0.000000,-1.571000,-0.299891,1.004126,1.065203,1.494276
5.052000,-0.000109,-0.004128,0.034797,-0.000031,-0.005645,-0.037326,-0.000000,-0.001015,1.570097,-0.300000,1.000000,1.100000,0.000000,0.000000,-1.571000,-0.299891,1.004128,1.065203,1.494277
5.054000,-0.000109,-0.004129,0.034797,-0.000031,-0.005645,-0.037326,-0.000000,-0.001015,1.570097,-0.300000,1.000000,1.100000,0.000000,0.000000,-1.571000,-0.299891,1.004129,1.065203,1.494278
5.056000,-0.000110,-0.004131,0.034797,-0.000031,-0.005645,-0.037326,-0.000000,-0.001015,1.570097,-0.300000,1.000000,1.100000,0.000000,0.000000,-1.571000,-0.299890,1.004131,1.065203,1.494279
5.058000,-0.000110,-0.004133,0.034797,-0.000031,-0.005645,-0.037326,-0.000000,-0.001015,1.570097,-0.300000,1.000000,1.100000,0.000000,0.000000,-1.571000,-0.299890,1.004133,1.065203,1.494280
5.060000,-0.000110,-0.004134,0.034797,-0.000031,-0.005645,-0.037326,-0.000000,-0.001015,1.570097,-0.300000,1.000000,1.100000,0.000000,0.000000,-1.571000,-0.299890,1.004134,1.065203,1.494282
5.062000,-0.000110,-0.004136,0.034797,-0.000031,-0.005645,-0.037326,-0.000000,-0.001015,1.570097,-0.300000,1.000000,1.100000,0.000000,0.000000,-1.571000,-0.299890,1.004136,1.065203,1.494283
5.064000,-0.000110,-0.004138,0.034797,-0.000031,-0.005645,-0.037326,-0.000000,-0.001015,1.570097,-0.300000,1.000000,1.100000,0.000000,0.000000,-1.571000,-0.299890,1.004138,1.065203,1.494284
5.066000,-0.000110,-0.004139,0.034797,-0.000031,-0.005645,-0.037326,-0.000000,-0.001015,1.570097,-0.300000,1.000000,1.100000,0.000000,0.000000,-1.571000,-0.299890,1.004139,1.065203,1.494285
5.068000,-0.000110,-0.004141,0.034797,-0.000031,-0.005645,-0.037326,-0.000000,-0.001015,1.570097,-0.300000,1.000000,1.100000,0.000000,0.000000,-1.571000,-0.299890,1.004141,1.065203,1.494286
5.070000,-0.000110,-0.004143,0.034797,-0.000031,-0.005645,-0.037326,-0.000000,-0.001015,1.570097,-0.300000,1.000000,1.100000,0.000000,0.000000,-1.571000,-0.299890,1.004143,1.065203,1.494287
5.072000,-0.000110,-0.004144,0.034797,-0.000031,-0.005645,-0.037326,-0.000000,-0.001015,1.570097,-0.300000,1.000000,1.100000,0.000000,0.000000,-1.571000,-0.299890,1.004144,1.065203,1.494288
5.074000,-0.000110,-0.004146,0.034797,-0.000031,-0.005645,-0.037326,-0.000000,-0.001015,1.570097,-0.300000,1.000000,1.100000,0.000000,0.000000,-1.571000,-0.299890,1.004146,1.065203,1.494289
5.076000,-0.000110,-0.004148,0.034797,-0.000031,-0.005645,-0.037326,-0.000000,-0.001015,1.570097,-0.300000,1.000000,1.100000,0.000000,0.000000,-1.571000,-0.299890,1.004148,1.065203,1.494290
5.078000,-0.000110,-0.004150,0.034797,-0.000031,-0.005645,-0.037326,-0.000000,-0.001015,1.570097,-0.300000,1.000000,1.100000,0.000000,0.000000,-1.571000,-0.299890,1.004150,1.065203,1.494292
5.080000,-0.000110,-0.004151,0.034797,-0.000031,-0.005645,-0.037326,-0.000000,-0.001015,1.570097,-0.300000,1.000000,1.100000,0.000000,0.000000,-1.571000,-0.299890,1.004151,1.065203,1.494293
5.082000,-0.000110,-0.004153,0.034797,-0.000031,-0.005645,-0.037326,-0.000000,-0.001015,1.570097,-0.300000,1.000000,1.100000,0.000000,0.000000,-1.571000,-0.299890,1.004153,1.065203,1.494294
5.084000,-0.000110,-0.004155,0.034797,-0.000031,-0.005645,-0.037326,-0.000000,-0.001015,1.570097,-0.300000,1.000000,1.100000,0.000000,0.000000,-1.571000,-0.299890,1.004155,1.065203,1.494295
5.086000,-0.000110,-0.004156,0.034797,-0.000031,-0.005645,-0.037326,-0.000000,-0.001015,1.570097,-0.300000,1.000000,1.100000,0.000000,0.000000,-1.571000,-0.299890,1.004156,1.065203,1.494296
5.088000,-0.000110,-0.004158,0.034797,-0.000031,-0.005645,-0.037326,-0.000000,-0.001015,1.570097,-0.300000,1.000000,1.100000,0.000000,0.000000,-1.571000,-0.299890,1.004158,1.065203,1.494297
5.090000,-0.000110,-0.004160,0.034797,-0.000031,-0.005645,-0.037326,-0.000000,-0.001015,1.570097,-0.300000,1.000000,1.100000,0.000000,0.000000,-1.571000,-0.299890,1.004160,1.065203,1.494298
5.092000,-0.000110,-0.004161,0.034797,-0.000031,-0.005645,-0.037326,-0.000000,-0.001015,1.570097,-0.300000,1.000000,1.100000,0.000000,0.000000,-1.571000,-0.299890,1.004161,1.065203,1.494299
5.094000,-0.000110,-0.004163,0.034797,-0.000031,-0.005645,-0.037326,-0.000000,-0.001015,1.570097,-0.300000,1.000000,1.100000,0.000000,0.000000,-1.571000,-0.299890,1.004163,1.065203,1.494301
5.096000,-0.000110,-0.004165,0.034797,-0.000031,-0.005645,-0.037326,-0.000000,-0.001015,1.570097,-0.300000,1.000000,1.100000,0.000000,0.000000,-1.571000,-0.299890,1.004165,1.065203,1.494302
5.098000,-0.000110,-0.004166,0.034797,-0.000031,-0.005645,-0.037326,-0.000000,-0.001015,1.570097,-0.300000,1.000000,1.100000,0.000000,0.000000,-1.571000,-0.299890,1.004166,1.065203,1.494303
5.100000,-0.000111,-0.004168,0.034797,-0.000031,-0.005645,-0.037326,-0.000000,-0.001015,1.570097,-0.300000,1.000000,1.100000,0.000000,0.000000,-1.571000,-0.299889,1.004168,1.065203,1.494304
5.102000,-0.000111,-0.004170,0.034797,-0.000031,-0.005645,-0.037326,-0.000000,-0.001015,1.570097,-0.300000,1.000000,1.100000,0.000000,0.000000,-1.571000,-0.299889,1.004170,1.065203,1.494305
5.104000,-0.000111,-0.004171,0.034797,-0.000031,-0.005645,-0.037326,-0.000000,-0.001015,1.570098,-0.300000,1.000000,1.100000,0.000000,0.000000,-1.571000,-0.299889,1.004171,1.065203,1.494306
5.106000,-0.000111,-0.004173,0.034797,-0.000031,-0.005645,-0.037326,-0.000000,-0.001015,1.570098,-0.300000,1.000000,1.100000,0.000000,0.000000,-1.571000,-0.299889,1.004173,1.065203,1.494307
5.108000,-0.000111,-0.004175,0.034797,-0.000031,-0.005645,-0.037326,-0.000000,-0.001015,1.570098,-0.300000,1.000000,1.100000,0.000000,0.000000,-1.571000,-0.299889,1.004175,1.065203,1.494308
5.110000,-0.000111,-0.004176,0.034797,-0.000031,-0.005645,-0.037326,-0.000000,-0.001015,1.570098,-0.300000,1.000000,1.100000,0.000000,0.000000,-1.571000,-0.299889,1.004176,1.065203,1.494309
5.112000,-0.000111,-0.004178,0.034797,-0.000031,-0.005645,-0.037326,-0.000000,-0.001015,1.570098,-0.300000,1.000000,1.100000,0.000000,0.000000,-1.571000,-0.299889,1.004178,1.065203,1.494311
5.114000,-0.000111,-0.004180,0.034797,-0.000031,-0.005645,-0.037326,-0.000000,-0.001015,1.570098,-0.300000,1.000000,1.100000,0.000000,0.000000,-1.571000,-0.299889,1.004180,1.065203,1.494312
5.116000,-0.000111,-0.004181,0.034797,-0.000031,-0.005645,-0.037326,-0.000000,-0.001015,1.570098,-0.300000,1.000000,1.100000,0.000000,0.000000,-1.571000,-0.299889,1.004181,1.065203,1.494313
5.118000,-0.000111,-0.004183,0.034797,-0.000031,-0.005645,-0.037326,-0.000000,-0.001015,1.570098,-0.300000,1.000000,1.100000,0.000000,0.000000,-1.571000,-0.299889,1.004183,1.065203,1.494314
5.120000,-0.000111,-0.004185,0.034797,-0.000031,-0.005645,-0.037326,-0.000000,-0.001015,1.570098,-0.300000,1.000000,1.100000,0.000000,0.000000,-1.571000,-0.299889,1.004185,1.065203,1.494315
5.122000,-0.000111,-0.004186,0.034797,-0.000031,-0.005645,-0.037326,-0.000000,-0.001015,1.570098,-0.300000,1.000000,1.100000,0.000000,0.000000,-1.571000,-0.299889,1.004186,1.065203,1.494316
5.124000,-0.000111,-0.004188,0.034797,-0.000031,-0.005645,-0.037326,-0.000000,-0.001015,1.570098,-0.300000,1.000000,1.100000,0.000000,0.000000,-1.571000,-0.299889,1.004188,1.065203,1.494317
5.126000,-0.000111,-0.004190,0.034797,-0.000031,-0.005645,-0.037326,-0.000000,-0.001015,1.570098,-0.300000,1.000000,1.100000,0.000000,0.000000,-1.571000,-0.299889,1.004190,1.065203,1.494318
5.128000,-0.000111,-0.004191,0.034797,-0.000031,-0.005645,-0.037326,-0.000000,-0.001015,1.570098,-0.300000,1.000000,1.100000,0.000000,0.000000,-1.571000,-0.299889,1.004191,1.065203,1.494320
5.130000,-0.000111,-0.004193,0.034797,-0.000031,-0.005645,-0.037326,-0.000000,-0.001015,1.570098,-0.300000,1.000000,1.100000,0.000000,0.000000,-1.571000,-0.299889,1.004193,1.065203,1.494321
5.132000,-0.000111,-0.004195,0.034797,-0.000031,-0.005645,-0.037326,-0.000000,-0.001015,1.570098,-0.300000,1.000000,1.100000,0.000000,0.000000,-1.571000,-0.299889,1.004195,1.065203,1.494322
5.134000,-0.000111,-0.004196,0.034797,-0.000031,-0.005645,-0.037326,-0.000000,-0.001015,1.570098,-0.300000,1.000000,1.100000,0.000000,0.000000,-1.571000,-0.299889,1.004196,1.065203,1.494323
5.136000,-0.000111,-0.004198,0.034797,-0.000031,-0.005645,-0.037326,-0.000000,-0.001015,1.570098,-0.300000,1.000000,1.100000,0.000000,0.000000,-1.571000,-0.299889,1.004198,1.065203,1.494324
5.138000,-0.000111,-0.004200,0.034797,-0.000031,-0.005645,-0.037326,-0.000000,-0.001015,1.570098,-0.300000,1.000000,1.100000,0.000000,0.000000,-1.571000,-0.299889,1.004200,1.065203,1.494325
5.140000,-0.000111,-0.004201,0.034797,-0.000031,-0.005645,-0.037326,-0.000000,-0.001015,1.570098,-0.300000,1.000000,1.100000,0.000000,0.000000,-1.571000,-0.299889,1.004201,1.065203,1.494326
5.142000,-0.000111,-0.004203,0.034797,-0.000031,-0.005645,-0.037326,-0.000000,-0.001015,1.570098,-0.300000,1.000000,1.100000,0.000000,0.000000,-1.571000,-0.299889,1.004203,1.065203,1.494327
5.144000,-0.000111,-0.004205,0.034797,-0.000031,-0.005645,-0.037326,-0.000000,-0.001015,1.570098,-0.300000,1.000000,1.100000,0.000000,0.000000,-1.571000,-0.299889,1.004205,1.065203,1.494328
5.146000,-0.000112,-0.004206,0.034797,-0.000031,-0.005645,-0.037326,-0.000000,-0.001015,1.570098,-0.300000,1.000000,1.100000,0.000000,0.000000,-1.571000,-0.299888,1.004206,1.065203,1.494330
5.148000,-0.000112,-0.004208,0.034797,-0.000031,-0.005645,-0.037326,-0.000000,-0.001015,1.570098,-0.300000,1.000000,1.100000,0.000000,0.000000,-1.571000,-0.299888,1.004208,1.065203,1.494331
5.150000,-0.000112,-0.004210,0.034797,-0.000031,-0.005645,-0.037326,-0.000000,-0.001015,1.570098,-0.300000,1.000000,1.100000,0.000000,0.000000,-1.571000,-0.299888,1.004210,1.065203,1.494332
5.152000,-0.000112,-0.004211,0.034797,-0.000031,-0.005645,-0.037326,-0.000000,-0.001015,1.570098,-0.300000,1.000000,1.100000,0.000000,0.000000,-1.571000,-0.299888,1.004211,1.065203,1.494333
5.154000,-0.000112,-0.004213,0.034797,-0.000031,-0.005645,-0.037326,-0.000000,-0.001015,1.570099,-0.300000,1.000000,1.100000,0.000000,0.000000,-1.571000,-0.299888,1.004213,1.065203,1.494334
5.156000,-0.000112,-0.004215,0.034797,-0.000031,-0.005645,-0.037326,-0.000000,-0.001015,1.570099,-0.300000,1.000000,1.100000,0.000000,0.000000,-1.571000,-0.299888,1.004215,1.065203,1.494335
5.158000,-0.000112,-0.004216,0.034797,-0.000031,-0.005645,-0.037326,-0.000000,-0.001015,1.570099,-0.300000,1.000000,1.100000,0.000000,0.000000,-1.571000,-0.299888,1.004216,1.065203,1.494336
5.160000,-0.000112,-0.004218,0.034797,-0.000031,-0.005645,-0.037326,-0.000000,-0.001015,1.570099,-0.300000,1.000000,1.100000,0.000000,0.000000,-1.571000,-0.299888,1.004218,1.065203,1.494337
5.162000,-0.000112,-0.004220,0.034797,-0.000031,-0.005645,-0.037326,-0.000000,-0.001015,1.570099,-0.300000,1.000000,1.100000,0.000000,0.000000,-1.571000,-0.299888,1.004220,1.065203,1.494339
5.164000,-0.000112,-0.004222,0.034797,-0.000031,-0.005645,-0.037326,-0.000000,-0.001015,1.570099,-0.300000,1.000000,1.100000,0.000000,0.000000,-1.571000,-0.299888,1.004222,1.065203,1.494340
5.166000,-0.000112,-0.004223,0.034797,-0.000031,-0.005645,-0.037326,-0.000000,-0.001015,1.570099,-0.300000,1.000000,1.100000,0.000000,0.000000,-1.571000,-0.299888,1.004223,1.065203,1.494341
5.168000,-0.000112,-0.004225,0.034797,-0.000031,-0.005645,-0.037326,-0.000000,-0.001015,1.570099,-0.300000,1.000000,1.100000,0.000000,0.000000,-1.571000,-0.299888,1.004225,1.065203,1.494342
5.170000,-0.000112,-0.004227,0.034797,-0.000031,-0.005645,-0.037326,-0.000000,-0.001015,1.570099,-0.300000,1.000000,1.100000,0.000000,0.000000,-1.571000,-0.299888,1.004227,1.065203,1.494343
5.172000,-0.000112,-0.004228,0.034797,-0.000031,-0.005645,-0.037326,-0.000000,-0.001015,1.570099,-0.300000,1.000000,1.100000,0.000000,0.000000,-1.571000,-0.299888,1.004228,1.065203,1.494344
5.174000,-0.000112,-0.004230,0.034797,-0.000031,-0.005645,-0.037326,-0.000000,-0.001015,1.570099,-0.300000,1.000000,1.100000,0.000000,0.000000,-1.571000,-0.299888,1.004230,1.065203,1.494345
5.176000,-0.000112,-0.004232,0.034797,-0.000031,-0.005645,-0.037326,-0.000000,-0.001015,1.570099,-0.300000,1.000000,1.100000,0.000000,0.000000,-1.571000,-0.299888,1.004232,1.065203,1.494346
5.178000,-0.000112,-0.004233,0.034797,-0.000031,-0.005645,-0.037326,-0.000000,-0.001015,1.570099,-0.300000,1.000000,1.100000,0.000000,0.000000,-1.571000,-0.299888,1.004233,1.065203,1.494347
5.180000,-0.000112,-0.004235,0.034797,-0.000031,-0.005645,-0.037326,-0.000000,-0.001015,1.570099,-0.300000,1.000000,1.100000,0.000000,0.000000,-1.571000,-0.299888,1.004235,1.065203,1.494349
5.182000,-0.000112,-0.004237,0.034797,-0.000031,-0.005645,-0.037326,-0.000000,-0.001015,1.570099,-0.300000,1.000000,1.100000,0.000000,0.000000,-1.571000,-0.299888,1.004237,1.065203,1.494350
5.184000,-0.000112,-0.004238,0.034797,-0.000031,-0.005645,-0.037326,-0.000000,-0.001015,1.570099,-0.300000,1.000000,1.100000,0.000000,0.000000,-1.571000,-0.299888,1.004238,1.065203,1.494351
5.186000,-0.000112,-0.004240,0.034797,-0.000031,-0.005645,-0.037326,-0.000000,-0.001015,1.570099,-0.300000,1.000000,1.100000,0.000000,0.000000,-1.571000,-0.299888,1.004240,1.065203,1.494352
5.188000,-0.000112,-0.004242,0.034797,-0.000031,-0.005645,-0.037326,-0.000000,-0.001015,1.570099,-0.300000,1.000000,1.100000,0.000000,0.000000,-1.571000,-0.299888,1.004242,1.065203,1.494353
5.190000,-0.000113,-0.004243,0.034797,-0.000031,-0.005645,-0.037326,-0.000000,-0.001015,1.570099,-0.300000,1.000000,1.100000,0.000000,0.000000,-1.571000,-0.299887,1.004243,1.065203,1.494354
5.192000,-0.000113,-0.004245,0.034797,-0.000031,-0.005645,-0.037326,-0.000000,-0.001015,1.570099,-0.300000,1.000000,1.100000,0.000000,0.000000,-1.571000,-0.299887,1.004245,1.065203,1.494355
5.194000,-0.000113,-0.004247,0.034797,-0.000031,-0.005645,-0.037326,-0.000000,-0.001015,1.570099,-0.300000,1.000000,1.100000,0.000000,0.000000,-1.571000,-0.299887,1.004247,1.065203,1.494356
5.196000,-0.000113,-0.004248,0.034797,-0.000031,-0.005645,-0.037326,-0.000000,-0.001015,1.570099,-0.300000,1.000000,1.100000,0.000000,0.000000,-1.571000,-0.299887,1.004248,1.065203,1.494357
5.198000,-0.000113,-0.004250,0.034797,-0.000031,-0.005645,-0.037326,-0.000000,-0.001015,1.570099,-0.300000,1.000000,1.100000,0.000000,0.000000,-1.571000,-0.299887,1.004250,1.065203,1.494359
5.200000,-0.000113,-0.004252,0.034797,-0.000031,-0.005645,-0.037326,-0.000000,-0.001015,1.570099,-0.300000,1.000000,1.100000,0.000000,0.000000,-1.571000,-0.299887,1.004252,1.065203,1.494360
5.202000,-0.000113,-0.004253,0.034797,-0.000031,-0.005645,-0.037326,-0.000000,-0.001015,1.570099,-0.300000,1.000000,1.100000,0.000000,0.000000,-1.571000,-0.299887,1.004253,1.065203,1.494361
5.204000,-0.000113,-0.004255,0.034797,-0.000031,-0.005645,-0.037326,-0.000000,-0.001015,1.570099,-0.300000,1.000000,1.100000,0.000000,0.000000,-1.571000,-0.299887,1.004255,1.065203,1.494362
5.206000,-0.000113,-0.004257,0.034797,-0.000031,-0.005645,-0.037326,-0.000000,-0.001015,1.570100,-0.300000,1.000000,1.100000,0.000000,0.000000,-1.571000,-0.299887,1.004257,1.065203,1.494363
5.208000,-0.000113,-0.004258,0.034797,-0.000031,-0.005645,-0.037326,-0.000000,-0.001015,1.570100,-0.300000,1.000000,1.100000,0.000000,0.000000,-1.571000,-0.299887,1.004258,1.065203,1.494364
5.210000,-0.000113,-0.004260,0.034797,-0.000031,-0.005645,-0.037326,-0.000000,-0.001015,1.570100,-0.300000,1.000000,1.100000,0.000000,0.000000,-1.571000,-0.299887,1.004260,1.065203,1.494365
5.212000,-0.000113,-0.004262,0.034797,-0.000031,-0.005645,-0.037326,-0.000000,-0.001015,1.570100,-0.300000,1.000000,1.100000,0.000000,0.000000,-1.571000,-0.299887,1.004262,1.065203,1.494366
5.214000,-0.000113,-0.004263,0.034797,-0.000031,-0.005645,-0.037326,-0.000000,-0.001015,1.570100,-0.300000,1.000000,1.100000,0.000000,0.000000,-1.571000,-0.299887,1.004263,1.065203,1.494368
5.216000,-0.000113,-0.004265,0.034797,-0.000031,-0.005645,-0.037326,-0.000000,-0.001015,1.570100,-0.300000,1.000000,1.100000,0.000000,0.000000,-1.571000,-0.299887,1.004265,1.065203,1.494369
5.218000,-0.000113,-0.004267,0.034797,-0.000031,-0.005645,-0.037326,-0.000000,-0.001015,1.570100,-0.300000,1.000000,1.100000,0.000000,0.000000,-1.571000,-0.299887,1.004267,1.065203,1.494370
5.220000,-0.000113,-0.004268,0.034797,-0.000031,-0.005645,-0.037326,-0.000000,-0.001015,1.570100,-0.300000,1.000000,1.100000,0.000000,0.000000,-1.571000,-0.299887,1.004268,1.065203,1.494371
5.222000,-0.000113,-0.004270,0.034797,-0.000031,-0.005645,-0.037326,-0.000000,-0.001015,1.570100,-0.300000,1.000000,1.100000,0.000000,0.000000,-1.571000,-0.299887,1.004270,1.065203,1.494372
5.224000,-0.000113,-0.004272,0.034797,-0.000031,-0.005645,-0.037326,-0.000000,-0.001015,1.570100,-0.300000,1.000000,1.100000,0.000000,0.000000,-1.571000,-0.299887,1.004272,1.065203,1.494373
5.226000,-0.000113,-0.004273,0.034797,-0.000031,-0.005645,-0.037326,-0.000000,-0.001015,1.570100,-0.300000,1.000000,1.100000,0.000000,0.000000,-1.571000,-0.299887,1.004273,1.065203,1.494374
5.228000,-0.000113,-0.004275,0.034797,-0.000031,-0.005645,-0.037326,-0.000000,-0.001015,1.570100,-0.300000,1.000000,1.100000,0.000000,0.000000,-1.571000,-0.299887,1.004275,1.065203,1.494375
5.230000,-0.000113,-0.004277,0.034797,-0.000031,-0.005645,-0.037326,-0.000000,-0.001015,1.570100,-0.300000,1.000000,1.100000,0.000000,0.000000,-1.571000,-0.299887,1.004277,1.065203,1.494376
5.232000,-0.000113,-0.004278,0.034797,-0.000031,-0.005645,-0.037326,-0.000000,-0.001015,1.570100,-0.300000,1.000000,1.100000,0.000000,0.000000,-1.571000,-0.299887,1.004278,1.065203,1.494378
5.234000,-0.000114,-0.004280,0.034797,-0.000031,-0.005645,-0.037326,-0.000000,-0.001015,1.570100,-0.300000,1.000000,1.100000,0.000000,0.000000,-1.571000,-0.299886,1.004280,1.065203,1.494379
5.236000,-0.000114,-0.004282,0.034797,-0.000031,-0.005645,-0.037326,-0.000000,-0.001015,1.570100,-0.300000,1.000000,1.100000,0.000000,0.000000,-1.571000,-0.299886,1.004282,1.065203,1.494380
5.238000,-0.000114,-0.004283,0.034797,-0.000031,-0.005645,-0.037326,-0.000000,-0.001015,1.570100,-0.300000,1.000000,1.100000,0.000000,0.000000,-1.571000,-0.299886,1.004283,1.065203,1.494381
5.240000,-0.000114,-0.004285,0.034797,-0.000031,-0.005645,-0.037326,-0.000000,-0.001015,1.570100,-0.300000,1.000000,1.100000,0.000000,0.000000,-1.571000,-0.299886,1.004285,1.065203,1.494382
5.242000,-0.000114,-0.004287,0.034797,-0.000031,-0.005645,-0.037326,-0.000000,-0.001015,1.570100,-0.300000,1.000000,1.100000,0.000000,0.000000,-1.571000,-0.299886,1.004287,1.065203,1.494383
5.244000,-0.000114,-0.004289,0.034797,-0.000031,-0.005645,-0.037326,-0.000000,-0.001015,1.570100,-0.300000,1.000000,1.100000,0.000000,0.000000,-1.571000,-0.299886,1.004289,1.065203,1.494384
5.246000,-0.000114,-0.004290,0.034797,-0.000031,-0.005645,-0.037326,-0.000000,-0.001015,1.570100,-0.300000,1.000000,1.100000,0.000000,0.000000,-1.571000,-0.299886,1.004290,1.065203,1.494385
5.248000,-0.000114,-0.004292,0.034797,-0.000031,-0.005645,-0.037326,-0.000000,-0.001015,1.570100,-0.300000,1.000000,1.100000,0.000000,0.000000,-1.571000,-0.299886,1.004292,1.065203,1.494387
5.250000,-0.000114,-0.004294,0.034797,-0.000031,-0.005645,-0.037326,-0.000000,-0.001015,1.570100,-0.300000,1.000000,1.100000,0.000000,0.000000,-1.571000,-0.299886,1.004294,1.065203,1.494388
5.252000,-0.000114,-0.004295,0.034797,-0.000031,-0.005645,-0.037326,-0.000000,-0.001015,1.570100,-0.300000,1.000000,1.100000,0.000000,0.000000,-1.571000,-0.299886,1.004295,1.065203,1.494389
5.254000,-0.000114,-0.004297,0.034797,-0.000031,-0.005645,-0.037326,-0.000000,-0.001015,1.570100,-0.300000,1.000000,1.100000,0.000000,0.000000,-1.571000,-0.299886,1.004297,1.065203,1.494390
5.256000,-0.000114,-0.004299,0.034797,-0.000031,-0.005645,-0.037326,-0.000000,-0.001015,1.570101,-0.300000,1.000000,1.100000,0.000000,0.000000,-1.571000,-0.299886,1.004299,1.065203,1.494391
5.258000,-0.000114,-0.004300,0.034797,-0.000031,-0.005645,-0.037326,-0.000000,-0.001015,1.570101,-0.300000,1.000000,1.100000,0.000000,0.000000,-1.571000,-0.299886,1.004300,1.065203,1.494392
5.260000,-0.000114,-0.004302,0.034797,-0.000031,-0.005645,-0.037326,-0.000000,-0.001015,1.570101,-0.300000,1.000000,1.100000,0.000000,0.000000,-1.571000,-0.299886,1.004302,1.065203,1.494393
5.262000,-0.000114,-0.004304,0.034797,-0.000031,-0.005645,-0.037326,-0.000000,-0.001015,1.570101,-0.300000,1.000000,1.100000,0.000000,0.000000,-1.571000,-0.299886,1.004304,1.065203,1.494394
5.264000,-0.000114,-0.004305,0.034797,-0.000031,-0.005645,-0.037326,-0.000000,-0.001015,1.570101,-0.300000,1.000000,1.100000,0.000000,0.000000,-1.571000,-0.299886,1.004305,1.065203,1.494395
5.266000,-0.000114,-0.004307,0.034797,-0.000031,-0.005645,-0.037326,-0.000000,-0.001015,1.570101,-0.300000,1.000000,1.100000,0.000000,0.000000,-1.571000,-0.299886,1.004307,1.065203,1.494397
5.268000,-0.000114,-0.004309,0.034797,-0.000031,-0.005645,-0.037326,-0.000000,-0.001015,1.570101,-0.300000,1.000000,1.100000,0.000000,0.000000,-1.571000,-0.299886,1.004309,1.065203,1.494398
5.270000,-0.000114,-0.004310,0.034797,-0.000031,-0.005645,-0.037326,-0.000000,-0.001015,1.570101,-0.300000,1.000000,1.100000,0.000000,0.000000,-1.571000,-0.299886,1.004310,1.065203,1.494399
5.272000,-0.000114,-0.004312,0.034797,-0.000031,-0.005645,-0.037326,-0.000000,-0.001015,1.570101,-0.300000,1.000000,1.100000,0.000000,0.000000,-1.571000,-0.299886,1.004312,1.065203,1.494400
5.274000,-0.000114,-0.004314,0.034797,-0.000031,-0.005645,-0.037326,-0.000000,-0.001015,1.570101,-0.300000,1.000000,1.100000,0.000000,0.000000,-1.571000,-0.299886,1.004314,1.065203,1.494401
5.276000,-0.000114,-0.004315,0.034797,-0.000031,-0.005645,-0.037326,-0.000000,-0.001015,1.570101,-0.300000,1.000000,1.100000,0.000000,0.000000,-1.571000,-0.299886,1.004315,1.065203,1.494402
5.278000,-0.000115,-0.004317,0.034797,-0.000031,-0.005645,-0.037326,-0.000000,-0.001015,1.570101,-0.300000,1.000000,1.100000,0.000000,0.000000,-1.571000,-0.299885,1.004317,1.065203,1.494403
5.280000,-0.000115,-0.004319,0.034797,-0.000031,-0.005645,-0.037326,-0.000000,-0.001015,1.570101,-0.300000,1.000000,1.100000,0.000000,0.000000,-1.571000,-0.299885,1.004319,1.065203,1.494404
5.282000,-0.000115,-0.004320,0.034797,-0.000031,-0.005645,-0.037326,-0.000000,-0.001015,1.570101,-0.300000,1.000000,1.100000,0.000000,0.000000,-1.571000,-0.299885,1.004320,1.065203,1.494405
5.284000,-0.000115,-0.004322,0.034797,-0.000031,-0.005645,-0.037326,-0.000000,-0.001015,1.570101,-0.300000,1.000000,1.100000,0.000000,0.000000,-1.571000,-0.299885,1.004322,1.065203,1.494407
5.286000,-0.000115,-0.004324,0.034797,-0.000031,-0.005645,-0.037326,-0.000000,-0.001015,1.570101,-0.300000,1.000000,1.100000,0.000000,0.000000,-1.571000,-0.299885,1.004324,1.065203,1.494408
5.288000,-0.000115,-0.004325,0.034797,-0.000031,-0.005645,-0.037326,-0.000000,-0.001015,1.570101,-0.300000,1.000000,1.100000,0.000000,0.000000,-1.571000,-0.299885,1.004325,1.065203,1.494409
5.290000,-0.000115,-0.004327,0.034797,-0.000031,-0.005645,-0.037326,-0.000000,-0.001015,1.570101,-0.300000,1.000000,1.100000,0.000000,0.000000,-1.571000,-0.299885,1.004327,1.065203,1.494410
5.292000,-0.000115,-0.004329,0.034797,-0.000031,-0.005645,-0.037326,-0.000000,-0.001015,1.570101,-0.300000,1.000000,1.100000,0.000000,0.000000,-1.571000,-0.299885,1.004329,1.065203,1.494411
5.294000,-0.000115,-0.004330,0.034797,-0.000031,-0.005645,-0.037326,-0.000000,-0.001015,1.570101,-0.300000,1.000000,1.100000,0.000000,0.000000,-1.571000,-0.299885,1.004330,1.065203,1.494412
5.296000,-0.000115,-0.004332,0.034797,-0.000031,-0.005645,-0.037326,-0.000000,-0.001015,1.570101,-0.300000,1.000000,1.100000,0.000000,0.000000,-1.571000,-0.299885,1.004332,1.065203,1.494413
5.298000,-0.000115,-0.004334,0.034797,-0.000031,-0.005645,-0.037326,-0.000000,-0.001015,1.570101,-0.300000,1.000000,1.100000,0.000000,0.000000,-1.571000,-0.299885,1.004334,1.065203,1.494414
5.300000,-0.000115,-0.004335,0.034797,-0.000031,-0.005645,-0.037326,-0.000000,-0.001015,1.570101,-0.300000,1.000000,1.100000,0.000000,0.000000,-1.571000,-0.299885,1.004335,1.065203,1.494416
5.302000,-0.000115,-0.004337,0.034797,-0.000031,-0.005645,-0.037326,-0.000000,-0.001015,1.570101,-0.300000,1.000000,1.100000,0.000000,0.000000,-1.571000,-0.299885,1.004337,1.065203,1.494417
5.304000,-0.000115,-0.004339,0.034797,-0.000031,-0.005645,-0.037326,-0.000000,-0.001015,1.570101,-0.300000,1.000000,1.100000,0.000000,0.000000,-1.571000,-0.299885,1.004339,1.065203,1.494418
5.306000,-0.000115,-0.004340,0.034797,-0.000031,-0.005645,-0.037326,-0.000000,-0.001015,1.570102,-0.300000,1.000000,1.100000,0.000000,0.000000,-1.571000,-0.299885,1.004340,1.065203,1.494419
5.308000,-0.000115,-0.004342,0.034797,-0.000031,-0.005645,-0.037326,-0.000000,-0.001015,1.570102,-0.300000,1.000000,1.100000,0.000000,0.000000,-1.571000,-0.299885,1.004342,1.065203,1.494420
5.310000,-0.000115,-0.004344,0.034797,-0.000031,-0.005645,-0.037326,-0.000000,-0.001015,1.570102,-0.300000,1.000000,1.100000,0.000000,0.000000,-1.571000,-0.299885,1.004344,1.065203,1.494421
5.312000,-0.000115,-0.004345,0.034797,-0.000031,-0.005645,-0.037326,-0.000000,-0.001015,1.570102,-0.300000,1.000000,1.100000,0.000000,0.000000,-1.571000,-0.299885,1.004345,1.065203,1.494422
5.314000,-0.000115,-0.004347,0.034797,-0.000031,-0.005645,-0.037326,-0.000000,-0.001015,1.570102,-0.300000,1.000000,1.100000,0.000000,0.000000,-1.571000,-0.299885,1.004347,1.065203,1.494423
5.316000,-0.000115,-0.004349,0.034797,-0.000031,-0.005645,-0.037326,-0.000000,-0.001015,1.570102,-0.300000,1.000000,1.100000,0.000000,0.000000,-1.571000,-0.299885,1.004349,1.065203,1.494424
5.318000,-0.000115,-0.004350,0.034797,-0.000031,-0.005645,-0.037326,-0.000000,-0.001015,1.570102,-0.300000,1.000000,1.100000,0.000000,0.000000,-1.571000,-0.299885,1.004350,1.065203,1.494426
5.320000,-0.000115,-0.004352,0.034797,-0.000031,-0.005645,-0.037326,-0.000000,-0.001015,1.570102,-0.300000,1.000000,1.100000,0.000000,0.000000,-1.571000,-0.299885,1.004352,1.065203,1.494427
5.322000,-0.000115,-0.004354,0.034797,-0.000031,-0.005645,-0.037326,-0.000000,-0.001015,1.570102,-0.300000,1.000000,1.100000,0.000000,0.000000,-1.571000,-0.299885,1.004354,1.065203,1.494428
5.324000,-0.000116,-0.004355,0.034797,-0.000031,-0.005645,-0.037326,-0.000000,-0.001015,1.570102,-0.300000,1.000000,1.100000,0.000000,0.000000,-1.571000,-0.299884,1.004355,1.065203,1.494429
5.326000,-0.000116,-0.004357,0.034797,-0.000031,-0.005645,-0.037326,-0.000000,-0.001015,1.570102,-0.300000,1.000000,1.100000,0.000000,0.000000,-1.571000,-0.299884,1.004357,1.065203,1.494430
5.328000,-0.000116,-0.004359,0.034797,-0.000031,-0.005645,-0.037326,-0.000000,-0.001015,1.570102,-0.300000,1.000000,1.100000,0.000000,0.000000,-1.571000,-0.299884,1.004359,1.065203,1.494431
5.330000,-0.000116,-0.004361,0.034797,-0.000031,-0.005645,-0.037326,-0.000000,-0.001015,1.570102,-0.300000,1.000000,1.100000,0.000000,0.000000,-1.571000,-0.299884,1.004361,1.065203,1.494432
5.332000,-0.000116,-0.004362,0.034797,-0.000031,-0.005645,-0.037326,-0.000000,-0.001015,1.570102,-0.300000,1.000000,1.100000,0.000000,0.000000,-1.571000,-0.299884,1.004362,1.065203,1.494433
5.334000,-0.000116,-0.004364,0.034797,-0.000031,-0.005645,-0.037326,-0.000000,-0.001015,1.570102,-0.300000,1.000000,1.100000,0.000000,0.000000,-1.571000,-0.299884,1.004364,1.065203,1.494435
5.336000,-0.000116,-0.004366,0.034797,-0.000031,-0.005645,-0.037326,-0.000000,-0.001015,1.570102,-0.300000,1.000000,1.100000,0.000000,0.000000,-1.571000,-0.299884,1.004366,1.065203,1.494436
5.338000,-0.000116,-0.004367,0.034797,-0.000031,-0.005645,-0.037326,-0.000000,-0.001015,1.570102,-0.300000,1.000000,1.100000,0.000000,0.000000,-1.571000,-0.299884,1.004367,1.065203,1.494437
5.340000,-0.000116,-0.004369,0.034797,-0.000031,-0.005645,-0.037326,-0.000000,-0.001015,1.570102,-0.300000,1.000000,1.100000,0.000000,0.000000,-1.571000,-0.299884,1.004369,1.065203,1.494438
5.342000,-0.000116,-0.004371,0.034797,-0.000031,-0.005645,-0.037326,-0.000000,-0.001015,1.570102,-0.300000,1.000000,1.100000,0.000000,0.000000,-1.571000,-0.299884,1.004371,1.065203,1.494439
5.344000,-0.000116,-0.004372,0.034797,-0.000031,-0.005645,-0.037326,-0.000000,-0.001015,1.570102,-0.300000,1.000000,1.100000,0.000000,0.000000,-1.571000,-0.299884,1.004372,1.065203,1.494440
5.346000,-0.000116,-0.004374,0.034797,-0.000031,-0.005645,-0.037326,-0.000000,-0.001015,1.570102,-0.300000,1.000000,1.100000,0.000000,0.000000,-1.571000,-0.299884,1.004374,1.065203,1.494441
5.348000,-0.000116,-0.004376,0.034797,-0.000031,-0.005645,-0.037326,-0.000000,-0.001015,1.570102,-0.300000,1.000000,1.100000,0.000000,0.000000,-1.571000,-0.299884,1.004376,1.065203,1.494442
5.350000,-0.000116,-0.004377,0.034797,-0.000031,-0.005645,-0.037326,-0.000000,-0.001015,1.570102,-0.300000,1.000000,1.100000,0.000000,0.000000,-1.571000,-0.299884,1.004377,1.065203,1.494443
5.352000,-0.000116,-0.004379,0.034797,-0.000031,-0.005645,-0.037326,-0.000000,-0.001015,1.570102,-0.300000,1.000000,1.100000,0.000000,0.000000,-1.571000,-0.299884,1.004379,1.065203,1.494445
5.354000,-0.000116,-0.004381,0.034797,-0.000031,-0.005645,-0.037326,-0.000000,-0.001015,1.570102,-0.300000,1.000000,1.100000,0.000000,0.000000,-1.571000,-0.299884,1.004381,1.065203,1.494446
5.356000,-0.000116,-0.004382,0.034797,-0.000031,-0.005645,-0.037326,-0.000000,-0.001015,1.570102,-0.300000,1.000000,1.100000,0.000000,0.000000,-1.571000,-0.299884,1.004382,1.065203,1.494447
5.358000,-0.000116,-0.004384,0.034797,-0.000031,-0.005645,-0.037326,-0.000000,-0.001015,1.570103,-0.300000,1.000000,1.100000,0.000000,0.000000,-1.571000,-0.299884,1.004384,1.065203,1.494448
5.360000,-0.000116,-0.004386,0.034797,-0.000031,-0.005645,-0.037326,-0.000000,-0.001015,1.570103,-0.300000,1.000000,1.100000,0.000000,0.000000,-1.571000,-0.299884,1.004386,1.065203,1.494449
5.362000,-0.000116,-0.004387,0.034797,-0.000031,-0.005645,-0.037326,-0.000000,-0.001015,1.570103,-0.300000,1.000000,1.100000,0.000000,0.000000,-1.571000,-0.299884,1.004387,1.065203,1.494450
5.364000,-0.000116,-0.004389,0.034797,-0.000031,-0.005645,-0.037326,-0.000000,-0.001015,1.570103,-0.300000,1.000000,1.100000,0.000000,0.000000,-1.571000,-0.299884,1.004389,1.065203,1.494451
5.366000,-0.000116,-0.004391,0.034797,-0.000031,-0.005645,-0.037326,-0.000000,-0.001015,1.570103,-0.300000,1.000000,1.100000,0.000000,0.000000,-1.571000,-0.299884,1.004391,1.065203,1.494452
5.368000,-0.000117,-0.004392,0.034797,-0.000031,-0.005645,-0.037326,-0.000000,-0.001015,1.570103,-0.300000,1.000000,1.100000,0.000000,0.000000,-1.571000,-0.299883,1.004392,1.065203,1.494453
5.370000,-0.000117,-0.004394,0.034797,-0.000031,-0.005645,-0.037326,-0.000000,-0.001015,1.570103,-0.300000,1.000000,1.100000,0.000000,0.000000,-1.571000,-0.299883,1.004394,1.065203,1.494455
5.372000,-0.000117,-0.004396,0.034797,-0.000031,-0.005645,-0.037326,-0.000000,-0.001015,1.570103,-0.300000,1.000000,1.100000,0.000000,0.000000,-1.571000,-0.299883,1.004396,1.065203,1.494456
5.374000,-0.000117,-0.004397,0.034797,-0.000031,-0.005645,-0.037326,-0.000000,-0.001015,1.570103,-0.300000,1.000000,1.100000,0.000000,0.000000,-1.571000,-0.299883,1.004397,1.065203,1.494457
5.376000,-0.000117,-0.004399,0.034797,-0.000031,-0.005645,-0.037326,-0.000000,-0.001015,1.570103,-0.300000,1.000000,1.100000,0.000000,0.000000,-1.571000,-0.299883,1.004399,1.065203,1.494458
5.378000,-0.000117,-0.004401,0.034797,-0.000031,-0.005645,-0.037326,-0.000000,-0.001015,1.570103,-0.300000,1.000000,1.100000,0.000000,0.000000,-1.571000,-0.299883,1.004401,1.065203,1.494459
5.380000,-0.000117,-0.004402,0.034797,-0.000031,-0.005645,-0.037326,-0.000000,-0.001015,1.570103,-0.300000,1.000000,1.100000,0.000000,0.000000,-1.571000,-0.299883,1.004402,1.065203,1.494460
5.382000,-0.000117,-0.004404,0.034797,-0.000031,-0.005645,-0.037326,-0.000000,-0.001015,1.570103,-0.300000,1.000000,1.100000,0.000000,0.000000,-1.571000,-0.299883,1.004404,1.065203,1.494461
5.384000,-0.000117,-0.004406,0.034797,-0.000031,-0.005645,-0.037326,-0.000000,-0.001015,1.570103,-0.300000,1.000000,1.100000,0.000000,0.000000,-1.571000,-0.299883,1.004406,1.065203,1.494462
5.386000,-0.000117,-0.004407,0.034797,-0.000031,-0.005645,-0.037326,-0.000000,-0.001015,1.570103,-0.300000,1.000000,1.100000,0.000000,0.000000,-1.571000,-0.299883,1.004407,1.065203,1.494464
5.388000,-0.000117,-0.004409,0.034797,-0.000031,-0.005645,-0.037326,-0.000000,-0.001015,1.570103,-0.300000,1.000000,1.100000,0.000000,0.000000,-1.571000,-0.299883,1.004409,1.065203,1.494465
5.390000,-0.000117,-0.004411,0.034797,-0.000031,-0.005645,-0.037326,-0.000000,-0.001015,1.570103,-0.300000,1.000000,1.100000,0.000000,0.000000,-1.571000,-0.299883,1.004411,1.065203,1.494466
5.392000,-0.000117,-0.004412,0.034797,-0.000031,-0.005645,-0.037326,-0.000000,-0.001015,1.570103,-0.300000,1.000000,1.100000,0.000000,0.000000,-1.571000,-0.299883,1.004412,1.065203,1.494467
5.394000,-0.000117,-0.004414,0.034797,-0.000031,-0.005645,-0.037326,-0.000000,-0.001015,1.570103,-0.300000,1.000000,1.100000,0.000000,0.000000,-1.571000,-0.299883,1.004414,1.065203,1.494468
5.396000,-0.000117,-0.004416,0.034797,-0.000031,-0.005645,-0.037326,-0.000000,-0.001015,1.570103,-0.300000,1.000000,1.100000,0.000000,0.000000,-1.571000,-0.299883,1.004416,1.065203,1.494469
5.398000,-0.000117,-0.004417,0.034797,-0.000031,-0.005645,-0.037326,-0.000000,-0.001015,1.570103,-0.300000,1.000000,1.100000,0.000000,0.000000,-1.571000,-0.299883,1.004417,1.065203,1.494470
5.400000,-0.000117,-0.004419,0.034797,-0.000031,-0.005645,-0.037326,-0.000000,-0.001015,1.570103,-0.300000,1.000000,1.100000,0.000000,0.000000,-1.571000,-0.299883,1.004419,1.065203,1.494471
5.402000,-0.000117,-0.004421,0.034797,-0.000031,-0.005645,-0.037326,-0.000000,-0.001015,1.570103,-0.300000,1.000000,1.100000,0.000000,0.000000,-1.571000,-0.299883,1.004421,1.065203,1.494472
5.404000,-0.000117,-0.004422,0.034797,-0.000031,-0.005645,-0.037326,-0.000000,-0.001015,1.570103,-0.300000,1.000000,1.100000,0.000000,0.000000,-1.571000,-0.299883,1.004422,1.065203,1.494474
5.406000,-0.000117,-0.004424,0.034797,-0.000031,-0.005645,-0.037326,-0.000000,-0.001015,1.570103,-0.300000,1.000000,1.100000,0.000000,0.000000,-1.571000,-0.299883,1.004424,1.065203,1.494475
5.408000,-0.000117,-0.004426,0.034797,-0.000031,-0.005645,-0.037326,-0.000000,-0.001015,1.570104,-0.300000,1.000000,1.100000,0.000000,0.000000,-1.571000,-0.299883,1.004426,1.065203,1.494476
5.410000,-0.000117,-0.004428,0.034797,-0.000031,-0.005645,-0.037326,-0.000000,-0.001015,1.570104,-0.300000,1.000000,1.100000,0.000000,0.000000,-1.571000,-0.299883,1.004428,1.065203,1.494477
5.412000,-0.000118,-0.004429,0.034797,-0.000031,-0.005645,-0.037326,-0.000000,-0.001015,1.570104,-0.300000,1.000000,1.100000,0.000000,0.000000,-1.571000,-0.299882,1.004429,1.065203,1.494478
5.414000,-0.000118,-0.004431,0.034797,-0.000031,-0.005645,-0.037326,-0.000000,-0.001015,1.570104,-0.300000,1.000000,1.100000,0.000000,0.000000,-1.571000,-0.299882,1.004431,1.065203,1.494479
5.416000,-0.000118,-0.004433,0.034797,-0.000031,-0.005645,-0.037326,-0.000000,-0.001015,1.570104,-0.300000,1.000000,1.100000,0.000000,0.000000,-1.571000,-0.299882,1.004433,1.065203,1.494480
5.418000,-0.000118,-0.004434,0.034797,-0.000031,-0.005645,-0.037326,-0.000000,-0.001015,1.570104,-0.300000,1.000000,1.100000,0.000000,0.000000,-1.571000,-0.299882,1.004434,1.065203,1.494481
5.420000,-0.000118,-0.004436,0.034797,-0.000031,-0.005645,-0.037326,-0.000000,-0.001015,1.570104,-0.300000,1.000000,1.100000,0.000000,0.000000,-1.571000,-0.299882,1.004436,1.065203,1.494483
5.422000,-0.000118,-0.004438,0.034797,-0.000031,-0.005645,-0.037326,-0.000000,-0.001015,1.570104,-0.300000,1.000000,1.100000,0.000000,0.000000,-1.571000,-0.299882,1.004438,1.065203,1.494484
5.424000,-0.000118,-0.004439,0.034797,-0.000031,-0.005645,-0.037326,-0.000000,-0.001015,1.570104,-0.300000,1.000000,1.100000,0.000000,0.000000,-1.571000,-0.299882,1.004439,1.065203,1.494485
5.426000,-0.000118,-0.004441,0.034797,-0.000031,-0.005645,-0.037326,-0.000000,-0.001015,1.570104,-0.300000,1.000000,1.100000,0.000000,0.000000,-1.571000,-0.299882,1.004441,1.065203,1.494486
5.428000,-0.000118,-0.004443,0.034797,-0.000031,-0.005645,-0.037326,-0.000000,-0.001015,1.570104,-0.300000,1.000000,1.100000,0.000000,0.000000,-1.571000,-0.299882,1.004443,1.065203,1.494487
5.430000,-0.000118,-0.004444,0.034797,-0.000031,-0.005645,-0.037326,-0.000000,-0.001015,1.570104,-0.300000,1.000000,1.100000,0.000000,0.000000,-1.571000,-0.299882,1.004444,1.065203,1.494488
5.432000,-0.000118,-0.004446,0.034797,-0.000031,-0.005645,-0.037326,-0.000000,-0.001015,1.570104,-0.300000,1.000000,1.100000,0.000000,0.000000,-1.571000,-0.299882,1.004446,1.065203,1.494489
5.434000,-0.000118,-0.004448,0.034797,-0.000031,-0.005645,-0.037326,-0.000000,-0.001015,1.570104,-0.300000,1.000000,1.100000,0.000000,0.000000,-1.571000,-0.299882,1.004448,1.065203,1.494490
5.436000,-0.000118,-0.004449,0.034797,-0.000031,-0.005645,-0.037326,-0.000000,-0.001015,1.570104,-0.300000,1.000000,1.100000,0.000000,0.000000,-1.571000,-0.299882,1.004449,1.065203,1.494491
5.438000,-0.000118,-0.004451,0.034797,-0.000031,-0.005645,-0.037326,-0.000000,-0.001015,1.570104,-0.300000,1.000000,1.100000,0.000000,0.000000,-1.571000,-0.299882,1.004451,1.065203,1.494493
5.440000,-0.000118,-0.004453,0.034797,-0.000031,-0.005645,-0.037326,-0.000000,-0.001015,1.570104,-0.300000,1.000000,1.100000,0.000000,0.000000,-1.571000,-0.299882,1.004453,1.065203,1.494494
5.442000,-0.000118,-0.004454,0.034797,-0.000031,-0.005645,-0.037326,-0.000000,-0.001015,1.570104,-0.300000,1.000000,1.100000,0.000000,0.000000,-1.571000,-0.299882,1.004454,1.065203,1.494495
5.444000,-0.000118,-0.004456,0.034797,-0.000031,-0.005645,-0.037326,-0.000000,-0.001015,1.570104,-0.300000,1.000000,1.100000,0.000000,0.000000,-1.571000,-0.299882,1.004456,1.065203,1.494496
5.446000,-0.000118,-0.004458,0.034797,-0.000031,-0.005645,-0.037326,-0.000000,-0.001015,1.570104,-0.300000,1.000000,1.100000,0.000000,0.000000,-1.571000,-0.299882,1.004458,1.065203,1.494497
5.448000,-0.000118,-0.004459,0.034797,-0.000031,-0.005645,-0.037326,-0.000000,-0.001015,1.570104,-0.300000,1.000000,1.100000,0.000000,0.000000,-1.571000,-0.299882,1.004459,1.065203,1.494498
5.450000,-0.000118,-0.004461,0.034797,-0.000031,-0.005645,-0.037326,-0.000000,-0.001015,1.570104,-0.300000,1.000000,1.100000,0.000000,0.000000,-1.571000,-0.299882,1.004461,1.065203,1.494499
5.452000,-0.000118,-0.004463,0.034797,-0.000031,-0.005645,-0.037326,-0.000000,-0.001015,1.570104,-0.300000,1.000000,1.100000,0.000000,0.000000,-1.571000,-0.299882,1.004463,1.065203,1.494500
5.454000,-0.000118,-0.004464,0.034797,-0.000031,-0.005645,-0.037326,-0.000000,-0.001015,1.570104,-0.300000,1.000000,1.100000,0.000000,0.000000,-1.571000,-0.299882,1.004464,1.065203,1.494502
5.456000,-0.000119,-0.004466,0.034797,-0.000031,-0.005645,-0.037326,-0.000000,-0.001015,1.570104,-0.300000,1.000000,1.100000,0.000000,0.000000,-1.571000,-0.299881,1.004466,1.065203,1.494503
5.458000,-0.000119,-0.004468,0.034797,-0.000031,-0.005645,-0.037326,-0.000000,-0.001015,1.570105,-0.300000,1.000000,1.100000,0.000000,0.000000,-1.571000,-0.299881,1.004468,1.065203,1.494504
5.460000,-0.000119,-0.004469,0.034797,-0.000031,-0.005645,-0.037326,-0.000000,-0.001015,1.570105,-0.300000,1.000000,1.100000,0.000000,0.000000,-1.571000,-0.299881,1.004469,1.065203,1.494505
5.462000,-0.000119,-0.004471,0.034797,-0.000031,-0.005645,-0.037326,-0.000000,-0.001015,1.570105,-0.300000,1.000000,1.100000,0.000000,0.000000,-1.571000,-0.299881,1.004471,1.065203,1.494506
5.464000,-0.000119,-0.004473,0.034797,-0.000031,-0.005645,-0.037326,-0.000000,-0.001015,1.570105,-0.300000,1.000000,1.100000,0.000000,0.000000,-1.571000,-0.299881,1.004473,1.065203,1.494507
5.466000,-0.000119,-0.004474,0.034797,-0.000031,-0.005645,-0.037326,-0.000000,-0.001015,1.570105,-0.300000,1.000000,1.100000,0.000000,0.000000,-1.571000,-0.299881,1.004474,1.065203,1.494508
5.468000,-0.000119,-0.004476,0.034797,-0.000031,-0.005645,-0.037326,-0.000000,-0.001015,1.570105,-0.300000,1.000000,1.100000,0.000000,0.000000,-1.571000,-0.299881,1.004476,1.065203,1.494509
5.470000,-0.000119,-0.004478,0.034797,-0.000031,-0.005645,-0.037326,-0.000000,-0.001015,1.570105,-0.300000,1.000000,1.100000,0.000000,0.000000,-1.571000,-0.299881,1.004478,1.065203,1.494510
5.472000,-0.000119,-0.004479,0.034797,-0.000031,-0.005645,-0.037326,-0.000000,-0.001015,1.570105,-0.300000,1.000000,1.100000,0.000000,0.000000,-1.571000,-0.299881,1.004479,1.065203,1.494512
5.474000,-0.000119,-0.004481,0.034797,-0.000031,-0.005645,-0.037326,-0.000000,-0.001015,1.570105,-0.300000,1.000000,1.100000,0.000000,0.000000,-1.571000,-0.299881,1.004481,1.065203,1.494513
5.476000,-0.000119,-0.004483,0.034797,-0.000031,-0.005645,-0.037326,-0.000000,-0.001015,1.570105,-0.300000,1.000000,1.100000,0.000000,0.000000,-1.571000,-0.299881,1.004483,1.065203,1.494514
5.478000,-0.000119,-0.004484,0.034797,-0.000031,-0.005645,-0.037326,-0.000000,-0.001015,1.570105,-0.300000,1.000000,1.100000,0.000000,0.000000,-1.571000,-0.299881,1.004484,1.065203,1.494515
5.480000,-0.000119,-0.004486,0.034797,-0.000031,-0.005645,-0.037326,-0.000000,-0.001015,1.570105,-0.300000,1.000000,1.100000,0.000000,0.000000,-1.571000,-0.299881,1.004486,1.065203,1.494516
5.482000,-0.000119,-0.004488,0.034797,-0.000031,-0.005645,-0.037326,-0.000000,-0.001015,1.570105,-0.300000,1.000000,1.100000,0.000000,0.000000,-1.571000,-0.299881,1.004488,1.065203,1.494517
5.484000,-0.000119,-0.004489,0.034797,-0.000031,-0.005645,-0.037326,-0.000000,-0.001015,1.570105,-0.300000,1.000000,1.100000,0.000000,0.000000,-1.571000,-0.299881,1.004489,1.065203,1.494518
5.486000,-0.000119,-0.004491,0.034797,-0.000031,-0.005645,-0.037326,-0.000000,-0.001015,1.570105,-0.300000,1.000000,1.100000,0.000000,0.000000,-1.571000,-0.299881,1.004491,1.065203,1.494519
5.488000,-0.000119,-0.004493,0.034797,-0.000031,-0.005645,-0.037326,-0.000000,-0.001015,1.570105,-0.300000,1.000000,1.100000,0.000000,0.000000,-1.571000,-0.299881,1.004493,1.065203,1.494520
5.490000,-0.000119,-0.004494,0.034797,-0.000031,-0.005645,-0.037326,-0.000000,-0.001015,1.570105,-0.300000,1.000000,1.100000,0.000000,0.000000,-1.571000,-0.299881,1.004494,1.065203,1.494522
5.492000,-0.000119,-0.004496,0.034797,-0.000031,-0.005645,-0.037326,-0.000000,-0.001015,1.570105,-0.300000,1.000000,1.100000,0.000000,0.000000,-1.571000,-0.299881,1.004496,1.065203,1.494523
5.494000,-0.000119,-0.004498,0.034797,-0.000031,-0.005645,-0.037326,-0.000000,-0.001015,1.570105,-0.300000,1.000000,1.100000,0.000000,0.000000,-1.571000,-0.299881,1.004498,1.065203,1.494524
5.496000,-0.000119,-0.004500,0.034797,-0.000031,-0.005645,-0.037326,-0.000000,-0.001015,1.570105,-0.300000,1.000000,1.100000,0.000000,0.000000,-1.571000,-0.299881,1.004500,1.065203,1.494525
5.498000,-0.000119,-0.004501,0.034797,-0.000031,-0.005645,-0.037326,-0.000000,-0.001015,1.570105,-0.300000,1.000000,1.100000,0.000000,0.000000,-1.571000,-0.299881,1.004501,1.065203,1.494526
5.500000,-0.000119,-0.004503,0.034797,-0.000031,-0.005645,-0.037326,-0.000000,-0.001015,1.570105,-0.300000,1.000000,1.100000,0.000000,0.000000,-1.571000,-0.299881,1.004503,1.065203,1.494527
5.502000,-0.000120,-0.004505,0.034797,-0.000031,-0.005645,-0.037326,-0.000000,-0.001015,1.570105,-0.300000,1.000000,1.100000,0.000000,0.000000,-1.571000,-0.299880,1.004505,1.065203,1.494528
5.504000,-0.000120,-0.004506,0.034797,-0.000031,-0.005645,-0.037326,-0.000000,-0.001015,1.570105,-0.300000,1.000000,1.100000,0.000000,0.000000,-1.571000,-0.299880,1.004506,1.065203,1.494529
5.506000,-0.000120,-0.004508,0.034797,-0.000031,-0.005645,-0.037326,-0.000000,-0.001015,1.570105,-0.300000,1.000000,1.100000,0.000000,0.000000,-1.571000,-0.299880,1.004508,1.065203,1.494531
5.508000,-0.000120,-0.004510,0.034797,-0.000031,-0.005645,-0.037326,-0.000000,-0.001015,1.570105,-0.300000,1.000000,1.100000,0.000000,0.000000,-1.571000,-0.299880,1.004510,1.065203,1.494532
5.510000,-0.000120,-0.004511,0.034797,-0.000031,-0.005645,-0.037326,-0.000000,-0.001015,1.570106,-0.300000,1.000000,1.100000,0.000000,0.000000,-1.571000,-0.299880,1.004511,1.065203,1.494533
5.512000,-0.000120,-0.004513,0.034797,-0.000031,-0.005645,-0.037326,-0.000000,-0.001015,1.570106,-0.300000,1.000000,1.100000,0.000000,0.000000,-1.571000,-0.299880,1.004513,1.065203,1.494534
5.514000,-0.000120,-0.004515,0.034797,-0.000031,-0.005645,-0.037326,-0.000000,-0.001015,1.570106,-0.300000,1.000000,1.100000,0.000000,0.000000,-1.571000,-0.299880,1.004515,1.065203,1.494535
5.516000,-0.000120,-0.004516,0.034797,-0.000031,-0.005645,-0.037326,-0.000000,-0.001015,1.570106,-0.300000,1.000000,1.100000,0.000000,0.000000,-1.571000,-0.299880,1.004516,1.065203,1.494536
5.518000,-0.000120,-0.004518,0.034797,-0.000031,-0.005645,-0.037326,-0.000000,-0.001015,1.570106,-0.300000,1.000000,1.100000,0.000000,0.000000,-1.571000,-0.299880,1.004518,1.065203,1.494537
5.520000,-0.000120,-0.004520,0.034797,-0.000031,-0.005645,-0.037326,-0.000000,-0.001015,1.570106,-0.300000,1.000000,1.100000,0.000000,0.000000,-1.571000,-0.299880,1.004520,1.065203,1.494538
5.522000,-0.000120,-0.004521,0.034797,-0.000031,-0.005645,-0.037326,-0.000000,-0.001015,1.570106,-0.300000,1.000000,1.100000,0.000000,0.000000,-1.571000,-0.299880,1.004521,1.065203,1.494539
5.524000,-0.000120,-0.004523,0.034797,-0.000031,-0.005645,-0.037326,-0.000000,-0.001015,1.570106,-0.300000,1.000000,1.100000,0.000000,0.000000,-1.571000,-0.299880,1.004523,1.065203,1.494541
5.526000,-0.000120,-0.004525,0.034797,-0.000031,-0.005645,-0.037326,-0.000000,-0.001015,1.570106,-0.300000,1.000000,1.100000,0.000000,0.000000,-1.571000,-0.299880,1.004525,1.065203,1.494542
5.528000,-0.000120,-0.004526,0.034797,-0.000031,-0.005645,-0.037326,-0.000000,-0.001015,1.570106,-0.300000,1.000000,1.100000,0.000000,0.000000,-1.571000,-0.299880,1.004526,1.065203,1.494543
5.530000,-0.000120,-0.004528,0.034797,-0.000031,-0.005645,-0.037326,-0.000000,-0.001015,1.570106,-0.300000,1.000000,1.100000,0.000000,0.000000,-1.571000,-0.299880,1.004528,1.065203,1.494544
5.532000,-0.000120,-0.004530,0.034797,-0.000031,-0.005645,-0.037326,-0.000000,-0.001015,1.570106,-0.300000,1.000000,1.100000,0.000000,0.000000,-1.571000,-0.299880,1.004530,1.065203,1.494545
5.534000,-0.000120,-0.004531,0.034797,-0.000031,-0.005645,-0.037326,-0.000000,-0.001015,1.570106,-0.300000,1.000000,1.100000,0.000000,0.000000,-1.571000,-0.299880,1.004531,1.065203,1.494546
5.536000,-0.000120,-0.004533,0.034797,-0.000031,-0.005645,-0.037326,-0.000000,-0.001015,1.570106,-0.300000,1.000000,1.100000,0.000000,0.000000,-1.571000,-0.299880,1.004533,1.065203,1.494547
5.538000,-0.000120,-0.004535,0.034797,-0.000031,-0.005645,-0.037326,-0.000000,-0.001015,1.570106,-0.300000,1.000000,1.100000,0.000000,0.000000,-1.571000,-0.299880,1.004535,1.065203,1.494548
5.540000,-0.000120,-0.004536,0.034797,-0.000031,-0.005645,-0.037326,-0.000000,-0.001015,1.570106,-0.300000,1.000000,1.100000,0.000000,0.000000,-1.571000,-0.299880,1.004536,1.065203,1.494550
5.542000,-0.000120,-0.004538,0.034797,-0.000031,-0.005645,-0.037326,-0.000000,-0.001015,1.570106,-0.300000,1.000000,1.100000,0.000000,0.000000,-1.571000,-0.299880,1.004538,1.065203,1.494551
5.544000,-0.000120,-0.004540,0.034797,-0.000031,-0.005645,-0.037326,-0.000000,-0.001015,1.570106,-0.300000,1.000000,1.100000,0.000000,0.000000,-1.571000,-0.299880,1.004540,1.065203,1.494552
5.546000,-0.000121,-0.004541,0.034797,-0.000031,-0.005645,-0.037326,-0.000000,-0.001015,1.570106,-0.300000,1.000000,1.100000,0.000000,0.000000,-1.571000,-0.299879,1.004541,1.065203,1.494553
5.548000,-0.000121,-0.004543,0.034797,-0.000031,-0.005645,-0.037326,-0.000000,-0.001015,1.570106,-0.300000,1.000000,1.100000,0.000000,0.000000,-1.571000,-0.299879,1.004543,1.065203,1.494554
5.550000,-0.000121,-0.004545,0.034797,-0.000031,-0.005645,-0.037326,-0.000000,-0.001015,1.570106,-0.300000,1.000000,1.100000,0.000000,0.000000,-1.571000,-0.299879,1.004545,1.065203,1.494555
5.552000,-0.000121,-0.004546,0.034797,-0.000031,-0.005645,-0.037326,-0.000000,-0.001015,1.570106,-0.300000,1.000000,1.100000,0.000000,0.000000,-1.571000,-0.299879,1.004546,1.065203,1.494556
5.554000,-0.000121,-0.004548,0.034797,-0.000031,-0.005645,-0.037326,-0.000000,-0.001015,1.570106,-0.300000,1.000000,1.100000,0.000000,0.000000,-1.571000,-0.299879,1.004548,1.065203,1.494557
5.556000,-0.000121,-0.004550,0.034797,-0.000031,-0.005645,-0.037326,-0.000000,-0.001015,1.570106,-0.300000,1.000000,1.100000,0.000000,0.000000,-1.571000,-0.299879,1.004550,1.065203,1.494558
5.558000,-0.000121,-0.004551,0.034797,-0.000031,-0.005645,-0.037326,-0.000000,-0.001015,1.570106,-0.300000,1.000000,1.100000,0.000000,0.000000,-1.571000,-0.299879,1.004551,1.065203,1.494560
5.560000,-0.000121,-0.004553,0.034797,-0.000031,-0.005645,-0.037326,-0.000000,-0.001015,1.570107,-0.300000,1.000000,1.100000,0.000000,0.000000,-1.571000,-0.299879,1.004553,1.065203,1.494561
5.562000,-0.000121,-0.004555,0.034797,-0.000031,-0.005645,-0.037326,-0.000000,-0.001015,1.570107,-0.300000,1.000000,1.100000,0.000000,0.000000,-1.571000,-0.299879,1.004555,1.065203,1.494562
5.564000,-0.000121,-0.004556,0.034797,-0.000031,-0.005645,-0.037326,-0.000000,-0.001015,1.570107,-0.300000,1.000000,1.100000,0.000000,0.000000,-1.571000,-0.299879,1.004556,1.065203,1.494563
5.566000,-0.000121,-0.004558,0.034797,-0.000031,-0.005645,-0.037326,-0.000000,-0.001015,1.570107,-0.300000,1.000000,1.100000,0.000000,0.000000,-1.571000,-0.299879,1.004558,1.065203,1.494564
5.568000,-0.000121,-0.004560,0.034797,-0.000031,-0.005645,-0.037326,-0.000000,-0.001015,1.570107,-0.300000,1.000000,1.100000,0.000000,0.000000,-1.571000,-0.299879,1.004560,1.065203,1.494565
5.570000,-0.000121,-0.004561,0.034797,-0.000031,-0.005645,-0.037326,-0.000000,-0.001015,1.570107,-0.300000,1.000000,1.100000,0.000000,0.000000,-1.571000,-0.299879,1.004561,1.065203,1.494566
5.572000,-0.000121,-0.004563,0.034797,-0.000031,-0.005645,-0.037326,-0.000000,-0.001015,1.570107,-0.300000,1.000000,1.100000,0.000000,0.000000,-1.571000,-0.299879,1.004563,1.065203,1.494567
5.574000,-0.000121,-0.004565,0.034797,-0.000031,-0.005645,-0.037326,-0.000000,-0.001015,1.570107,-0.300000,1.000000,1.100000,0.000000,0.000000,-1.571000,-0.299879,1.004565,1.065203,1.494569
5.576000,-0.000121,-0.004567,0.034797,-0.000031,-0.005645,-0.037326,-0.000000,-0.001015,1.570107,-0.300000,1.000000,1.100000,0.000000,0.000000,-1.571000,-0.299879,1.004567,1.065203,1.494570
5.578000,-0.000121,-0.004568,0.034797,-0.000031,-0.005645,-0.037326,-0.000000,-0.001015,1.570107,-0.300000,1.000000,1.100000,0.000000,0.000000,-1.571000,-0.299879,1.004568,1.065203,1.494571
5.580000,-0.000121,-0.004570,0.034797,-0.000031,-0.005645,-0.037326,-0.000000,-0.001015,1.570107,-0.300000,1.000000,1.100000,0.000000,0.000000,-1.571000,-0.299879,1.004570,1.065203,1.494572
5.582000,-0.000121,-0.004572,0.034797,-0.000031,-0.005645,-0.037326,-0.000000,-0.001015,1.570107,-0.300000,1.000000,1.100000,0.000000,0.000000,-1.571000,-0.299879,1.004572,1.065203,1.494573
5.584000,-0.000121,-0.004573,0.034797,-0.000031,-0.005645,-0.037326,-0.000000,-0.001015,1.570107,-0.300000,1.000000,1.100000,0.000000,0.000000,-1.571000,-0.299879,1.004573,1.065203,1.494574
5.586000,-0.000121,-0.004575,0.034797,-0.000031,-0.005645,-0.037326,-0.000000,-0.001015,1.570107,-0.300000,1.000000,1.100000,0.000000,0.000000,-1.571000,-0.299879,1.004575,1.065203,1.494575
5.588000,-0.000121,-0.004577,0.034797,-0.000031,-0.005645,-0.037326,-0.000000,-0.001015,1.570107,-0.300000,1.000000,1.100000,0.000000,0.000000,-1.571000,-0.299879,1.004577,1.065203,1.494576
5.590000,-0.000122,-0.004578,0.034797,-0.000031,-0.005645,-0.037326,-0.000000,-0.001015,1.570107,-0.300000,1.000000,1.100000,0.000000,0.000000,-1.571000,-0.299878,1.004578,1.065203,1.494577
5.592000,-0.000122,-0.004580,0.034797,-0.000031,-0.005645,-0.037326,-0.000000,-0.001015,1.570107,-0.300000,1.000000,1.100000,0.000000,0.000000,-1.571000,-0.299878,1.004580,1.065203,1.494579
5.594000,-0.000122,-0.004582,0.034797,-0.000031,-0.005645,-0.037326,-0.000000,-0.001015,1.570107,-0.300000,1.000000,1.100000,0.000000,0.000000,-1.571000,-0.299878,1.004582,1.065203,1.494580
5.596000,-0.000122,-0.004583,0.034797,-0.000031,-0.005645,-0.037326,-0.000000,-0.001015,1.570107,-0.300000,1.000000,1.100000,0.000000,0.000000,-1.571000,-0.299878,1.004583,1.065203,1.494581
5.598000,-0.000122,-0.004585,0.034797,-0.000031,-0.005645,-0.037326,-0.000000,-0.001015,1.570107,-0.300000,1.000000,1.100000,0.000000,0.000000,-1.571000,-0.299878,1.004585,1.065203,1.494582
5.600000,-0.000122,-0.004587,0.034797,-0.000031,-0.005645,-0.037326,-0.000000,-0.001015,1.570107,-0.300000,1.000000,1.100000,0.000000,0.000000,-1.571000,-0.299878,1.004587,1.065203,1.494583
5.602000,-0.000122,-0.004588,0.034797,-0.000031,-0.005645,-0.037326,-0.000000,-0.001015,1.570107,-0.300000,1.000000,1.100000,0.000000,0.000000,-1.571000,-0.299878,1.004588,1.065203,1.494584
5.604000,-0.000122,-0.004590,0.034797,-0.000031,-0.005645,-0.037326,-0.000000,-0.001015,1.570107,-0.300000,1.000000,1.100000,0.000000,0.000000,-1.571000,-0.299878,1.004590,1.065203,1.494585
5.606000,-0.000122,-0.004592,0.034797,-0.000031,-0.005645,-0.037326,-0.000000,-0.001015,1.570107,-0.300000,1.000000,1.100000,0.000000,0.000000,-1.571000,-0.299878,1.004592,1.065203,1.494586
5.608000,-0.000122,-0.004593,0.034797,-0.000031,-0.005645,-0.037326,-0.000000,-0.001015,1.570107,-0.300000,1.000000,1.100000,0.000000,0.000000,-1.571000,-0.299878,1.004593,1.065203,1.494587
5.610000,-0.000122,-0.004595,0.034797,-0.000031,-0.005645,-0.037326,-0.000000,-0.001015,1.570107,-0.300000,1.000000,1.100000,0.000000,0.000000,-1.571000,-0.299878,1.004595,1.065203,1.494589
5.612000,-0.000122,-0.004597,0.034797,-0.000031,-0.005645,-0.037326,-0.000000,-0.001015,1.570108,-0.300000,1.000000,1.100000,0.000000,0.000000,-1.571000,-0.299878,1.004597,1.065203,1.494590
5.614000,-0.000122,-0.004598,0.034797,-0.000031,-0.005645,-0.037326,-0.000000,-0.001015,1.570108,-0.300000,1.000000,1.100000,0.000000,0.000000,-1.571000,-0.299878,1.004598,1.065203,1.494591
5.616000,-0.000122,-0.004600,0.034797,-0.000031,-0.005645,-0.037326,-0.000000,-0.001015,1.570108,-0.300000,1.000000,1.100000,0.000000,0.000000,-1.571000,-0.299878,1.004600,1.065203,1.494592
5.618000,-0.000122,-0.004602,0.034797,-0.000031,-0.005645,-0.037326,-0.000000,-0.001015,1.570108,-0.300000,1.000000,1.100000,0.000000,0.000000,-1.571000,-0.299878,1.004602,1.065203,1.494593
5.620000,-0.000122,-0.004603,0.034797,-0.000031,-0.005645,-0.037326,-0.000000,-0.001015,1.570108,-0.300000,1.000000,1.100000,0.000000,0.000000,-1.571000,-0.299878,1.004603,1.065203,1.494594
5.622000,-0.000122,-0.004605,0.034797,-0.000031,-0.005645,-0.037326,-0.000000,-0.001015,1.570108,-0.300000,1.000000,1.100000,0.000000,0.000000,-1.571000,-0.299878,1.004605,1.065203,1.494595
5.624000,-0.000122,-0.004607,0.034797,-0.000031,-0.005645,-0.037326,-0.000000,-0.001015,1.570108,-0.300000,1.000000,1.100000,0.000000,0.000000,-1.571000,-0.299878,1.004607,1.065203,1.494596
5.626000,-0.000122,-0.004608,0.034797,-0.000031,-0.005645,-0.037326,-0.000000,-0.001015,1.570108,-0.300000,1.000000,1.100000,0.000000,0.000000,-1.571000,-0.299878,1.004608,1.065203,1.494598
5.628000,-0.000122,-0.004610,0.034797,-0.000031,-0.005645,-0.037326,-0.000000,-0.001015,1.570108,-0.300000,1.000000,1.100000,0.000000,0.000000,-1.571000,-0.299878,1.004610,1.065203,1.494599
5.630000,-0.000122,-0.004612,0.034797,-0.000031,-0.005645,-0.037326,-0.000000,-0.001015,1.570108,-0.300000,1.000000,1.100000,0.000000,0.000000,-1.571000,-0.299878,1.004612,1.065203,1.494600
5.632000,-0.000122,-0.004613,0.034797,-0.000031,-0.005645,-0.037326,-0.000000,-0.001015,1.570108,-0.300000,1.000000,1.100000,0.000000,0.000000,-1.571000,-0.299878,1.004613,1.065203,1.494601
5.634000,-0.000123,-0.004615,0.034797,-0.000031,-0.005645,-0.037326,-0.000000,-0.001015,1.570108,-0.300000,1.000000,1.100000,0.000000,0.000000,-1.571000,-0.299877,1.004615,1.065203,1.494602
5.636000,-0.000123,-0.004617,0.034797,-0.000031,-0.005645,-0.037326,-0.000000,-0.001015,1.570108,-0.300000,1.000000,1.100000,0.000000,0.000000,-1.571000,-0.299877,1.004617,1.065203,1.494603
5.638000,-0.000123,-0.004618,0.034797,-0.000031,-0.005645,-0.037326,-0.000000,-0.001015,1.570108,-0.300000,1.000000,1.100000,0.000000,0.000000,-1.571000,-0.299877,1.004618,1.065203,1.494604
5.640000,-0.000123,-0.004620,0.034797,-0.000031,-0.005645,-0.037326,-0.000000,-0.001015,1.570108,-0.300000,1.000000,1.100000,0.000000,0.000000,-1.571000,-0.299877,1.004620,1.065203,1.494605
5.642000,-0.000123,-0.004622,0.034797,-0.000031,-0.005645,-0.037326,-0.000000,-0.001015,1.570108,-0.300000,1.000000,1.100000,0.000000,0.000000,-1.571000,-0.299877,1.004622,1.065203,1.494606
5.644000,-0.000123,-0.004623,0.034797,-0.000031,-0.005645,-0.037326,-0.000000,-0.001015,1.570108,-0.300000,1.000000,1.100000,0.000000,0.000000,-1.571000,-0.299877,1.004623,1.065203,1.494608
5.646000,-0.000123,-0.004625,0.034797,-0.000031,-0.005645,-0.037326,-0.000000,-0.001015,1.570108,-0.300000,1.000000,1.100000,0.000000,0.000000,-1.571000,-0.299877,1.004625,1.065203,1.494609
5.648000,-0.000123,-0.004627,0.034797,-0.000031,-0.005645,-0.037326,-0.000000,-0.001015,1.570108,-0.300000,1.000000,1.100000,0.000000,0.000000,-1.571000,-0.299877,1.004627,1.065203,1.494610
5.650000,-0.000123,-0.004628,0.034797,-0.000031,-0.005645,-0.037326,-0.000000,-0.001015,1.570108,-0.300000,1.000000,1.100000,0.000000,0.000000,-1.571000,-0.299877,1.004628,1.065203,1.494611
5.652000,-0.000123,-0.004630,0.034797,-0.000031,-0.005645,-0.037326,-0.000000,-0.001015,1.570108,-0.300000,1.000000,1.100000,0.000000,0.000000,-1.571000,-0.299877,1.004630,1.065203,1.494612
5.654000,-0.000123,-0.004632,0.034797,-0.000031,-0.005645,-0.037326,-0.000000,-0.001015,1.570108,-0.300000,1.000000,1.100000,0.000000,0.000000,-1.571000,-0.299877,1.004632,1.065203,1.494613
5.656000,-0.000123,-0.004633,0.034797,-0.000031,-0.005645,-0.037326,-0.000000,-0.001015,1.570108,-0.300000,1.000000,1.100000,0.000000,0.000000,-1.571000,-0.299877,1.004633,1.065203,1.494614
5.658000,-0.000123,-0.004635,0.034797,-0.000031,-0.005645,-0.037326,-0.000000,-0.001015,1.570108,-0.300000,1.000000,1.100000,0.000000,0.000000,-1.571000,-0.299877,1.004635,1.065203,1.494615
5.660000,-0.000123,-0.004637,0.034797,-0.000031,-0.005645,-0.037326,-0.000000,-0.001015,1.570108,-0.300000,1.000000,1.100000,0.000000,0.000000,-1.571000,-0.299877,1.004637,1.065203,1.494617
5.662000,-0.000123,-0.004639,0.034797,-0.000031,-0.005645,-0.037326,-0.000000,-0.001015,1.570109,-0.300000,1.000000,1.100000,0.000000,0.000000,-1.571000,-0.299877,1.004639,1.065203,1.494618
5.664000,-0.000123,-0.004640,0.034797,-0.000031,-0.005645,-0.037326,-0.000000,-0.001015,1.570109,-0.300000,1.000000,1.100000,0.000000,0.000000,-1.571000,-0.299877,1.004640,1.065203,1.494619
5.666000,-0.000123,-0.004642,0.034797,-0.000031,-0.005645,-0.037326,-0.000000,-0.001015,1.570109,-0.300000,1.000000,1.100000,0.000000,0.000000,-1.571000,-0.299877,1.004642,1.065203,1.494620
5.668000,-0.000123,-0.004644,0.034797,-0.000031,-0.005645,-0.037326,-0.000000,-0.001015,1.570109,-0.300000,1.000000,1.100000,0.000000,0.000000,-1.571000,-0.299877,1.004644,1.065203,1.494621
5.670000,-0.000123,-0.004645,0.034797,-0.000031,-0.005645,-0.037326,-0.000000,-0.001015,1.570109,-0.300000,1.000000,1.100000,0.000000,0.000000,-1.571000,-0.299877,1.004645,1.065203,1.494622
5.672000,-0.000123,-0.004647,0.034797,-0.000031,-0.005645,-0.037326,-0.000000,-0.001015,1.570109,-0.300000,1.000000,1.100000,0.000000,0.000000,-1.571000,-0.299877,1.004647,1.065203,1.494623
5.674000,-0.000123,-0.004649,0.034797,-0.000031,-0.005645,-0.037326,-0.000000,-0.001015,1.570109,-0.300000,1.000000,1.100000,0.000000,0.000000,-1.571000,-0.299877,1.004649,1.065203,1.494624
5.676000,-0.000123,-0.004650,0.034797,-0.000031,-0.005645,-0.037326,-0.000000,-0.001015,1.570109,-0.300000,1.000000,1.100000,0.000000,0.000000,-1.571000,-0.299877,1.004650,1.065203,1.494625
5.678000,-0.000124,-0.004652,0.034797,-0.000031,-0.005645,-0.037326,-0.000000,-0.001015,1.570109,-0.300000,1.000000,1.100000,0.000000,0.000000,-1.571000,-0.299876,1.004652,1.065203,1.494627
5.680000,-0.000124,-0.004654,0.034797,-0.000031,-0.005645,-0.037326,-0.000000,-0.001015,1.570109,-0.300000,1.000000,1.100000,0.000000,0.000000,-1.571000,-0.299876,1.004654,1.065203,1.494628
5.682000,-0.000124,-0.004655,0.034797,-0.000031,-0.005645,-0.037326,-0.000000,-0.001015,1.570109,-0.300000,1.000000,1.100000,0.000000,0.000000,-1.571000,-0.299876,1.004655,1.065203,1.494629
5.684000,-0.000124,-0.004657,0.034797,-0.000031,-0.005645,-0.037326,-0.000000,-0.001015,1.570109,-0.300000,1.000000,1.100000,0.000000,0.000000,-1.571000,-0.299876,1.004657,1.065203,1.494630
5.686000,-0.000124,-0.004659,0.034797,-0.000031,-0.005645,-0.037326,-0.000000,-0.001015,1.570109,-0.300000,1.000000,1.100000,0.000000,0.000000,-1.571000,-0.299876,1.004659,1.065203,1.494631
5.688000,-0.000124,-0.004660,0.034797,-0.000031,-0.005645,-0.037326,-0.000000,-0.001015,1.570109,-0.300000,1.000000,1.100000,0.000000,0.000000,-1.571000,-0.299876,1.004660,1.065203,1.494632
5.690000,-0.000124,-0.004662,0.034797,-0.000031,-0.005645,-0.037326,-0.000000,-0.001015,1.570109,-0.300000,1.000000,1.100000,0.000000,0.000000,-1.571000,-0.299876,1.004662,1.065203,1.494633
5.692000,-0.000124,-0.004664,0.034797,-0.000031,-0.005645,-0.037326,-0.000000,-0.001015,1.570109,-0.300000,1.000000,1.100000,0.000000,0.000000,-1.571000,-0.299876,1.004664,1.065203,1.494634
5.694000,-0.000124,-0.004665,0.034797,-0.000031,-0.005645,-0.037326,-0.000000,-0.001015,1.570109,-0.300000,1.000000,1.100000,0.000000,0.000000,-1.571000,-0.299876,1.004665,1.065203,1.494636
5.696000,-0.000124,-0.004667,0.034797,-0.000031,-0.005645,-0.037326,-0.000000,-0.001015,1.570109,-0.300000,1.000000,1.100000,0.000000,0.000000,-1.571000,-0.299876,1.004667,1.065203,1.494637
5.698000,-0.000124,-0.004669,0.034797,-0.000031,-0.005645,-0.037326,-0.000000,-0.001015,1.570109,-0.300000,1.000000,1.100000,0.000000,0.000000,-1.571000,-0.299876,1.004669,1.065203,1.494638
5.700000,-0.000124,-0.004670,0.034797,-0.000031,-0.005645,-0.037326,-0.000000,-0.001015,1.570109,-0.300000,1.000000,1.100000,0.000000,0.000000,-1.571000,-0.299876,1.004670,1.065203,1.494639
5.702000,-0.000124,-0.004672,0.034797,-0.000031,-0.005645,-0.037326,-0.000000,-0.001015,1.570109,-0.300000,1.000000,1.100000,0.000000,0.000000,-1.571000,-0.299876,1.004672,1.065203,1.494640
5.704000,-0.000124,-0.004674,0.034797,-0.000031,-0.005645,-0.037326,-0.000000,-0.001015,1.570109,-0.300000,1.000000,1.100000,0.000000,0.000000,-1.571000,-0.299876,1.004674,1.065203,1.494641
5.706000,-0.000124,-0.004675,0.034797,-0.000031,-0.005645,-0.037326,-0.000000,-0.001015,1.570109,-0.300000,1.000000,1.100000,0.000000,0.000000,-1.571000,-0.299876,1.004675,1.065203,1.494642
5.708000,-0.000124,-0.004677,0.034797,-0.000031,-0.005645,-0.037326,-0.000000,-0.001015,1.570109,-0.300000,1.000000,1.100000,0.000000,0.000000,-1.571000,-0.299876,1.004677,1.065203,1.494643
5.710000,-0.000124,-0.004679,0.034797,-0.000031,-0.005645,-0.037326,-0.000000,-0.001015,1.570109,-0.300000,1.000000,1.100000,0.000000,0.000000,-1.571000,-0.299876,1.004679,1.065203,1.494644
5.712000,-0.000124,-0.004680,0.034797,-0.000031,-0.005645,-0.037326,-0.000000,-0.001015,1.570110,-0.300000,1.000000,1.100000,0.000000,0.000000,-1.571000,-0.299876,1.004680,1.065203,1.494646
5.714000,-0.000124,-0.004682,0.034797,-0.000031,-0.005645,-0.037326,-0.000000,-0.001015,1.570110,-0.300000,1.000000,1.100000,0.000000,0.000000,-1.571000,-0.299876,1.004682,1.065203,1.494647
5.716000,-0.000124,-0.004684,0.034797,-0.000031,-0.005645,-0.037326,-0.000000,-0.001015,1.570110,-0.300000,1.000000,1.100000,0.000000,0.000000,-1.571000,-0.299876,1.004684,1.065203,1.494648
5.718000,-0.000124,-0.004685,0.034797,-0.000031,-0.005645,-0.037326,-0.000000,-0.001015,1.570110,-0.300000,1.000000,1.100000,0.000000,0.000000,-1.571000,-0.299876,1.004685,1.065203,1.494649
5.720000,-0.000124,-0.004687,0.034797,-0.000031,-0.005645,-0.037326,-0.000000,-0.001015,1.570110,-0.300000,1.000000,1.100000,0.000000,0.000000,-1.571000,-0.299876,1.004687,1.065203,1.494650
5.722000,-0.000124,-0.004689,0.034797,-0.000031,-0.005645,-0.037326,-0.000000,-0.001015,1.570110,-0.300000,1.000000,1.100000,0.000000,0.000000,-1.571000,-0.299876,1.004689,1.065203,1.494651
5.724000,-0.000125,-0.004690,0.034797,-0.000031,-0.005645,-0.037326,-0.000000,-0.001015,1.570110,-0.300000,1.000000,1.100000,0.000000,0.000000,-1.571000,-0.299875,1.004690,1.065203,1.494652
5.726000,-0.000125,-0.004692,0.034797,-0.000031,-0.005645,-0.037326,-0.000000,-0.001015,1.570110,-0.300000,1.000000,1.100000,0.000000,0.000000,-1.571000,-0.299875,1.004692,1.065203,1.494653
5.728000,-0.000125,-0.004694,0.034797,-0.000031,-0.005645,-0.037326,-0.000000,-0.001015,1.570110,-0.300000,1.000000,1.100000,0.000000,0.000000,-1.571000,-0.299875,1.004694,1.065203,1.494654
5.730000,-0.000125,-0.004695,0.034797,-0.000031,-0.005645,-0.037326,-0.000000,-0.001015,1.570110,-0.300000,1.000000,1.100000,0.000000,0.000000,-1.571000,-0.299875,1.004695,1.065203,1.494656
5.732000,-0.000125,-0.004697,0.034797,-0.000031,-0.005645,-0.037326,-0.000000,-0.001015,1.570110,-0.300000,1.000000,1.100000,0.000000,0.000000,-1.571000,-0.299875,1.004697,1.065203,1.494657
5.734000,-0.000125,-0.004699,0.034797,-0.000031,-0.005645,-0.037326,-0.000000,-0.001015,1.570110,-0.300000,1.000000,1.100000,0.000000,0.000000,-1.571000,-0.299875,1.004699,1.065203,1.494658
5.736000,-0.000125,-0.004700,0.034797,-0.000031,-0.005645,-0.037326,-0.000000,-0.001015,1.570110,-0.300000,1.000000,1.100000,0.000000,0.000000,-1.571000,-0.299875,1.004700,1.065203,1.494659
5.738000,-0.000125,-0.004702,0.034797,-0.000031,-0.005645,-0.037326,-0.000000,-0.001015,1.570110,-0.300000,1.000000,1.100000,0.000000,0.000000,-1.571000,-0.299875,1.004702,1.065203,1.494660
5.740000,-0.000125,-0.004704,0.034797,-0.000031,-0.005645,-0.037326,-0.000000,-0.001015,1.570110,-0.300000,1.000000,1.100000,0.000000,0.000000,-1.571000,-0.299875,1.004704,1.065203,1.494661
5.742000,-0.000125,-0.004706,0.034797,-0.000031,-0.005645,-0.037326,-0.000000,-0.001015,1.570110,-0.300000,1.000000,1.100000,0.000000,0.000000,-1.571000,-0.299875,1.004706,1.065203,1.494662
5.744000,-0.000125,-0.004707,0.034797,-0.000031,-0.005645,-0.037326,-0.000000,-0.001015,1.570110,-0.300000,1.000000,1.100000,0.000000,0.000000,-1.571000,-0.299875,1.004707,1.065203,1.494663
5.746000,-0.000125,-0.004709,0.034797,-0.000031,-0.005645,-0.037326,-0.000000,-0.001015,1.570110,-0.300000,1.000000,1.100000,0.000000,0.000000,-1.571000,-0.299875,1.004709,1.065203,1.494665
5.748000,-0.000125,-0.004711,0.034797,-0.000031,-0.005645,-0.037326,-0.000000,-0.001015,1.570110,-0.300000,1.000000,1.100000,0.000000,0.000000,-1.571000,-0.299875,1.004711,1.065203,1.494666
5.750000,-0.000125,-0.004712,0.034797,-0.000031,-0.005645,-0.037326,-0.000000,-0.001015,1.570110,-0.300000,1.000000,1.100000,0.000000,0.000000,-1.571000,-0.299875,1.004712,1.065203,1.494667
5.752000,-0.000125,-0.004714,0.034797,-0.000031,-0.005645,-0.037326,-0.000000,-0.001015,1.570110,-0.300000,1.000000,1.100000,0.000000,0.000000,-1.571000,-0.299875,1.004714,1.065203,1.494668
5.754000,-0.000125,-0.004716,0.034797,-0.000031,-0.005645,-0.037326,-0.000000,-0.001015,1.570110,-0.300000,1.000000,1.100000,0.000000,0.000000,-1.571000,-0.299875,1.004716,1.065203,1.494669
5.756000,-0.000125,-0.004717,0.034797,-0.000031,-0.005645,-0.037326,-0.000000,-0.001015,1.570110,-0.300000,1.000000,1.100000,0.000000,0.000000,-1.571000,-0.299875,1.004717,1.065203,1.494670
5.758000,-0.000125,-0.004719,0.034797,-0.000031,-0.005645,-0.037326,-0.000000,-0.001015,1.570110,-0.300000,1.000000,1.100000,0.000000,0.000000,-1.571000,-0.299875,1.004719,1.065203,1.494671
5.760000,-0.000125,-0.004721,0.034797,-0.000031,-0.005645,-0.037326,-0.000000,-0.001015,1.570110,-0.300000,1.000000,1.100000,0.000000,0.000000,-1.571000,-0.299875,1.004721,1.065203,1.494672
5.762000,-0.000125,-0.004722,0.034797,-0.000031,-0.005645,-0.037326,-0.000000,-0.001015,1.570110,-0.300000,1.000000,1.100000,0.000000,0.000000,-1.571000,-0.299875,1.004722,1.065203,1.494673
5.764000,-0.000125,-0.004724,0.034797,-0.000031,-0.005645,-0.037326,-0.000000,-0.001015,1.570111,-0.300000,1.000000,1.100000,0.000000,0.000000,-1.571000,-0.299875,1.004724,1.065203,1.494675
5.766000,-0.000125,-0.004726,0.034797,-0.000031,-0.005645,-0.037326,-0.000000,-0.001015,1.570111,-0.300000,1.000000,1.100000,0.000000,0.000000,-1.571000,-0.299875,1.004726,1.065203,1.494676
5.768000,-0.000126,-0.004727,0.034797,-0.000031,-0.005645,-0.037326,-0.000000,-0.001015,1.570111,-0.300000,1.000000,1.100000,0.000000,0.000000,-1.571000,-0.299874,1.004727,1.065203,1.494677
5.770000,-0.000126,-0.004729,0.034797,-0.000031,-0.005645,-0.037326,-0.000000,-0.001015,1.570111,-0.300000,1.000000,1.100000,0.000000,0.000000,-1.571000,-0.299874,1.004729,1.065203,1.494678
5.772000,-0.000126,-0.004731,0.034797,-0.000031,-0.005645,-0.037326,-0.000000,-0.001015,1.570111,-0.300000,1.000000,1.100000,0.000000,0.000000,-1.571000,-0.299874,1.004731,1.065203,1.494679
5.774000,-0.000126,-0.004732,0.034797,-0.000031,-0.005645,-0.037326,-0.000000,-0.001015,1.570111,-0.300000,1.000000,1.100000,0.000000,0.000000,-1.571000,-0.299874,1.004732,1.065203,1.494680
5.776000,-0.000126,-0.004734,0.034797,-0.000031,-0.005645,-0.037326,-0.000000,-0.001015,1.570111,-0.300000,1.000000,1.100000,0.000000,0.000000,-1.571000,-0.299874,1.004734,1.065203,1.494681
5.778000,-0.000126,-0.004736,0.034797,-0.000031,-0.005645,-0.037326,-0.000000,-0.001015,1.570111,-0.300000,1.000000,1.100000,0.000000,0.000000,-1.571000,-0.299874,1.004736,1.065203,1.494682
5.780000,-0.000126,-0.004737,0.034797,-0.000031,-0.005645,-0.037326,-0.000000,-0.001015,1.570111,-0.300000,1.000000,1.100000,0.000000,0.000000,-1.571000,-0.299874,1.004737,1.065203,1.494684
5.782000,-0.000126,-0.004739,0.034797,-0.000031,-0.005645,-0.037326,-0.000000,-0.001015,1.570111,-0.300000,1.000000,1.100000,0.000000,0.000000,-1.571000,-0.299874,1.004739,1.065203,1.494685
5.784000,-0.000126,-0.004741,0.034797,-0.000031,-0.005645,-0.037326,-0.000000,-0.001015,1.570111,-0.300000,1.000000,1.100000,0.000000,0.000000,-1.571000,-0.299874,1.004741,1.065203,1.494686
5.786000,-0.000126,-0.004742,0.034797,-0.000031,-0.005645,-0.037326,-0.000000,-0.001015,1.570111,-0.300000,1.000000,1.100000,0.000000,0.000000,-1.571000,-0.299874,1.004742,1.065203,1.494687
5.788000,-0.000126,-0.004744,0.034797,-0.000031,-0.005645,-0.037326,-0.000000,-0.001015,1.570111,-0.300000,1.000000,1.100000,0.000000,0.000000,-1.571000,-0.299874,1.004744,1.065203,1.494688
5.790000,-0.000126,-0.004746,0.034797,-0.000031,-0.005645,-0.037326,-0.000000,-0.001015,1.570111,-0.300000,1.000000,1.100000,0.000000,0.000000,-1.571000,-0.299874,1.004746,1.065203,1.494689
5.792000,-0.000126,-0.004747,0.034797,-0.000031,-0.005645,-0.037326,-0.000000,-0.001015,1.570111,-0.300000,1.000000,1.100000,0.000000,0.000000,-1.571000,-0.299874,1.004747,1.065203,1.494690
5.794000,-0.000126,-0.004749,0.034797,-0.000031,-0.005645,-0.037326,-0.000000,-0.001015,1.570111,-0.300000,1.000000,1.100000,0.000000,0.000000,-1.571000,-0.299874,1.004749,1.065203,1.494691
5.796000,-0.000126,-0.004751,0.034797,-0.000031,-0.005645,-0.037326,-0.000000,-0.001015,1.570111,-0.300000,1.000000,1.100000,0.000000,0.000000,-1.571000,-0.299874,1.004751,1.065203,1.494692
5.798000,-0.000126,-0.004752,0.034797,-0.000031,-0.005645,-0.037326,-0.000000,-0.001015,1.570111,-0.300000,1.000000,1.100000,0.000000,0.000000,-1.571000,-0.299874,1.004752,1.065203,1.494694
5.800000,-0.000126,-0.004754,0.034797,-0.000031,-0.005645,-0.037326,-0.000000,-0.001015,1.570111,-0.300000,1.000000,1.100000,0.000000,0.000000,-1.571000,-0.299874,1.004754,1.065203,1.494695
5.802000,-0.000126,-0.004756,0.034797,-0.000031,-0.005645,-0.037326,-0.000000,-0.001015,1.570111,-0.300000,1.000000,1.100000,0.000000,0.000000,-1.571000,-0.299874,1.004756,1.065203,1.494696
5.804000,-0.000126,-0.004757,0.034797,-0.000031,-0.005645,-0.037326,-0.000000,-0.001015,1.570111,-0.300000,1.000000,1.100000,0.000000,0.000000,-1.571000,-0.299874,1.004757,1.065203,1.494697
5.806000,-0.000126,-0.004759,0.034797,-0.000031,-0.005645,-0.037326,-0.000000,-0.001015,1.570111,-0.300000,1.000000,1.100000,0.000000,0.000000,-1.571000,-0.299874,1.004759,1.065203,1.494698
5.808000,-0.000126,-0.004761,0.034797,-0.000031,-0.005645,-0.037326,-0.000000,-0.001015,1.570111,-0.300000,1.000000,1.100000,0.000000,0.000000,-1.571000,-0.299874,1.004761,1.065203,1.494699
5.810000,-0.000126,-0.004762,0.034797,-0.000031,-0.005645,-0.037326,-0.000000,-0.001015,1.570111,-0.300000,1.000000,1.100000,0.000000,0.000000,-1.571000,-0.299874,1.004762,1.065203,1.494700
5.812000,-0.000127,-0.004764,0.034797,-0.000031,-0.005645,-0.037326,-0.000000,-0.001015,1.570111,-0.300000,1.000000,1.100000,0.000000,0.000000,-1.571000,-0.299873,1.004764,1.065203,1.494701
5.814000,-0.000127,-0.004766,0.034797,-0.000031,-0.005645,-0.037326,-0.000000,-0.001015,1.570112,-0.300000,1.000000,1.100000,0.000000,0.000000,-1.571000,-0.299873,1.004766,1.065203,1.494703
5.816000,-0.000127,-0.004767,0.034797,-0.000031,-0.005645,-0.037326,-0.000000,-0.001015,1.570112,-0.300000,1.000000,1.100000,0.000000,0.000000,-1.571000,-0.299873,1.004767,1.065203,1.494704
5.818000,-0.000127,-0.004769,0.034797,-0.000031,-0.005645,-0.037326,-0.000000,-0.001015,1.570112,-0.300000,1.000000,1.100000,0.000000,0.000000,-1.571000,-0.299873,1.004769,1.065203,1.494705
5.820000,-0.000127,-0.004771,0.034797,-0.000031,-0.005645,-0.037326,-0.000000,-0.001015,1.570112,-0.300000,1.000000,1.100000,0.000000,0.000000,-1.571000,-0.299873,1.004771,1.065203,1.494706
5.822000,-0.000127,-0.004772,0.034797,-0.000031,-0.005645,-0.037326,-0.000000,-0.001015,1.570112,-0.300000,1.000000,1.100000,0.000000,0.000000,-1.571000,-0.299873,1.004772,1.065203,1.494707
5.824000,-0.000127,-0.004774,0.034797,-0.000031,-0.005645,-0.037326,-0.000000,-0.001015,1.570112,-0.300000,1.000000,1.100000,0.000000,0.000000,-1.571000,-0.299873,1.004774,1.065203,1.494708
5.826000,-0.000127,-0.004776,0.034797,-0.000031,-0.005645,-0.037326,-0.000000,-0.001015,1.570112,-0.300000,1.000000,1.100000,0.000000,0.000000,-1.571000,-0.299873,1.004776,1.065203,1.494709
5.828000,-0.000127,-0.004778,0.034797,-0.000031,-0.005645,-0.037326,-0.000000,-0.001015,1.570112,-0.300000,1.000000,1.100000,0.000000,0.000000,-1.571000,-0.299873,1.004778,1.065203,1.494710
5.830000,-0.000127,-0.004779,0.034797,-0.000031,-0.005645,-0.037326,-0.000000,-0.001015,1.570112,-0.300000,1.000000,1.100000,0.000000,0.000000,-1.571000,-0.299873,1.004779,1.065203,1.494711
5.832000,-0.000127,-0.004781,0.034797,-0.000031,-0.005645,-0.037326,-0.000000,-0.001015,1.570112,-0.300000,1.000000,1.100000,0.000000,0.000000,-1.571000,-0.299873,1.004781,1.065203,1.494713
5.834000,-0.000127,-0.004783,0.034797,-0.000031,-0.005645,-0.037326,-0.000000,-0.001015,1.570112,-0.300000,1.000000,1.100000,0.000000,0.000000,-1.571000,-0.299873,1.004783,1.065203,1.494714
5.836000,-0.000127,-0.004784,0.034797,-0.000031,-0.005645,-0.037326,-0.000000,-0.001015,1.570112,-0.300000,1.000000,1.100000,0.000000,0.000000,-1.571000,-0.299873,1.004784,1.065203,1.494715
5.838000,-0.000127,-0.004786,0.034797,-0.000031,-0.005645,-0.037326,-0.000000,-0.001015,1.570112,-0.300000,1.000000,1.100000,0.000000,0.000000,-1.571000,-0.299873,1.004786,1.065203,1.494716
5.840000,-0.000127,-0.004788,0.034797,-0.000031,-0.005645,-0.037326,-0.000000,-0.001015,1.570112,-0.300000,1.000000,1.100000,0.000000,0.000000,-1.571000,-0.299873,1.004788,1.065203,1.494717
5.842000,-0.000127,-0.004789,0.034797,-0.000031,-0.005645,-0.037326,-0.000000,-0.001015,1.570112,-0.300000,1.000000,1.100000,0.000000,0.000000,-1.571000,-0.299873,1.004789,1.065203,1.494718
5.844000,-0.000127,-0.004791,0.034797,-0.000031,-0.005645,-0.037326,-0.000000,-0.001015,1.570112,-0.300000,1.000000,1.100000,0.000000,0.000000,-1.571000,-0.299873,1.004791,1.065203,1.494719
5.846000,-0.000127,-0.004793,0.034797,-0.000031,-0.005645,-0.037326,-0.000000,-0.001015,1.570112,-0.300000,1.000000,1.100000,0.000000,0.000000,-1.571000,-0.299873,1.004793,1.065203,1.494720
5.848000,-0.000127,-0.004794,0.034797,-0.000031,-0.005645,-0.037326,-0.000000,-0.001015,1.570112,-0.300000,1.000000,1.100000,0.000000,0.000000,-1.571000,-0.299873,1.004794,1.065203,1.494721
5.850000,-0.000127,-0.004796,0.034797,-0.000031,-0.005645,-0.037326,-0.000000,-0.001015,1.570112,-0.300000,1.000000,1.100000,0.000000,0.000000,-1.571000,-0.299873,1.004796,1.065203,1.494723
5.852000,-0.000127,-0.004798,0.034797,-0.000031,-0.005645,-0.037326,-0.000000,-0.001015,1.570112,-0.300000,1.000000,1.100000,0.000000,0.000000,-1.571000,-0.299873,1.004798,1.065203,1.494724
5.854000,-0.000127,-0.004799,0.034797,-0.000031,-0.005645,-0.037326,-0.000000,-0.001015,1.570112,-0.300000,1.000000,1.100000,0.000000,0.000000,-1.571000,-0.299873,1.004799,1.065203,1.494725
5.856000,-0.000128,-0.004801,0.034797,-0.000031,-0.005645,-0.037326,-0.000000,-0.001015,1.570112,-0.300000,1.000000,1.100000,0.000000,0.000000,-1.571000,-0.299872,1.004801,1.065203,1.494726
5.858000,-0.000128,-0.004803,0.034797,-0.000031,-0.005645,-0.037326,-0.000000,-0.001015,1.570112,-0.300000,1.000000,1.100000,0.000000,0.000000,-1.571000,-0.299872,1.004803,1.065203,1.494727
5.860000,-0.000128,-0.004804,0.034797,-0.000031,-0.005645,-0.037326,-0.000000,-0.001015,1.570112,-0.300000,1.000000,1.100000,0.000000,0.000000,-1.571000,-0.299872,1.004804,1.065203,1.494728
5.862000,-0.000128,-0.004806,0.034797,-0.000031,-0.005645,-0.037326,-0.000000,-0.001015,1.570112,-0.300000,1.000000,1.100000,0.000000,0.000000,-1.571000,-0.299872,1.004806,1.065203,1.494729
5.864000,-0.000128,-0.004808,0.034797,-0.000031,-0.005645,-0.037326,-0.000000,-0.001015,1.570112,-0.300000,1.000000,1.100000,0.000000,0.000000,-1.571000,-0.299872,1.004808,1.065203,1.494730
5.866000,-0.000128,-0.004809,0.034797,-0.000031,-0.005645,-0.037326,-0.000000,-0.001015,1.570113,-0.300000,1.000000,1.100000,0.000000,0.000000,-1.571000,-0.299872,1.004809,1.065203,1.494732
5.868000,-0.000128,-0.004811,0.034797,-0.000031,-0.005645,-0.037326,-0.000000,-0.001015,1.570113,-0.300000,1.000000,1.100000,0.000000,0.000000,-1.571000,-0.299872,1.004811,1.065203,1.494733
5.870000,-0.000128,-0.004813,0.034797,-0.000031,-0.005645,-0.037326,-0.000000,-0.001015,1.570113,-0.300000,1.000000,1.100000,0.000000,0.000000,-1.571000,-0.299872,1.004813,1.065203,1.494734
5.872000,-0.000128,-0.004814,0.034797,-0.000031,-0.005645,-0.037326,-0.000000,-0.001015,1.570113,-0.300000,1.000000,1.100000,0.000000,0.000000,-1.571000,-0.299872,1.004814,1.065203,1.494735
5.874000,-0.000128,-0.004816,0.034797,-0.000031,-0.005645,-0.037326,-0.000000,-0.001015,1.570113,-0.300000,1.000000,1.100000,0.000000,0.000000,-1.571000,-0.299872,1.004816,1.065203,1.494736
5.876000,-0.000128,-0.004818,0.034797,-0.000031,-0.005645,-0.037326,-0.000000,-0.001015,1.570113,-0.300000,1.000000,1.100000,0.000000,0.000000,-1.571000,-0.299872,1.004818,1.065203,1.494737
5.878000,-0.000128,-0.004819,0.034797,-0.000031,-0.005645,-0.037326,-0.000000,-0.001015,1.570113,-0.300000,1.000000,1.100000,0.000000,0.000000,-1.571000,-0.299872,1.004819,1.065203,1.494738
5.880000,-0.000128,-0.004821,0.034797,-0.000031,-0.005645,-0.037326,-0.000000,-0.001015,1.570113,-0.300000,1.000000,1.100000,0.000000,0.000000,-1.571000,-0.299872,1.004821,1.065203,1.494739
5.882000,-0.000128,-0.004823,0.034797,-0.000031,-0.005645,-0.037326,-0.000000,-0.001015,1.570113,-0.300000,1.000000,1.100000,0.000000,0.000000,-1.571000,-0.299872,1.004823,1.065203,1.494740
5.884000,-0.000128,-0.004824,0.034797,-0.000031,-0.005645,-0.037326,-0.000000,-0.001015,1.570113,-0.300000,1.000000,1.100000,0.000000,0.000000,-1.571000,-0.299872,1.004824,1.065203,1.494742
5.886000,-0.000128,-0.004826,0.034797,-0.000031,-0.005645,-0.037326,-0.000000,-0.001015,1.570113,-0.300000,1.000000,1.100000,0.000000,0.000000,-1.571000,-0.299872,1.004826,1.065203,1.494743
5.888000,-0.000128,-0.004828,0.034797,-0.000031,-0.005645,-0.037326,-0.000000,-0.001015,1.570113,-0.300000,1.000000,1.100000,0.000000,0.000000,-1.571000,-0.299872,1.004828,1.065203,1.494744
5.890000,-0.000128,-0.004829,0.034797,-0.000031,-0.005645,-0.037326,-0.000000,-0.001015,1.570113,-0.300000,1.000000,1.100000,0.000000,0.000000,-1.571000,-0.299872,1.004829,1.065203,1.494745
5.892000,-0.000128,-0.004831,0.034797,-0.000031,-0.005645,-0.037326,-0.000000,-0.001015,1.570113,-0.300000,1.000000,1.100000,0.000000,0.000000,-1.571000,-0.299872,1.004831,1.065203,1.494746
5.894000,-0.000128,-0.004833,0.034797,-0.000031,-0.005645,-0.037326,-0.000000,-0.001015,1.570113,-0.300000,1.000000,1.100000,0.000000,0.000000,-1.571000,-0.299872,1.004833,1.065203,1.494747
5.896000,-0.000128,-0.004834,0.034797,-0.000031,-0.005645,-0.037326,-0.000000,-0.001015,1.570113,-0.300000,1.000000,1.100000,0.000000,0.000000,-1.571000,-0.299872,1.004834,1.065203,1.494748
5.898000,-0.000128,-0.004836,0.034797,-0.000031,-0.005645,-0.037326,-0.000000,-0.001015,1.570113,-0.300000,1.000000,1.100000,0.000000,0.000000,-1.571000,-0.299872,1.004836,1.065203,1.494749
5.900000,-0.000128,-0.004838,0.034797,-0.000031,-0.005645,-0.037326,-0.000000,-0.001015,1.570113,-0.300000,1.000000,1.100000,0.000000,0.000000,-1.571000,-0.299872,1.004838,1.065203,1.494751
5.902000,-0.000129,-0.004839,0.034797,-0.000031,-0.005645,-0.037326,-0.000000,-0.001015,1.570113,-0.300000,1.000000,1.100000,0.000000,0.000000,-1.571000,-0.299871,1.004839,1.065203,1.494752
5.904000,-0.000129,-0.004841,0.034797,-0.000031,-0.005645,-0.037326,-0.000000,-0.001015,1.570113,-0.300000,1.000000,1.100000,0.000000,0.000000,-1.571000,-0.299871,1.004841,1.065203,1.494753
5.906000,-0.000129,-0.004843,0.034797,-0.000031,-0.005645,-0.037326,-0.000000,-0.001015,1.570113,-0.300000,1.000000,1.100000,0.000000,0.000000,-1.571000,-0.299871,1.004843,1.065203,1.494754
5.908000,-0.000129,-0.004845,0.034797,-0.000031,-0.005645,-0.037326,-0.000000,-0.001015,1.570113,-0.300000,1.000000,1.100000,0.000000,0.000000,-1.571000,-0.299871,1.004845,1.065203,1.494755
5.910000,-0.000129,-0.004846,0.034797,-0.000031,-0.005645,-0.037326,-0.000000,-0.001015,1.570113,-0.300000,1.000000,1.100000,0.000000,0.000000,-1.571000,-0.299871,1.004846,1.065203,1.494756
5.912000,-0.000129,-0.004848,0.034797,-0.000031,-0.005645,-0.037326,-0.000000,-0.001015,1.570113,-0.300000,1.000000,1.100000,0.000000,0.000000,-1.571000,-0.299871,1.004848,1.065203,1.494757
5.914000,-0.000129,-0.004850,0.034797,-0.000031,-0.005645,-0.037326,-0.000000,-0.001015,1.570113,-0.300000,1.000000,1.100000,0.000000,0.000000,-1.571000,-0.299871,1.004850,1.065203,1.494758
5.916000,-0.000129,-0.004851,0.034797,-0.000031,-0.005645,-0.037326,-0.000000,-0.001015,1.570114,-0.300000,1.000000,1.100000,0.000000,0.000000,-1.571000,-0.299871,1.004851,1.065203,1.494759
5.918000,-0.000129,-0.004853,0.034797,-0.000031,-0.005645,-0.037326,-0.000000,-0.001015,1.570114,-0.300000,1.000000,1.100000,0.000000,0.000000,-1.571000,-0.299871,1.004853,1.065203,1.494761
5.920000,-0.000129,-0.004855,0.034797,-0.000031,-0.005645,-0.037326,-0.000000,-0.001015,1.570114,-0.300000,1.000000,1.100000,0.000000,0.000000,-1.571000,-0.299871,1.004855,1.065203,1.494762
5.922000,-0.000129,-0.004856,0.034797,-0.000031,-0.005645,-0.037326,-0.000000,-0.001015,1.570114,-0.300000,1.000000,1.100000,0.000000,0.000000,-1.571000,-0.299871,1.004856,1.065203,1.494763
5.924000,-0.000129,-0.004858,0.034797,-0.000031,-0.005645,-0.037326,-0.000000,-0.001015,1.570114,-0.300000,1.000000,1.100000,0.000000,0.000000,-1.571000,-0.299871,1.004858,1.065203,1.494764
5.926000,-0.000129,-0.004860,0.034797,-0.000031,-0.005645,-0.037326,-0.000000,-0.001015,1.570114,-0.300000,1.000000,1.100000,0.000000,0.000000,-1.571000,-0.299871,1.004860,1.065203,1.494765
5.928000,-0.000129,-0.004861,0.034797,-0.000031,-0.005645,-0.037326,-0.000000,-0.001015,1.570114,-0.300000,1.000000,1.100000,0.000000,0.000000,-1.571000,-0.299871,1.004861,1.065203,1.494766
5.930000,-0.000129,-0.004863,0.034797,-0.000031,-0.005645,-0.037326,-0.000000,-0.001015,1.570114,-0.300000,1.000000,1.100000,0.000000,0.000000,-1.571000,-0.299871,1.004863,1.065203,1.494767
5.932000,-0.000129,-0.004865,0.034797,-0.000031,-0.005645,-0.037326,-0.000000,-0.001015,1.570114,-0.300000,1.000000,1.100000,0.000000,0.000000,-1.571000,-0.299871,1.004865,1.065203,1.494768
5.934000,-0.000129,-0.004866,0.034797,-0.000031,-0.005645,-0.037326,-0.000000,-0.001015,1.570114,-0.300000,1.000000,1.100000,0.000000,0.000000,-1.571000,-0.299871,1.004866,1.065203,1.494770
5.936000,-0.000129,-0.004868,0.034797,-0.000031,-0.005645,-0.037326,-0.000000,-0.001015,1.570114,-0.300000,1.000000,1.100000,0.000000,0.000000,-1.571000,-0.299871,1.004868,1.065203,1.494771
5.938000,-0.000129,-0.004870,0.034797,-0.000031,-0.005645,-0.037326,-0.000000,-0.001015,1.570114,-0.300000,1.000000,1.100000,0.000000,0.000000,-1.571000,-0.299871,1.004870,1.065203,1.494772
5.940000,-0.000129,-0.004871,0.034797,-0.000031,-0.005645,-0.037326,-0.000000,-0.001015,1.570114,-0.300000,1.000000,1.100000,0.000000,0.000000,-1.571000,-0.299871,1.004871,1.065203,1.494773
5.942000,-0.000129,-0.004873,0.034797,-0.000031,-0.005645,-0.037326,-0.000000,-0.001015,1.570114,-0.300000,1.000000,1.100000,0.000000,0.000000,-1.571000,-0.299871,1.004873,1.065203,1.494774
5.944000,-0.000129,-0.004875,0.034797,-0.000031,-0.005645,-0.037326,-0.000000,-0.001015,1.570114,-0.300000,1.000000,1.100000,0.000000,0.000000,-1.571000,-0.299871,1.004875,1.065203,1.494775
5.946000,-0.000130,-0.004876,0.034797,-0.000031,-0.005645,-0.037326,-0.000000,-0.001015,1.570114,-0.300000,1.000000,1.100000,0.000000,0.000000,-1.571000,-0.299870,1.004876,1.065203,1.494776
5.948000,-0.000130,-0.004878,0.034797,-0.000031,-0.005645,-0.037326,-0.000000,-0.001015,1.570114,-0.300000,1.000000,1.100000,0.000000,0.000000,-1.571000,-0.299870,1.004878,1.065203,1.494777
5.950000,-0.000130,-0.004880,0.034797,-0.000031,-0.005645,-0.037326,-0.000000,-0.001015,1.570114,-0.300000,1.000000,1.100000,0.000000,0.000000,-1.571000,-0.299870,1.004880,1.065203,1.494778
5.952000,-0.000130,-0.004881,0.034797,-0.000031,-0.005645,-0.037326,-0.000000,-0.001015,1.570114,-0.300000,1.000000,1.100000,0.000000,0.000000,-1.571000,-0.299870,1.004881,1.065203,1.494780
5.954000,-0.000130,-0.004883,0.034797,-0.000031,-0.005645,-0.037326,-0.000000,-0.001015,1.570114,-0.300000,1.000000,1.100000,0.000000,0.000000,-1.571000,-0.299870,1.004883,1.065203,1.494781
5.956000,-0.000130,-0.004885,0.034797,-0.000031,-0.005645,-0.037326,-0.000000,-0.001015,1.570114,-0.300000,1.000000,1.100000,0.000000,0.000000,-1.571000,-0.299870,1.004885,1.065203,1.494782
5.958000,-0.000130,-0.004886,0.034797,-0.000031,-0.005645,-0.037326,-0.000000,-0.001015,1.570114,-0.300000,1.000000,1.100000,0.000000,0.000000,-1.571000,-0.299870,1.004886,1.065203,1.494783
5.960000,-0.000130,-0.004888,0.034797,-0.000031,-0.005645,-0.037326,-0.000000,-0.001015,1.570114,-0.300000,1.000000,1.100000,0.000000,0.000000,-1.571000,-0.299870,1.004888,1.065203,1.494784
5.962000,-0.000130,-0.004890,0.034797,-0.000031,-0.005645,-0.037326,-0.000000,-0.001015,1.570114,-0.300000,1.000000,1.100000,0.000000,0.000000,-1.571000,-0.299870,1.004890,1.065203,1.494785
5.964000,-0.000130,-0.004891,0.034797,-0.000031,-0.005645,-0.037326,-0.000000,-0.001015,1.570114,-0.300000,1.000000,1.100000,0.000000,0.000000,-1.571000,-0.299870,1.004891,1.065203,1.494786
5.966000,-0.000130,-0.004893,0.034797,-0.000031,-0.005645,-0.037326,-0.000000,-0.001015,1.570115,-0.300000,1.000000,1.100000,0.000000,0.000000,-1.571000,-0.299870,1.004893,1.065203,1.494787
5.968000,-0.000130,-0.004895,0.034797,-0.000031,-0.005645,-0.037326,-0.000000,-0.001015,1.570115,-0.300000,1.000000,1.100000,0.000000,0.000000,-1.571000,-0.299870,1.004895,1.065203,1.494789
5.970000,-0.000130,-0.004896,0.034797,-0.000031,-0.005645,-0.037326,-0.000000,-0.001015,1.570115,-0.300000,1.000000,1.100000,0.000000,0.000000,-1.571000,-0.299870,1.004896,1.065203,1.494790
5.972000,-0.000130,-0.004898,0.034797,-0.000031,-0.005645,-0.037326,-0.000000,-0.001015,1.570115,-0.300000,1.000000,1.100000,0.000000,0.000000,-1.571000,-0.299870,1.004898,1.065203,1.494791
5.974000,-0.000130,-0.004900,0.034797,-0.000031,-0.005645,-0.037326,-0.000000,-0.001015,1.570115,-0.300000,1.000000,1.100000,0.000000,0.000000,-1.571000,-0.299870,1.004900,1.065203,1.494792
5.976000,-0.000130,-0.004901,0.034797,-0.000031,-0.005645,-0.037326,-0.000000,-0.001015,1.570115,-0.300000,1.000000,1.100000,0.000000,0.000000,-1.571000,-0.299870,1.004901,1.065203,1.494793
5.978000,-0.000130,-0.004903,0.034797,-0.000031,-0.005645,-0.037326,-0.000000,-0.001015,1.570115,-0.300000,1.000000,1.100000,0.000000,0.000000,-1.571000,-0.299870,1.004903,1.065203,1.494794
5.980000,-0.000130,-0.004905,0.034797,-0.000031,-0.005645,-0.037326,-0.000000,-0.001015,1.570115,-0.300000,1.000000,1.100000,0.000000,0.000000,-1.571000,-0.299870,1.004905,1.065203,1.494795
5.982000,-0.000130,-0.004906,0.034797,-0.000031,-0.005645,-0.037326,-0.000000,-0.001015,1.570115,-0.300000,1.000000,1.100000,0.000000,0.000000,-1.571000,-0.299870,1.004906,1.065203,1.494796
5.984000,-0.000130,-0.004908,0.034797,-0.000031,-0.005645,-0.037326,-0.000000,-0.001015,1.570115,-0.300000,1.000000,1.100000,0.000000,0.000000,-1.571000,-0.299870,1.004908,1.065203,1.494797
5.986000,-0.000130,-0.004910,0.034797,-0.000031,-0.005645,-0.037326,-0.000000,-0.001015,1.570115,-0.300000,1.000000,1.100000,0.000000,0.000000,-1.571000,-0.299870,1.004910,1.065203,1.494799
5.988000,-0.000130,-0.004912,0.034797,-0.000031,-0.005645,-0.037326,-0.000000,-0.001015,1.570115,-0.300000,1.000000,1.100000,0.000000,0.000000,-1.571000,-0.299870,1.004912,1.065203,1.494800
5.990000,-0.000131,-0.004913,0.034797,-0.000031,-0.005645,-0.037326,-0.000000,-0.001015,1.570115,-0.300000,1.000000,1.100000,0.000000,0.000000,-1.571000,-0.299869,1.004913,1.065203,1.494801
5.992000,-0.000131,-0.004915,0.034797,-0.000031,-0.005645,-0.037326,-0.000000,-0.001015,1.570115,-0.300000,1.000000,1.100000,0.000000,0.000000,-1.571000,-0.299869,1.004915,1.065203,1.494802
5.994000,-0.000131,-0.004917,0.034797,-0.000031,-0.005645,-0.037326,-0.000000,-0.001015,1.570115,-0.300000,1.000000,1.100000,0.000000,0.000000,-1.571000,-0.299869,1.004917,1.065203,1.494803
5.996000,-0.000131,-0.004918,0.034797,-0.000031,-0.005645,-0.037326,-0.000000,-0.001015,1.570115,-0.300000,1.000000,1.100000,0.000000,0.000000,-1.571000,-0.299869,1.004918,1.065203,1.494804
5.998000,-0.000131,-0.004920,0.034797,-0.000031,-0.005645,-0.037326,-0.000000,-0.001015,1.570115,-0.300000,1.000000,1.100000,0.000000,0.000000,-1.571000,-0.299869,1.004920,1.065203,1.494805
6.000000,-0.000131,-0.004922,0.034797,-0.000031,-0.005645,-0.037326,-0.000000,-0.001015,1.570115,-0.300000,1.000000,1.100000,0.000000,0.000000,-1.571000,-0.299869,1.004922,1.065203,1.494806
6.002000,-0.000131,-0.004923,0.034797,-0.000031,-0.005645,-0.037326,-0.000000,-0.001015,1.570115,-0.300000,1.000000,1.100000,0.000000,0.000000,-1.571000,-0.299869,1.004923,1.065203,1.494807
6.004000,-0.000131,-0.004925,0.034797,-0.000031,-0.005645,-0.037326,-0.000000,-0.001015,1.570115,-0.300000,1.000000,1.100000,0.000000,0.000000,-1.571000,-0.299869,1.004925,1.065203,1.494809
6.006000,-0.000131,-0.004927,0.034797,-0.000031,-0.005645,-0.037326,-0.000000,-0.001015,1.570115,-0.300000,1.000000,1.100000,0.000000,0.000000,-1.571000,-0.299869,1.004927,1.065203,1.494810
6.008000,-0.000131,-0.004928,0.034797,-0.000031,-0.005645,-0.037326,-0.000000,-0.001015,1.570115,-0.300000,1.000000,1.100000,0.000000,0.000000,-1.571000,-0.299869,1.004928,1.065203,1.494811
6.010000,-0.000131,-0.004930,0.034797,-0.000031,-0.005645,-0.037326,-0.000000,-0.001015,1.570115,-0.300000,1.000000,1.100000,0.000000,0.000000,-1.571000,-0.299869,1.004930,1.065203,1.494812
6.012000,-0.000131,-0.004932,0.034797,-0.000031,-0.005645,-0.037326,-0.000000,-0.001015,1.570115,-0.300000,1.000000,1.100000,0.000000,0.000000,-1.571000,-0.299869,1.004932,1.065203,1.494813
6.014000,-0.000131,-0.004933,0.034797,-0.000031,-0.005645,-0.037326,-0.000000,-0.001015,1.570115,-0.300000,1.000000,1.100000,0.000000,0.000000,-1.571000,-0.299869,1.004933,1.065203,1.494814
6.016000,-0.000131,-0.004935,0.034797,-0.000031,-0.005645,-0.037326,-0.000000,-0.001015,1.570115,-0.300000,1.000000,1.100000,0.000000,0.000000,-1.571000,-0.299869,1.004935,1.065203,1.494815
6.018000,-0.000131,-0.004937,0.034797,-0.000031,-0.005645,-0.037326,-0.000000,-0.001015,1.570116,-0.300000,1.000000,1.100000,0.000000,0.000000,-1.571000,-0.299869,1.004937,1.065203,1.494816
6.020000,-0.000131,-0.004938,0.034797,-0.000031,-0.005645,-0.037326,-0.000000,-0.001015,1.570116,-0.300000,1.000000,1.100000,0.000000,0.000000,-1.571000,-0.299869,1.004938,1.065203,1.494818
6.022000,-0.000131,-0.004940,0.034797,-0.000031,-0.005645,-0.037326,-0.000000,-0.001015,1.570116,-0.300000,1.000000,1.100000,0.000000,0.000000,-1.571000,-0.299869,1.004940,1.065203,1.494819
6.024000,-0.000131,-0.004942,0.034797,-0.000031,-0.005645,-0.037326,-0.000000,-0.001015,1.570116,-0.300000,1.000000,1.100000,0.000000,0.000000,-1.571000,-0.299869,1.004942,1.065203,1.494820
6.026000,-0.000131,-0.004943,0.034797,-0.000031,-0.005645,-0.037326,-0.000000,-0.001015,1.570116,-0.300000,1.000000,1.100000,0.000000,0.000000,-1.571000,-0.299869,1.004943,1.065203,1.494821
6.028000,-0.000131,-0.004945,0.034797,-0.000031,-0.005645,-0.037326,-0.000000,-0.001015,1.570116,-0.300000,1.000000,1.100000,0.000000,0.000000,-1.571000,-0.299869,1.004945,1.065203,1.494822
6.030000,-0.000131,-0.004947,0.034797,-0.000031,-0.005645,-0.037326,-0.000000,-0.001015,1.570116,-0.300000,1.000000,1.100000,0.000000,0.000000,-1.571000,-0.299869,1.004947,1.065203,1.494823
6.032000,-0.000131,-0.004948,0.034797,-0.000031,-0.005645,-0.037326,-0.000000,-0.001015,1.570116,-0.300000,1.000000,1.100000,0.000000,0.000000,-1.571000,-0.299869,1.004948,1.065203,1.494824
6.034000,-0.000132,-0.004950,0.034797,-0.000031,-0.005645,-0.037326,-0.000000,-0.001015,1.570116,-0.300000,1.000000,1.100000,0.000000,0.000000,-1.571000,-0.299868,1.004950,1.065203,1.494825
6.036000,-0.000132,-0.004952,0.034797,-0.000031,-0.005645,-0.037326,-0.000000,-0.001015,1.570116,-0.300000,1.000000,1.100000,0.000000,0.000000,-1.571000,-0.299868,1.004952,1.065203,1.494826
6.038000,-0.000132,-0.004953,0.034797,-0.000031,-0.005645,-0.037326,-0.000000,-0.001015,1.570116,-0.300000,1.000000,1.100000,0.000000,0.000000,-1.571000,-0.299868,1.004953,1.065203,1.494828
6.040000,-0.000132,-0.004955,0.034797,-0.000031,-0.005645,-0.037326,-0.000000,-0.001015,1.570116,-0.300000,1.000000,1.100000,0.000000,0.000000,-1.571000,-0.299868,1.004955,1.065203,1.494829
6.042000,-0.000132,-0.004957,0.034797,-0.000031,-0.005645,-0.037326,-0.000000,-0.001015,1.570116,-0.300000,1.000000,1.100000,0.000000,0.000000,-1.571000,-0.299868,1.004957,1.065203,1.494830
6.044000,-0.000132,-0.004958,0.034797,-0.000031,-0.005645,-0.037326,-0.000000,-0.001015,1.570116,-0.300000,1.000000,1.100000,0.000000,0.000000,-1.571000,-0.299868,1.004958,1.065203,1.494831
6.046000,-0.000132,-0.004960,0.034797,-0.000031,-0.005645,-0.037326,-0.000000,-0.001015,1.570116,-0.300000,1.000000,1.100000,0.000000,0.000000,-1.571000,-0.299868,1.004960,1.065203,1.494832
6.048000,-0.000132,-0.004962,0.034797,-0.000031,-0.005645,-0.037326,-0.000000,-0.001015,1.570116,-0.300000,1.000000,1.100000,0.000000,0.000000,-1.571000,-0.299868,1.004962,1.065203,1.494833
6.050000,-0.000132,-0.004963,0.034797,-0.000031,-0.005645,-0.037326,-0.000000,-0.001015,1.570116,-0.300000,1.000000,1.100000,0.000000,0.000000,-1.571000,-0.299868,1.004963,1.065203,1.494834
6.052000,-0.000132,-0.004965,0.034797,-0.000031,-0.005645,-0.037326,-0.000000,-0.001015,1.570116,-0.300000,1.000000,1.100000,0.000000,0.000000,-1.571000,-0.299868,1.004965,1.065203,1.494835
6.054000,-0.000132,-0.004967,0.034797,-0.000031,-0.005645,-0.037326,-0.000000,-0.001015,1.570116,-0.300000,1.000000,1.100000,0.000000,0.000000,-1.571000,-0.299868,1.004967,1.065203,1.494837
6.056000,-0.000132,-0.004968,0.034797,-0.000031,-0.005645,-0.037326,-0.000000,-0.001015,1.570116,-0.300000,1.000000,1.100000,0.000000,0.000000,-1.571000,-0.299868,1.004968,1.065203,1.494838
6.058000,-0.000132,-0.004970,0.034797,-0.000031,-0.005645,-0.037326,-0.000000,-0.001015,1.570116,-0.300000,1.000000,1.100000,0.000000,0.000000,-1.571000,-0.299868,1.004970,1.065203,1.494839
6.060000,-0.000132,-0.004972,0.034797,-0.000031,-0.005645,-0.037326,-0.000000,-0.001015,1.570116,-0.300000,1.000000,1.100000,0.000000,0.000000,-1.571000,-0.299868,1.004972,1.065203,1.494840
6.062000,-0.000132,-0.004973,0.034797,-0.000031,-0.005645,-0.037326,-0.000000,-0.001015,1.570116,-0.300000,1.000000,1.100000,0.000000,0.000000,-1.571000,-0.299868,1.004973,1.065203,1.494841
6.064000,-0.000132,-0.004975,0.034797,-0.000031,-0.005645,-0.037326,-0.000000,-0.001015,1.570116,-0.300000,1.000000,1.100000,0.000000,0.000000,-1.571000,-0.299868,1.004975,1.065203,1.494842
6.066000,-0.000132,-0.004977,0.034797,-0.000031,-0.005645,-0.037326,-0.000000,-0.001015,1.570116,-0.300000,1.000000,1.100000,0.000000,0.000000,-1.571000,-0.299868,1.004977,1.065203,1.494843
6.068000,-0.000132,-0.004978,0.034797,-0.000031,-0.005645,-0.037326,-0.000000,-0.001015,1.570117,-0.300000,1.000000,1.100000,0.000000,0.000000,-1.571000,-0.299868,1.004978,1.065203,1.494844
6.070000,-0.000132,-0.004980,0.034797,-0.000031,-0.005645,-0.037326,-0.000000,-0.001015,1.570117,-0.300000,1.000000,1.100000,0.000000,0.000000,-1.571000,-0.299868,1.004980,1.065203,1.494845
6.072000,-0.000132,-0.004982,0.034797,-0.000031,-0.005645,-0.037326,-0.000000,-0.001015,1.570117,-0.300000,1.000000,1.100000,0.000000,0.000000,-1.571000,-0.299868,1.004982,1.065203,1.494847
6.074000,-0.000132,-0.004984,0.034797,-0.000031,-0.005645,-0.037326,-0.000000,-0.001015,1.570117,-0.300000,1.000000,1.100000,0.000000,0.000000,-1.571000,-0.299868,1.004984,1.065203,1.494848
6.076000,-0.000132,-0.004985,0.034797,-0.000031,-0.005645,-0.037326,-0.000000,-0.001015,1.570117,-0.300000,1.000000,1.100000,0.000000,0.000000,-1.571000,-0.299868,1.004985,1.065203,1.494849
6.078000,-0.000133,-0.004987,0.034797,-0.000031,-0.005645,-0.037326,-0.000000,-0.001015,1.570117,-0.300000,1.000000,1.100000,0.000000,0.000000,-1.571000,-0.299867,1.004987,1.065203,1.494850
6.080000,-0.000133,-0.004989,0.034797,-0.000031,-0.005645,-0.037326,-0.000000,-0.001015,1.570117,-0.300000,1.000000,1.100000,0.000000,0.000000,-1.571000,-0.299867,1.004989,1.065203,1.494851
6.082000,-0.000133,-0.004990,0.034797,-0.000031,-0.005645,-0.037326,-0.000000,-0.001015,1.570117,-0.300000,1.000000,1.100000,0.000000,0.000000,-1.571000,-0.299867,1.004990,1.065203,1.494852
6.084000,-0.000133,-0.004992,0.034797,-0.000031,-0.005645,-0.037326,-0.000000,-0.001015,1.570117,-0.300000,1.000000,1.100000,0.000000,0.000000,-1.571000,-0.299867,1.004992,1.065203,1.494853
6.086000,-0.000133,-0.004994,0.034797,-0.000031,-0.005645,-0.037326,-0.000000,-0.001015,1.570117,-0.300000,1.000000,1.100000,0.000000,0.000000,-1.571000,-0.299867,1.004994,1.065203,1.494854
6.088000,-0.000133,-0.004995,0.034797,-0.000031,-0.005645,-0.037326,-0.000000,-0.001015,1.570117,-0.300000,1.000000,1.100000,0.000000,0.000000,-1.571000,-0.299867,1.004995,1.065203,1.494856
6.090000,-0.000133,-0.004997,0.034797,-0.000031,-0.005645,-0.037326,-0.000000,-0.001015,1.570117,-0.300000,1.000000,1.100000,0.000000,0.000000,-1.571000,-0.299867,1.004997,1.065203,1.494857
6.092000,-0.000133,-0.004999,0.034797,-0.000031,-0.005645,-0.037326,-0.000000,-0.001015,1.570117,-0.300000,1.000000,1.100000,0.000000,0.000000,-1.571000,-0.299867,1.004999,1.065203,1.494858
6.094000,-0.000133,-0.005000,0.034797,-0.000031,-0.005645,-0.037326,-0.000000,-0.001015,1.570117,-0.300000,1.000000,1.100000,0.000000,0.000000,-1.571000,-0.299867,1.005000,1.065203,1.494859
6.096000,-0.000133,-0.005002,0.034797,-0.000031,-0.005645,-0.037326,-0.000000,-0.001015,1.570117,-0.300000,1.000000,1.100000,0.000000,0.000000,-1.571000,-0.299867,1.005002,1.065203,1.494860
6.098000,-0.000133,-0.005004,0.034797,-0.000031,-0.005645,-0.037326,-0.000000,-0.001015,1.570117,-0.300000,1.000000,1.100000,0.000000,0.000000,-1.571000,-0.299867,1.005004,1.065203,1.494861
6.100000,-0.000133,-0.005005,0.034797,-0.000031,-0.005645,-0.037326,-0.000000,-0.001015,1.570117,-0.300000,1.000000,1.100000,0.000000,0.000000,-1.571000,-0.299867,1.005005,1.065203,1.494862
6.102000,-0.000133,-0.005007,0.034797,-0.000031,-0.005645,-0.037326,-0.000000,-0.001015,1.570117,-0.300000,1.000000,1.100000,0.000000,0.000000,-1.571000,-0.299867,1.005007,1.065203,1.494863
6.104000,-0.000133,-0.005009,0.034797,-0.000031,-0.005645,-0.037326,-0.000000,-0.001015,1.570117,-0.300000,1.000000,1.100000,0.000000,0.000000,-1.571000,-0.299867,1.005009,1.065203,1.494864
6.106000,-0.000133,-0.005010,0.034797,-0.000031,-0.005645,-0.037326,-0.000000,-0.001015,1.570117,-0.300000,1.000000,1.100000,0.000000,0.000000,-1.571000,-0.299867,1.005010,1.065203,1.494866
6.108000,-0.000133,-0.005012,0.034797,-0.000031,-0.005645,-0.037326,-0.000000,-0.001015,1.570117,-0.300000,1.000000,1.100000,0.000000,0.000000,-1.571000,-0.299867,1.005012,1.065203,1.494867
6.110000,-0.000133,-0.005014,0.034797,-0.000031,-0.005645,-0.037326,-0.000000,-0.001015,1.570117,-0.300000,1.000000,1.100000,0.000000,0.000000,-1.571000,-0.299867,1.005014,1.065203,1.494868
6.112000,-0.000133,-0.005015,0.034797,-0.000031,-0.005645,-0.037326,-0.000000,-0.001015,1.570117,-0.300000,1.000000,1.100000,0.000000,0.000000,-1.571000,-0.299867,1.005015,1.065203,1.494869
6.114000,-0.000133,-0.005017,0.034797,-0.000031,-0.005645,-0.037326,-0.000000,-0.001015,1.570117,-0.300000,1.000000,1.100000,0.000000,0.000000,-1.571000,-0.299867,1.005017,1.065203,1.494870
6.116000,-0.000133,-0.005019,0.034797,-0.000031,-0.005645,-0.037326,-0.000000,-0.001015,1.570117,-0.300000,1.000000,1.100000,0.000000,0.000000,-1.571000,-0.299867,1.005019,1.065203,1.494871
6.118000,-0.000133,-0.005020,0.034797,-0.000031,-0.005645,-0.037326,-0.000000,-0.001015,1.570117,-0.300000,1.000000,1.100000,0.000000,0.000000,-1.571000,-0.299867,1.005020,1.065203,1.494872
6.120000,-0.000133,-0.005022,0.034797,-0.000031,-0.005645,-0.037326,-0.000000,-0.001015,1.570118,-0.300000,1.000000,1.100000,0.000000,0.000000,-1.571000,-0.299867,1.005022,1.065203,1.494873
6.122000,-0.000133,-0.005024,0.034797,-0.000031,-0.005645,-0.037326,-0.000000,-0.001015,1.570118,-0.300000,1.000000,1.100000,0.000000,0.000000,-1.571000,-0.299867,1.005024,1.065203,1.494874
6.124000,-0.000134,-0.005025,0.034797,-0.000031,-0.005645,-0.037326,-0.000000,-0.001015,1.570118,-0.300000,1.000000,1.100000,0.000000,0.000000,-1.571000,-0.299866,1.005025,1.065203,1.494876
6.126000,-0.000134,-0.005027,0.034797,-0.000031,-0.005645,-0.037326,-0.000000,-0.001015,1.570118,-0.300000,1.000000,1.100000,0.000000,0.000000,-1.571000,-0.299866,1.005027,1.065203,1.494877
6.128000,-0.000134,-0.005029,0.034797,-0.000031,-0.005645,-0.037326,-0.000000,-0.001015,1.570118,-0.300000,1.000000,1.100000,0.000000,0.000000,-1.571000,-0.299866,1.005029,1.065203,1.494878
6.130000,-0.000134,-0.005030,0.034797,-0.000031,-0.005645,-0.037326,-0.000000,-0.001015,1.570118,-0.300000,1.000000,1.100000,0.000000,0.000000,-1.571000,-0.299866,1.005030,1.065203,1.494879
6.132000,-0.000134,-0.005032,0.034797,-0.000031,-0.005645,-0.037326,-0.000000,-0.001015,1.570118,-0.300000,1.000000,1.100000,0.000000,0.000000,-1.571000,-0.299866,1.005032,1.065203,1.494880
6.134000,-0.000134,-0.005034,0.034797,-0.000031,-0.005645,-0.037326,-0.000000,-0.001015,1.570118,-0.300000,1.000000,1.100000,0.000000,0.000000,-1.571000,-0.299866,1.005034,1.065203,1.494881
6.136000,-0.000134,-0.005035,0.034797,-0.000031,-0.005645,-0.037326,-0.000000,-0.001015,1.570118,-0.300000,1.000000,1.100000,0.000000,0.000000,-1.571000,-0.299866,1.005035,1.065203,1.494882
6.138000,-0.000134,-0.005037,0.034797,-0.000031,-0.005645,-0.037326,-0.000000,-0.001015,1.570118,-0.300000,1.000000,1.100000,0.000000,0.000000,-1.571000,-0.299866,1.005037,1.065203,1.494883
6.140000,-0.000134,-0.005039,0.034797,-0.000031,-0.005645,-0.037326,-0.000000,-0.001015,1.570118,-0.300000,1.000000,1.100000,0.000000,0.000000,-1.571000,-0.299866,1.005039,1.065203,1.494885
6.142000,-0.000134,-0.005040,0.034797,-0.000031,-0.005645,-0.037326,-0.000000,-0.001015,1.570118,-0.300000,1.000000,1.100000,0.000000,0.000000,-1.571000,-0.299866,1.005040,1.065203,1.494886
6.144000,-0.000134,-0.005042,0.034797,-0.000031,-0.005645,-0.037326,-0.000000,-0.001015,1.570118,-0.300000,1.000000,1.100000,0.000000,0.000000,-1.571000,-0.299866,1.005042,1.065203,1.494887
6.146000,-0.000134,-0.005044,0.034797,-0.000031,-0.005645,-0.037326,-0.000000,-0.001015,1.570118,-0.300000,1.000000,1.100000,0.000000,0.000000,-1.571000,-0.299866,1.005044,1.065203,1.494888
6.148000,-0.000134,-0.005045,0.034797,-0.000031,-0.005645,-0.037326,-0.000000,-0.001015,1.570118,-0.300000,1.000000,1.100000,0.000000,0.000000,-1.571000,-0.299866,1.005045,1.065203,1.494889
6.150000,-0.000134,-0.005047,0.034797,-0.000031,-0.005645,-0.037326,-0.000000,-0.001015,1.570118,-0.300000,1.000000,1.100000,0.000000,0.000000,-1.571000,-0.299866,1.005047,1.065203,1.494890
6.152000,-0.000134,-0.005049,0.034797,-0.000031,-0.005645,-0.037326,-0.000000,-0.001015,1.570118,-0.300000,1.000000,1.100000,0.000000,0.000000,-1.571000,-0.299866,1.005049,1.065203,1.494891
6.154000,-0.000134,-0.005051,0.034797,-0.000031,-0.005645,-0.037326,-0.000000,-0.001015,1.570118,-0.300000,1.000000,1.100000,0.000000,0.000000,-1.571000,-0.299866,1.005051,1.065203,1.494892
6.156000,-0.000134,-0.005052,0.034797,-0.000031,-0.005645,-0.037326,-0.000000,-0.001015,1.570118,-0.300000,1.000000,1.100000,0.000000,0.000000,-1.571000,-0.299866,1.005052,1.065203,1.494893
6.158000,-0.000134,-0.005054,0.034797,-0.000031,-0.005645,-0.037326,-0.000000,-0.001015,1.570118,-0.300000,1.000000,1.100000,0.000000,0.000000,-1.571000,-0.299866,1.005054,1.065203,1.494895
6.160000,-0.000134,-0.005056,0.034797,-0.000031,-0.005645,-0.037326,-0.000000,-0.001015,1.570118,-0.300000,1.000000,1.100000,0.000000,0.000000,-1.571000,-0.299866,1.005056,1.065203,1.494896
6.162000,-0.000134,-0.005057,0.034797,-0.000031,-0.005645,-0.037326,-0.000000,-0.001015,1.570118,-0.300000,1.000000,1.100000,0.000000,0.000000,-1.571000,-0.299866,1.005057,1.065203,1.494897
6.164000,-0.000134,-0.005059,0.034797,-0.000031,-0.005645,-0.037326,-0.000000,-0.001015,1.570118,-0.300000,1.000000,1.100000,0.000000,0.000000,-1.571000,-0.299866,1.005059,1.065203,1.494898
6.166000,-0.000134,-0.005061,0.034797,-0.000031,-0.005645,-0.037326,-0.000000,-0.001015,1.570118,-0.300000,1.000000,1.100000,0.000000,0.000000,-1.571000,-0.299866,1.005061,1.065203,1.494899
6.168000,-0.000135,-0.005062,0.034797,-0.000031,-0.005645,-0.037326,-0.000000,-0.001015,1.570118,-0.300000,1.000000,1.100000,0.000000,0.000000,-1.571000,-0.299865,1.005062,1.065203,1.494900
6.170000,-0.000135,-0.005064,0.034797,-0.000031,-0.005645,-0.037326,-0.000000,-0.001015,1.570119,-0.300000,1.000000,1.100000,0.000000,0.000000,-1.571000,-0.299865,1.005064,1.065203,1.494901
6.172000,-0.000135,-0.005066,0.034797,-0.000031,-0.005645,-0.037326,-0.000000,-0.001015,1.570119,-0.300000,1.000000,1.100000,0.000000,0.000000,-1.571000,-0.299865,1.005066,1.065203,1.494902
6.174000,-0.000135,-0.005067,0.034797,-0.000031,-0.005645,-0.037326,-0.000000,-0.001015,1.570119,-0.300000,1.000000,1.100000,0.000000,0.000000,-1.571000,-0.299865,1.005067,1.065203,1.494904
6.176000,-0.000135,-0.005069,0.034797,-0.000031,-0.005645,-0.037326,-0.000000,-0.001015,1.570119,-0.300000,1.000000,1.100000,0.000000,0.000000,-1.571000,-0.299865,1.005069,1.065203,1.494905
6.178000,-0.000135,-0.005071,0.034797,-0.000031,-0.005645,-0.037326,-0.000000,-0.001015,1.570119,-0.300000,1.000000,1.100000,0.000000,0.000000,-1.571000,-0.299865,1.005071,1.065203,1.494906
6.180000,-0.000135,-0.005072,0.034797,-0.000031,-0.005645,-0.037326,-0.000000,-0.001015,1.570119,-0.300000,1.000000,1.100000,0.000000,0.000000,-1.571000,-0.299865,1.005072,1.065203,1.494907
6.182000,-0.000135,-0.005074,0.034797,-0.000031,-0.005645,-0.037326,-0.000000,-0.001015,1.570119,-0.300000,1.000000,1.100000,0.000000,0.000000,-1.571000,-0.299865,1.005074,1.065203,1.494908
6.184000,-0.000135,-0.005076,0.034797,-0.000031,-0.005645,-0.037326,-0.000000,-0.001015,1.570119,-0.300000,1.000000,1.100000,0.000000,0.000000,-1.571000,-0.299865,1.005076,1.065203,1.494909
6.186000,-0.000135,-0.005077,0.034797,-0.000031,-0.005645,-0.037326,-0.000000,-0.001015,1.570119,-0.300000,1.000000,1.100000,0.000000,0.000000,-1.571000,-0.299865,1.005077,1.065203,1.494910
6.188000,-0.000135,-0.005079,0.034797,-0.000031,-0.005645,-0.037326,-0.000000,-0.001015,1.570119,-0.300000,1.000000,1.100000,0.000000,0.000000,-1.571000,-0.299865,1.005079,1.065203,1.494911
6.190000,-0.000135,-0.005081,0.034797,-0.000031,-0.005645,-0.037326,-0.000000,-0.001015,1.570119,-0.300000,1.000000,1.100000,0.000000,0.000000,-1.571000,-0.299865,1.005081,1.065203,1.494912
6.192000,-0.000135,-0.005082,0.034797,-0.000031,-0.005645,-0.037326,-0.000000,-0.001015,1.570119,-0.300000,1.000000,1.100000,0.000000,0.000000,-1.571000,-0.299865,1.005082,1.065203,1.494914
6.194000,-0.000135,-0.005084,0.034797,-0.000031,-0.005645,-0.037326,-0.000000,-0.001015,1.570119,-0.300000,1.000000,1.100000,0.000000,0.000000,-1.571000,-0.299865,1.005084,1.065203,1.494915
6.196000,-0.000135,-0.005086,0.034797,-0.000031,-0.005645,-0.037326,-0.000000,-0.001015,1.570119,-0.300000,1.000000,1.100000,0.000000,0.000000,-1.571000,-0.299865,1.005086,1.065203,1.494916
6.198000,-0.000135,-0.005087,0.034797,-0.000031,-0.005645,-0.037326,-0.000000,-0.001015,1.570119,-0.300000,1.000000,1.100000,0.000000,0.000000,-1.571000,-0.299865,1.005087,1.065203,1.494917
6.200000,-0.000135,-0.005089,0.034797,-0.000031,-0.005645,-0.037326,-0.000000,-0.001015,1.570119,-0.300000,1.000000,1.100000,0.000000,0.000000,-1.571000,-0.299865,1.005089,1.065203,1.494918
6.202000,-0.000135,-0.005091,0.034797,-0.000031,-0.005645,-0.037326,-0.000000,-0.001015,1.570119,-0.300000,1.000000,1.100000,0.000000,0.000000,-1.571000,-0.299865,1.005091,1.065203,1.494919
6.204000,-0.000135,-0.005092,0.034797,-0.000031,-0.005645,-0.037326,-0.000000,-0.001015,1.570119,-0.300000,1.000000,1.100000,0.000000,0.000000,-1.571000,-0.299865,1.005092,1.065203,1.494920
6.206000,-0.000135,-0.005094,0.034797,-0.000031,-0.005645,-0.037326,-0.000000,-0.001015,1.570119,-0.300000,1.000000,1.100000,0.000000,0.000000,-1.571000,-0.299865,1.005094,1.065203,1.494921
6.208000,-0.000135,-0.005096,0.034797,-0.000031,-0.005645,-0.037326,-0.000000,-0.001015,1.570119,-0.300000,1.000000,1.100000,0.000000,0.000000,-1.571000,-0.299865,1.005096,1.065203,1.494923
6.210000,-0.000135,-0.005097,0.034797,-0.000031,-0.005645,-0.037326,-0.000000,-0.001015,1.570119,-0.300000,1.000000,1.100000,0.000000,0.000000,-1.571000,-0.299865,1.005097,1.065203,1.494924
6.212000,-0.000136,-0.005099,0.034797,-0.000031,-0.005645,-0.037326,-0.000000,-0.001015,1.570119,-0.300000,1.000000,1.100000,0.000000,0.000000,-1.571000,-0.299864,1.005099,1.065203,1.494925
6.214000,-0.000136,-0.005101,0.034797,-0.000031,-0.005645,-0.037326,-0.000000,-0.001015,1.570119,-0.300000,1.000000,1.100000,0.000000,0.000000,-1.571000,-0.299864,1.005101,1.065203,1.494926
6.216000,-0.000136,-0.005102,0.034797,-0.000031,-0.005645,-0.037326,-0.000000,-0.001015,1.570119,-0.300000,1.000000,1.100000,0.000000,0.000000,-1.571000,-0.299864,1.005102,1.065203,1.494927
6.218000,-0.000136,-0.005104,0.034797,-0.000031,-0.005645,-0.037326,-0.000000,-0.001015,1.570119,-0.300000,1.000000,1.100000,0.000000,0.000000,-1.571000,-0.299864,1.005104,1.065203,1.494928
6.220000,-0.000136,-0.005106,0.034797,-0.000031,-0.005645,-0.037326,-0.000000,-0.001015,1.570120,-0.300000,1.000000,1.100000,0.000000,0.000000,-1.571000,-0.299864,1.005106,1.065203,1.494929
6.222000,-0.000136,-0.005107,0.034797,-0.000031,-0.005645,-0.037326,-0.000000,-0.001015,1.570120,-0.300000,1.000000,1.100000,0.000000,0.000000,-1.571000,-0.299864,1.005107,1.065203,1.494930
6.224000,-0.000136,-0.005109,0.034797,-0.000031,-0.005645,-0.037326,-0.000000,-0.001015,1.570120,-0.300000,1.000000,1.100000,0.000000,0.000000,-1.571000,-0.299864,1.005109,1.065203,1.494931
6.226000,-0.000136,-0.005111,0.034797,-0.000031,-0.005645,-0.037326,-0.000000,-0.001015,1.570120,-0.300000,1.000000,1.100000,0.000000,0.000000,-1.571000,-0.299864,1.005111,1.065203,1.494933
6.228000,-0.000136,-0.005112,0.034797,-0.000031,-0.005645,-0.037326,-0.000000,-0.001015,1.570120,-0.300000,1.000000,1.100000,0.000000,0.000000,-1.571000,-0.299864,1.005112,1.065203,1.494934
6.230000,-0.000136,-0.005114,0.034797,-0.000031,-0.005645,-0.037326,-0.000000,-0.001015,1.570120,-0.300000,1.000000,1.100000,0.000000,0.000000,-1.571000,-0.299864,1.005114,1.065203,1.494935
6.232000,-0.000136,-0.005116,0.034797,-0.000031,-0.005645,-0.037326,-0.000000,-0.001015,1.570120,-0.300000,1.000000,1.100000,0.000000,0.000000,-1.571000,-0.299864,1.005116,1.065203,1.494936
6.234000,-0.000136,-0.005117,0.034797,-0.000031,-0.005645,-0.037326,-0.000000,-0.001015,1.570120,-0.300000,1.000000,1.100000,0.000000,0.000000,-1.571000,-0.299864,1.005117,1.065203,1.494937
6.236000,-0.000136,-0.005119,0.034797,-0.000031,-0.005645,-0.037326,-0.000000,-0.001015,1.570120,-0.300000,1.000000,1.100000,0.000000,0.000000,-1.571000,-0.299864,1.005119,1.065203,1.494938
6.238000,-0.000136,-0.005121,0.034797,-0.000031,-0.005645,-0.037326,-0.000000,-0.001015,1.570120,-0.300000,1.000000,1.100000,0.000000,0.000000,-1.571000,-0.299864,1.005121,1.065203,1.494939
6.240000,-0.000136,-0.005123,0.034797,-0.000031,-0.005645,-0.037326,-0.000000,-0.001015,1.570120,-0.300000,1.000000,1.100000,0.000000,0.000000,-1.571000,-0.299864,1.005123,1.065203,1.494940
6.242000,-0.000136,-0.005124,0.034797,-0.000031,-0.005645,-0.037326,-0.000000,-0.001015,1.570120,-0.300000,1.000000,1.100000,0.000000,0.000000,-1.571000,-0.299864,1.005124,1.065203,1.494942
6.244000,-0.000136,-0.005126,0.034797,-0.000031,-0.005645,-0.037326,-0.000000,-0.001015,1.570120,-0.300000,1.000000,1.100000,0.000000,0.000000,-1.571000,-0.299864,1.005126,1.065203,1.494943
6.246000,-0.000136,-0.005128,0.034797,-0.000031,-0.005645,-0.037326,-0.000000,-0.001015,1.570120,-0.300000,1.000000,1.100000,0.000000,0.000000,-1.571000,-0.299864,1.005128,1.065203,1.494944
6.248000,-0.000136,-0.005129,0.034797,-0.000031,-0.005645,-0.037326,-0.000000,-0.001015,1.570120,-0.300000,1.000000,1.100000,0.000000,0.000000,-1.571000,-0.299864,1.005129,1.065203,1.494945
6.250000,-0.000136,-0.005131,0.034797,-0.000031,-0.005645,-0.037326,-0.000000,-0.001015,1.570120,-0.300000,1.000000,1.100000,0.000000,0.000000,-1.571000,-0.299864,1.005131,1.065203,1.494946
6.252000,-0.000136,-0.005133,0.034797,-0.000031,-0.005645,-0.037326,-0.000000,-0.001015,1.570120,-0.300000,1.000000,1.100000,0.000000,0.000000,-1.571000,-0.299864,1.005133,1.065203,1.494947
6.254000,-0.000136,-0.005134,0.034797,-0.000031,-0.005645,-0.037326,-0.000000,-0.001015,1.570120,-0.300000,1.000000,1.100000,0.000000,0.000000,-1.571000,-0.299864,1.005134,1.065203,1.494948
6.256000,-0.000137,-0.005136,0.034797,-0.000031,-0.005645,-0.037326,-0.000000,-0.001015,1.570120,-0.300000,1.000000,1.100000,0.000000,0.000000,-1.571000,-0.299863,1.005136,1.065203,1.494949
6.258000,-0.000137,-0.005138,0.034797,-0.000031,-0.005645,-0.037326,-0.000000,-0.001015,1.570120,-0.300000,1.000000,1.100000,0.000000,0.000000,-1.571000,-0.299863,1.005138,1.065203,1.494950
6.260000,-0.000137,-0.005139,0.034797,-0.000031,-0.005645,-0.037326,-0.000000,-0.001015,1.570120,-0.300000,1.000000,1.100000,0.000000,0.000000,-1.571000,-0.299863,1.005139,1.065203,1.494952
6.262000,-0.000137,-0.005141,0.034797,-0.000031,-0.005645,-0.037326,-0.000000,-0.001015,1.570120,-0.300000,1.000000,1.100000,0.000000,0.000000,-1.571000,-0.299863,1.005141,1.065203,1.494953
6.264000,-0.000137,-0.005143,0.034797,-0.000031,-0.005645,-0.037326,-0.000000,-0.001015,1.570120,-0.300000,1.000000,1.100000,0.000000,0.000000,-1.571000,-0.299863,1.005143,1.065203,1.494954
6.266000,-0.000137,-0.005144,0.034797,-0.000031,-0.005645,-0.037326,-0.000000,-0.001015,1.570120,-0.300000,1.000000,1.100000,0.000000,0.000000,-1.571000,-0.299863,1.005144,1.065203,1.494955
6.268000,-0.000137,-0.005146,0.034797,-0.000031,-0.005645,-0.037326,-0.000000,-0.001015,1.570120,-0.300000,1.000000,1.100000,0.000000,0.000000,-1.571000,-0.299863,1.005146,1.065203,1.494956
6.270000,-0.000137,-0.005148,0.034797,-0.000031,-0.005645,-0.037326,-0.000000,-0.001015,1.570120,-0.300000,1.000000,1.100000,0.000000,0.000000,-1.571000,-0.299863,1.005148,1.065203,1.494957
6.272000,-0.000137,-0.005149,0.034797,-0.000031,-0.005645,-0.037326,-0.000000,-0.001015,1.570121,-0.300000,1.000000,1.100000,0.000000,0.000000,-1.571000,-0.299863,1.005149,1.065203,1.494958
6.274000,-0.000137,-0.005151,0.034797,-0.000031,-0.005645,-0.037326,-0.000000,-0.001015,1.570121,-0.300000,1.000000,1.100000,0.000000,0.000000,-1.571000,-0.299863,1.005151,1.065203,1.494959
6.276000,-0.000137,-0.005153,0.034797,-0.000031,-0.005645,-0.037326,-0.000000,-0.001015,1.570121,-0.300000,1.000000,1.100000,0.000000,0.000000,-1.571000,-0.299863,1.005153,1.065203,1.494961
6.278000,-0.000137,-0.005154,0.034797,-0.000031,-0.005645,-0.037326,-0.000000,-0.001015,1.570121,-0.300000,1.000000,1.100000,0.000000,0.000000,-1.571000,-0.299863,1.005154,1.065203,1.494962
6.280000,-0.000137,-0.005156,0.034797,-0.000031,-0.005645,-0.037326,-0.000000,-0.001015,1.570121,-0.300000,1.000000,1.100000,0.000000,0.000000,-1.571000,-0.299863,1.005156,1.065203,1.494963
6.282000,-0.000137,-0.005158,0.034797,-0.000031,-0.005645,-0.037326,-0.000000,-0.001015,1.570121,-0.300000,1.000000,1.100000,0.000000,0.000000,-1.571000,-0.299863,1.005158,1.065203,1.494964
6.284000,-0.000137,-0.005159,0.034797,-0.000031,-0.005645,-0.037326,-0.000000,-0.001015,1.570121,-0.300000,1.000000,1.100000,0.000000,0.000000,-1.571000,-0.299863,1.005159,1.065203,1.494965
6.286000,-0.000137,-0.005161,0.034797,-0.000031,-0.005645,-0.037326,-0.000000,-0.001015,1.570121,-0.300000,1.000000,1.100000,0.000000,0.000000,-1.571000,-0.299863,1.005161,1.065203,1.494966
6.288000,-0.000137,-0.005163,0.034797,-0.000031,-0.005645,-0.037326,-0.000000,-0.001015,1.570121,-0.300000,1.000000,1.100000,0.000000,0.000000,-1.571000,-0.299863,1.005163,1.065203,1.494967
6.290000,-0.000137,-0.005164,0.034797,-0.000031,-0.005645,-0.037326,-0.000000,-0.001015,1.570121,-0.300000,1.000000,1.100000,0.000000,0.000000,-1.571000,-0.299863,1.005164,1.065203,1.494968
6.292000,-0.000137,-0.005166,0.034797,-0.000031,-0.005645,-0.037326,-0.000000,-0.001015,1.570121,-0.300000,1.000000,1.100000,0.000000,0.000000,-1.571000,-0.299863,1.005166,1.065203,1.494969
6.294000,-0.000137,-0.005168,0.034797,-0.000031,-0.005645,-0.037326,-0.000000,-0.001015,1.570121,-0.300000,1.000000,1.100000,0.000000,0.000000,-1.571000,-0.299863,1.005168,1.065203,1.494971
6.296000,-0.000137,-0.005169,0.034797,-0.000031,-0.005645,-0.037326,-0.000000,-0.001015,1.570121,-0.300000,1.000000,1.100000,0.000000,0.000000,-1.571000,-0.299863,1.005169,1.065203,1.494972
6.298000,-0.000137,-0.005171,0.034797,-0.000031,-0.005645,-0.037326,-0.000000,-0.001015,1.570121,-0.300000,1.000000,1.100000,0.000000,0.000000,-1.571000,-0.299863,1.005171,1.065203,1.494973
6.300000,-0.000138,-0.005173,0.034797,-0.000031,-0.005645,-0.037326,-0.000000,-0.001015,1.570121,-0.300000,1.000000,1.100000,0.000000,0.000000,-1.571000,-0.299862,1.005173,1.065203,1.494974
6.302000,-0.000138,-0.005174,0.034797,-0.000031,-0.005645,-0.037326,-0.000000,-0.001015,1.570121,-0.300000,1.000000,1.100000,0.000000,0.000000,-1.571000,-0.299862,1.005174,1.065203,1.494975
6.304000,-0.000138,-0.005176,0.034797,-0.000031,-0.005645,-0.037326,-0.000000,-0.001015,1.570121,-0.300000,1.000000,1.100000,0.000000,0.000000,-1.571000,-0.299862,1.005176,1.065203,1.494976
6.306000,-0.000138,-0.005178,0.034797,-0.000031,-0.005645,-0.037326,-0.000000,-0.001015,1.570121,-0.300000,1.000000,1.100000,0.000000,0.000000,-1.571000,-0.299862,1.005178,1.065203,1.494977
6.308000,-0.000138,-0.005179,0.034797,-0.000031,-0.005645,-0.037326,-0.000000,-0.001015,1.570121,-0.300000,1.000000,1.100000,0.000000,0.000000,-1.571000,-0.299862,1.005179,1.065203,1.494978
6.310000,-0.000138,-0.005181,0.034797,-0.000031,-0.005645,-0.037326,-0.000000,-0.001015,1.570121,-0.300000,1.000000,1.100000,0.000000,0.000000,-1.571000,-0.299862,1.005181,1.065203,1.494979
6.312000,-0.000138,-0.005183,0.034797,-0.000031,-0.005645,-0.037326,-0.000000,-0.001015,1.570121,-0.300000,1.000000,1.100000,0.000000,0.000000,-1.571000,-0.299862,1.005183,1.065203,1.494981
6.314000,-0.000138,-0.005184,0.034797,-0.000031,-0.005645,-0.037326,-0.000000,-0.001015,1.570121,-0.300000,1.000000,1.100000,0.000000,0.000000,-1.571000,-0.299862,1.005184,1.065203,1.494982
6.316000,-0.000138,-0.005186,0.034797,-0.000031,-0.005645,-0.037326,-0.000000,-0.001015,1.570121,-0.300000,1.000000,1.100000,0.000000,0.000000,-1.571000,-0.299862,1.005186,1.065203,1.494983
6.318000,-0.000138,-0.005188,0.034797,-0.000031,-0.005645,-0.037326,-0.000000,-0.001015,1.570121,-0.300000,1.000000,1.100000,0.000000,0.000000,-1.571000,-0.299862,1.005188,1.065203,1.494984
6.320000,-0.000138,-0.005190,0.034797,-0.000031,-0.005645,-0.037326,-0.000000,-0.001015,1.570121,-0.300000,1.000000,1.100000,0.000000,0.000000,-1.571000,-0.299862,1.005190,1.065203,1.494985
6.322000,-0.000138,-0.005191,0.034797,-0.000031,-0.005645,-0.037326,-0.000000,-0.001015,1.570122,-0.300000,1.000000,1.100000,0.000000,0.000000,-1.571000,-0.299862,1.005191,1.065203,1.494986
6.324000,-0.000138,-0.005193,0.034797,-0.000031,-0.005645,-0.037326,-0.000000,-0.001015,1.570122,-0.300000,1.000000,1.100000,0.000000,0.000000,-1.571000,-0.299862,1.005193,1.065203,1.494987
6.326000,-0.000138,-0.005195,0.034797,-0.000031,-0.005645,-0.037326,-0.000000,-0.001015,1.570122,-0.300000,1.000000,1.100000,0.000000,0.000000,-1.571000,-0.299862,1.005195,1.065203,1.494988
6.328000,-0.000138,-0.005196,0.034797,-0.000031,-0.005645,-0.037326,-0.000000,-0.001015,1.570122,-0.300000,1.000000,1.100000,0.000000,0.000000,-1.571000,-0.299862,1.005196,1.065203,1.494990
6.330000,-0.000138,-0.005198,0.034797,-0.000031,-0.005645,-0.037326,-0.000000,-0.001015,1.570122,-0.300000,1.000000,1.100000,0.000000,0.000000,-1.571000,-0.299862,1.005198,1.065203,1.494991
6.332000,-0.000138,-0.005200,0.034797,-0.000031,-0.005645,-0.037326,-0.000000,-0.001015,1.570122,-0.300000,1.000000,1.100000,0.000000,0.000000,-1.571000,-0.299862,1.005200,1.065203,1.494992
6.334000,-0.000138,-0.005201,0.034797,-0.000031,-0.005645,-0.037326,-0.000000,-0.001015,1.570122,-0.300000,1.000000,1.100000,0.000000,0.000000,-1.571000,-0.299862,1.005201,1.065203,1.494993
6.336000,-0.000138,-0.005203,0.034797,-0.000031,-0.005645,-0.037326,-0.000000,-0.001015,1.570122,-0.300000,1.000000,1.100000,0.000000,0.000000,-1.571000,-0.299862,1.005203,1.065203,1.494994
6.338000,-0.000138,-0.005205,0.034797,-0.000031,-0.005645,-0.037326,-0.000000,-0.001015,1.570122,-0.300000,1.000000,1.100000,0.000000,0.000000,-1.571000,-0.299862,1.005205,1.065203,1.494995
6.340000,-0.000138,-0.005206,0.034797,-0.000031,-0.005645,-0.037326,-0.000000,-0.001015,1.570122,-0.300000,1.000000,1.100000,0.000000,0.000000,-1.571000,-0.299862,1.005206,1.065203,1.494996
6.342000,-0.000138,-0.005208,0.034797,-0.000031,-0.005645,-0.037326,-0.000000,-0.001015,1.570122,-0.300000,1.000000,1.100000,0.000000,0.000000,-1.571000,-0.299862,1.005208,1.065203,1.494997
6.344000,-0.000138,-0.005210,0.034797,-0.000031,-0.005645,-0.037326,-0.000000,-0.001015,1.570122,-0.300000,1.000000,1.100000,0.000000,0.000000,-1.571000,-0.299862,1.005210,1.065203,1.494998
6.346000,-0.000139,-0.005211,0.034797,-0.000031,-0.005645,-0.037326,-0.000000,-0.001015,1.570122,-0.300000,1.000000,1.100000,0.000000,0.000000,-1.571000,-0.299861,1.005211,1.065203,1.495000
6.348000,-0.000139,-0.005213,0.034797,-0.000031,-0.005645,-0.037326,-0.000000,-0.001015,1.570122,-0.300000,1.000000,1.100000,0.000000,0.000000,-1.571000,-0.299861,1.005213,1.065203,1.495001
6.350000,-0.000139,-0.005215,0.034797,-0.000031,-0.005645,-0.037326,-0.000000,-0.001015,1.570122,-0.300000,1.000000,1.100000,0.000000,0.000000,-1.571000,-0.299861,1.005215,1.065203,1.495002
6.352000,-0.000139,-0.005216,0.034797,-0.000031,-0.005645,-0.037326,-0.000000,-0.001015,1.570122,-0.300000,1.000000,1.100000,0.000000,0.000000,-1.571000,-0.299861,1.005216,1.065203,1.495003
6.354000,-0.000139,-0.005218,0.034797,-0.000031,-0.005645,-0.037326,-0.000000,-0.001015,1.570122,-0.300000,1.000000,1.100000,0.000000,0.000000,-1.571000,-0.299861,1.005218,1.065203,1.495004
6.356000,-0.000139,-0.005220,0.034797,-0.000031,-0.005645,-0.037326,-0.000000,-0.001015,1.570122,-0.300000,1.000000,1.100000,0.000000,0.000000,-1.571000,-0.299861,1.005220,1.065203,1.495005
6.358000,-0.000139,-0.005221,0.034797,-0.000031,-0.005645,-0.037326,-0.000000,-0.001015,1.570122,-0.300000,1.000000,1.100000,0.000000,0.000000,-1.571000,-0.299861,1.005221,1.065203,1.495006
6.360000,-0.000139,-0.005223,0.034797,-0.000031,-0.005645,-0.037326,-0.000000,-0.001015,1.570122,-0.300000,1.000000,1.100000,0.000000,0.000000,-1.571000,-0.299861,1.005223,1.065203,1.495007
6.362000,-0.000139,-0.005225,0.034797,-0.000031,-0.005645,-0.037326,-0.000000,-0.001015,1.570122,-0.300000,1.000000,1.100000,0.000000,0.000000,-1.571000,-0.299861,1.005225,1.065203,1.495009
6.364000,-0.000139,-0.005226,0.034797,-0.000031,-0.005645,-0.037326,-0.000000,-0.001015,1.570122,-0.300000,1.000000,1.100000,0.000000,0.000000,-1.571000,-0.299861,1.005226,1.065203,1.495010
6.366000,-0.000139,-0.005228,0.034797,-0.000031,-0.005645,-0.037326,-0.000000,-0.001015,1.570122,-0.300000,1.000000,1.100000,0.000000,0.000000,-1.571000,-0.299861,1.005228,1.065203,1.495011
6.368000,-0.000139,-0.005230,0.034797,-0.000031,-0.005645,-0.037326,-0.000000,-0.001015,1.570122,-0.300000,1.000000,1.100000,0.000000,0.000000,-1.571000,-0.299861,1.005230,1.065203,1.495012
6.370000,-0.000139,-0.005231,0.034797,-0.000031,-0.005645,-0.037326,-0.000000,-0.001015,1.570122,-0.300000,1.000000,1.100000,0.000000,0.000000,-1.571000,-0.299861,1.005231,1.065203,1.495013
6.372000,-0.000139,-0.005233,0.034797,-0.000031,-0.005645,-0.037326,-0.000000,-0.001015,1.570122,-0.300000,1.000000,1.100000,0.000000,0.000000,-1.571000,-0.299861,1.005233,1.065203,1.495014
6.374000,-0.000139,-0.005235,0.034797,-0.000031,-0.005645,-0.037326,-0.000000,-0.001015,1.570123,-0.300000,1.000000,1.100000,0.000000,0.000000,-1.571000,-0.299861,1.005235,1.065203,1.495015
6.376000,-0.000139,-0.005236,0.034797,-0.000031,-0.005645,-0.037326,-0.000000,-0.001015,1.570123,-0.300000,1.000000,1.100000,0.000000,0.000000,-1.571000,-0.299861,1.005236,1.065203,1.495016
6.378000,-0.000139,-0.005238,0.034797,-0.000031,-0.005645,-0.037326,-0.000000,-0.001015,1.570123,-0.300000,1.000000,1.100000,0.000000,0.000000,-1.571000,-0.299861,1.005238,1.065203,1.495017
6.380000,-0.000139,-0.005240,0.034797,-0.000031,-0.005645,-0.037326,-0.000000,-0.001015,1.570123,-0.300000,1.000000,1.100000,0.000000,0.000000,-1.571000,-0.299861,1.005240,1.065203,1.495019
6.382000,-0.000139,-0.005241,0.034797,-0.000031,-0.005645,-0.037326,-0.000000,-0.001015,1.570123,-0.300000,1.000000,1.100000,0.000000,0.000000,-1.571000,-0.299861,1.005241,1.065203,1.495020
6.384000,-0.000139,-0.005243,0.034797,-0.000031,-0.005645,-0.037326,-0.000000,-0.001015,1.570123,-0.300000,1.000000,1.100000,0.000000,0.000000,-1.571000,-0.299861,1.005243,1.065203,1.495021
6.386000,-0.000139,-0.005245,0.034797,-0.000031,-0.005645,-0.037326,-0.000000,-0.001015,1.570123,-0.300000,1.000000,1.100000,0.000000,0.000000,-1.571000,-0.299861,1.005245,1.065203,1.495022
6.388000,-0.000139,-0.005246,0.034797,-0.000031,-0.005645,-0.037326,-0.000000,-0.001015,1.570123,-0.300000,1.000000,1.100000,0.000000,0.000000,-1.571000,-0.299861,1.005246,1.065203,1.495023
6.390000,-0.000140,-0.005248,0.034797,-0.000031,-0.005645,-0.037326,-0.000000,-0.001015,1.570123,-0.300000,1.000000,1.100000,0.000000,0.000000,-1.571000,-0.299860,1.005248,1.065203,1.495024
6.392000,-0.000140,-0.005250,0.034797,-0.000031,-0.005645,-0.037326,-0.000000,-0.001015,1.570123,-0.300000,1.000000,1.100000,0.000000,0.000000,-1.571000,-0.299860,1.005250,1.065203,1.495025
6.394000,-0.000140,-0.005251,0.034797,-0.000031,-0.005645,-0.037326,-0.000000,-0.001015,1.570123,-0.300000,1.000000,1.100000,0.000000,0.000000,-1.571000,-0.299860,1.005251,1.065203,1.495026
6.396000,-0.000140,-0.005253,0.034797,-0.000031,-0.005645,-0.037326,-0.000000,-0.001015,1.570123,-0.300000,1.000000,1.100000,0.000000,0.000000,-1.571000,-0.299860,1.005253,1.065203,1.495028
6.398000,-0.000140,-0.005255,0.034797,-0.000031,-0.005645,-0.037326,-0.000000,-0.001015,1.570123,-0.300000,1.000000,1.100000,0.000000,0.000000,-1.571000,-0.299860,1.005255,1.065203,1.495029
6.400000,-0.000140,-0.005256,0.034797,-0.000031,-0.005645,-0.037326,-0.000000,-0.001015,1.570123,-0.300000,1.000000,1.100000,0.000000,0.000000,-1.571000,-0.299860,1.005256,1.065203,1.495030
6.402000,-0.000140,-0.005258,0.034797,-0.000031,-0.005645,-0.037326,-0.000000,-0.001015,1.570123,-0.300000,1.000000,1.100000,0.000000,0.000000,-1.571000,-0.299860,1.005258,1.065203,1.495031
6.404000,-0.000140,-0.005260,0.034797,-0.000031,-0.005645,-0.037326,-0.000000,-0.001015,1.570123,-0.300000,1.000000,1.100000,0.000000,0.000000,-1.571000,-0.299860,1.005260,1.065203,1.495032
6.406000,-0.000140,-0.005262,0.034797,-0.000031,-0.005645,-0.037326,-0.000000,-0.001015,1.570123,-0.300000,1.000000,1.100000,0.000000,0.000000,-1.571000,-0.299860,1.005262,1.065203,1.495033
6.408000,-0.000140,-0.005263,0.034797,-0.000031,-0.005645,-0.037326,-0.000000,-0.001015,1.570123,-0.300000,1.000000,1.100000,0.000000,0.000000,-1.571000,-0.299860,1.005263,1.065203,1.495034
6.410000,-0.000140,-0.005265,0.034797,-0.000031,-0.005645,-0.037326,-0.000000,-0.001015,1.570123,-0.300000,1.000000,1.100000,0.000000,0.000000,-1.571000,-0.299860,1.005265,1.065203,1.495035
6.412000,-0.000140,-0.005267,0.034797,-0.000031,-0.005645,-0.037326,-0.000000,-0.001015,1.570123,-0.300000,1.000000,1.100000,0.000000,0.000000,-1.571000,-0.299860,1.005267,1.065203,1.495036
6.414000,-0.000140,-0.005268,0.034797,-0.000031,-0.005645,-0.037326,-0.000000,-0.001015,1.570123,-0.300000,1.000000,1.100000,0.000000,0.000000,-1.571000,-0.299860,1.005268,1.065203,1.495038
6.416000,-0.000140,-0.005270,0.034797,-0.000031,-0.005645,-0.037326,-0.000000,-0.001015,1.570123,-0.300000,1.000000,1.100000,0.000000,0.000000,-1.571000,-0.299860,1.005270,1.065203,1.495039
6.418000,-0.000140,-0.005272,0.034797,-0.000031,-0.005645,-0.037326,-0.000000,-0.001015,1.570123,-0.300000,1.000000,1.100000,0.000000,0.000000,-1.571000,-0.299860,1.005272,1.065203,1.495040
6.420000,-0.000140,-0.005273,0.034797,-0.000031,-0.005645,-0.037326,-0.000000,-0.001015,1.570123,-0.300000,1.000000,1.100000,0.000000,0.000000,-1.571000,-0.299860,1.005273,1.065203,1.495041
6.422000,-0.000140,-0.005275,0.034797,-0.000031,-0.005645,-0.037326,-0.000000,-0.001015,1.570123,-0.300000,1.000000,1.100000,0.000000,0.000000,-1.571000,-0.299860,1.005275,1.065203,1.495042
6.424000,-0.000140,-0.005277,0.034797,-0.000031,-0.005645,-0.037326,-0.000000,-0.001015,1.570124,-0.300000,1.000000,1.100000,0.000000,0.000000,-1.571000,-0.299860,1.005277,1.065203,1.495043
6.426000,-0.000140,-0.005278,0.034797,-0.000031,-0.005645,-0.037326,-0.000000,-0.001015,1.570124,-0.300000,1.000000,1.100000,0.000000,0.000000,-1.571000,-0.299860,1.005278,1.065203,1.495044
6.428000,-0.000140,-0.005280,0.034797,-0.000031,-0.005645,-0.037326,-0.000000,-0.001015,1.570124,-0.300000,1.000000,1.100000,0.000000,0.000000,-1.571000,-0.299860,1.005280,1.065203,1.495045
6.430000,-0.000140,-0.005282,0.034797,-0.000031,-0.005645,-0.037326,-0.000000,-0.001015,1.570124,-0.300000,1.000000,1.100000,0.000000,0.000000,-1.571000,-0.299860,1.005282,1.065203,1.495047
6.432000,-0.000140,-0.005283,0.034797,-0.000031,-0.005645,-0.037326,-0.000000,-0.001015,1.570124,-0.300000,1.000000,1.100000,0.000000,0.000000,-1.571000,-0.299860,1.005283,1.065203,1.495048
6.434000,-0.000141,-0.005285,0.034797,-0.000031,-0.005645,-0.037326,-0.000000,-0.001015,1.570124,-0.300000,1.000000,1.100000,0.000000,0.000000,-1.571000,-0.299859,1.005285,1.065203,1.495049
6.436000,-0.000141,-0.005287,0.034797,-0.000031,-0.005645,-0.037326,-0.000000,-0.001015,1.570124,-0.300000,1.000000,1.100000,0.000000,0.000000,-1.571000,-0.299859,1.005287,1.065203,1.495050
6.438000,-0.000141,-0.005288,0.034797,-0.000031,-0.005645,-0.037326,-0.000000,-0.001015,1.570124,-0.300000,1.000000,1.100000,0.000000,0.000000,-1.571000,-0.299859,1.005288,1.065203,1.495051
6.440000,-0.000141,-0.005290,0.034797,-0.000031,-0.005645,-0.037326,-0.000000,-0.001015,1.570124,-0.300000,1.000000,1.100000,0.000000,0.000000,-1.571000,-0.299859,1.005290,1.065203,1.495052
6.442000,-0.000141,-0.005292,0.034797,-0.000031,-0.005645,-0.037326,-0.000000,-0.001015,1.570124,-0.300000,1.000000,1.100000,0.000000,0.000000,-1.571000,-0.299859,1.005292,1.065203,1.495053
6.444000,-0.000141,-0.005293,0.034797,-0.000031,-0.005645,-0.037326,-0.000000,-0.001015,1.570124,-0.300000,1.000000,1.100000,0.000000,0.000000,-1.571000,-0.299859,1.005293,1.065203,1.495054
6.446000,-0.000141,-0.005295,0.034797,-0.000031,-0.005645,-0.037326,-0.000000,-0.001015,1.570124,-0.300000,1.000000,1.100000,0.000000,0.000000,-1.571000,-0.299859,1.005295,1.065203,1.495055
6.448000,-0.000141,-0.005297,0.034797,-0.000031,-0.005645,-0.037326,-0.000000,-0.001015,1.570124,-0.300000,1.000000,1.100000,0.000000,0.000000,-1.571000,-0.299859,1.005297,1.065203,1.495057
6.450000,-0.000141,-0.005298,0.034797,-0.000031,-0.005645,-0.037326,-0.000000,-0.001015,1.570124,-0.300000,1.000000,1.100000,0.000000,0.000000,-1.571000,-0.299859,1.005298,1.065203,1.495058
6.452000,-0.000141,-0.005300,0.034797,-0.000031,-0.005645,-0.037326,-0.000000,-0.001015,1.570124,-0.300000,1.000000,1.100000,0.000000,0.000000,-1.571000,-0.299859,1.005300,1.065203,1.495059
6.454000,-0.000141,-0.005302,0.034797,-0.000031,-0.005645,-0.037326,-0.000000,-0.001015,1.570124,-0.300000,1.000000,1.100000,0.000000,0.000000,-1.571000,-0.299859,1.005302,1.065203,1.495060
6.456000,-0.000141,-0.005303,0.034797,-0.000031,-0.005645,-0.037326,-0.000000,-0.001015,1.570124,-0.300000,1.000000,1.100000,0.000000,0.000000,-1.571000,-0.299859,1.005303,1.065203,1.495061
6.458000,-0.000141,-0.005305,0.034797,-0.000031,-0.005645,-0.037326,-0.000000,-0.001015,1.570124,-0.300000,1.000000,1.100000,0.000000,0.000000,-1.571000,-0.299859,1.005305,1.065203,1.495062
6.460000,-0.000141,-0.005307,0.034797,-0.000031,-0.005645,-0.037326,-0.000000,-0.001015,1.570124,-0.300000,1.000000,1.100000,0.000000,0.000000,-1.571000,-0.299859,1.005307,1.065203,1.495063
6.462000,-0.000141,-0.005308,0.034797,-0.000031,-0.005645,-0.037326,-0.000000,-0.001015,1.570124,-0.300000,1.000000,1.100000,0.000000,0.000000,-1.571000,-0.299859,1.005308,1.065203,1.495064
6.464000,-0.000141,-0.005310,0.034797,-0.000031,-0.005645,-0.037326,-0.000000,-0.001015,1.570124,-0.300000,1.000000,1.100000,0.000000,0.000000,-1.571000,-0.299859,1.005310,1.065203,1.495066
6.466000,-0.000141,-0.005312,0.034797,-0.000031,-0.005645,-0.037326,-0.000000,-0.001015,1.570124,-0.300000,1.000000,1.100000,0.000000,0.000000,-1.571000,-0.299859,1.005312,1.065203,1.495067
6.468000,-0.000141,-0.005313,0.034797,-0.000031,-0.005645,-0.037326,-0.000000,-0.001015,1.570124,-0.300000,1.000000,1.100000,0.000000,0.000000,-1.571000,-0.299859,1.005313,1.065203,1.495068
6.470000,-0.000141,-0.005315,0.034797,-0.000031,-0.005645,-0.037326,-0.000000,-0.001015,1.570124,-0.300000,1.000000,1.100000,0.000000,0.000000,-1.571000,-0.299859,1.005315,1.065203,1.495069
6.472000,-0.000141,-0.005317,0.034797,-0.000031,-0.005645,-0.037326,-0.000000,-0.001015,1.570124,-0.300000,1.000000,1.100000,0.000000,0.000000,-1.571000,-0.299859,1.005317,1.065203,1.495070
6.474000,-0.000141,-0.005318,0.034797,-0.000031,-0.005645,-0.037326,-0.000000,-0.001015,1.570125,-0.300000,1.000000,1.100000,0.000000,0.000000,-1.571000,-0.299859,1.005318,1.065203,1.495071
6.476000,-0.000141,-0.005320,0.034797,-0.000031,-0.005645,-0.037326,-0.000000,-0.001015,1.570125,-0.300000,1.000000,1.100000,0.000000,0.000000,-1.571000,-0.299859,1.005320,1.065203,1.495072
6.478000,-0.000142,-0.005322,0.034797,-0.000031,-0.005645,-0.037326,-0.000000,-0.001015,1.570125,-0.300000,1.000000,1.100000,0.000000,0.000000,-1.571000,-0.299858,1.005322,1.065203,1.495073
6.480000,-0.000142,-0.005323,0.034797,-0.000031,-0.005645,-0.037326,-0.000000,-0.001015,1.570125,-0.300000,1.000000,1.100000,0.000000,0.000000,-1.571000,-0.299858,1.005323,1.065203,1.495074
6.482000,-0.000142,-0.005325,0.034797,-0.000031,-0.005645,-0.037326,-0.000000,-0.001015,1.570125,-0.300000,1.000000,1.100000,0.000000,0.000000,-1.571000,-0.299858,1.005325,1.065203,1.495076
6.484000,-0.000142,-0.005327,0.034797,-0.000031,-0.005645,-0.037326,-0.000000,-0.001015,1.570125,-0.300000,1.000000,1.100000,0.000000,0.000000,-1.571000,-0.299858,1.005327,1.065203,1.495077
6.486000,-0.000142,-0.005329,0.034797,-0.000031,-0.005645,-0.037326,-0.000000,-0.001015,1.570125,-0.300000,1.000000,1.100000,0.000000,0.000000,-1.571000,-0.299858,1.005329,1.065203,1.495078
6.488000,-0.000142,-0.005330,0.034797,-0.000031,-0.005645,-0.037326,-0.000000,-0.001015,1.570125,-0.300000,1.000000,1.100000,0.000000,0.000000,-1.571000,-0.299858,1.005330,1.065203,1.495079
6.490000,-0.000142,-0.005332,0.034797,-0.000031,-0.005645,-0.037326,-0.000000,-0.001015,1.570125,-0.300000,1.000000,1.100000,0.000000,0.000000,-1.571000,-0.299858,1.005332,1.065203,1.495080
6.492000,-0.000142,-0.005334,0.034797,-0.000031,-0.005645,-0.037326,-0.000000,-0.001015,1.570125,-0.300000,1.000000,1.100000,0.000000,0.000000,-1.571000,-0.299858,1.005334,1.065203,1.495081
6.494000,-0.000142,-0.005335,0.034797,-0.000031,-0.005645,-0.037326,-0.000000,-0.001015,1.570125,-0.300000,1.000000,1.100000,0.000000,0.000000,-1.571000,-0.299858,1.005335,1.065203,1.495082
6.496000,-0.000142,-0.005337,0.034797,-0.000031,-0.005645,-0.037326,-0.000000,-0.001015,1.570125,-0.300000,1.000000,1.100000,0.000000,0.000000,-1.571000,-0.299858,1.005337,1.065203,1.495083
6.498000,-0.000142,-0.005339,0.034797,-0.000031,-0.005645,-0.037326,-0.000000,-0.001015,1.570125,-0.300000,1.000000,1.100000,0.000000,0.000000,-1.571000,-0.299858,1.005339,1.065203,1.495084
6.500000,-0.000142,-0.005340,0.034797,-0.000031,-0.005645,-0.037326,-0.000000,-0.001015,1.570125,-0.300000,1.000000,1.100000,0.000000,0.000000,-1.571000,-0.299858,1.005340,1.065203,1.495086
6.502000,-0.000142,-0.005342,0.034797,-0.000031,-0.005645,-0.037326,-0.000000,-0.001015,1.570125,-0.300000,1.000000,1.100000,0.000000,0.000000,-1.571000,-0.299858,1.005342,1.065203,1.495087
6.504000,-0.000142,-0.005344,0.034797,-0.000031,-0.005645,-0.037326,-0.000000,-0.001015,1.570125,-0.300000,1.000000,1.100000,0.000000,0.000000,-1.571000,-0.299858,1.005344,1.065203,1.495088
6.506000,-0.000142,-0.005345,0.034797,-0.000031,-0.005645,-0.037326,-0.000000,-0.001015,1.570125,-0.300000,1.000000,1.100000,0.000000,0.000000,-1.571000,-0.299858,1.005345,1.065203,1.495089
6.508000,-0.000142,-0.005347,0.034797,-0.000031,-0.005645,-0.037326,-0.000000,-0.001015,1.570125,-0.300000,1.000000,1.100000,0.000000,0.000000,-1.571000,-0.299858,1.005347,1.065203,1.495090
6.510000,-0.000142,-0.005349,0.034797,-0.000031,-0.005645,-0.037326,-0.000000,-0.001015,1.570125,-0.300000,1.000000,1.100000,0.000000,0.000000,-1.571000,-0.299858,1.005349,1.065203,1.495091
6.512000,-0.000142,-0.005350,0.034797,-0.000031,-0.005645,-0.037326,-0.000000,-0.001015,1.570125,-0.300000,1.000000,1.100000,0.000000,0.000000,-1.571000,-0.299858,1.005350,1.065203,1.495092
6.514000,-0.000142,-0.005352,0.034797,-0.000031,-0.005645,-0.037326,-0.000000,-0.001015,1.570125,-0.300000,1.000000,1.100000,0.000000,0.000000,-1.571000,-0.299858,1.005352,1.065203,1.495093
6.516000,-0.000142,-0.005354,0.034797,-0.000031,-0.005645,-0.037326,-0.000000,-0.001015,1.570125,-0.300000,1.000000,1.100000,0.000000,0.000000,-1.571000,-0.299858,1.005354,1.065203,1.495095
6.518000,-0.000142,-0.005355,0.034797,-0.000031,-0.005645,-0.037326,-0.000000,-0.001015,1.570125,-0.300000,1.000000,1.100000,0.000000,0.000000,-1.571000,-0.299858,1.005355,1.065203,1.495096
6.520000,-0.000142,-0.005357,0.034797,-0.000031,-0.005645,-0.037326,-0.000000,-0.001015,1.570125,-0.300000,1.000000,1.100000,0.000000,0.000000,-1.571000,-0.299858,1.005357,1.065203,1.495097
6.522000,-0.000143,-0.005359,0.034797,-0.000031,-0.005645,-0.037326,-0.000000,-0.001015,1.570125,-0.300000,1.000000,1.100000,0.000000,0.000000,-1.571000,-0.299857,1.005359,1.065203,1.495098
6.524000,-0.000143,-0.005360,0.034797,-0.000031,-0.005645,-0.037326,-0.000000,-0.001015,1.570125,-0.300000,1.000000,1.100000,0.000000,0.000000,-1.571000,-0.299857,1.005360,1.065203,1.495099
6.526000,-0.000143,-0.005362,0.034797,-0.000031,-0.005645,-0.037326,-0.000000,-0.001015,1.570126,-0.300000,1.000000,1.100000,0.000000,0.000000,-1.571000,-0.299857,1.005362,1.065203,1.495100
6.528000,-0.000143,-0.005364,0.034797,-0.000031,-0.005645,-0.037326,-0.000000,-0.001015,1.570126,-0.300000,1.000000,1.100000,0.000000,0.000000,-1.571000,-0.299857,1.005364,1.065203,1.495101
6.530000,-0.000143,-0.005365,0.034797,-0.000031,-0.005645,-0.037326,-0.000000,-0.001015,1.570126,-0.300000,1.000000,1.100000,0.000000,0.000000,-1.571000,-0.299857,1.005365,1.065203,1.495102
6.532000,-0.000143,-0.005367,0.034797,-0.000031,-0.005645,-0.037326,-0.000000,-0.001015,1.570126,-0.300000,1.000000,1.100000,0.000000,0.000000,-1.571000,-0.299857,1.005367,1.065203,1.495103
6.534000,-0.000143,-0.005369,0.034797,-0.000031,-0.005645,-0.037326,-0.000000,-0.001015,1.570126,-0.300000,1.000000,1.100000,0.000000,0.000000,-1.571000,-0.299857,1.005369,1.065203,1.495105
6.536000,-0.000143,-0.005370,0.034797,-0.000031,-0.005645,-0.037326,-0.000000,-0.001015,1.570126,-0.300000,1.000000,1.100000,0.000000,0.000000,-1.571000,-0.299857,1.005370,1.065203,1.495106
6.538000,-0.000143,-0.005372,0.034797,-0.000031,-0.005645,-0.037326,-0.000000,-0.001015,1.570126,-0.300000,1.000000,1.100000,0.000000,0.000000,-1.571000,-0.299857,1.005372,1.065203,1.495107
6.540000,-0.000143,-0.005374,0.034797,-0.000031,-0.005645,-0.037326,-0.000000,-0.001015,1.570126,-0.300000,1.000000,1.100000,0.000000,0.000000,-1.571000,-0.299857,1.005374,1.065203,1.495108
6.542000,-0.000143,-0.005375,0.034797,-0.000031,-0.005645,-0.037326,-0.000000,-0.001015,1.570126,-0.300000,1.000000,1.100000,0.000000,0.000000,-1.571000,-0.299857,1.005375,1.065203,1.495109
6.544000,-0.000143,-0.005377,0.034797,-0.000031,-0.005645,-0.037326,-0.000000,-0.001015,1.570126,-0.300000,1.000000,1.100000,0.000000,0.000000,-1.571000,-0.299857,1.005377,1.065203,1.495110
6.546000,-0.000143,-0.005379,0.034797,-0.000031,-0.005645,-0.037326,-0.000000,-0.001015,1.570126,-0.300000,1.000000,1.100000,0.000000,0.000000,-1.571000,-0.299857,1.005379,1.065203,1.495111
6.548000,-0.000143,-0.005380,0.034797,-0.000031,-0.005645,-0.037326,-0.000000,-0.001015,1.570126,-0.300000,1.000000,1.100000,0.000000,0.000000,-1.571000,-0.299857,1.005380,1.065203,1.495112
6.550000,-0.000143,-0.005382,0.034797,-0.000031,-0.005645,-0.037326,-0.000000,-0.001015,1.570126,-0.300000,1.000000,1.100000,0.000000,0.000000,-1.571000,-0.299857,1.005382,1.065203,1.495114
6.552000,-0.000143,-0.005384,0.034797,-0.000031,-0.005645,-0.037326,-0.000000,-0.001015,1.570126,-0.300000,1.000000,1.100000,0.000000,0.000000,-1.571000,-0.299857,1.005384,1.065203,1.495115
6.554000,-0.000143,-0.005385,0.034797,-0.000031,-0.005645,-0.037326,-0.000000,-0.001015,1.570126,-0.300000,1.000000,1.100000,0.000000,0.000000,-1.571000,-0.299857,1.005385,1.065203,1.495116
6.556000,-0.000143,-0.005387,0.034797,-0.000031,-0.005645,-0.037326,-0.000000,-0.001015,1.570126,-0.300000,1.000000,1.100000,0.000000,0.000000,-1.571000,-0.299857,1.005387,1.065203,1.495117
6.558000,-0.000143,-0.005389,0.034797,-0.000031,-0.005645,-0.037326,-0.000000,-0.001015,1.570126,-0.300000,1.000000,1.100000,0.000000,0.000000,-1.571000,-0.299857,1.005389,1.065203,1.495118
6.560000,-0.000143,-0.005390,0.034797,-0.000031,-0.005645,-0.037326,-0.000000,-0.001015,1.570126,-0.300000,1.000000,1.100000,0.000000,0.000000,-1.571000,-0.299857,1.005390,1.065203,1.495119
6.562000,-0.000143,-0.005392,0.034797,-0.000031,-0.005645,-0.037326,-0.000000,-0.001015,1.570126,-0.300000,1.000000,1.100000,0.000000,0.000000,-1.571000,-0.299857,1.005392,1.065203,1.495120
6.564000,-0.000143,-0.005394,0.034797,-0.000031,-0.005645,-0.037326,-0.000000,-0.001015,1.570126,-0.300000,1.000000,1.100000,0.000000,0.000000,-1.571000,-0.299857,1.005394,1.065203,1.495121
6.566000,-0.000143,-0.005395,0.034797,-0.000031,-0.005645,-0.037326,-0.000000,-0.001015,1.570126,-0.300000,1.000000,1.100000,0.000000,0.000000,-1.571000,-0.299857,1.005395,1.065203,1.495122
6.568000,-0.000144,-0.005397,0.034797,-0.000031,-0.005645,-0.037326,-0.000000,-0.001015,1.570126,-0.300000,1.000000,1.100000,0.000000,0.000000,-1.571000,-0.299856,1.005397,1.065203,1.495124
6.570000,-0.000144,-0.005399,0.034797,-0.000031,-0.005645,-0.037326,-0.000000,-0.001015,1.570126,-0.300000,1.000000,1.100000,0.000000,0.000000,-1.571000,-0.299856,1.005399,1.065203,1.495125
6.572000,-0.000144,-0.005401,0.034797,-0.000031,-0.005645,-0.037326,-0.000000,-0.001015,1.570126,-0.300000,1.000000,1.100000,0.000000,0.000000,-1.571000,-0.299856,1.005401,1.065203,1.495126
6.574000,-0.000144,-0.005402,0.034797,-0.000031,-0.005645,-0.037326,-0.000000,-0.001015,1.570126,-0.300000,1.000000,1.100000,0.000000,0.000000,-1.571000,-0.299856,1.005402,1.065203,1.495127
6.576000,-0.000144,-0.005404,0.034797,-0.000031,-0.005645,-0.037326,-0.000000,-0.001015,1.570127,-0.300000,1.000000,1.100000,0.000000,0.000000,-1.571000,-0.299856,1.005404,1.065203,1.495128
6.578000,-0.000144,-0.005406,0.034797,-0.000031,-0.005645,-0.037326,-0.000000,-0.001015,1.570127,-0.300000,1.000000,1.100000,0.000000,0.000000,-1.571000,-0.299856,1.005406,1.065203,1.495129
6.580000,-0.000144,-0.005407,0.034797,-0.000031,-0.005645,-0.037326,-0.000000,-0.001015,1.570127,-0.300000,1.000000,1.100000,0.000000,0.000000,-1.571000,-0.299856,1.005407,1.065203,1.495130
6.582000,-0.000144,-0.005409,0.034797,-0.000031,-0.005645,-0.037326,-0.000000,-0.001015,1.570127,-0.300000,1.000000,1.100000,0.000000,0.000000,-1.571000,-0.299856,1.005409,1.065203,1.495131
6.584000,-0.000144,-0.005411,0.034797,-0.000031,-0.005645,-0.037326,-0.000000,-0.001015,1.570127,-0.300000,1.000000,1.100000,0.000000,0.000000,-1.571000,-0.299856,1.005411,1.065203,1.495133
6.586000,-0.000144,-0.005412,0.034797,-0.000031,-0.005645,-0.037326,-0.000000,-0.001015,1.570127,-0.300000,1.000000,1.100000,0.000000,0.000000,-1.571000,-0.299856,1.005412,1.065203,1.495134
6.588000,-0.000144,-0.005414,0.034797,-0.000031,-0.005645,-0.037326,-0.000000,-0.001015,1.570127,-0.300000,1.000000,1.100000,0.000000,0.000000,-1.571000,-0.299856,1.005414,1.065203,1.495135
6.590000,-0.000144,-0.005416,0.034797,-0.000031,-0.005645,-0.037326,-0.000000,-0.001015,1.570127,-0.300000,1.000000,1.100000,0.000000,0.000000,-1.571000,-0.299856,1.005416,1.065203,1.495136
6.592000,-0.000144,-0.005417,0.034797,-0.000031,-0.005645,-0.037326,-0.000000,-0.001015,1.570127,-0.300000,1.000000,1.100000,0.000000,0.000000,-1.571000,-0.299856,1.005417,1.065203,1.495137
6.594000,-0.000144,-0.005419,0.034797,-0.000031,-0.005645,-0.037326,-0.000000,-0.001015,1.570127,-0.300000,1.000000,1.100000,0.000000,0.000000,-1.571000,-0.299856,1.005419,1.065203,1.495138
6.596000,-0.000144,-0.005421,0.034797,-0.000031,-0.005645,-0.037326,-0.000000,-0.001015,1.570127,-0.300000,1.000000,1.100000,0.000000,0.000000,-1.571000,-0.299856,1.005421,1.065203,1.495139
6.598000,-0.000144,-0.005422,0.034797,-0.000031,-0.005645,-0.037326,-0.000000,-0.001015,1.570127,-0.300000,1.000000,1.100000,0.000000,0.000000,-1.571000,-0.299856,1.005422,1.065203,1.495140
6.600000,-0.000144,-0.005424,0.034797,-0.000031,-0.005645,-0.037326,-0.000000,-0.001015,1.570127,-0.300000,1.000000,1.100000,0.000000,0.000000,-1.571000,-0.299856,1.005424,1.065203,1.495141
6.602000,-0.000144,-0.005426,0.034797,-0.000031,-0.005645,-0.037326,-0.000000,-0.001015,1.570127,-0.300000,1.000000,1.100000,0.000000,0.000000,-1.571000,-0.299856,1.005426,1.065203,1.495143
6.604000,-0.000144,-0.005427,0.034797,-0.000031,-0.005645,-0.037326,-0.000000,-0.001015,1.570127,-0.300000,1.000000,1.100000,0.000000,0.000000,-1.571000,-0.299856,1.005427,1.065203,1.495144
6.606000,-0.000144,-0.005429,0.034797,-0.000031,-0.005645,-0.037326,-0.000000,-0.001015,1.570127,-0.300000,1.000000,1.100000,0.000000,0.000000,-1.571000,-0.299856,1.005429,1.065203,1.495145
6.608000,-0.000144,-0.005431,0.034797,-0.000031,-0.005645,-0.037326,-0.000000,-0.001015,1.570127,-0.300000,1.000000,1.100000,0.000000,0.000000,-1.571000,-0.299856,1.005431,1.065203,1.495146
6.610000,-0.000144,-0.005432,0.034797,-0.000031,-0.005645,-0.037326,-0.000000,-0.001015,1.570127,-0.300000,1.000000,1.100000,0.000000,0.000000,-1.571000,-0.299856,1.005432,1.065203,1.495147
6.612000,-0.000145,-0.005434,0.034797,-0.000031,-0.005645,-0.037326,-0.000000,-0.001015,1.570127,-0.300000,1.000000,1.100000,0.000000,0.000000,-1.571000,-0.299855,1.005434,1.065203,1.495148
6.614000,-0.000145,-0.005436,0.034797,-0.000031,-0.005645,-0.037326,-0.000000,-0.001015,1.570127,-0.300000,1.000000,1.100000,0.000000,0.000000,-1.571000,-0.299855,1.005436,1.065203,1.495149
6.616000,-0.000145,-0.005437,0.034797,-0.000031,-0.005645,-0.037326,-0.000000,-0.001015,1.570127,-0.300000,1.000000,1.100000,0.000000,0.000000,-1.571000,-0.299855,1.005437,1.065203,1.495150
6.618000,-0.000145,-0.005439,0.034797,-0.000031,-0.005645,-0.037326,-0.000000,-0.001015,1.570127,-0.300000,1.000000,1.100000,0.000000,0.000000,-1.571000,-0.299855,1.005439,1.065203,1.495152
6.620000,-0.000145,-0.005441,0.034797,-0.000031,-0.005645,-0.037326,-0.000000,-0.001015,1.570127,-0.300000,1.000000,1.100000,0.000000,0.000000,-1.571000,-0.299855,1.005441,1.065203,1.495153
6.622000,-0.000145,-0.005442,0.034797,-0.000031,-0.005645,-0.037326,-0.000000,-0.001015,1.570127,-0.300000,1.000000,1.100000,0.000000,0.000000,-1.571000,-0.299855,1.005442,1.065203,1.495154
6.624000,-0.000145,-0.005444,0.034797,-0.000031,-0.005645,-0.037326,-0.000000,-0.001015,1.570127,-0.300000,1.000000,1.100000,0.000000,0.000000,-1.571000,-0.299855,1.005444,1.065203,1.495155
6.626000,-0.000145,-0.005446,0.034797,-0.000031,-0.005645,-0.037326,-0.000000,-0.001015,1.570127,-0.300000,1.000000,1.100000,0.000000,0.000000,-1.571000,-0.299855,1.005446,1.065203,1.495156
6.628000,-0.000145,-0.005447,0.034797,-0.000031,-0.005645,-0.037326,-0.000000,-0.001015,1.570128,-0.300000,1.000000,1.100000,0.000000,0.000000,-1.571000,-0.299855,1.005447,1.065203,1.495157
6.630000,-0.000145,-0.005449,0.034797,-0.000031,-0.005645,-0.037326,-0.000000,-0.001015,1.570128,-0.300000,1.000000,1.100000,0.000000,0.000000,-1.571000,-0.299855,1.005449,1.065203,1.495158
6.632000,-0.000145,-0.005451,0.034797,-0.000031,-0.005645,-0.037326,-0.000000,-0.001015,1.570128,-0.300000,1.000000,1.100000,0.000000,0.000000,-1.571000,-0.299855,1.005451,1.065203,1.495159
6.634000,-0.000145,-0.005452,0.034797,-0.000031,-0.005645,-0.037326,-0.000000,-0.001015,1.570128,-0.300000,1.000000,1.100000,0.000000,0.000000,-1.571000,-0.299855,1.005452,1.065203,1.495160
6.636000,-0.000145,-0.005454,0.034797,-0.000031,-0.005645,-0.037326,-0.000000,-0.001015,1.570128,-0.300000,1.000000,1.100000,0.000000,0.000000,-1.571000,-0.299855,1.005454,1.065203,1.495162
6.638000,-0.000145,-0.005456,0.034797,-0.000031,-0.005645,-0.037326,-0.000000,-0.001015,1.570128,-0.300000,1.000000,1.100000,0.000000,0.000000,-1.571000,-0.299855,1.005456,1.065203,1.495163
6.640000,-0.000145,-0.005457,0.034797,-0.000031,-0.005645,-0.037326,-0.000000,-0.001015,1.570128,-0.300000,1.000000,1.100000,0.000000,0.000000,-1.571000,-0.299855,1.005457,1.065203,1.495164
6.642000,-0.000145,-0.005459,0.034797,-0.000031,-0.005645,-0.037326,-0.000000,-0.001015,1.570128,-0.300000,1.000000,1.100000,0.000000,0.000000,-1.571000,-0.299855,1.005459,1.065203,1.495165
6.644000,-0.000145,-0.005461,0.034797,-0.000031,-0.005645,-0.037326,-0.000000,-0.001015,1.570128,-0.300000,1.000000,1.100000,0.000000,0.000000,-1.571000,-0.299855,1.005461,1.065203,1.495166
6.646000,-0.000145,-0.005462,0.034797,-0.000031,-0.005645,-0.037326,-0.000000,-0.001015,1.570128,-0.300000,1.000000,1.100000,0.000000,0.000000,-1.571000,-0.299855,1.005462,1.065203,1.495167
6.648000,-0.000145,-0.005464,0.034797,-0.000031,-0.005645,-0.037326,-0.000000,-0.001015,1.570128,-0.300000,1.000000,1.100000,0.000000,0.000000,-1.571000,-0.299855,1.005464,1.065203,1.495168
6.650000,-0.000145,-0.005466,0.034797,-0.000031,-0.005645,-0.037326,-0.000000,-0.001015,1.570128,-0.300000,1.000000,1.100000,0.000000,0.000000,-1.571000,-0.299855,1.005466,1.065203,1.495169
6.652000,-0.000145,-0.005468,0.034797,-0.000031,-0.005645,-0.037326,-0.000000,-0.001015,1.570128,-0.300000,1.000000,1.100000,0.000000,0.000000,-1.571000,-0.299855,1.005468,1.065203,1.495171
6.654000,-0.000145,-0.005469,0.034797,-0.000031,-0.005645,-0.037326,-0.000000,-0.001015,1.570128,-0.300000,1.000000,1.100000,0.000000,0.000000,-1.571000,-0.299855,1.005469,1.065203,1.495172
6.656000,-0.000146,-0.005471,0.034797,-0.000031,-0.005645,-0.037326,-0.000000,-0.001015,1.570128,-0.300000,1.000000,1.100000,0.000000,0.000000,-1.571000,-0.299854,1.005471,1.065203,1.495173
6.658000,-0.000146,-0.005473,0.034797,-0.000031,-0.005645,-0.037326,-0.000000,-0.001015,1.570128,-0.300000,1.000000,1.100000,0.000000,0.000000,-1.571000,-0.299854,1.005473,1.065203,1.495174
6.660000,-0.000146,-0.005474,0.034797,-0.000031,-0.005645,-0.037326,-0.000000,-0.001015,1.570128,-0.300000,1.000000,1.100000,0.000000,0.000000,-1.571000,-0.299854,1.005474,1.065203,1.495175
6.662000,-0.000146,-0.005476,0.034797,-0.000031,-0.005645,-0.037326,-0.000000,-0.001015,1.570128,-0.300000,1.000000,1.100000,0.000000,0.000000,-1.571000,-0.299854,1.005476,1.065203,1.495176
6.664000,-0.000146,-0.005478,0.034797,-0.000031,-0.005645,-0.037326,-0.000000,-0.001015,1.570128,-0.300000,1.000000,1.100000,0.000000,0.000000,-1.571000,-0.299854,1.005478,1.065203,1.495177
6.666000,-0.000146,-0.005479,0.034797,-0.000031,-0.005645,-0.037326,-0.000000,-0.001015,1.570128,-0.300000,1.000000,1.100000,0.000000,0.000000,-1.571000,-0.299854,1.005479,1.065203,1.495178
6.668000,-0.000146,-0.005481,0.034797,-0.000031,-0.005645,-0.037326,-0.000000,-0.001015,1.570128,-0.300000,1.000000,1.100000,0.000000,0.000000,-1.571000,-0.299854,1.005481,1.065203,1.495179
6.670000,-0.000146,-0.005483,0.034797,-0.000031,-0.005645,-0.037326,-0.000000,-0.001015,1.570128,-0.300000,1.000000,1.100000,0.000000,0.000000,-1.571000,-0.299854,1.005483,1.065203,1.495181
6.672000,-0.000146,-0.005484,0.034797,-0.000031,-0.005645,-0.037326,-0.000000,-0.001015,1.570128,-0.300000,1.000000,1.100000,0.000000,0.000000,-1.571000,-0.299854,1.005484,1.065203,1.495182
6.674000,-0.000146,-0.005486,0.034797,-0.000031,-0.005645,-0.037326,-0.000000,-0.001015,1.570128,-0.300000,1.000000,1.100000,0.000000,0.000000,-1.571000,-0.299854,1.005486,1.065203,1.495183
6.676000,-0.000146,-0.005488,0.034797,-0.000031,-0.005645,-0.037326,-0.000000,-0.001015,1.570128,-0.300000,1.000000,1.100000,0.000000,0.000000,-1.571000,-0.299854,1.005488,1.065203,1.495184
6.678000,-0.000146,-0.005489,0.034797,-0.000031,-0.005645,-0.037326,-0.000000,-0.001015,1.570129,-0.300000,1.000000,1.100000,0.000000,0.000000,-1.571000,-0.299854,1.005489,1.065203,1.495185
6.680000,-0.000146,-0.005491,0.034797,-0.000031,-0.005645,-0.037326,-0.000000,-0.001015,1.570129,-0.300000,1.000000,1.100000,0.000000,0.000000,-1.571000,-0.299854,1.005491,1.065203,1.495186
6.682000,-0.000146,-0.005493,0.034797,-0.000031,-0.005645,-0.037326,-0.000000,-0.001015,1.570129,-0.300000,1.000000,1.100000,0.000000,0.000000,-1.571000,-0.299854,1.005493,1.065203,1.495187
6.684000,-0.000146,-0.005494,0.034797,-0.000031,-0.005645,-0.037326,-0.000000,-0.001015,1.570129,-0.300000,1.000000,1.100000,0.000000,0.000000,-1.571000,-0.299854,1.005494,1.065203,1.495188
6.686000,-0.000146,-0.005496,0.034797,-0.000031,-0.005645,-0.037326,-0.000000,-0.001015,1.570129,-0.300000,1.000000,1.100000,0.000000,0.000000,-1.571000,-0.299854,1.005496,1.065203,1.495190
6.688000,-0.000146,-0.005498,0.034797,-0.000031,-0.005645,-0.037326,-0.000000,-0.001015,1.570129,-0.300000,1.000000,1.100000,0.000000,0.000000,-1.571000,-0.299854,1.005498,1.065203,1.495191
6.690000,-0.000146,-0.005499,0.034797,-0.000031,-0.005645,-0.037326,-0.000000,-0.001015,1.570129,-0.300000,1.000000,1.100000,0.000000,0.000000,-1.571000,-0.299854,1.005499,1.065203,1.495192
6.692000,-0.000146,-0.005501,0.034797,-0.000031,-0.005645,-0.037326,-0.000000,-0.001015,1.570129,-0.300000,1.000000,1.100000,0.000000,0.000000,-1.571000,-0.299854,1.005501,1.065203,1.495193
6.694000,-0.000146,-0.005503,0.034797,-0.000031,-0.005645,-0.037326,-0.000000,-0.001015,1.570129,-0.300000,1.000000,1.100000,0.000000,0.000000,-1.571000,-0.299854,1.005503,1.065203,1.495194
6.696000,-0.000146,-0.005504,0.034797,-0.000031,-0.005645,-0.037326,-0.000000,-0.001015,1.570129,-0.300000,1.000000,1.100000,0.000000,0.000000,-1.571000,-0.299854,1.005504,1.065203,1.495195
6.698000,-0.000146,-0.005506,0.034797,-0.000031,-0.005645,-0.037326,-0.000000,-0.001015,1.570129,-0.300000,1.000000,1.100000,0.000000,0.000000,-1.571000,-0.299854,1.005506,1.065203,1.495196
6.700000,-0.000147,-0.005508,0.034797,-0.000031,-0.005645,-0.037326,-0.000000,-0.001015,1.570129,-0.300000,1.000000,1.100000,0.000000,0.000000,-1.571000,-0.299853,1.005508,1.065203,1.495197
6.702000,-0.000147,-0.005509,0.034797,-0.000031,-0.005645,-0.037326,-0.000000,-0.001015,1.570129,-0.300000,1.000000,1.100000,0.000000,0.000000,-1.571000,-0.299853,1.005509,1.065203,1.495198
6.704000,-0.000147,-0.005511,0.034797,-0.000031,-0.005645,-0.037326,-0.000000,-0.001015,1.570129,-0.300000,1.000000,1.100000,0.000000,0.000000,-1.571000,-0.299853,1.005511,1.065203,1.495200
6.706000,-0.000147,-0.005513,0.034797,-0.000031,-0.005645,-0.037326,-0.000000,-0.001015,1.570129,-0.300000,1.000000,1.100000,0.000000,0.000000,-1.571000,-0.299853,1.005513,1.065203,1.495201
6.708000,-0.000147,-0.005514,0.034797,-0.000031,-0.005645,-0.037326,-0.000000,-0.001015,1.570129,-0.300000,1.000000,1.100000,0.000000,0.000000,-1.571000,-0.299853,1.005514,1.065203,1.495202
6.710000,-0.000147,-0.005516,0.034797,-0.000031,-0.005645,-0.037326,-0.000000,-0.001015,1.570129,-0.300000,1.000000,1.100000,0.000000,0.000000,-1.571000,-0.299853,1.005516,1.065203,1.495203
6.712000,-0.000147,-0.005518,0.034797,-0.000031,-0.005645,-0.037326,-0.000000,-0.001015,1.570129,-0.300000,1.000000,1.100000,0.000000,0.000000,-1.571000,-0.299853,1.005518,1.065203,1.495204
6.714000,-0.000147,-0.005519,0.034797,-0.000031,-0.005645,-0.037326,-0.000000,-0.001015,1.570129,-0.300000,1.000000,1.100000,0.000000,0.000000,-1.571000,-0.299853,1.005519,1.065203,1.495205
6.716000,-0.000147,-0.005521,0.034797,-0.000031,-0.005645,-0.037326,-0.000000,-0.001015,1.570129,-0.300000,1.000000,1.100000,0.000000,0.000000,-1.571000,-0.299853,1.005521,1.065203,1.495206
6.718000,-0.000147,-0.005523,0.034797,-0.000031,-0.005645,-0.037326,-0.000000,-0.001015,1.570129,-0.300000,1.000000,1.100000,0.000000,0.000000,-1.571000,-0.299853,1.005523,1.065203,1.495207
6.720000,-0.000147,-0.005524,0.034797,-0.000031,-0.005645,-0.037326,-0.000000,-0.001015,1.570129,-0.300000,1.000000,1.100000,0.000000,0.000000,-1.571000,-0.299853,1.005524,1.065203,1.495208
6.722000,-0.000147,-0.005526,0.034797,-0.000031,-0.005645,-0.037326,-0.000000,-0.001015,1.570129,-0.300000,1.000000,1.100000,0.000000,0.000000,-1.571000,-0.299853,1.005526,1.065203,1.495210
6.724000,-0.000147,-0.005528,0.034797,-0.000031,-0.005645,-0.037326,-0.000000,-0.001015,1.570129,-0.300000,1.000000,1.100000,0.000000,0.000000,-1.571000,-0.299853,1.005528,1.065203,1.495211
6.726000,-0.000147,-0.005529,0.034797,-0.000031,-0.005645,-0.037326,-0.000000,-0.001015,1.570129,-0.300000,1.000000,1.100000,0.000000,0.000000,-1.571000,-0.299853,1.005529,1.065203,1.495212
6.728000,-0.000147,-0.005531,0.034797,-0.000031,-0.005645,-0.037326,-0.000000,-0.001015,1.570130,-0.300000,1.000000,1.100000,0.000000,0.000000,-1.571000,-0.299853,1.005531,1.065203,1.495213
6.730000,-0.000147,-0.005533,0.034797,-0.000031,-0.005645,-0.037326,-0.000000,-0.001015,1.570130,-0.300000,1.000000,1.100000,0.000000,0.000000,-1.571000,-0.299853,1.005533,1.065203,1.495214
6.732000,-0.000147,-0.005534,0.034797,-0.000031,-0.005645,-0.037326,-0.000000,-0.001015,1.570130,-0.300000,1.000000,1.100000,0.000000,0.000000,-1.571000,-0.299853,1.005534,1.065203,1.495215
6.734000,-0.000147,-0.005536,0.034797,-0.000031,-0.005645,-0.037326,-0.000000,-0.001015,1.570130,-0.300000,1.000000,1.100000,0.000000,0.000000,-1.571000,-0.299853,1.005536,1.065203,1.495216
6.736000,-0.000147,-0.005538,0.034797,-0.000031,-0.005645,-0.037326,-0.000000,-0.001015,1.570130,-0.300000,1.000000,1.100000,0.000000,0.000000,-1.571000,-0.299853,1.005538,1.065203,1.495217
6.738000,-0.000147,-0.005540,0.034797,-0.000031,-0.005645,-0.037326,-0.000000,-0.001015,1.570130,-0.300000,1.000000,1.100000,0.000000,0.000000,-1.571000,-0.299853,1.005540,1.065203,1.495219
6.740000,-0.000147,-0.005541,0.034797,-0.000031,-0.005645,-0.037326,-0.000000,-0.001015,1.570130,-0.300000,1.000000,1.100000,0.000000,0.000000,-1.571000,-0.299853,1.005541,1.065203,1.495220
6.742000,-0.000147,-0.005543,0.034797,-0.000031,-0.005645,-0.037326,-0.000000,-0.001015,1.570130,-0.300000,1.000000,1.100000,0.000000,0.000000,-1.571000,-0.299853,1.005543,1.065203,1.495221
6.744000,-0.000148,-0.005545,0.034797,-0.000031,-0.005645,-0.037326,-0.000000,-0.001015,1.570130,-0.300000,1.000000,1.100000,0.000000,0.000000,-1.571000,-0.299852,1.005545,1.065203,1.495222
6.746000,-0.000148,-0.005546,0.034797,-0.000031,-0.005645,-0.037326,-0.000000,-0.001015,1.570130,-0.300000,1.000000,1.100000,0.000000,0.000000,-1.571000,-0.299852,1.005546,1.065203,1.495223
6.748000,-0.000148,-0.005548,0.034797,-0.000031,-0.005645,-0.037326,-0.000000,-0.001015,1.570130,-0.300000,1.000000,1.100000,0.000000,0.000000,-1.571000,-0.299852,1.005548,1.065203,1.495224
6.750000,-0.000148,-0.005550,0.034797,-0.000031,-0.005645,-0.037326,-0.000000,-0.001015,1.570130,-0.300000,1.000000,1.100000,0.000000,0.000000,-1.571000,-0.299852,1.005550,1.065203,1.495225
6.752000,-0.000148,-0.005551,0.034797,-0.000031,-0.005645,-0.037326,-0.000000,-0.001015,1.570130,-0.300000,1.000000,1.100000,0.000000,0.000000,-1.571000,-0.299852,1.005551,1.065203,1.495226
6.754000,-0.000148,-0.005553,0.034797,-0.000031,-0.005645,-0.037326,-0.000000,-0.001015,1.570130,-0.300000,1.000000,1.100000,0.000000,0.000000,-1.571000,-0.299852,1.005553,1.065203,1.495227
6.756000,-0.000148,-0.005555,0.034797,-0.000031,-0.005645,-0.037326,-0.000000,-0.001015,1.570130,-0.300000,1.000000,1.100000,0.000000,0.000000,-1.571000,-0.299852,1.005555,1.065203,1.495229
6.758000,-0.000148,-0.005556,0.034797,-0.000031,-0.005645,-0.037326,-0.000000,-0.001015,1.570130,-0.300000,1.000000,1.100000,0.000000,0.000000,-1.571000,-0.299852,1.005556,1.065203,1.495230
6.760000,-0.000148,-0.005558,0.034797,-0.000031,-0.005645,-0.037326,-0.000000,-0.001015,1.570130,-0.300000,1.000000,1.100000,0.000000,0.000000,-1.571000,-0.299852,1.005558,1.065203,1.495231
6.762000,-0.000148,-0.005560,0.034797,-0.000031,-0.005645,-0.037326,-0.000000,-0.001015,1.570130,-0.300000,1.000000,1.100000,0.000000,0.000000,-1.571000,-0.299852,1.005560,1.065203,1.495232
6.764000,-0.000148,-0.005561,0.034797,-0.000031,-0.005645,-0.037326,-0.000000,-0.001015,1.570130,-0.300000,1.000000,1.100000,0.000000,0.000000,-1.571000,-0.299852,1.005561,1.065203,1.495233
6.766000,-0.000148,-0.005563,0.034797,-0.000031,-0.005645,-0.037326,-0.000000,-0.001015,1.570130,-0.300000,1.000000,1.100000,0.000000,0.000000,-1.571000,-0.299852,1.005563,1.065203,1.495234
6.768000,-0.000148,-0.005565,0.034797,-0.000031,-0.005645,-0.037326,-0.000000,-0.001015,1.570130,-0.300000,1.000000,1.100000,0.000000,0.000000,-1.571000,-0.299852,1.005565,1.065203,1.495235
6.770000,-0.000148,-0.005566,0.034797,-0.000031,-0.005645,-0.037326,-0.000000,-0.001015,1.570130,-0.300000,1.000000,1.100000,0.000000,0.000000,-1.571000,-0.299852,1.005566,1.065203,1.495236
6.772000,-0.000148,-0.005568,0.034797,-0.000031,-0.005645,-0.037326,-0.000000,-0.001015,1.570130,-0.300000,1.000000,1.100000,0.000000,0.000000,-1.571000,-0.299852,1.005568,1.065203,1.495238
6.774000,-0.000148,-0.005570,0.034797,-0.000031,-0.005645,-0.037326,-0.000000,-0.001015,1.570130,-0.300000,1.000000,1.100000,0.000000,0.000000,-1.571000,-0.299852,1.005570,1.065203,1.495239
6.776000,-0.000148,-0.005571,0.034797,-0.000031,-0.005645,-0.037326,-0.000000,-0.001015,1.570130,-0.300000,1.000000,1.100000,0.000000,0.000000,-1.571000,-0.299852,1.005571,1.065203,1.495240
6.778000,-0.000148,-0.005573,0.034797,-0.000031,-0.005645,-0.037326,-0.000000,-0.001015,1.570130,-0.300000,1.000000,1.100000,0.000000,0.000000,-1.571000,-0.299852,1.005573,1.065203,1.495241
6.780000,-0.000148,-0.005575,0.034797,-0.000031,-0.005645,-0.037326,-0.000000,-0.001015,1.570131,-0.300000,1.000000,1.100000,0.000000,0.000000,-1.571000,-0.299852,1.005575,1.065203,1.495242
6.782000,-0.000148,-0.005576,0.034797,-0.000031,-0.005645,-0.037326,-0.000000,-0.001015,1.570131,-0.300000,1.000000,1.100000,0.000000,0.000000,-1.571000,-0.299852,1.005576,1.065203,1.495243
6.784000,-0.000148,-0.005578,0.034797,-0.000031,-0.005645,-0.037326,-0.000000,-0.001015,1.570131,-0.300000,1.000000,1.100000,0.000000,0.000000,-1.571000,-0.299852,1.005578,1.065203,1.495244
6.786000,-0.000148,-0.005580,0.034797,-0.000031,-0.005645,-0.037326,-0.000000,-0.001015,1.570131,-0.300000,1.000000,1.100000,0.000000,0.000000,-1.571000,-0.299852,1.005580,1.065203,1.495245
6.788000,-0.000148,-0.005581,0.034797,-0.000031,-0.005645,-0.037326,-0.000000,-0.001015,1.570131,-0.300000,1.000000,1.100000,0.000000,0.000000,-1.571000,-0.299852,1.005581,1.065203,1.495246
6.790000,-0.000149,-0.005583,0.034797,-0.000031,-0.005645,-0.037326,-0.000000,-0.001015,1.570131,-0.300000,1.000000,1.100000,0.000000,0.000000,-1.571000,-0.299851,1.005583,1.065203,1.495248
6.792000,-0.000149,-0.005585,0.034797,-0.000031,-0.005645,-0.037326,-0.000000,-0.001015,1.570131,-0.300000,1.000000,1.100000,0.000000,0.000000,-1.571000,-0.299851,1.005585,1.065203,1.495249
6.794000,-0.000149,-0.005586,0.034797,-0.000031,-0.005645,-0.037326,-0.000000,-0.001015,1.570131,-0.300000,1.000000,1.100000,0.000000,0.000000,-1.571000,-0.299851,1.005586,1.065203,1.495250
6.796000,-0.000149,-0.005588,0.034797,-0.000031,-0.005645,-0.037326,-0.000000,-0.001015,1.570131,-0.300000,1.000000,1.100000,0.000000,0.000000,-1.571000,-0.299851,1.005588,1.065203,1.495251
6.798000,-0.000149,-0.005590,0.034797,-0.000031,-0.005645,-0.037326,-0.000000,-0.001015,1.570131,-0.300000,1.000000,1.100000,0.000000,0.000000,-1.571000,-0.299851,1.005590,1.065203,1.495252
6.800000,-0.000149,-0.005591,0.034797,-0.000031,-0.005645,-0.037326,-0.000000,-0.001015,1.570131,-0.300000,1.000000,1.100000,0.000000,0.000000,-1.571000,-0.299851,1.005591,1.065203,1.495253
6.802000,-0.000149,-0.005593,0.034797,-0.000031,-0.005645,-0.037326,-0.000000,-0.001015,1.570131,-0.300000,1.000000,1.100000,0.000000,0.000000,-1.571000,-0.299851,1.005593,1.065203,1.495254
6.804000,-0.000149,-0.005595,0.034797,-0.000031,-0.005645,-0.037326,-0.000000,-0.001015,1.570131,-0.300000,1.000000,1.100000,0.000000,0.000000,-1.571000,-0.299851,1.005595,1.065203,1.495255
6.806000,-0.000149,-0.005596,0.034797,-0.000031,-0.005645,-0.037326,-0.000000,-0.001015,1.570131,-0.300000,1.000000,1.100000,0.000000,0.000000,-1.571000,-0.299851,1.005596,1.065203,1.495257
6.808000,-0.000149,-0.005598,0.034797,-0.000031,-0.005645,-0.037326,-0.000000,-0.001015,1.570131,-0.300000,1.000000,1.100000,0.000000,0.000000,-1.571000,-0.299851,1.005598,1.065203,1.495258
6.810000,-0.000149,-0.005600,0.034797,-0.000031,-0.005645,-0.037326,-0.000000,-0.001015,1.570131,-0.300000,1.000000,1.100000,0.000000,0.000000,-1.571000,-0.299851,1.005600,1.065203,1.495259
6.812000,-0.000149,-0.005601,0.034797,-0.000031,-0.005645,-0.037326,-0.000000,-0.001015,1.570131,-0.300000,1.000000,1.100000,0.000000,0.000000,-1.571000,-0.299851,1.005601,1.065203,1.495260
6.814000,-0.000149,-0.005603,0.034797,-0.000031,-0.005645,-0.037326,-0.000000,-0.001015,1.570131,-0.300000,1.000000,1.100000,0.000000,0.000000,-1.571000,-0.299851,1.005603,1.065203,1.495261
6.816000,-0.000149,-0.005605,0.034797,-0.000031,-0.005645,-0.037326,-0.000000,-0.001015,1.570131,-0.300000,1.000000,1.100000,0.000000,0.000000,-1.571000,-0.299851,1.005605,1.065203,1.495262
6.818000,-0.000149,-0.005607,0.034797,-0.000031,-0.005645,-0.037326,-0.000000,-0.001015,1.570131,-0.300000,1.000000,1.100000,0.000000,0.000000,-1.571000,-0.299851,1.005607,1.065203,1.495263
6.820000,-0.000149,-0.005608,0.034797,-0.000031,-0.005645,-0.037326,-0.000000,-0.001015,1.570131,-0.300000,1.000000,1.100000,0.000000,0.000000,-1.571000,-0.299851,1.005608,1.065203,1.495264
6.822000,-0.000149,-0.005610,0.034797,-0.000031,-0.005645,-0.037326,-0.000000,-0.001015,1.570131,-0.300000,1.000000,1.100000,0.000000,0.000000,-1.571000,-0.299851,1.005610,1.065203,1.495265
6.824000,-0.000149,-0.005612,0.034797,-0.000031,-0.005645,-0.037326,-0.000000,-0.001015,1.570131,-0.300000,1.000000,1.100000,0.000000,0.000000,-1.571000,-0.299851,1.005612,1.065203,1.495267
6.826000,-0.000149,-0.005613,0.034797,-0.000031,-0.005645,-0.037326,-0.000000,-0.001015,1.570131,-0.300000,1.000000,1.100000,0.000000,0.000000,-1.571000,-0.299851,1.005613,1.065203,1.495268
6.828000,-0.000149,-0.005615,0.034797,-0.000031,-0.005645,-0.037326,-0.000000,-0.001015,1.570131,-0.300000,1.000000,1.100000,0.000000,0.000000,-1.571000,-0.299851,1.005615,1.065203,1.495269
6.830000,-0.000149,-0.005617,0.034797,-0.000031,-0.005645,-0.037326,-0.000000,-0.001015,1.570132,-0.300000,1.000000,1.100000,0.000000,0.000000,-1.571000,-0.299851,1.005617,1.065203,1.495270
6.832000,-0.000149,-0.005618,0.034797,-0.000031,-0.005645,-0.037326,-0.000000,-0.001015,1.570132,-0.300000,1.000000,1.100000,0.000000,0.000000,-1.571000,-0.299851,1.005618,1.065203,1.495271
6.834000,-0.000150,-0.005620,0.034797,-0.000031,-0.005645,-0.037326,-0.000000,-0.001015,1.570132,-0.300000,1.000000,1.100000,0.000000,0.000000,-1.571000,-0.299850,1.005620,1.065203,1.495272
6.836000,-0.000150,-0.005622,0.034797,-0.000031,-0.005645,-0.037326,-0.000000,-0.001015,1.570132,-0.300000,1.000000,1.100000,0.000000,0.000000,-1.571000,-0.299850,1.005622,1.065203,1.495273
6.838000,-0.000150,-0.005623,0.034797,-0.000031,-0.005645,-0.037326,-0.000000,-0.001015,1.570132,-0.300000,1.000000,1.100000,0.000000,0.000000,-1.571000,-0.299850,1.005623,1.065203,1.495274
6.840000,-0.000150,-0.005625,0.034797,-0.000031,-0.005645,-0.037326,-0.000000,-0.001015,1.570132,-0.300000,1.000000,1.100000,0.000000,0.000000,-1.571000,-0.299850,1.005625,1.065203,1.495276
6.842000,-0.000150,-0.005627,0.034797,-0.000031,-0.005645,-0.037326,-0.000000,-0.001015,1.570132,-0.300000,1.000000,1.100000,0.000000,0.000000,-1.571000,-0.299850,1.005627,1.065203,1.495277
6.844000,-0.000150,-0.005628,0.034797,-0.000031,-0.005645,-0.037326,-0.000000,-0.001015,1.570132,-0.300000,1.000000,1.100000,0.000000,0.000000,-1.571000,-0.299850,1.005628,1.065203,1.495278
6.846000,-0.000150,-0.005630,0.034797,-0.000031,-0.005645,-0.037326,-0.000000,-0.001015,1.570132,-0.300000,1.000000,1.100000,0.000000,0.000000,-1.571000,-0.299850,1.005630,1.065203,1.495279
6.848000,-0.000150,-0.005632,0.034797,-0.000031,-0.005645,-0.037326,-0.000000,-0.001015,1.570132,-0.300000,1.000000,1.100000,0.000000,0.000000,-1.571000,-0.299850,1.005632,1.065203,1.495280
6.850000,-0.000150,-0.005633,0.034797,-0.000031,-0.005645,-0.037326,-0.000000,-0.001015,1.570132,-0.300000,1.000000,1.100000,0.000000,0.000000,-1.571000,-0.299850,1.005633,1.065203,1.495281
6.852000,-0.000150,-0.005635,0.034797,-0.000031,-0.005645,-0.037326,-0.000000,-0.001015,1.570132,-0.300000,1.000000,1.100000,0.000000,0.000000,-1.571000,-0.299850,1.005635,1.065203,1.495282
6.854000,-0.000150,-0.005637,0.034797,-0.000031,-0.005645,-0.037326,-0.000000,-0.001015,1.570132,-0.300000,1.000000,1.100000,0.000000,0.000000,-1.571000,-0.299850,1.005637,1.065203,1.495283
6.856000,-0.000150,-0.005638,0.034797,-0.000031,-0.005645,-0.037326,-0.000000,-0.001015,1.570132,-0.300000,1.000000,1.100000,0.000000,0.000000,-1.571000,-0.299850,1.005638,1.065203,1.495284
6.858000,-0.000150,-0.005640,0.034797,-0.000031,-0.005645,-0.037326,-0.000000,-0.001015,1.570132,-0.300000,1.000000,1.100000,0.000000,0.000000,-1.571000,-0.299850,1.005640,1.065203,1.495286
6.860000,-0.000150,-0.005642,0.034797,-0.000031,-0.005645,-0.037326,-0.000000,-0.001015,1.570132,-0.300000,1.000000,1.100000,0.000000,0.000000,-1.571000,-0.299850,1.005642,1.065203,1.495287
6.862000,-0.000150,-0.005643,0.034797,-0.000031,-0.005645,-0.037326,-0.000000,-0.001015,1.570132,-0.300000,1.000000,1.100000,0.000000,0.000000,-1.571000,-0.299850,1.005643,1.065203,1.495288
6.864000,-0.000150,-0.005645,0.034797,-0.000031,-0.005645,-0.037326,-0.000000,-0.001015,1.570132,-0.300000,1.000000,1.100000,0.000000,0.000000,-1.571000,-0.299850,1.005645,1.065203,1.495289
6.866000,-0.000150,-0.005647,0.034797,-0.000031,-0.005645,-0.037326,-0.000000,-0.001015,1.570132,-0.300000,1.000000,1.100000,0.000000,0.000000,-1.571000,-0.299850,1.005647,1.065203,1.495290
6.868000,-0.000150,-0.005648,0.034797,-0.000031,-0.005645,-0.037326,-0.000000,-0.001015,1.570132,-0.300000,1.000000,1.100000,0.000000,0.000000,-1.571000,-0.299850,1.005648,1.065203,1.495291
6.870000,-0.000150,-0.005650,0.034797,-0.000031,-0.005645,-0.037326,-0.000000,-0.001015,1.570132,-0.300000,1.000000,1.100000,0.000000,0.000000,-1.571000,-0.299850,1.005650,1.065203,1.495292
6.872000,-0.000150,-0.005652,0.034797,-0.000031,-0.005645,-0.037326,-0.000000,-0.001015,1.570132,-0.300000,1.000000,1.100000,0.000000,0.000000,-1.571000,-0.299850,1.005652,1.065203,1.495293
6.874000,-0.000150,-0.005653,0.034797,-0.000031,-0.005645,-0.037326,-0.000000,-0.001015,1.570132,-0.300000,1.000000,1.100000,0.000000,0.000000,-1.571000,-0.299850,1.005653,1.065203,1.495295
6.876000,-0.000150,-0.005655,0.034797,-0.000031,-0.005645,-0.037326,-0.000000,-0.001015,1.570132,-0.300000,1.000000,1.100000,0.000000,0.000000,-1.571000,-0.299850,1.005655,1.065203,1.495296
6.878000,-0.000151,-0.005657,0.034797,-0.000031,-0.005645,-0.037326,-0.000000,-0.001015,1.570132,-0.300000,1.000000,1.100000,0.000000,0.000000,-1.571000,-0.299849,1.005657,1.065203,1.495297
6.880000,-0.000151,-0.005658,0.034797,-0.000031,-0.005645,-0.037326,-0.000000,-0.001015,1.570132,-0.300000,1.000000,1.100000,0.000000,0.000000,-1.571000,-0.299849,1.005658,1.065203,1.495298
6.882000,-0.000151,-0.005660,0.034797,-0.000031,-0.005645,-0.037326,-0.000000,-0.001015,1.570133,-0.300000,1.000000,1.100000,0.000000,0.000000,-1.571000,-0.299849,1.005660,1.065203,1.495299
6.884000,-0.000151,-0.005662,0.034797,-0.000031,-0.005645,-0.037326,-0.000000,-0.001015,1.570133,-0.300000,1.000000,1.100000,0.000000,0.000000,-1.571000,-0.299849,1.005662,1.065203,1.495300
6.886000,-0.000151,-0.005663,0.034797,-0.000031,-0.005645,-0.037326,-0.000000,-0.001015,1.570133,-0.300000,1.000000,1.100000,0.000000,0.000000,-1.571000,-0.299849,1.005663,1.065203,1.495301
6.888000,-0.000151,-0.005665,0.034797,-0.000031,-0.005645,-0.037326,-0.000000,-0.001015,1.570133,-0.300000,1.000000,1.100000,0.000000,0.000000,-1.571000,-0.299849,1.005665,1.065203,1.495302
6.890000,-0.000151,-0.005667,0.034797,-0.000031,-0.005645,-0.037326,-0.000000,-0.001015,1.570133,-0.300000,1.000000,1.100000,0.000000,0.000000,-1.571000,-0.299849,1.005667,1.065203,1.495303
6.892000,-0.000151,-0.005668,0.034797,-0.000031,-0.005645,-0.037326,-0.000000,-0.001015,1.570133,-0.300000,1.000000,1.100000,0.000000,0.000000,-1.571000,-0.299849,1.005668,1.065203,1.495305
6.894000,-0.000151,-0.005670,0.034797,-0.000031,-0.005645,-0.037326,-0.000000,-0.001015,1.570133,-0.300000,1.000000,1.100000,0.000000,0.000000,-1.571000,-0.299849,1.005670,1.065203,1.495306
6.896000,-0.000151,-0.005672,0.034797,-0.000031,-0.005645,-0.037326,-0.000000,-0.001015,1.570133,-0.300000,1.000000,1.100000,0.000000,0.000000,-1.571000,-0.299849,1.005672,1.065203,1.495307
6.898000,-0.000151,-0.005673,0.034797,-0.000031,-0.005645,-0.037326,-0.000000,-0.001015,1.570133,-0.300000,1.000000,1.100000,0.000000,0.000000,-1.571000,-0.299849,1.005673,1.065203,1.495308
6.900000,-0.000151,-0.005675,0.034797,-0.000031,-0.005645,-0.037326,-0.000000,-0.001015,1.570133,-0.300000,1.000000,1.100000,0.000000,0.000000,-1.571000,-0.299849,1.005675,1.065203,1.495309
6.902000,-0.000151,-0.005677,0.034797,-0.000031,-0.005645,-0.037326,-0.000000,-0.001015,1.570133,-0.300000,1.000000,1.100000,0.000000,0.000000,-1.571000,-0.299849,1.005677,1.065203,1.495310
6.904000,-0.000151,-0.005679,0.034797,-0.000031,-0.005645,-0.037326,-0.000000,-0.001015,1.570133,-0.300000,1.000000,1.100000,0.000000,0.000000,-1.571000,-0.299849,1.005679,1.065203,1.495311
6.906000,-0.000151,-0.005680,0.034797,-0.000031,-0.005645,-0.037326,-0.000000,-0.001015,1.570133,-0.300000,1.000000,1.100000,0.000000,0.000000,-1.571000,-0.299849,1.005680,1.065203,1.495312
6.908000,-0.000151,-0.005682,0.034797,-0.000031,-0.005645,-0.037326,-0.000000,-0.001015,1.570133,-0.300000,1.000000,1.100000,0.000000,0.000000,-1.571000,-0.299849,1.005682,1.065203,1.495314
6.910000,-0.000151,-0.005684,0.034797,-0.000031,-0.005645,-0.037326,-0.000000,-0.001015,1.570133,-0.300000,1.000000,1.100000,0.000000,0.000000,-1.571000,-0.299849,1.005684,1.065203,1.495315
6.912000,-0.000151,-0.005685,0.034797,-0.000031,-0.005645,-0.037326,-0.000000,-0.001015,1.570133,-0.300000,1.000000,1.100000,0.000000,0.000000,-1.571000,-0.299849,1.005685,1.065203,1.495316
6.914000,-0.000151,-0.005687,0.034797,-0.000031,-0.005645,-0.037326,-0.000000,-0.001015,1.570133,-0.300000,1.000000,1.100000,0.000000,0.000000,-1.571000,-0.299849,1.005687,1.065203,1.495317
6.916000,-0.000151,-0.005689,0.034797,-0.000031,-0.005645,-0.037326,-0.000000,-0.001015,1.570133,-0.300000,1.000000,1.100000,0.000000,0.000000,-1.571000,-0.299849,1.005689,1.065203,1.495318
6.918000,-0.000151,-0.005690,0.034797,-0.000031,-0.005645,-0.037326,-0.000000,-0.001015,1.570133,-0.300000,1.000000,1.100000,0.000000,0.000000,-1.571000,-0.299849,1.005690,1.065203,1.495319
6.920000,-0.000151,-0.005692,0.034797,-0.000031,-0.005645,-0.037326,-0.000000,-0.001015,1.570133,-0.300000,1.000000,1.100000,0.000000,0.000000,-1.571000,-0.299849,1.005692,1.065203,1.495320
6.922000,-0.000152,-0.005694,0.034797,-0.000031,-0.005645,-0.037326,-0.000000,-0.001015,1.570133,-0.300000,1.000000,1.100000,0.000000,0.000000,-1.571000,-0.299848,1.005694,1.065203,1.495321
6.924000,-0.000152,-0.005695,0.034797,-0.000031,-0.005645,-0.037326,-0.000000,-0.001015,1.570133,-0.300000,1.000000,1.100000,0.000000,0.000000,-1.571000,-0.299848,1.005695,1.065203,1.495322
6.926000,-0.000152,-0.005697,0.034797,-0.000031,-0.005645,-0.037326,-0.000000,-0.001015,1.570133,-0.300000,1.000000,1.100000,0.000000,0.000000,-1.571000,-0.299848,1.005697,1.065203,1.495324
6.928000,-0.000152,-0.005699,0.034797,-0.000031,-0.005645,-0.037326,-0.000000,-0.001015,1.570133,-0.300000,1.000000,1.100000,0.000000,0.000000,-1.571000,-0.299848,1.005699,1.065203,1.495325
6.930000,-0.000152,-0.005700,0.034797,-0.000031,-0.005645,-0.037326,-0.000000,-0.001015,1.570133,-0.300000,1.000000,1.100000,0.000000,0.000000,-1.571000,-0.299848,1.005700,1.065203,1.495326
6.932000,-0.000152,-0.005702,0.034797,-0.000031,-0.005645,-0.037326,-0.000000,-0.001015,1.570134,-0.300000,1.000000,1.100000,0.000000,0.000000,-1.571000,-0.299848,1.005702,1.065203,1.495327
6.934000,-0.000152,-0.005704,0.034797,-0.000031,-0.005645,-0.037326,-0.000000,-0.001015,1.570134,-0.300000,1.000000,1.100000,0.000000,0.000000,-1.571000,-0.299848,1.005704,1.065203,1.495328
6.936000,-0.000152,-0.005705,0.034797,-0.000031,-0.005645,-0.037326,-0.000000,-0.001015,1.570134,-0.300000,1.000000,1.100000,0.000000,0.000000,-1.571000,-0.299848,1.005705,1.065203,1.495329
6.938000,-0.000152,-0.005707,0.034797,-0.000031,-0.005645,-0.037326,-0.000000,-0.001015,1.570134,-0.300000,1.000000,1.100000,0.000000,0.000000,-1.571000,-0.299848,1.005707,1.065203,1.495330
6.940000,-0.000152,-0.005709,0.034797,-0.000031,-0.005645,-0.037326,-0.000000,-0.001015,1.570134,-0.300000,1.000000,1.100000,0.000000,0.000000,-1.571000,-0.299848,1.005709,1.065203,1.495331
6.942000,-0.000152,-0.005710,0.034797,-0.000031,-0.005645,-0.037326,-0.000000,-0.001015,1.570134,-0.300000,1.000000,1.100000,0.000000,0.000000,-1.571000,-0.299848,1.005710,1.065203,1.495333
6.944000,-0.000152,-0.005712,0.034797,-0.000031,-0.005645,-0.037326,-0.000000,-0.001015,1.570134,-0.300000,1.000000,1.100000,0.000000,0.000000,-1.571000,-0.299848,1.005712,1.065203,1.495334
6.946000,-0.000152,-0.005714,0.034797,-0.000031,-0.005645,-0.037326,-0.000000,-0.001015,1.570134,-0.300000,1.000000,1.100000,0.000000,0.000000,-1.571000,-0.299848,1.005714,1.065203,1.495335
6.948000,-0.000152,-0.005715,0.034797,-0.000031,-0.005645,-0.037326,-0.000000,-0.001015,1.570134,-0.300000,1.000000,1.100000,0.000000,0.000000,-1.571000,-0.299848,1.005715,1.065203,1.495336
6.950000,-0.000152,-0.005717,0.034797,-0.000031,-0.005645,-0.037326,-0.000000,-0.001015,1.570134,-0.300000,1.000000,1.100000,0.000000,0.000000,-1.571000,-0.299848,1.005717,1.065203,1.495337
6.952000,-0.000152,-0.005719,0.034797,-0.000031,-0.005645,-0.037326,-0.000000,-0.001015,1.570134,-0.300000,1.000000,1.100000,0.000000,0.000000,-1.571000,-0.299848,1.005719,1.065203,1.495338
6.954000,-0.000152,-0.005720,0.034797,-0.000031,-0.005645,-0.037326,-0.000000,-0.001015,1.570134,-0.300000,1.000000,1.100000,0.000000,0.000000,-1.571000,-0.299848,1.005720,1.065203,1.495339
6.956000,-0.000152,-0.005722,0.034797,-0.000031,-0.005645,-0.037326,-0.000000,-0.001015,1.570134,-0.300000,1.000000,1.100000,0.000000,0.000000,-1.571000,-0.299848,1.005722,1.065203,1.495340
6.958000,-0.000152,-0.005724,0.034797,-0.000031,-0.005645,-0.037326,-0.000000,-0.001015,1.570134,-0.300000,1.000000,1.100000,0.000000,0.000000,-1.571000,-0.299848,1.005724,1.065203,1.495341
6.960000,-0.000152,-0.005725,0.034797,-0.000031,-0.005645,-0.037326,-0.000000,-0.001015,1.570134,-0.300000,1.000000,1.100000,0.000000,0.000000,-1.571000,-0.299848,1.005725,1.065203,1.495343
6.962000,-0.000152,-0.005727,0.034797,-0.000031,-0.005645,-0.037326,-0.000000,-0.001015,1.570134,-0.300000,1.000000,1.100000,0.000000,0.000000,-1.571000,-0.299848,1.005727,1.065203,1.495344
6.964000,-0.000152,-0.005729,0.034797,-0.000031,-0.005645,-0.037326,-0.000000,-0.001015,1.570134,-0.300000,1.000000,1.100000,0.000000,0.000000,-1.571000,-0.299848,1.005729,1.065203,1.495345
6.966000,-0.000153,-0.005730,0.034797,-0.000031,-0.005645,-0.037326,-0.000000,-0.001015,1.570134,-0.300000,1.000000,1.100000,0.000000,0.000000,-1.571000,-0.299847,1.005730,1.065203,1.495346
6.968000,-0.000153,-0.005732,0.034797,-0.000031,-0.005645,-0.037326,-0.000000,-0.001015,1.570134,-0.300000,1.000000,1.100000,0.000000,0.000000,-1.571000,-0.299847,1.005732,1.065203,1.495347
6.970000,-0.000153,-0.005734,0.034797,-0.000031,-0.005645,-0.037326,-0.000000,-0.001015,1.570134,-0.300000,1.000000,1.100000,0.000000,0.000000,-1.571000,-0.299847,1.005734,1.065203,1.495348
6.972000,-0.000153,-0.005735,0.034797,-0.000031,-0.005645,-0.037326,-0.000000,-0.001015,1.570134,-0.300000,1.000000,1.100000,0.000000,0.000000,-1.571000,-0.299847,1.005735,1.065203,1.495349
6.974000,-0.000153,-0.005737,0.034797,-0.000031,-0.005645,-0.037326,-0.000000,-0.001015,1.570134,-0.300000,1.000000,1.100000,0.000000,0.000000,-1.571000,-0.299847,1.005737,1.065203,1.495350
6.976000,-0.000153,-0.005739,0.034797,-0.000031,-0.005645,-0.037326,-0.000000,-0.001015,1.570134,-0.300000,1.000000,1.100000,0.000000,0.000000,-1.571000,-0.299847,1.005739,1.065203,1.495352
6.978000,-0.000153,-0.005740,0.034797,-0.000031,-0.005645,-0.037326,-0.000000,-0.001015,1.570134,-0.300000,1.000000,1.100000,0.000000,0.000000,-1.571000,-0.299847,1.005740,1.065203,1.495353
6.980000,-0.000153,-0.005742,0.034797,-0.000031,-0.005645,-0.037326,-0.000000,-0.001015,1.570134,-0.300000,1.000000,1.100000,0.000000,0.000000,-1.571000,-0.299847,1.005742,1.065203,1.495354
6.982000,-0.000153,-0.005744,0.034797,-0.000031,-0.005645,-0.037326,-0.000000,-0.001015,1.570134,-0.300000,1.000000,1.100000,0.000000,0.000000,-1.571000,-0.299847,1.005744,1.065203,1.495355
6.984000,-0.000153,-0.005746,0.034797,-0.000031,-0.005645,-0.037326,-0.000000,-0.001015,1.570135,-0.300000,1.000000,1.100000,0.000000,0.000000,-1.571000,-0.299847,1.005746,1.065203,1.495356
6.986000,-0.000153,-0.005747,0.034797,-0.000031,-0.005645,-0.037326,-0.000000,-0.001015,1.570135,-0.300000,1.000000,1.100000,0.000000,0.000000,-1.571000,-0.299847,1.005747,1.065203,1.495357
6.988000,-0.000153,-0.005749,0.034797,-0.000031,-0.005645,-0.037326,-0.000000,-0.001015,1.570135,-0.300000,1.000000,1.100000,0.000000,0.000000,-1.571000,-0.299847,1.005749,1.065203,1.495358
6.990000,-0.000153,-0.005751,0.034797,-0.000031,-0.005645,-0.037326,-0.000000,-0.001015,1.570135,-0.300000,1.000000,1.100000,0.000000,0.000000,-1.571000,-0.299847,1.005751,1.065203,1.495359
6.992000,-0.000153,-0.005752,0.034797,-0.000031,-0.005645,-0.037326,-0.000000,-0.001015,1.570135,-0.300000,1.000000,1.100000,0.000000,0.000000,-1.571000,-0.299847,1.005752,1.065203,1.495360
6.994000,-0.000153,-0.005754,0.034797,-0.000031,-0.005645,-0.037326,-0.000000,-0.001015,1.570135,-0.300000,1.000000,1.100000,0.000000,0.000000,-1.571000,-0.299847,1.005754,1.065203,1.495362
6.996000,-0.000153,-0.005756,0.034797,-0.000031,-0.005645,-0.037326,-0.000000,-0.001015,1.570135,-0.300000,1.000000,1.100000,0.000000,0.000000,-1.571000,-0.299847,1.005756,1.065203,1.495363
6.998000,-0.000153,-0.005757,0.034797,-0.000031,-0.005645,-0.037326,-0.000000,-0.001015,1.570135,-0.300000,1.000000,1.100000,0.000000,0.000000,-1.571000,-0.299847,1.005757,1.065203,1.495364
7.000000,-0.000153,-0.005759,0.034797,-0.000031,-0.005645,-0.037326,-0.000000,-0.001015,1.570135,-0.300000,1.000000,1.100000,0.000000,0.000000,-1.571000,-0.299847,1.005759,1.065203,1.495365
7.002000,-0.000153,-0.005761,0.034797,-0.000031,-0.005645,-0.037326,-0.000000,-0.001015,1.570135,-0.300000,1.000000,1.100000,0.000000,0.000000,-1.571000,-0.299847,1.005761,1.065203,1.495366
7.004000,-0.000153,-0.005762,0.034797,-0.000031,-0.005645,-0.037326,-0.000000,-0.001015,1.570135,-0.300000,1.000000,1.100000,0.000000,0.000000,-1.571000,-0.299847,1.005762,1.065203,1.495367
7.006000,-0.000153,-0.005764,0.034797,-0.000031,-0.005645,-0.037326,-0.000000,-0.001015,1.570135,-0.300000,1.000000,1.100000,0.000000,0.000000,-1.571000,-0.299847,1.005764,1.065203,1.495368
7.008000,-0.000153,-0.005766,0.034797,-0.000031,-0.005645,-0.037326,-0.000000,-0.001015,1.570135,-0.300000,1.000000,1.100000,0.000000,0.000000,-1.571000,-0.299847,1.005766,1.065203,1.495369
7.010000,-0.000153,-0.005767,0.034797,-0.000031,-0.005645,-0.037326,-0.000000,-0.001015,1.570135,-0.300000,1.000000,1.100000,0.000000,0.000000,-1.571000,-0.299847,1.005767,1.065203,1.495371
7.012000,-0.000154,-0.005769,0.034797,-0.000031,-0.005645,-0.037326,-0.000000,-0.001015,1.570135,-0.300000,1.000000,1.100000,0.000000,0.000000,-1.571000,-0.299846,1.005769,1.065203,1.495372
7.014000,-0.000154,-0.005771,0.034797,-0.000031,-0.005645,-0.037326,-0.000000,-0.001015,1.570135,-0.300000,1.000000,1.100000,0.000000,0.000000,-1.571000,-0.299846,1.005771,1.065203,1.495373
7.016000,-0.000154,-0.005772,0.034797,-0.000031,-0.005645,-0.037326,-0.000000,-0.001015,1.570135,-0.300000,1.000000,1.100000,0.000000,0.000000,-1.571000,-0.299846,1.005772,1.065203,1.495374
7.018000,-0.000154,-0.005774,0.034797,-0.000031,-0.005645,-0.037326,-0.000000,-0.001015,1.570135,-0.300000,1.000000,1.100000,0.000000,0.000000,-1.571000,-0.299846,1.005774,1.065203,1.495375
7.020000,-0.000154,-0.005776,0.034797,-0.000031,-0.005645,-0.037326,-0.000000,-0.001015,1.570135,-0.300000,1.000000,1.100000,0.000000,0.000000,-1.571000,-0.299846,1.005776,1.065203,1.495376
7.022000,-0.000154,-0.005777,0.034797,-0.000031,-0.005645,-0.037326,-0.000000,-0.001015,1.570135,-0.300000,1.000000,1.100000,0.000000,0.000000,-1.571000,-0.299846,1.005777,1.065203,1.495377
7.024000,-0.000154,-0.005779,0.034797,-0.000031,-0.005645,-0.037326,-0.000000,-0.001015,1.570135,-0.300000,1.000000,1.100000,0.000000,0.000000,-1.571000,-0.299846,1.005779,1.065203,1.495378
7.026000,-0.000154,-0.005781,0.034797,-0.000031,-0.005645,-0.037326,-0.000000,-0.001015,1.570135,-0.300000,1.000000,1.100000,0.000000,0.000000,-1.571000,-0.299846,1.005781,1.065203,1.495379
7.028000,-0.000154,-0.005782,0.034797,-0.000031,-0.005645,-0.037326,-0.000000,-0.001015,1.570135,-0.300000,1.000000,1.100000,0.000000,0.000000,-1.571000,-0.299846,1.005782,1.065203,1.495381
7.030000,-0.000154,-0.005784,0.034797,-0.000031,-0.005645,-0.037326,-0.000000,-0.001015,1.570135,-0.300000,1.000000,1.100000,0.000000,0.000000,-1.571000,-0.299846,1.005784,1.065203,1.495382
7.032000,-0.000154,-0.005786,0.034797,-0.000031,-0.005645,-0.037326,-0.000000,-0.001015,1.570135,-0.300000,1.000000,1.100000,0.000000,0.000000,-1.571000,-0.299846,1.005786,1.065203,1.495383
7.034000,-0.000154,-0.005787,0.034797,-0.000031,-0.005645,-0.037326,-0.000000,-0.001015,1.570136,-0.300000,1.000000,1.100000,0.000000,0.000000,-1.571000,-0.299846,1.005787,1.065203,1.495384
7.036000,-0.000154,-0.005789,0.034797,-0.000031,-0.005645,-0.037326,-0.000000,-0.001015,1.570136,-0.300000,1.000000,1.100000,0.000000,0.000000,-1.571000,-0.299846,1.005789,1.065203,1.495385
7.038000,-0.000154,-0.005791,0.034797,-0.000031,-0.005645,-0.037326,-0.000000,-0.001015,1.570136,-0.300000,1.000000,1.100000,0.000000,0.000000,-1.571000,-0.299846,1.005791,1.065203,1.495386
7.040000,-0.000154,-0.005792,0.034797,-0.000031,-0.005645,-0.037326,-0.000000,-0.001015,1.570136,-0.300000,1.000000,1.100000,0.000000,0.000000,-1.571000,-0.299846,1.005792,1.065203,1.495387
7.042000,-0.000154,-0.005794,0.034797,-0.000031,-0.005645,-0.037326,-0.000000,-0.001015,1.570136,-0.300000,1.000000,1.100000,0.000000,0.000000,-1.571000,-0.299846,1.005794,1.065203,1.495388
7.044000,-0.000154,-0.005796,0.034797,-0.000031,-0.005645,-0.037326,-0.000000,-0.001015,1.570136,-0.300000,1.000000,1.100000,0.000000,0.000000,-1.571000,-0.299846,1.005796,1.065203,1.495389
7.046000,-0.000154,-0.005797,0.034797,-0.000031,-0.005645,-0.037326,-0.000000,-0.001015,1.570136,-0.300000,1.000000,1.100000,0.000000,0.000000,-1.571000,-0.299846,1.005797,1.065203,1.495391
7.048000,-0.000154,-0.005799,0.034797,-0.000031,-0.005645,-0.037326,-0.000000,-0.001015,1.570136,-0.300000,1.000000,1.100000,0.000000,0.000000,-1.571000,-0.299846,1.005799,1.065203,1.495392
7.050000,-0.000154,-0.005801,0.034797,-0.000031,-0.005645,-0.037326,-0.000000,-0.001015,1.570136,-0.300000,1.000000,1.100000,0.000000,0.000000,-1.571000,-0.299846,1.005801,1.065203,1.495393
7.052000,-0.000154,-0.005802,0.034797,-0.000031,-0.005645,-0.037326,-0.000000,-0.001015,1.570136,-0.300000,1.000000,1.100000,0.000000,0.000000,-1.571000,-0.299846,1.005802,1.065203,1.495394
7.054000,-0.000154,-0.005804,0.034797,-0.000031,-0.005645,-0.037326,-0.000000,-0.001015,1.570136,-0.300000,1.000000,1.100000,0.000000,0.000000,-1.571000,-0.299846,1.005804,1.065203,1.495395
7.056000,-0.000155,-0.005806,0.034797,-0.000031,-0.005645,-0.037326,-0.000000,-0.001015,1.570136,-0.300000,1.000000,1.100000,0.000000,0.000000,-1.571000,-0.299845,1.005806,1.065203,1.495396
7.058000,-0.000155,-0.005807,0.034797,-0.000031,-0.005645,-0.037326,-0.000000,-0.001015,1.570136,-0.300000,1.000000,1.100000,0.000000,0.000000,-1.571000,-0.299845,1.005807,1.065203,1.495397
7.060000,-0.000155,-0.005809,0.034797,-0.000031,-0.005645,-0.037326,-0.000000,-0.001015,1.570136,-0.300000,1.000000,1.100000,0.000000,0.000000,-1.571000,-0.299845,1.005809,1.065203,1.495398
7.062000,-0.000155,-0.005811,0.034797,-0.000031,-0.005645,-0.037326,-0.000000,-0.001015,1.570136,-0.300000,1.000000,1.100000,0.000000,0.000000,-1.571000,-0.299845,1.005811,1.065203,1.495400
7.064000,-0.000155,-0.005812,0.034797,-0.000031,-0.005645,-0.037326,-0.000000,-0.001015,1.570136,-0.300000,1.000000,1.100000,0.000000,0.000000,-1.571000,-0.299845,1.005812,1.065203,1.495401
7.066000,-0.000155,-0.005814,0.034797,-0.000031,-0.005645,-0.037326,-0.000000,-0.001015,1.570136,-0.300000,1.000000,1.100000,0.000000,0.000000,-1.571000,-0.299845,1.005814,1.065203,1.495402
7.068000,-0.000155,-0.005816,0.034797,-0.000031,-0.005645,-0.037326,-0.000000,-0.001015,1.570136,-0.300000,1.000000,1.100000,0.000000,0.000000,-1.571000,-0.299845,1.005816,1.065203,1.495403
7.070000,-0.000155,-0.005818,0.034797,-0.000031,-0.005645,-0.037326,-0.000000,-0.001015,1.570136,-0.300000,1.000000,1.100000,0.000000,0.000000,-1.571000,-0.299845,1.005818,1.065203,1.495404
7.072000,-0.000155,-0.005819,0.034797,-0.000031,-0.005645,-0.037326,-0.000000,-0.001015,1.570136,-0.300000,1.000000,1.100000,0.000000,0.000000,-1.571000,-0.299845,1.005819,1.065203,1.495405
7.074000,-0.000155,-0.005821,0.034797,-0.000031,-0.005645,-0.037326,-0.000000,-0.001015,1.570136,-0.300000,1.000000,1.100000,0.000000,0.000000,-1.571000,-0.299845,1.005821,1.065203,1.495406
7.076000,-0.000155,-0.005823,0.034797,-0.000031,-0.005645,-0.037326,-0.000000,-0.001015,1.570136,-0.300000,1.000000,1.100000,0.000000,0.000000,-1.571000,-0.299845,1.005823,1.065203,1.495407
7.078000,-0.000155,-0.005824,0.034797,-0.000031,-0.005645,-0.037326,-0.000000,-0.001015,1.570136,-0.300000,1.000000,1.100000,0.000000,0.000000,-1.571000,-0.299845,1.005824,1.065203,1.495408
7.080000,-0.000155,-0.005826,0.034797,-0.000031,-0.005645,-0.037326,-0.000000,-0.001015,1.570136,-0.300000,1.000000,1.100000,0.000000,0.000000,-1.571000,-0.299845,1.005826,1.065203,1.495410
7.082000,-0.000155,-0.005828,0.034797,-0.000031,-0.005645,-0.037326,-0.000000,-0.001015,1.570136,-0.300000,1.000000,1.100000,0.000000,0.000000,-1.571000,-0.299845,1.005828,1.065203,1.495411
7.084000,-0.000155,-0.005829,0.034797,-0.000031,-0.005645,-0.037326,-0.000000,-0.001015,1.570137,-0.300000,1.000000,1.100000,0.000000,0.000000,-1.571000,-0.299845,1.005829,1.065203,1.495412
7.086000,-0.000155,-0.005831,0.034797,-0.000031,-0.005645,-0.037326,-0.000000,-0.001015,1.570137,-0.300000,1.000000,1.100000,0.000000,0.000000,-1.571000,-0.299845,1.005831,1.065203,1.495413
7.088000,-0.000155,-0.005833,0.034797,-0.000031,-0.005645,-0.037326,-0.000000,-0.001015,1.570137,-0.300000,1.000000,1.100000,0.000000,0.000000,-1.571000,-0.299845,1.005833,1.065203,1.495414
7.090000,-0.000155,-0.005834,0.034797,-0.000031,-0.005645,-0.037326,-0.000000,-0.001015,1.570137,-0.300000,1.000000,1.100000,0.000000,0.000000,-1.571000,-0.299845,1.005834,1.065203,1.495415
7.092000,-0.000155,-0.005836,0.034797,-0.000031,-0.005645,-0.037326,-0.000000,-0.001015,1.570137,-0.300000,1.000000,1.100000,0.000000,0.000000,-1.571000,-0.299845,1.005836,1.065203,1.495416
7.094000,-0.000155,-0.005838,0.034797,-0.000031,-0.005645,-0.037326,-0.000000,-0.001015,1.570137,-0.300000,1.000000,1.100000,0.000000,0.000000,-1.571000,-0.299845,1.005838,1.065203,1.495417
7.096000,-0.000155,-0.005839,0.034797,-0.000031,-0.005645,-0.037326,-0.000000,-0.001015,1.570137,-0.300000,1.000000,1.100000,0.000000,0.000000,-1.571000,-0.299845,1.005839,1.065203,1.495419
7.098000,-0.000155,-0.005841,0.034797,-0.000031,-0.005645,-0.037326,-0.000000,-0.001015,1.570137,-0.300000,1.000000,1.100000,0.000000,0.000000,-1.571000,-0.299845,1.005841,1.065203,1.495420
7.100000,-0.000156,-0.005843,0.034797,-0.000031,-0.005645,-0.037326,-0.000000,-0.001015,1.570137,-0.300000,1.000000,1.100000,0.000000,0.000000,-1.571000,-0.299844,1.005843,1.065203,1.495421
7.102000,-0.000156,-0.005844,0.034797,-0.000031,-0.005645,-0.037326,-0.000000,-0.001015,1.570137,-0.300000,1.000000,1.100000,0.000000,0.000000,-1.571000,-0.299844,1.005844,1.065203,1.495422
7.104000,-0.000156,-0.005846,0.034797,-0.000031,-0.005645,-0.037326,-0.000000,-0.001015,1.570137,-0.300000,1.000000,1.100000,0.000000,0.000000,-1.571000,-0.299844,1.005846,1.065203,1.495423
7.106000,-0.000156,-0.005848,0.034797,-0.000031,-0.005645,-0.037326,-0.000000,-0.001015,1.570137,-0.300000,1.000000,1.100000,0.000000,0.000000,-1.571000,-0.299844,1.005848,1.065203,1.495424
7.108000,-0.000156,-0.005849,0.034797,-0.000031,-0.005645,-0.037326,-0.000000,-0.001015,1.570137,-0.300000,1.000000,1.100000,0.000000,0.000000,-1.571000,-0.299844,1.005849,1.065203,1.495425
7.110000,-0.000156,-0.005851,0.034797,-0.000031,-0.005645,-0.037326,-0.000000,-0.001015,1.570137,-0.300000,1.000000,1.100000,0.000000,0.000000,-1.571000,-0.299844,1.005851,1.065203,1.495426
7.112000,-0.000156,-0.005853,0.034797,-0.000031,-0.005645,-0.037326,-0.000000,-0.001015,1.570137,-0.300000,1.000000,1.100000,0.000000,0.000000,-1.571000,-0.299844,1.005853,1.065203,1.495427
7.114000,-0.000156,-0.005854,0.034797,-0.000031,-0.005645,-0.037326,-0.000000,-0.001015,1.570137,-0.300000,1.000000,1.100000,0.000000,0.000000,-1.571000,-0.299844,1.005854,1.065203,1.495429
7.116000,-0.000156,-0.005856,0.034797,-0.000031,-0.005645,-0.037326,-0.000000,-0.001015,1.570137,-0.300000,1.000000,1.100000,0.000000,0.000000,-1.571000,-0.299844,1.005856,1.065203,1.495430
7.118000,-0.000156,-0.005858,0.034797,-0.000031,-0.005645,-0.037326,-0.000000,-0.001015,1.570137,-0.300000,1.000000,1.100000,0.000000,0.000000,-1.571000,-0.299844,1.005858,1.065203,1.495431
7.120000,-0.000156,-0.005859,0.034797,-0.000031,-0.005645,-0.037326,-0.000000,-0.001015,1.570137,-0.300000,1.000000,1.100000,0.000000,0.000000,-1.571000,-0.299844,1.005859,1.065203,1.495432
7.122000,-0.000156,-0.005861,0.034797,-0.000031,-0.005645,-0.037326,-0.000000,-0.001015,1.570137,-0.300000,1.000000,1.100000,0.000000,0.000000,-1.571000,-0.299844,1.005861,1.065203,1.495433
7.124000,-0.000156,-0.005863,0.034797,-0.000031,-0.005645,-0.037326,-0.000000,-0.001015,1.570137,-0.300000,1.000000,1.100000,0.000000,0.000000,-1.571000,-0.299844,1.005863,1.065203,1.495434
7.126000,-0.000156,-0.005864,0.034797,-0.000031,-0.005645,-0.037326,-0.000000,-0.001015,1.570137,-0.300000,1.000000,1.100000,0.000000,0.000000,-1.571000,-0.299844,1.005864,1.065203,1.495435
7.128000,-0.000156,-0.005866,0.034797,-0.000031,-0.005645,-0.037326,-0.000000,-0.001015,1.570137,-0.300000,1.000000,1.100000,0.000000,0.000000,-1.571000,-0.299844,1.005866,1.065203,1.495436
7.130000,-0.000156,-0.005868,0.034797,-0.000031,-0.005645,-0.037326,-0.000000,-0.001015,1.570137,-0.300000,1.000000,1.100000,0.000000,0.000000,-1.571000,-0.299844,1.005868,1.065203,1.495438
7.132000,-0.000156,-0.005869,0.034797,-0.000031,-0.005645,-0.037326,-0.000000,-0.001015,1.570137,-0.300000,1.000000,1.100000,0.000000,0.000000,-1.571000,-0.299844,1.005869,1.065203,1.495439
7.134000,-0.000156,-0.005871,0.034797,-0.000031,-0.005645,-0.037326,-0.000000,-0.001015,1.570137,-0.300000,1.000000,1.100000,0.000000,0.000000,-1.571000,-0.299844,1.005871,1.065203,1.495440
7.136000,-0.000156,-0.005873,0.034797,-0.000031,-0.005645,-0.037326,-0.000000,-0.001015,1.570138,-0.300000,1.000000,1.100000,0.000000,0.000000,-1.571000,-0.299844,1.005873,1.065203,1.495441
7.138000,-0.000156,-0.005874,0.034797,-0.000031,-0.005645,-0.037326,-0.000000,-0.001015,1.570138,-0.300000,1.000000,1.100000,0.000000,0.000000,-1.571000,-0.299844,1.005874,1.065203,1.495442
7.140000,-0.000156,-0.005876,0.034797,-0.000031,-0.005645,-0.037326,-0.000000,-0.001015,1.570138,-0.300000,1.000000,1.100000,0.000000,0.000000,-1.571000,-0.299844,1.005876,1.065203,1.495443
7.142000,-0.000156,-0.005878,0.034797,-0.000031,-0.005645,-0.037326,-0.000000,-0.001015,1.570138,-0.300000,1.000000,1.100000,0.000000,0.000000,-1.571000,-0.299844,1.005878,1.065203,1.495444
7.144000,-0.000157,-0.005879,0.034797,-0.000031,-0.005645,-0.037326,-0.000000,-0.001015,1.570138,-0.300000,1.000000,1.100000,0.000000,0.000000,-1.571000,-0.299843,1.005879,1.065203,1.495445
7.146000,-0.000157,-0.005881,0.034797,-0.000031,-0.005645,-0.037326,-0.000000,-0.001015,1.570138,-0.300000,1.000000,1.100000,0.000000,0.000000,-1.571000,-0.299843,1.005881,1.065203,1.495446
7.148000,-0.000157,-0.005883,0.034797,-0.000031,-0.005645,-0.037326,-0.000000,-0.001015,1.570138,-0.300000,1.000000,1.100000,0.000000,0.000000,-1.571000,-0.299843,1.005883,1.065203,1.495448
7.150000,-0.000157,-0.005885,0.034797,-0.000031,-0.005645,-0.037326,-0.000000,-0.001015,1.570138,-0.300000,1.000000,1.100000,0.000000,0.000000,-1.571000,-0.299843,1.005885,1.065203,1.495449
7.152000,-0.000157,-0.005886,0.034797,-0.000031,-0.005645,-0.037326,-0.000000,-0.001015,1.570138,-0.300000,1.000000,1.100000,0.000000,0.000000,-1.571000,-0.299843,1.005886,1.065203,1.495450
7.154000,-0.000157,-0.005888,0.034797,-0.000031,-0.005645,-0.037326,-0.000000,-0.001015,1.570138,-0.300000,1.000000,1.100000,0.000000,0.000000,-1.571000,-0.299843,1.005888,1.065203,1.495451
7.156000,-0.000157,-0.005890,0.034797,-0.000031,-0.005645,-0.037326,-0.000000,-0.001015,1.570138,-0.300000,1.000000,1.100000,0.000000,0.000000,-1.571000,-0.299843,1.005890,1.065203,1.495452
7.158000,-0.000157,-0.005891,0.034797,-0.000031,-0.005645,-0.037326,-0.000000,-0.001015,1.570138,-0.300000,1.000000,1.100000,0.000000,0.000000,-1.571000,-0.299843,1.005891,1.065203,1.495453
7.160000,-0.000157,-0.005893,0.034797,-0.000031,-0.005645,-0.037326,-0.000000,-0.001015,1.570138,-0.300000,1.000000,1.100000,0.000000,0.000000,-1.571000,-0.299843,1.005893,1.065203,1.495454
7.162000,-0.000157,-0.005895,0.034797,-0.000031,-0.005645,-0.037326,-0.000000,-0.001015,1.570138,-0.300000,1.000000,1.100000,0.000000,0.000000,-1.571000,-0.299843,1.005895,1.065203,1.495455
7.164000,-0.000157,-0.005896,0.034797,-0.000031,-0.005645,-0.037326,-0.000000,-0.001015,1.570138,-0.300000,1.000000,1.100000,0.000000,0.000000,-1.571000,-0.299843,1.005896,1.065203,1.495457
7.166000,-0.000157,-0.005898,0.034797,-0.000031,-0.005645,-0.037326,-0.000000,-0.001015,1.570138,-0.300000,1.000000,1.100000,0.000000,0.000000,-1.571000,-0.299843,1.005898,1.065203,1.495458
7.168000,-0.000157,-0.005900,0.034797,-0.000031,-0.005645,-0.037326,-0.000000,-0.001015,1.570138,-0.300000,1.000000,1.100000,0.000000,0.000000,-1.571000,-0.299843,1.005900,1.065203,1.495459
7.170000,-0.000157,-0.005901,0.034797,-0.000031,-0.005645,-0.037326,-0.000000,-0.001015,1.570138,-0.300000,1.000000,1.100000,0.000000,0.000000,-1.571000,-0.299843,1.005901,1.065203,1.495460
7.172000,-0.000157,-0.005903,0.034797,-0.000031,-0.005645,-0.037326,-0.000000,-0.001015,1.570138,-0.300000,1.000000,1.100000,0.000000,0.000000,-1.571000,-0.299843,1.005903,1.065203,1.495461
7.174000,-0.000157,-0.005905,0.034797,-0.000031,-0.005645,-0.037326,-0.000000,-0.001015,1.570138,-0.300000,1.000000,1.100000,0.000000,0.000000,-1.571000,-0.299843,1.005905,1.065203,1.495462
7.176000,-0.000157,-0.005906,0.034797,-0.000031,-0.005645,-0.037326,-0.000000,-0.001015,1.570138,-0.300000,1.000000,1.100000,0.000000,0.000000,-1.571000,-0.299843,1.005906,1.065203,1.495463
7.178000,-0.000157,-0.005908,0.034797,-0.000031,-0.005645,-0.037326,-0.000000,-0.001015,1.570138,-0.300000,1.000000,1.100000,0.000000,0.000000,-1.571000,-0.299843,1.005908,1.065203,1.495464
7.180000,-0.000157,-0.005910,0.034797,-0.000031,-0.005645,-0.037326,-0.000000,-0.001015,1.570138,-0.300000,1.000000,1.100000,0.000000,0.000000,-1.571000,-0.299843,1.005910,1.065203,1.495465
7.182000,-0.000157,-0.005911,0.034797,-0.000031,-0.005645,-0.037326,-0.000000,-0.001015,1.570138,-0.300000,1.000000,1.100000,0.000000,0.000000,-1.571000,-0.299843,1.005911,1.065203,1.495467
7.184000,-0.000157,-0.005913,0.034797,-0.000031,-0.005645,-0.037326,-0.000000,-0.001015,1.570138,-0.300000,1.000000,1.100000,0.000000,0.000000,-1.571000,-0.299843,1.005913,1.065203,1.495468
7.186000,-0.000157,-0.005915,0.034797,-0.000031,-0.005645,-0.037326,-0.000000,-0.001015,1.570139,-0.300000,1.000000,1.100000,0.000000,0.000000,-1.571000,-0.299843,1.005915,1.065203,1.495469
7.188000,-0.000158,-0.005916,0.034797,-0.000031,-0.005645,-0.037326,-0.000000,-0.001015,1.570139,-0.300000,1.000000,1.100000,0.000000,0.000000,-1.571000,-0.299842,1.005916,1.065203,1.495470
7.190000,-0.000158,-0.005918,0.034797,-0.000031,-0.005645,-0.037326,-0.000000,-0.001015,1.570139,-0.300000,1.000000,1.100000,0.000000,0.000000,-1.571000,-0.299842,1.005918,1.065203,1.495471
7.192000,-0.000158,-0.005920,0.034797,-0.000031,-0.005645,-0.037326,-0.000000,-0.001015,1.570139,-0.300000,1.000000,1.100000,0.000000,0.000000,-1.571000,-0.299842,1.005920,1.065203,1.495472
7.194000,-0.000158,-0.005921,0.034797,-0.000031,-0.005645,-0.037326,-0.000000,-0.001015,1.570139,-0.300000,1.000000,1.100000,0.000000,0.000000,-1.571000,-0.299842,1.005921,1.065203,1.495473
7.196000,-0.000158,-0.005923,0.034797,-0.000031,-0.005645,-0.037326,-0.000000,-0.001015,1.570139,-0.300000,1.000000,1.100000,0.000000,0.000000,-1.571000,-0.299842,1.005923,1.065203,1.495474
7.198000,-0.000158,-0.005925,0.034797,-0.000031,-0.005645,-0.037326,-0.000000,-0.001015,1.570139,-0.300000,1.000000,1.100000,0.000000,0.000000,-1.571000,-0.299842,1.005925,1.065203,1.495476
7.200000,-0.000158,-0.005926,0.034797,-0.000031,-0.005645,-0.037326,-0.000000,-0.001015,1.570139,-0.300000,1.000000,1.100000,0.000000,0.000000,-1.571000,-0.299842,1.005926,1.065203,1.495477
7.202000,-0.000158,-0.005928,0.034797,-0.000031,-0.005645,-0.037326,-0.000000,-0.001015,1.570139,-0.300000,1.000000,1.100000,0.000000,0.000000,-1.571000,-0.299842,1.005928,1.065203,1.495478
7.204000,-0.000158,-0.005930,0.034797,-0.000031,-0.005645,-0.037326,-0.000000,-0.001015,1.570139,-0.300000,1.000000,1.100000,0.000000,0.000000,-1.571000,-0.299842,1.005930,1.065203,1.495479
7.206000,-0.000158,-0.005931,0.034797,-0.000031,-0.005645,-0.037326,-0.000000,-0.001015,1.570139,-0.300000,1.000000,1.100000,0.000000,0.000000,-1.571000,-0.299842,1.005931,1.065203,1.495480
7.208000,-0.000158,-0.005933,0.034797,-0.000031,-0.005645,-0.037326,-0.000000,-0.001015,1.570139,-0.300000,1.000000,1.100000,0.000000,0.000000,-1.571000,-0.299842,1.005933,1.065203,1.495481
7.210000,-0.000158,-0.005935,0.034797,-0.000031,-0.005645,-0.037326,-0.000000,-0.001015,1.570139,-0.300000,1.000000,1.100000,0.000000,0.000000,-1.571000,-0.299842,1.005935,1.065203,1.495482
7.212000,-0.000158,-0.005936,0.034797,-0.000031,-0.005645,-0.037326,-0.000000,-0.001015,1.570139,-0.300000,1.000000,1.100000,0.000000,0.000000,-1.571000,-0.299842,1.005936,1.065203,1.495483
7.214000,-0.000158,-0.005938,0.034797,-0.000031,-0.005645,-0.037326,-0.000000,-0.001015,1.570139,-0.300000,1.000000,1.100000,0.000000,0.000000,-1.571000,-0.299842,1.005938,1.065203,1.495484
7.216000,-0.000158,-0.005940,0.034797,-0.000031,-0.005645,-0.037326,-0.000000,-0.001015,1.570139,-0.300000,1.000000,1.100000,0.000000,0.000000,-1.571000,-0.299842,1.005940,1.065203,1.495486
7.218000,-0.000158,-0.005941,0.034797,-0.000031,-0.005645,-0.037326,-0.000000,-0.001015,1.570139,-0.300000,1.000000,1.100000,0.000000,0.000000,-1.571000,-0.299842,1.005941,1.065203,1.495487
7.220000,-0.000158,-0.005943,0.034797,-0.000031,-0.005645,-0.037326,-0.000000,-0.001015,1.570139,-0.300000,1.000000,1.100000,0.000000,0.000000,-1.571000,-0.299842,1.005943,1.065203,1.495488
7.222000,-0.000158,-0.005945,0.034797,-0.000031,-0.005645,-0.037326,-0.000000,-0.001015,1.570139,-0.300000,1.000000,1.100000,0.000000,0.000000,-1.571000,-0.299842,1.005945,1.065203,1.495489
7.224000,-0.000158,-0.005946,0.034797,-0.000031,-0.005645,-0.037326,-0.000000,-0.001015,1.570139,-0.300000,1.000000,1.100000,0.000000,0.000000,-1.571000,-0.299842,1.005946,1.065203,1.495490
7.226000,-0.000158,-0.005948,0.034797,-0.000031,-0.005645,-0.037326,-0.000000,-0.001015,1.570139,-0.300000,1.000000,1.100000,0.000000,0.000000,-1.571000,-0.299842,1.005948,1.065203,1.495491
7.228000,-0.000158,-0.005950,0.034797,-0.000031,-0.005645,-0.037326,-0.000000,-0.001015,1.570139,-0.300000,1.000000,1.100000,0.000000,0.000000,-1.571000,-0.299842,1.005950,1.065203,1.495492
7.230000,-0.000158,-0.005951,0.034797,-0.000031,-0.005645,-0.037326,-0.000000,-0.001015,1.570139,-0.300000,1.000000,1.100000,0.000000,0.000000,-1.571000,-0.299842,1.005951,1.065203,1.495493
7.232000,-0.000159,-0.005953,0.034797,-0.000031,-0.005645,-0.037326,-0.000000,-0.001015,1.570139,-0.300000,1.000000,1.100000,0.000000,0.000000,-1.571000,-0.299841,1.005953,1.065203,1.495495
7.234000,-0.000159,-0.005955,0.034797,-0.000031,-0.005645,-0.037326,-0.000000,-0.001015,1.570139,-0.300000,1.000000,1.100000,0.000000,0.000000,-1.571000,-0.299841,1.005955,1.065203,1.495496
7.236000,-0.000159,-0.005957,0.034797,-0.000031,-0.005645,-0.037326,-0.000000,-0.001015,1.570139,-0.300000,1.000000,1.100000,0.000000,0.000000,-1.571000,-0.299841,1.005957,1.065203,1.495497
7.238000,-0.000159,-0.005958,0.034797,-0.000031,-0.005645,-0.037326,-0.000000,-0.001015,1.570140,-0.300000,1.000000,1.100000,0.000000,0.000000,-1.571000,-0.299841,1.005958,1.065203,1.495498
7.240000,-0.000159,-0.005960,0.034797,-0.000031,-0.005645,-0.037326,-0.000000,-0.001015,1.570140,-0.300000,1.000000,1.100000,0.000000,0.000000,-1.571000,-0.299841,1.005960,1.065203,1.495499
7.242000,-0.000159,-0.005962,0.034797,-0.000031,-0.005645,-0.037326,-0.000000,-0.001015,1.570140,-0.300000,1.000000,1.100000,0.000000,0.000000,-1.571000,-0.299841,1.005962,1.065203,1.495500
7.244000,-0.000159,-0.005963,0.034797,-0.000031,-0.005645,-0.037326,-0.000000,-0.001015,1.570140,-0.300000,1.000000,1.100000,0.000000,0.000000,-1.571000,-0.299841,1.005963,1.065203,1.495501
7.246000,-0.000159,-0.005965,0.034797,-0.000031,-0.005645,-0.037326,-0.000000,-0.001015,1.570140,-0.300000,1.000000,1.100000,0.000000,0.000000,-1.571000,-0.299841,1.005965,1.065203,1.495502
7.248000,-0.000159,-0.005967,0.034797,-0.000031,-0.005645,-0.037326,-0.000000,-0.001015,1.570140,-0.300000,1.000000,1.100000,0.000000,0.000000,-1.571000,-0.299841,1.005967,1.065203,1.495503
7.250000,-0.000159,-0.005968,0.034797,-0.000031,-0.005645,-0.037326,-0.000000,-0.001015,1.570140,-0.300000,1.000000,1.100000,0.000000,0.000000,-1.571000,-0.299841,1.005968,1.065203,1.495505
7.252000,-0.000159,-0.005970,0.034797,-0.000031,-0.005645,-0.037326,-0.000000,-0.001015,1.570140,-0.300000,1.000000,1.100000,0.000000,0.000000,-1.571000,-0.299841,1.005970,1.065203,1.495506
7.254000,-0.000159,-0.005972,0.034797,-0.000031,-0.005645,-0.037326,-0.000000,-0.001015,1.570140,-0.300000,1.000000,1.100000,0.000000,0.000000,-1.571000,-0.299841,1.005972,1.065203,1.495507
7.256000,-0.000159,-0.005973,0.034797,-0.000031,-0.005645,-0.037326,-0.000000,-0.001015,1.570140,-0.300000,1.000000,1.100000,0.000000,0.000000,-1.571000,-0.299841,1.005973,1.065203,1.495508
7.258000,-0.000159,-0.005975,0.034797,-0.000031,-0.005645,-0.037326,-0.000000,-0.001015,1.570140,-0.300000,1.000000,1.100000,0.000000,0.000000,-1.571000,-0.299841,1.005975,1.065203,1.495509
7.260000,-0.000159,-0.005977,0.034797,-0.000031,-0.005645,-0.037326,-0.000000,-0.001015,1.570140,-0.300000,1.000000,1.100000,0.000000,0.000000,-1.571000,-0.299841,1.005977,1.065203,1.495510
7.262000,-0.000159,-0.005978,0.034797,-0.000031,-0.005645,-0.037326,-0.000000,-0.001015,1.570140,-0.300000,1.000000,1.100000,0.000000,0.000000,-1.571000,-0.299841,1.005978,1.065203,1.495511
7.264000,-0.000159,-0.005980,0.034797,-0.000031,-0.005645,-0.037326,-0.000000,-0.001015,1.570140,-0.300000,1.000000,1.100000,0.000000,0.000000,-1.571000,-0.299841,1.005980,1.065203,1.495512
7.266000,-0.000159,-0.005982,0.034797,-0.000031,-0.005645,-0.037326,-0.000000,-0.001015,1.570140,-0.300000,1.000000,1.100000,0.000000,0.000000,-1.571000,-0.299841,1.005982,1.065203,1.495514
7.268000,-0.000159,-0.005983,0.034797,-0.000031,-0.005645,-0.037326,-0.000000,-0.001015,1.570140,-0.300000,1.000000,1.100000,0.000000,0.000000,-1.571000,-0.299841,1.005983,1.065203,1.495515
7.270000,-0.000159,-0.005985,0.034797,-0.000031,-0.005645,-0.037326,-0.000000,-0.001015,1.570140,-0.300000,1.000000,1.100000,0.000000,0.000000,-1.571000,-0.299841,1.005985,1.065203,1.495516
7.272000,-0.000159,-0.005987,0.034797,-0.000031,-0.005645,-0.037326,-0.000000,-0.001015,1.570140,-0.300000,1.000000,1.100000,0.000000,0.000000,-1.571000,-0.299841,1.005987,1.065203,1.495517
7.274000,-0.000159,-0.005988,0.034797,-0.000031,-0.005645,-0.037326,-0.000000,-0.001015,1.570140,-0.300000,1.000000,1.100000,0.000000,0.000000,-1.571000,-0.299841,1.005988,1.065203,1.495518
7.276000,-0.000159,-0.005990,0.034797,-0.000031,-0.005645,-0.037326,-0.000000,-0.001015,1.570140,-0.300000,1.000000,1.100000,0.000000,0.000000,-1.571000,-0.299841,1.005990,1.065203,1.495519
7.278000,-0.000160,-0.005992,0.034797,-0.000031,-0.005645,-0.037326,-0.000000,-0.001015,1.570140,-0.300000,1.000000,1.100000,0.000000,0.000000,-1.571000,-0.299840,1.005992,1.065203,1.495520
7.280000,-0.000160,-0.005993,0.034797,-0.000031,-0.005645,-0.037326,-0.000000,-0.001015,1.570140,-0.300000,1.000000,1.100000,0.000000,0.000000,-1.571000,-0.299840,1.005993,1.065203,1.495521
7.282000,-0.000160,-0.005995,0.034797,-0.000031,-0.005645,-0.037326,-0.000000,-0.001015,1.570140,-0.300000,1.000000,1.100000,0.000000,0.000000,-1.571000,-0.299840,1.005995,1.065203,1.495522
7.284000,-0.000160,-0.005997,0.034797,-0.000031,-0.005645,-0.037326,-0.000000,-0.001015,1.570140,-0.300000,1.000000,1.100000,0.000000,0.000000,-1.571000,-0.299840,1.005997,1.065203,1.495524
7.286000,-0.000160,-0.005998,0.034797,-0.000031,-0.005645,-0.037326,-0.000000,-0.001015,1.570140,-0.300000,1.000000,1.100000,0.000000,0.000000,-1.571000,-0.299840,1.005998,1.065203,1.495525
7.288000,-0.000160,-0.006000,0.034797,-0.000031,-0.005645,-0.037326,-0.000000,-0.001015,1.570141,-0.300000,1.000000,1.100000,0.000000,0.000000,-1.571000,-0.299840,1.006000,1.065203,1.495526
7.290000,-0.000160,-0.006002,0.034797,-0.000031,-0.005645,-0.037326,-0.000000,-0.001015,1.570141,-0.300000,1.000000,1.100000,0.000000,0.000000,-1.571000,-0.299840,1.006002,1.065203,1.495527
7.292000,-0.000160,-0.006003,0.034797,-0.000031,-0.005645,-0.037326,-0.000000,-0.001015,1.570141,-0.300000,1.000000,1.100000,0.000000,0.000000,-1.571000,-0.299840,1.006003,1.065203,1.495528
7.294000,-0.000160,-0.006005,0.034797,-0.000031,-0.005645,-0.037326,-0.000000,-0.001015,1.570141,-0.300000,1.000000,1.100000,0.000000,0.000000,-1.571000,-0.299840,1.006005,1.065203,1.495529
7.296000,-0.000160,-0.006007,0.034797,-0.000031,-0.005645,-0.037326,-0.000000,-0.001015,1.570141,-0.300000,1.000000,1.100000,0.000000,0.000000,-1.571000,-0.299840,1.006007,1.065203,1.495530
7.298000,-0.000160,-0.006008,0.034797,-0.000031,-0.005645,-0.037326,-0.000000,-0.001015,1.570141,-0.300000,1.000000,1.100000,0.000000,0.000000,-1.571000,-0.299840,1.006008,1.065203,1.495531
7.300000,-0.000160,-0.006010,0.034797,-0.000031,-0.005645,-0.037326,-0.000000,-0.001015,1.570141,-0.300000,1.000000,1.100000,0.000000,0.000000,-1.571000,-0.299840,1.006010,1.065203,1.495533
7.302000,-0.000160,-0.006012,0.034797,-0.000031,-0.005645,-0.037326,-0.000000,-0.001015,1.570141,-0.300000,1.000000,1.100000,0.000000,0.000000,-1.571000,-0.299840,1.006012,1.065203,1.495534
7.304000,-0.000160,-0.006013,0.034797,-0.000031,-0.005645,-0.037326,-0.000000,-0.001015,1.570141,-0.300000,1.000000,1.100000,0.000000,0.000000,-1.571000,-0.299840,1.006013,1.065203,1.495535
7.306000,-0.000160,-0.006015,0.034797,-0.000031,-0.005645,-0.037326,-0.000000,-0.001015,1.570141,-0.300000,1.000000,1.100000,0.000000,0.000000,-1.571000,-0.299840,1.006015,1.065203,1.495536
7.308000,-0.000160,-0.006017,0.034797,-0.000031,-0.005645,-0.037326,-0.000000,-0.001015,1.570141,-0.300000,1.000000,1.100000,0.000000,0.000000,-1.571000,-0.299840,1.006017,1.065203,1.495537
7.310000,-0.000160,-0.006018,0.034797,-0.000031,-0.005645,-0.037326,-0.000000,-0.001015,1.570141,-0.300000,1.000000,1.100000,0.000000,0.000000,-1.571000,-0.299840,1.006018,1.065203,1.495538
7.312000,-0.000160,-0.006020,0.034797,-0.000031,-0.005645,-0.037326,-0.000000,-0.001015,1.570141,-0.300000,1.000000,1.100000,0.000000,0.000000,-1.571000,-0.299840,1.006020,1.065203,1.495539
7.314000,-0.000160,-0.006022,0.034797,-0.000031,-0.005645,-0.037326,-0.000000,-0.001015,1.570141,-0.300000,1.000000,1.100000,0.000000,0.000000,-1.571000,-0.299840,1.006022,1.065203,1.495540
7.316000,-0.000160,-0.006024,0.034797,-0.000031,-0.005645,-0.037326,-0.000000,-0.001015,1.570141,-0.300000,1.000000,1.100000,0.000000,0.000000,-1.571000,-0.299840,1.006024,1.065203,1.495541
7.318000,-0.000160,-0.006025,0.034797,-0.000031,-0.005645,-0.037326,-0.000000,-0.001015,1.570141,-0.300000,1.000000,1.100000,0.000000,0.000000,-1.571000,-0.299840,1.006025,1.065203,1.495543
7.320000,-0.000160,-0.006027,0.034797,-0.000031,-0.005645,-0.037326,-0.000000,-0.001015,1.570141,-0.300000,1.000000,1.100000,0.000000,0.000000,-1.571000,-0.299840,1.006027,1.065203,1.495544
7.322000,-0.000161,-0.006029,0.034797,-0.000031,-0.005645,-0.037326,-0.000000,-0.001015,1.570141,-0.300000,1.000000,1.100000,0.000000,0.000000,-1.571000,-0.299839,1.006029,1.065203,1.495545
7.324000,-0.000161,-0.006030,0.034797,-0.000031,-0.005645,-0.037326,-0.000000,-0.001015,1.570141,-0.300000,1.000000,1.100000,0.000000,0.000000,-1.571000,-0.299839,1.006030,1.065203,1.495546
7.326000,-0.000161,-0.006032,0.034797,-0.000031,-0.005645,-0.037326,-0.000000,-0.001015,1.570141,-0.300000,1.000000,1.100000,0.000000,0.000000,-1.571000,-0.299839,1.006032,1.065203,1.495547
7.328000,-0.000161,-0.006034,0.034797,-0.000031,-0.005645,-0.037326,-0.000000,-0.001015,1.570141,-0.300000,1.000000,1.100000,0.000000,0.000000,-1.571000,-0.299839,1.006034,1.065203,1.495548
7.330000,-0.000161,-0.006035,0.034797,-0.000031,-0.005645,-0.037326,-0.000000,-0.001015,1.570141,-0.300000,1.000000,1.100000,0.000000,0.000000,-1.571000,-0.299839,1.006035,1.065203,1.495549
7.332000,-0.000161,-0.006037,0.034797,-0.000031,-0.005645,-0.037326,-0.000000,-0.001015,1.570141,-0.300000,1.000000,1.100000,0.000000,0.000000,-1.571000,-0.299839,1.006037,1.065203,1.495550
7.334000,-0.000161,-0.006039,0.034797,-0.000031,-0.005645,-0.037326,-0.000000,-0.001015,1.570141,-0.300000,1.000000,1.100000,0.000000,0.000000,-1.571000,-0.299839,1.006039,1.065203,1.495552
7.336000,-0.000161,-0.006040,0.034797,-0.000031,-0.005645,-0.037326,-0.000000,-0.001015,1.570141,-0.300000,1.000000,1.100000,0.000000,0.000000,-1.571000,-0.299839,1.006040,1.065203,1.495553
7.338000,-0.000161,-0.006042,0.034797,-0.000031,-0.005645,-0.037326,-0.000000,-0.001015,1.570141,-0.300000,1.000000,1.100000,0.000000,0.000000,-1.571000,-0.299839,1.006042,1.065203,1.495554
7.340000,-0.000161,-0.006044,0.034797,-0.000031,-0.005645,-0.037326,-0.000000,-0.001015,1.570142,-0.300000,1.000000,1.100000,0.000000,0.000000,-1.571000,-0.299839,1.006044,1.065203,1.495555
7.342000,-0.000161,-0.006045,0.034797,-0.000031,-0.005645,-0.037326,-0.000000,-0.001015,1.570142,-0.300000,1.000000,1.100000,0.000000,0.000000,-1.571000,-0.299839,1.006045,1.065203,1.495556
7.344000,-0.000161,-0.006047,0.034797,-0.000031,-0.005645,-0.037326,-0.000000,-0.001015,1.570142,-0.300000,1.000000,1.100000,0.000000,0.000000,-1.571000,-0.299839,1.006047,1.065203,1.495557
7.346000,-0.000161,-0.006049,0.034797,-0.000031,-0.005645,-0.037326,-0.000000,-0.001015,1.570142,-0.300000,1.000000,1.100000,0.000000,0.000000,-1.571000,-0.299839,1.006049,1.065203,1.495558
7.348000,-0.000161,-0.006050,0.034797,-0.000031,-0.005645,-0.037326,-0.000000,-0.001015,1.570142,-0.300000,1.000000,1.100000,0.000000,0.000000,-1.571000,-0.299839,1.006050,1.065203,1.495559
7.350000,-0.000161,-0.006052,0.034797,-0.000031,-0.005645,-0.037326,-0.000000,-0.001015,1.570142,-0.300000,1.000000,1.100000,0.000000,0.000000,-1.571000,-0.299839,1.006052,1.065203,1.495560
7.352000,-0.000161,-0.006054,0.034797,-0.000031,-0.005645,-0.037326,-0.000000,-0.001015,1.570142,-0.300000,1.000000,1.100000,0.000000,0.000000,-1.571000,-0.299839,1.006054,1.065203,1.495562
7.354000,-0.000161,-0.006055,0.034797,-0.000031,-0.005645,-0.037326,-0.000000,-0.001015,1.570142,-0.300000,1.000000,1.100000,0.000000,0.000000,-1.571000,-0.299839,1.006055,1.065203,1.495563
7.356000,-0.000161,-0.006057,0.034797,-0.000031,-0.005645,-0.037326,-0.000000,-0.001015,1.570142,-0.300000,1.000000,1.100000,0.000000,0.000000,-1.571000,-0.299839,1.006057,1.065203,1.495564
7.358000,-0.000161,-0.006059,0.034797,-0.000031,-0.005645,-0.037326,-0.000000,-0.001015,1.570142,-0.300000,1.000000,1.100000,0.000000,0.000000,-1.571000,-0.299839,1.006059,1.065203,1.495565
7.360000,-0.000161,-0.006060,0.034797,-0.000031,-0.005645,-0.037326,-0.000000,-0.001015,1.570142,-0.300000,1.000000,1.100000,0.000000,0.000000,-1.571000,-0.299839,1.006060,1.065203,1.495566
7.362000,-0.000161,-0.006062,0.034797,-0.000031,-0.005645,-0.037326,-0.000000,-0.001015,1.570142,-0.300000,1.000000,1.100000,0.000000,0.000000,-1.571000,-0.299839,1.006062,1.065203,1.495567
7.364000,-0.000161,-0.006064,0.034797,-0.000031,-0.005645,-0.037326,-0.000000,-0.001015,1.570142,-0.300000,1.000000,1.100000,0.000000,0.000000,-1.571000,-0.299839,1.006064,1.065203,1.495568
7.366000,-0.000162,-0.006065,0.034797,-0.000031,-0.005645,-0.037326,-0.000000,-0.001015,1.570142,-0.300000,1.000000,1.100000,0.000000,0.000000,-1.571000,-0.299838,1.006065,1.065203,1.495569
7.368000,-0.000162,-0.006067,0.034797,-0.000031,-0.005645,-0.037326,-0.000000,-0.001015,1.570142,-0.300000,1.000000,1.100000,0.000000,0.000000,-1.571000,-0.299838,1.006067,1.065203,1.495571
7.370000,-0.000162,-0.006069,0.034797,-0.000031,-0.005645,-0.037326,-0.000000,-0.001015,1.570142,-0.300000,1.000000,1.100000,0.000000,0.000000,-1.571000,-0.299838,1.006069,1.065203,1.495572
7.372000,-0.000162,-0.006070,0.034797,-0.000031,-0.005645,-0.037326,-0.000000,-0.001015,1.570142,-0.300000,1.000000,1.100000,0.000000,0.000000,-1.571000,-0.299838,1.006070,1.065203,1.495573
7.374000,-0.000162,-0.006072,0.034797,-0.000031,-0.005645,-0.037326,-0.000000,-0.001015,1.570142,-0.300000,1.000000,1.100000,0.000000,0.000000,-1.571000,-0.299838,1.006072,1.065203,1.495574
7.376000,-0.000162,-0.006074,0.034797,-0.000031,-0.005645,-0.037326,-0.000000,-0.001015,1.570142,-0.300000,1.000000,1.100000,0.000000,0.000000,-1.571000,-0.299838,1.006074,1.065203,1.495575
7.378000,-0.000162,-0.006075,0.034797,-0.000031,-0.005645,-0.037326,-0.000000,-0.001015,1.570142,-0.300000,1.000000,1.100000,0.000000,0.000000,-1.571000,-0.299838,1.006075,1.065203,1.495576
7.380000,-0.000162,-0.006077,0.034797,-0.000031,-0.005645,-0.037326,-0.000000,-0.001015,1.570142,-0.300000,1.000000,1.100000,0.000000,0.000000,-1.571000,-0.299838,1.006077,1.065203,1.495577
7.382000,-0.000162,-0.006079,0.034797,-0.000031,-0.005645,-0.037326,-0.000000,-0.001015,1.570142,-0.300000,1.000000,1.100000,0.000000,0.000000,-1.571000,-0.299838,1.006079,1.065203,1.495578
7.384000,-0.000162,-0.006080,0.034797,-0.000031,-0.005645,-0.037326,-0.000000,-0.001015,1.570142,-0.300000,1.000000,1.100000,0.000000,0.000000,-1.571000,-0.299838,1.006080,1.065203,1.495579
7.386000,-0.000162,-0.006082,0.034797,-0.000031,-0.005645,-0.037326,-0.000000,-0.001015,1.570142,-0.300000,1.000000,1.100000,0.000000,0.000000,-1.571000,-0.299838,1.006082,1.065203,1.495581
7.388000,-0.000162,-0.006084,0.034797,-0.000031,-0.005645,-0.037326,-0.000000,-0.001015,1.570142,-0.300000,1.000000,1.100000,0.000000,0.000000,-1.571000,-0.299838,1.006084,1.065203,1.495582
7.390000,-0.000162,-0.006085,0.034797,-0.000031,-0.005645,-0.037326,-0.000000,-0.001015,1.570143,-0.300000,1.000000,1.100000,0.000000,0.000000,-1.571000,-0.299838,1.006085,1.065203,1.495583
7.392000,-0.000162,-0.006087,0.034797,-0.000031,-0.005645,-0.037326,-0.000000,-0.001015,1.570143,-0.300000,1.000000,1.100000,0.000000,0.000000,-1.571000,-0.299838,1.006087,1.065203,1.495584
7.394000,-0.000162,-0.006089,0.034797,-0.000031,-0.005645,-0.037326,-0.000000,-0.001015,1.570143,-0.300000,1.000000,1.100000,0.000000,0.000000,-1.571000,-0.299838,1.006089,1.065203,1.495585
7.396000,-0.000162,-0.006090,0.034797,-0.000031,-0.005645,-0.037326,-0.000000,-0.001015,1.570143,-0.300000,1.000000,1.100000,0.000000,0.000000,-1.571000,-0.299838,1.006090,1.065203,1.495586
7.398000,-0.000162,-0.006092,0.034797,-0.000031,-0.005645,-0.037326,-0.000000,-0.001015,1.570143,-0.300000,1.000000,1.100000,0.000000,0.000000,-1.571000,-0.299838,1.006092,1.065203,1.495587
7.400000,-0.000162,-0.006094,0.034797,-0.000031,-0.005645,-0.037326,-0.000000,-0.001015,1.570143,-0.300000,1.000000,1.100000,0.000000,0.000000,-1.571000,-0.299838,1.006094,1.065203,1.495588
7.402000,-0.000162,-0.006096,0.034797,-0.000031,-0.005645,-0.037326,-0.000000,-0.001015,1.570143,-0.300000,1.000000,1.100000,0.000000,0.000000,-1.571000,-0.299838,1.006096,1.065203,1.495590
7.404000,-0.000162,-0.006097,0.034797,-0.000031,-0.005645,-0.037326,-0.000000,-0.001015,1.570143,-0.300000,1.000000,1.100000,0.000000,0.000000,-1.571000,-0.299838,1.006097,1.065203,1.495591
7.406000,-0.000162,-0.006099,0.034797,-0.000031,-0.005645,-0.037326,-0.000000,-0.001015,1.570143,-0.300000,1.000000,1.100000,0.000000,0.000000,-1.571000,-0.299838,1.006099,1.065203,1.495592
7.408000,-0.000162,-0.006101,0.034797,-0.000031,-0.005645,-0.037326,-0.000000,-0.001015,1.570143,-0.300000,1.000000,1.100000,0.000000,0.000000,-1.571000,-0.299838,1.006101,1.065203,1.495593
7.410000,-0.000163,-0.006102,0.034797,-0.000031,-0.005645,-0.037326,-0.000000,-0.001015,1.570143,-0.300000,1.000000,1.100000,0.000000,0.000000,-1.571000,-0.299837,1.006102,1.065203,1.495594
7.412000,-0.000163,-0.006104,0.034797,-0.000031,-0.005645,-0.037326,-0.000000,-0.001015,1.570143,-0.300000,1.000000,1.100000,0.000000,0.000000,-1.571000,-0.299837,1.006104,1.065203,1.495595
7.414000,-0.000163,-0.006106,0.034797,-0.000031,-0.005645,-0.037326,-0.000000,-0.001015,1.570143,-0.300000,1.000000,1.100000,0.000000,0.000000,-1.571000,-0.299837,1.006106,1.065203,1.495596
7.416000,-0.000163,-0.006107,0.034797,-0.000031,-0.005645,-0.037326,-0.000000,-0.001015,1.570143,-0.300000,1.000000,1.100000,0.000000,0.000000,-1.571000,-0.299837,1.006107,1.065203,1.495597
7.418000,-0.000163,-0.006109,0.034797,-0.000031,-0.005645,-0.037326,-0.000000,-0.001015,1.570143,-0.300000,1.000000,1.100000,0.000000,0.000000,-1.571000,-0.299837,1.006109,1.065203,1.495598
7.420000,-0.000163,-0.006111,0.034797,-0.000031,-0.005645,-0.037326,-0.000000,-0.001015,1.570143,-0.300000,1.000000,1.100000,0.000000,0.000000,-1.571000,-0.299837,1.006111,1.065203,1.495600
7.422000,-0.000163,-0.006112,0.034797,-0.000031,-0.005645,-0.037326,-0.000000,-0.001015,1.570143,-0.300000,1.000000,1.100000,0.000000,0.000000,-1.571000,-0.299837,1.006112,1.065203,1.495601
7.424000,-0.000163,-0.006114,0.034797,-0.000031,-0.005645,-0.037326,-0.000000,-0.001015,1.570143,-0.300000,1.000000,1.100000,0.000000,0.000000,-1.571000,-0.299837,1.006114,1.065203,1.495602
7.426000,-0.000163,-0.006116,0.034797,-0.000031,-0.005645,-0.037326,-0.000000,-0.001015,1.570143,-0.300000,1.000000,1.100000,0.000000,0.000000,-1.571000,-0.299837,1.006116,1.065203,1.495603
7.428000,-0.000163,-0.006117,0.034797,-0.000031,-0.005645,-0.037326,-0.000000,-0.001015,1.570143,-0.300000,1.000000,1.100000,0.000000,0.000000,-1.571000,-0.299837,1.006117,1.065203,1.495604
7.430000,-0.000163,-0.006119,0.034797,-0.000031,-0.005645,-0.037326,-0.000000,-0.001015,1.570143,-0.300000,1.000000,1.100000,0.000000,0.000000,-1.571000,-0.299837,1.006119,1.065203,1.495605
7.432000,-0.000163,-0.006121,0.034797,-0.000031,-0.005645,-0.037326,-0.000000,-0.001015,1.570143,-0.300000,1.000000,1.100000,0.000000,0.000000,-1.571000,-0.299837,1.006121,1.065203,1.495606
7.434000,-0.000163,-0.006122,0.034797,-0.000031,-0.005645,-0.037326,-0.000000,-0.001015,1.570143,-0.300000,1.000000,1.100000,0.000000,0.000000,-1.571000,-0.299837,1.006122,1.065203,1.495607
7.436000,-0.000163,-0.006124,0.034797,-0.000031,-0.005645,-0.037326,-0.000000,-0.001015,1.570143,-0.300000,1.000000,1.100000,0.000000,0.000000,-1.571000,-0.299837,1.006124,1.065203,1.495609
7.438000,-0.000163,-0.006126,0.034797,-0.000031,-0.005645,-0.037326,-0.000000,-0.001015,1.570143,-0.300000,1.000000,1.100000,0.000000,0.000000,-1.571000,-0.299837,1.006126,1.065203,1.495610
7.440000,-0.000163,-0.006127,0.034797,-0.000031,-0.005645,-0.037326,-0.000000,-0.001015,1.570143,-0.300000,1.000000,1.100000,0.000000,0.000000,-1.571000,-0.299837,1.006127,1.065203,1.495611
7.442000,-0.000163,-0.006129,0.034797,-0.000031,-0.005645,-0.037326,-0.000000,-0.001015,1.570144,-0.300000,1.000000,1.100000,0.000000,0.000000,-1.571000,-0.299837,1.006129,1.065203,1.495612
7.444000,-0.000163,-0.006131,0.034797,-0.000031,-0.005645,-0.037326,-0.000000,-0.001015,1.570144,-0.300000,1.000000,1.100000,0.000000,0.000000,-1.571000,-0.299837,1.006131,1.065203,1.495613
7.446000,-0.000163,-0.006132,0.034797,-0.000031,-0.005645,-0.037326,-0.000000,-0.001015,1.570144,-0.300000,1.000000,1.100000,0.000000,0.000000,-1.571000,-0.299837,1.006132,1.065203,1.495614
7.448000,-0.000163,-0.006134,0.034797,-0.000031,-0.005645,-0.037326,-0.000000,-0.001015,1.570144,-0.300000,1.000000,1.100000,0.000000,0.000000,-1.571000,-0.299837,1.006134,1.065203,1.495615
7.450000,-0.000163,-0.006136,0.034797,-0.000031,-0.005645,-0.037326,-0.000000,-0.001015,1.570144,-0.300000,1.000000,1.100000,0.000000,0.000000,-1.571000,-0.299837,1.006136,1.065203,1.495616
7.452000,-0.000163,-0.006137,0.034797,-0.000031,-0.005645,-0.037326,-0.000000,-0.001015,1.570144,-0.300000,1.000000,1.100000,0.000000,0.000000,-1.571000,-0.299837,1.006137,1.065203,1.495617
7.454000,-0.000164,-0.006139,0.034797,-0.000031,-0.005645,-0.037326,-0.000000,-0.001015,1.570144,-0.300000,1.000000,1.100000,0.000000,0.000000,-1.571000,-0.299836,1.006139,1.065203,1.495619
7.456000,-0.000164,-0.006141,0.034797,-0.000031,-0.005645,-0.037326,-0.000000,-0.001015,1.570144,-0.300000,1.000000,1.100000,0.000000,0.000000,-1.571000,-0.299836,1.006141,1.065203,1.495620
7.458000,-0.000164,-0.006142,0.034797,-0.000031,-0.005645,-0.037326,-0.000000,-0.001015,1.570144,-0.300000,1.000000,1.100000,0.000000,0.000000,-1.571000,-0.299836,1.006142,1.065203,1.495621
7.460000,-0.000164,-0.006144,0.034797,-0.000031,-0.005645,-0.037326,-0.000000,-0.001015,1.570144,-0.300000,1.000000,1.100000,0.000000,0.000000,-1.571000,-0.299836,1.006144,1.065203,1.495622
7.462000,-0.000164,-0.006146,0.034797,-0.000031,-0.005645,-0.037326,-0.000000,-0.001015,1.570144,-0.300000,1.000000,1.100000,0.000000,0.000000,-1.571000,-0.299836,1.006146,1.065203,1.495623
7.464000,-0.000164,-0.006147,0.034797,-0.000031,-0.005645,-0.037326,-0.000000,-0.001015,1.570144,-0.300000,1.000000,1.100000,0.000000,0.000000,-1.571000,-0.299836,1.006147,1.065203,1.495624
7.466000,-0.000164,-0.006149,0.034797,-0.000031,-0.005645,-0.037326,-0.000000,-0.001015,1.570144,-0.300000,1.000000,1.100000,0.000000,0.000000,-1.571000,-0.299836,1.006149,1.065203,1.495625
7.468000,-0.000164,-0.006151,0.034797,-0.000031,-0.005645,-0.037326,-0.000000,-0.001015,1.570144,-0.300000,1.000000,1.100000,0.000000,0.000000,-1.571000,-0.299836,1.006151,1.065203,1.495626
7.470000,-0.000164,-0.006152,0.034797,-0.000031,-0.005645,-0.037326,-0.000000,-0.001015,1.570144,-0.300000,1.000000,1.100000,0.000000,0.000000,-1.571000,-0.299836,1.006152,1.065203,1.495628
7.472000,-0.000164,-0.006154,0.034797,-0.000031,-0.005645,-0.037326,-0.000000,-0.001015,1.570144,-0.300000,1.000000,1.100000,0.000000,0.000000,-1.571000,-0.299836,1.006154,1.065203,1.495629
7.474000,-0.000164,-0.006156,0.034797,-0.000031,-0.005645,-0.037326,-0.000000,-0.001015,1.570144,-0.300000,1.000000,1.100000,0.000000,0.000000,-1.571000,-0.299836,1.006156,1.065203,1.495630
7.476000,-0.000164,-0.006157,0.034797,-0.000031,-0.005645,-0.037326,-0.000000,-0.001015,1.570144,-0.300000,1.000000,1.100000,0.000000,0.000000,-1.571000,-0.299836,1.006157,1.065203,1.495631
7.478000,-0.000164,-0.006159,0.034797,-0.000031,-0.005645,-0.037326,-0.000000,-0.001015,1.570144,-0.300000,1.000000,1.100000,0.000000,0.000000,-1.571000,-0.299836,1.006159,1.065203,1.495632
7.480000,-0.000164,-0.006161,0.034797,-0.000031,-0.005645,-0.037326,-0.000000,-0.001015,1.570144,-0.300000,1.000000,1.100000,0.000000,0.000000,-1.571000,-0.299836,1.006161,1.065203,1.495633
7.482000,-0.000164,-0.006163,0.034797,-0.000031,-0.005645,-0.037326,-0.000000,-0.001015,1.570144,-0.300000,1.000000,1.100000,0.000000,0.000000,-1.571000,-0.299836,1.006163,1.065203,1.495634
7.484000,-0.000164,-0.006164,0.034797,-0.000031,-0.005645,-0.037326,-0.000000,-0.001015,1.570144,-0.300000,1.000000,1.100000,0.000000,0.000000,-1.571000,-0.299836,1.006164,1.065203,1.495635
7.486000,-0.000164,-0.006166,0.034797,-0.000031,-0.005645,-0.037326,-0.000000,-0.001015,1.570144,-0.300000,1.000000,1.100000,0.000000,0.000000,-1.571000,-0.299836,1.006166,1.065203,1.495636
7.488000,-0.000164,-0.006168,0.034797,-0.000031,-0.005645,-0.037326,-0.000000,-0.001015,1.570144,-0.300000,1.000000,1.100000,0.000000,0.000000,-1.571000,-0.299836,1.006168,1.065203,1.495638
7.490000,-0.000164,-0.006169,0.034797,-0.000031,-0.005645,-0.037326,-0.000000,-0.001015,1.570144,-0.300000,1.000000,1.100000,0.000000,0.000000,-1.571000,-0.299836,1.006169,1.065203,1.495639
7.492000,-0.000164,-0.006171,0.034797,-0.000031,-0.005645,-0.037326,-0.000000,-0.001015,1.570145,-0.300000,1.000000,1.100000,0.000000,0.000000,-1.571000,-0.299836,1.006171,1.065203,1.495640
7.494000,-0.000164,-0.006173,0.034797,-0.000031,-0.005645,-0.037326,-0.000000,-0.001015,1.570145,-0.300000,1.000000,1.100000,0.000000,0.000000,-1.571000,-0.299836,1.006173,1.065203,1.495641
7.496000,-0.000164,-0.006174,0.034797,-0.000031,-0.005645,-0.037326,-0.000000,-0.001015,1.570145,-0.300000,1.000000,1.100000,0.000000,0.000000,-1.571000,-0.299836,1.006174,1.065203,1.495642
7.498000,-0.000164,-0.006176,0.034797,-0.000031,-0.005645,-0.037326,-0.000000,-0.001015,1.570145,-0.300000,1.000000,1.100000,0.000000,0.000000,-1.571000,-0.299836,1.006176,1.065203,1.495643
7.500000,-0.000165,-0.006178,0.034797,-0.000031,-0.005645,-0.037326,-0.000000,-0.001015,1.570145,-0.300000,1.000000,1.100000,0.000000,0.000000,-1.571000,-0.299835,1.006178,1.065203,1.495644
7.502000,-0.000165,-0.006179,0.034797,-0.000031,-0.005645,-0.037326,-0.000000,-0.001015,1.570145,-0.300000,1.000000,1.100000,0.000000,0.000000,-1.571000,-0.299835,1.006179,1.065203,1.495645
7.504000,-0.000165,-0.006181,0.034797,-0.000031,-0.005645,-0.037326,-0.000000,-0.001015,1.570145,-0.300000,1.000000,1.100000,0.000000,0.000000,-1.571000,-0.299835,1.006181,1.065203,1.495647
7.506000,-0.000165,-0.006183,0.034797,-0.000031,-0.005645,-0.037326,-0.000000,-0.001015,1.570145,-0.300000,1.000000,1.100000,0.000000,0.000000,-1.571000,-0.299835,1.006183,1.065203,1.495648
7.508000,-0.000165,-0.006184,0.034797,-0.000031,-0.005645,-0.037326,-0.000000,-0.001015,1.570145,-0.300000,1.000000,1.100000,0.000000,0.000000,-1.571000,-0.299835,1.006184,1.065203,1.495649
7.510000,-0.000165,-0.006186,0.034797,-0.000031,-0.005645,-0.037326,-0.000000,-0.001015,1.570145,-0.300000,1.000000,1.100000,0.000000,0.000000,-1.571000,-0.299835,1.006186,1.065203,1.495650
7.512000,-0.000165,-0.006188,0.034797,-0.000031,-0.005645,-0.037326,-0.000000,-0.001015,1.570145,-0.300000,1.000000,1.100000,0.000000,0.000000,-1.571000,-0.299835,1.006188,1.065203,1.495651
7.514000,-0.000165,-0.006189,0.034797,-0.000031,-0.005645,-0.037326,-0.000000,-0.001015,1.570145,-0.300000,1.000000,1.100000,0.000000,0.000000,-1.571000,-0.299835,1.006189,1.065203,1.495652
7.516000,-0.000165,-0.006191,0.034797,-0.000031,-0.005645,-0.037326,-0.000000,-0.001015,1.570145,-0.300000,1.000000,1.100000,0.000000,0.000000,-1.571000,-0.299835,1.006191,1.065203,1.495653
7.518000,-0.000165,-0.006193,0.034797,-0.000031,-0.005645,-0.037326,-0.000000,-0.001015,1.570145,-0.300000,1.000000,1.100000,0.000000,0.000000,-1.571000,-0.299835,1.006193,1.065203,1.495654
7.520000,-0.000165,-0.006194,0.034797,-0.000031,-0.005645,-0.037326,-0.000000,-0.001015,1.570145,-0.300000,1.000000,1.100000,0.000000,0.000000,-1.571000,-0.299835,1.006194,1.065203,1.495655
7.522000,-0.000165,-0.006196,0.034797,-0.000031,-0.005645,-0.037326,-0.000000,-0.001015,1.570145,-0.300000,1.000000,1.100000,0.000000,0.000000,-1.571000,-0.299835,1.006196,1.065203,1.495657
7.524000,-0.000165,-0.006198,0.034797,-0.000031,-0.005645,-0.037326,-0.000000,-0.001015,1.570145,-0.300000,1.000000,1.100000,0.000000,0.000000,-1.571000,-0.299835,1.006198,1.065203,1.495658
7.526000,-0.000165,-0.006199,0.034797,-0.000031,-0.005645,-0.037326,-0.000000,-0.001015,1.570145,-0.300000,1.000000,1.100000,0.000000,0.000000,-1.571000,-0.299835,1.006199,1.065203,1.495659
7.528000,-0.000165,-0.006201,0.034797,-0.000031,-0.005645,-0.037326,-0.000000,-0.001015,1.570145,-0.300000,1.000000,1.100000,0.000000,0.000000,-1.571000,-0.299835,1.006201,1.065203,1.495660
7.530000,-0.000165,-0.006203,0.034797,-0.000031,-0.005645,-0.037326,-0.000000,-0.001015,1.570145,-0.300000,1.000000,1.100000,0.000000,0.000000,-1.571000,-0.299835,1.006203,1.065203,1.495661
7.532000,-0.000165,-0.006204,0.034797,-0.000031,-0.005645,-0.037326,-0.000000,-0.001015,1.570145,-0.300000,1.000000,1.100000,0.000000,0.000000,-1.571000,-0.299835,1.006204,1.065203,1.495662
7.534000,-0.000165,-0.006206,0.034797,-0.000031,-0.005645,-0.037326,-0.000000,-0.001015,1.570145,-0.300000,1.000000,1.100000,0.000000,0.000000,-1.571000,-0.299835,1.006206,1.065203,1.495663
7.536000,-0.000165,-0.006208,0.034797,-0.000031,-0.005645,-0.037326,-0.000000,-0.001015,1.570145,-0.300000,1.000000,1.100000,0.000000,0.000000,-1.571000,-0.299835,1.006208,1.065203,1.495664
7.538000,-0.000165,-0.006209,0.034797,-0.000031,-0.005645,-0.037326,-0.000000,-0.001015,1.570145,-0.300000,1.000000,1.100000,0.000000,0.000000,-1.571000,-0.299835,1.006209,1.065203,1.495666
7.540000,-0.000165,-0.006211,0.034797,-0.000031,-0.005645,-0.037326,-0.000000,-0.001015,1.570145,-0.300000,1.000000,1.100000,0.000000,0.000000,-1.571000,-0.299835,1.006211,1.065203,1.495667
7.542000,-0.000165,-0.006213,0.034797,-0.000031,-0.005645,-0.037326,-0.000000,-0.001015,1.570146,-0.300000,1.000000,1.100000,0.000000,0.000000,-1.571000,-0.299835,1.006213,1.065203,1.495668
7.544000,-0.000166,-0.006214,0.034797,-0.000031,-0.005645,-0.037326,-0.000000,-0.001015,1.570146,-0.300000,1.000000,1.100000,0.000000,0.000000,-1.571000,-0.299834,1.006214,1.065203,1.495669
7.546000,-0.000166,-0.006216,0.034797,-0.000031,-0.005645,-0.037326,-0.000000,-0.001015,1.570146,-0.300000,1.000000,1.100000,0.000000,0.000000,-1.571000,-0.299834,1.006216,1.065203,1.495670
7.548000,-0.000166,-0.006218,0.034797,-0.000031,-0.005645,-0.037326,-0.000000,-0.001015,1.570146,-0.300000,1.000000,1.100000,0.000000,0.000000,-1.571000,-0.299834,1.006218,1.065203,1.495671
7.550000,-0.000166,-0.006219,0.034797,-0.000031,-0.005645,-0.037326,-0.000000,-0.001015,1.570146,-0.300000,1.000000,1.100000,0.000000,0.000000,-1.571000,-0.299834,1.006219,1.065203,1.495672
7.552000,-0.000166,-0.006221,0.034797,-0.000031,-0.005645,-0.037326,-0.000000,-0.001015,1.570146,-0.300000,1.000000,1.100000,0.000000,0.000000,-1.571000,-0.299834,1.006221,1.065203,1.495673
7.554000,-0.000166,-0.006223,0.034797,-0.000031,-0.005645,-0.037326,-0.000000,-0.001015,1.570146,-0.300000,1.000000,1.100000,0.000000,0.000000,-1.571000,-0.299834,1.006223,1.065203,1.495674
7.556000,-0.000166,-0.006224,0.034797,-0.000031,-0.005645,-0.037326,-0.000000,-0.001015,1.570146,-0.300000,1.000000,1.100000,0.000000,0.000000,-1.571000,-0.299834,1.006224,1.065203,1.495676
7.558000,-0.000166,-0.006226,0.034797,-0.000031,-0.005645,-0.037326,-0.000000,-0.001015,1.570146,-0.300000,1.000000,1.100000,0.000000,0.000000,-1.571000,-0.299834,1.006226,1.065203,1.495677
7.560000,-0.000166,-0.006228,0.034797,-0.000031,-0.005645,-0.037326,-0.000000,-0.001015,1.570146,-0.300000,1.000000,1.100000,0.000000,0.000000,-1.571000,-0.299834,1.006228,1.065203,1.495678
7.562000,-0.000166,-0.006229,0.034797,-0.000031,-0.005645,-0.037326,-0.000000,-0.001015,1.570146,-0.300000,1.000000,1.100000,0.000000,0.000000,-1.571000,-0.299834,1.006229,1.065203,1.495679
7.564000,-0.000166,-0.006231,0.034797,-0.000031,-0.005645,-0.037326,-0.000000,-0.001015,1.570146,-0.300000,1.000000,1.100000,0.000000,0.000000,-1.571000,-0.299834,1.006231,1.065203,1.495680
7.566000,-0.000166,-0.006233,0.034797,-0.000031,-0.005645,-0.037326,-0.000000,-0.001015,1.570146,-0.300000,1.000000,1.100000,0.000000,0.000000,-1.571000,-0.299834,1.006233,1.065203,1.495681
7.568000,-0.000166,-0.006235,0.034797,-0.000031,-0.005645,-0.037326,-0.000000,-0.001015,1.570146,-0.300000,1.000000,1.100000,0.000000,0.000000,-1.571000,-0.299834,1.006235,1.065203,1.495682
7.570000,-0.000166,-0.006236,0.034797,-0.000031,-0.005645,-0.037326,-0.000000,-0.001015,1.570146,-0.300000,1.000000,1.100000,0.000000,0.000000,-1.571000,-0.299834,1.006236,1.065203,1.495683
7.572000,-0.000166,-0.006238,0.034797,-0.000031,-0.005645,-0.037326,-0.000000,-0.001015,1.570146,-0.300000,1.000000,1.100000,0.000000,0.000000,-1.571000,-0.299834,1.006238,1.065203,1.495685
7.574000,-0.000166,-0.006240,0.034797,-0.000031,-0.005645,-0.037326,-0.000000,-0.001015,1.570146,-0.300000,1.000000,1.100000,0.000000,0.000000,-1.571000,-0.299834,1.006240,1.065203,1.495686
7.576000,-0.000166,-0.006241,0.034797,-0.000031,-0.005645,-0.037326,-0.000000,-0.001015,1.570146,-0.300000,1.000000,1.100000,0.000000,0.000000,-1.571000,-0.299834,1.006241,1.065203,1.495687
7.578000,-0.000166,-0.006243,0.034797,-0.000031,-0.005645,-0.037326,-0.000000,-0.001015,1.570146,-0.300000,1.000000,1.100000,0.000000,0.000000,-1.571000,-0.299834,1.006243,1.065203,1.495688
7.580000,-0.000166,-0.006245,0.034797,-0.000031,-0.005645,-0.037326,-0.000000,-0.001015,1.570146,-0.300000,1.000000,1.100000,0.000000,0.000000,-1.571000,-0.299834,1.006245,1.065203,1.495689
7.582000,-0.000166,-0.006246,0.034797,-0.000031,-0.005645,-0.037326,-0.000000,-0.001015,1.570146,-0.300000,1.000000,1.100000,0.000000,0.000000,-1.571000,-0.299834,1.006246,1.065203,1.495690
7.584000,-0.000166,-0.006248,0.034797,-0.000031,-0.005645,-0.037326,-0.000000,-0.001015,1.570146,-0.300000,1.000000,1.100000,0.000000,0.000000,-1.571000,-0.299834,1.006248,1.065203,1.495691
7.586000,-0.000166,-0.006250,0.034797,-0.000031,-0.005645,-0.037326,-0.000000,-0.001015,1.570146,-0.300000,1.000000,1.100000,0.000000,0.000000,-1.571000,-0.299834,1.006250,1.065203,1.495692
7.588000,-0.000167,-0.006251,0.034797,-0.000031,-0.005645,-0.037326,-0.000000,-0.001015,1.570146,-0.300000,1.000000,1.100000,0.000000,0.000000,-1.571000,-0.299833,1.006251,1.065203,1.495693
7.590000,-0.000167,-0.006253,0.034797,-0.000031,-0.005645,-0.037326,-0.000000,-0.001015,1.570146,-0.300000,1.000000,1.100000,0.000000,0.000000,-1.571000,-0.299833,1.006253,1.065203,1.495695
7.592000,-0.000167,-0.006255,0.034797,-0.000031,-0.005645,-0.037326,-0.000000,-0.001015,1.570146,-0.300000,1.000000,1.100000,0.000000,0.000000,-1.571000,-0.299833,1.006255,1.065203,1.495696
7.594000,-0.000167,-0.006256,0.034797,-0.000031,-0.005645,-0.037326,-0.000000,-0.001015,1.570147,-0.300000,1.000000,1.100000,0.000000,0.000000,-1.571000,-0.299833,1.006256,1.065203,1.495697
7.596000,-0.000167,-0.006258,0.034797,-0.000031,-0.005645,-0.037326,-0.000000,-0.001015,1.570147,-0.300000,1.000000,1.100000,0.000000,0.000000,-1.571000,-0.299833,1.006258,1.065203,1.495698
7.598000,-0.000167,-0.006260,0.034797,-0.000031,-0.005645,-0.037326,-0.000000,-0.001015,1.570147,-0.300000,1.000000,1.100000,0.000000,0.000000,-1.571000,-0.299833,1.006260,1.065203,1.495699
7.600000,-0.000167,-0.006261,0.034797,-0.000031,-0.005645,-0.037326,-0.000000,-0.001015,1.570147,-0.300000,1.000000,1.100000,0.000000,0.000000,-1.571000,-0.299833,1.006261,1.065203,1.495700
7.602000,-0.000167,-0.006263,0.034797,-0.000031,-0.005645,-0.037326,-0.000000,-0.001015,1.570147,-0.300000,1.000000,1.100000,0.000000,0.000000,-1.571000,-0.299833,1.006263,1.065203,1.495701
7.604000,-0.000167,-0.006265,0.034797,-0.000031,-0.005645,-0.037326,-0.000000,-0.001015,1.570147,-0.300000,1.000000,1.100000,0.000000,0.000000,-1.571000,-0.299833,1.006265,1.065203,1.495702
7.606000,-0.000167,-0.006266,0.034797,-0.000031,-0.005645,-0.037326,-0.000000,-0.001015,1.570147,-0.300000,1.000000,1.100000,0.000000,0.000000,-1.571000,-0.299833,1.006266,1.065203,1.495704
7.608000,-0.000167,-0.006268,0.034797,-0.000031,-0.005645,-0.037326,-0.000000,-0.001015,1.570147,-0.300000,1.000000,1.100000,0.000000,0.000000,-1.571000,-0.299833,1.006268,1.065203,1.495705
7.610000,-0.000167,-0.006270,0.034797,-0.000031,-0.005645,-0.037326,-0.000000,-0.001015,1.570147,-0.300000,1.000000,1.100000,0.000000,0.000000,-1.571000,-0.299833,1.006270,1.065203,1.495706
7.612000,-0.000167,-0.006271,0.034797,-0.000031,-0.005645,-0.037326,-0.000000,-0.001015,1.570147,-0.300000,1.000000,1.100000,0.000000,0.000000,-1.571000,-0.299833,1.006271,1.065203,1.495707
7.614000,-0.000167,-0.006273,0.034797,-0.000031,-0.005645,-0.037326,-0.000000,-0.001015,1.570147,-0.300000,1.000000,1.100000,0.000000,0.000000,-1.571000,-0.299833,1.006273,1.065203,1.495708
7.616000,-0.000167,-0.006275,0.034797,-0.000031,-0.005645,-0.037326,-0.000000,-0.001015,1.570147,-0.300000,1.000000,1.100000,0.000000,0.000000,-1.571000,-0.299833,1.006275,1.065203,1.495709
7.618000,-0.000167,-0.006276,0.034797,-0.000031,-0.005645,-0.037326,-0.000000,-0.001015,1.570147,-0.300000,1.000000,1.100000,0.000000,0.000000,-1.571000,-0.299833,1.006276,1.065203,1.495710
7.620000,-0.000167,-0.006278,0.034797,-0.000031,-0.005645,-0.037326,-0.000000,-0.001015,1.570147,-0.300000,1.000000,1.100000,0.000000,0.000000,-1.571000,-0.299833,1.006278,1.065203,1.495711
7.622000,-0.000167,-0.006280,0.034797,-0.000031,-0.005645,-0.037326,-0.000000,-0.001015,1.570147,-0.300000,1.000000,1.100000,0.000000,0.000000,-1.571000,-0.299833,1.006280,1.065203,1.495712
7.624000,-0.000167,-0.006281,0.034797,-0.000031,-0.005645,-0.037326,-0.000000,-0.001015,1.570147,-0.300000,1.000000,1.100000,0.000000,0.000000,-1.571000,-0.299833,1.006281,1.065203,1.495714
7.626000,-0.000167,-0.006283,0.034797,-0.000031,-0.005645,-0.037326,-0.000000,-0.001015,1.570147,-0.300000,1.000000,1.100000,0.000000,0.000000,-1.571000,-0.299833,1.006283,1.065203,1.495715
7.628000,-0.000167,-0.006285,0.034797,-0.000031,-0.005645,-0.037326,-0.000000,-0.001015,1.570147,-0.300000,1.000000,1.100000,0.000000,0.000000,-1.571000,-0.299833,1.006285,1.065203,1.495716
7.630000,-0.000167,-0.006286,0.034797,-0.000031,-0.005645,-0.037326,-0.000000,-0.001015,1.570147,-0.300000,1.000000,1.100000,0.000000,0.000000,-1.571000,-0.299833,1.006286,1.065203,1.495717
7.632000,-0.000168,-0.006288,0.034797,-0.000031,-0.005645,-0.037326,-0.000000,-0.001015,1.570147,-0.300000,1.000000,1.100000,0.000000,0.000000,-1.571000,-0.299832,1.006288,1.065203,1.495718
7.634000,-0.000168,-0.006290,0.034797,-0.000031,-0.005645,-0.037326,-0.000000,-0.001015,1.570147,-0.300000,1.000000,1.100000,0.000000,0.000000,-1.571000,-0.299832,1.006290,1.065203,1.495719
7.636000,-0.000168,-0.006291,0.034797,-0.000031,-0.005645,-0.037326,-0.000000,-0.001015,1.570147,-0.300000,1.000000,1.100000,0.000000,0.000000,-1.571000,-0.299832,1.006291,1.065203,1.495720
7.638000,-0.000168,-0.006293,0.034797,-0.000031,-0.005645,-0.037326,-0.000000,-0.001015,1.570147,-0.300000,1.000000,1.100000,0.000000,0.000000,-1.571000,-0.299832,1.006293,1.065203,1.495721
7.640000,-0.000168,-0.006295,0.034797,-0.000031,-0.005645,-0.037326,-0.000000,-0.001015,1.570147,-0.300000,1.000000,1.100000,0.000000,0.000000,-1.571000,-0.299832,1.006295,1.065203,1.495723
7.642000,-0.000168,-0.006296,0.034797,-0.000031,-0.005645,-0.037326,-0.000000,-0.001015,1.570147,-0.300000,1.000000,1.100000,0.000000,0.000000,-1.571000,-0.299832,1.006296,1.065203,1.495724
7.644000,-0.000168,-0.006298,0.034797,-0.000031,-0.005645,-0.037326,-0.000000,-0.001015,1.570148,-0.300000,1.000000,1.100000,0.000000,0.000000,-1.571000,-0.299832,1.006298,1.065203,1.495725
7.646000,-0.000168,-0.006300,0.034797,-0.000031,-0.005645,-0.037326,-0.000000,-0.001015,1.570148,-0.300000,1.000000,1.100000,0.000000,0.000000,-1.571000,-0.299832,1.006300,1.065203,1.495726
7.648000,-0.000168,-0.006302,0.034797,-0.000031,-0.005645,-0.037326,-0.000000,-0.001015,1.570148,-0.300000,1.000000,1.100000,0.000000,0.000000,-1.571000,-0.299832,1.006302,1.065203,1.495727
7.650000,-0.000168,-0.006303,0.034797,-0.000031,-0.005645,-0.037326,-0.000000,-0.001015,1.570148,-0.300000,1.000000,1.100000,0.000000,0.000000,-1.571000,-0.299832,1.006303,1.065203,1.495728
7.652000,-0.000168,-0.006305,0.034797,-0.000031,-0.005645,-0.037326,-0.000000,-0.001015,1.570148,-0.300000,1.000000,1.100000,0.000000,0.000000,-1.571000,-0.299832,1.006305,1.065203,1.495729
7.654000,-0.000168,-0.006307,0.034797,-0.000031,-0.005645,-0.037326,-0.000000,-0.001015,1.570148,-0.300000,1.000000,1.100000,0.000000,0.000000,-1.571000,-0.299832,1.006307,1.065203,1.495730
7.656000,-0.000168,-0.006308,0.034797,-0.000031,-0.005645,-0.037326,-0.000000,-0.001015,1.570148,-0.300000,1.000000,1.100000,0.000000,0.000000,-1.571000,-0.299832,1.006308,1.065203,1.495731
7.658000,-0.000168,-0.006310,0.034797,-0.000031,-0.005645,-0.037326,-0.000000,-0.001015,1.570148,-0.300000,1.000000,1.100000,0.000000,0.000000,-1.571000,-0.299832,1.006310,1.065203,1.495733
7.660000,-0.000168,-0.006312,0.034797,-0.000031,-0.005645,-0.037326,-0.000000,-0.001015,1.570148,-0.300000,1.000000,1.100000,0.000000,0.000000,-1.571000,-0.299832,1.006312,1.065203,1.495734
7.662000,-0.000168,-0.006313,0.034797,-0.000031,-0.005645,-0.037326,-0.000000,-0.001015,1.570148,-0.300000,1.000000,1.100000,0.000000,0.000000,-1.571000,-0.299832,1.006313,1.065203,1.495735
7.664000,-0.000168,-0.006315,0.034797,-0.000031,-0.005645,-0.037326,-0.000000,-0.001015,1.570148,-0.300000,1.000000,1.100000,0.000000,0.000000,-1.571000,-0.299832,1.006315,1.065203,1.495736
7.666000,-0.000168,-0.006317,0.034797,-0.000031,-0.005645,-0.037326,-0.000000,-0.001015,1.570148,-0.300000,1.000000,1.100000,0.000000,0.000000,-1.571000,-0.299832,1.006317,1.065203,1.495737
7.668000,-0.000168,-0.006318,0.034797,-0.000031,-0.005645,-0.037326,-0.000000,-0.001015,1.570148,-0.300000,1.000000,1.100000,0.000000,0.000000,-1.571000,-0.299832,1.006318,1.065203,1.495738
7.670000,-0.000168,-0.006320,0.034797,-0.000031,-0.005645,-0.037326,-0.000000,-0.001015,1.570148,-0.300000,1.000000,1.100000,0.000000,0.000000,-1.571000,-0.299832,1.006320,1.065203,1.495739
7.672000,-0.000168,-0.006322,0.034797,-0.000031,-0.005645,-0.037326,-0.000000,-0.001015,1.570148,-0.300000,1.000000,1.100000,0.000000,0.000000,-1.571000,-0.299832,1.006322,1.065203,1.495740
7.674000,-0.000168,-0.006323,0.034797,-0.000031,-0.005645,-0.037326,-0.000000,-0.001015,1.570148,-0.300000,1.000000,1.100000,0.000000,0.000000,-1.571000,-0.299832,1.006323,1.065203,1.495742
7.676000,-0.000169,-0.006325,0.034797,-0.000031,-0.005645,-0.037326,-0.000000,-0.001015,1.570148,-0.300000,1.000000,1.100000,0.000000,0.000000,-1.571000,-0.299831,1.006325,1.065203,1.495743
7.678000,-0.000169,-0.006327,0.034797,-0.000031,-0.005645,-0.037326,-0.000000,-0.001015,1.570148,-0.300000,1.000000,1.100000,0.000000,0.000000,-1.571000,-0.299831,1.006327,1.065203,1.495744
7.680000,-0.000169,-0.006328,0.034797,-0.000031,-0.005645,-0.037326,-0.000000,-0.001015,1.570148,-0.300000,1.000000,1.100000,0.000000,0.000000,-1.571000,-0.299831,1.006328,1.065203,1.495745
7.682000,-0.000169,-0.006330,0.034797,-0.000031,-0.005645,-0.037326,-0.000000,-0.001015,1.570148,-0.300000,1.000000,1.100000,0.000000,0.000000,-1.571000,-0.299831,1.006330,1.065203,1.495746
7.684000,-0.000169,-0.006332,0.034797,-0.000031,-0.005645,-0.037326,-0.000000,-0.001015,1.570148,-0.300000,1.000000,1.100000,0.000000,0.000000,-1.571000,-0.299831,1.006332,1.065203,1.495747
7.686000,-0.000169,-0.006333,0.034797,-0.000031,-0.005645,-0.037326,-0.000000,-0.001015,1.570148,-0.300000,1.000000,1.100000,0.000000,0.000000,-1.571000,-0.299831,1.006333,1.065203,1.495748
7.688000,-0.000169,-0.006335,0.034797,-0.000031,-0.005645,-0.037326,-0.000000,-0.001015,1.570148,-0.300000,1.000000,1.100000,0.000000,0.000000,-1.571000,-0.299831,1.006335,1.065203,1.495749
7.690000,-0.000169,-0.006337,0.034797,-0.000031,-0.005645,-0.037326,-0.000000,-0.001015,1.570148,-0.300000,1.000000,1.100000,0.000000,0.000000,-1.571000,-0.299831,1.006337,1.065203,1.495750
7.692000,-0.000169,-0.006338,0.034797,-0.000031,-0.005645,-0.037326,-0.000000,-0.001015,1.570148,-0.300000,1.000000,1.100000,0.000000,0.000000,-1.571000,-0.299831,1.006338,1.065203,1.495752
7.694000,-0.000169,-0.006340,0.034797,-0.000031,-0.005645,-0.037326,-0.000000,-0.001015,1.570148,-0.300000,1.000000,1.100000,0.000000,0.000000,-1.571000,-0.299831,1.006340,1.065203,1.495753
7.696000,-0.000169,-0.006342,0.034797,-0.000031,-0.005645,-0.037326,-0.000000,-0.001015,1.570149,-0.300000,1.000000,1.100000,0.000000,0.000000,-1.571000,-0.299831,1.006342,1.065203,1.495754
7.698000,-0.000169,-0.006343,0.034797,-0.000031,-0.005645,-0.037326,-0.000000,-0.001015,1.570149,-0.300000,1.000000,1.100000,0.000000,0.000000,-1.571000,-0.299831,1.006343,1.065203,1.495755
7.700000,-0.000169,-0.006345,0.034797,-0.000031,-0.005645,-0.037326,-0.000000,-0.001015,1.570149,-0.300000,1.000000,1.100000,0.000000,0.000000,-1.571000,-0.299831,1.006345,1.065203,1.495756
7.702000,-0.000169,-0.006347,0.034797,-0.000031,-0.005645,-0.037326,-0.000000,-0.001015,1.570149,-0.300000,1.000000,1.100000,0.000000,0.000000,-1.571000,-0.299831,1.006347,1.065203,1.495757
7.704000,-0.000169,-0.006348,0.034797,-0.000031,-0.005645,-0.037326,-0.000000,-0.001015,1.570149,-0.300000,1.000000,1.100000,0.000000,0.000000,-1.571000,-0.299831,1.006348,1.065203,1.495758
7.706000,-0.000169,-0.006350,0.034797,-0.000031,-0.005645,-0.037326,-0.000000,-0.001015,1.570149,-0.300000,1.000000,1.100000,0.000000,0.000000,-1.571000,-0.299831,1.006350,1.065203,1.495759
7.708000,-0.000169,-0.006352,0.034797,-0.000031,-0.005645,-0.037326,-0.000000,-0.001015,1.570149,-0.300000,1.000000,1.100000,0.000000,0.000000,-1.571000,-0.299831,1.006352,1.065203,1.495761
7.710000,-0.000169,-0.006353,0.034797,-0.000031,-0.005645,-0.037326,-0.000000,-0.001015,1.570149,-0.300000,1.000000,1.100000,0.000000,0.000000,-1.571000,-0.299831,1.006353,1.065203,1.495762
7.712000,-0.000169,-0.006355,0.034797,-0.000031,-0.005645,-0.037326,-0.000000,-0.001015,1.570149,-0.300000,1.000000,1.100000,0.000000,0.000000,-1.571000,-0.299831,1.006355,1.065203,1.495763
7.714000,-0.000169,-0.006357,0.034797,-0.000031,-0.005645,-0.037326,-0.000000,-0.001015,1.570149,-0.300000,1.000000,1.100000,0.000000,0.000000,-1.571000,-0.299831,1.006357,1.065203,1.495764
7.716000,-0.000169,-0.006358,0.034797,-0.000031,-0.005645,-0.037326,-0.000000,-0.001015,1.570149,-0.300000,1.000000,1.100000,0.000000,0.000000,-1.571000,-0.299831,1.006358,1.065203,1.495765
7.718000,-0.000169,-0.006360,0.034797,-0.000031,-0.005645,-0.037326,-0.000000,-0.001015,1.570149,-0.300000,1.000000,1.100000,0.000000,0.000000,-1.571000,-0.299831,1.006360,1.065203,1.495766
7.720000,-0.000170,-0.006362,0.034797,-0.000031,-0.005645,-0.037326,-0.000000,-0.001015,1.570149,-0.300000,1.000000,1.100000,0.000000,0.000000,-1.571000,-0.299830,1.006362,1.065203,1.495767
7.722000,-0.000170,-0.006363,0.034797,-0.000031,-0.005645,-0.037326,-0.000000,-0.001015,1.570149,-0.300000,1.000000,1.100000,0.000000,0.000000,-1.571000,-0.299830,1.006363,1.065203,1.495768
7.724000,-0.000170,-0.006365,0.034797,-0.000031,-0.005645,-0.037326,-0.000000,-0.001015,1.570149,-0.300000,1.000000,1.100000,0.000000,0.000000,-1.571000,-0.299830,1.006365,1.065203,1.495769
7.726000,-0.000170,-0.006367,0.034797,-0.000031,-0.005645,-0.037326,-0.000000,-0.001015,1.570149,-0.300000,1.000000,1.100000,0.000000,0.000000,-1.571000,-0.299830,1.006367,1.065203,1.495771
7.728000,-0.000170,-0.006368,0.034797,-0.000031,-0.005645,-0.037326,-0.000000,-0.001015,1.570149,-0.300000,1.000000,1.100000,0.000000,0.000000,-1.571000,-0.299830,1.006368,1.065203,1.495772
7.730000,-0.000170,-0.006370,0.034797,-0.000031,-0.005645,-0.037326,-0.000000,-0.001015,1.570149,-0.300000,1.000000,1.100000,0.000000,0.000000,-1.571000,-0.299830,1.006370,1.065203,1.495773
7.732000,-0.000170,-0.006372,0.034797,-0.000031,-0.005645,-0.037326,-0.000000,-0.001015,1.570149,-0.300000,1.000000,1.100000,0.000000,0.000000,-1.571000,-0.299830,1.006372,1.065203,1.495774
7.734000,-0.000170,-0.006374,0.034797,-0.000031,-0.005645,-0.037326,-0.000000,-0.001015,1.570149,-0.300000,1.000000,1.100000,0.000000,0.000000,-1.571000,-0.299830,1.006374,1.065203,1.495775
7.736000,-0.000170,-0.006375,0.034797,-0.000031,-0.005645,-0.037326,-0.000000,-0.001015,1.570149,-0.300000,1.000000,1.100000,0.000000,0.000000,-1.571000,-0.299830,1.006375,1.065203,1.495776
7.738000,-0.000170,-0.006377,0.034797,-0.000031,-0.005645,-0.037326,-0.000000,-0.001015,1.570149,-0.300000,1.000000,1.100000,0.000000,0.000000,-1.571000,-0.299830,1.006377,1.065203,1.495777
7.740000,-0.000170,-0.006379,0.034797,-0.000031,-0.005645,-0.037326,-0.000000,-0.001015,1.570149,-0.300000,1.000000,1.100000,0.000000,0.000000,-1.571000,-0.299830,1.006379,1.065203,1.495778
7.742000,-0.000170,-0.006380,0.034797,-0.000031,-0.005645,-0.037326,-0.000000,-0.001015,1.570149,-0.300000,1.000000,1.100000,0.000000,0.000000,-1.571000,-0.299830,1.006380,1.065203,1.495780
7.744000,-0.000170,-0.006382,0.034797,-0.000031,-0.005645,-0.037326,-0.000000,-0.001015,1.570149,-0.300000,1.000000,1.100000,0.000000,0.000000,-1.571000,-0.299830,1.006382,1.065203,1.495781
7.746000,-0.000170,-0.006384,0.034797,-0.000031,-0.005645,-0.037326,-0.000000,-0.001015,1.570150,-0.300000,1.000000,1.100000,0.000000,0.000000,-1.571000,-0.299830,1.006384,1.065203,1.495782
7.748000,-0.000170,-0.006385,0.034797,-0.000031,-0.005645,-0.037326,-0.000000,-0.001015,1.570150,-0.300000,1.000000,1.100000,0.000000,0.000000,-1.571000,-0.299830,1.006385,1.065203,1.495783
7.750000,-0.000170,-0.006387,0.034797,-0.000031,-0.005645,-0.037326,-0.000000,-0.001015,1.570150,-0.300000,1.000000,1.100000,0.000000,0.000000,-1.571000,-0.299830,1.006387,1.065203,1.495784
7.752000,-0.000170,-0.006389,0.034797,-0.000031,-0.005645,-0.037326,-0.000000,-0.001015,1.570150,-0.300000,1.000000,1.100000,0.000000,0.000000,-1.571000,-0.299830,1.006389,1.065203,1.495785
7.754000,-0.000170,-0.006390,0.034797,-0.000031,-0.005645,-0.037326,-0.000000,-0.001015,1.570150,-0.300000,1.000000,1.100000,0.000000,0.000000,-1.571000,-0.299830,1.006390,1.065203,1.495786
7.756000,-0.000170,-0.006392,0.034797,-0.000031,-0.005645,-0.037326,-0.000000,-0.001015,1.570150,-0.300000,1.000000,1.100000,0.000000,0.000000,-1.571000,-0.299830,1.006392,1.065203,1.495787
7.758000,-0.000170,-0.006394,0.034797,-0.000031,-0.005645,-0.037326,-0.000000,-0.001015,1.570150,-0.300000,1.000000,1.100000,0.000000,0.000000,-1.571000,-0.299830,1.006394,1.065203,1.495788
7.760000,-0.000170,-0.006395,0.034797,-0.000031,-0.005645,-0.037326,-0.000000,-0.001015,1.570150,-0.300000,1.000000,1.100000,0.000000,0.000000,-1.571000,-0.299830,1.006395,1.065203,1.495790
7.762000,-0.000170,-0.006397,0.034797,-0.000031,-0.005645,-0.037326,-0.000000,-0.001015,1.570150,-0.300000,1.000000,1.100000,0.000000,0.000000,-1.571000,-0.299830,1.006397,1.065203,1.495791
7.764000,-0.000171,-0.006399,0.034797,-0.000031,-0.005645,-0.037326,-0.000000,-0.001015,1.570150,-0.300000,1.000000,1.100000,0.000000,0.000000,-1.571000,-0.299829,1.006399,1.065203,1.495792
7.766000,-0.000171,-0.006400,0.034797,-0.000031,-0.005645,-0.037326,-0.000000,-0.001015,1.570150,-0.300000,1.000000,1.100000,0.000000,0.000000,-1.571000,-0.299829,1.006400,1.065203,1.495793
7.768000,-0.000171,-0.006402,0.034797,-0.000031,-0.005645,-0.037326,-0.000000,-0.001015,1.570150,-0.300000,1.000000,1.100000,0.000000,0.000000,-1.571000,-0.299829,1.006402,1.065203,1.495794
7.770000,-0.000171,-0.006404,0.034797,-0.000031,-0.005645,-0.037326,-0.000000,-0.001015,1.570150,-0.300000,1.000000,1.100000,0.000000,0.000000,-1.571000,-0.299829,1.006404,1.065203,1.495795
7.772000,-0.000171,-0.006405,0.034797,-0.000031,-0.005645,-0.037326,-0.000000,-0.001015,1.570150,-0.300000,1.000000,1.100000,0.000000,0.000000,-1.571000,-0.299829,1.006405,1.065203,1.495796
7.774000,-0.000171,-0.006407,0.034797,-0.000031,-0.005645,-0.037326,-0.000000,-0.001015,1.570150,-0.300000,1.000000,1.100000,0.000000,0.000000,-1.571000,-0.299829,1.006407,1.065203,1.495797
7.776000,-0.000171,-0.006409,0.034797,-0.000031,-0.005645,-0.037326,-0.000000,-0.001015,1.570150,-0.300000,1.000000,1.100000,0.000000,0.000000,-1.571000,-0.299829,1.006409,1.065203,1.495799
7.778000,-0.000171,-0.006410,0.034797,-0.000031,-0.005645,-0.037326,-0.000000,-0.001015,1.570150,-0.300000,1.000000,1.100000,0.000000,0.000000,-1.571000,-0.299829,1.006410,1.065203,1.495800
7.780000,-0.000171,-0.006412,0.034797,-0.000031,-0.005645,-0.037326,-0.000000,-0.001015,1.570150,-0.300000,1.000000,1.100000,0.000000,0.000000,-1.571000,-0.299829,1.006412,1.065203,1.495801
7.782000,-0.000171,-0.006414,0.034797,-0.000031,-0.005645,-0.037326,-0.000000,-0.001015,1.570150,-0.300000,1.000000,1.100000,0.000000,0.000000,-1.571000,-0.299829,1.006414,1.065203,1.495802
7.784000,-0.000171,-0.006415,0.034797,-0.000031,-0.005645,-0.037326,-0.000000,-0.001015,1.570150,-0.300000,1.000000,1.100000,0.000000,0.000000,-1.571000,-0.299829,1.006415,1.065203,1.495803
7.786000,-0.000171,-0.006417,0.034797,-0.000031,-0.005645,-0.037326,-0.000000,-0.001015,1.570150,-0.300000,1.000000,1.100000,0.000000,0.000000,-1.571000,-0.299829,1.006417,1.065203,1.495804
7.788000,-0.000171,-0.006419,0.034797,-0.000031,-0.005645,-0.037326,-0.000000,-0.001015,1.570150,-0.300000,1.000000,1.100000,0.000000,0.000000,-1.571000,-0.299829,1.006419,1.065203,1.495805
7.790000,-0.000171,-0.006420,0.034797,-0.000031,-0.005645,-0.037326,-0.000000,-0.001015,1.570150,-0.300000,1.000000,1.100000,0.000000,0.000000,-1.571000,-0.299829,1.006420,1.065203,1.495806
7.792000,-0.000171,-0.006422,0.034797,-0.000031,-0.005645,-0.037326,-0.000000,-0.001015,1.570150,-0.300000,1.000000,1.100000,0.000000,0.000000,-1.571000,-0.299829,1.006422,1.065203,1.495807
7.794000,-0.000171,-0.006424,0.034797,-0.000031,-0.005645,-0.037326,-0.000000,-0.001015,1.570150,-0.300000,1.000000,1.100000,0.000000,0.000000,-1.571000,-0.299829,1.006424,1.065203,1.495809
7.796000,-0.000171,-0.006425,0.034797,-0.000031,-0.005645,-0.037326,-0.000000,-0.001015,1.570150,-0.300000,1.000000,1.100000,0.000000,0.000000,-1.571000,-0.299829,1.006425,1.065203,1.495810
7.798000,-0.000171,-0.006427,0.034797,-0.000031,-0.005645,-0.037326,-0.000000,-0.001015,1.570151,-0.300000,1.000000,1.100000,0.000000,0.000000,-1.571000,-0.299829,1.006427,1.065203,1.495811
7.800000,-0.000171,-0.006429,0.034797,-0.000031,-0.005645,-0.037326,-0.000000,-0.001015,1.570151,-0.300000,1.000000,1.100000,0.000000,0.000000,-1.571000,-0.299829,1.006429,1.065203,1.495812
7.802000,-0.000171,-0.006430,0.034797,-0.000031,-0.005645,-0.037326,-0.000000,-0.001015,1.570151,-0.300000,1.000000,1.100000,0.000000,0.000000,-1.571000,-0.299829,1.006430,1.065203,1.495813
7.804000,-0.000171,-0.006432,0.034797,-0.000031,-0.005645,-0.037326,-0.000000,-0.001015,1.570151,-0.300000,1.000000,1.100000,0.000000,0.000000,-1.571000,-0.299829,1.006432,1.065203,1.495814
7.806000,-0.000171,-0.006434,0.034797,-0.000031,-0.005645,-0.037326,-0.000000,-0.001015,1.570151,-0.300000,1.000000,1.100000,0.000000,0.000000,-1.571000,-0.299829,1.006434,1.065203,1.495815
7.808000,-0.000171,-0.006435,0.034797,-0.000031,-0.005645,-0.037326,-0.000000,-0.001015,1.570151,-0.300000,1.000000,1.100000,0.000000,0.000000,-1.571000,-0.299829,1.006435,1.065203,1.495816
7.810000,-0.000172,-0.006437,0.034797,-0.000031,-0.005645,-0.037326,-0.000000,-0.001015,1.570151,-0.300000,1.000000,1.100000,0.000000,0.000000,-1.571000,-0.299828,1.006437,1.065203,1.495818
7.812000,-0.000172,-0.006439,0.034797,-0.000031,-0.005645,-0.037326,-0.000000,-0.001015,1.570151,-0.300000,1.000000,1.100000,0.000000,0.000000,-1.571000,-0.299828,1.006439,1.065203,1.495819
7.814000,-0.000172,-0.006441,0.034797,-0.000031,-0.005645,-0.037326,-0.000000,-0.001015,1.570151,-0.300000,1.000000,1.100000,0.000000,0.000000,-1.571000,-0.299828,1.006441,1.065203,1.495820
7.816000,-0.000172,-0.006442,0.034797,-0.000031,-0.005645,-0.037326,-0.000000,-0.001015,1.570151,-0.300000,1.000000,1.100000,0.000000,0.000000,-1.571000,-0.299828,1.006442,1.065203,1.495821
7.818000,-0.000172,-0.006444,0.034797,-0.000031,-0.005645,-0.037326,-0.000000,-0.001015,1.570151,-0.300000,1.000000,1.100000,0.000000,0.000000,-1.571000,-0.299828,1.006444,1.065203,1.495822
7.820000,-0.000172,-0.006446,0.034797,-0.000031,-0.005645,-0.037326,-0.000000,-0.001015,1.570151,-0.300000,1.000000,1.100000,0.000000,0.000000,-1.571000,-0.299828,1.006446,1.065203,1.495823
7.822000,-0.000172,-0.006447,0.034797,-0.000031,-0.005645,-0.037326,-0.000000,-0.001015,1.570151,-0.300000,1.000000,1.100000,0.000000,0.000000,-1.571000,-0.299828,1.006447,1.065203,1.495824
7.824000,-0.000172,-0.006449,0.034797,-0.000031,-0.005645,-0.037326,-0.000000,-0.001015,1.570151,-0.300000,1.000000,1.100000,0.000000,0.000000,-1.571000,-0.299828,1.006449,1.065203,1.495825
7.826000,-0.000172,-0.006451,0.034797,-0.000031,-0.005645,-0.037326,-0.000000,-0.001015,1.570151,-0.300000,1.000000,1.100000,0.000000,0.000000,-1.571000,-0.299828,1.006451,1.065203,1.495826
7.828000,-0.000172,-0.006452,0.034797,-0.000031,-0.005645,-0.037326,-0.000000,-0.001015,1.570151,-0.300000,1.000000,1.100000,0.000000,0.000000,-1.571000,-0.299828,1.006452,1.065203,1.495828
7.830000,-0.000172,-0.006454,0.034797,-0.000031,-0.005645,-0.037326,-0.000000,-0.001015,1.570151,-0.300000,1.000000,1.100000,0.000000,0.000000,-1.571000,-0.299828,1.006454,1.065203,1.495829
7.832000,-0.000172,-0.006456,0.034797,-0.000031,-0.005645,-0.037326,-0.000000,-0.001015,1.570151,-0.300000,1.000000,1.100000,0.000000,0.000000,-1.571000,-0.299828,1.006456,1.065203,1.495830
7.834000,-0.000172,-0.006457,0.034797,-0.000031,-0.005645,-0.037326,-0.000000,-0.001015,1.570151,-0.300000,1.000000,1.100000,0.000000,0.000000,-1.571000,-0.299828,1.006457,1.065203,1.495831
7.836000,-0.000172,-0.006459,0.034797,-0.000031,-0.005645,-0.037326,-0.000000,-0.001015,1.570151,-0.300000,1.000000,1.100000,0.000000,0.000000,-1.571000,-0.299828,1.006459,1.065203,1.495832
7.838000,-0.000172,-0.006461,0.034797,-0.000031,-0.005645,-0.037326,-0.000000,-0.001015,1.570151,-0.300000,1.000000,1.100000,0.000000,0.000000,-1.571000,-0.299828,1.006461,1.065203,1.495833
7.840000,-0.000172,-0.006462,0.034797,-0.000031,-0.005645,-0.037326,-0.000000,-0.001015,1.570151,-0.300000,1.000000,1.100000,0.000000,0.000000,-1.571000,-0.299828,1.006462,1.065203,1.495834
7.842000,-0.000172,-0.006464,0.034797,-0.000031,-0.005645,-0.037326,-0.000000,-0.001015,1.570151,-0.300000,1.000000,1.100000,0.000000,0.000000,-1.571000,-0.299828,1.006464,1.065203,1.495835
7.844000,-0.000172,-0.006466,0.034797,-0.000031,-0.005645,-0.037326,-0.000000,-0.001015,1.570151,-0.300000,1.000000,1.100000,0.000000,0.000000,-1.571000,-0.299828,1.006466,1.065203,1.495837
7.846000,-0.000172,-0.006467,0.034797,-0.000031,-0.005645,-0.037326,-0.000000,-0.001015,1.570151,-0.300000,1.000000,1.100000,0.000000,0.000000,-1.571000,-0.299828,1.006467,1.065203,1.495838
7.848000,-0.000172,-0.006469,0.034797,-0.000031,-0.005645,-0.037326,-0.000000,-0.001015,1.570152,-0.300000,1.000000,1.100000,0.000000,0.000000,-1.571000,-0.299828,1.006469,1.065203,1.495839
7.850000,-0.000172,-0.006471,0.034797,-0.000031,-0.005645,-0.037326,-0.000000,-0.001015,1.570152,-0.300000,1.000000,1.100000,0.000000,0.000000,-1.571000,-0.299828,1.006471,1.065203,1.495840
7.852000,-0.000172,-0.006472,0.034797,-0.000031,-0.005645,-0.037326,-0.000000,-0.001015,1.570152,-0.300000,1.000000,1.100000,0.000000,0.000000,-1.571000,-0.299828,1.006472,1.065203,1.495841
7.854000,-0.000173,-0.006474,0.034797,-0.000031,-0.005645,-0.037326,-0.000000,-0.001015,1.570152,-0.300000,1.000000,1.100000,0.000000,0.000000,-1.571000,-0.299827,1.006474,1.065203,1.495842
7.856000,-0.000173,-0.006476,0.034797,-0.000031,-0.005645,-0.037326,-0.000000,-0.001015,1.570152,-0.300000,1.000000,1.100000,0.000000,0.000000,-1.571000,-0.299827,1.006476,1.065203,1.495843
7.858000,-0.000173,-0.006477,0.034797,-0.000031,-0.005645,-0.037326,-0.000000,-0.001015,1.570152,-0.300000,1.000000,1.100000,0.000000,0.000000,-1.571000,-0.299827,1.006477,1.065203,1.495844
7.860000,-0.000173,-0.006479,0.034797,-0.000031,-0.005645,-0.037326,-0.000000,-0.001015,1.570152,-0.300000,1.000000,1.100000,0.000000,0.000000,-1.571000,-0.299827,1.006479,1.065203,1.495845
7.862000,-0.000173,-0.006481,0.034797,-0.000031,-0.005645,-0.037326,-0.000000,-0.001015,1.570152,-0.300000,1.000000,1.100000,0.000000,0.000000,-1.571000,-0.299827,1.006481,1.065203,1.495847
7.864000,-0.000173,-0.006482,0.034797,-0.000031,-0.005645,-0.037326,-0.000000,-0.001015,1.570152,-0.300000,1.000000,1.100000,0.000000,0.000000,-1.571000,-0.299827,1.006482,1.065203,1.495848
7.866000,-0.000173,-0.006484,0.034797,-0.000031,-0.005645,-0.037326,-0.000000,-0.001015,1.570152,-0.300000,1.000000,1.100000,0.000000,0.000000,-1.571000,-0.299827,1.006484,1.065203,1.495849
7.868000,-0.000173,-0.006486,0.034797,-0.000031,-0.005645,-0.037326,-0.000000,-0.001015,1.570152,-0.300000,1.000000,1.100000,0.000000,0.000000,-1.571000,-0.299827,1.006486,1.065203,1.495850
7.870000,-0.000173,-0.006487,0.034797,-0.000031,-0.005645,-0.037326,-0.000000,-0.001015,1.570152,-0.300000,1.000000,1.100000,0.000000,0.000000,-1.571000,-0.299827,1.006487,1.065203,1.495851
7.872000,-0.000173,-0.006489,0.034797,-0.000031,-0.005645,-0.037326,-0.000000,-0.001015,1.570152,-0.300000,1.000000,1.100000,0.000000,0.000000,-1.571000,-0.299827,1.006489,1.065203,1.495852
7.874000,-0.000173,-0.006491,0.034797,-0.000031,-0.005645,-0.037326,-0.000000,-0.001015,1.570152,-0.300000,1.000000,1.100000,0.000000,0.000000,-1.571000,-0.299827,1.006491,1.065203,1.495853
7.876000,-0.000173,-0.006492,0.034797,-0.000031,-0.005645,-0.037326,-0.000000,-0.001015,1.570152,-0.300000,1.000000,1.100000,0.000000,0.000000,-1.571000,-0.299827,1.006492,1.065203,1.495854
7.878000,-0.000173,-0.006494,0.034797,-0.000031,-0.005645,-0.037326,-0.000000,-0.001015,1.570152,-0.300000,1.000000,1.100000,0.000000,0.000000,-1.571000,-0.299827,1.006494,1.065203,1.495856
7.880000,-0.000173,-0.006496,0.034797,-0.000031,-0.005645,-0.037326,-0.000000,-0.001015,1.570152,-0.300000,1.000000,1.100000,0.000000,0.000000,-1.571000,-0.299827,1.006496,1.065203,1.495857
7.882000,-0.000173,-0.006497,0.034797,-0.000031,-0.005645,-0.037326,-0.000000,-0.001015,1.570152,-0.300000,1.000000,1.100000,0.000000,0.000000,-1.571000,-0.299827,1.006497,1.065203,1.495858
7.884000,-0.000173,-0.006499,0.034797,-0.000031,-0.005645,-0.037326,-0.000000,-0.001015,1.570152,-0.300000,1.000000,1.100000,0.000000,0.000000,-1.571000,-0.299827,1.006499,1.065203,1.495859
7.886000,-0.000173,-0.006501,0.034797,-0.000031,-0.005645,-0.037326,-0.000000,-0.001015,1.570152,-0.300000,1.000000,1.100000,0.000000,0.000000,-1.571000,-0.299827,1.006501,1.065203,1.495860
7.888000,-0.000173,-0.006502,0.034797,-0.000031,-0.005645,-0.037326,-0.000000,-0.001015,1.570152,-0.300000,1.000000,1.100000,0.000000,0.000000,-1.571000,-0.299827,1.006502,1.065203,1.495861
7.890000,-0.000173,-0.006504,0.034797,-0.000031,-0.005645,-0.037326,-0.000000,-0.001015,1.570152,-0.300000,1.000000,1.100000,0.000000,0.000000,-1.571000,-0.299827,1.006504,1.065203,1.495862
7.892000,-0.000173,-0.006506,0.034797,-0.000031,-0.005645,-0.037326,-0.000000,-0.001015,1.570152,-0.300000,1.000000,1.100000,0.000000,0.000000,-1.571000,-0.299827,1.006506,1.065203,1.495863
7.894000,-0.000173,-0.006508,0.034797,-0.000031,-0.005645,-0.037326,-0.000000,-0.001015,1.570152,-0.300000,1.000000,1.100000,0.000000,0.000000,-1.571000,-0.299827,1.006508,1.065203,1.495864
7.896000,-0.000173,-0.006509,0.034797,-0.000031,-0.005645,-0.037326,-0.000000,-0.001015,1.570152,-0.300000,1.000000,1.100000,0.000000,0.000000,-1.571000,-0.299827,1.006509,1.065203,1.495866
7.898000,-0.000174,-0.006511,0.034797,-0.000031,-0.005645,-0.037326,-0.000000,-0.001015,1.570152,-0.300000,1.000000,1.100000,0.000000,0.000000,-1.571000,-0.299826,1.006511,1.065203,1.495867
7.900000,-0.000174,-0.006513,0.034797,-0.000031,-0.005645,-0.037326,-0.000000,-0.001015,1.570153,-0.300000,1.000000,1.100000,0.000000,0.000000,-1.571000,-0.299826,1.006513,1.065203,1.495868
7.902000,-0.000174,-0.006514,0.034797,-0.000031,-0.005645,-0.037326,-0.000000,-0.001015,1.570153,-0.300000,1.000000,1.100000,0.000000,0.000000,-1.571000,-0.299826,1.006514,1.065203,1.495869
7.904000,-0.000174,-0.006516,0.034797,-0.000031,-0.005645,-0.037326,-0.000000,-0.001015,1.570153,-0.300000,1.000000,1.100000,0.000000,0.000000,-1.571000,-0.299826,1.006516,1.065203,1.495870
7.906000,-0.000174,-0.006518,0.034797,-0.000031,-0.005645,-0.037326,-0.000000,-0.001015,1.570153,-0.300000,1.000000,1.100000,0.000000,0.000000,-1.571000,-0.299826,1.006518,1.065203,1.495871
7.908000,-0.000174,-0.006519,0.034797,-0.000031,-0.005645,-0.037326,-0.000000,-0.001015,1.570153,-0.300000,1.000000,1.100000,0.000000,0.000000,-1.571000,-0.299826,1.006519,1.065203,1.495872
7.910000,-0.000174,-0.006521,0.034797,-0.000031,-0.005645,-0.037326,-0.000000,-0.001015,1.570153,-0.300000,1.000000,1.100000,0.000000,0.000000,-1.571000,-0.299826,1.006521,1.065203,1.495873
7.912000,-0.000174,-0.006523,0.034797,-0.000031,-0.005645,-0.037326,-0.000000,-0.001015,1.570153,-0.300000,1.000000,1.100000,0.000000,0.000000,-1.571000,-0.299826,1.006523,1.065203,1.495875
7.914000,-0.000174,-0.006524,0.034797,-0.000031,-0.005645,-0.037326,-0.000000,-0.001015,1.570153,-0.300000,1.000000,1.100000,0.000000,0.000000,-1.571000,-0.299826,1.006524,1.065203,1.495876
7.916000,-0.000174,-0.006526,0.034797,-0.000031,-0.005645,-0.037326,-0.000000,-0.001015,1.570153,-0.300000,1.000000,1.100000,0.000000,0.000000,-1.571000,-0.299826,1.006526,1.065203,1.495877
7.918000,-0.000174,-0.006528,0.034797,-0.000031,-0.005645,-0.037326,-0.000000,-0.001015,1.570153,-0.300000,1.000000,1.100000,0.000000,0.000000,-1.571000,-0.299826,1.006528,1.065203,1.495878
7.920000,-0.000174,-0.006529,0.034797,-0.000031,-0.005645,-0.037326,-0.000000,-0.001015,1.570153,-0.300000,1.000000,1.100000,0.000000,0.000000,-1.571000,-0.299826,1.006529,1.065203,1.495879
7.922000,-0.000174,-0.006531,0.034797,-0.000031,-0.005645,-0.037326,-0.000000,-0.001015,1.570153,-0.300000,1.000000,1.100000,0.000000,0.000000,-1.571000,-0.299826,1.006531,1.065203,1.495880
7.924000,-0.000174,-0.006533,0.034797,-0.000031,-0.005645,-0.037326,-0.000000,-0.001015,1.570153,-0.300000,1.000000,1.100000,0.000000,0.000000,-1.571000,-0.299826,1.006533,1.065203,1.495881
7.926000,-0.000174,-0.006534,0.034797,-0.000031,-0.005645,-0.037326,-0.000000,-0.001015,1.570153,-0.300000,1.000000,1.100000,0.000000,0.000000,-1.571000,-0.299826,1.006534,1.065203,1.495882
7.928000,-0.000174,-0.006536,0.034797,-0.000031,-0.005645,-0.037326,-0.000000,-0.001015,1.570153,-0.300000,1.000000,1.100000,0.000000,0.000000,-1.571000,-0.299826,1.006536,1.065203,1.495883
7.930000,-0.000174,-0.006538,0.034797,-0.000031,-0.005645,-0.037326,-0.000000,-0.001015,1.570153,-0.300000,1.000000,1.100000,0.000000,0.000000,-1.571000,-0.299826,1.006538,1.065203,1.495885
7.932000,-0.000174,-0.006539,0.034797,-0.000031,-0.005645,-0.037326,-0.000000,-0.001015,1.570153,-0.300000,1.000000,1.100000,0.000000,0.000000,-1.571000,-0.299826,1.006539,1.065203,1.495886
7.934000,-0.000174,-0.006541,0.034797,-0.000031,-0.005645,-0.037326,-0.000000,-0.001015,1.570153,-0.300000,1.000000,1.100000,0.000000,0.000000,-1.571000,-0.299826,1.006541,1.065203,1.495887
7.936000,-0.000174,-0.006543,0.034797,-0.000031,-0.005645,-0.037326,-0.000000,-0.001015,1.570153,-0.300000,1.000000,1.100000,0.000000,0.000000,-1.571000,-0.299826,1.006543,1.065203,1.495888
7.938000,-0.000174,-0.006544,0.034797,-0.000031,-0.005645,-0.037326,-0.000000,-0.001015,1.570153,-0.300000,1.000000,1.100000,0.000000,0.000000,-1.571000,-0.299826,1.006544,1.065203,1.495889
7.940000,-0.000174,-0.006546,0.034797,-0.000031,-0.005645,-0.037326,-0.000000,-0.001015,1.570153,-0.300000,1.000000,1.100000,0.000000,0.000000,-1.571000,-0.299826,1.006546,1.065203,1.495890
7.942000,-0.000175,-0.006548,0.034797,-0.000031,-0.005645,-0.037326,-0.000000,-0.001015,1.570153,-0.300000,1.000000,1.100000,0.000000,0.000000,-1.571000,-0.299825,1.006548,1.065203,1.495891
7.944000,-0.000175,-0.006549,0.034797,-0.000031,-0.005645,-0.037326,-0.000000,-0.001015,1.570153,-0.300000,1.000000,1.100000,0.000000,0.000000,-1.571000,-0.299825,1.006549,1.065203,1.495892
7.946000,-0.000175,-0.006551,0.034797,-0.000031,-0.005645,-0.037326,-0.000000,-0.001015,1.570153,-0.300000,1.000000,1.100000,0.000000,0.000000,-1.571000,-0.299825,1.006551,1.065203,1.495894
7.948000,-0.000175,-0.006553,0.034797,-0.000031,-0.005645,-0.037326,-0.000000,-0.001015,1.570153,-0.300000,1.000000,1.100000,0.000000,0.000000,-1.571000,-0.299825,1.006553,1.065203,1.495895
7.950000,-0.000175,-0.006554,0.034797,-0.000031,-0.005645,-0.037326,-0.000000,-0.001015,1.570154,-0.300000,1.000000,1.100000,0.000000,0.000000,-1.571000,-0.299825,1.006554,1.065203,1.495896
7.952000,-0.000175,-0.006556,0.034797,-0.000031,-0.005645,-0.037326,-0.000000,-0.001015,1.570154,-0.300000,1.000000,1.100000,0.000000,0.000000,-1.571000,-0.299825,1.006556,1.065203,1.495897
7.954000,-0.000175,-0.006558,0.034797,-0.000031,-0.005645,-0.037326,-0.000000,-0.001015,1.570154,-0.300000,1.000000,1.100000,0.000000,0.000000,-1.571000,-0.299825,1.006558,1.065203,1.495898
7.956000,-0.000175,-0.006559,0.034797,-0.000031,-0.005645,-0.037326,-0.000000,-0.001015,1.570154,-0.300000,1.000000,1.100000,0.000000,0.000000,-1.571000,-0.299825,1.006559,1.065203,1.495899
7.958000,-0.000175,-0.006561,0.034797,-0.000031,-0.005645,-0.037326,-0.000000,-0.001015,1.570154,-0.300000,1.000000,1.100000,0.000000,0.000000,-1.571000,-0.299825,1.006561,1.065203,1.495900
7.960000,-0.000175,-0.006563,0.034797,-0.000031,-0.005645,-0.037326,-0.000000,-0.001015,1.570154,-0.300000,1.000000,1.100000,0.000000,0.000000,-1.571000,-0.299825,1.006563,1.065203,1.495901
7.962000,-0.000175,-0.006564,0.034797,-0.000031,-0.005645,-0.037326,-0.000000,-0.001015,1.570154,-0.300000,1.000000,1.100000,0.000000,0.000000,-1.571000,-0.299825,1.006564,1.065203,1.495902
7.964000,-0.000175,-0.006566,0.034797,-0.000031,-0.005645,-0.037326,-0.000000,-0.001015,1.570154,-0.300000,1.000000,1.100000,0.000000,0.000000,-1.571000,-0.299825,1.006566,1.065203,1.495904
7.966000,-0.000175,-0.006568,0.034797,-0.000031,-0.005645,-0.037326,-0.000000,-0.001015,1.570154,-0.300000,1.000000,1.100000,0.000000,0.000000,-1.571000,-0.299825,1.006568,1.065203,1.495905
7.968000,-0.000175,-0.006569,0.034797,-0.000031,-0.005645,-0.037326,-0.000000,-0.001015,1.570154,-0.300000,1.000000,1.100000,0.000000,0.000000,-1.571000,-0.299825,1.006569,1.065203,1.495906
7.970000,-0.000175,-0.006571,0.034797,-0.000031,-0.005645,-0.037326,-0.000000,-0.001015,1.570154,-0.300000,1.000000,1.100000,0.000000,0.000000,-1.571000,-0.299825,1.006571,1.065203,1.495907
7.972000,-0.000175,-0.006573,0.034797,-0.000031,-0.005645,-0.037326,-0.000000,-0.001015,1.570154,-0.300000,1.000000,1.100000,0.000000,0.000000,-1.571000,-0.299825,1.006573,1.065203,1.495908
7.974000,-0.000175,-0.006574,0.034797,-0.000031,-0.005645,-0.037326,-0.000000,-0.001015,1.570154,-0.300000,1.000000,1.100000,0.000000,0.000000,-1.571000,-0.299825,1.006574,1.065203,1.495909
7.976000,-0.000175,-0.006576,0.034797,-0.000031,-0.005645,-0.037326,-0.000000,-0.001015,1.570154,-0.300000,1.000000,1.100000,0.000000,0.000000,-1.571000,-0.299825,1.006576,1.065203,1.495910
7.978000,-0.000175,-0.006578,0.034797,-0.000031,-0.005645,-0.037326,-0.000000,-0.001015,1.570154,-0.300000,1.000000,1.100000,0.000000,0.000000,-1.571000,-0.299825,1.006578,1.065203,1.495911
7.980000,-0.000175,-0.006580,0.034797,-0.000031,-0.005645,-0.037326,-0.000000,-0.001015,1.570154,-0.300000,1.000000,1.100000,0.000000,0.000000,-1.571000,-0.299825,1.006580,1.065203,1.495913
7.982000,-0.000175,-0.006581,0.034797,-0.000031,-0.005645,-0.037326,-0.000000,-0.001015,1.570154,-0.300000,1.000000,1.100000,0.000000,0.000000,-1.571000,-0.299825,1.006581,1.065203,1.495914
7.984000,-0.000175,-0.006583,0.034797,-0.000031,-0.005645,-0.037326,-0.000000,-0.001015,1.570154,-0.300000,1.000000,1.100000,0.000000,0.000000,-1.571000,-0.299825,1.006583,1.065203,1.495915
7.986000,-0.000176,-0.006585,0.034797,-0.000031,-0.005645,-0.037326,-0.000000,-0.001015,1.570154,-0.300000,1.000000,1.100000,0.000000,0.000000,-1.571000,-0.299824,1.006585,1.065203,1.495916
7.988000,-0.000176,-0.006586,0.034797,-0.000031,-0.005645,-0.037326,-0.000000,-0.001015,1.570154,-0.300000,1.000000,1.100000,0.000000,0.000000,-1.571000,-0.299824,1.006586,1.065203,1.495917
7.990000,-0.000176,-0.006588,0.034797,-0.000031,-0.005645,-0.037326,-0.000000,-0.001015,1.570154,-0.300000,1.000000,1.100000,0.000000,0.000000,-1.571000,-0.299824,1.006588,1.065203,1.495918
7.992000,-0.000176,-0.006590,0.034797,-0.000031,-0.005645,-0.037326,-0.000000,-0.001015,1.570154,-0.300000,1.000000,1.100000,0.000000,0.000000,-1.571000,-0.299824,1.006590,1.065203,1.495919
7.994000,-0.000176,-0.006591,0.034797,-0.000031,-0.005645,-0.037326,-0.000000,-0.001015,1.570154,-0.300000,1.000000,1.100000,0.000000,0.000000,-1.571000,-0.299824,1.006591,1.065203,1.495920
7.996000,-0.000176,-0.006593,0.034797,-0.000031,-0.005645,-0.037326,-0.000000,-0.001015,1.570154,-0.300000,1.000000,1.100000,0.000000,0.000000,-1.571000,-0.299824,1.006593,1.065203,1.495921
7.998000,-0.000176,-0.006595,0.034797,-0.000031,-0.005645,-0.037326,-0.000000,-0.001015,1.570154,-0.300000,1.000000,1.100000,0.000000,0.000000,-1.571000,-0.299824,1.006595,1.065203,1.495923
8.000000,-0.000176,-0.006596,0.034797,-0.000031,-0.005645,-0.037326,-0.000000,-0.001015,1.570155,-0.300000,1.000000,1.100000,0.000000,0.000000,-1.571000,-0.299824,1.006596,1.065203,1.495924
8.002000,-0.000176,-0.006598,0.034797,-0.000031,-0.005645,-0.037326,-0.000000,-0.001015,1.570155,-0.300000,1.000000,1.100000,0.000000,0.000000,-1.571000,-0.299824,1.006598,1.065203,1.495925
8.004000,-0.000176,-0.006600,0.034797,-0.000031,-0.005645,-0.037326,-0.000000,-0.001015,1.570155,-0.300000,1.000000,1.100000,0.000000,0.000000,-1.571000,-0.299824,1.006600,1.065203,1.495926
8.006000,-0.000176,-0.006601,0.034797,-0.000031,-0.005645,-0.037326,-0.000000,-0.001015,1.570155,-0.300000,1.000000,1.100000,0.000000,0.000000,-1.571000,-0.299824,1.006601,1.065203,1.495927
8.008000,-0.000176,-0.006603,0.034797,-0.000031,-0.005645,-0.037326,-0.000000,-0.001015,1.570155,-0.300000,1.000000,1.100000,0.000000,0.000000,-1.571000,-0.299824,1.006603,1.065203,1.495928
8.010000,-0.000176,-0.006605,0.034797,-0.000031,-0.005645,-0.037326,-0.000000,-0.001015,1.570155,-0.300000,1.000000,1.100000,0.000000,0.000000,-1.571000,-0.299824,1.006605,1.065203,1.495929
8.012000,-0.000176,-0.006606,0.034797,-0.000031,-0.005645,-0.037326,-0.000000,-0.001015,1.570155,-0.300000,1.000000,1.100000,0.000000,0.000000,-1.571000,-0.299824,1.006606,1.065203,1.495930
8.014000,-0.000176,-0.006608,0.034797,-0.000031,-0.005645,-0.037326,-0.000000,-0.001015,1.570155,-0.300000,1.000000,1.100000,0.000000,0.000000,-1.571000,-0.299824,1.006608,1.065203,1.495932
8.016000,-0.000176,-0.006610,0.034797,-0.000031,-0.005645,-0.037326,-0.000000,-0.001015,1.570155,-0.300000,1.000000,1.100000,0.000000,0.000000,-1.571000,-0.299824,1.006610,1.065203,1.495933
8.018000,-0.000176,-0.006611,0.034797,-0.000031,-0.005645,-0.037326,-0.000000,-0.001015,1.570155,-0.300000,1.000000,1.100000,0.000000,0.000000,-1.571000,-0.299824,1.006611,1.065203,1.495934
8.020000,-0.000176,-0.006613,0.034797,-0.000031,-0.005645,-0.037326,-0.000000,-0.001015,1.570155,-0.300000,1.000000,1.100000,0.000000,0.000000,-1.571000,-0.299824,1.006613,1.065203,1.495935
8.022000,-0.000176,-0.006615,0.034797,-0.000031,-0.005645,-0.037326,-0.000000,-0.001015,1.570155,-0.300000,1.000000,1.100000,0.000000,0.000000,-1.571000,-0.299824,1.006615,1.065203,1.495936
8.024000,-0.000176,-0.006616,0.034797,-0.000031,-0.005645,-0.037326,-0.000000,-0.001015,1.570155,-0.300000,1.000000,1.100000,0.000000,0.000000,-1.571000,-0.299824,1.006616,1.065203,1.495937
8.026000,-0.000176,-0.006618,0.034797,-0.000031,-0.005645,-0.037326,-0.000000,-0.001015,1.570155,-0.300000,1.000000,1.100000,0.000000,0.000000,-1.571000,-0.299824,1.006618,1.065203,1.495938
8.028000,-0.000176,-0.006620,0.034797,-0.000031,-0.005645,-0.037326,-0.000000,-0.001015,1.570155,-0.300000,1.000000,1.100000,0.000000,0.000000,-1.571000,-0.299824,1.006620,1.065203,1.495939
8.030000,-0.000177,-0.006621,0.034797,-0.000031,-0.005645,-0.037326,-0.000000,-0.001015,1.570155,-0.300000,1.000000,1.100000,0.000000,0.000000,-1.571000,-0.299823,1.006621,1.065203,1.495940
8.032000,-0.000177,-0.006623,0.034797,-0.000031,-0.005645,-0.037326,-0.000000,-0.001015,1.570155,-0.300000,1.000000,1.100000,0.000000,0.000000,-1.571000,-0.299823,1.006623,1.065203,1.495942
8.034000,-0.000177,-0.006625,0.034797,-0.000031,-0.005645,-0.037326,-0.000000,-0.001015,1.570155,-0.300000,1.000000,1.100000,0.000000,0.000000,-1.571000,-0.299823,1.006625,1.065203,1.495943
8.036000,-0.000177,-0.006626,0.034797,-0.000031,-0.005645,-0.037326,-0.000000,-0.001015,1.570155,-0.300000,1.000000,1.100000,0.000000,0.000000,-1.571000,-0.299823,1.006626,1.065203,1.495944
8.038000,-0.000177,-0.006628,0.034797,-0.000031,-0.005645,-0.037326,-0.000000,-0.001015,1.570155,-0.300000,1.000000,1.100000,0.000000,0.000000,-1.571000,-0.299823,1.006628,1.065203,1.495945
8.040000,-0.000177,-0.006630,0.034797,-0.000031,-0.005645,-0.037326,-0.000000,-0.001015,1.570155,-0.300000,1.000000,1.100000,0.000000,0.000000,-1.571000,-0.299823,1.006630,1.065203,1.495946
8.042000,-0.000177,-0.006631,0.034797,-0.000031,-0.005645,-0.037326,-0.000000,-0.001015,1.570155,-0.300000,1.000000,1.100000,0.000000,0.000000,-1.571000,-0.299823,1.006631,1.065203,1.495947
8.044000,-0.000177,-0.006633,0.034797,-0.000031,-0.005645,-0.037326,-0.000000,-0.001015,1.570155,-0.300000,1.000000,1.100000,0.000000,0.000000,-1.571000,-0.299823,1.006633,1.065203,1.495948
8.046000,-0.000177,-0.006635,0.034797,-0.000031,-0.005645,-0.037326,-0.000000,-0.001015,1.570155,-0.300000,1.000000,1.100000,0.000000,0.000000,-1.571000,-0.299823,1.006635,1.065203,1.495949
8.048000,-0.000177,-0.006636,0.034797,-0.000031,-0.005645,-0.037326,-0.000000,-0.001015,1.570155,-0.300000,1.000000,1.100000,0.000000,0.000000,-1.571000,-0.299823,1.006636,1.065203,1.495951
8.050000,-0.000177,-0.006638,0.034797,-0.000031,-0.005645,-0.037326,-0.000000,-0.001015,1.570155,-0.300000,1.000000,1.100000,0.000000,0.000000,-1.571000,-0.299823,1.006638,1.065203,1.495952
8.052000,-0.000177,-0.006640,0.034797,-0.000031,-0.005645,-0.037326,-0.000000,-0.001015,1.570156,-0.300000,1.000000,1.100000,0.000000,0.000000,-1.571000,-0.299823,1.006640,1.065203,1.495953
8.054000,-0.000177,-0.006641,0.034797,-0.000031,-0.005645,-0.037326,-0.000000,-0.001015,1.570156,-0.300000,1.000000,1.100000,0.000000,0.000000,-1.571000,-0.299823,1.006641,1.065203,1.495954
8.056000,-0.000177,-0.006643,0.034797,-0.000031,-0.005645,-0.037326,-0.000000,-0.001015,1.570156,-0.300000,1.000000,1.100000,0.000000,0.000000,-1.571000,-0.299823,1.006643,1.065203,1.495955
8.058000,-0.000177,-0.006645,0.034797,-0.000031,-0.005645,-0.037326,-0.000000,-0.001015,1.570156,-0.300000,1.000000,1.100000,0.000000,0.000000,-1.571000,-0.299823,1.006645,1.065203,1.495956
8.060000,-0.000177,-0.006647,0.034797,-0.000031,-0.005645,-0.037326,-0.000000,-0.001015,1.570156,-0.300000,1.000000,1.100000,0.000000,0.000000,-1.571000,-0.299823,1.006647,1.065203,1.495957
8.062000,-0.000177,-0.006648,0.034797,-0.000031,-0.005645,-0.037326,-0.000000,-0.001015,1.570156,-0.300000,1.000000,1.100000,0.000000,0.000000,-1.571000,-0.299823,1.006648,1.065203,1.495958
8.064000,-0.000177,-0.006650,0.034797,-0.000031,-0.005645,-0.037326,-0.000000,-0.001015,1.570156,-0.300000,1.000000,1.100000,0.000000,0.000000,-1.571000,-0.299823,1.006650,1.065203,1.495959
8.066000,-0.000177,-0.006652,0.034797,-0.000031,-0.005645,-0.037326,-0.000000,-0.001015,1.570156,-0.300000,1.000000,1.100000,0.000000,0.000000,-1.571000,-0.299823,1.006652,1.065203,1.495961
8.068000,-0.000177,-0.006653,0.034797,-0.000031,-0.005645,-0.037326,-0.000000,-0.001015,1.570156,-0.300000,1.000000,1.100000,0.000000,0.000000,-1.571000,-0.299823,1.006653,1.065203,1.495962
8.070000,-0.000177,-0.006655,0.034797,-0.000031,-0.005645,-0.037326,-0.000000,-0.001015,1.570156,-0.300000,1.000000,1.100000,0.000000,0.000000,-1.571000,-0.299823,1.006655,1.065203,1.495963
8.072000,-0.000177,-0.006657,0.034797,-0.000031,-0.005645,-0.037326,-0.000000,-0.001015,1.570156,-0.300000,1.000000,1.100000,0.000000,0.000000,-1.571000,-0.299823,1.006657,1.065203,1.495964
8.074000,-0.000177,-0.006658,0.034797,-0.000031,-0.005645,-0.037326,-0.000000,-0.001015,1.570156,-0.300000,1.000000,1.100000,0.000000,0.000000,-1.571000,-0.299823,1.006658,1.065203,1.495965
8.076000,-0.000178,-0.006660,0.034797,-0.000031,-0.005645,-0.037326,-0.000000,-0.001015,1.570156,-0.300000,1.000000,1.100000,0.000000,0.000000,-1.571000,-0.299822,1.006660,1.065203,1.495966
8.078000,-0.000178,-0.006662,0.034797,-0.000031,-0.005645,-0.037326,-0.000000,-0.001015,1.570156,-0.300000,1.000000,1.100000,0.000000,0.000000,-1.571000,-0.299822,1.006662,1.065203,1.495967
8.080000,-0.000178,-0.006663,0.034797,-0.000031,-0.005645,-0.037326,-0.000000,-0.001015,1.570156,-0.300000,1.000000,1.100000,0.000000,0.000000,-1.571000,-0.299822,1.006663,1.065203,1.495968
8.082000,-0.000178,-0.006665,0.034797,-0.000031,-0.005645,-0.037326,-0.000000,-0.001015,1.570156,-0.300000,1.000000,1.100000,0.000000,0.000000,-1.571000,-0.299822,1.006665,1.065203,1.495970
8.084000,-0.000178,-0.006667,0.034797,-0.000031,-0.005645,-0.037326,-0.000000,-0.001015,1.570156,-0.300000,1.000000,1.100000,0.000000,0.000000,-1.571000,-0.299822,1.006667,1.065203,1.495971
8.086000,-0.000178,-0.006668,0.034797,-0.000031,-0.005645,-0.037326,-0.000000,-0.001015,1.570156,-0.300000,1.000000,1.100000,0.000000,0.000000,-1.571000,-0.299822,1.006668,1.065203,1.495972
8.088000,-0.000178,-0.006670,0.034797,-0.000031,-0.005645,-0.037326,-0.000000,-0.001015,1.570156,-0.300000,1.000000,1.100000,0.000000,0.000000,-1.571000,-0.299822,1.006670,1.065203,1.495973
8.090000,-0.000178,-0.006672,0.034797,-0.000031,-0.005645,-0.037326,-0.000000,-0.001015,1.570156,-0.300000,1.000000,1.100000,0.000000,0.000000,-1.571000,-0.299822,1.006672,1.065203,1.495974
8.092000,-0.000178,-0.006673,0.034797,-0.000031,-0.005645,-0.037326,-0.000000,-0.001015,1.570156,-0.300000,1.000000,1.100000,0.000000,0.000000,-1.571000,-0.299822,1.006673,1.065203,1.495975
8.094000,-0.000178,-0.006675,0.034797,-0.000031,-0.005645,-0.037326,-0.000000,-0.001015,1.570156,-0.300000,1.000000,1.100000,0.000000,0.000000,-1.571000,-0.299822,1.006675,1.065203,1.495976
8.096000,-0.000178,-0.006677,0.034797,-0.000031,-0.005645,-0.037326,-0.000000,-0.001015,1.570156,-0.300000,1.000000,1.100000,0.000000,0.000000,-1.571000,-0.299822,1.006677,1.065203,1.495977
8.098000,-0.000178,-0.006678,0.034797,-0.000031,-0.005645,-0.037326,-0.000000,-0.001015,1.570156,-0.300000,1.000000,1.100000,0.000000,0.000000,-1.571000,-0.299822,1.006678,1.065203,1.495978
8.100000,-0.000178,-0.006680,0.034797,-0.000031,-0.005645,-0.037326,-0.000000,-0.001015,1.570156,-0.300000,1.000000,1.100000,0.000000,0.000000,-1.571000,-0.299822,1.006680,1.065203,1.495980
8.102000,-0.000178,-0.006682,0.034797,-0.000031,-0.005645,-0.037326,-0.000000,-0.001015,1.570157,-0.300000,1.000000,1.100000,0.000000,0.000000,-1.571000,-0.299822,1.006682,1.065203,1.495981
8.104000,-0.000178,-0.006683,0.034797,-0.000031,-0.005645,-0.037326,-0.000000,-0.001015,1.570157,-0.300000,1.000000,1.100000,0.000000,0.000000,-1.571000,-0.299822,1.006683,1.065203,1.495982
8.106000,-0.000178,-0.006685,0.034797,-0.000031,-0.005645,-0.037326,-0.000000,-0.001015,1.570157,-0.300000,1.000000,1.100000,0.000000,0.000000,-1.571000,-0.299822,1.006685,1.065203,1.495983
8.108000,-0.000178,-0.006687,0.034797,-0.000031,-0.005645,-0.037326,-0.000000,-0.001015,1.570157,-0.300000,1.000000,1.100000,0.000000,0.000000,-1.571000,-0.299822,1.006687,1.065203,1.495984
8.110000,-0.000178,-0.006688,0.034797,-0.000031,-0.005645,-0.037326,-0.000000,-0.001015,1.570157,-0.300000,1.000000,1.100000,0.000000,0.000000,-1.571000,-0.299822,1.006688,1.065203,1.495985
8.112000,-0.000178,-0.006690,0.034797,-0.000031,-0.005645,-0.037326,-0.000000,-0.001015,1.570157,-0.300000,1.000000,1.100000,0.000000,0.000000,-1.571000,-0.299822,1.006690,1.065203,1.495986
8.114000,-0.000178,-0.006692,0.034797,-0.000031,-0.005645,-0.037326,-0.000000,-0.001015,1.570157,-0.300000,1.000000,1.100000,0.000000,0.000000,-1.571000,-0.299822,1.006692,1.065203,1.495987
8.116000,-0.000178,-0.006693,0.034797,-0.000031,-0.005645,-0.037326,-0.000000,-0.001015,1.570157,-0.300000,1.000000,1.100000,0.000000,0.000000,-1.571000,-0.299822,1.006693,1.065203,1.495989
8.118000,-0.000178,-0.006695,0.034797,-0.000031,-0.005645,-0.037326,-0.000000,-0.001015,1.570157,-0.300000,1.000000,1.100000,0.000000,0.000000,-1.571000,-0.299822,1.006695,1.065203,1.495990
8.120000,-0.000179,-0.006697,0.034797,-0.000031,-0.005645,-0.037326,-0.000000,-0.001015,1.570157,-0.300000,1.000000,1.100000,0.000000,0.000000,-1.571000,-0.299821,1.006697,1.065203,1.495991
8.122000,-0.000179,-0.006698,0.034797,-0.000031,-0.005645,-0.037326,-0.000000,-0.001015,1.570157,-0.300000,1.000000,1.100000,0.000000,0.000000,-1.571000,-0.299821,1.006698,1.065203,1.495992
8.124000,-0.000179,-0.006700,0.034797,-0.000031,-0.005645,-0.037326,-0.000000,-0.001015,1.570157,-0.300000,1.000000,1.100000,0.000000,0.000000,-1.571000,-0.299821,1.006700,1.065203,1.495993
8.126000,-0.000179,-0.006702,0.034797,-0.000031,-0.005645,-0.037326,-0.000000,-0.001015,1.570157,-0.300000,1.000000,1.100000,0.000000,0.000000,-1.571000,-0.299821,1.006702,1.065203,1.495994
8.128000,-0.000179,-0.006703,0.034797,-0.000031,-0.005645,-0.037326,-0.000000,-0.001015,1.570157,-0.300000,1.000000,1.100000,0.000000,0.000000,-1.571000,-0.299821,1.006703,1.065203,1.495995
8.130000,-0.000179,-0.006705,0.034797,-0.000031,-0.005645,-0.037326,-0.000000,-0.001015,1.570157,-0.300000,1.000000,1.100000,0.000000,0.000000,-1.571000,-0.299821,1.006705,1.065203,1.495996
8.132000,-0.000179,-0.006707,0.034797,-0.000031,-0.005645,-0.037326,-0.000000,-0.001015,1.570157,-0.300000,1.000000,1.100000,0.000000,0.000000,-1.571000,-0.299821,1.006707,1.065203,1.495997
8.134000,-0.000179,-0.006708,0.034797,-0.000031,-0.005645,-0.037326,-0.000000,-0.001015,1.570157,-0.300000,1.000000,1.100000,0.000000,0.000000,-1.571000,-0.299821,1.006708,1.065203,1.495999
8.136000,-0.000179,-0.006710,0.034797,-0.000031,-0.005645,-0.037326,-0.000000,-0.001015,1.570157,-0.300000,1.000000,1.100000,0.000000,0.000000,-1.571000,-0.299821,1.006710,1.065203,1.496000
8.138000,-0.000179,-0.006712,0.034797,-0.000031,-0.005645,-0.037326,-0.000000,-0.001015,1.570157,-0.300000,1.000000,1.100000,0.000000,0.000000,-1.571000,-0.299821,1.006712,1.065203,1.496001
8.140000,-0.000179,-0.006713,0.034797,-0.000031,-0.005645,-0.037326,-0.000000,-0.001015,1.570157,-0.300000,1.000000,1.100000,0.000000,0.000000,-1.571000,-0.299821,1.006713,1.065203,1.496002
8.142000,-0.000179,-0.006715,0.034797,-0.000031,-0.005645,-0.037326,-0.000000,-0.001015,1.570157,-0.300000,1.000000,1.100000,0.000000,0.000000,-1.571000,-0.299821,1.006715,1.065203,1.496003
8.144000,-0.000179,-0.006717,0.034797,-0.000031,-0.005645,-0.037326,-0.000000,-0.001015,1.570157,-0.300000,1.000000,1.100000,0.000000,0.000000,-1.571000,-0.299821,1.006717,1.065203,1.496004
8.146000,-0.000179,-0.006719,0.034797,-0.000031,-0.005645,-0.037326,-0.000000,-0.001015,1.570157,-0.300000,1.000000,1.100000,0.000000,0.000000,-1.571000,-0.299821,1.006719,1.065203,1.496005
8.148000,-0.000179,-0.006720,0.034797,-0.000031,-0.005645,-0.037326,-0.000000,-0.001015,1.570157,-0.300000,1.000000,1.100000,0.000000,0.000000,-1.571000,-0.299821,1.006720,1.065203,1.496006
8.150000,-0.000179,-0.006722,0.034797,-0.000031,-0.005645,-0.037326,-0.000000,-0.001015,1.570157,-0.300000,1.000000,1.100000,0.000000,0.000000,-1.571000,-0.299821,1.006722,1.065203,1.496008
8.152000,-0.000179,-0.006724,0.034797,-0.000031,-0.005645,-0.037326,-0.000000,-0.001015,1.570157,-0.300000,1.000000,1.100000,0.000000,0.000000,-1.571000,-0.299821,1.006724,1.065203,1.496009
8.154000,-0.000179,-0.006725,0.034797,-0.000031,-0.005645,-0.037326,-0.000000,-0.001015,1.570158,-0.300000,1.000000,1.100000,0.000000,0.000000,-1.571000,-0.299821,1.006725,1.065203,1.496010
8.156000,-0.000179,-0.006727,0.034797,-0.000031,-0.005645,-0.037326,-0.000000,-0.001015,1.570158,-0.300000,1.000000,1.100000,0.000000,0.000000,-1.571000,-0.299821,1.006727,1.065203,1.496011
8.158000,-0.000179,-0.006729,0.034797,-0.000031,-0.005645,-0.037326,-0.000000,-0.001015,1.570158,-0.300000,1.000000,1.100000,0.000000,0.000000,-1.571000,-0.299821,1.006729,1.065203,1.496012
8.160000,-0.000179,-0.006730,0.034797,-0.000031,-0.005645,-0.037326,-0.000000,-0.001015,1.570158,-0.300000,1.000000,1.100000,0.000000,0.000000,-1.571000,-0.299821,1.006730,1.065203,1.496013
8.162000,-0.000179,-0.006732,0.034797,-0.000031,-0.005645,-0.037326,-0.000000,-0.001015,1.570158,-0.300000,1.000000,1.100000,0.000000,0.000000,-1.571000,-0.299821,1.006732,1.065203,1.496014
8.164000,-0.000180,-0.006734,0.034797,-0.000031,-0.005645,-0.037326,-0.000000,-0.001015,1.570158,-0.300000,1.000000,1.100000,0.000000,0.000000,-1.571000,-0.299820,1.006734,1.065203,1.496015
8.166000,-0.000180,-0.006735,0.034797,-0.000031,-0.005645,-0.037326,-0.000000,-0.001015,1.570158,-0.300000,1.000000,1.100000,0.000000,0.000000,-1.571000,-0.299820,1.006735,1.065203,1.496017
8.168000,-0.000180,-0.006737,0.034797,-0.000031,-0.005645,-0.037326,-0.000000,-0.001015,1.570158,-0.300000,1.000000,1.100000,0.000000,0.000000,-1.571000,-0.299820,1.006737,1.065203,1.496018
8.170000,-0.000180,-0.006739,0.034797,-0.000031,-0.005645,-0.037326,-0.000000,-0.001015,1.570158,-0.300000,1.000000,1.100000,0.000000,0.000000,-1.571000,-0.299820,1.006739,1.065203,1.496019
8.172000,-0.000180,-0.006740,0.034797,-0.000031,-0.005645,-0.037326,-0.000000,-0.001015,1.570158,-0.300000,1.000000,1.100000,0.000000,0.000000,-1.571000,-0.299820,1.006740,1.065203,1.496020
8.174000,-0.000180,-0.006742,0.034797,-0.000031,-0.005645,-0.037326,-0.000000,-0.001015,1.570158,-0.300000,1.000000,1.100000,0.000000,0.000000,-1.571000,-0.299820,1.006742,1.065203,1.496021
8.176000,-0.000180,-0.006744,0.034797,-0.000031,-0.005645,-0.037326,-0.000000,-0.001015,1.570158,-0.300000,1.000000,1.100000,0.000000,0.000000,-1.571000,-0.299820,1.006744,1.065203,1.496022
8.178000,-0.000180,-0.006745,0.034797,-0.000031,-0.005645,-0.037326,-0.000000,-0.001015,1.570158,-0.300000,1.000000,1.100000,0.000000,0.000000,-1.571000,-0.299820,1.006745,1.065203,1.496023
8.180000,-0.000180,-0.006747,0.034797,-0.000031,-0.005645,-0.037326,-0.000000,-0.001015,1.570158,-0.300000,1.000000,1.100000,0.000000,0.000000,-1.571000,-0.299820,1.006747,1.065203,1.496024
8.182000,-0.000180,-0.006749,0.034797,-0.000031,-0.005645,-0.037326,-0.000000,-0.001015,1.570158,-0.300000,1.000000,1.100000,0.000000,0.000000,-1.571000,-0.299820,1.006749,1.065203,1.496025
8.184000,-0.000180,-0.006750,0.034797,-0.000031,-0.005645,-0.037326,-0.000000,-0.001015,1.570158,-0.300000,1.000000,1.100000,0.000000,0.000000,-1.571000,-0.299820,1.006750,1.065203,1.496027
8.186000,-0.000180,-0.006752,0.034797,-0.000031,-0.005645,-0.037326,-0.000000,-0.001015,1.570158,-0.300000,1.000000,1.100000,0.000000,0.000000,-1.571000,-0.299820,1.006752,1.065203,1.496028
8.188000,-0.000180,-0.006754,0.034797,-0.000031,-0.005645,-0.037326,-0.000000,-0.001015,1.570158,-0.300000,1.000000,1.100000,0.000000,0.000000,-1.571000,-0.299820,1.006754,1.065203,1.496029
8.190000,-0.000180,-0.006755,0.034797,-0.000031,-0.005645,-0.037326,-0.000000,-0.001015,1.570158,-0.300000,1.000000,1.100000,0.000000,0.000000,-1.571000,-0.299820,1.006755,1.065203,1.496030
8.192000,-0.000180,-0.006757,0.034797,-0.000031,-0.005645,-0.037326,-0.000000,-0.001015,1.570158,-0.300000,1.000000,1.100000,0.000000,0.000000,-1.571000,-0.299820,1.006757,1.065203,1.496031
8.194000,-0.000180,-0.006759,0.034797,-0.000031,-0.005645,-0.037326,-0.000000,-0.001015,1.570158,-0.300000,1.000000,1.100000,0.000000,0.000000,-1.571000,-0.299820,1.006759,1.065203,1.496032
8.196000,-0.000180,-0.006760,0.034797,-0.000031,-0.005645,-0.037326,-0.000000,-0.001015,1.570158,-0.300000,1.000000,1.100000,0.000000,0.000000,-1.571000,-0.299820,1.006760,1.065203,1.496033
8.198000,-0.000180,-0.006762,0.034797,-0.000031,-0.005645,-0.037326,-0.000000,-0.001015,1.570158,-0.300000,1.000000,1.100000,0.000000,0.000000,-1.571000,-0.299820,1.006762,1.065203,1.496034
8.200000,-0.000180,-0.006764,0.034797,-0.000031,-0.005645,-0.037326,-0.000000,-0.001015,1.570158,-0.300000,1.000000,1.100000,0.000000,0.000000,-1.571000,-0.299820,1.006764,1.065203,1.496036
8.202000,-0.000180,-0.006765,0.034797,-0.000031,-0.005645,-0.037326,-0.000000,-0.001015,1.570158,-0.300000,1.000000,1.100000,0.000000,0.000000,-1.571000,-0.299820,1.006765,1.065203,1.496037
8.204000,-0.000180,-0.006767,0.034797,-0.000031,-0.005645,-0.037326,-0.000000,-0.001015,1.570159,-0.300000,1.000000,1.100000,0.000000,0.000000,-1.571000,-0.299820,1.006767,1.065203,1.496038
8.206000,-0.000180,-0.006769,0.034797,-0.000031,-0.005645,-0.037326,-0.000000,-0.001015,1.570159,-0.300000,1.000000,1.100000,0.000000,0.000000,-1.571000,-0.299820,1.006769,1.065203,1.496039
8.208000,-0.000181,-0.006770,0.034797,-0.000031,-0.005645,-0.037326,-0.000000,-0.001015,1.570159,-0.300000,1.000000,1.100000,0.000000,0.000000,-1.571000,-0.299819,1.006770,1.065203,1.496040
8.210000,-0.000181,-0.006772,0.034797,-0.000031,-0.005645,-0.037326,-0.000000,-0.001015,1.570159,-0.300000,1.000000,1.100000,0.000000,0.000000,-1.571000,-0.299819,1.006772,1.065203,1.496041
8.212000,-0.000181,-0.006774,0.034797,-0.000031,-0.005645,-0.037326,-0.000000,-0.001015,1.570159,-0.300000,1.000000,1.100000,0.000000,0.000000,-1.571000,-0.299819,1.006774,1.065203,1.496042
8.214000,-0.000181,-0.006775,0.034797,-0.000031,-0.005645,-0.037326,-0.000000,-0.001015,1.570159,-0.300000,1.000000,1.100000,0.000000,0.000000,-1.571000,-0.299819,1.006775,1.065203,1.496043
8.216000,-0.000181,-0.006777,0.034797,-0.000031,-0.005645,-0.037326,-0.000000,-0.001015,1.570159,-0.300000,1.000000,1.100000,0.000000,0.000000,-1.571000,-0.299819,1.006777,1.065203,1.496044
8.218000,-0.000181,-0.006779,0.034797,-0.000031,-0.005645,-0.037326,-0.000000,-0.001015,1.570159,-0.300000,1.000000,1.100000,0.000000,0.000000,-1.571000,-0.299819,1.006779,1.065203,1.496046
8.220000,-0.000181,-0.006780,0.034797,-0.000031,-0.005645,-0.037326,-0.000000,-0.001015,1.570159,-0.300000,1.000000,1.100000,0.000000,0.000000,-1.571000,-0.299819,1.006780,1.065203,1.496047
8.222000,-0.000181,-0.006782,0.034797,-0.000031,-0.005645,-0.037326,-0.000000,-0.001015,1.570159,-0.300000,1.000000,1.100000,0.000000,0.000000,-1.571000,-0.299819,1.006782,1.065203,1.496048
8.224000,-0.000181,-0.006784,0.034797,-0.000031,-0.005645,-0.037326,-0.000000,-0.001015,1.570159,-0.300000,1.000000,1.100000,0.000000,0.000000,-1.571000,-0.299819,1.006784,1.065203,1.496049
8.226000,-0.000181,-0.006786,0.034797,-0.000031,-0.005645,-0.037326,-0.000000,-0.001015,1.570159,-0.300000,1.000000,1.100000,0.000000,0.000000,-1.571000,-0.299819,1.006786,1.065203,1.496050
8.228000,-0.000181,-0.006787,0.034797,-0.000031,-0.005645,-0.037326,-0.000000,-0.001015,1.570159,-0.300000,1.000000,1.100000,0.000000,0.000000,-1.571000,-0.299819,1.006787,1.065203,1.496051
8.230000,-0.000181,-0.006789,0.034797,-0.000031,-0.005645,-0.037326,-0.000000,-0.001015,1.570159,-0.300000,1.000000,1.100000,0.000000,0.000000,-1.571000,-0.299819,1.006789,1.065203,1.496052
8.232000,-0.000181,-0.006791,0.034797,-0.000031,-0.005645,-0.037326,-0.000000,-0.001015,1.570159,-0.300000,1.000000,1.100000,0.000000,0.000000,-1.571000,-0.299819,1.006791,1.065203,1.496053
8.234000,-0.000181,-0.006792,0.034797,-0.000031,-0.005645,-0.037326,-0.000000,-0.001015,1.570159,-0.300000,1.000000,1.100000,0.000000,0.000000,-1.571000,-0.299819,1.006792,1.065203,1.496055
8.236000,-0.000181,-0.006794,0.034797,-0.000031,-0.005645,-0.037326,-0.000000,-0.001015,1.570159,-0.300000,1.000000,1.100000,0.000000,0.000000,-1.571000,-0.299819,1.006794,1.065203,1.496056
8.238000,-0.000181,-0.006796,0.034797,-0.000031,-0.005645,-0.037326,-0.000000,-0.001015,1.570159,-0.300000,1.000000,1.100000,0.000000,0.000000,-1.571000,-0.299819,1.006796,1.065203,1.496057
8.240000,-0.000181,-0.006797,0.034797,-0.000031,-0.005645,-0.037326,-0.000000,-0.001015,1.570159,-0.300000,1.000000,1.100000,0.000000,0.000000,-1.571000,-0.299819,1.006797,1.065203,1.496058
8.242000,-0.000181,-0.006799,0.034797,-0.000031,-0.005645,-0.037326,-0.000000,-0.001015,1.570159,-0.300000,1.000000,1.100000,0.000000,0.000000,-1.571000,-0.299819,1.006799,1.065203,1.496059
8.244000,-0.000181,-0.006801,0.034797,-0.000031,-0.005645,-0.037326,-0.000000,-0.001015,1.570159,-0.300000,1.000000,1.100000,0.000000,0.000000,-1.571000,-0.299819,1.006801,1.065203,1.496060
8.246000,-0.000181,-0.006802,0.034797,-0.000031,-0.005645,-0.037326,-0.000000,-0.001015,1.570159,-0.300000,1.000000,1.100000,0.000000,0.000000,-1.571000,-0.299819,1.006802,1.065203,1.496061
8.248000,-0.000181,-0.006804,0.034797,-0.000031,-0.005645,-0.037326,-0.000000,-0.001015,1.570159,-0.300000,1.000000,1.100000,0.000000,0.000000,-1.571000,-0.299819,1.006804,1.065203,1.496062
8.250000,-0.000181,-0.006806,0.034797,-0.000031,-0.005645,-0.037326,-0.000000,-0.001015,1.570159,-0.300000,1.000000,1.100000,0.000000,0.000000,-1.571000,-0.299819,1.006806,1.065203,1.496063
8.252000,-0.000182,-0.006807,0.034797,-0.000031,-0.005645,-0.037326,-0.000000,-0.001015,1.570159,-0.300000,1.000000,1.100000,0.000000,0.000000,-1.571000,-0.299818,1.006807,1.065203,1.496065
8.254000,-0.000182,-0.006809,0.034797,-0.000031,-0.005645,-0.037326,-0.000000,-0.001015,1.570159,-0.300000,1.000000,1.100000,0.000000,0.000000,-1.571000,-0.299818,1.006809,1.065203,1.496066
8.256000,-0.000182,-0.006811,0.034797,-0.000031,-0.005645,-0.037326,-0.000000,-0.001015,1.570160,-0.300000,1.000000,1.100000,0.000000,0.000000,-1.571000,-0.299818,1.006811,1.065203,1.496067
8.258000,-0.000182,-0.006812,0.034797,-0.000031,-0.005645,-0.037326,-0.000000,-0.001015,1.570160,-0.300000,1.000000,1.100000,0.000000,0.000000,-1.571000,-0.299818,1.006812,1.065203,1.496068
8.260000,-0.000182,-0.006814,0.034797,-0.000031,-0.005645,-0.037326,-0.000000,-0.001015,1.570160,-0.300000,1.000000,1.100000,0.000000,0.000000,-1.571000,-0.299818,1.006814,1.065203,1.496069
8.262000,-0.000182,-0.006816,0.034797,-0.000031,-0.005645,-0.037326,-0.000000,-0.001015,1.570160,-0.300000,1.000000,1.100000,0.000000,0.000000,-1.571000,-0.299818,1.006816,1.065203,1.496070
8.264000,-0.000182,-0.006817,0.034797,-0.000031,-0.005645,-0.037326,-0.000000,-0.001015,1.570160,-0.300000,1.000000,1.100000,0.000000,0.000000,-1.571000,-0.299818,1.006817,1.065203,1.496071
8.266000,-0.000182,-0.006819,0.034797,-0.000031,-0.005645,-0.037326,-0.000000,-0.001015,1.570160,-0.300000,1.000000,1.100000,0.000000,0.000000,-1.571000,-0.299818,1.006819,1.065203,1.496072
8.268000,-0.000182,-0.006821,0.034797,-0.000031,-0.005645,-0.037326,-0.000000,-0.001015,1.570160,-0.300000,1.000000,1.100000,0.000000,0.000000,-1.571000,-0.299818,1.006821,1.065203,1.496074
8.270000,-0.000182,-0.006822,0.034797,-0.000031,-0.005645,-0.037326,-0.000000,-0.001015,1.570160,-0.300000,1.000000,1.100000,0.000000,0.000000,-1.571000,-0.299818,1.006822,1.065203,1.496075
8.272000,-0.000182,-0.006824,0.034797,-0.000031,-0.005645,-0.037326,-0.000000,-0.001015,1.570160,-0.300000,1.000000,1.100000,0.000000,0.000000,-1.571000,-0.299818,1.006824,1.065203,1.496076
8.274000,-0.000182,-0.006826,0.034797,-0.000031,-0.005645,-0.037326,-0.000000,-0.001015,1.570160,-0.300000,1.000000,1.100000,0.000000,0.000000,-1.571000,-0.299818,1.006826,1.065203,1.496077
8.276000,-0.000182,-0.006827,0.034797,-0.000031,-0.005645,-0.037326,-0.000000,-0.001015,1.570160,-0.300000,1.000000,1.100000,0.000000,0.000000,-1.571000,-0.299818,1.006827,1.065203,1.496078
8.278000,-0.000182,-0.006829,0.034797,-0.000031,-0.005645,-0.037326,-0.000000,-0.001015,1.570160,-0.300000,1.000000,1.100000,0.000000,0.000000,-1.571000,-0.299818,1.006829,1.065203,1.496079
8.280000,-0.000182,-0.006831,0.034797,-0.000031,-0.005645,-0.037326,-0.000000,-0.001015,1.570160,-0.300000,1.000000,1.100000,0.000000,0.000000,-1.571000,-0.299818,1.006831,1.065203,1.496080
8.282000,-0.000182,-0.006832,0.034797,-0.000031,-0.005645,-0.037326,-0.000000,-0.001015,1.570160,-0.300000,1.000000,1.100000,0.000000,0.000000,-1.571000,-0.299818,1.006832,1.065203,1.496081
8.284000,-0.000182,-0.006834,0.034797,-0.000031,-0.005645,-0.037326,-0.000000,-0.001015,1.570160,-0.300000,1.000000,1.100000,0.000000,0.000000,-1.571000,-0.299818,1.006834,1.065203,1.496082
8.286000,-0.000182,-0.006836,0.034797,-0.000031,-0.005645,-0.037326,-0.000000,-0.001015,1.570160,-0.300000,1.000000,1.100000,0.000000,0.000000,-1.571000,-0.299818,1.006836,1.065203,1.496084
8.288000,-0.000182,-0.006837,0.034797,-0.000031,-0.005645,-0.037326,-0.000000,-0.001015,1.570160,-0.300000,1.000000,1.100000,0.000000,0.000000,-1.571000,-0.299818,1.006837,1.065203,1.496085
8.290000,-0.000182,-0.006839,0.034797,-0.000031,-0.005645,-0.037326,-0.000000,-0.001015,1.570160,-0.300000,1.000000,1.100000,0.000000,0.000000,-1.571000,-0.299818,1.006839,1.065203,1.496086
8.292000,-0.000182,-0.006841,0.034797,-0.000031,-0.005645,-0.037326,-0.000000,-0.001015,1.570160,-0.300000,1.000000,1.100000,0.000000,0.000000,-1.571000,-0.299818,1.006841,1.065203,1.496087
8.294000,-0.000182,-0.006842,0.034797,-0.000031,-0.005645,-0.037326,-0.000000,-0.001015,1.570160,-0.300000,1.000000,1.100000,0.000000,0.000000,-1.571000,-0.299818,1.006842,1.065203,1.496088
8.296000,-0.000183,-0.006844,0.034797,-0.000031,-0.005645,-0.037326,-0.000000,-0.001015,1.570160,-0.300000,1.000000,1.100000,0.000000,0.000000,-1.571000,-0.299817,1.006844,1.065203,1.496089
8.298000,-0.000183,-0.006846,0.034797,-0.000031,-0.005645,-0.037326,-0.000000,-0.001015,1.570160,-0.300000,1.000000,1.100000,0.000000,0.000000,-1.571000,-0.299817,1.006846,1.065203,1.496090
8.300000,-0.000183,-0.006847,0.034797,-0.000031,-0.005645,-0.037326,-0.000000,-0.001015,1.570160,-0.300000,1.000000,1.100000,0.000000,0.000000,-1.571000,-0.299817,1.006847,1.065203,1.496091
8.302000,-0.000183,-0.006849,0.034797,-0.000031,-0.005645,-0.037326,-0.000000,-0.001015,1.570160,-0.300000,1.000000,1.100000,0.000000,0.000000,-1.571000,-0.299817,1.006849,1.065203,1.496093
8.304000,-0.000183,-0.006851,0.034797,-0.000031,-0.005645,-0.037326,-0.000000,-0.001015,1.570160,-0.300000,1.000000,1.100000,0.000000,0.000000,-1.571000,-0.299817,1.006851,1.065203,1.496094
8.306000,-0.000183,-0.006852,0.034797,-0.000031,-0.005645,-0.037326,-0.000000,-0.001015,1.570161,-0.300000,1.000000,1.100000,0.000000,0.000000,-1.571000,-0.299817,1.006852,1.065203,1.496095
8.308000,-0.000183,-0.006854,0.034797,-0.000031,-0.005645,-0.037326,-0.000000,-0.001015,1.570161,-0.300000,1.000000,1.100000,0.000000,0.000000,-1.571000,-0.299817,1.006854,1.065203,1.496096
8.310000,-0.000183,-0.006856,0.034797,-0.000031,-0.005645,-0.037326,-0.000000,-0.001015,1.570161,-0.300000,1.000000,1.100000,0.000000,0.000000,-1.571000,-0.299817,1.006856,1.065203,1.496097
8.312000,-0.000183,-0.006858,0.034797,-0.000031,-0.005645,-0.037326,-0.000000,-0.001015,1.570161,-0.300000,1.000000,1.100000,0.000000,0.000000,-1.571000,-0.299817,1.006858,1.065203,1.496098
8.314000,-0.000183,-0.006859,0.034797,-0.000031,-0.005645,-0.037326,-0.000000,-0.001015,1.570161,-0.300000,1.000000,1.100000,0.000000,0.000000,-1.571000,-0.299817,1.006859,1.065203,1.496099
8.316000,-0.000183,-0.006861,0.034797,-0.000031,-0.005645,-0.037326,-0.000000,-0.001015,1.570161,-0.300000,1.000000,1.100000,0.000000,0.000000,-1.571000,-0.299817,1.006861,1.065203,1.496100
8.318000,-0.000183,-0.006863,0.034797,-0.000031,-0.005645,-0.037326,-0.000000,-0.001015,1.570161,-0.300000,1.000000,1.100000,0.000000,0.000000,-1.571000,-0.299817,1.006863,1.065203,1.496101
8.320000,-0.000183,-0.006864,0.034797,-0.000031,-0.005645,-0.037326,-0.000000,-0.001015,1.570161,-0.300000,1.000000,1.100000,0.000000,0.000000,-1.571000,-0.299817,1.006864,1.065203,1.496103
8.322000,-0.000183,-0.006866,0.034797,-0.000031,-0.005645,-0.037326,-0.000000,-0.001015,1.570161,-0.300000,1.000000,1.100000,0.000000,0.000000,-1.571000,-0.299817,1.006866,1.065203,1.496104
8.324000,-0.000183,-0.006868,0.034797,-0.000031,-0.005645,-0.037326,-0.000000,-0.001015,1.570161,-0.300000,1.000000,1.100000,0.000000,0.000000,-1.571000,-0.299817,1.006868,1.065203,1.496105
8.326000,-0.000183,-0.006869,0.034797,-0.000031,-0.005645,-0.037326,-0.000000,-0.001015,1.570161,-0.300000,1.000000,1.100000,0.000000,0.000000,-1.571000,-0.299817,1.006869,1.065203,1.496106
8.328000,-0.000183,-0.006871,0.034797,-0.000031,-0.005645,-0.037326,-0.000000,-0.001015,1.570161,-0.300000,1.000000,1.100000,0.000000,0.000000,-1.571000,-0.299817,1.006871,1.065203,1.496107
8.330000,-0.000183,-0.006873,0.034797,-0.000031,-0.005645,-0.037326,-0.000000,-0.001015,1.570161,-0.300000,1.000000,1.100000,0.000000,0.000000,-1.571000,-0.299817,1.006873,1.065203,1.496108
8.332000,-0.000183,-0.006874,0.034797,-0.000031,-0.005645,-0.037326,-0.000000,-0.001015,1.570161,-0.300000,1.000000,1.100000,0.000000,0.000000,-1.571000,-0.299817,1.006874,1.065203,1.496109
8.334000,-0.000183,-0.006876,0.034797,-0.000031,-0.005645,-0.037326,-0.000000,-0.001015,1.570161,-0.300000,1.000000,1.100000,0.000000,0.000000,-1.571000,-0.299817,1.006876,1.065203,1.496110
8.336000,-0.000183,-0.006878,0.034797,-0.000031,-0.005645,-0.037326,-0.000000,-0.001015,1.570161,-0.300000,1.000000,1.100000,0.000000,0.000000,-1.571000,-0.299817,1.006878,1.065203,1.496112
8.338000,-0.000183,-0.006879,0.034797,-0.000031,-0.005645,-0.037326,-0.000000,-0.001015,1.570161,-0.300000,1.000000,1.100000,0.000000,0.000000,-1.571000,-0.299817,1.006879,1.065203,1.496113
8.340000,-0.000184,-0.006881,0.034797,-0.000031,-0.005645,-0.037326,-0.000000,-0.001015,1.570161,-0.300000,1.000000,1.100000,0.000000,0.000000,-1.571000,-0.299816,1.006881,1.065203,1.496114
8.342000,-0.000184,-0.006883,0.034797,-0.000031,-0.005645,-0.037326,-0.000000,-0.001015,1.570161,-0.300000,1.000000,1.100000,0.000000,0.000000,-1.571000,-0.299816,1.006883,1.065203,1.496115
8.344000,-0.000184,-0.006884,0.034797,-0.000031,-0.005645,-0.037326,-0.000000,-0.001015,1.570161,-0.300000,1.000000,1.100000,0.000000,0.000000,-1.571000,-0.299816,1.006884,1.065203,1.496116
8.346000,-0.000184,-0.006886,0.034797,-0.000031,-0.005645,-0.037326,-0.000000,-0.001015,1.570161,-0.300000,1.000000,1.100000,0.000000,0.000000,-1.571000,-0.299816,1.006886,1.065203,1.496117
8.348000,-0.000184,-0.006888,0.034797,-0.000031,-0.005645,-0.037326,-0.000000,-0.001015,1.570161,-0.300000,1.000000,1.100000,0.000000,0.000000,-1.571000,-0.299816,1.006888,1.065203,1.496118
8.350000,-0.000184,-0.006889,0.034797,-0.000031,-0.005645,-0.037326,-0.000000,-0.001015,1.570161,-0.300000,1.000000,1.100000,0.000000,0.000000,-1.571000,-0.299816,1.006889,1.065203,1.496119
8.352000,-0.000184,-0.006891,0.034797,-0.000031,-0.005645,-0.037326,-0.000000,-0.001015,1.570161,-0.300000,1.000000,1.100000,0.000000,0.000000,-1.571000,-0.299816,1.006891,1.065203,1.496120
8.354000,-0.000184,-0.006893,0.034797,-0.000031,-0.005645,-0.037326,-0.000000,-0.001015,1.570161,-0.300000,1.000000,1.100000,0.000000,0.000000,-1.571000,-0.299816,1.006893,1.065203,1.496122
8.356000,-0.000184,-0.006894,0.034797,-0.000031,-0.005645,-0.037326,-0.000000,-0.001015,1.570161,-0.300000,1.000000,1.100000,0.000000,0.000000,-1.571000,-0.299816,1.006894,1.065203,1.496123
8.358000,-0.000184,-0.006896,0.034797,-0.000031,-0.005645,-0.037326,-0.000000,-0.001015,1.570162,-0.300000,1.000000,1.100000,0.000000,0.000000,-1.571000,-0.299816,1.006896,1.065203,1.496124
8.360000,-0.000184,-0.006898,0.034797,-0.000031,-0.005645,-0.037326,-0.000000,-0.001015,1.570162,-0.300000,1.000000,1.100000,0.000000,0.000000,-1.571000,-0.299816,1.006898,1.065203,1.496125
8.362000,-0.000184,-0.006899,0.034797,-0.000031,-0.005645,-0.037326,-0.000000,-0.001015,1.570162,-0.300000,1.000000,1.100000,0.000000,0.000000,-1.571000,-0.299816,1.006899,1.065203,1.496126
8.364000,-0.000184,-0.006901,0.034797,-0.000031,-0.005645,-0.037326,-0.000000,-0.001015,1.570162,-0.300000,1.000000,1.100000,0.000000,0.000000,-1.571000,-0.299816,1.006901,1.065203,1.496127
8.366000,-0.000184,-0.006903,0.034797,-0.000031,-0.005645,-0.037326,-0.000000,-0.001015,1.570162,-0.300000,1.000000,1.100000,0.000000,0.000000,-1.571000,-0.299816,1.006903,1.065203,1.496128
8.368000,-0.000184,-0.006904,0.034797,-0.000031,-0.005645,-0.037326,-0.000000,-0.001015,1.570162,-0.300000,1.000000,1.100000,0.000000,0.000000,-1.571000,-0.299816,1.006904,1.065203,1.496129
8.370000,-0.000184,-0.006906,0.034797,-0.000031,-0.005645,-0.037326,-0.000000,-0.001015,1.570162,-0.300000,1.000000,1.100000,0.000000,0.000000,-1.571000,-0.299816,1.006906,1.065203,1.496131
8.372000,-0.000184,-0.006908,0.034797,-0.000031,-0.005645,-0.037326,-0.000000,-0.001015,1.570162,-0.300000,1.000000,1.100000,0.000000,0.000000,-1.571000,-0.299816,1.006908,1.065203,1.496132
8.374000,-0.000184,-0.006909,0.034797,-0.000031,-0.005645,-0.037326,-0.000000,-0.001015,1.570162,-0.300000,1.000000,1.100000,0.000000,0.000000,-1.571000,-0.299816,1.006909,1.065203,1.496133
8.376000,-0.000184,-0.006911,0.034797,-0.000031,-0.005645,-0.037326,-0.000000,-0.001015,1.570162,-0.300000,1.000000,1.100000,0.000000,0.000000,-1.571000,-0.299816,1.006911,1.065203,1.496134
8.378000,-0.000184,-0.006913,0.034797,-0.000031,-0.005645,-0.037326,-0.000000,-0.001015,1.570162,-0.300000,1.000000,1.100000,0.000000,0.000000,-1.571000,-0.299816,1.006913,1.065203,1.496135
8.380000,-0.000184,-0.006914,0.034797,-0.000031,-0.005645,-0.037326,-0.000000,-0.001015,1.570162,-0.300000,1.000000,1.100000,0.000000,0.000000,-1.571000,-0.299816,1.006914,1.065203,1.496136
8.382000,-0.000184,-0.006916,0.034797,-0.000031,-0.005645,-0.037326,-0.000000,-0.001015,1.570162,-0.300000,1.000000,1.100000,0.000000,0.000000,-1.571000,-0.299816,1.006916,1.065203,1.496137
8.384000,-0.000184,-0.006918,0.034797,-0.000031,-0.005645,-0.037326,-0.000000,-0.001015,1.570162,-0.300000,1.000000,1.100000,0.000000,0.000000,-1.571000,-0.299816,1.006918,1.065203,1.496138
8.386000,-0.000185,-0.006919,0.034797,-0.000031,-0.005645,-0.037326,-0.000000,-0.001015,1.570162,-0.300000,1.000000,1.100000,0.000000,0.000000,-1.571000,-0.299815,1.006919,1.065203,1.496139
8.388000,-0.000185,-0.006921,0.034797,-0.000031,-0.005645,-0.037326,-0.000000,-0.001015,1.570162,-0.300000,1.000000,1.100000,0.000000,0.000000,-1.571000,-0.299815,1.006921,1.065203,1.496141
8.390000,-0.000185,-0.006923,0.034797,-0.000031,-0.005645,-0.037326,-0.000000,-0.001015,1.570162,-0.300000,1.000000,1.100000,0.000000,0.000000,-1.571000,-0.299815,1.006923,1.065203,1.496142
8.392000,-0.000185,-0.006925,0.034797,-0.000031,-0.005645,-0.037326,-0.000000,-0.001015,1.570162,-0.300000,1.000000,1.100000,0.000000,0.000000,-1.571000,-0.299815,1.006925,1.065203,1.496143
8.394000,-0.000185,-0.006926,0.034797,-0.000031,-0.005645,-0.037326,-0.000000,-0.001015,1.570162,-0.300000,1.000000,1.100000,0.000000,0.000000,-1.571000,-0.299815,1.006926,1.065203,1.496144
8.396000,-0.000185,-0.006928,0.034797,-0.000031,-0.005645,-0.037326,-0.000000,-0.001015,1.570162,-0.300000,1.000000,1.100000,0.000000,0.000000,-1.571000,-0.299815,1.006928,1.065203,1.496145
8.398000,-0.000185,-0.006930,0.034797,-0.000031,-0.005645,-0.037326,-0.000000,-0.001015,1.570162,-0.300000,1.000000,1.100000,0.000000,0.000000,-1.571000,-0.299815,1.006930,1.065203,1.496146
8.400000,-0.000185,-0.006931,0.034797,-0.000031,-0.005645,-0.037326,-0.000000,-0.001015,1.570162,-0.300000,1.000000,1.100000,0.000000,0.000000,-1.571000,-0.299815,1.006931,1.065203,1.496147
8.402000,-0.000185,-0.006933,0.034797,-0.000031,-0.005645,-0.037326,-0.000000,-0.001015,1.570162,-0.300000,1.000000,1.100000,0.000000,0.000000,-1.571000,-0.299815,1.006933,1.065203,1.496148
8.404000,-0.000185,-0.006935,0.034797,-0.000031,-0.005645,-0.037326,-0.000000,-0.001015,1.570162,-0.300000,1.000000,1.100000,0.000000,0.000000,-1.571000,-0.299815,1.006935,1.065203,1.496150
8.406000,-0.000185,-0.006936,0.034797,-0.000031,-0.005645,-0.037326,-0.000000,-0.001015,1.570162,-0.300000,1.000000,1.100000,0.000000,0.000000,-1.571000,-0.299815,1.006936,1.065203,1.496151
8.408000,-0.000185,-0.006938,0.034797,-0.000031,-0.005645,-0.037326,-0.000000,-0.001015,1.570163,-0.300000,1.000000,1.100000,0.000000,0.000000,-1.571000,-0.299815,1.006938,1.065203,1.496152
8.410000,-0.000185,-0.006940,0.034797,-0.000031,-0.005645,-0.037326,-0.000000,-0.001015,1.570163,-0.300000,1.000000,1.100000,0.000000,0.000000,-1.571000,-0.299815,1.006940,1.065203,1.496153
8.412000,-0.000185,-0.006941,0.034797,-0.000031,-0.005645,-0.037326,-0.000000,-0.001015,1.570163,-0.300000,1.000000,1.100000,0.000000,0.000000,-1.571000,-0.299815,1.006941,1.065203,1.496154
8.414000,-0.000185,-0.006943,0.034797,-0.000031,-0.005645,-0.037326,-0.000000,-0.001015,1.570163,-0.300000,1.000000,1.100000,0.000000,0.000000,-1.571000,-0.299815,1.006943,1.065203,1.496155
8.416000,-0.000185,-0.006945,0.034797,-0.000031,-0.005645,-0.037326,-0.000000,-0.001015,1.570163,-0.300000,1.000000,1.100000,0.000000,0.000000,-1.571000,-0.299815,1.006945,1.065203,1.496156
8.418000,-0.000185,-0.006946,0.034797,-0.000031,-0.005645,-0.037326,-0.000000,-0.001015,1.570163,-0.300000,1.000000,1.100000,0.000000,0.000000,-1.571000,-0.299815,1.006946,1.065203,1.496157
8.420000,-0.000185,-0.006948,0.034797,-0.000031,-0.005645,-0.037326,-0.000000,-0.001015,1.570163,-0.300000,1.000000,1.100000,0.000000,0.000000,-1.571000,-0.299815,1.006948,1.065203,1.496158
8.422000,-0.000185,-0.006950,0.034797,-0.000031,-0.005645,-0.037326,-0.000000,-0.001015,1.570163,-0.300000,1.000000,1.100000,0.000000,0.000000,-1.571000,-0.299815,1.006950,1.065203,1.496160
8.424000,-0.000185,-0.006951,0.034797,-0.000031,-0.005645,-0.037326,-0.000000,-0.001015,1.570163,-0.300000,1.000000,1.100000,0.000000,0.000000,-1.571000,-0.299815,1.006951,1.065203,1.496161
8.426000,-0.000185,-0.006953,0.034797,-0.000031,-0.005645,-0.037326,-0.000000,-0.001015,1.570163,-0.300000,1.000000,1.100000,0.000000,0.000000,-1.571000,-0.299815,1.006953,1.065203,1.496162
8.428000,-0.000185,-0.006955,0.034797,-0.000031,-0.005645,-0.037326,-0.000000,-0.001015,1.570163,-0.300000,1.000000,1.100000,0.000000,0.000000,-1.571000,-0.299815,1.006955,1.065203,1.496163
8.430000,-0.000186,-0.006956,0.034797,-0.000031,-0.005645,-0.037326,-0.000000,-0.001015,1.570163,-0.300000,1.000000,1.100000,0.000000,0.000000,-1.571000,-0.299814,1.006956,1.065203,1.496164
8.432000,-0.000186,-0.006958,0.034797,-0.000031,-0.005645,-0.037326,-0.000000,-0.001015,1.570163,-0.300000,1.000000,1.100000,0.000000,0.000000,-1.571000,-0.299814,1.006958,1.065203,1.496165
8.434000,-0.000186,-0.006960,0.034797,-0.000031,-0.005645,-0.037326,-0.000000,-0.001015,1.570163,-0.300000,1.000000,1.100000,0.000000,0.000000,-1.571000,-0.299814,1.006960,1.065203,1.496166
8.436000,-0.000186,-0.006961,0.034797,-0.000031,-0.005645,-0.037326,-0.000000,-0.001015,1.570163,-0.300000,1.000000,1.100000,0.000000,0.000000,-1.571000,-0.299814,1.006961,1.065203,1.496167
8.438000,-0.000186,-0.006963,0.034797,-0.000031,-0.005645,-0.037326,-0.000000,-0.001015,1.570163,-0.300000,1.000000,1.100000,0.000000,0.000000,-1.571000,-0.299814,1.006963,1.065203,1.496169
8.440000,-0.000186,-0.006965,0.034797,-0.000031,-0.005645,-0.037326,-0.000000,-0.001015,1.570163,-0.300000,1.000000,1.100000,0.000000,0.000000,-1.571000,-0.299814,1.006965,1.065203,1.496170
8.442000,-0.000186,-0.006966,0.034797,-0.000031,-0.005645,-0.037326,-0.000000,-0.001015,1.570163,-0.300000,1.000000,1.100000,0.000000,0.000000,-1.571000,-0.299814,1.006966,1.065203,1.496171
8.444000,-0.000186,-0.006968,0.034797,-0.000031,-0.005645,-0.037326,-0.000000,-0.001015,1.570163,-0.300000,1.000000,1.100000,0.000000,0.000000,-1.571000,-0.299814,1.006968,1.065203,1.496172
8.446000,-0.000186,-0.006970,0.034797,-0.000031,-0.005645,-0.037326,-0.000000,-0.001015,1.570163,-0.300000,1.000000,1.100000,0.000000,0.000000,-1.571000,-0.299814,1.006970,1.065203,1.496173
8.448000,-0.000186,-0.006971,0.034797,-0.000031,-0.005645,-0.037326,-0.000000,-0.001015,1.570163,-0.300000,1.000000,1.100000,0.000000,0.000000,-1.571000,-0.299814,1.006971,1.065203,1.496174
8.450000,-0.000186,-0.006973,0.034797,-0.000031,-0.005645,-0.037326,-0.000000,-0.001015,1.570163,-0.300000,1.000000,1.100000,0.000000,0.000000,-1.571000,-0.299814,1.006973,1.065203,1.496175
8.452000,-0.000186,-0.006975,0.034797,-0.000031,-0.005645,-0.037326,-0.000000,-0.001015,1.570163,-0.300000,1.000000,1.100000,0.000000,0.000000,-1.571000,-0.299814,1.006975,1.065203,1.496176
8.454000,-0.000186,-0.006976,0.034797,-0.000031,-0.005645,-0.037326,-0.000000,-0.001015,1.570163,-0.300000,1.000000,1.100000,0.000000,0.000000,-1.571000,-0.299814,1.006976,1.065203,1.496177
8.456000,-0.000186,-0.006978,0.034797,-0.000031,-0.005645,-0.037326,-0.000000,-0.001015,1.570163,-0.300000,1.000000,1.100000,0.000000,0.000000,-1.571000,-0.299814,1.006978,1.065203,1.496179
8.458000,-0.000186,-0.006980,0.034797,-0.000031,-0.005645,-0.037326,-0.000000,-0.001015,1.570163,-0.300000,1.000000,1.100000,0.000000,0.000000,-1.571000,-0.299814,1.006980,1.065203,1.496180
8.460000,-0.000186,-0.006981,0.034797,-0.000031,-0.005645,-0.037326,-0.000000,-0.001015,1.570164,-0.300000,1.000000,1.100000,0.000000,0.000000,-1.571000,-0.299814,1.006981,1.065203,1.496181
8.462000,-0.000186,-0.006983,0.034797,-0.000031,-0.005645,-0.037326,-0.000000,-0.001015,1.570164,-0.300000,1.000000,1.100000,0.000000,0.000000,-1.571000,-0.299814,1.006983,1.065203,1.496182
8.464000,-0.000186,-0.006985,0.034797,-0.000031,-0.005645,-0.037326,-0.000000,-0.001015,1.570164,-0.300000,1.000000,1.100000,0.000000,0.000000,-1.571000,-0.299814,1.006985,1.065203,1.496183
8.466000,-0.000186,-0.006986,0.034797,-0.000031,-0.005645,-0.037326,-0.000000,-0.001015,1.570164,-0.300000,1.000000,1.100000,0.000000,0.000000,-1.571000,-0.299814,1.006986,1.065203,1.496184
8.468000,-0.000186,-0.006988,0.034797,-0.000031,-0.005645,-0.037326,-0.000000,-0.001015,1.570164,-0.300000,1.000000,1.100000,0.000000,0.000000,-1.571000,-0.299814,1.006988,1.065203,1.496185
8.470000,-0.000186,-0.006990,0.034797,-0.000031,-0.005645,-0.037326,-0.000000,-0.001015,1.570164,-0.300000,1.000000,1.100000,0.000000,0.000000,-1.571000,-0.299814,1.006990,1.065203,1.496186
8.472000,-0.000186,-0.006991,0.034797,-0.000031,-0.005645,-0.037326,-0.000000,-0.001015,1.570164,-0.300000,1.000000,1.100000,0.000000,0.000000,-1.571000,-0.299814,1.006991,1.065203,1.496188
8.474000,-0.000187,-0.006993,0.034797,-0.000031,-0.005645,-0.037326,-0.000000,-0.001015,1.570164,-0.300000,1.000000,1.100000,0.000000,0.000000,-1.571000,-0.299813,1.006993,1.065203,1.496189
8.476000,-0.000187,-0.006995,0.034797,-0.000031,-0.005645,-0.037326,-0.000000,-0.001015,1.570164,-0.300000,1.000000,1.100000,0.000000,0.000000,-1.571000,-0.299813,1.006995,1.065203,1.496190
8.478000,-0.000187,-0.006997,0.034797,-0.000031,-0.005645,-0.037326,-0.000000,-0.001015,1.570164,-0.300000,1.000000,1.100000,0.000000,0.000000,-1.571000,-0.299813,1.006997,1.065203,1.496191
8.480000,-0.000187,-0.006998,0.034797,-0.000031,-0.005645,-0.037326,-0.000000,-0.001015,1.570164,-0.300000,1.000000,1.100000,0.000000,0.000000,-1.571000,-0.299813,1.006998,1.065203,1.496192
8.482000,-0.000187,-0.007000,0.034797,-0.000031,-0.005645,-0.037326,-0.000000,-0.001015,1.570164,-0.300000,1.000000,1.100000,0.000000,0.000000,-1.571000,-0.299813,1.007000,1.065203,1.496193
8.484000,-0.000187,-0.007002,0.034797,-0.000031,-0.005645,-0.037326,-0.000000,-0.001015,1.570164,-0.300000,1.000000,1.100000,0.000000,0.000000,-1.571000,-0.299813,1.007002,1.065203,1.496194
8.486000,-0.000187,-0.007003,0.034797,-0.000031,-0.005645,-0.037326,-0.000000,-0.001015,1.570164,-0.300000,1.000000,1.100000,0.000000,0.000000,-1.571000,-0.299813,1.007003,1.065203,1.496195
8.488000,-0.000187,-0.007005,0.034797,-0.000031,-0.005645,-0.037326,-0.000000,-0.001015,1.570164,-0.300000,1.000000,1.100000,0.000000,0.000000,-1.571000,-0.299813,1.007005,1.065203,1.496197
8.490000,-0.000187,-0.007007,0.034797,-0.000031,-0.005645,-0.037326,-0.000000,-0.001015,1.570164,-0.300000,1.000000,1.100000,0.000000,0.000000,-1.571000,-0.299813,1.007007,1.065203,1.496198
8.492000,-0.000187,-0.007008,0.034797,-0.000031,-0.005645,-0.037326,-0.000000,-0.001015,1.570164,-0.300000,1.000000,1.100000,0.000000,0.000000,-1.571000,-0.299813,1.007008,1.065203,1.496199
8.494000,-0.000187,-0.007010,0.034797,-0.000031,-0.005645,-0.037326,-0.000000,-0.001015,1.570164,-0.300000,1.000000,1.100000,0.000000,0.000000,-1.571000,-0.299813,1.007010,1.065203,1.496200
8.496000,-0.000187,-0.007012,0.034797,-0.000031,-0.005645,-0.037326,-0.000000,-0.001015,1.570164,-0.300000,1.000000,1.100000,0.000000,0.000000,-1.571000,-0.299813,1.007012,1.065203,1.496201
8.498000,-0.000187,-0.007013,0.034797,-0.000031,-0.005645,-0.037326,-0.000000,-0.001015,1.570164,-0.300000,1.000000,1.100000,0.000000,0.000000,-1.571000,-0.299813,1.007013,1.065203,1.496202
8.500000,-0.000187,-0.007015,0.034797,-0.000031,-0.005645,-0.037326,-0.000000,-0.001015,1.570164,-0.300000,1.000000,1.100000,0.000000,0.000000,-1.571000,-0.299813,1.007015,1.065203,1.496203
8.502000,-0.000187,-0.007017,0.034797,-0.000031,-0.005645,-0.037326,-0.000000,-0.001015,1.570164,-0.300000,1.000000,1.100000,0.000000,0.000000,-1.571000,-0.299813,1.007017,1.065203,1.496204
8.504000,-0.000187,-0.007018,0.034797,-0.000031,-0.005645,-0.037326,-0.000000,-0.001015,1.570164,-0.300000,1.000000,1.100000,0.000000,0.000000,-1.571000,-0.299813,1.007018,1.065203,1.496205
8.506000,-0.000187,-0.007020,0.034797,-0.000031,-0.005645,-0.037326,-0.000000,-0.001015,1.570164,-0.300000,1.000000,1.100000,0.000000,0.000000,-1.571000,-0.299813,1.007020,1.065203,1.496207
8.508000,-0.000187,-0.007022,0.034797,-0.000031,-0.005645,-0.037326,-0.000000,-0.001015,1.570164,-0.300000,1.000000,1.100000,0.000000,0.000000,-1.571000,-0.299813,1.007022,1.065203,1.496208
8.510000,-0.000187,-0.007023,0.034797,-0.000031,-0.005645,-0.037326,-0.000000,-0.001015,1.570165,-0.300000,1.000000,1.100000,0.000000,0.000000,-1.571000,-0.299813,1.007023,1.065203,1.496209
8.512000,-0.000187,-0.007025,0.034797,-0.000031,-0.005645,-0.037326,-0.000000,-0.001015,1.570165,-0.300000,1.000000,1.100000,0.000000,0.000000,-1.571000,-0.299813,1.007025,1.065203,1.496210
8.514000,-0.000187,-0.007027,0.034797,-0.000031,-0.005645,-0.037326,-0.000000,-0.001015,1.570165,-0.300000,1.000000,1.100000,0.000000,0.000000,-1.571000,-0.299813,1.007027,1.065203,1.496211
8.516000,-0.000187,-0.007028,0.034797,-0.000031,-0.005645,-0.037326,-0.000000,-0.001015,1.570165,-0.300000,1.000000,1.100000,0.000000,0.000000,-1.571000,-0.299813,1.007028,1.065203,1.496212
8.518000,-0.000188,-0.007030,0.034797,-0.000031,-0.005645,-0.037326,-0.000000,-0.001015,1.570165,-0.300000,1.000000,1.100000,0.000000,0.000000,-1.571000,-0.299812,1.007030,1.065203,1.496213
8.520000,-0.000188,-0.007032,0.034797,-0.000031,-0.005645,-0.037326,-0.000000,-0.001015,1.570165,-0.300000,1.000000,1.100000,0.000000,0.000000,-1.571000,-0.299812,1.007032,1.065203,1.496214
8.522000,-0.000188,-0.007033,0.034797,-0.000031,-0.005645,-0.037326,-0.000000,-0.001015,1.570165,-0.300000,1.000000,1.100000,0.000000,0.000000,-1.571000,-0.299812,1.007033,1.065203,1.496216
8.524000,-0.000188,-0.007035,0.034797,-0.000031,-0.005645,-0.037326,-0.000000,-0.001015,1.570165,-0.300000,1.000000,1.100000,0.000000,0.000000,-1.571000,-0.299812,1.007035,1.065203,1.496217
8.526000,-0.000188,-0.007037,0.034797,-0.000031,-0.005645,-0.037326,-0.000000,-0.001015,1.570165,-0.300000,1.000000,1.100000,0.000000,0.000000,-1.571000,-0.299812,1.007037,1.065203,1.496218
8.528000,-0.000188,-0.007038,0.034797,-0.000031,-0.005645,-0.037326,-0.000000,-0.001015,1.570165,-0.300000,1.000000,1.100000,0.000000,0.000000,-1.571000,-0.299812,1.007038,1.065203,1.496219
8.530000,-0.000188,-0.007040,0.034797,-0.000031,-0.005645,-0.037326,-0.000000,-0.001015,1.570165,-0.300000,1.000000,1.100000,0.000000,0.000000,-1.571000,-0.299812,1.007040,1.065203,1.496220
8.532000,-0.000188,-0.007042,0.034797,-0.000031,-0.005645,-0.037326,-0.000000,-0.001015,1.570165,-0.300000,1.000000,1.100000,0.000000,0.000000,-1.571000,-0.299812,1.007042,1.065203,1.496221
8.534000,-0.000188,-0.007043,0.034797,-0.000031,-0.005645,-0.037326,-0.000000,-0.001015,1.570165,-0.300000,1.000000,1.100000,0.000000,0.000000,-1.571000,-0.299812,1.007043,1.065203,1.496222
8.536000,-0.000188,-0.007045,0.034797,-0.000031,-0.005645,-0.037326,-0.000000,-0.001015,1.570165,-0.300000,1.000000,1.100000,0.000000,0.000000,-1.571000,-0.299812,1.007045,1.065203,1.496223
8.538000,-0.000188,-0.007047,0.034797,-0.000031,-0.005645,-0.037326,-0.000000,-0.001015,1.570165,-0.300000,1.000000,1.100000,0.000000,0.000000,-1.571000,-0.299812,1.007047,1.065203,1.496224
8.540000,-0.000188,-0.007048,0.034797,-0.000031,-0.005645,-0.037326,-0.000000,-0.001015,1.570165,-0.300000,1.000000,1.100000,0.000000,0.000000,-1.571000,-0.299812,1.007048,1.065203,1.496226
8.542000,-0.000188,-0.007050,0.034797,-0.000031,-0.005645,-0.037326,-0.000000,-0.001015,1.570165,-0.300000,1.000000,1.100000,0.000000,0.000000,-1.571000,-0.299812,1.007050,1.065203,1.496227
8.544000,-0.000188,-0.007052,0.034797,-0.000031,-0.005645,-0.037326,-0.000000,-0.001015,1.570165,-0.300000,1.000000,1.100000,0.000000,0.000000,-1.571000,-0.299812,1.007052,1.065203,1.496228
8.546000,-0.000188,-0.007053,0.034797,-0.000031,-0.005645,-0.037326,-0.000000,-0.001015,1.570165,-0.300000,1.000000,1.100000,0.000000,0.000000,-1.571000,-0.299812,1.007053,1.065203,1.496229
8.548000,-0.000188,-0.007055,0.034797,-0.000031,-0.005645,-0.037326,-0.000000,-0.001015,1.570165,-0.300000,1.000000,1.100000,0.000000,0.000000,-1.571000,-0.299812,1.007055,1.065203,1.496230
8.550000,-0.000188,-0.007057,0.034797,-0.000031,-0.005645,-0.037326,-0.000000,-0.001015,1.570165,-0.300000,1.000000,1.100000,0.000000,0.000000,-1.571000,-0.299812,1.007057,1.065203,1.496231
8.552000,-0.000188,-0.007058,0.034797,-0.000031,-0.005645,-0.037326,-0.000000,-0.001015,1.570165,-0.300000,1.000000,1.100000,0.000000,0.000000,-1.571000,-0.299812,1.007058,1.065203,1.496232
8.554000,-0.000188,-0.007060,0.034797,-0.000031,-0.005645,-0.037326,-0.000000,-0.001015,1.570165,-0.300000,1.000000,1.100000,0.000000,0.000000,-1.571000,-0.299812,1.007060,1.065203,1.496233
8.556000,-0.000188,-0.007062,0.034797,-0.000031,-0.005645,-0.037326,-0.000000,-0.001015,1.570165,-0.300000,1.000000,1.100000,0.000000,0.000000,-1.571000,-0.299812,1.007062,1.065203,1.496235
8.558000,-0.000188,-0.007064,0.034797,-0.000031,-0.005645,-0.037326,-0.000000,-0.001015,1.570165,-0.300000,1.000000,1.100000,0.000000,0.000000,-1.571000,-0.299812,1.007064,1.065203,1.496236
8.560000,-0.000188,-0.007065,0.034797,-0.000031,-0.005645,-0.037326,-0.000000,-0.001015,1.570165,-0.300000,1.000000,1.100000,0.000000,0.000000,-1.571000,-0.299812,1.007065,1.065203,1.496237
8.562000,-0.000189,-0.007067,0.034797,-0.000031,-0.005645,-0.037326,-0.000000,-0.001015,1.570166,-0.300000,1.000000,1.100000,0.000000,0.000000,-1.571000,-0.299811,1.007067,1.065203,1.496238
8.564000,-0.000189,-0.007069,0.034797,-0.000031,-0.005645,-0.037326,-0.000000,-0.001015,1.570166,-0.300000,1.000000,1.100000,0.000000,0.000000,-1.571000,-0.299811,1.007069,1.065203,1.496239
8.566000,-0.000189,-0.007070,0.034797,-0.000031,-0.005645,-0.037326,-0.000000,-0.001015,1.570166,-0.300000,1.000000,1.100000,0.000000,0.000000,-1.571000,-0.299811,1.007070,1.065203,1.496240
8.568000,-0.000189,-0.007072,0.034797,-0.000031,-0.005645,-0.037326,-0.000000,-0.001015,1.570166,-0.300000,1.000000,1.100000,0.000000,0.000000,-1.571000,-0.299811,1.007072,1.065203,1.496241
8.570000,-0.000189,-0.007074,0.034797,-0.000031,-0.005645,-0.037326,-0.000000,-0.001015,1.570166,-0.300000,1.000000,1.100000,0.000000,0.000000,-1.571000,-0.299811,1.007074,1.065203,1.496242
8.572000,-0.000189,-0.007075,0.034797,-0.000031,-0.005645,-0.037326,-0.000000,-0.001015,1.570166,-0.300000,1.000000,1.100000,0.000000,0.000000,-1.571000,-0.299811,1.007075,1.065203,1.496243
8.574000,-0.000189,-0.007077,0.034797,-0.000031,-0.005645,-0.037326,-0.000000,-0.001015,1.570166,-0.300000,1.000000,1.100000,0.000000,0.000000,-1.571000,-0.299811,1.007077,1.065203,1.496245
8.576000,-0.000189,-0.007079,0.034797,-0.000031,-0.005645,-0.037326,-0.000000,-0.001015,1.570166,-0.300000,1.000000,1.100000,0.000000,0.000000,-1.571000,-0.299811,1.007079,1.065203,1.496246
8.578000,-0.000189,-0.007080,0.034797,-0.000031,-0.005645,-0.037326,-0.000000,-0.001015,1.570166,-0.300000,1.000000,1.100000,0.000000,0.000000,-1.571000,-0.299811,1.007080,1.065203,1.496247
8.580000,-0.000189,-0.007082,0.034797,-0.000031,-0.005645,-0.037326,-0.000000,-0.001015,1.570166,-0.300000,1.000000,1.100000,0.000000,0.000000,-1.571000,-0.299811,1.007082,1.065203,1.496248
8.582000,-0.000189,-0.007084,0.034797,-0.000031,-0.005645,-0.037326,-0.000000,-0.001015,1.570166,-0.300000,1.000000,1.100000,0.000000,0.000000,-1.571000,-0.299811,1.007084,1.065203,1.496249
8.584000,-0.000189,-0.007085,0.034797,-0.000031,-0.005645,-0.037326,-0.000000,-0.001015,1.570166,-0.300000,1.000000,1.100000,0.000000,0.000000,-1.571000,-0.299811,1.007085,1.065203,1.496250
8.586000,-0.000189,-0.007087,0.034797,-0.000031,-0.005645,-0.037326,-0.000000,-0.001015,1.570166,-0.300000,1.000000,1.100000,0.000000,0.000000,-1.571000,-0.299811,1.007087,1.065203,1.496251
8.588000,-0.000189,-0.007089,0.034797,-0.000031,-0.005645,-0.037326,-0.000000,-0.001015,1.570166,-0.300000,1.000000,1.100000,0.000000,0.000000,-1.571000,-0.299811,1.007089,1.065203,1.496252
8.590000,-0.000189,-0.007090,0.034797,-0.000031,-0.005645,-0.037326,-0.000000,-0.001015,1.570166,-0.300000,1.000000,1.100000,0.000000,0.000000,-1.571000,-0.299811,1.007090,1.065203,1.496254
8.592000,-0.000189,-0.007092,0.034797,-0.000031,-0.005645,-0.037326,-0.000000,-0.001015,1.570166,-0.300000,1.000000,1.100000,0.000000,0.000000,-1.571000,-0.299811,1.007092,1.065203,1.496255
8.594000,-0.000189,-0.007094,0.034797,-0.000031,-0.005645,-0.037326,-0.000000,-0.001015,1.570166,-0.300000,1.000000,1.100000,0.000000,0.000000,-1.571000,-0.299811,1.007094,1.065203,1.496256
8.596000,-0.000189,-0.007095,0.034797,-0.000031,-0.005645,-0.037326,-0.000000,-0.001015,1.570166,-0.300000,1.000000,1.100000,0.000000,0.000000,-1.571000,-0.299811,1.007095,1.065203,1.496257
8.598000,-0.000189,-0.007097,0.034797,-0.000031,-0.005645,-0.037326,-0.000000,-0.001015,1.570166,-0.300000,1.000000,1.100000,0.000000,0.000000,-1.571000,-0.299811,1.007097,1.065203,1.496258
8.600000,-0.000189,-0.007099,0.034797,-0.000031,-0.005645,-0.037326,-0.000000,-0.001015,1.570166,-0.300000,1.000000,1.100000,0.000000,0.000000,-1.571000,-0.299811,1.007099,1.065203,1.496259
8.602000,-0.000189,-0.007100,0.034797,-0.000031,-0.005645,-0.037326,-0.000000,-0.001015,1.570166,-0.300000,1.000000,1.100000,0.000000,0.000000,-1.571000,-0.299811,1.007100,1.065203,1.496260
8.604000,-0.000189,-0.007102,0.034797,-0.000031,-0.005645,-0.037326,-0.000000,-0.001015,1.570166,-0.300000,1.000000,1.100000,0.000000,0.000000,-1.571000,-0.299811,1.007102,1.065203,1.496261
8.606000,-0.000190,-0.007104,0.034797,-0.000031,-0.005645,-0.037326,-0.000000,-0.001015,1.570166,-0.300000,1.000000,1.100000,0.000000,0.000000,-1.571000,-0.299810,1.007104,1.065203,1.496262
8.608000,-0.000190,-0.007105,0.034797,-0.000031,-0.005645,-0.037326,-0.000000,-0.001015,1.570166,-0.300000,1.000000,1.100000,0.000000,0.000000,-1.571000,-0.299810,1.007105,1.065203,1.496264
8.610000,-0.000190,-0.007107,0.034797,-0.000031,-0.005645,-0.037326,-0.000000,-0.001015,1.570166,-0.300000,1.000000,1.100000,0.000000,0.000000,-1.571000,-0.299810,1.007107,1.065203,1.496265
8.612000,-0.000190,-0.007109,0.034797,-0.000031,-0.005645,-0.037326,-0.000000,-0.001015,1.570167,-0.300000,1.000000,1.100000,0.000000,0.000000,-1.571000,-0.299810,1.007109,1.065203,1.496266
8.614000,-0.000190,-0.007110,0.034797,-0.000031,-0.005645,-0.037326,-0.000000,-0.001015,1.570167,-0.300000,1.000000,1.100000,0.000000,0.000000,-1.571000,-0.299810,1.007110,1.065203,1.496267
8.616000,-0.000190,-0.007112,0.034797,-0.000031,-0.005645,-0.037326,-0.000000,-0.001015,1.570167,-0.300000,1.000000,1.100000,0.000000,0.000000,-1.571000,-0.299810,1.007112,1.065203,1.496268
8.618000,-0.000190,-0.007114,0.034797,-0.000031,-0.005645,-0.037326,-0.000000,-0.001015,1.570167,-0.300000,1.000000,1.100000,0.000000,0.000000,-1.571000,-0.299810,1.007114,1.065203,1.496269
8.620000,-0.000190,-0.007115,0.034797,-0.000031,-0.005645,-0.037326,-0.000000,-0.001015,1.570167,-0.300000,1.000000,1.100000,0.000000,0.000000,-1.571000,-0.299810,1.007115,1.065203,1.496270
8.622000,-0.000190,-0.007117,0.034797,-0.000031,-0.005645,-0.037326,-0.000000,-0.001015,1.570167,-0.300000,1.000000,1.100000,0.000000,0.000000,-1.571000,-0.299810,1.007117,1.065203,1.496271
8.624000,-0.000190,-0.007119,0.034797,-0.000031,-0.005645,-0.037326,-0.000000,-0.001015,1.570167,-0.300000,1.000000,1.100000,0.000000,0.000000,-1.571000,-0.299810,1.007119,1.065203,1.496273
8.626000,-0.000190,-0.007120,0.034797,-0.000031,-0.005645,-0.037326,-0.000000,-0.001015,1.570167,-0.300000,1.000000,1.100000,0.000000,0.000000,-1.571000,-0.299810,1.007120,1.065203,1.496274
8.628000,-0.000190,-0.007122,0.034797,-0.000031,-0.005645,-0.037326,-0.000000,-0.001015,1.570167,-0.300000,1.000000,1.100000,0.000000,0.000000,-1.571000,-0.299810,1.007122,1.065203,1.496275
8.630000,-0.000190,-0.007124,0.034797,-0.000031,-0.005645,-0.037326,-0.000000,-0.001015,1.570167,-0.300000,1.000000,1.100000,0.000000,0.000000,-1.571000,-0.299810,1.007124,1.065203,1.496276
8.632000,-0.000190,-0.007125,0.034797,-0.000031,-0.005645,-0.037326,-0.000000,-0.001015,1.570167,-0.300000,1.000000,1.100000,0.000000,0.000000,-1.571000,-0.299810,1.007125,1.065203,1.496277
8.634000,-0.000190,-0.007127,0.034797,-0.000031,-0.005645,-0.037326,-0.000000,-0.001015,1.570167,-0.300000,1.000000,1.100000,0.000000,0.000000,-1.571000,-0.299810,1.007127,1.065203,1.496278
8.636000,-0.000190,-0.007129,0.034797,-0.000031,-0.005645,-0.037326,-0.000000,-0.001015,1.570167,-0.300000,1.000000,1.100000,0.000000,0.000000,-1.571000,-0.299810,1.007129,1.065203,1.496279
8.638000,-0.000190,-0.007130,0.034797,-0.000031,-0.005645,-0.037326,-0.000000,-0.001015,1.570167,-0.300000,1.000000,1.100000,0.000000,0.000000,-1.571000,-0.299810,1.007130,1.065203,1.496280
8.640000,-0.000190,-0.007132,0.034797,-0.000031,-0.005645,-0.037326,-0.000000,-0.001015,1.570167,-0.300000,1.000000,1.100000,0.000000,0.000000,-1.571000,-0.299810,1.007132,1.065203,1.496281
8.642000,-0.000190,-0.007134,0.034797,-0.000031,-0.005645,-0.037326,-0.000000,-0.001015,1.570167,-0.300000,1.000000,1.100000,0.000000,0.000000,-1.571000,-0.299810,1.007134,1.065203,1.496283
8.644000,-0.000190,-0.007136,0.034797,-0.000031,-0.005645,-0.037326,-0.000000,-0.001015,1.570167,-0.300000,1.000000,1.100000,0.000000,0.000000,-1.571000,-0.299810,1.007136,1.065203,1.496284
8.646000,-0.000190,-0.007137,0.034797,-0.000031,-0.005645,-0.037326,-0.000000,-0.001015,1.570167,-0.300000,1.000000,1.100000,0.000000,0.000000,-1.571000,-0.299810,1.007137,1.065203,1.496285
8.648000,-0.000190,-0.007139,0.034797,-0.000031,-0.005645,-0.037326,-0.000000,-0.001015,1.570167,-0.300000,1.000000,1.100000,0.000000,0.000000,-1.571000,-0.299810,1.007139,1.065203,1.496286
8.650000,-0.000191,-0.007141,0.034797,-0.000031,-0.005645,-0.037326,-0.000000,-0.001015,1.570167,-0.300000,1.000000,1.100000,0.000000,0.000000,-1.571000,-0.299809,1.007141,1.065203,1.496287
8.652000,-0.000191,-0.007142,0.034797,-0.000031,-0.005645,-0.037326,-0.000000,-0.001015,1.570167,-0.300000,1.000000,1.100000,0.000000,0.000000,-1.571000,-0.299809,1.007142,1.065203,1.496288
8.654000,-0.000191,-0.007144,0.034797,-0.000031,-0.005645,-0.037326,-0.000000,-0.001015,1.570167,-0.300000,1.000000,1.100000,0.000000,0.000000,-1.571000,-0.299809,1.007144,1.065203,1.496289
8.656000,-0.000191,-0.007146,0.034797,-0.000031,-0.005645,-0.037326,-0.000000,-0.001015,1.570167,-0.300000,1.000000,1.100000,0.000000,0.000000,-1.571000,-0.299809,1.007146,1.065203,1.496290
8.658000,-0.000191,-0.007147,0.034797,-0.000031,-0.005645,-0.037326,-0.000000,-0.001015,1.570167,-0.300000,1.000000,1.100000,0.000000,0.000000,-1.571000,-0.299809,1.007147,1.065203,1.496292
8.660000,-0.000191,-0.007149,0.034797,-0.000031,-0.005645,-0.037326,-0.000000,-0.001015,1.570167,-0.300000,1.000000,1.100000,0.000000,0.000000,-1.571000,-0.299809,1.007149,1.065203,1.496293
8.662000,-0.000191,-0.007151,0.034797,-0.000031,-0.005645,-0.037326,-0.000000,-0.001015,1.570167,-0.300000,1.000000,1.100000,0.000000,0.000000,-1.571000,-0.299809,1.007151,1.065203,1.496294
8.664000,-0.000191,-0.007152,0.034797,-0.000031,-0.005645,-0.037326,-0.000000,-0.001015,1.570168,-0.300000,1.000000,1.100000,0.000000,0.000000,-1.571000,-0.299809,1.007152,1.065203,1.496295
8.666000,-0.000191,-0.007154,0.034797,-0.000031,-0.005645,-0.037326,-0.000000,-0.001015,1.570168,-0.300000,1.000000,1.100000,0.000000,0.000000,-1.571000,-0.299809,1.007154,1.065203,1.496296
8.668000,-0.000191,-0.007156,0.034797,-0.000031,-0.005645,-0.037326,-0.000000,-0.001015,1.570168,-0.300000,1.000000,1.100000,0.000000,0.000000,-1.571000,-0.299809,1.007156,1.065203,1.496297
8.670000,-0.000191,-0.007157,0.034797,-0.000031,-0.005645,-0.037326,-0.000000,-0.001015,1.570168,-0.300000,1.000000,1.100000,0.000000,0.000000,-1.571000,-0.299809,1.007157,1.065203,1.496298
8.672000,-0.000191,-0.007159,0.034797,-0.000031,-0.005645,-0.037326,-0.000000,-0.001015,1.570168,-0.300000,1.000000,1.100000,0.000000,0.000000,-1.571000,-0.299809,1.007159,1.065203,1.496299
8.674000,-0.000191,-0.007161,0.034797,-0.000031,-0.005645,-0.037326,-0.000000,-0.001015,1.570168,-0.300000,1.000000,1.100000,0.000000,0.000000,-1.571000,-0.299809,1.007161,1.065203,1.496300
8.676000,-0.000191,-0.007162,0.034797,-0.000031,-0.005645,-0.037326,-0.000000,-0.001015,1.570168,-0.300000,1.000000,1.100000,0.000000,0.000000,-1.571000,-0.299809,1.007162,1.065203,1.496302
8.678000,-0.000191,-0.007164,0.034797,-0.000031,-0.005645,-0.037326,-0.000000,-0.001015,1.570168,-0.300000,1.000000,1.100000,0.000000,0.000000,-1.571000,-0.299809,1.007164,1.065203,1.496303
8.680000,-0.000191,-0.007166,0.034797,-0.000031,-0.005645,-0.037326,-0.000000,-0.001015,1.570168,-0.300000,1.000000,1.100000,0.000000,0.000000,-1.571000,-0.299809,1.007166,1.065203,1.496304
8.682000,-0.000191,-0.007167,0.034797,-0.000031,-0.005645,-0.037326,-0.000000,-0.001015,1.570168,-0.300000,1.000000,1.100000,0.000000,0.000000,-1.571000,-0.299809,1.007167,1.065203,1.496305
8.684000,-0.000191,-0.007169,0.034797,-0.000030,-0.005645,-0.037326,-0.000000,-0.001015,1.570168,-0.300000,1.000000,1.100000,0.000000,0.000000,-1.571000,-0.299809,1.007169,1.065203,1.496306
8.686000,-0.000191,-0.007171,0.034797,-0.000030,-0.005645,-0.037326,-0.000000,-0.001015,1.570168,-0.300000,1.000000,1.100000,0.000000,0.000000,-1.571000,-0.299809,1.007171,1.065203,1.496307
8.688000,-0.000191,-0.007172,0.034797,-0.000030,-0.005645,-0.037326,-0.000000,-0.001015,1.570168,-0.300000,1.000000,1.100000,0.000000,0.000000,-1.571000,-0.299809,1.007172,1.065203,1.496308
8.690000,-0.000191,-0.007174,0.034797,-0.000030,-0.005645,-0.037326,-0.000000,-0.001015,1.570168,-0.300000,1.000000,1.100000,0.000000,0.000000,-1.571000,-0.299809,1.007174,1.065203,1.496309
8.692000,-0.000191,-0.007176,0.034797,-0.000030,-0.005645,-0.037326,-0.000000,-0.001015,1.570168,-0.300000,1.000000,1.100000,0.000000,0.000000,-1.571000,-0.299809,1.007176,1.065203,1.496311
8.694000,-0.000192,-0.007177,0.034797,-0.000030,-0.005645,-0.037326,-0.000000,-0.001015,1.570168,-0.300000,1.000000,1.100000,0.000000,0.000000,-1.571000,-0.299808,1.007177,1.065203,1.496312
8.696000,-0.000192,-0.007179,0.034797,-0.000030,-0.005645,-0.037326,-0.000000,-0.001015,1.570168,-0.300000,1.000000,1.100000,0.000000,0.000000,-1.571000,-0.299808,1.007179,1.065203,1.496313
8.698000,-0.000192,-0.007181,0.034797,-0.000030,-0.005645,-0.037326,-0.000000,-0.001015,1.570168,-0.300000,1.000000,1.100000,0.000000,0.000000,-1.571000,-0.299808,1.007181,1.065203,1.496314
8.700000,-0.000192,-0.007182,0.034797,-0.000030,-0.005645,-0.037326,-0.000000,-0.001015,1.570168,-0.300000,1.000000,1.100000,0.000000,0.000000,-1.571000,-0.299808,1.007182,1.065203,1.496315
8.702000,-0.000192,-0.007184,0.034797,-0.000030,-0.005645,-0.037326,-0.000000,-0.001015,1.570168,-0.300000,1.000000,1.100000,0.000000,0.000000,-1.571000,-0.299808,1.007184,1.065203,1.496316
8.704000,-0.000192,-0.007186,0.034797,-0.000030,-0.005645,-0.037326,-0.000000,-0.001015,1.570168,-0.300000,1.000000,1.100000,0.000000,0.000000,-1.571000,-0.299808,1.007186,1.065203,1.496317
8.706000,-0.000192,-0.007187,0.034797,-0.000030,-0.005645,-0.037326,-0.000000,-0.001015,1.570168,-0.300000,1.000000,1.100000,0.000000,0.000000,-1.571000,-0.299808,1.007187,1.065203,1.496318
8.708000,-0.000192,-0.007189,0.034797,-0.000030,-0.005645,-0.037326,-0.000000,-0.001015,1.570168,-0.300000,1.000000,1.100000,0.000000,0.000000,-1.571000,-0.299808,1.007189,1.065203,1.496319
8.710000,-0.000192,-0.007191,0.034797,-0.000030,-0.005645,-0.037326,-0.000000,-0.001015,1.570168,-0.300000,1.000000,1.100000,0.000000,0.000000,-1.571000,-0.299808,1.007191,1.065203,1.496321
8.712000,-0.000192,-0.007192,0.034797,-0.000030,-0.005645,-0.037326,-0.000000,-0.001015,1.570168,-0.300000,1.000000,1.100000,0.000000,0.000000,-1.571000,-0.299808,1.007192,1.065203,1.496322
8.714000,-0.000192,-0.007194,0.034797,-0.000030,-0.005645,-0.037326,-0.000000,-0.001015,1.570169,-0.300000,1.000000,1.100000,0.000000,0.000000,-1.571000,-0.299808,1.007194,1.065203,1.496323
8.716000,-0.000192,-0.007196,0.034797,-0.000030,-0.005645,-0.037326,-0.000000,-0.001015,1.570169,-0.300000,1.000000,1.100000,0.000000,0.000000,-1.571000,-0.299808,1.007196,1.065203,1.496324
8.718000,-0.000192,-0.007197,0.034797,-0.000030,-0.005645,-0.037326,-0.000000,-0.001015,1.570169,-0.300000,1.000000,1.100000,0.000000,0.000000,-1.571000,-0.299808,1.007197,1.065203,1.496325
8.720000,-0.000192,-0.007199,0.034797,-0.000030,-0.005645,-0.037326,-0.000000,-0.001015,1.570169,-0.300000,1.000000,1.100000,0.000000,0.000000,-1.571000,-0.299808,1.007199,1.065203,1.496326
8.722000,-0.000192,-0.007201,0.034797,-0.000030,-0.005645,-0.037326,-0.000000,-0.001015,1.570169,-0.300000,1.000000,1.100000,0.000000,0.000000,-1.571000,-0.299808,1.007201,1.065203,1.496327
8.724000,-0.000192,-0.007203,0.034797,-0.000030,-0.005645,-0.037326,-0.000000,-0.001015,1.570169,-0.300000,1.000000,1.100000,0.000000,0.000000,-1.571000,-0.299808,1.007203,1.065203,1.496328
8.726000,-0.000192,-0.007204,0.034797,-0.000030,-0.005645,-0.037326,-0.000000,-0.001015,1.570169,-0.300000,1.000000,1.100000,0.000000,0.000000,-1.571000,-0.299808,1.007204,1.065203,1.496330
8.728000,-0.000192,-0.007206,0.034797,-0.000030,-0.005645,-0.037326,-0.000000,-0.001015,1.570169,-0.300000,1.000000,1.100000,0.000000,0.000000,-1.571000,-0.299808,1.007206,1.065203,1.496331
8.730000,-0.000192,-0.007208,0.034797,-0.000030,-0.005645,-0.037326,-0.000000,-0.001015,1.570169,-0.300000,1.000000,1.100000,0.000000,0.000000,-1.571000,-0.299808,1.007208,1.065203,1.496332
8.732000,-0.000192,-0.007209,0.034797,-0.000030,-0.005645,-0.037326,-0.000000,-0.001015,1.570169,-0.300000,1.000000,1.100000,0.000000,0.000000,-1.571000,-0.299808,1.007209,1.065203,1.496333
8.734000,-0.000192,-0.007211,0.034797,-0.000030,-0.005645,-0.037326,-0.000000,-0.001015,1.570169,-0.300000,1.000000,1.100000,0.000000,0.000000,-1.571000,-0.299808,1.007211,1.065203,1.496334
8.736000,-0.000192,-0.007213,0.034797,-0.000030,-0.005645,-0.037326,-0.000000,-0.001015,1.570169,-0.300000,1.000000,1.100000,0.000000,0.000000,-1.571000,-0.299808,1.007213,1.065203,1.496335
8.738000,-0.000192,-0.007214,0.034797,-0.000030,-0.005645,-0.037326,-0.000000,-0.001015,1.570169,-0.300000,1.000000,1.100000,0.000000,0.000000,-1.571000,-0.299808,1.007214,1.065203,1.496336
8.740000,-0.000193,-0.007216,0.034797,-0.000030,-0.005645,-0.037326,-0.000000,-0.001015,1.570169,-0.300000,1.000000,1.100000,0.000000,0.000000,-1.571000,-0.299807,1.007216,1.065203,1.496337
8.742000,-0.000193,-0.007218,0.034797,-0.000030,-0.005645,-0.037326,-0.000000,-0.001015,1.570169,-0.300000,1.000000,1.100000,0.000000,0.000000,-1.571000,-0.299807,1.007218,1.065203,1.496339
8.744000,-0.000193,-0.007219,0.034797,-0.000030,-0.005645,-0.037326,-0.000000,-0.001015,1.570169,-0.300000,1.000000,1.100000,0.000000,0.000000,-1.571000,-0.299807,1.007219,1.065203,1.496340
8.746000,-0.000193,-0.007221,0.034797,-0.000030,-0.005645,-0.037326,-0.000000,-0.001015,1.570169,-0.300000,1.000000,1.100000,0.000000,0.000000,-1.571000,-0.299807,1.007221,1.065203,1.496341
8.748000,-0.000193,-0.007223,0.034797,-0.000030,-0.005645,-0.037326,-0.000000,-0.001015,1.570169,-0.300000,1.000000,1.100000,0.000000,0.000000,-1.571000,-0.299807,1.007223,1.065203,1.496342
8.750000,-0.000193,-0.007224,0.034797,-0.000030,-0.005645,-0.037326,-0.000000,-0.001015,1.570169,-0.300000,1.000000,1.100000,0.000000,0.000000,-1.571000,-0.299807,1.007224,1.065203,1.496343
8.752000,-0.000193,-0.007226,0.034797,-0.000030,-0.005645,-0.037326,-0.000000,-0.001015,1.570169,-0.300000,1.000000,1.100000,0.000000,0.000000,-1.571000,-0.299807,1.007226,1.065203,1.496344
8.754000,-0.000193,-0.007228,0.034797,-0.000030,-0.005645,-0.037326,-0.000000,-0.001015,1.570169,-0.300000,1.000000,1.100000,0.000000,0.000000,-1.571000,-0.299807,1.007228,1.065203,1.496345
8.756000,-0.000193,-0.007229,0.034797,-0.000030,-0.005645,-0.037326,-0.000000,-0.001015,1.570169,-0.300000,1.000000,1.100000,0.000000,0.000000,-1.571000,-0.299807,1.007229,1.065203,1.496346
8.758000,-0.000193,-0.007231,0.034797,-0.000030,-0.005645,-0.037326,-0.000000,-0.001015,1.570169,-0.300000,1.000000,1.100000,0.000000,0.000000,-1.571000,-0.299807,1.007231,1.065203,1.496347
8.760000,-0.000193,-0.007233,0.034797,-0.000030,-0.005645,-0.037326,-0.000000,-0.001015,1.570169,-0.300000,1.000000,1.100000,0.000000,0.000000,-1.571000,-0.299807,1.007233,1.065203,1.496349
8.762000,-0.000193,-0.007234,0.034797,-0.000030,-0.005645,-0.037326,-0.000000,-0.001015,1.570169,-0.300000,1.000000,1.100000,0.000000,0.000000,-1.571000,-0.299807,1.007234,1.065203,1.496350
8.764000,-0.000193,-0.007236,0.034797,-0.000030,-0.005645,-0.037326,-0.000000,-0.001015,1.570169,-0.300000,1.000000,1.100000,0.000000,0.000000,-1.571000,-0.299807,1.007236,1.065203,1.496351
8.766000,-0.000193,-0.007238,0.034797,-0.000030,-0.005645,-0.037326,-0.000000,-0.001015,1.570170,-0.300000,1.000000,1.100000,0.000000,0.000000,-1.571000,-0.299807,1.007238,1.065203,1.496352
8.768000,-0.000193,-0.007239,0.034797,-0.000030,-0.005645,-0.037326,-0.000000,-0.001015,1.570170,-0.300000,1.000000,1.100000,0.000000,0.000000,-1.571000,-0.299807,1.007239,1.065203,1.496353
8.770000,-0.000193,-0.007241,0.034797,-0.000030,-0.005645,-0.037326,-0.000000,-0.001015,1.570170,-0.300000,1.000000,1.100000,0.000000,0.000000,-1.571000,-0.299807,1.007241,1.065203,1.496354
8.772000,-0.000193,-0.007243,0.034797,-0.000030,-0.005645,-0.037326,-0.000000,-0.001015,1.570170,-0.300000,1.000000,1.100000,0.000000,0.000000,-1.571000,-0.299807,1.007243,1.065203,1.496355
8.774000,-0.000193,-0.007244,0.034797,-0.000030,-0.005645,-0.037326,-0.000000,-0.001015,1.570170,-0.300000,1.000000,1.100000,0.000000,0.000000,-1.571000,-0.299807,1.007244,1.065203,1.496356
8.776000,-0.000193,-0.007246,0.034797,-0.000030,-0.005645,-0.037326,-0.000000,-0.001015,1.570170,-0.300000,1.000000,1.100000,0.000000,0.000000,-1.571000,-0.299807,1.007246,1.065203,1.496358
8.778000,-0.000193,-0.007248,0.034797,-0.000030,-0.005645,-0.037326,-0.000000,-0.001015,1.570170,-0.300000,1.000000,1.100000,0.000000,0.000000,-1.571000,-0.299807,1.007248,1.065203,1.496359
8.780000,-0.000193,-0.007249,0.034797,-0.000030,-0.005645,-0.037326,-0.000000,-0.001015,1.570170,-0.300000,1.000000,1.100000,0.000000,0.000000,-1.571000,-0.299807,1.007249,1.065203,1.496360
8.782000,-0.000193,-0.007251,0.034797,-0.000030,-0.005645,-0.037326,-0.000000,-0.001015,1.570170,-0.300000,1.000000,1.100000,0.000000,0.000000,-1.571000,-0.299807,1.007251,1.065203,1.496361
8.784000,-0.000194,-0.007253,0.034797,-0.000030,-0.005645,-0.037326,-0.000000,-0.001015,1.570170,-0.300000,1.000000,1.100000,0.000000,0.000000,-1.571000,-0.299806,1.007253,1.065203,1.496362
8.786000,-0.000194,-0.007254,0.034797,-0.000030,-0.005645,-0.037326,-0.000000,-0.001015,1.570170,-0.300000,1.000000,1.100000,0.000000,0.000000,-1.571000,-0.299806,1.007254,1.065203,1.496363
8.788000,-0.000194,-0.007256,0.034797,-0.000030,-0.005645,-0.037326,-0.000000,-0.001015,1.570170,-0.300000,1.000000,1.100000,0.000000,0.000000,-1.571000,-0.299806,1.007256,1.065203,1.496364
8.790000,-0.000194,-0.007258,0.034797,-0.000030,-0.005645,-0.037326,-0.000000,-0.001015,1.570170,-0.300000,1.000000,1.100000,0.000000,0.000000,-1.571000,-0.299806,1.007258,1.065203,1.496365
8.792000,-0.000194,-0.007259,0.034797,-0.000030,-0.005645,-0.037326,-0.000000,-0.001015,1.570170,-0.300000,1.000000,1.100000,0.000000,0.000000,-1.571000,-0.299806,1.007259,1.065203,1.496366
8.794000,-0.000194,-0.007261,0.034797,-0.000030,-0.005645,-0.037326,-0.000000,-0.001015,1.570170,-0.300000,1.000000,1.100000,0.000000,0.000000,-1.571000,-0.299806,1.007261,1.065203,1.496368
8.796000,-0.000194,-0.007263,0.034797,-0.000030,-0.005645,-0.037326,-0.000000,-0.001015,1.570170,-0.300000,1.000000,1.100000,0.000000,0.000000,-1.571000,-0.299806,1.007263,1.065203,1.496369
8.798000,-0.000194,-0.007264,0.034797,-0.000030,-0.005645,-0.037326,-0.000000,-0.001015,1.570170,-0.300000,1.000000,1.100000,0.000000,0.000000,-1.571000,-0.299806,1.007264,1.065203,1.496370
8.800000,-0.000194,-0.007266,0.034797,-0.000030,-0.005645,-0.037326,-0.000000,-0.001015,1.570170,-0.300000,1.000000,1.100000,0.000000,0.000000,-1.571000,-0.299806,1.007266,1.065203,1.496371
8.802000,-0.000194,-0.007268,0.034797,-0.000030,-0.005645,-0.037326,-0.000000,-0.001015,1.570170,-0.300000,1.000000,1.100000,0.000000,0.000000,-1.571000,-0.299806,1.007268,1.065203,1.496372
8.804000,-0.000194,-0.007269,0.034797,-0.000030,-0.005645,-0.037326,-0.000000,-0.001015,1.570170,-0.300000,1.000000,1.100000,0.000000,0.000000,-1.571000,-0.299806,1.007269,1.065203,1.496373
8.806000,-0.000194,-0.007271,0.034797,-0.000030,-0.005645,-0.037326,-0.000000,-0.001015,1.570170,-0.300000,1.000000,1.100000,0.000000,0.000000,-1.571000,-0.299806,1.007271,1.065203,1.496374
8.808000,-0.000194,-0.007273,0.034797,-0.000030,-0.005645,-0.037326,-0.000000,-0.001015,1.570170,-0.300000,1.000000,1.100000,0.000000,0.000000,-1.571000,-0.299806,1.007273,1.065203,1.496375
8.810000,-0.000194,-0.007275,0.034797,-0.000030,-0.005645,-0.037326,-0.000000,-0.001015,1.570170,-0.300000,1.000000,1.100000,0.000000,0.000000,-1.571000,-0.299806,1.007275,1.065203,1.496377
8.812000,-0.000194,-0.007276,0.034797,-0.000030,-0.005645,-0.037326,-0.000000,-0.001015,1.570170,-0.300000,1.000000,1.100000,0.000000,0.000000,-1.571000,-0.299806,1.007276,1.065203,1.496378
8.814000,-0.000194,-0.007278,0.034797,-0.000030,-0.005645,-0.037326,-0.000000,-0.001015,1.570170,-0.300000,1.000000,1.100000,0.000000,0.000000,-1.571000,-0.299806,1.007278,1.065203,1.496379
8.816000,-0.000194,-0.007280,0.034797,-0.000030,-0.005645,-0.037326,-0.000000,-0.001015,1.570171,-0.300000,1.000000,1.100000,0.000000,0.000000,-1.571000,-0.299806,1.007280,1.065203,1.496380
8.818000,-0.000194,-0.007281,0.034797,-0.000030,-0.005645,-0.037326,-0.000000,-0.001015,1.570171,-0.300000,1.000000,1.100000,0.000000,0.000000,-1.571000,-0.299806,1.007281,1.065203,1.496381
8.820000,-0.000194,-0.007283,0.034797,-0.000030,-0.005645,-0.037326,-0.000000,-0.001015,1.570171,-0.300000,1.000000,1.100000,0.000000,0.000000,-1.571000,-0.299806,1.007283,1.065203,1.496382
8.822000,-0.000194,-0.007285,0.034797,-0.000030,-0.005645,-0.037326,-0.000000,-0.001015,1.570171,-0.300000,1.000000,1.100000,0.000000,0.000000,-1.571000,-0.299806,1.007285,1.065203,1.496383
8.824000,-0.000194,-0.007286,0.034797,-0.000030,-0.005645,-0.037326,-0.000000,-0.001015,1.570171,-0.300000,1.000000,1.100000,0.000000,0.000000,-1.571000,-0.299806,1.007286,1.065203,1.496384
8.826000,-0.000194,-0.007288,0.034797,-0.000030,-0.005645,-0.037326,-0.000000,-0.001015,1.570171,-0.300000,1.000000,1.100000,0.000000,0.000000,-1.571000,-0.299806,1.007288,1.065203,1.496385
8.828000,-0.000195,-0.007290,0.034797,-0.000030,-0.005645,-0.037326,-0.000000,-0.001015,1.570171,-0.300000,1.000000,1.100000,0.000000,0.000000,-1.571000,-0.299805,1.007290,1.065203,1.496387
8.830000,-0.000195,-0.007291,0.034797,-0.000030,-0.005645,-0.037326,-0.000000,-0.001015,1.570171,-0.300000,1.000000,1.100000,0.000000,0.000000,-1.571000,-0.299805,1.007291,1.065203,1.496388
8.832000,-0.000195,-0.007293,0.034797,-0.000030,-0.005645,-0.037326,-0.000000,-0.001015,1.570171,-0.300000,1.000000,1.100000,0.000000,0.000000,-1.571000,-0.299805,1.007293,1.065203,1.496389
8.834000,-0.000195,-0.007295,0.034797,-0.000030,-0.005645,-0.037326,-0.000000,-0.001015,1.570171,-0.300000,1.000000,1.100000,0.000000,0.000000,-1.571000,-0.299805,1.007295,1.065203,1.496390
8.836000,-0.000195,-0.007296,0.034797,-0.000030,-0.005645,-0.037326,-0.000000,-0.001015,1.570171,-0.300000,1.000000,1.100000,0.000000,0.000000,-1.571000,-0.299805,1.007296,1.065203,1.496391
8.838000,-0.000195,-0.007298,0.034797,-0.000030,-0.005645,-0.037326,-0.000000,-0.001015,1.570171,-0.300000,1.000000,1.100000,0.000000,0.000000,-1.571000,-0.299805,1.007298,1.065203,1.496392
8.840000,-0.000195,-0.007300,0.034797,-0.000030,-0.005645,-0.037326,-0.000000,-0.001015,1.570171,-0.300000,1.000000,1.100000,0.000000,0.000000,-1.571000,-0.299805,1.007300,1.065203,1.496393
8.842000,-0.000195,-0.007301,0.034797,-0.000030,-0.005645,-0.037326,-0.000000,-0.001015,1.570171,-0.300000,1.000000,1.100000,0.000000,0.000000,-1.571000,-0.299805,1.007301,1.065203,1.496394
8.844000,-0.000195,-0.007303,0.034797,-0.000030,-0.005645,-0.037326,-0.000000,-0.001015,1.570171,-0.300000,1.000000,1.100000,0.000000,0.000000,-1.571000,-0.299805,1.007303,1.065203,1.496396
8.846000,-0.000195,-0.007305,0.034797,-0.000030,-0.005645,-0.037326,-0.000000,-0.001015,1.570171,-0.300000,1.000000,1.100000,0.000000,0.000000,-1.571000,-0.299805,1.007305,1.065203,1.496397
8.848000,-0.000195,-0.007306,0.034797,-0.000030,-0.005645,-0.037326,-0.000000,-0.001015,1.570171,-0.300000,1.000000,1.100000,0.000000,0.000000,-1.571000,-0.299805,1.007306,1.065203,1.496398
8.850000,-0.000195,-0.007308,0.034797,-0.000030,-0.005645,-0.037326,-0.000000,-0.001015,1.570171,-0.300000,1.000000,1.100000,0.000000,0.000000,-1.571000,-0.299805,1.007308,1.065203,1.496399
8.852000,-0.000195,-0.007310,0.034797,-0.000030,-0.005645,-0.037326,-0.000000,-0.001015,1.570171,-0.300000,1.000000,1.100000,0.000000,0.000000,-1.571000,-0.299805,1.007310,1.065203,1.496400
8.854000,-0.000195,-0.007311,0.034797,-0.000030,-0.005645,-0.037326,-0.000000,-0.001015,1.570171,-0.300000,1.000000,1.100000,0.000000,0.000000,-1.571000,-0.299805,1.007311,1.065203,1.496401
8.856000,-0.000195,-0.007313,0.034797,-0.000030,-0.005645,-0.037326,-0.000000,-0.001015,1.570171,-0.300000,1.000000,1.100000,0.000000,0.000000,-1.571000,-0.299805,1.007313,1.065203,1.496402
8.858000,-0.000195,-0.007315,0.034797,-0.000030,-0.005645,-0.037326,-0.000000,-0.001015,1.570171,-0.300000,1.000000,1.100000,0.000000,0.000000,-1.571000,-0.299805,1.007315,1.065203,1.496403
8.860000,-0.000195,-0.007316,0.034797,-0.000030,-0.005645,-0.037326,-0.000000,-0.001015,1.570171,-0.300000,1.000000,1.100000,0.000000,0.000000,-1.571000,-0.299805,1.007316,1.065203,1.496404
8.862000,-0.000195,-0.007318,0.034797,-0.000030,-0.005645,-0.037326,-0.000000,-0.001015,1.570171,-0.300000,1.000000,1.100000,0.000000,0.000000,-1.571000,-0.299805,1.007318,1.065203,1.496406
8.864000,-0.000195,-0.007320,0.034797,-0.000030,-0.005645,-0.037326,-0.000000,-0.001015,1.570171,-0.300000,1.000000,1.100000,0.000000,0.000000,-1.571000,-0.299805,1.007320,1.065203,1.496407
8.866000,-0.000195,-0.007321,0.034797,-0.000030,-0.005645,-0.037326,-0.000000,-0.001015,1.570172,-0.300000,1.000000,1.100000,0.000000,0.000000,-1.571000,-0.299805,1.007321,1.065203,1.496408
8.868000,-0.000195,-0.007323,0.034797,-0.000030,-0.005645,-0.037326,-0.000000,-0.001015,1.570172,-0.300000,1.000000,1.100000,0.000000,0.000000,-1.571000,-0.299805,1.007323,1.065203,1.496409
8.870000,-0.000195,-0.007325,0.034797,-0.000030,-0.005645,-0.037326,-0.000000,-0.001015,1.570172,-0.300000,1.000000,1.100000,0.000000,0.000000,-1.571000,-0.299805,1.007325,1.065203,1.496410
8.872000,-0.000196,-0.007326,0.034797,-0.000030,-0.005645,-0.037326,-0.000000,-0.001015,1.570172,-0.300000,1.000000,1.100000,0.000000,0.000000,-1.571000,-0.299804,1.007326,1.065203,1.496411
8.874000,-0.000196,-0.007328,0.034797,-0.000030,-0.005645,-0.037326,-0.000000,-0.001015,1.570172,-0.300000,1.000000,1.100000,0.000000,0.000000,-1.571000,-0.299804,1.007328,1.065203,1.496412
8.876000,-0.000196,-0.007330,0.034797,-0.000030,-0.005645,-0.037326,-0.000000,-0.001015,1.570172,-0.300000,1.000000,1.100000,0.000000,0.000000,-1.571000,-0.299804,1.007330,1.065203,1.496413
8.878000,-0.000196,-0.007331,0.034797,-0.000030,-0.005645,-0.037326,-0.000000,-0.001015,1.570172,-0.300000,1.000000,1.100000,0.000000,0.000000,-1.571000,-0.299804,1.007331,1.065203,1.496415
8.880000,-0.000196,-0.007333,0.034797,-0.000030,-0.005645,-0.037326,-0.000000,-0.001015,1.570172,-0.300000,1.000000,1.100000,0.000000,0.000000,-1.571000,-0.299804,1.007333,1.065203,1.496416
8.882000,-0.000196,-0.007335,0.034797,-0.000030,-0.005645,-0.037326,-0.000000,-0.001015,1.570172,-0.300000,1.000000,1.100000,0.000000,0.000000,-1.571000,-0.299804,1.007335,1.065203,1.496417
8.884000,-0.000196,-0.007336,0.034797,-0.000030,-0.005645,-0.037326,-0.000000,-0.001015,1.570172,-0.300000,1.000000,1.100000,0.000000,0.000000,-1.571000,-0.299804,1.007336,1.065203,1.496418
8.886000,-0.000196,-0.007338,0.034797,-0.000030,-0.005645,-0.037326,-0.000000,-0.001015,1.570172,-0.300000,1.000000,1.100000,0.000000,0.000000,-1.571000,-0.299804,1.007338,1.065203,1.496419
8.888000,-0.000196,-0.007340,0.034797,-0.000030,-0.005645,-0.037326,-0.000000,-0.001015,1.570172,-0.300000,1.000000,1.100000,0.000000,0.000000,-1.571000,-0.299804,1.007340,1.065203,1.496420
8.890000,-0.000196,-0.007342,0.034797,-0.000030,-0.005645,-0.037326,-0.000000,-0.001015,1.570172,-0.300000,1.000000,1.100000,0.000000,0.000000,-1.571000,-0.299804,1.007342,1.065203,1.496421
8.892000,-0.000196,-0.007343,0.034797,-0.000030,-0.005645,-0.037326,-0.000000,-0.001015,1.570172,-0.300000,1.000000,1.100000,0.000000,0.000000,-1.571000,-0.299804,1.007343,1.065203,1.496422
8.894000,-0.000196,-0.007345,0.034797,-0.000030,-0.005645,-0.037326,-0.000000,-0.001015,1.570172,-0.300000,1.000000,1.100000,0.000000,0.000000,-1.571000,-0.299804,1.007345,1.065203,1.496423
8.896000,-0.000196,-0.007347,0.034797,-0.000030,-0.005645,-0.037326,-0.000000,-0.001015,1.570172,-0.300000,1.000000,1.100000,0.000000,0.000000,-1.571000,-0.299804,1.007347,1.065203,1.496425
8.898000,-0.000196,-0.007348,0.034797,-0.000030,-0.005645,-0.037326,-0.000000,-0.001015,1.570172,-0.300000,1.000000,1.100000,0.000000,0.000000,-1.571000,-0.299804,1.007348,1.065203,1.496426
8.900000,-0.000196,-0.007350,0.034797,-0.000030,-0.005645,-0.037326,-0.000000,-0.001015,1.570172,-0.300000,1.000000,1.100000,0.000000,0.000000,-1.571000,-0.299804,1.007350,1.065203,1.496427
8.902000,-0.000196,-0.007352,0.034797,-0.000030,-0.005645,-0.037326,-0.000000,-0.001015,1.570172,-0.300000,1.000000,1.100000,0.000000,0.000000,-1.571000,-0.299804,1.007352,1.065203,1.496428
8.904000,-0.000196,-0.007353,0.034797,-0.000030,-0.005645,-0.037326,-0.000000,-0.001015,1.570172,-0.300000,1.000000,1.100000,0.000000,0.000000,-1.571000,-0.299804,1.007353,1.065203,1.496429
8.906000,-0.000196,-0.007355,0.034797,-0.000030,-0.005645,-0.037326,-0.000000,-0.001015,1.570172,-0.300000,1.000000,1.100000,0.000000,0.000000,-1.571000,-0.299804,1.007355,1.065203,1.496430
8.908000,-0.000196,-0.007357,0.034797,-0.000030,-0.005645,-0.037326,-0.000000,-0.001015,1.570172,-0.300000,1.000000,1.100000,0.000000,0.000000,-1.571000,-0.299804,1.007357,1.065203,1.496431
8.910000,-0.000196,-0.007358,0.034797,-0.000030,-0.005645,-0.037326,-0.000000,-0.001015,1.570172,-0.300000,1.000000,1.100000,0.000000,0.000000,-1.571000,-0.299804,1.007358,1.065203,1.496432
8.912000,-0.000196,-0.007360,0.034797,-0.000030,-0.005645,-0.037326,-0.000000,-0.001015,1.570172,-0.300000,1.000000,1.100000,0.000000,0.000000,-1.571000,-0.299804,1.007360,1.065203,1.496434
8.914000,-0.000196,-0.007362,0.034797,-0.000030,-0.005645,-0.037326,-0.000000,-0.001015,1.570172,-0.300000,1.000000,1.100000,0.000000,0.000000,-1.571000,-0.299804,1.007362,1.065203,1.496435
8.916000,-0.000197,-0.007363,0.034797,-0.000030,-0.005645,-0.037326,-0.000000,-0.001015,1.570172,-0.300000,1.000000,1.100000,0.000000,0.000000,-1.571000,-0.299803,1.007363,1.065203,1.496436
8.918000,-0.000197,-0.007365,0.034797,-0.000030,-0.005645,-0.037326,-0.000000,-0.001015,1.570173,-0.300000,1.000000,1.100000,0.000000,0.000000,-1.571000,-0.299803,1.007365,1.065203,1.496437
8.920000,-0.000197,-0.007367,0.034797,-0.000030,-0.005645,-0.037326,-0.000000,-0.001015,1.570173,-0.300000,1.000000,1.100000,0.000000,0.000000,-1.571000,-0.299803,1.007367,1.065203,1.496438
8.922000,-0.000197,-0.007368,0.034797,-0.000030,-0.005645,-0.037326,-0.000000,-0.001015,1.570173,-0.300000,1.000000,1.100000,0.000000,0.000000,-1.571000,-0.299803,1.007368,1.065203,1.496439
8.924000,-0.000197,-0.007370,0.034797,-0.000030,-0.005645,-0.037326,-0.000000,-0.001015,1.570173,-0.300000,1.000000,1.100000,0.000000,0.000000,-1.571000,-0.299803,1.007370,1.065203,1.496440
8.926000,-0.000197,-0.007372,0.034797,-0.000030,-0.005645,-0.037326,-0.000000,-0.001015,1.570173,-0.300000,1.000000,1.100000,0.000000,0.000000,-1.571000,-0.299803,1.007372,1.065203,1.496441
8.928000,-0.000197,-0.007373,0.034797,-0.000030,-0.005645,-0.037326,-0.000000,-0.001015,1.570173,-0.300000,1.000000,1.100000,0.000000,0.000000,-1.571000,-0.299803,1.007373,1.065203,1.496443
8.930000,-0.000197,-0.007375,0.034797,-0.000030,-0.005645,-0.037326,-0.000000,-0.001015,1.570173,-0.300000,1.000000,1.100000,0.000000,0.000000,-1.571000,-0.299803,1.007375,1.065203,1.496444
8.932000,-0.000197,-0.007377,0.034797,-0.000030,-0.005645,-0.037326,-0.000000,-0.001015,1.570173,-0.300000,1.000000,1.100000,0.000000,0.000000,-1.571000,-0.299803,1.007377,1.065203,1.496445
8.934000,-0.000197,-0.007378,0.034797,-0.000030,-0.005645,-0.037326,-0.000000,-0.001015,1.570173,-0.300000,1.000000,1.100000,0.000000,0.000000,-1.571000,-0.299803,1.007378,1.065203,1.496446
8.936000,-0.000197,-0.007380,0.034797,-0.000030,-0.005645,-0.037326,-0.000000,-0.001015,1.570173,-0.300000,1.000000,1.100000,0.000000,0.000000,-1.571000,-0.299803,1.007380,1.065203,1.496447
8.938000,-0.000197,-0.007382,0.034797,-0.000030,-0.005645,-0.037326,-0.000000,-0.001015,1.570173,-0.300000,1.000000,1.100000,0.000000,0.000000,-1.571000,-0.299803,1.007382,1.065203,1.496448
8.940000,-0.000197,-0.007383,0.034797,-0.000030,-0.005645,-0.037326,-0.000000,-0.001015,1.570173,-0.300000,1.000000,1.100000,0.000000,0.000000,-1.571000,-0.299803,1.007383,1.065203,1.496449
8.942000,-0.000197,-0.007385,0.034797,-0.000030,-0.005645,-0.037326,-0.000000,-0.001015,1.570173,-0.300000,1.000000,1.100000,0.000000,0.000000,-1.571000,-0.299803,1.007385,1.065203,1.496450
8.944000,-0.000197,-0.007387,0.034797,-0.000030,-0.005645,-0.037326,-0.000000,-0.001015,1.570173,-0.300000,1.000000,1.100000,0.000000,0.000000,-1.571000,-0.299803,1.007387,1.065203,1.496451
8.946000,-0.000197,-0.007388,0.034797,-0.000030,-0.005645,-0.037326,-0.000000,-0.001015,1.570173,-0.300000,1.000000,1.100000,0.000000,0.000000,-1.571000,-0.299803,1.007388,1.065203,1.496453
8.948000,-0.000197,-0.007390,0.034797,-0.000030,-0.005645,-0.037326,-0.000000,-0.001015,1.570173,-0.300000,1.000000,1.100000,0.000000,0.000000,-1.571000,-0.299803,1.007390,1.065203,1.496454
8.950000,-0.000197,-0.007392,0.034797,-0.000030,-0.005645,-0.037326,-0.000000,-0.001015,1.570173,-0.300000,1.000000,1.100000,0.000000,0.000000,-1.571000,-0.299803,1.007392,1.065203,1.496455
8.952000,-0.000197,-0.007393,0.034797,-0.000030,-0.005645,-0.037326,-0.000000,-0.001015,1.570173,-0.300000,1.000000,1.100000,0.000000,0.000000,-1.571000,-0.299803,1.007393,1.065203,1.496456
8.954000,-0.000197,-0.007395,0.034797,-0.000030,-0.005645,-0.037326,-0.000000,-0.001015,1.570173,-0.300000,1.000000,1.100000,0.000000,0.000000,-1.571000,-0.299803,1.007395,1.065203,1.496457
8.956000,-0.000197,-0.007397,0.034797,-0.000030,-0.005645,-0.037326,-0.000000,-0.001015,1.570173,-0.300000,1.000000,1.100000,0.000000,0.000000,-1.571000,-0.299803,1.007397,1.065203,1.496458
8.958000,-0.000197,-0.007398,0.034797,-0.000030,-0.005645,-0.037326,-0.000000,-0.001015,1.570173,-0.300000,1.000000,1.100000,0.000000,0.000000,-1.571000,-0.299803,1.007398,1.065203,1.496459
8.960000,-0.000198,-0.007400,0.034797,-0.000030,-0.005645,-0.037326,-0.000000,-0.001015,1.570173,-0.300000,1.000000,1.100000,0.000000,0.000000,-1.571000,-0.299802,1.007400,1.065203,1.496460
8.962000,-0.000198,-0.007402,0.034797,-0.000030,-0.005645,-0.037326,-0.000000,-0.001015,1.570173,-0.300000,1.000000,1.100000,0.000000,0.000000,-1.571000,-0.299802,1.007402,1.065203,1.496462
8.964000,-0.000198,-0.007403,0.034797,-0.000030,-0.005645,-0.037326,-0.000000,-0.001015,1.570173,-0.300000,1.000000,1.100000,0.000000,0.000000,-1.571000,-0.299802,1.007403,1.065203,1.496463
8.966000,-0.000198,-0.007405,0.034797,-0.000030,-0.005645,-0.037326,-0.000000,-0.001015,1.570173,-0.300000,1.000000,1.100000,0.000000,0.000000,-1.571000,-0.299802,1.007405,1.065203,1.496464
8.968000,-0.000198,-0.007407,0.034797,-0.000030,-0.005645,-0.037326,-0.000000,-0.001015,1.570174,-0.300000,1.000000,1.100000,0.000000,0.000000,-1.571000,-0.299802,1.007407,1.065203,1.496465
8.970000,-0.000198,-0.007408,0.034797,-0.000030,-0.005645,-0.037326,-0.000000,-0.001015,1.570174,-0.300000,1.000000,1.100000,0.000000,0.000000,-1.571000,-0.299802,1.007408,1.065203,1.496466
8.972000,-0.000198,-0.007410,0.034797,-0.000030,-0.005645,-0.037326,-0.000000,-0.001015,1.570174,-0.300000,1.000000,1.100000,0.000000,0.000000,-1.571000,-0.299802,1.007410,1.065203,1.496467
8.974000,-0.000198,-0.007412,0.034797,-0.000030,-0.005645,-0.037326,-0.000000,-0.001015,1.570174,-0.300000,1.000000,1.100000,0.000000,0.000000,-1.571000,-0.299802,1.007412,1.065203,1.496468
8.976000,-0.000198,-0.007414,0.034797,-0.000030,-0.005645,-0.037326,-0.000000,-0.001015,1.570174,-0.300000,1.000000,1.100000,0.000000,0.000000,-1.571000,-0.299802,1.007414,1.065203,1.496469
8.978000,-0.000198,-0.007415,0.034797,-0.000030,-0.005645,-0.037326,-0.000000,-0.001015,1.570174,-0.300000,1.000000,1.100000,0.000000,0.000000,-1.571000,-0.299802,1.007415,1.065203,1.496470
8.980000,-0.000198,-0.007417,0.034797,-0.000030,-0.005645,-0.037326,-0.000000,-0.001015,1.570174,-0.300000,1.000000,1.100000,0.000000,0.000000,-1.571000,-0.299802,1.007417,1.065203,1.496472
8.982000,-0.000198,-0.007419,0.034797,-0.000030,-0.005645,-0.037326,-0.000000,-0.001015,1.570174,-0.300000,1.000000,1.100000,0.000000,0.000000,-1.571000,-0.299802,1.007419,1.065203,1.496473
8.984000,-0.000198,-0.007420,0.034797,-0.000030,-0.005645,-0.037326,-0.000000,-0.001015,1.570174,-0.300000,1.000000,1.100000,0.000000,0.000000,-1.571000,-0.299802,1.007420,1.065203,1.496474
8.986000,-0.000198,-0.007422,0.034797,-0.000030,-0.005645,-0.037326,-0.000000,-0.001015,1.570174,-0.300000,1.000000,1.100000,0.000000,0.000000,-1.571000,-0.299802,1.007422,1.065203,1.496475
8.988000,-0.000198,-0.007424,0.034797,-0.000030,-0.005645,-0.037326,-0.000000,-0.001015,1.570174,-0.300000,1.000000,1.100000,0.000000,0.000000,-1.571000,-0.299802,1.007424,1.065203,1.496476
8.990000,-0.000198,-0.007425,0.034797,-0.000030,-0.005645,-0.037326,-0.000000,-0.001015,1.570174,-0.300000,1.000000,1.100000,0.000000,0.000000,-1.571000,-0.299802,1.007425,1.065203,1.496477
8.992000,-0.000198,-0.007427,0.034797,-0.000030,-0.005645,-0.037326,-0.000000,-0.001015,1.570174,-0.300000,1.000000,1.100000,0.000000,0.000000,-1.571000,-0.299802,1.007427,1.065203,1.496478
8.994000,-0.000198,-0.007429,0.034797,-0.000030,-0.005645,-0.037326,-0.000000,-0.001015,1.570174,-0.300000,1.000000,1.100000,0.000000,0.000000,-1.571000,-0.299802,1.007429,1.065203,1.496479
8.996000,-0.000198,-0.007430,0.034797,-0.000030,-0.005645,-0.037326,-0.000000,-0.001015,1.570174,-0.300000,1.000000,1.100000,0.000000,0.000000,-1.571000,-0.299802,1.007430,1.065203,1.496481
8.998000,-0.000198,-0.007432,0.034797,-0.000030,-0.005645,-0.037326,-0.000000,-0.001015,1.570174,-0.300000,1.000000,1.100000,0.000000,0.000000,-1.571000,-0.299802,1.007432,1.065203,1.496482
9.000000,-0.000198,-0.007434,0.034797,-0.000030,-0.005645,-0.037326,-0.000000,-0.001015,1.570174,-0.300000,1.000000,1.100000,0.000000,0.000000,-1.571000,-0.299802,1.007434,1.065203,1.496483
9.002000,-0.000198,-0.007435,0.034797,-0.000030,-0.005645,-0.037326,-0.000000,-0.001015,1.570174,-0.300000,1.000000,1.100000,0.000000,0.000000,-1.571000,-0.299802,1.007435,1.065203,1.496484
9.004000,-0.000199,-0.007437,0.034797,-0.000030,-0.005645,-0.037326,-0.000000,-0.001015,1.570174,-0.300000,1.000000,1.100000,0.000000,0.000000,-1.571000,-0.299801,1.007437,1.065203,1.496485
9.006000,-0.000199,-0.007439,0.034797,-0.000030,-0.005645,-0.037326,-0.000000,-0.001015,1.570174,-0.300000,1.000000,1.100000,0.000000,0.000000,-1.571000,-0.299801,1.007439,1.065203,1.496486
9.008000,-0.000199,-0.007440,0.034797,-0.000030,-0.005645,-0.037326,-0.000000,-0.001015,1.570174,-0.300000,1.000000,1.100000,0.000000,0.000000,-1.571000,-0.299801,1.007440,1.065203,1.496487
9.010000,-0.000199,-0.007442,0.034797,-0.000030,-0.005645,-0.037326,-0.000000,-0.001015,1.570174,-0.300000,1.000000,1.100000,0.000000,0.000000,-1.571000,-0.299801,1.007442,1.065203,1.496488
9.012000,-0.000199,-0.007444,0.034797,-0.000030,-0.005645,-0.037326,-0.000000,-0.001015,1.570174,-0.300000,1.000000,1.100000,0.000000,0.000000,-1.571000,-0.299801,1.007444,1.065203,1.496489
9.014000,-0.000199,-0.007445,0.034797,-0.000030,-0.005645,-0.037326,-0.000000,-0.001015,1.570174,-0.300000,1.000000,1.100000,0.000000,0.000000,-1.571000,-0.299801,1.007445,1.065203,1.496491
9.016000,-0.000199,-0.007447,0.034797,-0.000030,-0.005645,-0.037326,-0.000000,-0.001015,1.570174,-0.300000,1.000000,1.100000,0.000000,0.000000,-1.571000,-0.299801,1.007447,1.065203,1.496492
9.018000,-0.000199,-0.007449,0.034797,-0.000030,-0.005645,-0.037326,-0.000000,-0.001015,1.570174,-0.300000,1.000000,1.100000,0.000000,0.000000,-1.571000,-0.299801,1.007449,1.065203,1.496493
9.020000,-0.000199,-0.007450,0.034797,-0.000030,-0.005645,-0.037326,-0.000000,-0.001015,1.570175,-0.300000,1.000000,1.100000,0.000000,0.000000,-1.571000,-0.299801,1.007450,1.065203,1.496494
9.022000,-0.000199,-0.007452,0.034797,-0.000030,-0.005645,-0.037326,-0.000000,-0.001015,1.570175,-0.300000,1.000000,1.100000,0.000000,0.000000,-1.571000,-0.299801,1.007452,1.065203,1.496495
9.024000,-0.000199,-0.007454,0.034797,-0.000030,-0.005645,-0.037326,-0.000000,-0.001015,1.570175,-0.300000,1.000000,1.100000,0.000000,0.000000,-1.571000,-0.299801,1.007454,1.065203,1.496496
9.026000,-0.000199,-0.007455,0.034797,-0.000030,-0.005645,-0.037326,-0.000000,-0.001015,1.570175,-0.300000,1.000000,1.100000,0.000000,0.000000,-1.571000,-0.299801,1.007455,1.065203,1.496497
9.028000,-0.000199,-0.007457,0.034797,-0.000030,-0.005645,-0.037326,-0.000000,-0.001015,1.570175,-0.300000,1.000000,1.100000,0.000000,0.000000,-1.571000,-0.299801,1.007457,1.065203,1.496498
9.030000,-0.000199,-0.007459,0.034797,-0.000030,-0.005645,-0.037326,-0.000000,-0.001015,1.570175,-0.300000,1.000000,1.100000,0.000000,0.000000,-1.571000,-0.299801,1.007459,1.065203,1.496500
9.032000,-0.000199,-0.007460,0.034797,-0.000030,-0.005645,-0.037326,-0.000000,-0.001015,1.570175,-0.300000,1.000000,1.100000,0.000000,0.000000,-1.571000,-0.299801,1.007460,1.065203,1.496501
9.034000,-0.000199,-0.007462,0.034797,-0.000030,-0.005645,-0.037326,-0.000000,-0.001015,1.570175,-0.300000,1.000000,1.100000,0.000000,0.000000,-1.571000,-0.299801,1.007462,1.065203,1.496502
9.036000,-0.000199,-0.007464,0.034797,-0.000030,-0.005645,-0.037326,-0.000000,-0.001015,1.570175,-0.300000,1.000000,1.100000,0.000000,0.000000,-1.571000,-0.299801,1.007464,1.065203,1.496503
9.038000,-0.000199,-0.007465,0.034797,-0.000030,-0.005645,-0.037326,-0.000000,-0.001015,1.570175,-0.300000,1.000000,1.100000,0.000000,0.000000,-1.571000,-0.299801,1.007465,1.065203,1.496504
9.040000,-0.000199,-0.007467,0.034797,-0.000030,-0.005645,-0.037326,-0.000000,-0.001015,1.570175,-0.300000,1.000000,1.100000,0.000000,0.000000,-1.571000,-0.299801,1.007467,1.065203,1.496505
9.042000,-0.000199,-0.007469,0.034797,-0.000030,-0.005645,-0.037326,-0.000000,-0.001015,1.570175,-0.300000,1.000000,1.100000,0.000000,0.000000,-1.571000,-0.299801,1.007469,1.065203,1.496506
9.044000,-0.000199,-0.007470,0.034797,-0.000030,-0.005645,-0.037326,-0.000000,-0.001015,1.570175,-0.300000,1.000000,1.100000,0.000000,0.000000,-1.571000,-0.299801,1.007470,1.065203,1.496507
9.046000,-0.000199,-0.007472,0.034797,-0.000030,-0.005645,-0.037326,-0.000000,-0.001015,1.570175,-0.300000,1.000000,1.100000,0.000000,0.000000,-1.571000,-0.299801,1.007472,1.065203,1.496508
9.048000,-0.000200,-0.007474,0.034797,-0.000030,-0.005645,-0.037326,-0.000000,-0.001015,1.570175,-0.300000,1.000000,1.100000,0.000000,0.000000,-1.571000,-0.299800,1.007474,1.065203,1.496510
9.050000,-0.000200,-0.007475,0.034797,-0.000030,-0.005645,-0.037326,-0.000000,-0.001015,1.570175,-0.300000,1.000000,1.100000,0.000000,0.000000,-1.571000,-0.299800,1.007475,1.065203,1.496511
9.052000,-0.000200,-0.007477,0.034797,-0.000030,-0.005645,-0.037326,-0.000000,-0.001015,1.570175,-0.300000,1.000000,1.100000,0.000000,0.000000,-1.571000,-0.299800,1.007477,1.065203,1.496512
9.054000,-0.000200,-0.007479,0.034797,-0.000030,-0.005645,-0.037326,-0.000000,-0.001015,1.570175,-0.300000,1.000000,1.100000,0.000000,0.000000,-1.571000,-0.299800,1.007479,1.065203,1.496513
9.056000,-0.000200,-0.007481,0.034797,-0.000030,-0.005645,-0.037326,-0.000000,-0.001015,1.570175,-0.300000,1.000000,1.100000,0.000000,0.000000,-1.571000,-0.299800,1.007481,1.065203,1.496514
9.058000,-0.000200,-0.007482,0.034797,-0.000030,-0.005645,-0.037326,-0.000000,-0.001015,1.570175,-0.300000,1.000000,1.100000,0.000000,0.000000,-1.571000,-0.299800,1.007482,1.065203,1.496515
9.060000,-0.000200,-0.007484,0.034797,-0.000030,-0.005645,-0.037326,-0.000000,-0.001015,1.570175,-0.300000,1.000000,1.100000,0.000000,0.000000,-1.571000,-0.299800,1.007484,1.065203,1.496516
9.062000,-0.000200,-0.007486,0.034797,-0.000030,-0.005645,-0.037326,-0.000000,-0.001015,1.570175,-0.300000,1.000000,1.100000,0.000000,0.000000,-1.571000,-0.299800,1.007486,1.065203,1.496517
9.064000,-0.000200,-0.007487,0.034797,-0.000030,-0.005645,-0.037326,-0.000000,-0.001015,1.570175,-0.300000,1.000000,1.100000,0.000000,0.000000,-1.571000,-0.299800,1.007487,1.065203,1.496519
9.066000,-0.000200,-0.007489,0.034797,-0.000030,-0.005645,-0.037326,-0.000000,-0.001015,1.570175,-0.300000,1.000000,1.100000,0.000000,0.000000,-1.571000,-0.299800,1.007489,1.065203,1.496520
9.068000,-0.000200,-0.007491,0.034797,-0.000030,-0.005645,-0.037326,-0.000000,-0.001015,1.570175,-0.300000,1.000000,1.100000,0.000000,0.000000,-1.571000,-0.299800,1.007491,1.065203,1.496521
9.070000,-0.000200,-0.007492,0.034797,-0.000030,-0.005645,-0.037326,-0.000000,-0.001015,1.570176,-0.300000,1.000000,1.100000,0.000000,0.000000,-1.571000,-0.299800,1.007492,1.065203,1.496522
9.072000,-0.000200,-0.007494,0.034797,-0.000030,-0.005645,-0.037326,-0.000000,-0.001015,1.570176,-0.300000,1.000000,1.100000,0.000000,0.000000,-1.571000,-0.299800,1.007494,1.065203,1.496523
9.074000,-0.000200,-0.007496,0.034797,-0.000030,-0.005645,-0.037326,-0.000000,-0.001015,1.570176,-0.300000,1.000000,1.100000,0.000000,0.000000,-1.571000,-0.299800,1.007496,1.065203,1.496524
9.076000,-0.000200,-0.007497,0.034797,-0.000030,-0.005645,-0.037326,-0.000000,-0.001015,1.570176,-0.300000,1.000000,1.100000,0.000000,0.000000,-1.571000,-0.299800,1.007497,1.065203,1.496525
9.078000,-0.000200,-0.007499,0.034797,-0.000030,-0.005645,-0.037326,-0.000000,-0.001015,1.570176,-0.300000,1.000000,1.100000,0.000000,0.000000,-1.571000,-0.299800,1.007499,1.065203,1.496526
9.080000,-0.000200,-0.007501,0.034797,-0.000030,-0.005645,-0.037326,-0.000000,-0.001015,1.570176,-0.300000,1.000000,1.100000,0.000000,0.000000,-1.571000,-0.299800,1.007501,1.065203,1.496528
9.082000,-0.000200,-0.007502,0.034797,-0.000030,-0.005645,-0.037326,-0.000000,-0.001015,1.570176,-0.300000,1.000000,1.100000,0.000000,0.000000,-1.571000,-0.299800,1.007502,1.065203,1.496529
9.084000,-0.000200,-0.007504,0.034797,-0.000030,-0.005645,-0.037326,-0.000000,-0.001015,1.570176,-0.300000,1.000000,1.100000,0.000000,0.000000,-1.571000,-0.299800,1.007504,1.065203,1.496530
9.086000,-0.000200,-0.007506,0.034797,-0.000030,-0.005645,-0.037326,-0.000000,-0.001015,1.570176,-0.300000,1.000000,1.100000,0.000000,0.000000,-1.571000,-0.299800,1.007506,1.065203,1.496531
9.088000,-0.000200,-0.007507,0.034797,-0.000030,-0.005645,-0.037326,-0.000000,-0.001015,1.570176,-0.300000,1.000000,1.100000,0.000000,0.000000,-1.571000,-0.299800,1.007507,1.065203,1.496532
9.090000,-0.000200,-0.007509,0.034797,-0.000030,-0.005645,-0.037326,-0.000000,-0.001015,1.570176,-0.300000,1.000000,1.100000,0.000000,0.000000,-1.571000,-0.299800,1.007509,1.065203,1.496533
9.092000,-0.000200,-0.007511,0.034797,-0.000030,-0.005645,-0.037326,-0.000000,-0.001015,1.570176,-0.300000,1.000000,1.100000,0.000000,0.000000,-1.571000,-0.299800,1.007511,1.065203,1.496534
9.094000,-0.000201,-0.007512,0.034797,-0.000030,-0.005645,-0.037326,-0.000000,-0.001015,1.570176,-0.300000,1.000000,1.100000,0.000000,0.000000,-1.571000,-0.299799,1.007512,1.065203,1.496535
9.096000,-0.000201,-0.007514,0.034797,-0.000030,-0.005645,-0.037326,-0.000000,-0.001015,1.570176,-0.300000,1.000000,1.100000,0.000000,0.000000,-1.571000,-0.299799,1.007514,1.065203,1.496536
9.098000,-0.000201,-0.007516,0.034797,-0.000030,-0.005645,-0.037326,-0.000000,-0.001015,1.570176,-0.300000,1.000000,1.100000,0.000000,0.000000,-1.571000,-0.299799,1.007516,1.065203,1.496538
9.100000,-0.000201,-0.007517,0.034797,-0.000030,-0.005645,-0.037326,-0.000000,-0.001015,1.570176,-0.300000,1.000000,1.100000,0.000000,0.000000,-1.571000,-0.299799,1.007517,1.065203,1.496539
9.102000,-0.000201,-0.007519,0.034797,-0.000030,-0.005645,-0.037326,-0.000000,-0.001015,1.570176,-0.300000,1.000000,1.100000,0.000000,0.000000,-1.571000,-0.299799,1.007519,1.065203,1.496540
9.104000,-0.000201,-0.007521,0.034797,-0.000030,-0.005645,-0.037326,-0.000000,-0.001015,1.570176,-0.300000,1.000000,1.100000,0.000000,0.000000,-1.571000,-0.299799,1.007521,1.065203,1.496541
9.106000,-0.000201,-0.007522,0.034797,-0.000030,-0.005645,-0.037326,-0.000000,-0.001015,1.570176,-0.300000,1.000000,1.100000,0.000000,0.000000,-1.571000,-0.299799,1.007522,1.065203,1.496542
9.108000,-0.000201,-0.007524,0.034797,-0.000030,-0.005645,-0.037326,-0.000000,-0.001015,1.570176,-0.300000,1.000000,1.100000,0.000000,0.000000,-1.571000,-0.299799,1.007524,1.065203,1.496543
9.110000,-0.000201,-0.007526,0.034797,-0.000030,-0.005645,-0.037326,-0.000000,-0.001015,1.570176,-0.300000,1.000000,1.100000,0.000000,0.000000,-1.571000,-0.299799,1.007526,1.065203,1.496544
9.112000,-0.000201,-0.007527,0.034797,-0.000030,-0.005645,-0.037326,-0.000000,-0.001015,1.570176,-0.300000,1.000000,1.100000,0.000000,0.000000,-1.571000,-0.299799,1.007527,1.065203,1.496545
9.114000,-0.000201,-0.007529,0.034797,-0.000030,-0.005645,-0.037326,-0.000000,-0.001015,1.570176,-0.300000,1.000000,1.100000,0.000000,0.000000,-1.571000,-0.299799,1.007529,1.065203,1.496547
9.116000,-0.000201,-0.007531,0.034797,-0.000030,-0.005645,-0.037326,-0.000000,-0.001015,1.570176,-0.300000,1.000000,1.100000,0.000000,0.000000,-1.571000,-0.299799,1.007531,1.065203,1.496548
9.118000,-0.000201,-0.007532,0.034797,-0.000030,-0.005645,-0.037326,-0.000000,-0.001015,1.570176,-0.300000,1.000000,1.100000,0.000000,0.000000,-1.571000,-0.299799,1.007532,1.065203,1.496549
9.120000,-0.000201,-0.007534,0.034797,-0.000030,-0.005645,-0.037326,-0.000000,-0.001015,1.570176,-0.300000,1.000000,1.100000,0.000000,0.000000,-1.571000,-0.299799,1.007534,1.065203,1.496550
9.122000,-0.000201,-0.007536,0.034797,-0.000030,-0.005645,-0.037326,-0.000000,-0.001015,1.570177,-0.300000,1.000000,1.100000,0.000000,0.000000,-1.571000,-0.299799,1.007536,1.065203,1.496551
9.124000,-0.000201,-0.007537,0.034797,-0.000030,-0.005645,-0.037326,-0.000000,-0.001015,1.570177,-0.300000,1.000000,1.100000,0.000000,0.000000,-1.571000,-0.299799,1.007537,1.065203,1.496552
9.126000,-0.000201,-0.007539,0.034797,-0.000030,-0.005645,-0.037326,-0.000000,-0.001015,1.570177,-0.300000,1.000000,1.100000,0.000000,0.000000,-1.571000,-0.299799,1.007539,1.065203,1.496553
9.128000,-0.000201,-0.007541,0.034797,-0.000030,-0.005645,-0.037326,-0.000000,-0.001015,1.570177,-0.300000,1.000000,1.100000,0.000000,0.000000,-1.571000,-0.299799,1.007541,1.065203,1.496554
9.130000,-0.000201,-0.007542,0.034797,-0.000030,-0.005645,-0.037326,-0.000000,-0.001015,1.570177,-0.300000,1.000000,1.100000,0.000000,0.000000,-1.571000,-0.299799,1.007542,1.065203,1.496555
9.132000,-0.000201,-0.007544,0.034797,-0.000030,-0.005645,-0.037326,-0.000000,-0.001015,1.570177,-0.300000,1.000000,1.100000,0.000000,0.000000,-1.571000,-0.299799,1.007544,1.065203,1.496557
9.134000,-0.000201,-0.007546,0.034797,-0.000030,-0.005645,-0.037326,-0.000000,-0.001015,1.570177,-0.300000,1.000000,1.100000,0.000000,0.000000,-1.571000,-0.299799,1.007546,1.065203,1.496558
9.136000,-0.000201,-0.007547,0.034797,-0.000030,-0.005645,-0.037326,-0.000000,-0.001015,1.570177,-0.300000,1.000000,1.100000,0.000000,0.000000,-1.571000,-0.299799,1.007547,1.065203,1.496559
9.138000,-0.000202,-0.007549,0.034797,-0.000030,-0.005645,-0.037326,-0.000000,-0.001015,1.570177,-0.300000,1.000000,1.100000,0.000000,0.000000,-1.571000,-0.299798,1.007549,1.065203,1.496560
9.140000,-0.000202,-0.007551,0.034797,-0.000030,-0.005645,-0.037326,-0.000000,-0.001015,1.570177,-0.300000,1.000000,1.100000,0.000000,0.000000,-1.571000,-0.299798,1.007551,1.065203,1.496561
9.142000,-0.000202,-0.007553,0.034797,-0.000030,-0.005645,-0.037326,-0.000000,-0.001015,1.570177,-0.300000,1.000000,1.100000,0.000000,0.000000,-1.571000,-0.299798,1.007553,1.065203,1.496562
9.144000,-0.000202,-0.007554,0.034797,-0.000030,-0.005645,-0.037326,-0.000000,-0.001015,1.570177,-0.300000,1.000000,1.100000,0.000000,0.000000,-1.571000,-0.299798,1.007554,1.065203,1.496563
9.146000,-0.000202,-0.007556,0.034797,-0.000030,-0.005645,-0.037326,-0.000000,-0.001015,1.570177,-0.300000,1.000000,1.100000,0.000000,0.000000,-1.571000,-0.299798,1.007556,1.065203,1.496564
9.148000,-0.000202,-0.007558,0.034797,-0.000030,-0.005645,-0.037326,-0.000000,-0.001015,1.570177,-0.300000,1.000000,1.100000,0.000000,0.000000,-1.571000,-0.299798,1.007558,1.065203,1.496566
9.150000,-0.000202,-0.007559,0.034797,-0.000030,-0.005645,-0.037326,-0.000000,-0.001015,1.570177,-0.300000,1.000000,1.100000,0.000000,0.000000,-1.571000,-0.299798,1.007559,1.065203,1.496567
9.152000,-0.000202,-0.007561,0.034797,-0.000030,-0.005645,-0.037326,-0.000000,-0.001015,1.570177,-0.300000,1.000000,1.100000,0.000000,0.000000,-1.571000,-0.299798,1.007561,1.065203,1.496568
9.154000,-0.000202,-0.007563,0.034797,-0.000030,-0.005645,-0.037326,-0.000000,-0.001015,1.570177,-0.300000,1.000000,1.100000,0.000000,0.000000,-1.571000,-0.299798,1.007563,1.065203,1.496569
9.156000,-0.000202,-0.007564,0.034797,-0.000030,-0.005645,-0.037326,-0.000000,-0.001015,1.570177,-0.300000,1.000000,1.100000,0.000000,0.000000,-1.571000,-0.299798,1.007564,1.065203,1.496570
9.158000,-0.000202,-0.007566,0.034797,-0.000030,-0.005645,-0.037326,-0.000000,-0.001015,1.570177,-0.300000,1.000000,1.100000,0.000000,0.000000,-1.571000,-0.299798,1.007566,1.065203,1.496571
9.160000,-0.000202,-0.007568,0.034797,-0.000030,-0.005645,-0.037326,-0.000000,-0.001015,1.570177,-0.300000,1.000000,1.100000,0.000000,0.000000,-1.571000,-0.299798,1.007568,1.065203,1.496572
9.162000,-0.000202,-0.007569,0.034797,-0.000030,-0.005645,-0.037326,-0.000000,-0.001015,1.570177,-0.300000,1.000000,1.100000,0.000000,0.000000,-1.571000,-0.299798,1.007569,1.065203,1.496573
9.164000,-0.000202,-0.007571,0.034797,-0.000030,-0.005645,-0.037326,-0.000000,-0.001015,1.570177,-0.300000,1.000000,1.100000,0.000000,0.000000,-1.571000,-0.299798,1.007571,1.065203,1.496574
9.166000,-0.000202,-0.007573,0.034797,-0.000030,-0.005645,-0.037326,-0.000000,-0.001015,1.570177,-0.300000,1.000000,1.100000,0.000000,0.000000,-1.571000,-0.299798,1.007573,1.065203,1.496576
9.168000,-0.000202,-0.007574,0.034797,-0.000030,-0.005645,-0.037326,-0.000000,-0.001015,1.570177,-0.300000,1.000000,1.100000,0.000000,0.000000,-1.571000,-0.299798,1.007574,1.065203,1.496577
9.170000,-0.000202,-0.007576,0.034797,-0.000030,-0.005645,-0.037326,-0.000000,-0.001015,1.570177,-0.300000,1.000000,1.100000,0.000000,0.000000,-1.571000,-0.299798,1.007576,1.065203,1.496578
9.172000,-0.000202,-0.007578,0.034797,-0.000030,-0.005645,-0.037326,-0.000000,-0.001015,1.570178,-0.300000,1.000000,1.100000,0.000000,0.000000,-1.571000,-0.299798,1.007578,1.065203,1.496579
9.174000,-0.000202,-0.007579,0.034797,-0.000030,-0.005645,-0.037326,-0.000000,-0.001015,1.570178,-0.300000,1.000000,1.100000,0.000000,0.000000,-1.571000,-0.299798,1.007579,1.065203,1.496580
9.176000,-0.000202,-0.007581,0.034797,-0.000030,-0.005645,-0.037326,-0.000000,-0.001015,1.570178,-0.300000,1.000000,1.100000,0.000000,0.000000,-1.571000,-0.299798,1.007581,1.065203,1.496581
9.178000,-0.000202,-0.007583,0.034797,-0.000030,-0.005645,-0.037326,-0.000000,-0.001015,1.570178,-0.300000,1.000000,1.100000,0.000000,0.000000,-1.571000,-0.299798,1.007583,1.065203,1.496582
9.180000,-0.000202,-0.007584,0.034797,-0.000030,-0.005645,-0.037326,-0.000000,-0.001015,1.570178,-0.300000,1.000000,1.100000,0.000000,0.000000,-1.571000,-0.299798,1.007584,1.065203,1.496583
9.182000,-0.000203,-0.007586,0.034797,-0.000030,-0.005645,-0.037326,-0.000000,-0.001015,1.570178,-0.300000,1.000000,1.100000,0.000000,0.000000,-1.571000,-0.299797,1.007586,1.065203,1.496585
9.184000,-0.000203,-0.007588,0.034797,-0.000030,-0.005645,-0.037326,-0.000000,-0.001015,1.570178,-0.300000,1.000000,1.100000,0.000000,0.000000,-1.571000,-0.299797,1.007588,1.065203,1.496586
9.186000,-0.000203,-0.007589,0.034797,-0.000030,-0.005645,-0.037326,-0.000000,-0.001015,1.570178,-0.300000,1.000000,1.100000,0.000000,0.000000,-1.571000,-0.299797,1.007589,1.065203,1.496587
9.188000,-0.000203,-0.007591,0.034797,-0.000030,-0.005645,-0.037326,-0.000000,-0.001015,1.570178,-0.300000,1.000000,1.100000,0.000000,0.000000,-1.571000,-0.299797,1.007591,1.065203,1.496588
9.190000,-0.000203,-0.007593,0.034797,-0.000030,-0.005645,-0.037326,-0.000000,-0.001015,1.570178,-0.300000,1.000000,1.100000,0.000000,0.000000,-1.571000,-0.299797,1.007593,1.065203,1.496589
9.192000,-0.000203,-0.007594,0.034797,-0.000030,-0.005645,-0.037326,-0.000000,-0.001015,1.570178,-0.300000,1.000000,1.100000,0.000000,0.000000,-1.571000,-0.299797,1.007594,1.065203,1.496590
9.194000,-0.000203,-0.007596,0.034797,-0.000030,-0.005645,-0.037326,-0.000000,-0.001015,1.570178,-0.300000,1.000000,1.100000,0.000000,0.000000,-1.571000,-0.299797,1.007596,1.065203,1.496591
9.196000,-0.000203,-0.007598,0.034797,-0.000030,-0.005645,-0.037326,-0.000000,-0.001015,1.570178,-0.300000,1.000000,1.100000,0.000000,0.000000,-1.571000,-0.299797,1.007598,1.065203,1.496592
9.198000,-0.000203,-0.007599,0.034797,-0.000030,-0.005645,-0.037326,-0.000000,-0.001015,1.570178,-0.300000,1.000000,1.100000,0.000000,0.000000,-1.571000,-0.299797,1.007599,1.065203,1.496593
9.200000,-0.000203,-0.007601,0.034797,-0.000030,-0.005645,-0.037326,-0.000000,-0.001015,1.570178,-0.300000,1.000000,1.100000,0.000000,0.000000,-1.571000,-0.299797,1.007601,1.065203,1.496595
9.202000,-0.000203,-0.007603,0.034797,-0.000030,-0.005645,-0.037326,-0.000000,-0.001015,1.570178,-0.300000,1.000000,1.100000,0.000000,0.000000,-1.571000,-0.299797,1.007603,1.065203,1.496596
9.204000,-0.000203,-0.007604,0.034797,-0.000030,-0.005645,-0.037326,-0.000000,-0.001015,1.570178,-0.300000,1.000000,1.100000,0.000000,0.000000,-1.571000,-0.299797,1.007604,1.065203,1.496597
9.206000,-0.000203,-0.007606,0.034797,-0.000030,-0.005645,-0.037326,-0.000000,-0.001015,1.570178,-0.300000,1.000000,1.100000,0.000000,0.000000,-1.571000,-0.299797,1.007606,1.065203,1.496598
9.208000,-0.000203,-0.007608,0.034797,-0.000030,-0.005645,-0.037326,-0.000000,-0.001015,1.570178,-0.300000,1.000000,1.100000,0.000000,0.000000,-1.571000,-0.299797,1.007608,1.065203,1.496599
9.210000,-0.000203,-0.007609,0.034797,-0.000030,-0.005645,-0.037326,-0.000000,-0.001015,1.570178,-0.300000,1.000000,1.100000,0.000000,0.000000,-1.571000,-0.299797,1.007609,1.065203,1.496600
9.212000,-0.000203,-0.007611,0.034797,-0.000030,-0.005645,-0.037326,-0.000000,-0.001015,1.570178,-0.300000,1.000000,1.100000,0.000000,0.000000,-1.571000,-0.299797,1.007611,1.065203,1.496601
9.214000,-0.000203,-0.007613,0.034797,-0.000030,-0.005645,-0.037326,-0.000000,-0.001015,1.570178,-0.300000,1.000000,1.100000,0.000000,0.000000,-1.571000,-0.299797,1.007613,1.065203,1.496602
9.216000,-0.000203,-0.007614,0.034797,-0.000030,-0.005645,-0.037326,-0.000000,-0.001015,1.570178,-0.300000,1.000000,1.100000,0.000000,0.000000,-1.571000,-0.299797,1.007614,1.065203,1.496604
9.218000,-0.000203,-0.007616,0.034797,-0.000030,-0.005645,-0.037326,-0.000000,-0.001015,1.570178,-0.300000,1.000000,1.100000,0.000000,0.000000,-1.571000,-0.299797,1.007616,1.065203,1.496605
9.220000,-0.000203,-0.007618,0.034797,-0.000030,-0.005645,-0.037326,-0.000000,-0.001015,1.570178,-0.300000,1.000000,1.100000,0.000000,0.000000,-1.571000,-0.299797,1.007618,1.065203,1.496606
9.222000,-0.000203,-0.007620,0.034797,-0.000030,-0.005645,-0.037326,-0.000000,-0.001015,1.570178,-0.300000,1.000000,1.100000,0.000000,0.000000,-1.571000,-0.299797,1.007620,1.065203,1.496607
9.224000,-0.000203,-0.007621,0.034797,-0.000030,-0.005645,-0.037326,-0.000000,-0.001015,1.570179,-0.300000,1.000000,1.100000,0.000000,0.000000,-1.571000,-0.299797,1.007621,1.065203,1.496608
9.226000,-0.000204,-0.007623,0.034797,-0.000030,-0.005645,-0.037326,-0.000000,-0.001015,1.570179,-0.300000,1.000000,1.100000,0.000000,0.000000,-1.571000,-0.299796,1.007623,1.065203,1.496609
9.228000,-0.000204,-0.007625,0.034797,-0.000030,-0.005645,-0.037326,-0.000000,-0.001015,1.570179,-0.300000,1.000000,1.100000,0.000000,0.000000,-1.571000,-0.299796,1.007625,1.065203,1.496610
9.230000,-0.000204,-0.007626,0.034797,-0.000030,-0.005645,-0.037326,-0.000000,-0.001015,1.570179,-0.300000,1.000000,1.100000,0.000000,0.000000,-1.571000,-0.299796,1.007626,1.065203,1.496611
9.232000,-0.000204,-0.007628,0.034797,-0.000030,-0.005645,-0.037326,-0.000000,-0.001015,1.570179,-0.300000,1.000000,1.100000,0.000000,0.000000,-1.571000,-0.299796,1.007628,1.065203,1.496613
9.234000,-0.000204,-0.007630,0.034797,-0.000030,-0.005645,-0.037326,-0.000000,-0.001015,1.570179,-0.300000,1.000000,1.100000,0.000000,0.000000,-1.571000,-0.299796,1.007630,1.065203,1.496614
9.236000,-0.000204,-0.007631,0.034797,-0.000030,-0.005645,-0.037326,-0.000000,-0.001015,1.570179,-0.300000,1.000000,1.100000,0.000000,0.000000,-1.571000,-0.299796,1.007631,1.065203,1.496615
9.238000,-0.000204,-0.007633,0.034797,-0.000030,-0.005645,-0.037326,-0.000000,-0.001015,1.570179,-0.300000,1.000000,1.100000,0.000000,0.000000,-1.571000,-0.299796,1.007633,1.065203,1.496616
9.240000,-0.000204,-0.007635,0.034797,-0.000030,-0.005645,-0.037326,-0.000000,-0.001015,1.570179,-0.300000,1.000000,1.100000,0.000000,0.000000,-1.571000,-0.299796,1.007635,1.065203,1.496617
9.242000,-0.000204,-0.007636,0.034797,-0.000030,-0.005645,-0.037326,-0.000000,-0.001015,1.570179,-0.300000,1.000000,1.100000,0.000000,0.000000,-1.571000,-0.299796,1.007636,1.065203,1.496618
9.244000,-0.000204,-0.007638,0.034797,-0.000030,-0.005645,-0.037326,-0.000000,-0.001015,1.570179,-0.300000,1.000000,1.100000,0.000000,0.000000,-1.571000,-0.299796,1.007638,1.065203,1.496619
9.246000,-0.000204,-0.007640,0.034797,-0.000030,-0.005645,-0.037326,-0.000000,-0.001015,1.570179,-0.300000,1.000000,1.100000,0.000000,0.000000,-1.571000,-0.299796,1.007640,1.065203,1.496620
9.248000,-0.000204,-0.007641,0.034797,-0.000030,-0.005645,-0.037326,-0.000000,-0.001015,1.570179,-0.300000,1.000000,1.100000,0.000000,0.000000,-1.571000,-0.299796,1.007641,1.065203,1.496621
9.250000,-0.000204,-0.007643,0.034797,-0.000030,-0.005645,-0.037326,-0.000000,-0.001015,1.570179,-0.300000,1.000000,1.100000,0.000000,0.000000,-1.571000,-0.299796,1.007643,1.065203,1.496623
9.252000,-0.000204,-0.007645,0.034797,-0.000030,-0.005645,-0.037326,-0.000000,-0.001015,1.570179,-0.300000,1.000000,1.100000,0.000000,0.000000,-1.571000,-0.299796,1.007645,1.065203,1.496624
9.254000,-0.000204,-0.007646,0.034797,-0.000030,-0.005645,-0.037326,-0.000000,-0.001015,1.570179,-0.300000,1.000000,1.100000,0.000000,0.000000,-1.571000,-0.299796,1.007646,1.065203,1.496625
9.256000,-0.000204,-0.007648,0.034797,-0.000030,-0.005645,-0.037326,-0.000000,-0.001015,1.570179,-0.300000,1.000000,1.100000,0.000000,0.000000,-1.571000,-0.299796,1.007648,1.065203,1.496626
9.258000,-0.000204,-0.007650,0.034797,-0.000030,-0.005645,-0.037326,-0.000000,-0.001015,1.570179,-0.300000,1.000000,1.100000,0.000000,0.000000,-1.571000,-0.299796,1.007650,1.065203,1.496627
9.260000,-0.000204,-0.007651,0.034797,-0.000030,-0.005645,-0.037326,-0.000000,-0.001015,1.570179,-0.300000,1.000000,1.100000,0.000000,0.000000,-1.571000,-0.299796,1.007651,1.065203,1.496628
9.262000,-0.000204,-0.007653,0.034797,-0.000030,-0.005645,-0.037326,-0.000000,-0.001015,1.570179,-0.300000,1.000000,1.100000,0.000000,0.000000,-1.571000,-0.299796,1.007653,1.065203,1.496629
9.264000,-0.000204,-0.007655,0.034797,-0.000030,-0.005645,-0.037326,-0.000000,-0.001015,1.570179,-0.300000,1.000000,1.100000,0.000000,0.000000,-1.571000,-0.299796,1.007655,1.065203,1.496630
9.266000,-0.000204,-0.007656,0.034797,-0.000030,-0.005645,-0.037326,-0.000000,-0.001015,1.570179,-0.300000,1.000000,1.100000,0.000000,0.000000,-1.571000,-0.299796,1.007656,1.065203,1.496632
9.268000,-0.000204,-0.007658,0.034797,-0.000030,-0.005645,-0.037326,-0.000000,-0.001015,1.570179,-0.300000,1.000000,1.100000,0.000000,0.000000,-1.571000,-0.299796,1.007658,1.065203,1.496633
9.270000,-0.000205,-0.007660,0.034797,-0.000030,-0.005645,-0.037326,-0.000000,-0.001015,1.570179,-0.300000,1.000000,1.100000,0.000000,0.000000,-1.571000,-0.299795,1.007660,1.065203,1.496634
9.272000,-0.000205,-0.007661,0.034797,-0.000030,-0.005645,-0.037326,-0.000000,-0.001015,1.570179,-0.300000,1.000000,1.100000,0.000000,0.000000,-1.571000,-0.299795,1.007661,1.065203,1.496635
9.274000,-0.000205,-0.007663,0.034797,-0.000030,-0.005645,-0.037326,-0.000000,-0.001015,1.570180,-0.300000,1.000000,1.100000,0.000000,0.000000,-1.571000,-0.299795,1.007663,1.065203,1.496636
9.276000,-0.000205,-0.007665,0.034797,-0.000030,-0.005645,-0.037326,-0.000000,-0.001015,1.570180,-0.300000,1.000000,1.100000,0.000000,0.000000,-1.571000,-0.299795,1.007665,1.065203,1.496637
9.278000,-0.000205,-0.007666,0.034797,-0.000030,-0.005645,-0.037326,-0.000000,-0.001015,1.570180,-0.300000,1.000000,1.100000,0.000000,0.000000,-1.571000,-0.299795,1.007666,1.065203,1.496638
9.280000,-0.000205,-0.007668,0.034797,-0.000030,-0.005645,-0.037326,-0.000000,-0.001015,1.570180,-0.300000,1.000000,1.100000,0.000000,0.000000,-1.571000,-0.299795,1.007668,1.065203,1.496639
9.282000,-0.000205,-0.007670,0.034797,-0.000030,-0.005645,-0.037326,-0.000000,-0.001015,1.570180,-0.300000,1.000000,1.100000,0.000000,0.000000,-1.571000,-0.299795,1.007670,1.065203,1.496640
9.284000,-0.000205,-0.007671,0.034797,-0.000030,-0.005645,-0.037326,-0.000000,-0.001015,1.570180,-0.300000,1.000000,1.100000,0.000000,0.000000,-1.571000,-0.299795,1.007671,1.065203,1.496642
9.286000,-0.000205,-0.007673,0.034797,-0.000030,-0.005645,-0.037326,-0.000000,-0.001015,1.570180,-0.300000,1.000000,1.100000,0.000000,0.000000,-1.571000,-0.299795,1.007673,1.065203,1.496643
9.288000,-0.000205,-0.007675,0.034797,-0.000030,-0.005645,-0.037326,-0.000000,-0.001015,1.570180,-0.300000,1.000000,1.100000,0.000000,0.000000,-1.571000,-0.299795,1.007675,1.065203,1.496644
9.290000,-0.000205,-0.007676,0.034797,-0.000030,-0.005645,-0.037326,-0.000000,-0.001015,1.570180,-0.300000,1.000000,1.100000,0.000000,0.000000,-1.571000,-0.299795,1.007676,1.065203,1.496645
9.292000,-0.000205,-0.007678,0.034797,-0.000030,-0.005645,-0.037326,-0.000000,-0.001015,1.570180,-0.300000,1.000000,1.100000,0.000000,0.000000,-1.571000,-0.299795,1.007678,1.065203,1.496646
9.294000,-0.000205,-0.007680,0.034797,-0.000030,-0.005645,-0.037326,-0.000000,-0.001015,1.570180,-0.300000,1.000000,1.100000,0.000000,0.000000,-1.571000,-0.299795,1.007680,1.065203,1.496647
9.296000,-0.000205,-0.007681,0.034797,-0.000030,-0.005645,-0.037326,-0.000000,-0.001015,1.570180,-0.300000,1.000000,1.100000,0.000000,0.000000,-1.571000,-0.299795,1.007681,1.065203,1.496648
9.298000,-0.000205,-0.007683,0.034797,-0.000030,-0.005645,-0.037326,-0.000000,-0.001015,1.570180,-0.300000,1.000000,1.100000,0.000000,0.000000,-1.571000,-0.299795,1.007683,1.065203,1.496649
9.300000,-0.000205,-0.007685,0.034797,-0.000030,-0.005645,-0.037326,-0.000000,-0.001015,1.570180,-0.300000,1.000000,1.100000,0.000000,0.000000,-1.571000,-0.299795,1.007685,1.065203,1.496651
9.302000,-0.000205,-0.007686,0.034797,-0.000030,-0.005645,-0.037326,-0.000000,-0.001015,1.570180,-0.300000,1.000000,1.100000,0.000000,0.000000,-1.571000,-0.299795,1.007686,1.065203,1.496652
9.304000,-0.000205,-0.007688,0.034797,-0.000030,-0.005645,-0.037326,-0.000000,-0.001015,1.570180,-0.300000,1.000000,1.100000,0.000000,0.000000,-1.571000,-0.299795,1.007688,1.065203,1.496653
9.306000,-0.000205,-0.007690,0.034797,-0.000030,-0.005645,-0.037326,-0.000000,-0.001015,1.570180,-0.300000,1.000000,1.100000,0.000000,0.000000,-1.571000,-0.299795,1.007690,1.065203,1.496654
9.308000,-0.000205,-0.007692,0.034797,-0.000030,-0.005645,-0.037326,-0.000000,-0.001015,1.570180,-0.300000,1.000000,1.100000,0.000000,0.000000,-1.571000,-0.299795,1.007692,1.065203,1.496655
9.310000,-0.000205,-0.007693,0.034797,-0.000030,-0.005645,-0.037326,-0.000000,-0.001015,1.570180,-0.300000,1.000000,1.100000,0.000000,0.000000,-1.571000,-0.299795,1.007693,1.065203,1.496656
9.312000,-0.000205,-0.007695,0.034797,-0.000030,-0.005645,-0.037326,-0.000000,-0.001015,1.570180,-0.300000,1.000000,1.100000,0.000000,0.000000,-1.571000,-0.299795,1.007695,1.065203,1.496657
9.314000,-0.000206,-0.007697,0.034797,-0.000030,-0.005645,-0.037326,-0.000000,-0.001015,1.570180,-0.300000,1.000000,1.100000,0.000000,0.000000,-1.571000,-0.299794,1.007697,1.065203,1.496658
9.316000,-0.000206,-0.007698,0.034797,-0.000030,-0.005645,-0.037326,-0.000000,-0.001015,1.570180,-0.300000,1.000000,1.100000,0.000000,0.000000,-1.571000,-0.299794,1.007698,1.065203,1.496659
9.318000,-0.000206,-0.007700,0.034797,-0.000030,-0.005645,-0.037326,-0.000000,-0.001015,1.570180,-0.300000,1.000000,1.100000,0.000000,0.000000,-1.571000,-0.299794,1.007700,1.065203,1.496661
9.320000,-0.000206,-0.007702,0.034797,-0.000030,-0.005645,-0.037326,-0.000000,-0.001015,1.570180,-0.300000,1.000000,1.100000,0.000000,0.000000,-1.571000,-0.299794,1.007702,1.065203,1.496662
9.322000,-0.000206,-0.007703,0.034797,-0.000030,-0.005645,-0.037326,-0.000000,-0.001015,1.570180,-0.300000,1.000000,1.100000,0.000000,0.000000,-1.571000,-0.299794,1.007703,1.065203,1.496663
9.324000,-0.000206,-0.007705,0.034797,-0.000030,-0.005645,-0.037326,-0.000000,-0.001015,1.570180,-0.300000,1.000000,1.100000,0.000000,0.000000,-1.571000,-0.299794,1.007705,1.065203,1.496664
9.326000,-0.000206,-0.007707,0.034797,-0.000030,-0.005645,-0.037326,-0.000000,-0.001015,1.570181,-0.300000,1.000000,1.100000,0.000000,0.000000,-1.571000,-0.299794,1.007707,1.065203,1.496665
9.328000,-0.000206,-0.007708,0.034797,-0.000030,-0.005645,-0.037326,-0.000000,-0.001015,1.570181,-0.300000,1.000000,1.100000,0.000000,0.000000,-1.571000,-0.299794,1.007708,1.065203,1.496666
9.330000,-0.000206,-0.007710,0.034797,-0.000030,-0.005645,-0.037326,-0.000000,-0.001015,1.570181,-0.300000,1.000000,1.100000,0.000000,0.000000,-1.571000,-0.299794,1.007710,1.065203,1.496667
9.332000,-0.000206,-0.007712,0.034797,-0.000030,-0.005645,-0.037326,-0.000000,-0.001015,1.570181,-0.300000,1.000000,1.100000,0.000000,0.000000,-1.571000,-0.299794,1.007712,1.065203,1.496668
9.334000,-0.000206,-0.007713,0.034797,-0.000030,-0.005645,-0.037326,-0.000000,-0.001015,1.570181,-0.300000,1.000000,1.100000,0.000000,0.000000,-1.571000,-0.299794,1.007713,1.065203,1.496670
9.336000,-0.000206,-0.007715,0.034797,-0.000030,-0.005645,-0.037326,-0.000000,-0.001015,1.570181,-0.300000,1.000000,1.100000,0.000000,0.000000,-1.571000,-0.299794,1.007715,1.065203,1.496671
9.338000,-0.000206,-0.007717,0.034797,-0.000030,-0.005645,-0.037326,-0.000000,-0.001015,1.570181,-0.300000,1.000000,1.100000,0.000000,0.000000,-1.571000,-0.299794,1.007717,1.065203,1.496672
9.340000,-0.000206,-0.007718,0.034797,-0.000030,-0.005645,-0.037326,-0.000000,-0.001015,1.570181,-0.300000,1.000000,1.100000,0.000000,0.000000,-1.571000,-0.299794,1.007718,1.065203,1.496673
9.342000,-0.000206,-0.007720,0.034797,-0.000030,-0.005645,-0.037326,-0.000000,-0.001015,1.570181,-0.300000,1.000000,1.100000,0.000000,0.000000,-1.571000,-0.299794,1.007720,1.065203,1.496674
9.344000,-0.000206,-0.007722,0.034797,-0.000030,-0.005645,-0.037326,-0.000000,-0.001015,1.570181,-0.300000,1.000000,1.100000,0.000000,0.000000,-1.571000,-0.299794,1.007722,1.065203,1.496675
9.346000,-0.000206,-0.007723,0.034797,-0.000030,-0.005645,-0.037326,-0.000000,-0.001015,1.570181,-0.300000,1.000000,1.100000,0.000000,0.000000,-1.571000,-0.299794,1.007723,1.065203,1.496676
9.348000,-0.000206,-0.007725,0.034797,-0.000030,-0.005645,-0.037326,-0.000000,-0.001015,1.570181,-0.300000,1.000000,1.100000,0.000000,0.000000,-1.571000,-0.299794,1.007725,1.065203,1.496677
9.350000,-0.000206,-0.007727,0.034797,-0.000030,-0.005645,-0.037326,-0.000000,-0.001015,1.570181,-0.300000,1.000000,1.100000,0.000000,0.000000,-1.571000,-0.299794,1.007727,1.065203,1.496678
9.352000,-0.000206,-0.007728,0.034797,-0.000030,-0.005645,-0.037326,-0.000000,-0.001015,1.570181,-0.300000,1.000000,1.100000,0.000000,0.000000,-1.571000,-0.299794,1.007728,1.065203,1.496680
9.354000,-0.000206,-0.007730,0.034797,-0.000030,-0.005645,-0.037326,-0.000000,-0.001015,1.570181,-0.300000,1.000000,1.100000,0.000000,0.000000,-1.571000,-0.299794,1.007730,1.065203,1.496681
9.356000,-0.000206,-0.007732,0.034797,-0.000030,-0.005645,-0.037326,-0.000000,-0.001015,1.570181,-0.300000,1.000000,1.100000,0.000000,0.000000,-1.571000,-0.299794,1.007732,1.065203,1.496682
9.358000,-0.000207,-0.007733,0.034797,-0.000030,-0.005645,-0.037326,-0.000000,-0.001015,1.570181,-0.300000,1.000000,1.100000,0.000000,0.000000,-1.571000,-0.299793,1.007733,1.065203,1.496683
9.360000,-0.000207,-0.007735,0.034797,-0.000030,-0.005645,-0.037326,-0.000000,-0.001015,1.570181,-0.300000,1.000000,1.100000,0.000000,0.000000,-1.571000,-0.299793,1.007735,1.065203,1.496684
9.362000,-0.000207,-0.007737,0.034797,-0.000030,-0.005645,-0.037326,-0.000000,-0.001015,1.570181,-0.300000,1.000000,1.100000,0.000000,0.000000,-1.571000,-0.299793,1.007737,1.065203,1.496685
9.364000,-0.000207,-0.007738,0.034797,-0.000030,-0.005645,-0.037326,-0.000000,-0.001015,1.570181,-0.300000,1.000000,1.100000,0.000000,0.000000,-1.571000,-0.299793,1.007738,1.065203,1.496686
9.366000,-0.000207,-0.007740,0.034797,-0.000030,-0.005645,-0.037326,-0.000000,-0.001015,1.570181,-0.300000,1.000000,1.100000,0.000000,0.000000,-1.571000,-0.299793,1.007740,1.065203,1.496687
9.368000,-0.000207,-0.007742,0.034797,-0.000030,-0.005645,-0.037326,-0.000000,-0.001015,1.570181,-0.300000,1.000000,1.100000,0.000000,0.000000,-1.571000,-0.299793,1.007742,1.065203,1.496689
9.370000,-0.000207,-0.007743,0.034797,-0.000030,-0.005645,-0.037326,-0.000000,-0.001015,1.570181,-0.300000,1.000000,1.100000,0.000000,0.000000,-1.571000,-0.299793,1.007743,1.065203,1.496690
9.372000,-0.000207,-0.007745,0.034797,-0.000030,-0.005645,-0.037326,-0.000000,-0.001015,1.570181,-0.300000,1.000000,1.100000,0.000000,0.000000,-1.571000,-0.299793,1.007745,1.065203,1.496691
9.374000,-0.000207,-0.007747,0.034797,-0.000030,-0.005645,-0.037326,-0.000000,-0.001015,1.570181,-0.300000,1.000000,1.100000,0.000000,0.000000,-1.571000,-0.299793,1.007747,1.065203,1.496692
9.376000,-0.000207,-0.007748,0.034797,-0.000030,-0.005645,-0.037326,-0.000000,-0.001015,1.570182,-0.300000,1.000000,1.100000,0.000000,0.000000,-1.571000,-0.299793,1.007748,1.065203,1.496693
9.378000,-0.000207,-0.007750,0.034797,-0.000030,-0.005645,-0.037326,-0.000000,-0.001015,1.570182,-0.300000,1.000000,1.100000,0.000000,0.000000,-1.571000,-0.299793,1.007750,1.065203,1.496694
9.380000,-0.000207,-0.007752,0.034797,-0.000030,-0.005645,-0.037326,-0.000000,-0.001015,1.570182,-0.300000,1.000000,1.100000,0.000000,0.000000,-1.571000,-0.299793,1.007752,1.065203,1.496695
9.382000,-0.000207,-0.007753,0.034797,-0.000030,-0.005645,-0.037326,-0.000000,-0.001015,1.570182,-0.300000,1.000000,1.100000,0.000000,0.000000,-1.571000,-0.299793,1.007753,1.065203,1.496696
9.384000,-0.000207,-0.007755,0.034797,-0.000030,-0.005645,-0.037326,-0.000000,-0.001015,1.570182,-0.300000,1.000000,1.100000,0.000000,0.000000,-1.571000,-0.299793,1.007755,1.065203,1.496698
9.386000,-0.000207,-0.007757,0.034797,-0.000030,-0.005645,-0.037326,-0.000000,-0.001015,1.570182,-0.300000,1.000000,1.100000,0.000000,0.000000,-1.571000,-0.299793,1.007757,1.065203,1.496699
9.388000,-0.000207,-0.007759,0.034797,-0.000030,-0.005645,-0.037326,-0.000000,-0.001015,1.570182,-0.300000,1.000000,1.100000,0.000000,0.000000,-1.571000,-0.299793,1.007759,1.065203,1.496700
9.390000,-0.000207,-0.007760,0.034797,-0.000030,-0.005645,-0.037326,-0.000000,-0.001015,1.570182,-0.300000,1.000000,1.100000,0.000000,0.000000,-1.571000,-0.299793,1.007760,1.065203,1.496701
9.392000,-0.000207,-0.007762,0.034797,-0.000030,-0.005645,-0.037326,-0.000000,-0.001015,1.570182,-0.300000,1.000000,1.100000,0.000000,0.000000,-1.571000,-0.299793,1.007762,1.065203,1.496702
9.394000,-0.000207,-0.007764,0.034797,-0.000030,-0.005645,-0.037326,-0.000000,-0.001015,1.570182,-0.300000,1.000000,1.100000,0.000000,0.000000,-1.571000,-0.299793,1.007764,1.065203,1.496703
9.396000,-0.000207,-0.007765,0.034797,-0.000030,-0.005645,-0.037326,-0.000000,-0.001015,1.570182,-0.300000,1.000000,1.100000,0.000000,0.000000,-1.571000,-0.299793,1.007765,1.065203,1.496704
9.398000,-0.000207,-0.007767,0.034797,-0.000030,-0.005645,-0.037326,-0.000000,-0.001015,1.570182,-0.300000,1.000000,1.100000,0.000000,0.000000,-1.571000,-0.299793,1.007767,1.065203,1.496705
9.400000,-0.000207,-0.007769,0.034797,-0.000030,-0.005645,-0.037326,-0.000000,-0.001015,1.570182,-0.300000,1.000000,1.100000,0.000000,0.000000,-1.571000,-0.299793,1.007769,1.065203,1.496706
9.402000,-0.000208,-0.007770,0.034797,-0.000030,-0.005645,-0.037326,-0.000000,-0.001015,1.570182,-0.300000,1.000000,1.100000,0.000000,0.000000,-1.571000,-0.299792,1.007770,1.065203,1.496708
9.404000,-0.000208,-0.007772,0.034797,-0.000030,-0.005645,-0.037326,-0.000000,-0.001015,1.570182,-0.300000,1.000000,1.100000,0.000000,0.000000,-1.571000,-0.299792,1.007772,1.065203,1.496709
9.406000,-0.000208,-0.007774,0.034797,-0.000030,-0.005645,-0.037326,-0.000000,-0.001015,1.570182,-0.300000,1.000000,1.100000,0.000000,0.000000,-1.571000,-0.299792,1.007774,1.065203,1.496710
9.408000,-0.000208,-0.007775,0.034797,-0.000030,-0.005645,-0.037326,-0.000000,-0.001015,1.570182,-0.300000,1.000000,1.100000,0.000000,0.000000,-1.571000,-0.299792,1.007775,1.065203,1.496711
9.410000,-0.000208,-0.007777,0.034797,-0.000030,-0.005645,-0.037326,-0.000000,-0.001015,1.570182,-0.300000,1.000000,1.100000,0.000000,0.000000,-1.571000,-0.299792,1.007777,1.065203,1.496712
9.412000,-0.000208,-0.007779,0.034797,-0.000030,-0.005645,-0.037326,-0.000000,-0.001015,1.570182,-0.300000,1.000000,1.100000,0.000000,0.000000,-1.571000,-0.299792,1.007779,1.065203,1.496713
9.414000,-0.000208,-0.007780,0.034797,-0.000030,-0.005645,-0.037326,-0.000000,-0.001015,1.570182,-0.300000,1.000000,1.100000,0.000000,0.000000,-1.571000,-0.299792,1.007780,1.065203,1.496714
9.416000,-0.000208,-0.007782,0.034797,-0.000030,-0.005645,-0.037326,-0.000000,-0.001015,1.570182,-0.300000,1.000000,1.100000,0.000000,0.000000,-1.571000,-0.299792,1.007782,1.065203,1.496715
9.418000,-0.000208,-0.007784,0.034797,-0.000030,-0.005645,-0.037326,-0.000000,-0.001015,1.570182,-0.300000,1.000000,1.100000,0.000000,0.000000,-1.571000,-0.299792,1.007784,1.065203,1.496717
9.420000,-0.000208,-0.007785,0.034797,-0.000030,-0.005645,-0.037326,-0.000000,-0.001015,1.570182,-0.300000,1.000000,1.100000,0.000000,0.000000,-1.571000,-0.299792,1.007785,1.065203,1.496718
9.422000,-0.000208,-0.007787,0.034797,-0.000030,-0.005645,-0.037326,-0.000000,-0.001015,1.570182,-0.300000,1.000000,1.100000,0.000000,0.000000,-1.571000,-0.299792,1.007787,1.065203,1.496719
9.424000,-0.000208,-0.007789,0.034797,-0.000030,-0.005645,-0.037326,-0.000000,-0.001015,1.570182,-0.300000,1.000000,1.100000,0.000000,0.000000,-1.571000,-0.299792,1.007789,1.065203,1.496720
9.426000,-0.000208,-0.007790,0.034797,-0.000030,-0.005645,-0.037326,-0.000000,-0.001015,1.570182,-0.300000,1.000000,1.100000,0.000000,0.000000,-1.571000,-0.299792,1.007790,1.065203,1.496721
9.428000,-0.000208,-0.007792,0.034797,-0.000030,-0.005645,-0.037326,-0.000000,-0.001015,1.570183,-0.300000,1.000000,1.100000,0.000000,0.000000,-1.571000,-0.299792,1.007792,1.065203,1.496722
9.430000,-0.000208,-0.007794,0.034797,-0.000030,-0.005645,-0.037326,-0.000000,-0.001015,1.570183,-0.300000,1.000000,1.100000,0.000000,0.000000,-1.571000,-0.299792,1.007794,1.065203,1.496723
9.432000,-0.000208,-0.007795,0.034797,-0.000030,-0.005645,-0.037326,-0.000000,-0.001015,1.570183,-0.300000,1.000000,1.100000,0.000000,0.000000,-1.571000,-0.299792,1.007795,1.065203,1.496724
9.434000,-0.000208,-0.007797,0.034797,-0.000030,-0.005645,-0.037326,-0.000000,-0.001015,1.570183,-0.300000,1.000000,1.100000,0.000000,0.000000,-1.571000,-0.299792,1.007797,1.065203,1.496725
9.436000,-0.000208,-0.007799,0.034797,-0.000030,-0.005645,-0.037326,-0.000000,-0.001015,1.570183,-0.300000,1.000000,1.100000,0.000000,0.000000,-1.571000,-0.299792,1.007799,1.065203,1.496727
9.438000,-0.000208,-0.007800,0.034797,-0.000030,-0.005645,-0.037326,-0.000000,-0.001015,1.570183,-0.300000,1.000000,1.100000,0.000000,0.000000,-1.571000,-0.299792,1.007800,1.065203,1.496728
9.440000,-0.000208,-0.007802,0.034797,-0.000030,-0.005645,-0.037326,-0.000000,-0.001015,1.570183,-0.300000,1.000000,1.100000,0.000000,0.000000,-1.571000,-0.299792,1.007802,1.065203,1.496729
9.442000,-0.000208,-0.007804,0.034797,-0.000030,-0.005645,-0.037326,-0.000000,-0.001015,1.570183,-0.300000,1.000000,1.100000,0.000000,0.000000,-1.571000,-0.299792,1.007804,1.065203,1.496730
9.444000,-0.000208,-0.007805,0.034797,-0.000030,-0.005645,-0.037326,-0.000000,-0.001015,1.570183,-0.300000,1.000000,1.100000,0.000000,0.000000,-1.571000,-0.299792,1.007805,1.065203,1.496731
9.446000,-0.000209,-0.007807,0.034797,-0.000030,-0.005645,-0.037326,-0.000000,-0.001015,1.570183,-0.300000,1.000000,1.100000,0.000000,0.000000,-1.571000,-0.299791,1.007807,1.065203,1.496732
9.448000,-0.000209,-0.007809,0.034797,-0.000030,-0.005645,-0.037326,-0.000000,-0.001015,1.570183,-0.300000,1.000000,1.100000,0.000000,0.000000,-1.571000,-0.299791,1.007809,1.065203,1.496733
9.450000,-0.000209,-0.007810,0.034797,-0.000030,-0.005645,-0.037326,-0.000000,-0.001015,1.570183,-0.300000,1.000000,1.100000,0.000000,0.000000,-1.571000,-0.299791,1.007810,1.065203,1.496734
9.452000,-0.000209,-0.007812,0.034797,-0.000030,-0.005645,-0.037326,-0.000000,-0.001015,1.570183,-0.300000,1.000000,1.100000,0.000000,0.000000,-1.571000,-0.299791,1.007812,1.065203,1.496736
9.454000,-0.000209,-0.007814,0.034797,-0.000030,-0.005645,-0.037326,-0.000000,-0.001015,1.570183,-0.300000,1.000000,1.100000,0.000000,0.000000,-1.571000,-0.299791,1.007814,1.065203,1.496737
9.456000,-0.000209,-0.007815,0.034797,-0.000030,-0.005645,-0.037326,-0.000000,-0.001015,1.570183,-0.300000,1.000000,1.100000,0.000000,0.000000,-1.571000,-0.299791,1.007815,1.065203,1.496738
9.458000,-0.000209,-0.007817,0.034797,-0.000030,-0.005645,-0.037326,-0.000000,-0.001015,1.570183,-0.300000,1.000000,1.100000,0.000000,0.000000,-1.571000,-0.299791,1.007817,1.065203,1.496739
9.460000,-0.000209,-0.007819,0.034797,-0.000030,-0.005645,-0.037326,-0.000000,-0.001015,1.570183,-0.300000,1.000000,1.100000,0.000000,0.000000,-1.571000,-0.299791,1.007819,1.065203,1.496740
9.462000,-0.000209,-0.007820,0.034797,-0.000030,-0.005645,-0.037326,-0.000000,-0.001015,1.570183,-0.300000,1.000000,1.100000,0.000000,0.000000,-1.571000,-0.299791,1.007820,1.065203,1.496741
9.464000,-0.000209,-0.007822,0.034797,-0.000030,-0.005645,-0.037326,-0.000000,-0.001015,1.570183,-0.300000,1.000000,1.100000,0.000000,0.000000,-1.571000,-0.299791,1.007822,1.065203,1.496742
9.466000,-0.000209,-0.007824,0.034797,-0.000030,-0.005645,-0.037326,-0.000000,-0.001015,1.570183,-0.300000,1.000000,1.100000,0.000000,0.000000,-1.571000,-0.299791,1.007824,1.065203,1.496743
9.468000,-0.000209,-0.007825,0.034797,-0.000030,-0.005645,-0.037326,-0.000000,-0.001015,1.570183,-0.300000,1.000000,1.100000,0.000000,0.000000,-1.571000,-0.299791,1.007825,1.065203,1.496744
9.470000,-0.000209,-0.007827,0.034797,-0.000030,-0.005645,-0.037326,-0.000000,-0.001015,1.570183,-0.300000,1.000000,1.100000,0.000000,0.000000,-1.571000,-0.299791,1.007827,1.065203,1.496746
9.472000,-0.000209,-0.007829,0.034797,-0.000030,-0.005645,-0.037326,-0.000000,-0.001015,1.570183,-0.300000,1.000000,1.100000,0.000000,0.000000,-1.571000,-0.299791,1.007829,1.065203,1.496747
9.474000,-0.000209,-0.007831,0.034797,-0.000030,-0.005645,-0.037326,-0.000000,-0.001015,1.570183,-0.300000,1.000000,1.100000,0.000000,0.000000,-1.571000,-0.299791,1.007831,1.065203,1.496748
9.476000,-0.000209,-0.007832,0.034797,-0.000030,-0.005645,-0.037326,-0.000000,-0.001015,1.570183,-0.300000,1.000000,1.100000,0.000000,0.000000,-1.571000,-0.299791,1.007832,1.065203,1.496749
9.478000,-0.000209,-0.007834,0.034797,-0.000030,-0.005645,-0.037326,-0.000000,-0.001015,1.570184,-0.300000,1.000000,1.100000,0.000000,0.000000,-1.571000,-0.299791,1.007834,1.065203,1.496750
9.480000,-0.000209,-0.007836,0.034797,-0.000030,-0.005645,-0.037326,-0.000000,-0.001015,1.570184,-0.300000,1.000000,1.100000,0.000000,0.000000,-1.571000,-0.299791,1.007836,1.065203,1.496751
9.482000,-0.000209,-0.007837,0.034797,-0.000030,-0.005645,-0.037326,-0.000000,-0.001015,1.570184,-0.300000,1.000000,1.100000,0.000000,0.000000,-1.571000,-0.299791,1.007837,1.065203,1.496752
9.484000,-0.000209,-0.007839,0.034797,-0.000030,-0.005645,-0.037326,-0.000000,-0.001015,1.570184,-0.300000,1.000000,1.100000,0.000000,0.000000,-1.571000,-0.299791,1.007839,1.065203,1.496753
9.486000,-0.000209,-0.007841,0.034797,-0.000030,-0.005645,-0.037326,-0.000000,-0.001015,1.570184,-0.300000,1.000000,1.100000,0.000000,0.000000,-1.571000,-0.299791,1.007841,1.065203,1.496755
9.488000,-0.000209,-0.007842,0.034797,-0.000030,-0.005645,-0.037326,-0.000000,-0.001015,1.570184,-0.300000,1.000000,1.100000,0.000000,0.000000,-1.571000,-0.299791,1.007842,1.065203,1.496756
9.490000,-0.000209,-0.007844,0.034797,-0.000030,-0.005645,-0.037326,-0.000000,-0.001015,1.570184,-0.300000,1.000000,1.100000,0.000000,0.000000,-1.571000,-0.299791,1.007844,1.065203,1.496757
9.492000,-0.000210,-0.007846,0.034797,-0.000030,-0.005645,-0.037326,-0.000000,-0.001015,1.570184,-0.300000,1.000000,1.100000,0.000000,0.000000,-1.571000,-0.299790,1.007846,1.065203,1.496758
9.494000,-0.000210,-0.007847,0.034797,-0.000030,-0.005645,-0.037326,-0.000000,-0.001015,1.570184,-0.300000,1.000000,1.100000,0.000000,0.000000,-1.571000,-0.299790,1.007847,1.065203,1.496759
9.496000,-0.000210,-0.007849,0.034797,-0.000030,-0.005645,-0.037326,-0.000000,-0.001015,1.570184,-0.300000,1.000000,1.100000,0.000000,0.000000,-1.571000,-0.299790,1.007849,1.065203,1.496760
9.498000,-0.000210,-0.007851,0.034797,-0.000030,-0.005645,-0.037326,-0.000000,-0.001015,1.570184,-0.300000,1.000000,1.100000,0.000000,0.000000,-1.571000,-0.299790,1.007851,1.065203,1.496761
9.500000,-0.000210,-0.007852,0.034797,-0.000030,-0.005645,-0.037326,-0.000000,-0.001015,1.570184,-0.300000,1.000000,1.100000,0.000000,0.000000,-1.571000,-0.299790,1.007852,1.065203,1.496762
9.502000,-0.000210,-0.007854,0.034797,-0.000030,-0.005645,-0.037326,-0.000000,-0.001015,1.570184,-0.300000,1.000000,1.100000,0.000000,0.000000,-1.571000,-0.299790,1.007854,1.065203,1.496764
9.504000,-0.000210,-0.007856,0.034797,-0.000030,-0.005645,-0.037326,-0.000000,-0.001015,1.570184,-0.300000,1.000000,1.100000,0.000000,0.000000,-1.571000,-0.299790,1.007856,1.065203,1.496765
9.506000,-0.000210,-0.007857,0.034797,-0.000030,-0.005645,-0.037326,-0.000000,-0.001015,1.570184,-0.300000,1.000000,1.100000,0.000000,0.000000,-1.571000,-0.299790,1.007857,1.065203,1.496766
9.508000,-0.000210,-0.007859,0.034797,-0.000030,-0.005645,-0.037326,-0.000000,-0.001015,1.570184,-0.300000,1.000000,1.100000,0.000000,0.000000,-1.571000,-0.299790,1.007859,1.065203,1.496767
9.510000,-0.000210,-0.007861,0.034797,-0.000030,-0.005645,-0.037326,-0.000000,-0.001015,1.570184,-0.300000,1.000000,1.100000,0.000000,0.000000,-1.571000,-0.299790,1.007861,1.065203,1.496768
9.512000,-0.000210,-0.007862,0.034797,-0.000030,-0.005645,-0.037326,-0.000000,-0.001015,1.570184,-0.300000,1.000000,1.100000,0.000000,0.000000,-1.571000,-0.299790,1.007862,1.065203,1.496769
9.514000,-0.000210,-0.007864,0.034797,-0.000030,-0.005645,-0.037326,-0.000000,-0.001015,1.570184,-0.300000,1.000000,1.100000,0.000000,0.000000,-1.571000,-0.299790,1.007864,1.065203,1.496770
9.516000,-0.000210,-0.007866,0.034797,-0.000030,-0.005645,-0.037326,-0.000000,-0.001015,1.570184,-0.300000,1.000000,1.100000,0.000000,0.000000,-1.571000,-0.299790,1.007866,1.065203,1.496771
9.518000,-0.000210,-0.007867,0.034797,-0.000030,-0.005645,-0.037326,-0.000000,-0.001015,1.570184,-0.300000,1.000000,1.100000,0.000000,0.000000,-1.571000,-0.299790,1.007867,1.065203,1.496772
9.520000,-0.000210,-0.007869,0.034797,-0.000030,-0.005645,-0.037326,-0.000000,-0.001015,1.570184,-0.300000,1.000000,1.100000,0.000000,0.000000,-1.571000,-0.299790,1.007869,1.065203,1.496774
9.522000,-0.000210,-0.007871,0.034797,-0.000030,-0.005645,-0.037326,-0.000000,-0.001015,1.570184,-0.300000,1.000000,1.100000,0.000000,0.000000,-1.571000,-0.299790,1.007871,1.065203,1.496775
9.524000,-0.000210,-0.007872,0.034797,-0.000030,-0.005645,-0.037326,-0.000000,-0.001015,1.570184,-0.300000,1.000000,1.100000,0.000000,0.000000,-1.571000,-0.299790,1.007872,1.065203,1.496776
9.526000,-0.000210,-0.007874,0.034797,-0.000030,-0.005645,-0.037326,-0.000000,-0.001015,1.570184,-0.300000,1.000000,1.100000,0.000000,0.000000,-1.571000,-0.299790,1.007874,1.065203,1.496777
9.528000,-0.000210,-0.007876,0.034797,-0.000030,-0.005645,-0.037326,-0.000000,-0.001015,1.570184,-0.300000,1.000000,1.100000,0.000000,0.000000,-1.571000,-0.299790,1.007876,1.065203,1.496778
9.530000,-0.000210,-0.007877,0.034797,-0.000030,-0.005645,-0.037326,-0.000000,-0.001015,1.570185,-0.300000,1.000000,1.100000,0.000000,0.000000,-1.571000,-0.299790,1.007877,1.065203,1.496779
9.532000,-0.000210,-0.007879,0.034797,-0.000030,-0.005645,-0.037326,-0.000000,-0.001015,1.570185,-0.300000,1.000000,1.100000,0.000000,0.000000,-1.571000,-0.299790,1.007879,1.065203,1.496780
9.534000,-0.000210,-0.007881,0.034797,-0.000030,-0.005645,-0.037326,-0.000000,-0.001015,1.570185,-0.300000,1.000000,1.100000,0.000000,0.000000,-1.571000,-0.299790,1.007881,1.065203,1.496781
9.536000,-0.000211,-0.007882,0.034797,-0.000030,-0.005645,-0.037326,-0.000000,-0.001015,1.570185,-0.300000,1.000000,1.100000,0.000000,0.000000,-1.571000,-0.299789,1.007882,1.065203,1.496783
9.538000,-0.000211,-0.007884,0.034797,-0.000030,-0.005645,-0.037326,-0.000000,-0.001015,1.570185,-0.300000,1.000000,1.100000,0.000000,0.000000,-1.571000,-0.299789,1.007884,1.065203,1.496784
9.540000,-0.000211,-0.007886,0.034797,-0.000030,-0.005645,-0.037326,-0.000000,-0.001015,1.570185,-0.300000,1.000000,1.100000,0.000000,0.000000,-1.571000,-0.299789,1.007886,1.065203,1.496785
9.542000,-0.000211,-0.007887,0.034797,-0.000030,-0.005645,-0.037326,-0.000000,-0.001015,1.570185,-0.300000,1.000000,1.100000,0.000000,0.000000,-1.571000,-0.299789,1.007887,1.065203,1.496786
9.544000,-0.000211,-0.007889,0.034797,-0.000030,-0.005645,-0.037326,-0.000000,-0.001015,1.570185,-0.300000,1.000000,1.100000,0.000000,0.000000,-1.571000,-0.299789,1.007889,1.065203,1.496787
9.546000,-0.000211,-0.007891,0.034797,-0.000030,-0.005645,-0.037326,-0.000000,-0.001015,1.570185,-0.300000,1.000000,1.100000,0.000000,0.000000,-1.571000,-0.299789,1.007891,1.065203,1.496788
9.548000,-0.000211,-0.007892,0.034797,-0.000030,-0.005645,-0.037326,-0.000000,-0.001015,1.570185,-0.300000,1.000000,1.100000,0.000000,0.000000,-1.571000,-0.299789,1.007892,1.065203,1.496789
9.550000,-0.000211,-0.007894,0.034797,-0.000030,-0.005645,-0.037326,-0.000000,-0.001015,1.570185,-0.300000,1.000000,1.100000,0.000000,0.000000,-1.571000,-0.299789,1.007894,1.065203,1.496790
9.552000,-0.000211,-0.007896,0.034797,-0.000030,-0.005645,-0.037326,-0.000000,-0.001015,1.570185,-0.300000,1.000000,1.100000,0.000000,0.000000,-1.571000,-0.299789,1.007896,1.065203,1.496791
9.554000,-0.000211,-0.007898,0.034797,-0.000030,-0.005645,-0.037326,-0.000000,-0.001015,1.570185,-0.300000,1.000000,1.100000,0.000000,0.000000,-1.571000,-0.299789,1.007898,1.065203,1.496793
9.556000,-0.000211,-0.007899,0.034797,-0.000030,-0.005645,-0.037326,-0.000000,-0.001015,1.570185,-0.300000,1.000000,1.100000,0.000000,0.000000,-1.571000,-0.299789,1.007899,1.065203,1.496794
9.558000,-0.000211,-0.007901,0.034797,-0.000030,-0.005645,-0.037326,-0.000000,-0.001015,1.570185,-0.300000,1.000000,1.100000,0.000000,0.000000,-1.571000,-0.299789,1.007901,1.065203,1.496795
9.560000,-0.000211,-0.007903,0.034797,-0.000030,-0.005645,-0.037326,-0.000000,-0.001015,1.570185,-0.300000,1.000000,1.100000,0.000000,0.000000,-1.571000,-0.299789,1.007903,1.065203,1.496796
9.562000,-0.000211,-0.007904,0.034797,-0.000030,-0.005645,-0.037326,-0.000000,-0.001015,1.570185,-0.300000,1.000000,1.100000,0.000000,0.000000,-1.571000,-0.299789,1.007904,1.065203,1.496797
9.564000,-0.000211,-0.007906,0.034797,-0.000030,-0.005645,-0.037326,-0.000000,-0.001015,1.570185,-0.300000,1.000000,1.100000,0.000000,0.000000,-1.571000,-0.299789,1.007906,1.065203,1.496798
9.566000,-0.000211,-0.007908,0.034797,-0.000030,-0.005645,-0.037326,-0.000000,-0.001015,1.570185,-0.300000,1.000000,1.100000,0.000000,0.000000,-1.571000,-0.299789,1.007908,1.065203,1.496799
9.568000,-0.000211,-0.007909,0.034797,-0.000030,-0.005645,-0.037326,-0.000000,-0.001015,1.570185,-0.300000,1.000000,1.100000,0.000000,0.000000,-1.571000,-0.299789,1.007909,1.065203,1.496800
9.570000,-0.000211,-0.007911,0.034797,-0.000030,-0.005645,-0.037326,-0.000000,-0.001015,1.570185,-0.300000,1.000000,1.100000,0.000000,0.000000,-1.571000,-0.299789,1.007911,1.065203,1.496802
9.572000,-0.000211,-0.007913,0.034797,-0.000030,-0.005645,-0.037326,-0.000000,-0.001015,1.570185,-0.300000,1.000000,1.100000,0.000000,0.000000,-1.571000,-0.299789,1.007913,1.065203,1.496803
9.574000,-0.000211,-0.007914,0.034797,-0.000030,-0.005645,-0.037326,-0.000000,-0.001015,1.570185,-0.300000,1.000000,1.100000,0.000000,0.000000,-1.571000,-0.299789,1.007914,1.065203,1.496804
9.576000,-0.000211,-0.007916,0.034797,-0.000030,-0.005645,-0.037326,-0.000000,-0.001015,1.570185,-0.300000,1.000000,1.100000,0.000000,0.000000,-1.571000,-0.299789,1.007916,1.065203,1.496805
9.578000,-0.000211,-0.007918,0.034797,-0.000030,-0.005645,-0.037326,-0.000000,-0.001015,1.570185,-0.300000,1.000000,1.100000,0.000000,0.000000,-1.571000,-0.299789,1.007918,1.065203,1.496806
9.580000,-0.000212,-0.007919,0.034797,-0.000030,-0.005645,-0.037326,-0.000000,-0.001015,1.570186,-0.300000,1.000000,1.100000,0.000000,0.000000,-1.571000,-0.299788,1.007919,1.065203,1.496807
9.582000,-0.000212,-0.007921,0.034797,-0.000030,-0.005645,-0.037326,-0.000000,-0.001015,1.570186,-0.300000,1.000000,1.100000,0.000000,0.000000,-1.571000,-0.299788,1.007921,1.065203,1.496808
9.584000,-0.000212,-0.007923,0.034797,-0.000030,-0.005645,-0.037326,-0.000000,-0.001015,1.570186,-0.300000,1.000000,1.100000,0.000000,0.000000,-1.571000,-0.299788,1.007923,1.065203,1.496809
9.586000,-0.000212,-0.007924,0.034797,-0.000030,-0.005645,-0.037326,-0.000000,-0.001015,1.570186,-0.300000,1.000000,1.100000,0.000000,0.000000,-1.571000,-0.299788,1.007924,1.065203,1.496810
9.588000,-0.000212,-0.007926,0.034797,-0.000030,-0.005645,-0.037326,-0.000000,-0.001015,1.570186,-0.300000,1.000000,1.100000,0.000000,0.000000,-1.571000,-0.299788,1.007926,1.065203,1.496812
9.590000,-0.000212,-0.007928,0.034797,-0.000030,-0.005645,-0.037326,-0.000000,-0.001015,1.570186,-0.300000,1.000000,1.100000,0.000000,0.000000,-1.571000,-0.299788,1.007928,1.065203,1.496813
9.592000,-0.000212,-0.007929,0.034797,-0.000030,-0.005645,-0.037326,-0.000000,-0.001015,1.570186,-0.300000,1.000000,1.100000,0.000000,0.000000,-1.571000,-0.299788,1.007929,1.065203,1.496814
9.594000,-0.000212,-0.007931,0.034797,-0.000030,-0.005645,-0.037326,-0.000000,-0.001015,1.570186,-0.300000,1.000000,1.100000,0.000000,0.000000,-1.571000,-0.299788,1.007931,1.065203,1.496815
9.596000,-0.000212,-0.007933,0.034797,-0.000030,-0.005645,-0.037326,-0.000000,-0.001015,1.570186,-0.300000,1.000000,1.100000,0.000000,0.000000,-1.571000,-0.299788,1.007933,1.065203,1.496816
9.598000,-0.000212,-0.007934,0.034797,-0.000030,-0.005645,-0.037326,-0.000000,-0.001015,1.570186,-0.300000,1.000000,1.100000,0.000000,0.000000,-1.571000,-0.299788,1.007934,1.065203,1.496817
9.600000,-0.000212,-0.007936,0.034797,-0.000030,-0.005645,-0.037326,-0.000000,-0.001015,1.570186,-0.300000,1.000000,1.100000,0.000000,0.000000,-1.571000,-0.299788,1.007936,1.065203,1.496818
9.602000,-0.000212,-0.007938,0.034797,-0.000030,-0.005645,-0.037326,-0.000000,-0.001015,1.570186,-0.300000,1.000000,1.100000,0.000000,0.000000,-1.571000,-0.299788,1.007938,1.065203,1.496819
9.604000,-0.000212,-0.007939,0.034797,-0.000030,-0.005645,-0.037326,-0.000000,-0.001015,1.570186,-0.300000,1.000000,1.100000,0.000000,0.000000,-1.571000,-0.299788,1.007939,1.065203,1.496821
9.606000,-0.000212,-0.007941,0.034797,-0.000030,-0.005645,-0.037326,-0.000000,-0.001015,1.570186,-0.300000,1.000000,1.100000,0.000000,0.000000,-1.571000,-0.299788,1.007941,1.065203,1.496822
9.608000,-0.000212,-0.007943,0.034797,-0.000030,-0.005645,-0.037326,-0.000000,-0.001015,1.570186,-0.300000,1.000000,1.100000,0.000000,0.000000,-1.571000,-0.299788,1.007943,1.065203,1.496823
9.610000,-0.000212,-0.007944,0.034797,-0.000030,-0.005645,-0.037326,-0.000000,-0.001015,1.570186,-0.300000,1.000000,1.100000,0.000000,0.000000,-1.571000,-0.299788,1.007944,1.065203,1.496824
9.612000,-0.000212,-0.007946,0.034797,-0.000030,-0.005645,-0.037326,-0.000000,-0.001015,1.570186,-0.300000,1.000000,1.100000,0.000000,0.000000,-1.571000,-0.299788,1.007946,1.065203,1.496825
9.614000,-0.000212,-0.007948,0.034797,-0.000030,-0.005645,-0.037326,-0.000000,-0.001015,1.570186,-0.300000,1.000000,1.100000,0.000000,0.000000,-1.571000,-0.299788,1.007948,1.065203,1.496826
9.616000,-0.000212,-0.007949,0.034797,-0.000030,-0.005645,-0.037326,-0.000000,-0.001015,1.570186,-0.300000,1.000000,1.100000,0.000000,0.000000,-1.571000,-0.299788,1.007949,1.065203,1.496827
9.618000,-0.000212,-0.007951,0.034797,-0.000030,-0.005645,-0.037326,-0.000000,-0.001015,1.570186,-0.300000,1.000000,1.100000,0.000000,0.000000,-1.571000,-0.299788,1.007951,1.065203,1.496828
9.620000,-0.000212,-0.007953,0.034797,-0.000030,-0.005645,-0.037326,-0.000000,-0.001015,1.570186,-0.300000,1.000000,1.100000,0.000000,0.000000,-1.571000,-0.299788,1.007953,1.065203,1.496830
9.622000,-0.000212,-0.007954,0.034797,-0.000030,-0.005645,-0.037326,-0.000000,-0.001015,1.570186,-0.300000,1.000000,1.100000,0.000000,0.000000,-1.571000,-0.299788,1.007954,1.065203,1.496831
9.624000,-0.000213,-0.007956,0.034797,-0.000030,-0.005645,-0.037326,-0.000000,-0.001015,1.570186,-0.300000,1.000000,1.100000,0.000000,0.000000,-1.571000,-0.299787,1.007956,1.065203,1.496832
9.626000,-0.000213,-0.007958,0.034797,-0.000030,-0.005645,-0.037326,-0.000000,-0.001015,1.570186,-0.300000,1.000000,1.100000,0.000000,0.000000,-1.571000,-0.299787,1.007958,1.065203,1.496833
9.628000,-0.000213,-0.007959,0.034797,-0.000030,-0.005645,-0.037326,-0.000000,-0.001015,1.570186,-0.300000,1.000000,1.100000,0.000000,0.000000,-1.571000,-0.299787,1.007959,1.065203,1.496834
9.630000,-0.000213,-0.007961,0.034797,-0.000030,-0.005645,-0.037326,-0.000000,-0.001015,1.570186,-0.300000,1.000000,1.100000,0.000000,0.000000,-1.571000,-0.299787,1.007961,1.065203,1.496835
9.632000,-0.000213,-0.007963,0.034797,-0.000030,-0.005645,-0.037326,-0.000000,-0.001015,1.570187,-0.300000,1.000000,1.100000,0.000000,0.000000,-1.571000,-0.299787,1.007963,1.065203,1.496836
9.634000,-0.000213,-0.007965,0.034797,-0.000030,-0.005645,-0.037326,-0.000000,-0.001015,1.570187,-0.300000,1.000000,1.100000,0.000000,0.000000,-1.571000,-0.299787,1.007965,1.065203,1.496837
9.636000,-0.000213,-0.007966,0.034797,-0.000030,-0.005645,-0.037326,-0.000000,-0.001015,1.570187,-0.300000,1.000000,1.100000,0.000000,0.000000,-1.571000,-0.299787,1.007966,1.065203,1.496838
9.638000,-0.000213,-0.007968,0.034797,-0.000030,-0.005645,-0.037326,-0.000000,-0.001015,1.570187,-0.300000,1.000000,1.100000,0.000000,0.000000,-1.571000,-0.299787,1.007968,1.065203,1.496840
9.640000,-0.000213,-0.007970,0.034797,-0.000030,-0.005645,-0.037326,-0.000000,-0.001015,1.570187,-0.300000,1.000000,1.100000,0.000000,0.000000,-1.571000,-0.299787,1.007970,1.065203,1.496841
9.642000,-0.000213,-0.007971,0.034797,-0.000030,-0.005645,-0.037326,-0.000000,-0.001015,1.570187,-0.300000,1.000000,1.100000,0.000000,0.000000,-1.571000,-0.299787,1.007971,1.065203,1.496842
9.644000,-0.000213,-0.007973,0.034797,-0.000030,-0.005645,-0.037326,-0.000000,-0.001015,1.570187,-0.300000,1.000000,1.100000,0.000000,0.000000,-1.571000,-0.299787,1.007973,1.065203,1.496843
9.646000,-0.000213,-0.007975,0.034797,-0.000030,-0.005645,-0.037326,-0.000000,-0.001015,1.570187,-0.300000,1.000000,1.100000,0.000000,0.000000,-1.571000,-0.299787,1.007975,1.065203,1.496844
9.648000,-0.000213,-0.007976,0.034797,-0.000030,-0.005645,-0.037326,-0.000000,-0.001015,1.570187,-0.300000,1.000000,1.100000,0.000000,0.000000,-1.571000,-0.299787,1.007976,1.065203,1.496845
9.650000,-0.000213,-0.007978,0.034797,-0.000030,-0.005645,-0.037326,-0.000000,-0.001015,1.570187,-0.300000,1.000000,1.100000,0.000000,0.000000,-1.571000,-0.299787,1.007978,1.065203,1.496846
9.652000,-0.000213,-0.007980,0.034797,-0.000030,-0.005645,-0.037326,-0.000000,-0.001015,1.570187,-0.300000,1.000000,1.100000,0.000000,0.000000,-1.571000,-0.299787,1.007980,1.065203,1.496847
9.654000,-0.000213,-0.007981,0.034797,-0.000030,-0.005645,-0.037326,-0.000000,-0.001015,1.570187,-0.300000,1.000000,1.100000,0.000000,0.000000,-1.571000,-0.299787,1.007981,1.065203,1.496849
9.656000,-0.000213,-0.007983,0.034797,-0.000030,-0.005645,-0.037326,-0.000000,-0.001015,1.570187,-0.300000,1.000000,1.100000,0.000000,0.000000,-1.571000,-0.299787,1.007983,1.065203,1.496850
9.658000,-0.000213,-0.007985,0.034797,-0.000030,-0.005645,-0.037326,-0.000000,-0.001015,1.570187,-0.300000,1.000000,1.100000,0.000000,0.000000,-1.571000,-0.299787,1.007985,1.065203,1.496851
9.660000,-0.000213,-0.007986,0.034797,-0.000030,-0.005645,-0.037326,-0.000000,-0.001015,1.570187,-0.300000,1.000000,1.100000,0.000000,0.000000,-1.571000,-0.299787,1.007986,1.065203,1.496852
9.662000,-0.000213,-0.007988,0.034797,-0.000030,-0.005645,-0.037326,-0.000000,-0.001015,1.570187,-0.300000,1.000000,1.100000,0.000000,0.000000,-1.571000,-0.299787,1.007988,1.065203,1.496853
9.664000,-0.000213,-0.007990,0.034797,-0.000030,-0.005645,-0.037326,-0.000000,-0.001015,1.570187,-0.300000,1.000000,1.100000,0.000000,0.000000,-1.571000,-0.299787,1.007990,1.065203,1.496854
9.666000,-0.000213,-0.007991,0.034797,-0.000030,-0.005645,-0.037326,-0.000000,-0.001015,1.570187,-0.300000,1.000000,1.100000,0.000000,0.000000,-1.571000,-0.299787,1.007991,1.065203,1.496855
9.668000,-0.000214,-0.007993,0.034797,-0.000030,-0.005645,-0.037326,-0.000000,-0.001015,1.570187,-0.300000,1.000000,1.100000,0.000000,0.000000,-1.571000,-0.299786,1.007993,1.065203,1.496856
9.670000,-0.000214,-0.007995,0.034797,-0.000030,-0.005645,-0.037326,-0.000000,-0.001015,1.570187,-0.300000,1.000000,1.100000,0.000000,0.000000,-1.571000,-0.299786,1.007995,1.065203,1.496857
9.672000,-0.000214,-0.007996,0.034797,-0.000030,-0.005645,-0.037326,-0.000000,-0.001015,1.570187,-0.300000,1.000000,1.100000,0.000000,0.000000,-1.571000,-0.299786,1.007996,1.065203,1.496859
9.674000,-0.000214,-0.007998,0.034797,-0.000030,-0.005645,-0.037326,-0.000000,-0.001015,1.570187,-0.300000,1.000000,1.100000,0.000000,0.000000,-1.571000,-0.299786,1.007998,1.065203,1.496860
9.676000,-0.000214,-0.008000,0.034797,-0.000030,-0.005645,-0.037326,-0.000000,-0.001015,1.570187,-0.300000,1.000000,1.100000,0.000000,0.000000,-1.571000,-0.299786,1.008000,1.065203,1.496861
9.678000,-0.000214,-0.008001,0.034797,-0.000030,-0.005645,-0.037326,-0.000000,-0.001015,1.570187,-0.300000,1.000000,1.100000,0.000000,0.000000,-1.571000,-0.299786,1.008001,1.065203,1.496862
9.680000,-0.000214,-0.008003,0.034797,-0.000030,-0.005645,-0.037326,-0.000000,-0.001015,1.570187,-0.300000,1.000000,1.100000,0.000000,0.000000,-1.571000,-0.299786,1.008003,1.065203,1.496863
9.682000,-0.000214,-0.008005,0.034797,-0.000030,-0.005645,-0.037326,-0.000000,-0.001015,1.570188,-0.300000,1.000000,1.100000,0.000000,0.000000,-1.571000,-0.299786,1.008005,1.065203,1.496864
9.684000,-0.000214,-0.008006,0.034797,-0.000030,-0.005645,-0.037326,-0.000000,-0.001015,1.570188,-0.300000,1.000000,1.100000,0.000000,0.000000,-1.571000,-0.299786,1.008006,1.065203,1.496865
9.686000,-0.000214,-0.008008,0.034797,-0.000030,-0.005645,-0.037326,-0.000000,-0.001015,1.570188,-0.300000,1.000000,1.100000,0.000000,0.000000,-1.571000,-0.299786,1.008008,1.065203,1.496866
9.688000,-0.000214,-0.008010,0.034797,-0.000030,-0.005645,-0.037326,-0.000000,-0.001015,1.570188,-0.300000,1.000000,1.100000,0.000000,0.000000,-1.571000,-0.299786,1.008010,1.065203,1.496868
9.690000,-0.000214,-0.008011,0.034797,-0.000030,-0.005645,-0.037326,-0.000000,-0.001015,1.570188,-0.300000,1.000000,1.100000,0.000000,0.000000,-1.571000,-0.299786,1.008011,1.065203,1.496869
9.692000,-0.000214,-0.008013,0.034797,-0.000030,-0.005645,-0.037326,-0.000000,-0.001015,1.570188,-0.300000,1.000000,1.100000,0.000000,0.000000,-1.571000,-0.299786,1.008013,1.065203,1.496870
9.694000,-0.000214,-0.008015,0.034797,-0.000030,-0.005645,-0.037326,-0.000000,-0.001015,1.570188,-0.300000,1.000000,1.100000,0.000000,0.000000,-1.571000,-0.299786,1.008015,1.065203,1.496871
9.696000,-0.000214,-0.008016,0.034797,-0.000030,-0.005645,-0.037326,-0.000000,-0.001015,1.570188,-0.300000,1.000000,1.100000,0.000000,0.000000,-1.571000,-0.299786,1.008016,1.065203,1.496872
9.698000,-0.000214,-0.008018,0.034797,-0.000030,-0.005645,-0.037326,-0.000000,-0.001015,1.570188,-0.300000,1.000000,1.100000,0.000000,0.000000,-1.571000,-0.299786,1.008018,1.065203,1.496873
9.700000,-0.000214,-0.008020,0.034797,-0.000030,-0.005645,-0.037326,-0.000000,-0.001015,1.570188,-0.300000,1.000000,1.100000,0.000000,0.000000,-1.571000,-0.299786,1.008020,1.065203,1.496874
9.702000,-0.000214,-0.008021,0.034797,-0.000030,-0.005645,-0.037326,-0.000000,-0.001015,1.570188,-0.300000,1.000000,1.100000,0.000000,0.000000,-1.571000,-0.299786,1.008021,1.065203,1.496875
9.704000,-0.000214,-0.008023,0.034797,-0.000030,-0.005645,-0.037326,-0.000000,-0.001015,1.570188,-0.300000,1.000000,1.100000,0.000000,0.000000,-1.571000,-0.299786,1.008023,1.065203,1.496876
9.706000,-0.000214,-0.008025,0.034797,-0.000030,-0.005645,-0.037326,-0.000000,-0.001015,1.570188,-0.300000,1.000000,1.100000,0.000000,0.000000,-1.571000,-0.299786,1.008025,1.065203,1.496878
9.708000,-0.000214,-0.008026,0.034797,-0.000030,-0.005645,-0.037326,-0.000000,-0.001015,1.570188,-0.300000,1.000000,1.100000,0.000000,0.000000,-1.571000,-0.299786,1.008026,1.065203,1.496879
9.710000,-0.000214,-0.008028,0.034797,-0.000030,-0.005645,-0.037326,-0.000000,-0.001015,1.570188,-0.300000,1.000000,1.100000,0.000000,0.000000,-1.571000,-0.299786,1.008028,1.065203,1.496880
9.712000,-0.000215,-0.008030,0.034797,-0.000030,-0.005645,-0.037326,-0.000000,-0.001015,1.570188,-0.300000,1.000000,1.100000,0.000000,0.000000,-1.571000,-0.299785,1.008030,1.065203,1.496881
9.714000,-0.000215,-0.008031,0.034797,-0.000030,-0.005645,-0.037326,-0.000000,-0.001015,1.570188,-0.300000,1.000000,1.100000,0.000000,0.000000,-1.571000,-0.299785,1.008031,1.065203,1.496882
9.716000,-0.000215,-0.008033,0.034797,-0.000030,-0.005645,-0.037326,-0.000000,-0.001015,1.570188,-0.300000,1.000000,1.100000,0.000000,0.000000,-1.571000,-0.299785,1.008033,1.065203,1.496883
9.718000,-0.000215,-0.008035,0.034797,-0.000030,-0.005645,-0.037326,-0.000000,-0.001015,1.570188,-0.300000,1.000000,1.100000,0.000000,0.000000,-1.571000,-0.299785,1.008035,1.065203,1.496884
9.720000,-0.000215,-0.008037,0.034797,-0.000030,-0.005645,-0.037326,-0.000000,-0.001015,1.570188,-0.300000,1.000000,1.100000,0.000000,0.000000,-1.571000,-0.299785,1.008037,1.065203,1.496885
9.722000,-0.000215,-0.008038,0.034797,-0.000030,-0.005645,-0.037326,-0.000000,-0.001015,1.570188,-0.300000,1.000000,1.100000,0.000000,0.000000,-1.571000,-0.299785,1.008038,1.065203,1.496887
9.724000,-0.000215,-0.008040,0.034797,-0.000030,-0.005645,-0.037326,-0.000000,-0.001015,1.570188,-0.300000,1.000000,1.100000,0.000000,0.000000,-1.571000,-0.299785,1.008040,1.065203,1.496888
9.726000,-0.000215,-0.008042,0.034797,-0.000030,-0.005645,-0.037326,-0.000000,-0.001015,1.570188,-0.300000,1.000000,1.100000,0.000000,0.000000,-1.571000,-0.299785,1.008042,1.065203,1.496889
9.728000,-0.000215,-0.008043,0.034797,-0.000030,-0.005645,-0.037326,-0.000000,-0.001015,1.570188,-0.300000,1.000000,1.100000,0.000000,0.000000,-1.571000,-0.299785,1.008043,1.065203,1.496890
9.730000,-0.000215,-0.008045,0.034797,-0.000030,-0.005645,-0.037326,-0.000000,-0.001015,1.570188,-0.300000,1.000000,1.100000,0.000000,0.000000,-1.571000,-0.299785,1.008045,1.065203,1.496891
9.732000,-0.000215,-0.008047,0.034797,-0.000030,-0.005645,-0.037326,-0.000000,-0.001015,1.570188,-0.300000,1.000000,1.100000,0.000000,0.000000,-1.571000,-0.299785,1.008047,1.065203,1.496892
9.734000,-0.000215,-0.008048,0.034797,-0.000030,-0.005645,-0.037326,-0.000000,-0.001015,1.570189,-0.300000,1.000000,1.100000,0.000000,0.000000,-1.571000,-0.299785,1.008048,1.065203,1.496893
9.736000,-0.000215,-0.008050,0.034797,-0.000030,-0.005645,-0.037326,-0.000000,-0.001015,1.570189,-0.300000,1.000000,1.100000,0.000000,0.000000,-1.571000,-0.299785,1.008050,1.065203,1.496894
9.738000,-0.000215,-0.008052,0.034797,-0.000030,-0.005645,-0.037326,-0.000000,-0.001015,1.570189,-0.300000,1.000000,1.100000,0.000000,0.000000,-1.571000,-0.299785,1.008052,1.065203,1.496896
9.740000,-0.000215,-0.008053,0.034797,-0.000030,-0.005645,-0.037326,-0.000000,-0.001015,1.570189,-0.300000,1.000000,1.100000,0.000000,0.000000,-1.571000,-0.299785,1.008053,1.065203,1.496897
9.742000,-0.000215,-0.008055,0.034797,-0.000030,-0.005645,-0.037326,-0.000000,-0.001015,1.570189,-0.300000,1.000000,1.100000,0.000000,0.000000,-1.571000,-0.299785,1.008055,1.065203,1.496898
9.744000,-0.000215,-0.008057,0.034797,-0.000030,-0.005645,-0.037326,-0.000000,-0.001015,1.570189,-0.300000,1.000000,1.100000,0.000000,0.000000,-1.571000,-0.299785,1.008057,1.065203,1.496899
9.746000,-0.000215,-0.008058,0.034797,-0.000030,-0.005645,-0.037326,-0.000000,-0.001015,1.570189,-0.300000,1.000000,1.100000,0.000000,0.000000,-1.571000,-0.299785,1.008058,1.065203,1.496900
9.748000,-0.000215,-0.008060,0.034797,-0.000030,-0.005645,-0.037326,-0.000000,-0.001015,1.570189,-0.300000,1.000000,1.100000,0.000000,0.000000,-1.571000,-0.299785,1.008060,1.065203,1.496901
9.750000,-0.000215,-0.008062,0.034797,-0.000030,-0.005645,-0.037326,-0.000000,-0.001015,1.570189,-0.300000,1.000000,1.100000,0.000000,0.000000,-1.571000,-0.299785,1.008062,1.065203,1.496902
9.752000,-0.000215,-0.008063,0.034797,-0.000030,-0.005645,-0.037326,-0.000000,-0.001015,1.570189,-0.300000,1.000000,1.100000,0.000000,0.000000,-1.571000,-0.299785,1.008063,1.065203,1.496903
9.754000,-0.000215,-0.008065,0.034797,-0.000030,-0.005645,-0.037326,-0.000000,-0.001015,1.570189,-0.300000,1.000000,1.100000,0.000000,0.000000,-1.571000,-0.299785,1.008065,1.065203,1.496904
9.756000,-0.000216,-0.008067,0.034797,-0.000030,-0.005645,-0.037326,-0.000000,-0.001015,1.570189,-0.300000,1.000000,1.100000,0.000000,0.000000,-1.571000,-0.299784,1.008067,1.065203,1.496906
9.758000,-0.000216,-0.008068,0.034797,-0.000030,-0.005645,-0.037326,-0.000000,-0.001015,1.570189,-0.300000,1.000000,1.100000,0.000000,0.000000,-1.571000,-0.299784,1.008068,1.065203,1.496907
9.760000,-0.000216,-0.008070,0.034797,-0.000030,-0.005645,-0.037326,-0.000000,-0.001015,1.570189,-0.300000,1.000000,1.100000,0.000000,0.000000,-1.571000,-0.299784,1.008070,1.065203,1.496908
9.762000,-0.000216,-0.008072,0.034797,-0.000030,-0.005645,-0.037326,-0.000000,-0.001015,1.570189,-0.300000,1.000000,1.100000,0.000000,0.000000,-1.571000,-0.299784,1.008072,1.065203,1.496909
9.764000,-0.000216,-0.008073,0.034797,-0.000030,-0.005645,-0.037326,-0.000000,-0.001015,1.570189,-0.300000,1.000000,1.100000,0.000000,0.000000,-1.571000,-0.299784,1.008073,1.065203,1.496910
9.766000,-0.000216,-0.008075,0.034797,-0.000030,-0.005645,-0.037326,-0.000000,-0.001015,1.570189,-0.300000,1.000000,1.100000,0.000000,0.000000,-1.571000,-0.299784,1.008075,1.065203,1.496911
9.768000,-0.000216,-0.008077,0.034797,-0.000030,-0.005645,-0.037326,-0.000000,-0.001015,1.570189,-0.300000,1.000000,1.100000,0.000000,0.000000,-1.571000,-0.299784,1.008077,1.065203,1.496912
9.770000,-0.000216,-0.008078,0.034797,-0.000030,-0.005645,-0.037326,-0.000000,-0.001015,1.570189,-0.300000,1.000000,1.100000,0.000000,0.000000,-1.571000,-0.299784,1.008078,1.065203,1.496913
9.772000,-0.000216,-0.008080,0.034797,-0.000030,-0.005645,-0.037326,-0.000000,-0.001015,1.570189,-0.300000,1.000000,1.100000,0.000000,0.000000,-1.571000,-0.299784,1.008080,1.065203,1.496915
9.774000,-0.000216,-0.008082,0.034797,-0.000030,-0.005645,-0.037326,-0.000000,-0.001015,1.570189,-0.300000,1.000000,1.100000,0.000000,0.000000,-1.571000,-0.299784,1.008082,1.065203,1.496916
9.776000,-0.000216,-0.008083,0.034797,-0.000030,-0.005645,-0.037326,-0.000000,-0.001015,1.570189,-0.300000,1.000000,1.100000,0.000000,0.000000,-1.571000,-0.299784,1.008083,1.065203,1.496917
9.778000,-0.000216,-0.008085,0.034797,-0.000030,-0.005645,-0.037326,-0.000000,-0.001015,1.570189,-0.300000,1.000000,1.100000,0.000000,0.000000,-1.571000,-0.299784,1.008085,1.065203,1.496918
9.780000,-0.000216,-0.008087,0.034797,-0.000030,-0.005645,-0.037326,-0.000000,-0.001015,1.570189,-0.300000,1.000000,1.100000,0.000000,0.000000,-1.571000,-0.299784,1.008087,1.065203,1.496919
9.782000,-0.000216,-0.008088,0.034797,-0.000030,-0.005645,-0.037326,-0.000000,-0.001015,1.570189,-0.300000,1.000000,1.100000,0.000000,0.000000,-1.571000,-0.299784,1.008088,1.065203,1.496920
9.784000,-0.000216,-0.008090,0.034797,-0.000030,-0.005645,-0.037326,-0.000000,-0.001015,1.570190,-0.300000,1.000000,1.100000,0.000000,0.000000,-1.571000,-0.299784,1.008090,1.065203,1.496921
9.786000,-0.000216,-0.008092,0.034797,-0.000030,-0.005645,-0.037326,-0.000000,-0.001015,1.570190,-0.300000,1.000000,1.100000,0.000000,0.000000,-1.571000,-0.299784,1.008092,1.065203,1.496922
9.788000,-0.000216,-0.008093,0.034797,-0.000030,-0.005645,-0.037326,-0.000000,-0.001015,1.570190,-0.300000,1.000000,1.100000,0.000000,0.000000,-1.571000,-0.299784,1.008093,1.065203,1.496923
9.790000,-0.000216,-0.008095,0.034797,-0.000030,-0.005645,-0.037326,-0.000000,-0.001015,1.570190,-0.300000,1.000000,1.100000,0.000000,0.000000,-1.571000,-0.299784,1.008095,1.065203,1.496925
9.792000,-0.000216,-0.008097,0.034797,-0.000030,-0.005645,-0.037326,-0.000000,-0.001015,1.570190,-0.300000,1.000000,1.100000,0.000000,0.000000,-1.571000,-0.299784,1.008097,1.065203,1.496926
9.794000,-0.000216,-0.008098,0.034797,-0.000030,-0.005645,-0.037326,-0.000000,-0.001015,1.570190,-0.300000,1.000000,1.100000,0.000000,0.000000,-1.571000,-0.299784,1.008098,1.065203,1.496927
9.796000,-0.000216,-0.008100,0.034797,-0.000030,-0.005645,-0.037326,-0.000000,-0.001015,1.570190,-0.300000,1.000000,1.100000,0.000000,0.000000,-1.571000,-0.299784,1.008100,1.065203,1.496928
9.798000,-0.000216,-0.008102,0.034797,-0.000030,-0.005645,-0.037326,-0.000000,-0.001015,1.570190,-0.300000,1.000000,1.100000,0.000000,0.000000,-1.571000,-0.299784,1.008102,1.065203,1.496929
9.800000,-0.000217,-0.008104,0.034797,-0.000030,-0.005645,-0.037326,-0.000000,-0.001015,1.570190,-0.300000,1.000000,1.100000,0.000000,0.000000,-1.571000,-0.299783,1.008104,1.065203,1.496930
9.802000,-0.000217,-0.008105,0.034797,-0.000030,-0.005645,-0.037326,-0.000000,-0.001015,1.570190,-0.300000,1.000000,1.100000,0.000000,0.000000,-1.571000,-0.299783,1.008105,1.065203,1.496931
9.804000,-0.000217,-0.008107,0.034797,-0.000030,-0.005645,-0.037326,-0.000000,-0.001015,1.570190,-0.300000,1.000000,1.100000,0.000000,0.000000,-1.571000,-0.299783,1.008107,1.065203,1.496932
9.806000,-0.000217,-0.008109,0.034797,-0.000030,-0.005645,-0.037326,-0.000000,-0.001015,1.570190,-0.300000,1.000000,1.100000,0.000000,0.000000,-1.571000,-0.299783,1.008109,1.065203,1.496934
9.808000,-0.000217,-0.008110,0.034797,-0.000030,-0.005645,-0.037326,-0.000000,-0.001015,1.570190,-0.300000,1.000000,1.100000,0.000000,0.000000,-1.571000,-0.299783,1.008110,1.065203,1.496935
9.810000,-0.000217,-0.008112,0.034797,-0.000030,-0.005645,-0.037326,-0.000000,-0.001015,1.570190,-0.300000,1.000000,1.100000,0.000000,0.000000,-1.571000,-0.299783,1.008112,1.065203,1.496936
9.812000,-0.000217,-0.008114,0.034797,-0.000030,-0.005645,-0.037326,-0.000000,-0.001015,1.570190,-0.300000,1.000000,1.100000,0.000000,0.000000,-1.571000,-0.299783,1.008114,1.065203,1.496937
9.814000,-0.000217,-0.008115,0.034797,-0.000030,-0.005645,-0.037326,-0.000000,-0.001015,1.570190,-0.300000,1.000000,1.100000,0.000000,0.000000,-1.571000,-0.299783,1.008115,1.065203,1.496938
9.816000,-0.000217,-0.008117,0.034797,-0.000030,-0.005645,-0.037326,-0.000000,-0.001015,1.570190,-0.300000,1.000000,1.100000,0.000000,0.000000,-1.571000,-0.299783,1.008117,1.065203,1.496939
9.818000,-0.000217,-0.008119,0.034797,-0.000030,-0.005645,-0.037326,-0.000000,-0.001015,1.570190,-0.300000,1.000000,1.100000,0.000000,0.000000,-1.571000,-0.299783,1.008119,1.065203,1.496940
9.820000,-0.000217,-0.008120,0.034797,-0.000030,-0.005645,-0.037326,-0.000000,-0.001015,1.570190,-0.300000,1.000000,1.100000,0.000000,0.000000,-1.571000,-0.299783,1.008120,1.065203,1.496941
9.822000,-0.000217,-0.008122,0.034797,-0.000030,-0.005645,-0.037326,-0.000000,-0.001015,1.570190,-0.300000,1.000000,1.100000,0.000000,0.000000,-1.571000,-0.299783,1.008122,1.065203,1.496942
9.824000,-0.000217,-0.008124,0.034797,-0.000030,-0.005645,-0.037326,-0.000000,-0.001015,1.570190,-0.300000,1.000000,1.100000,0.000000,0.000000,-1.571000,-0.299783,1.008124,1.065203,1.496944
9.826000,-0.000217,-0.008125,0.034797,-0.000030,-0.005645,-0.037326,-0.000000,-0.001015,1.570190,-0.300000,1.000000,1.100000,0.000000,0.000000,-1.571000,-0.299783,1.008125,1.065203,1.496945
9.828000,-0.000217,-0.008127,0.034797,-0.000030,-0.005645,-0.037326,-0.000000,-0.001015,1.570190,-0.300000,1.000000,1.100000,0.000000,0.000000,-1.571000,-0.299783,1.008127,1.065203,1.496946
9.830000,-0.000217,-0.008129,0.034797,-0.000030,-0.005645,-0.037326,-0.000000,-0.001015,1.570190,-0.300000,1.000000,1.100000,0.000000,0.000000,-1.571000,-0.299783,1.008129,1.065203,1.496947
9.832000,-0.000217,-0.008130,0.034797,-0.000030,-0.005645,-0.037326,-0.000000,-0.001015,1.570190,-0.300000,1.000000,1.100000,0.000000,0.000000,-1.571000,-0.299783,1.008130,1.065203,1.496948
9.834000,-0.000217,-0.008132,0.034797,-0.000030,-0.005645,-0.037326,-0.000000,-0.001015,1.570190,-0.300000,1.000000,1.100000,0.000000,0.000000,-1.571000,-0.299783,1.008132,1.065203,1.496949
9.836000,-0.000217,-0.008134,0.034797,-0.000030,-0.005645,-0.037326,-0.000000,-0.001015,1.570191,-0.300000,1.000000,1.100000,0.000000,0.000000,-1.571000,-0.299783,1.008134,1.065203,1.496950
9.838000,-0.000217,-0.008135,0.034797,-0.000030,-0.005645,-0.037326,-0.000000,-0.001015,1.570191,-0.300000,1.000000,1.100000,0.000000,0.000000,-1.571000,-0.299783,1.008135,1.065203,1.496951
9.840000,-0.000217,-0.008137,0.034797,-0.000030,-0.005645,-0.037326,-0.000000,-0.001015,1.570191,-0.300000,1.000000,1.100000,0.000000,0.000000,-1.571000,-0.299783,1.008137,1.065203,1.496953
9.842000,-0.000217,-0.008139,0.034797,-0.000030,-0.005645,-0.037326,-0.000000,-0.001015,1.570191,-0.300000,1.000000,1.100000,0.000000,0.000000,-1.571000,-0.299783,1.008139,1.065203,1.496954
9.844000,-0.000218,-0.008140,0.034797,-0.000030,-0.005645,-0.037326,-0.000000,-0.001015,1.570191,-0.300000,1.000000,1.100000,0.000000,0.000000,-1.571000,-0.299782,1.008140,1.065203,1.496955
9.846000,-0.000218,-0.008142,0.034797,-0.000030,-0.005645,-0.037326,-0.000000,-0.001015,1.570191,-0.300000,1.000000,1.100000,0.000000,0.000000,-1.571000,-0.299782,1.008142,1.065203,1.496956
9.848000,-0.000218,-0.008144,0.034797,-0.000030,-0.005645,-0.037326,-0.000000,-0.001015,1.570191,-0.300000,1.000000,1.100000,0.000000,0.000000,-1.571000,-0.299782,1.008144,1.065203,1.496957
9.850000,-0.000218,-0.008145,0.034797,-0.000030,-0.005645,-0.037326,-0.000000,-0.001015,1.570191,-0.300000,1.000000,1.100000,0.000000,0.000000,-1.571000,-0.299782,1.008145,1.065203,1.496958
9.852000,-0.000218,-0.008147,0.034797,-0.000030,-0.005645,-0.037326,-0.000000,-0.001015,1.570191,-0.300000,1.000000,1.100000,0.000000,0.000000,-1.571000,-0.299782,1.008147,1.065203,1.496959
9.854000,-0.000218,-0.008149,0.034797,-0.000030,-0.005645,-0.037326,-0.000000,-0.001015,1.570191,-0.300000,1.000000,1.100000,0.000000,0.000000,-1.571000,-0.299782,1.008149,1.065203,1.496960
9.856000,-0.000218,-0.008150,0.034797,-0.000030,-0.005645,-0.037326,-0.000000,-0.001015,1.570191,-0.300000,1.000000,1.100000,0.000000,0.000000,-1.571000,-0.299782,1.008150,1.065203,1.496962
9.858000,-0.000218,-0.008152,0.034797,-0.000030,-0.005645,-0.037326,-0.000000,-0.001015,1.570191,-0.300000,1.000000,1.100000,0.000000,0.000000,-1.571000,-0.299782,1.008152,1.065203,1.496963
9.860000,-0.000218,-0.008154,0.034797,-0.000030,-0.005645,-0.037326,-0.000000,-0.001015,1.570191,-0.300000,1.000000,1.100000,0.000000,0.000000,-1.571000,-0.299782,1.008154,1.065203,1.496964
9.862000,-0.000218,-0.008155,0.034797,-0.000030,-0.005645,-0.037326,-0.000000,-0.001015,1.570191,-0.300000,1.000000,1.100000,0.000000,0.000000,-1.571000,-0.299782,1.008155,1.065203,1.496965
9.864000,-0.000218,-0.008157,0.034797,-0.000030,-0.005645,-0.037326,-0.000000,-0.001015,1.570191,-0.300000,1.000000,1.100000,0.000000,0.000000,-1.571000,-0.299782,1.008157,1.065203,1.496966
9.866000,-0.000218,-0.008159,0.034797,-0.000030,-0.005645,-0.037326,-0.000000,-0.001015,1.570191,-0.300000,1.000000,1.100000,0.000000,0.000000,-1.571000,-0.299782,1.008159,1.065203,1.496967
9.868000,-0.000218,-0.008160,0.034797,-0.000030,-0.005645,-0.037326,-0.000000,-0.001015,1.570191,-0.300000,1.000000,1.100000,0.000000,0.000000,-1.571000,-0.299782,1.008160,1.065203,1.496968
9.870000,-0.000218,-0.008162,0.034797,-0.000030,-0.005645,-0.037326,-0.000000,-0.001015,1.570191,-0.300000,1.000000,1.100000,0.000000,0.000000,-1.571000,-0.299782,1.008162,1.065203,1.496969
9.872000,-0.000218,-0.008164,0.034797,-0.000030,-0.005645,-0.037326,-0.000000,-0.001015,1.570191,-0.300000,1.000000,1.100000,0.000000,0.000000,-1.571000,-0.299782,1.008164,1.065203,1.496970
9.874000,-0.000218,-0.008165,0.034797,-0.000030,-0.005645,-0.037326,-0.000000,-0.001015,1.570191,-0.300000,1.000000,1.100000,0.000000,0.000000,-1.571000,-0.299782,1.008165,1.065203,1.496972
9.876000,-0.000218,-0.008167,0.034797,-0.000030,-0.005645,-0.037326,-0.000000,-0.001015,1.570191,-0.300000,1.000000,1.100000,0.000000,0.000000,-1.571000,-0.299782,1.008167,1.065203,1.496973
9.878000,-0.000218,-0.008169,0.034797,-0.000030,-0.005645,-0.037326,-0.000000,-0.001015,1.570191,-0.300000,1.000000,1.100000,0.000000,0.000000,-1.571000,-0.299782,1.008169,1.065203,1.496974
9.880000,-0.000218,-0.008170,0.034797,-0.000030,-0.005645,-0.037326,-0.000000,-0.001015,1.570191,-0.300000,1.000000,1.100000,0.000000,0.000000,-1.571000,-0.299782,1.008170,1.065203,1.496975
9.882000,-0.000218,-0.008172,0.034797,-0.000030,-0.005645,-0.037326,-0.000000,-0.001015,1.570191,-0.300000,1.000000,1.100000,0.000000,0.000000,-1.571000,-0.299782,1.008172,1.065203,1.496976
9.884000,-0.000218,-0.008174,0.034797,-0.000030,-0.005645,-0.037326,-0.000000,-0.001015,1.570191,-0.300000,1.000000,1.100000,0.000000,0.000000,-1.571000,-0.299782,1.008174,1.065203,1.496977
9.886000,-0.000218,-0.008176,0.034797,-0.000030,-0.005645,-0.037326,-0.000000,-0.001015,1.570192,-0.300000,1.000000,1.100000,0.000000,0.000000,-1.571000,-0.299782,1.008176,1.065203,1.496978
9.888000,-0.000219,-0.008177,0.034797,-0.000030,-0.005645,-0.037326,-0.000000,-0.001015,1.570192,-0.300000,1.000000,1.100000,0.000000,0.000000,-1.571000,-0.299781,1.008177,1.065203,1.496979
9.890000,-0.000219,-0.008179,0.034797,-0.000030,-0.005645,-0.037326,-0.000000,-0.001015,1.570192,-0.300000,1.000000,1.100000,0.000000,0.000000,-1.571000,-0.299781,1.008179,1.065203,1.496981
9.892000,-0.000219,-0.008181,0.034797,-0.000030,-0.005645,-0.037326,-0.000000,-0.001015,1.570192,-0.300000,1.000000,1.100000,0.000000,0.000000,-1.571000,-0.299781,1.008181,1.065203,1.496982
9.894000,-0.000219,-0.008182,0.034797,-0.000030,-0.005645,-0.037326,-0.000000,-0.001015,1.570192,-0.300000,1.000000,1.100000,0.000000,0.000000,-1.571000,-0.299781,1.008182,1.065203,1.496983
9.896000,-0.000219,-0.008184,0.034797,-0.000030,-0.005645,-0.037326,-0.000000,-0.001015,1.570192,-0.300000,1.000000,1.100000,0.000000,0.000000,-1.571000,-0.299781,1.008184,1.065203,1.496984
9.898000,-0.000219,-0.008186,0.034797,-0.000030,-0.005645,-0.037326,-0.000000,-0.001015,1.570192,-0.300000,1.000000,1.100000,0.000000,0.000000,-1.571000,-0.299781,1.008186,1.065203,1.496985
9.900000,-0.000219,-0.008187,0.034797,-0.000030,-0.005645,-0.037326,-0.000000,-0.001015,1.570192,-0.300000,1.000000,1.100000,0.000000,0.000000,-1.571000,-0.299781,1.008187,1.065203,1.496986
9.902000,-0.000219,-0.008189,0.034797,-0.000030,-0.005645,-0.037326,-0.000000,-0.001015,1.570192,-0.300000,1.000000,1.100000,0.000000,0.000000,-1.571000,-0.299781,1.008189,1.065203,1.496987
9.904000,-0.000219,-0.008191,0.034797,-0.000030,-0.005645,-0.037326,-0.000000,-0.001015,1.570192,-0.300000,1.000000,1.100000,0.000000,0.000000,-1.571000,-0.299781,1.008191,1.065203,1.496988
9.906000,-0.000219,-0.008192,0.034797,-0.000030,-0.005645,-0.037326,-0.000000,-0.001015,1.570192,-0.300000,1.000000,1.100000,0.000000,0.000000,-1.571000,-0.299781,1.008192,1.065203,1.496989
9.908000,-0.000219,-0.008194,0.034797,-0.000030,-0.005645,-0.037326,-0.000000,-0.001015,1.570192,-0.300000,1.000000,1.100000,0.000000,0.000000,-1.571000,-0.299781,1.008194,1.065203,1.496991
9.910000,-0.000219,-0.008196,0.034797,-0.000030,-0.005645,-0.037326,-0.000000,-0.001015,1.570192,-0.300000,1.000000,1.100000,0.000000,0.000000,-1.571000,-0.299781,1.008196,1.065203,1.496992
9.912000,-0.000219,-0.008197,0.034797,-0.000030,-0.005645,-0.037326,-0.000000,-0.001015,1.570192,-0.300000,1.000000,1.100000,0.000000,0.000000,-1.571000,-0.299781,1.008197,1.065203,1.496993
9.914000,-0.000219,-0.008199,0.034797,-0.000030,-0.005645,-0.037326,-0.000000,-0.001015,1.570192,-0.300000,1.000000,1.100000,0.000000,0.000000,-1.571000,-0.299781,1.008199,1.065203,1.496994
9.916000,-0.000219,-0.008201,0.034797,-0.000030,-0.005645,-0.037326,-0.000000,-0.001015,1.570192,-0.300000,1.000000,1.100000,0.000000,0.000000,-1.571000,-0.299781,1.008201,1.065203,1.496995
9.918000,-0.000219,-0.008202,0.034797,-0.000030,-0.005645,-0.037326,-0.000000,-0.001015,1.570192,-0.300000,1.000000,1.100000,0.000000,0.000000,-1.571000,-0.299781,1.008202,1.065203,1.496996
9.920000,-0.000219,-0.008204,0.034797,-0.000030,-0.005645,-0.037326,-0.000000,-0.001015,1.570192,-0.300000,1.000000,1.100000,0.000000,0.000000,-1.571000,-0.299781,1.008204,1.065203,1.496997
9.922000,-0.000219,-0.008206,0.034797,-0.000030,-0.005645,-0.037326,-0.000000,-0.001015,1.570192,-0.300000,1.000000,1.100000,0.000000,0.000000,-1.571000,-0.299781,1.008206,1.065203,1.496998
9.924000,-0.000219,-0.008207,0.034797,-0.000030,-0.005645,-0.037326,-0.000000,-0.001015,1.570192,-0.300000,1.000000,1.100000,0.000000,0.000000,-1.571000,-0.299781,1.008207,1.065203,1.497000
9.926000,-0.000219,-0.008209,0.034797,-0.000030,-0.005645,-0.037326,-0.000000,-0.001015,1.570192,-0.300000,1.000000,1.100000,0.000000,0.000000,-1.571000,-0.299781,1.008209,1.065203,1.497001
9.928000,-0.000219,-0.008211,0.034797,-0.000030,-0.005645,-0.037326,-0.000000,-0.001015,1.570192,-0.300000,1.000000,1.100000,0.000000,0.000000,-1.571000,-0.299781,1.008211,1.065203,1.497002
9.930000,-0.000219,-0.008212,0.034797,-0.000030,-0.005645,-0.037326,-0.000000,-0.001015,1.570192,-0.300000,1.000000,1.100000,0.000000,0.000000,-1.571000,-0.299781,1.008212,1.065203,1.497003
9.932000,-0.000220,-0.008214,0.034797,-0.000030,-0.005645,-0.037326,-0.000000,-0.001015,1.570192,-0.300000,1.000000,1.100000,0.000000,0.000000,-1.571000,-0.299780,1.008214,1.065203,1.497004
9.934000,-0.000220,-0.008216,0.034797,-0.000030,-0.005645,-0.037326,-0.000000,-0.001015,1.570192,-0.300000,1.000000,1.100000,0.000000,0.000000,-1.571000,-0.299780,1.008216,1.065203,1.497005
9.936000,-0.000220,-0.008217,0.034797,-0.000030,-0.005645,-0.037326,-0.000000,-0.001015,1.570192,-0.300000,1.000000,1.100000,0.000000,0.000000,-1.571000,-0.299780,1.008217,1.065203,1.497006
9.938000,-0.000220,-0.008219,0.034797,-0.000030,-0.005645,-0.037326,-0.000000,-0.001015,1.570193,-0.300000,1.000000,1.100000,0.000000,0.000000,-1.571000,-0.299780,1.008219,1.065203,1.497007
9.940000,-0.000220,-0.008221,0.034797,-0.000030,-0.005645,-0.037326,-0.000000,-0.001015,1.570193,-0.300000,1.000000,1.100000,0.000000,0.000000,-1.571000,-0.299780,1.008221,1.065203,1.497009
9.942000,-0.000220,-0.008222,0.034797,-0.000030,-0.005645,-0.037326,-0.000000,-0.001015,1.570193,-0.300000,1.000000,1.100000,0.000000,0.000000,-1.571000,-0.299780,1.008222,1.065203,1.497010
9.944000,-0.000220,-0.008224,0.034797,-0.000030,-0.005645,-0.037326,-0.000000,-0.001015,1.570193,-0.300000,1.000000,1.100000,0.000000,0.000000,-1.571000,-0.299780,1.008224,1.065203,1.497011
9.946000,-0.000220,-0.008226,0.034797,-0.000030,-0.005645,-0.037326,-0.000000,-0.001015,1.570193,-0.300000,1.000000,1.100000,0.000000,0.000000,-1.571000,-0.299780,1.008226,1.065203,1.497012
9.948000,-0.000220,-0.008227,0.034797,-0.000030,-0.005645,-0.037326,-0.000000,-0.001015,1.570193,-0.300000,1.000000,1.100000,0.000000,0.000000,-1.571000,-0.299780,1.008227,1.065203,1.497013
9.950000,-0.000220,-0.008229,0.034797,-0.000030,-0.005645,-0.037326,-0.000000,-0.001015,1.570193,-0.300000,1.000000,1.100000,0.000000,0.000000,-1.571000,-0.299780,1.008229,1.065203,1.497014
9.952000,-0.000220,-0.008231,0.034797,-0.000030,-0.005645,-0.037326,-0.000000,-0.001015,1.570193,-0.300000,1.000000,1.100000,0.000000,0.000000,-1.571000,-0.299780,1.008231,1.065203,1.497015
9.954000,-0.000220,-0.008232,0.034797,-0.000030,-0.005645,-0.037326,-0.000000,-0.001015,1.570193,-0.300000,1.000000,1.100000,0.000000,0.000000,-1.571000,-0.299780,1.008232,1.065203,1.497016
9.956000,-0.000220,-0.008234,0.034797,-0.000030,-0.005645,-0.037326,-0.000000,-0.001015,1.570193,-0.300000,1.000000,1.100000,0.000000,0.000000,-1.571000,-0.299780,1.008234,1.065203,1.497017
9.958000,-0.000220,-0.008236,0.034797,-0.000030,-0.005645,-0.037326,-0.000000,-0.001015,1.570193,-0.300000,1.000000,1.100000,0.000000,0.000000,-1.571000,-0.299780,1.008236,1.065203,1.497019
9.960000,-0.000220,-0.008237,0.034797,-0.000030,-0.005645,-0.037326,-0.000000,-0.001015,1.570193,-0.300000,1.000000,1.100000,0.000000,0.000000,-1.571000,-0.299780,1.008237,1.065203,1.497020
9.962000,-0.000220,-0.008239,0.034797,-0.000030,-0.005645,-0.037326,-0.000000,-0.001015,1.570193,-0.300000,1.000000,1.100000,0.000000,0.000000,-1.571000,-0.299780,1.008239,1.065203,1.497021
9.964000,-0.000220,-0.008241,0.034797,-0.000030,-0.005645,-0.037326,-0.000000,-0.001015,1.570193,-0.300000,1.000000,1.100000,0.000000,0.000000,-1.571000,-0.299780,1.008241,1.065203,1.497022
9.966000,-0.000220,-0.008243,0.034797,-0.000030,-0.005645,-0.037326,-0.000000,-0.001015,1.570193,-0.300000,1.000000,1.100000,0.000000,0.000000,-1.571000,-0.299780,1.008243,1.065203,1.497023
9.968000,-0.000220,-0.008244,0.034797,-0.000030,-0.005645,-0.037326,-0.000000,-0.001015,1.570193,-0.300000,1.000000,1.100000,0.000000,0.000000,-1.571000,-0.299780,1.008244,1.065203,1.497024
9.970000,-0.000220,-0.008246,0.034797,-0.000030,-0.005645,-0.037326,-0.000000,-0.001015,1.570193,-0.300000,1.000000,1.100000,0.000000,0.000000,-1.571000,-0.299780,1.008246,1.065203,1.497025
9.972000,-0.000220,-0.008248,0.034797,-0.000030,-0.005645,-0.037326,-0.000000,-0.001015,1.570193,-0.300000,1.000000,1.100000,0.000000,0.000000,-1.571000,-0.299780,1.008248,1.065203,1.497026
9.974000,-0.000220,-0.008249,0.034797,-0.000030,-0.005645,-0.037326,-0.000000,-0.001015,1.570193,-0.300000,1.000000,1.100000,0.000000,0.000000,-1.571000,-0.299780,1.008249,1.065203,1.497028
9.976000,-0.000220,-0.008251,0.034797,-0.000030,-0.005645,-0.037326,-0.000000,-0.001015,1.570193,-0.300000,1.000000,1.100000,0.000000,0.000000,-1.571000,-0.299780,1.008251,1.065203,1.497029
9.978000,-0.000221,-0.008253,0.034797,-0.000030,-0.005645,-0.037326,-0.000000,-0.001015,1.570193,-0.300000,1.000000,1.100000,0.000000,0.000000,-1.571000,-0.299779,1.008253,1.065203,1.497030
9.980000,-0.000221,-0.008254,0.034797,-0.000030,-0.005645,-0.037326,-0.000000,-0.001015,1.570193,-0.300000,1.000000,1.100000,0.000000,0.000000,-1.571000,-0.299779,1.008254,1.065203,1.497031
9.982000,-0.000221,-0.008256,0.034797,-0.000030,-0.005645,-0.037326,-0.000000,-0.001015,1.570193,-0.300000,1.000000,1.100000,0.000000,0.000000,-1.571000,-0.299779,1.008256,1.065203,1.497032
9.984000,-0.000221,-0.008258,0.034797,-0.000030,-0.005645,-0.037326,-0.000000,-0.001015,1.570193,-0.300000,1.000000,1.100000,0.000000,0.000000,-1.571000,-0.299779,1.008258,1.065203,1.497033
9.986000,-0.000221,-0.008259,0.034797,-0.000030,-0.005645,-0.037326,-0.000000,-0.001015,1.570193,-0.300000,1.000000,1.100000,0.000000,0.000000,-1.571000,-0.299779,1.008259,1.065203,1.497034
9.988000,-0.000221,-0.008261,0.034797,-0.000030,-0.005645,-0.037326,-0.000000,-0.001015,1.570193,-0.300000,1.000000,1.100000,0.000000,0.000000,-1.571000,-0.299779,1.008261,1.065203,1.497035
9.990000,-0.000221,-0.008263,0.034797,-0.000030,-0.005645,-0.037326,-0.000000,-0.001015,1.570194,-0.300000,1.000000,1.100000,0.000000,0.000000,-1.571000,-0.299779,1.008263,1.065203,1.497036
9.992000,-0.000221,-0.008264,0.034797,-0.000030,-0.005645,-0.037326,-0.000000,-0.001015,1.570194,-0.300000,1.000000,1.100000,0.000000,0.000000,-1.571000,-0.299779,1.008264,1.065203,1.497038
9.994000,-0.000221,-0.008266,0.034797,-0.000030,-0.005645,-0.037326,-0.000000,-0.001015,1.570194,-0.300000,1.000000,1.100000,0.000000,0.000000,-1.571000,-0.299779,1.008266,1.065203,1.497039
9.996000,-0.000221,-0.008268,0.034797,-0.000030,-0.005645,-0.037326,-0.000000,-0.001015,1.570194,-0.300000,1.000000,1.100000,0.000000,0.000000,-1.571000,-0.299779,1.008268,1.065203,1.497040
9.998000,-0.000221,-0.008269,0.034797,-0.000030,-0.005645,-0.037326,-0.000000,-0.001015,1.570194,-0.300000,1.000000,1.100000,0.000000,0.000000,-1.571000,-0.299779,1.008269,1.065203,1.497041
10.000000,-0.000221,-0.008271,0.034797,-0.000030,-0.005645,-0.037326,-0.000000,-0.001015,1.570194,-0.300000,1.000000,1.100000,0.000000,0.000000,-1.571000,-0.299779,1.008271,1.065203,1.497042
10.002000,-0.000221,-0.008273,0.034797,-0.000030,-0.005645,-0.037326,-0.000000,-0.001015,1.570194,-0.300000,1.000000,1.100000,0.000000,0.000000,-1.571000,-0.299779,1.008273,1.065203,1.497043
10.004000,-0.000221,-0.008274,0.034797,-0.000030,-0.005645,-0.037326,-0.000000,-0.001015,1.570194,-0.300000,1.000000,1.100000,0.000000,0.000000,-1.571000,-0.299779,1.008274,1.065203,1.497044
10.006000,-0.000221,-0.008276,0.034797,-0.000030,-0.005645,-0.037326,-0.000000,-0.001015,1.570194,-0.300000,1.000000,1.100000,0.000000,0.000000,-1.571000,-0.299779,1.008276,1.065203,1.497045
10.008000,-0.000221,-0.008278,0.034797,-0.000030,-0.005645,-0.037326,-0.000000,-0.001015,1.570194,-0.300000,1.000000,1.100000,0.000000,0.000000,-1.571000,-0.299779,1.008278,1.065203,1.497047
10.010000,-0.000221,-0.008279,0.034797,-0.000030,-0.005645,-0.037326,-0.000000,-0.001015,1.570194,-0.300000,1.000000,1.100000,0.000000,0.000000,-1.571000,-0.299779,1.008279,1.065203,1.497048
10.012000,-0.000221,-0.008281,0.034797,-0.000030,-0.005645,-0.037326,-0.000000,-0.001015,1.570194,-0.300000,1.000000,1.100000,0.000000,0.000000,-1.571000,-0.299779,1.008281,1.065203,1.497049
10.014000,-0.000221,-0.008283,0.034797,-0.000030,-0.005645,-0.037326,-0.000000,-0.001015,1.570194,-0.300000,1.000000,1.100000,0.000000,0.000000,-1.571000,-0.299779,1.008283,1.065203,1.497050
10.016000,-0.000221,-0.008284,0.034797,-0.000030,-0.005645,-0.037326,-0.000000,-0.001015,1.570194,-0.300000,1.000000,1.100000,0.000000,0.000000,-1.571000,-0.299779,1.008284,1.065203,1.497051
10.018000,-0.000221,-0.008286,0.034797,-0.000030,-0.005645,-0.037326,-0.000000,-0.001015,1.570194,-0.300000,1.000000,1.100000,0.000000,0.000000,-1.571000,-0.299779,1.008286,1.065203,1.497052
10.020000,-0.000221,-0.008288,0.034797,-0.000030,-0.005645,-0.037326,-0.000000,-0.001015,1.570194,-0.300000,1.000000,1.100000,0.000000,0.000000,-1.571000,-0.299779,1.008288,1.065203,1.497053
10.022000,-0.000222,-0.008289,0.034797,-0.000030,-0.005645,-0.037326,-0.000000,-0.001015,1.570194,-0.300000,1.000000,1.100000,0.000000,0.000000,-1.571000,-0.299778,1.008289,1.065203,1.497054
10.024000,-0.000222,-0.008291,0.034797,-0.000030,-0.005645,-0.037326,-0.000000,-0.001015,1.570194,-0.300000,1.000000,1.100000,0.000000,0.000000,-1.571000,-0.299778,1.008291,1.065203,1.497056
10.026000,-0.000222,-0.008293,0.034797,-0.000030,-0.005645,-0.037326,-0.000000,-0.001015,1.570194,-0.300000,1.000000,1.100000,0.000000,0.000000,-1.571000,-0.299778,1.008293,1.065203,1.497057
10.028000,-0.000222,-0.008294,0.034797,-0.000030,-0.005645,-0.037326,-0.000000,-0.001015,1.570194,-0.300000,1.000000,1.100000,0.000000,0.000000,-1.571000,-0.299778,1.008294,1.065203,1.497058
10.030000,-0.000222,-0.008296,0.034797,-0.000030,-0.005645,-0.037326,-0.000000,-0.001015,1.570194,-0.300000,1.000000,1.100000,0.000000,0.000000,-1.571000,-0.299778,1.008296,1.065203,1.497059
10.032000,-0.000222,-0.008298,0.034797,-0.000030,-0.005645,-0.037326,-0.000000,-0.001015,1.570194,-0.300000,1.000000,1.100000,0.000000,0.000000,-1.571000,-0.299778,1.008298,1.065203,1.497060
10.034000,-0.000222,-0.008299,0.034797,-0.000030,-0.005645,-0.037326,-0.000000,-0.001015,1.570194,-0.300000,1.000000,1.100000,0.000000,0.000000,-1.571000,-0.299778,1.008299,1.065203,1.497061
10.036000,-0.000222,-0.008301,0.034797,-0.000030,-0.005645,-0.037326,-0.000000,-0.001015,1.570194,-0.300000,1.000000,1.100000,0.000000,0.000000,-1.571000,-0.299778,1.008301,1.065203,1.497062
10.038000,-0.000222,-0.008303,0.034797,-0.000030,-0.005645,-0.037326,-0.000000,-0.001015,1.570194,-0.300000,1.000000,1.100000,0.000000,0.000000,-1.571000,-0.299778,1.008303,1.065203,1.497063
10.040000,-0.000222,-0.008304,0.034797,-0.000030,-0.005645,-0.037326,-0.000000,-0.001015,1.570195,-0.300000,1.000000,1.100000,0.000000,0.000000,-1.571000,-0.299778,1.008304,1.065203,1.497064
10.042000,-0.000222,-0.008306,0.034797,-0.000030,-0.005645,-0.037326,-0.000000,-0.001015,1.570195,-0.300000,1.000000,1.100000,0.000000,0.000000,-1.571000,-0.299778,1.008306,1.065203,1.497066
10.044000,-0.000222,-0.008308,0.034797,-0.000030,-0.005645,-0.037326,-0.000000,-0.001015,1.570195,-0.300000,1.000000,1.100000,0.000000,0.000000,-1.571000,-0.299778,1.008308,1.065203,1.497067
10.046000,-0.000222,-0.008309,0.034797,-0.000030,-0.005645,-0.037326,-0.000000,-0.001015,1.570195,-0.300000,1.000000,1.100000,0.000000,0.000000,-1.571000,-0.299778,1.008309,1.065203,1.497068
10.048000,-0.000222,-0.008311,0.034797,-0.000030,-0.005645,-0.037326,-0.000000,-0.001015,1.570195,-0.300000,1.000000,1.100000,0.000000,0.000000,-1.571000,-0.299778,1.008311,1.065203,1.497069
10.050000,-0.000222,-0.008313,0.034797,-0.000030,-0.005645,-0.037326,-0.000000,-0.001015,1.570195,-0.300000,1.000000,1.100000,0.000000,0.000000,-1.571000,-0.299778,1.008313,1.065203,1.497070
10.052000,-0.000222,-0.008315,0.034797,-0.000030,-0.005645,-0.037326,-0.000000,-0.001015,1.570195,-0.300000,1.000000,1.100000,0.000000,0.000000,-1.571000,-0.299778,1.008315,1.065203,1.497071
10.054000,-0.000222,-0.008316,0.034797,-0.000030,-0.005645,-0.037326,-0.000000,-0.001015,1.570195,-0.300000,1.000000,1.100000,0.000000,0.000000,-1.571000,-0.299778,1.008316,1.065203,1.497072
10.056000,-0.000222,-0.008318,0.034797,-0.000030,-0.005645,-0.037326,-0.000000,-0.001015,1.570195,-0.300000,1.000000,1.100000,0.000000,0.000000,-1.571000,-0.299778,1.008318,1.065203,1.497073
10.058000,-0.000222,-0.008320,0.034797,-0.000030,-0.005645,-0.037326,-0.000000,-0.001015,1.570195,-0.300000,1.000000,1.100000,0.000000,0.000000,-1.571000,-0.299778,1.008320,1.065203,1.497075
10.060000,-0.000222,-0.008321,0.034797,-0.000030,-0.005645,-0.037326,-0.000000,-0.001015,1.570195,-0.300000,1.000000,1.100000,0.000000,0.000000,-1.571000,-0.299778,1.008321,1.065203,1.497076
10.062000,-0.000222,-0.008323,0.034797,-0.000030,-0.005645,-0.037326,-0.000000,-0.001015,1.570195,-0.300000,1.000000,1.100000,0.000000,0.000000,-1.571000,-0.299778,1.008323,1.065203,1.497077
10.064000,-0.000222,-0.008325,0.034797,-0.000030,-0.005645,-0.037326,-0.000000,-0.001015,1.570195,-0.300000,1.000000,1.100000,0.000000,0.000000,-1.571000,-0.299778,1.008325,1.065203,1.497078
10.066000,-0.000223,-0.008326,0.034797,-0.000030,-0.005645,-0.037326,-0.000000,-0.001015,1.570195,-0.300000,1.000000,1.100000,0.000000,0.000000,-1.571000,-0.299777,1.008326,1.065203,1.497079
10.068000,-0.000223,-0.008328,0.034797,-0.000030,-0.005645,-0.037326,-0.000000,-0.001015,1.570195,-0.300000,1.000000,1.100000,0.000000,0.000000,-1.571000,-0.299777,1.008328,1.065203,1.497080
10.070000,-0.000223,-0.008330,0.034797,-0.000030,-0.005645,-0.037326,-0.000000,-0.001015,1.570195,-0.300000,1.000000,1.100000,0.000000,0.000000,-1.571000,-0.299777,1.008330,1.065203,1.497081
10.072000,-0.000223,-0.008331,0.034797,-0.000030,-0.005645,-0.037326,-0.000000,-0.001015,1.570195,-0.300000,1.000000,1.100000,0.000000,0.000000,-1.571000,-0.299777,1.008331,1.065203,1.497082
10.074000,-0.000223,-0.008333,0.034797,-0.000030,-0.005645,-0.037326,-0.000000,-0.001015,1.570195,-0.300000,1.000000,1.100000,0.000000,0.000000,-1.571000,-0.299777,1.008333,1.065203,1.497083
10.076000,-0.000223,-0.008335,0.034797,-0.000030,-0.005645,-0.037326,-0.000000,-0.001015,1.570195,-0.300000,1.000000,1.100000,0.000000,0.000000,-1.571000,-0.299777,1.008335,1.065203,1.497085
10.078000,-0.000223,-0.008336,0.034797,-0.000030,-0.005645,-0.037326,-0.000000,-0.001015,1.570195,-0.300000,1.000000,1.100000,0.000000,0.000000,-1.571000,-0.299777,1.008336,1.065203,1.497086
10.080000,-0.000223,-0.008338,0.034797,-0.000030,-0.005645,-0.037326,-0.000000,-0.001015,1.570195,-0.300000,1.000000,1.100000,0.000000,0.000000,-1.571000,-0.299777,1.008338,1.065203,1.497087
10.082000,-0.000223,-0.008340,0.034797,-0.000030,-0.005645,-0.037326,-0.000000,-0.001015,1.570195,-0.300000,1.000000,1.100000,0.000000,0.000000,-1.571000,-0.299777,1.008340,1.065203,1.497088
10.084000,-0.000223,-0.008341,0.034797,-0.000030,-0.005645,-0.037326,-0.000000,-0.001015,1.570195,-0.300000,1.000000,1.100000,0.000000,0.000000,-1.571000,-0.299777,1.008341,1.065203,1.497089
10.086000,-0.000223,-0.008343,0.034797,-0.000030,-0.005645,-0.037326,-0.000000,-0.001015,1.570195,-0.300000,1.000000,1.100000,0.000000,0.000000,-1.571000,-0.299777,1.008343,1.065203,1.497090
10.088000,-0.000223,-0.008345,0.034797,-0.000030,-0.005645,-0.037326,-0.000000,-0.001015,1.570195,-0.300000,1.000000,1.100000,0.000000,0.000000,-1.571000,-0.299777,1.008345,1.065203,1.497091
10.090000,-0.000223,-0.008346,0.034797,-0.000030,-0.005645,-0.037326,-0.000000,-0.001015,1.570195,-0.300000,1.000000,1.100000,0.000000,0.000000,-1.571000,-0.299777,1.008346,1.065203,1.497092
10.092000,-0.000223,-0.008348,0.034797,-0.000030,-0.005645,-0.037326,-0.000000,-0.001015,1.570196,-0.300000,1.000000,1.100000,0.000000,0.000000,-1.571000,-0.299777,1.008348,1.065203,1.497094
10.094000,-0.000223,-0.008350,0.034797,-0.000030,-0.005645,-0.037326,-0.000000,-0.001015,1.570196,-0.300000,1.000000,1.100000,0.000000,0.000000,-1.571000,-0.299777,1.008350,1.065203,1.497095
10.096000,-0.000223,-0.008351,0.034797,-0.000030,-0.005645,-0.037326,-0.000000,-0.001015,1.570196,-0.300000,1.000000,1.100000,0.000000,0.000000,-1.571000,-0.299777,1.008351,1.065203,1.497096
10.098000,-0.000223,-0.008353,0.034797,-0.000030,-0.005645,-0.037326,-0.000000,-0.001015,1.570196,-0.300000,1.000000,1.100000,0.000000,0.000000,-1.571000,-0.299777,1.008353,1.065203,1.497097
10.100000,-0.000223,-0.008355,0.034797,-0.000030,-0.005645,-0.037326,-0.000000,-0.001015,1.570196,-0.300000,1.000000,1.100000,0.000000,0.000000,-1.571000,-0.299777,1.008355,1.065203,1.497098
10.102000,-0.000223,-0.008356,0.034797,-0.000030,-0.005645,-0.037326,-0.000000,-0.001015,1.570196,-0.300000,1.000000,1.100000,0.000000,0.000000,-1.571000,-0.299777,1.008356,1.065203,1.497099
10.104000,-0.000223,-0.008358,0.034797,-0.000030,-0.005645,-0.037326,-0.000000,-0.001015,1.570196,-0.300000,1.000000,1.100000,0.000000,0.000000,-1.571000,-0.299777,1.008358,1.065203,1.497100
10.106000,-0.000223,-0.008360,0.034797,-0.000030,-0.005645,-0.037326,-0.000000,-0.001015,1.570196,-0.300000,1.000000,1.100000,0.000000,0.000000,-1.571000,-0.299777,1.008360,1.065203,1.497101
10.108000,-0.000223,-0.008361,0.034797,-0.000030,-0.005645,-0.037326,-0.000000,-0.001015,1.570196,-0.300000,1.000000,1.100000,0.000000,0.000000,-1.571000,-0.299777,1.008361,1.065203,1.497102
10.110000,-0.000224,-0.008363,0.034797,-0.000030,-0.005645,-0.037326,-0.000000,-0.001015,1.570196,-0.300000,1.000000,1.100000,0.000000,0.000000,-1.571000,-0.299776,1.008363,1.065203,1.497104
10.112000,-0.000224,-0.008365,0.034797,-0.000030,-0.005645,-0.037326,-0.000000,-0.001015,1.570196,-0.300000,1.000000,1.100000,0.000000,0.000000,-1.571000,-0.299776,1.008365,1.065203,1.497105
10.114000,-0.000224,-0.008366,0.034797,-0.000030,-0.005645,-0.037326,-0.000000,-0.001015,1.570196,-0.300000,1.000000,1.100000,0.000000,0.000000,-1.571000,-0.299776,1.008366,1.065203,1.497106
10.116000,-0.000224,-0.008368,0.034797,-0.000030,-0.005645,-0.037326,-0.000000,-0.001015,1.570196,-0.300000,1.000000,1.100000,0.000000,0.000000,-1.571000,-0.299776,1.008368,1.065203,1.497107
10.118000,-0.000224,-0.008370,0.034797,-0.000030,-0.005645,-0.037326,-0.000000,-0.001015,1.570196,-0.300000,1.000000,1.100000,0.000000,0.000000,-1.571000,-0.299776,1.008370,1.065203,1.497108
10.120000,-0.000224,-0.008371,0.034797,-0.000030,-0.005645,-0.037326,-0.000000,-0.001015,1.570196,-0.300000,1.000000,1.100000,0.000000,0.000000,-1.571000,-0.299776,1.008371,1.065203,1.497109
10.122000,-0.000224,-0.008373,0.034797,-0.000030,-0.005645,-0.037326,-0.000000,-0.001015,1.570196,-0.300000,1.000000,1.100000,0.000000,0.000000,-1.571000,-0.299776,1.008373,1.065203,1.497110
10.124000,-0.000224,-0.008375,0.034797,-0.000030,-0.005645,-0.037326,-0.000000,-0.001015,1.570196,-0.300000,1.000000,1.100000,0.000000,0.000000,-1.571000,-0.299776,1.008375,1.065203,1.497111
10.126000,-0.000224,-0.008376,0.034797,-0.000030,-0.005645,-0.037326,-0.000000,-0.001015,1.570196,-0.300000,1.000000,1.100000,0.000000,0.000000,-1.571000,-0.299776,1.008376,1.065203,1.497113
10.128000,-0.000224,-0.008378,0.034797,-0.000030,-0.005645,-0.037326,-0.000000,-0.001015,1.570196,-0.300000,1.000000,1.100000,0.000000,0.000000,-1.571000,-0.299776,1.008378,1.065203,1.497114
10.130000,-0.000224,-0.008380,0.034797,-0.000030,-0.005645,-0.037326,-0.000000,-0.001015,1.570196,-0.300000,1.000000,1.100000,0.000000,0.000000,-1.571000,-0.299776,1.008380,1.065203,1.497115
10.132000,-0.000224,-0.008382,0.034797,-0.000030,-0.005645,-0.037326,-0.000000,-0.001015,1.570196,-0.300000,1.000000,1.100000,0.000000,0.000000,-1.571000,-0.299776,1.008382,1.065203,1.497116
10.134000,-0.000224,-0.008383,0.034797,-0.000030,-0.005645,-0.037326,-0.000000,-0.001015,1.570196,-0.300000,1.000000,1.100000,0.000000,0.000000,-1.571000,-0.299776,1.008383,1.065203,1.497117
10.136000,-0.000224,-0.008385,0.034797,-0.000030,-0.005645,-0.037326,-0.000000,-0.001015,1.570196,-0.300000,1.000000,1.100000,0.000000,0.000000,-1.571000,-0.299776,1.008385,1.065203,1.497118
10.138000,-0.000224,-0.008387,0.034797,-0.000030,-0.005645,-0.037326,-0.000000,-0.001015,1.570196,-0.300000,1.000000,1.100000,0.000000,0.000000,-1.571000,-0.299776,1.008387,1.065203,1.497119
10.140000,-0.000224,-0.008388,0.034797,-0.000030,-0.005645,-0.037326,-0.000000,-0.001015,1.570196,-0.300000,1.000000,1.100000,0.000000,0.000000,-1.571000,-0.299776,1.008388,1.065203,1.497120
10.142000,-0.000224,-0.008390,0.034797,-0.000030,-0.005645,-0.037326,-0.000000,-0.001015,1.570197,-0.300000,1.000000,1.100000,0.000000,0.000000,-1.571000,-0.299776,1.008390,1.065203,1.497122
10.144000,-0.000224,-0.008392,0.034797,-0.000030,-0.005645,-0.037326,-0.000000,-0.001015,1.570197,-0.300000,1.000000,1.100000,0.000000,0.000000,-1.571000,-0.299776,1.008392,1.065203,1.497123
10.146000,-0.000224,-0.008393,0.034797,-0.000030,-0.005645,-0.037326,-0.000000,-0.001015,1.570197,-0.300000,1.000000,1.100000,0.000000,0.000000,-1.571000,-0.299776,1.008393,1.065203,1.497124
10.148000,-0.000224,-0.008395,0.034797,-0.000030,-0.005645,-0.037326,-0.000000,-0.001015,1.570197,-0.300000,1.000000,1.100000,0.000000,0.000000,-1.571000,-0.299776,1.008395,1.065203,1.497125
10.150000,-0.000224,-0.008397,0.034797,-0.000030,-0.005645,-0.037326,-0.000000,-0.001015,1.570197,-0.300000,1.000000,1.100000,0.000000,0.000000,-1.571000,-0.299776,1.008397,1.065203,1.497126
10.152000,-0.000224,-0.008398,0.034797,-0.000030,-0.005645,-0.037326,-0.000000,-0.001015,1.570197,-0.300000,1.000000,1.100000,0.000000,0.000000,-1.571000,-0.299776,1.008398,1.065203,1.497127
10.154000,-0.000225,-0.008400,0.034797,-0.000030,-0.005645,-0.037326,-0.000000,-0.001015,1.570197,-0.300000,1.000000,1.100000,0.000000,0.000000,-1.571000,-0.299775,1.008400,1.065203,1.497128
10.156000,-0.000225,-0.008402,0.034797,-0.000030,-0.005645,-0.037326,-0.000000,-0.001015,1.570197,-0.300000,1.000000,1.100000,0.000000,0.000000,-1.571000,-0.299775,1.008402,1.065203,1.497129
10.158000,-0.000225,-0.008403,0.034797,-0.000030,-0.005645,-0.037326,-0.000000,-0.001015,1.570197,-0.300000,1.000000,1.100000,0.000000,0.000000,-1.571000,-0.299775,1.008403,1.065203,1.497130
10.160000,-0.000225,-0.008405,0.034797,-0.000030,-0.005645,-0.037326,-0.000000,-0.001015,1.570197,-0.300000,1.000000,1.100000,0.000000,0.000000,-1.571000,-0.299775,1.008405,1.065203,1.497132
10.162000,-0.000225,-0.008407,0.034797,-0.000030,-0.005645,-0.037326,-0.000000,-0.001015,1.570197,-0.300000,1.000000,1.100000,0.000000,0.000000,-1.571000,-0.299775,1.008407,1.065203,1.497133
10.164000,-0.000225,-0.008408,0.034797,-0.000030,-0.005645,-0.037326,-0.000000,-0.001015,1.570197,-0.300000,1.000000,1.100000,0.000000,0.000000,-1.571000,-0.299775,1.008408,1.065203,1.497134
10.166000,-0.000225,-0.008410,0.034797,-0.000030,-0.005645,-0.037326,-0.000000,-0.001015,1.570197,-0.300000,1.000000,1.100000,0.000000,0.000000,-1.571000,-0.299775,1.008410,1.065203,1.497135
10.168000,-0.000225,-0.008412,0.034797,-0.000030,-0.005645,-0.037326,-0.000000,-0.001015,1.570197,-0.300000,1.000000,1.100000,0.000000,0.000000,-1.571000,-0.299775,1.008412,1.065203,1.497136
10.170000,-0.000225,-0.008413,0.034797,-0.000030,-0.005645,-0.037326,-0.000000,-0.001015,1.570197,-0.300000,1.000000,1.100000,0.000000,0.000000,-1.571000,-0.299775,1.008413,1.065203,1.497137
10.172000,-0.000225,-0.008415,0.034797,-0.000030,-0.005645,-0.037326,-0.000000,-0.001015,1.570197,-0.300000,1.000000,1.100000,0.000000,0.000000,-1.571000,-0.299775,1.008415,1.065203,1.497138
10.174000,-0.000225,-0.008417,0.034797,-0.000030,-0.005645,-0.037326,-0.000000,-0.001015,1.570197,-0.300000,1.000000,1.100000,0.000000,0.000000,-1.571000,-0.299775,1.008417,1.065203,1.497139
10.176000,-0.000225,-0.008418,0.034797,-0.000030,-0.005645,-0.037326,-0.000000,-0.001015,1.570197,-0.300000,1.000000,1.100000,0.000000,0.000000,-1.571000,-0.299775,1.008418,1.065203,1.497141
10.178000,-0.000225,-0.008420,0.034797,-0.000030,-0.005645,-0.037326,-0.000000,-0.001015,1.570197,-0.300000,1.000000,1.100000,0.000000,0.000000,-1.571000,-0.299775,1.008420,1.065203,1.497142
10.180000,-0.000225,-0.008422,0.034797,-0.000030,-0.005645,-0.037326,-0.000000,-0.001015,1.570197,-0.300000,1.000000,1.100000,0.000000,0.000000,-1.571000,-0.299775,1.008422,1.065203,1.497143
10.182000,-0.000225,-0.008423,0.034797,-0.000030,-0.005645,-0.037326,-0.000000,-0.001015,1.570197,-0.300000,1.000000,1.100000,0.000000,0.000000,-1.571000,-0.299775,1.008423,1.065203,1.497144
10.184000,-0.000225,-0.008425,0.034797,-0.000030,-0.005645,-0.037326,-0.000000,-0.001015,1.570197,-0.300000,1.000000,1.100000,0.000000,0.000000,-1.571000,-0.299775,1.008425,1.065203,1.497145
10.186000,-0.000225,-0.008427,0.034797,-0.000030,-0.005645,-0.037326,-0.000000,-0.001015,1.570197,-0.300000,1.000000,1.100000,0.000000,0.000000,-1.571000,-0.299775,1.008427,1.065203,1.497146
10.188000,-0.000225,-0.008428,0.034797,-0.000030,-0.005645,-0.037326,-0.000000,-0.001015,1.570197,-0.300000,1.000000,1.100000,0.000000,0.000000,-1.571000,-0.299775,1.008428,1.065203,1.497147
10.190000,-0.000225,-0.008430,0.034797,-0.000030,-0.005645,-0.037326,-0.000000,-0.001015,1.570197,-0.300000,1.000000,1.100000,0.000000,0.000000,-1.571000,-0.299775,1.008430,1.065203,1.497148
10.192000,-0.000225,-0.008432,0.034797,-0.000030,-0.005645,-0.037326,-0.000000,-0.001015,1.570197,-0.300000,1.000000,1.100000,0.000000,0.000000,-1.571000,-0.299775,1.008432,1.065203,1.497149
10.194000,-0.000225,-0.008433,0.034797,-0.000030,-0.005645,-0.037326,-0.000000,-0.001015,1.570198,-0.300000,1.000000,1.100000,0.000000,0.000000,-1.571000,-0.299775,1.008433,1.065203,1.497151
10.196000,-0.000225,-0.008435,0.034797,-0.000030,-0.005645,-0.037326,-0.000000,-0.001015,1.570198,-0.300000,1.000000,1.100000,0.000000,0.000000,-1.571000,-0.299775,1.008435,1.065203,1.497152
10.198000,-0.000226,-0.008437,0.034797,-0.000030,-0.005645,-0.037326,-0.000000,-0.001015,1.570198,-0.300000,1.000000,1.100000,0.000000,0.000000,-1.571000,-0.299774,1.008437,1.065203,1.497153
10.200000,-0.000226,-0.008438,0.034797,-0.000030,-0.005645,-0.037326,-0.000000,-0.001015,1.570198,-0.300000,1.000000,1.100000,0.000000,0.000000,-1.571000,-0.299774,1.008438,1.065203,1.497154
10.202000,-0.000226,-0.008440,0.034797,-0.000030,-0.005645,-0.037326,-0.000000,-0.001015,1.570198,-0.300000,1.000000,1.100000,0.000000,0.000000,-1.571000,-0.299774,1.008440,1.065203,1.497155
10.204000,-0.000226,-0.008442,0.034797,-0.000030,-0.005645,-0.037326,-0.000000,-0.001015,1.570198,-0.300000,1.000000,1.100000,0.000000,0.000000,-1.571000,-0.299774,1.008442,1.065203,1.497156
10.206000,-0.000226,-0.008443,0.034797,-0.000030,-0.005645,-0.037326,-0.000000,-0.001015,1.570198,-0.300000,1.000000,1.100000,0.000000,0.000000,-1.571000,-0.299774,1.008443,1.065203,1.497157
10.208000,-0.000226,-0.008445,0.034797,-0.000030,-0.005645,-0.037326,-0.000000,-0.001015,1.570198,-0.300000,1.000000,1.100000,0.000000,0.000000,-1.571000,-0.299774,1.008445,1.065203,1.497158
10.210000,-0.000226,-0.008447,0.034797,-0.000030,-0.005645,-0.037326,-0.000000,-0.001015,1.570198,-0.300000,1.000000,1.100000,0.000000,0.000000,-1.571000,-0.299774,1.008447,1.065203,1.497160
10.212000,-0.000226,-0.008448,0.034797,-0.000030,-0.005645,-0.037326,-0.000000,-0.001015,1.570198,-0.300000,1.000000,1.100000,0.000000,0.000000,-1.571000,-0.299774,1.008448,1.065203,1.497161
10.214000,-0.000226,-0.008450,0.034797,-0.000030,-0.005645,-0.037326,-0.000000,-0.001015,1.570198,-0.300000,1.000000,1.100000,0.000000,0.000000,-1.571000,-0.299774,1.008450,1.065203,1.497162
10.216000,-0.000226,-0.008452,0.034797,-0.000030,-0.005645,-0.037326,-0.000000,-0.001015,1.570198,-0.300000,1.000000,1.100000,0.000000,0.000000,-1.571000,-0.299774,1.008452,1.065203,1.497163
10.218000,-0.000226,-0.008454,0.034797,-0.000030,-0.005645,-0.037326,-0.000000,-0.001015,1.570198,-0.300000,1.000000,1.100000,0.000000,0.000000,-1.571000,-0.299774,1.008454,1.065203,1.497164
10.220000,-0.000226,-0.008455,0.034797,-0.000030,-0.005645,-0.037326,-0.000000,-0.001015,1.570198,-0.300000,1.000000,1.100000,0.000000,0.000000,-1.571000,-0.299774,1.008455,1.065203,1.497165
10.222000,-0.000226,-0.008457,0.034797,-0.000030,-0.005645,-0.037326,-0.000000,-0.001015,1.570198,-0.300000,1.000000,1.100000,0.000000,0.000000,-1.571000,-0.299774,1.008457,1.065203,1.497166
10.224000,-0.000226,-0.008459,0.034797,-0.000030,-0.005645,-0.037326,-0.000000,-0.001015,1.570198,-0.300000,1.000000,1.100000,0.000000,0.000000,-1.571000,-0.299774,1.008459,1.065203,1.497167
10.226000,-0.000226,-0.008460,0.034797,-0.000030,-0.005645,-0.037326,-0.000000,-0.001015,1.570198,-0.300000,1.000000,1.100000,0.000000,0.000000,-1.571000,-0.299774,1.008460,1.065203,1.497169
10.228000,-0.000226,-0.008462,0.034797,-0.000030,-0.005645,-0.037326,-0.000000,-0.001015,1.570198,-0.300000,1.000000,1.100000,0.000000,0.000000,-1.571000,-0.299774,1.008462,1.065203,1.497170
10.230000,-0.000226,-0.008464,0.034797,-0.000030,-0.005645,-0.037326,-0.000000,-0.001015,1.570198,-0.300000,1.000000,1.100000,0.000000,0.000000,-1.571000,-0.299774,1.008464,1.065203,1.497171
10.232000,-0.000226,-0.008465,0.034797,-0.000030,-0.005645,-0.037326,-0.000000,-0.001015,1.570198,-0.300000,1.000000,1.100000,0.000000,0.000000,-1.571000,-0.299774,1.008465,1.065203,1.497172
10.234000,-0.000226,-0.008467,0.034797,-0.000030,-0.005645,-0.037326,-0.000000,-0.001015,1.570198,-0.300000,1.000000,1.100000,0.000000,0.000000,-1.571000,-0.299774,1.008467,1.065203,1.497173
10.236000,-0.000226,-0.008469,0.034797,-0.000030,-0.005645,-0.037326,-0.000000,-0.001015,1.570198,-0.300000,1.000000,1.100000,0.000000,0.000000,-1.571000,-0.299774,1.008469,1.065203,1.497174
10.238000,-0.000226,-0.008470,0.034797,-0.000030,-0.005645,-0.037326,-0.000000,-0.001015,1.570198,-0.300000,1.000000,1.100000,0.000000,0.000000,-1.571000,-0.299774,1.008470,1.065203,1.497175
10.240000,-0.000226,-0.008472,0.034797,-0.000030,-0.005645,-0.037326,-0.000000,-0.001015,1.570198,-0.300000,1.000000,1.100000,0.000000,0.000000,-1.571000,-0.299774,1.008472,1.065203,1.497176
10.242000,-0.000227,-0.008474,0.034797,-0.000030,-0.005645,-0.037326,-0.000000,-0.001015,1.570198,-0.300000,1.000000,1.100000,0.000000,0.000000,-1.571000,-0.299773,1.008474,1.065203,1.497177
10.244000,-0.000227,-0.008475,0.034797,-0.000030,-0.005645,-0.037326,-0.000000,-0.001015,1.570199,-0.300000,1.000000,1.100000,0.000000,0.000000,-1.571000,-0.299773,1.008475,1.065203,1.497179
10.246000,-0.000227,-0.008477,0.034797,-0.000030,-0.005645,-0.037326,-0.000000,-0.001015,1.570199,-0.300000,1.000000,1.100000,0.000000,0.000000,-1.571000,-0.299773,1.008477,1.065203,1.497180
10.248000,-0.000227,-0.008479,0.034797,-0.000030,-0.005645,-0.037326,-0.000000,-0.001015,1.570199,-0.300000,1.000000,1.100000,0.000000,0.000000,-1.571000,-0.299773,1.008479,1.065203,1.497181
10.250000,-0.000227,-0.008480,0.034797,-0.000030,-0.005645,-0.037326,-0.000000,-0.001015,1.570199,-0.300000,1.000000,1.100000,0.000000,0.000000,-1.571000,-0.299773,1.008480,1.065203,1.497182
10.252000,-0.000227,-0.008482,0.034797,-0.000030,-0.005645,-0.037326,-0.000000,-0.001015,1.570199,-0.300000,1.000000,1.100000,0.000000,0.000000,-1.571000,-0.299773,1.008482,1.065203,1.497183
10.254000,-0.000227,-0.008484,0.034797,-0.000030,-0.005645,-0.037326,-0.000000,-0.001015,1.570199,-0.300000,1.000000,1.100000,0.000000,0.000000,-1.571000,-0.299773,1.008484,1.065203,1.497184
10.256000,-0.000227,-0.008485,0.034797,-0.000030,-0.005645,-0.037326,-0.000000,-0.001015,1.570199,-0.300000,1.000000,1.100000,0.000000,0.000000,-1.571000,-0.299773,1.008485,1.065203,1.497185
10.258000,-0.000227,-0.008487,0.034797,-0.000030,-0.005645,-0.037326,-0.000000,-0.001015,1.570199,-0.300000,1.000000,1.100000,0.000000,0.000000,-1.571000,-0.299773,1.008487,1.065203,1.497186
10.260000,-0.000227,-0.008489,0.034797,-0.000030,-0.005645,-0.037326,-0.000000,-0.001015,1.570199,-0.300000,1.000000,1.100000,0.000000,0.000000,-1.571000,-0.299773,1.008489,1.065203,1.497188
10.262000,-0.000227,-0.008490,0.034797,-0.000030,-0.005645,-0.037326,-0.000000,-0.001015,1.570199,-0.300000,1.000000,1.100000,0.000000,0.000000,-1.571000,-0.299773,1.008490,1.065203,1.497189
10.264000,-0.000227,-0.008492,0.034797,-0.000030,-0.005645,-0.037326,-0.000000,-0.001015,1.570199,-0.300000,1.000000,1.100000,0.000000,0.000000,-1.571000,-0.299773,1.008492,1.065203,1.497190
10.266000,-0.000227,-0.008494,0.034797,-0.000030,-0.005645,-0.037326,-0.000000,-0.001015,1.570199,-0.300000,1.000000,1.100000,0.000000,0.000000,-1.571000,-0.299773,1.008494,1.065203,1.497191
10.268000,-0.000227,-0.008495,0.034797,-0.000030,-0.005645,-0.037326,-0.000000,-0.001015,1.570199,-0.300000,1.000000,1.100000,0.000000,0.000000,-1.571000,-0.299773,1.008495,1.065203,1.497192
10.270000,-0.000227,-0.008497,0.034797,-0.000030,-0.005645,-0.037326,-0.000000,-0.001015,1.570199,-0.300000,1.000000,1.100000,0.000000,0.000000,-1.571000,-0.299773,1.008497,1.065203,1.497193
10.272000,-0.000227,-0.008499,0.034797,-0.000030,-0.005645,-0.037326,-0.000000,-0.001015,1.570199,-0.300000,1.000000,1.100000,0.000000,0.000000,-1.571000,-0.299773,1.008499,1.065203,1.497194
10.274000,-0.000227,-0.008500,0.034797,-0.000030,-0.005645,-0.037326,-0.000000,-0.001015,1.570199,-0.300000,1.000000,1.100000,0.000000,0.000000,-1.571000,-0.299773,1.008500,1.065203,1.497195
10.276000,-0.000227,-0.008502,0.034797,-0.000030,-0.005645,-0.037326,-0.000000,-0.001015,1.570199,-0.300000,1.000000,1.100000,0.000000,0.000000,-1.571000,-0.299773,1.008502,1.065203,1.497196
10.278000,-0.000227,-0.008504,0.034797,-0.000030,-0.005645,-0.037326,-0.000000,-0.001015,1.570199,-0.300000,1.000000,1.100000,0.000000,0.000000,-1.571000,-0.299773,1.008504,1.065203,1.497198
10.280000,-0.000227,-0.008505,0.034797,-0.000030,-0.005645,-0.037326,-0.000000,-0.001015,1.570199,-0.300000,1.000000,1.100000,0.000000,0.000000,-1.571000,-0.299773,1.008505,1.065203,1.497199
10.282000,-0.000227,-0.008507,0.034797,-0.000030,-0.005645,-0.037326,-0.000000,-0.001015,1.570199,-0.300000,1.000000,1.100000,0.000000,0.000000,-1.571000,-0.299773,1.008507,1.065203,1.497200
10.284000,-0.000227,-0.008509,0.034797,-0.000030,-0.005645,-0.037326,-0.000000,-0.001015,1.570199,-0.300000,1.000000,1.100000,0.000000,0.000000,-1.571000,-0.299773,1.008509,1.065203,1.497201
10.286000,-0.000228,-0.008510,0.034797,-0.000030,-0.005645,-0.037326,-0.000000,-0.001015,1.570199,-0.300000,1.000000,1.100000,0.000000,0.000000,-1.571000,-0.299772,1.008510,1.065203,1.497202
10.288000,-0.000228,-0.008512,0.034797,-0.000030,-0.005645,-0.037326,-0.000000,-0.001015,1.570199,-0.300000,1.000000,1.100000,0.000000,0.000000,-1.571000,-0.299772,1.008512,1.065203,1.497203
10.290000,-0.000228,-0.008514,0.034797,-0.000030,-0.005645,-0.037326,-0.000000,-0.001015,1.570199,-0.300000,1.000000,1.100000,0.000000,0.000000,-1.571000,-0.299772,1.008514,1.065203,1.497204
10.292000,-0.000228,-0.008515,0.034797,-0.000030,-0.005645,-0.037326,-0.000000,-0.001015,1.570199,-0.300000,1.000000,1.100000,0.000000,0.000000,-1.571000,-0.299772,1.008515,1.065203,1.497205
10.294000,-0.000228,-0.008517,0.034797,-0.000030,-0.005645,-0.037326,-0.000000,-0.001015,1.570199,-0.300000,1.000000,1.100000,0.000000,0.000000,-1.571000,-0.299772,1.008517,1.065203,1.497207
10.296000,-0.000228,-0.008519,0.034797,-0.000030,-0.005645,-0.037326,-0.000000,-0.001015,1.570200,-0.300000,1.000000,1.100000,0.000000,0.000000,-1.571000,-0.299772,1.008519,1.065203,1.497208
10.298000,-0.000228,-0.008521,0.034797,-0.000030,-0.005645,-0.037326,-0.000000,-0.001015,1.570200,-0.300000,1.000000,1.100000,0.000000,0.000000,-1.571000,-0.299772,1.008521,1.065203,1.497209
10.300000,-0.000228,-0.008522,0.034797,-0.000030,-0.005645,-0.037326,-0.000000,-0.001015,1.570200,-0.300000,1.000000,1.100000,0.000000,0.000000,-1.571000,-0.299772,1.008522,1.065203,1.497210
10.302000,-0.000228,-0.008524,0.034797,-0.000030,-0.005645,-0.037326,-0.000000,-0.001015,1.570200,-0.300000,1.000000,1.100000,0.000000,0.000000,-1.571000,-0.299772,1.008524,1.065203,1.497211
10.304000,-0.000228,-0.008526,0.034797,-0.000030,-0.005645,-0.037326,-0.000000,-0.001015,1.570200,-0.300000,1.000000,1.100000,0.000000,0.000000,-1.571000,-0.299772,1.008526,1.065203,1.497212
10.306000,-0.000228,-0.008527,0.034797,-0.000030,-0.005645,-0.037326,-0.000000,-0.001015,1.570200,-0.300000,1.000000,1.100000,0.000000,0.000000,-1.571000,-0.299772,1.008527,1.065203,1.497213
10.308000,-0.000228,-0.008529,0.034797,-0.000030,-0.005645,-0.037326,-0.000000,-0.001015,1.570200,-0.300000,1.000000,1.100000,0.000000,0.000000,-1.571000,-0.299772,1.008529,1.065203,1.497214
10.310000,-0.000228,-0.008531,0.034797,-0.000030,-0.005645,-0.037326,-0.000000,-0.001015,1.570200,-0.300000,1.000000,1.100000,0.000000,0.000000,-1.571000,-0.299772,1.008531,1.065203,1.497216
10.312000,-0.000228,-0.008532,0.034797,-0.000030,-0.005645,-0.037326,-0.000000,-0.001015,1.570200,-0.300000,1.000000,1.100000,0.000000,0.000000,-1.571000,-0.299772,1.008532,1.065203,1.497217
10.314000,-0.000228,-0.008534,0.034797,-0.000030,-0.005645,-0.037326,-0.000000,-0.001015,1.570200,-0.300000,1.000000,1.100000,0.000000,0.000000,-1.571000,-0.299772,1.008534,1.065203,1.497218
10.316000,-0.000228,-0.008536,0.034797,-0.000030,-0.005645,-0.037326,-0.000000,-0.001015,1.570200,-0.300000,1.000000,1.100000,0.000000,0.000000,-1.571000,-0.299772,1.008536,1.065203,1.497219
10.318000,-0.000228,-0.008537,0.034797,-0.000030,-0.005645,-0.037326,-0.000000,-0.001015,1.570200,-0.300000,1.000000,1.100000,0.000000,0.000000,-1.571000,-0.299772,1.008537,1.065203,1.497220
10.320000,-0.000228,-0.008539,0.034797,-0.000030,-0.005645,-0.037326,-0.000000,-0.001015,1.570200,-0.300000,1.000000,1.100000,0.000000,0.000000,-1.571000,-0.299772,1.008539,1.065203,1.497221
10.322000,-0.000228,-0.008541,0.034797,-0.000030,-0.005645,-0.037326,-0.000000,-0.001015,1.570200,-0.300000,1.000000,1.100000,0.000000,0.000000,-1.571000,-0.299772,1.008541,1.065203,1.497222
10.324000,-0.000228,-0.008542,0.034797,-0.000030,-0.005645,-0.037326,-0.000000,-0.001015,1.570200,-0.300000,1.000000,1.100000,0.000000,0.000000,-1.571000,-0.299772,1.008542,1.065203,1.497223
10.326000,-0.000228,-0.008544,0.034797,-0.000030,-0.005645,-0.037326,-0.000000,-0.001015,1.570200,-0.300000,1.000000,1.100000,0.000000,0.000000,-1.571000,-0.299772,1.008544,1.065203,1.497224
10.328000,-0.000228,-0.008546,0.034797,-0.000030,-0.005645,-0.037326,-0.000000,-0.001015,1.570200,-0.300000,1.000000,1.100000,0.000000,0.000000,-1.571000,-0.299772,1.008546,1.065203,1.497226
10.330000,-0.000229,-0.008547,0.034797,-0.000030,-0.005645,-0.037326,-0.000000,-0.001015,1.570200,-0.300000,1.000000,1.100000,0.000000,0.000000,-1.571000,-0.299771,1.008547,1.065203,1.497227
10.332000,-0.000229,-0.008549,0.034797,-0.000030,-0.005645,-0.037326,-0.000000,-0.001015,1.570200,-0.300000,1.000000,1.100000,0.000000,0.000000,-1.571000,-0.299771,1.008549,1.065203,1.497228
10.334000,-0.000229,-0.008551,0.034797,-0.000030,-0.005645,-0.037326,-0.000000,-0.001015,1.570200,-0.300000,1.000000,1.100000,0.000000,0.000000,-1.571000,-0.299771,1.008551,1.065203,1.497229
10.336000,-0.000229,-0.008552,0.034797,-0.000030,-0.005645,-0.037326,-0.000000,-0.001015,1.570200,-0.300000,1.000000,1.100000,0.000000,0.000000,-1.571000,-0.299771,1.008552,1.065203,1.497230
10.338000,-0.000229,-0.008554,0.034797,-0.000030,-0.005645,-0.037326,-0.000000,-0.001015,1.570200,-0.300000,1.000000,1.100000,0.000000,0.000000,-1.571000,-0.299771,1.008554,1.065203,1.497231
10.340000,-0.000229,-0.008556,0.034797,-0.000030,-0.005645,-0.037326,-0.000000,-0.001015,1.570200,-0.300000,1.000000,1.100000,0.000000,0.000000,-1.571000,-0.299771,1.008556,1.065203,1.497232
10.342000,-0.000229,-0.008557,0.034797,-0.000030,-0.005645,-0.037326,-0.000000,-0.001015,1.570200,-0.300000,1.000000,1.100000,0.000000,0.000000,-1.571000,-0.299771,1.008557,1.065203,1.497233
10.344000,-0.000229,-0.008559,0.034797,-0.000030,-0.005645,-0.037326,-0.000000,-0.001015,1.570200,-0.300000,1.000000,1.100000,0.000000,0.000000,-1.571000,-0.299771,1.008559,1.065203,1.497235
10.346000,-0.000229,-0.008561,0.034797,-0.000030,-0.005645,-0.037326,-0.000000,-0.001015,1.570201,-0.300000,1.000000,1.100000,0.000000,0.000000,-1.571000,-0.299771,1.008561,1.065203,1.497236
10.348000,-0.000229,-0.008562,0.034797,-0.000030,-0.005645,-0.037326,-0.000000,-0.001015,1.570201,-0.300000,1.000000,1.100000,0.000000,0.000000,-1.571000,-0.299771,1.008562,1.065203,1.497237
10.350000,-0.000229,-0.008564,0.034797,-0.000030,-0.005645,-0.037326,-0.000000,-0.001015,1.570201,-0.300000,1.000000,1.100000,0.000000,0.000000,-1.571000,-0.299771,1.008564,1.065203,1.497238
10.352000,-0.000229,-0.008566,0.034797,-0.000030,-0.005645,-0.037326,-0.000000,-0.001015,1.570201,-0.300000,1.000000,1.100000,0.000000,0.000000,-1.571000,-0.299771,1.008566,1.065203,1.497239
10.354000,-0.000229,-0.008567,0.034797,-0.000030,-0.005645,-0.037326,-0.000000,-0.001015,1.570201,-0.300000,1.000000,1.100000,0.000000,0.000000,-1.571000,-0.299771,1.008567,1.065203,1.497240
10.356000,-0.000229,-0.008569,0.034797,-0.000030,-0.005645,-0.037326,-0.000000,-0.001015,1.570201,-0.300000,1.000000,1.100000,0.000000,0.000000,-1.571000,-0.299771,1.008569,1.065203,1.497241
10.358000,-0.000229,-0.008571,0.034797,-0.000030,-0.005645,-0.037326,-0.000000,-0.001015,1.570201,-0.300000,1.000000,1.100000,0.000000,0.000000,-1.571000,-0.299771,1.008571,1.065203,1.497242
10.360000,-0.000229,-0.008572,0.034797,-0.000030,-0.005645,-0.037326,-0.000000,-0.001015,1.570201,-0.300000,1.000000,1.100000,0.000000,0.000000,-1.571000,-0.299771,1.008572,1.065203,1.497243
10.362000,-0.000229,-0.008574,0.034797,-0.000030,-0.005645,-0.037326,-0.000000,-0.001015,1.570201,-0.300000,1.000000,1.100000,0.000000,0.000000,-1.571000,-0.299771,1.008574,1.065203,1.497245
10.364000,-0.000229,-0.008576,0.034797,-0.000030,-0.005645,-0.037326,-0.000000,-0.001015,1.570201,-0.300000,1.000000,1.100000,0.000000,0.000000,-1.571000,-0.299771,1.008576,1.065203,1.497246
10.366000,-0.000229,-0.008577,0.034797,-0.000030,-0.005645,-0.037326,-0.000000,-0.001015,1.570201,-0.300000,1.000000,1.100000,0.000000,0.000000,-1.571000,-0.299771,1.008577,1.065203,1.497247
10.368000,-0.000229,-0.008579,0.034797,-0.000030,-0.005645,-0.037326,-0.000000,-0.001015,1.570201,-0.300000,1.000000,1.100000,0.000000,0.000000,-1.571000,-0.299771,1.008579,1.065203,1.497248
10.370000,-0.000229,-0.008581,0.034797,-0.000030,-0.005645,-0.037326,-0.000000,-0.001015,1.570201,-0.300000,1.000000,1.100000,0.000000,0.000000,-1.571000,-0.299771,1.008581,1.065203,1.497249
10.372000,-0.000229,-0.008582,0.034797,-0.000030,-0.005645,-0.037326,-0.000000,-0.001015,1.570201,-0.300000,1.000000,1.100000,0.000000,0.000000,-1.571000,-0.299771,1.008582,1.065203,1.497250
10.374000,-0.000230,-0.008584,0.034797,-0.000030,-0.005645,-0.037326,-0.000000,-0.001015,1.570201,-0.300000,1.000000,1.100000,0.000000,0.000000,-1.571000,-0.299770,1.008584,1.065203,1.497251
10.376000,-0.000230,-0.008586,0.034797,-0.000030,-0.005645,-0.037326,-0.000000,-0.001015,1.570201,-0.300000,1.000000,1.100000,0.000000,0.000000,-1.571000,-0.299770,1.008586,1.065203,1.497252
10.378000,-0.000230,-0.008587,0.034797,-0.000030,-0.005645,-0.037326,-0.000000,-0.001015,1.570201,-0.300000,1.000000,1.100000,0.000000,0.000000,-1.571000,-0.299770,1.008587,1.065203,1.497254
10.380000,-0.000230,-0.008589,0.034797,-0.000030,-0.005645,-0.037326,-0.000000,-0.001015,1.570201,-0.300000,1.000000,1.100000,0.000000,0.000000,-1.571000,-0.299770,1.008589,1.065203,1.497255
10.382000,-0.000230,-0.008591,0.034797,-0.000030,-0.005645,-0.037326,-0.000000,-0.001015,1.570201,-0.300000,1.000000,1.100000,0.000000,0.000000,-1.571000,-0.299770,1.008591,1.065203,1.497256
10.384000,-0.000230,-0.008593,0.034797,-0.000030,-0.005645,-0.037326,-0.000000,-0.001015,1.570201,-0.300000,1.000000,1.100000,0.000000,0.000000,-1.571000,-0.299770,1.008593,1.065203,1.497257
10.386000,-0.000230,-0.008594,0.034797,-0.000030,-0.005645,-0.037326,-0.000000,-0.001015,1.570201,-0.300000,1.000000,1.100000,0.000000,0.000000,-1.571000,-0.299770,1.008594,1.065203,1.497258
10.388000,-0.000230,-0.008596,0.034797,-0.000030,-0.005645,-0.037326,-0.000000,-0.001015,1.570201,-0.300000,1.000000,1.100000,0.000000,0.000000,-1.571000,-0.299770,1.008596,1.065203,1.497259
10.390000,-0.000230,-0.008598,0.034797,-0.000030,-0.005645,-0.037326,-0.000000,-0.001015,1.570201,-0.300000,1.000000,1.100000,0.000000,0.000000,-1.571000,-0.299770,1.008598,1.065203,1.497260
10.392000,-0.000230,-0.008599,0.034797,-0.000030,-0.005645,-0.037326,-0.000000,-0.001015,1.570201,-0.300000,1.000000,1.100000,0.000000,0.000000,-1.571000,-0.299770,1.008599,1.065203,1.497261
10.394000,-0.000230,-0.008601,0.034797,-0.000030,-0.005645,-0.037326,-0.000000,-0.001015,1.570201,-0.300000,1.000000,1.100000,0.000000,0.000000,-1.571000,-0.299770,1.008601,1.065203,1.497263
10.396000,-0.000230,-0.008603,0.034797,-0.000030,-0.005645,-0.037326,-0.000000,-0.001015,1.570201,-0.300000,1.000000,1.100000,0.000000,0.000000,-1.571000,-0.299770,1.008603,1.065203,1.497264
10.398000,-0.000230,-0.008604,0.034797,-0.000030,-0.005645,-0.037326,-0.000000,-0.001015,1.570202,-0.300000,1.000000,1.100000,0.000000,0.000000,-1.571000,-0.299770,1.008604,1.065203,1.497265
10.400000,-0.000230,-0.008606,0.034797,-0.000030,-0.005645,-0.037326,-0.000000,-0.001015,1.570202,-0.300000,1.000000,1.100000,0.000000,0.000000,-1.571000,-0.299770,1.008606,1.065203,1.497266
10.402000,-0.000230,-0.008608,0.034797,-0.000030,-0.005645,-0.037326,-0.000000,-0.001015,1.570202,-0.300000,1.000000,1.100000,0.000000,0.000000,-1.571000,-0.299770,1.008608,1.065203,1.497267
10.404000,-0.000230,-0.008609,0.034797,-0.000030,-0.005645,-0.037326,-0.000000,-0.001015,1.570202,-0.300000,1.000000,1.100000,0.000000,0.000000,-1.571000,-0.299770,1.008609,1.065203,1.497268
10.406000,-0.000230,-0.008611,0.034797,-0.000030,-0.005645,-0.037326,-0.000000,-0.001015,1.570202,-0.300000,1.000000,1.100000,0.000000,0.000000,-1.571000,-0.299770,1.008611,1.065203,1.497269
10.408000,-0.000230,-0.008613,0.034797,-0.000030,-0.005645,-0.037326,-0.000000,-0.001015,1.570202,-0.300000,1.000000,1.100000,0.000000,0.000000,-1.571000,-0.299770,1.008613,1.065203,1.497270
10.410000,-0.000230,-0.008614,0.034797,-0.000030,-0.005645,-0.037326,-0.000000,-0.001015,1.570202,-0.300000,1.000000,1.100000,0.000000,0.000000,-1.571000,-0.299770,1.008614,1.065203,1.497271
10.412000,-0.000230,-0.008616,0.034797,-0.000030,-0.005645,-0.037326,-0.000000,-0.001015,1.570202,-0.300000,1.000000,1.100000,0.000000,0.000000,-1.571000,-0.299770,1.008616,1.065203,1.497273
10.414000,-0.000230,-0.008618,0.034797,-0.000030,-0.005645,-0.037326,-0.000000,-0.001015,1.570202,-0.300000,1.000000,1.100000,0.000000,0.000000,-1.571000,-0.299770,1.008618,1.065203,1.497274
10.416000,-0.000230,-0.008619,0.034797,-0.000030,-0.005645,-0.037326,-0.000000,-0.001015,1.570202,-0.300000,1.000000,1.100000,0.000000,0.000000,-1.571000,-0.299770,1.008619,1.065203,1.497275
10.418000,-0.000231,-0.008621,0.034797,-0.000030,-0.005645,-0.037326,-0.000000,-0.001015,1.570202,-0.300000,1.000000,1.100000,0.000000,0.000000,-1.571000,-0.299769,1.008621,1.065203,1.497276
10.420000,-0.000231,-0.008623,0.034797,-0.000030,-0.005645,-0.037326,-0.000000,-0.001015,1.570202,-0.300000,1.000000,1.100000,0.000000,0.000000,-1.571000,-0.299769,1.008623,1.065203,1.497277
10.422000,-0.000231,-0.008624,0.034797,-0.000030,-0.005645,-0.037326,-0.000000,-0.001015,1.570202,-0.300000,1.000000,1.100000,0.000000,0.000000,-1.571000,-0.299769,1.008624,1.065203,1.497278
10.424000,-0.000231,-0.008626,0.034797,-0.000030,-0.005645,-0.037326,-0.000000,-0.001015,1.570202,-0.300000,1.000000,1.100000,0.000000,0.000000,-1.571000,-0.299769,1.008626,1.065203,1.497279
10.426000,-0.000231,-0.008628,0.034797,-0.000030,-0.005645,-0.037326,-0.000000,-0.001015,1.570202,-0.300000,1.000000,1.100000,0.000000,0.000000,-1.571000,-0.299769,1.008628,1.065203,1.497280
10.428000,-0.000231,-0.008629,0.034797,-0.000030,-0.005645,-0.037326,-0.000000,-0.001015,1.570202,-0.300000,1.000000,1.100000,0.000000,0.000000,-1.571000,-0.299769,1.008629,1.065203,1.497282
10.430000,-0.000231,-0.008631,0.034797,-0.000030,-0.005645,-0.037326,-0.000000,-0.001015,1.570202,-0.300000,1.000000,1.100000,0.000000,0.000000,-1.571000,-0.299769,1.008631,1.065203,1.497283
10.432000,-0.000231,-0.008633,0.034797,-0.000030,-0.005645,-0.037326,-0.000000,-0.001015,1.570202,-0.300000,1.000000,1.100000,0.000000,0.000000,-1.571000,-0.299769,1.008633,1.065203,1.497284
10.434000,-0.000231,-0.008634,0.034797,-0.000030,-0.005645,-0.037326,-0.000000,-0.001015,1.570202,-0.300000,1.000000,1.100000,0.000000,0.000000,-1.571000,-0.299769,1.008634,1.065203,1.497285
10.436000,-0.000231,-0.008636,0.034797,-0.000030,-0.005645,-0.037326,-0.000000,-0.001015,1.570202,-0.300000,1.000000,1.100000,0.000000,0.000000,-1.571000,-0.299769,1.008636,1.065203,1.497286
10.438000,-0.000231,-0.008638,0.034797,-0.000030,-0.005645,-0.037326,-0.000000,-0.001015,1.570202,-0.300000,1.000000,1.100000,0.000000,0.000000,-1.571000,-0.299769,1.008638,1.065203,1.497287
10.440000,-0.000231,-0.008639,0.034797,-0.000030,-0.005645,-0.037326,-0.000000,-0.001015,1.570202,-0.300000,1.000000,1.100000,0.000000,0.000000,-1.571000,-0.299769,1.008639,1.065203,1.497288
10.442000,-0.000231,-0.008641,0.034797,-0.000030,-0.005645,-0.037326,-0.000000,-0.001015,1.570202,-0.300000,1.000000,1.100000,0.000000,0.000000,-1.571000,-0.299769,1.008641,1.065203,1.497289
10.444000,-0.000231,-0.008643,0.034797,-0.000030,-0.005645,-0.037326,-0.000000,-0.001015,1.570202,-0.300000,1.000000,1.100000,0.000000,0.000000,-1.571000,-0.299769,1.008643,1.065203,1.497290
10.446000,-0.000231,-0.008644,0.034797,-0.000030,-0.005645,-0.037326,-0.000000,-0.001015,1.570202,-0.300000,1.000000,1.100000,0.000000,0.000000,-1.571000,-0.299769,1.008644,1.065203,1.497292
10.448000,-0.000231,-0.008646,0.034797,-0.000030,-0.005645,-0.037326,-0.000000,-0.001015,1.570203,-0.300000,1.000000,1.100000,0.000000,0.000000,-1.571000,-0.299769,1.008646,1.065203,1.497293
10.450000,-0.000231,-0.008648,0.034797,-0.000030,-0.005645,-0.037326,-0.000000,-0.001015,1.570203,-0.300000,1.000000,1.100000,0.000000,0.000000,-1.571000,-0.299769,1.008648,1.065203,1.497294
10.452000,-0.000231,-0.008649,0.034797,-0.000030,-0.005645,-0.037326,-0.000000,-0.001015,1.570203,-0.300000,1.000000,1.100000,0.000000,0.000000,-1.571000,-0.299769,1.008649,1.065203,1.497295
10.454000,-0.000231,-0.008651,0.034797,-0.000030,-0.005645,-0.037326,-0.000000,-0.001015,1.570203,-0.300000,1.000000,1.100000,0.000000,0.000000,-1.571000,-0.299769,1.008651,1.065203,1.497296
10.456000,-0.000231,-0.008653,0.034797,-0.000030,-0.005645,-0.037326,-0.000000,-0.001015,1.570203,-0.300000,1.000000,1.100000,0.000000,0.000000,-1.571000,-0.299769,1.008653,1.065203,1.497297
10.458000,-0.000231,-0.008654,0.034797,-0.000030,-0.005645,-0.037326,-0.000000,-0.001015,1.570203,-0.300000,1.000000,1.100000,0.000000,0.000000,-1.571000,-0.299769,1.008654,1.065203,1.497298
10.460000,-0.000231,-0.008656,0.034797,-0.000030,-0.005645,-0.037326,-0.000000,-0.001015,1.570203,-0.300000,1.000000,1.100000,0.000000,0.000000,-1.571000,-0.299769,1.008656,1.065203,1.497299
10.462000,-0.000232,-0.008658,0.034797,-0.000030,-0.005645,-0.037326,-0.000000,-0.001015,1.570203,-0.300000,1.000000,1.100000,0.000000,0.000000,-1.571000,-0.299768,1.008658,1.065203,1.497301
10.464000,-0.000232,-0.008660,0.034797,-0.000030,-0.005645,-0.037326,-0.000000,-0.001015,1.570203,-0.300000,1.000000,1.100000,0.000000,0.000000,-1.571000,-0.299768,1.008660,1.065203,1.497302
10.466000,-0.000232,-0.008661,0.034797,-0.000030,-0.005645,-0.037326,-0.000000,-0.001015,1.570203,-0.300000,1.000000,1.100000,0.000000,0.000000,-1.571000,-0.299768,1.008661,1.065203,1.497303
10.468000,-0.000232,-0.008663,0.034797,-0.000030,-0.005645,-0.037326,-0.000000,-0.001015,1.570203,-0.300000,1.000000,1.100000,0.000000,0.000000,-1.571000,-0.299768,1.008663,1.065203,1.497304
10.470000,-0.000232,-0.008665,0.034797,-0.000030,-0.005645,-0.037326,-0.000000,-0.001015,1.570203,-0.300000,1.000000,1.100000,0.000000,0.000000,-1.571000,-0.299768,1.008665,1.065203,1.497305
10.472000,-0.000232,-0.008666,0.034797,-0.000030,-0.005645,-0.037326,-0.000000,-0.001015,1.570203,-0.300000,1.000000,1.100000,0.000000,0.000000,-1.571000,-0.299768,1.008666,1.065203,1.497306
10.474000,-0.000232,-0.008668,0.034797,-0.000030,-0.005645,-0.037326,-0.000000,-0.001015,1.570203,-0.300000,1.000000,1.100000,0.000000,0.000000,-1.571000,-0.299768,1.008668,1.065203,1.497307
10.476000,-0.000232,-0.008670,0.034797,-0.000030,-0.005645,-0.037326,-0.000000,-0.001015,1.570203,-0.300000,1.000000,1.100000,0.000000,0.000000,-1.571000,-0.299768,1.008670,1.065203,1.497308
10.478000,-0.000232,-0.008671,0.034797,-0.000030,-0.005645,-0.037326,-0.000000,-0.001015,1.570203,-0.300000,1.000000,1.100000,0.000000,0.000000,-1.571000,-0.299768,1.008671,1.065203,1.497310
10.480000,-0.000232,-0.008673,0.034797,-0.000030,-0.005645,-0.037326,-0.000000,-0.001015,1.570203,-0.300000,1.000000,1.100000,0.000000,0.000000,-1.571000,-0.299768,1.008673,1.065203,1.497311
10.482000,-0.000232,-0.008675,0.034797,-0.000030,-0.005645,-0.037326,-0.000000,-0.001015,1.570203,-0.300000,1.000000,1.100000,0.000000,0.000000,-1.571000,-0.299768,1.008675,1.065203,1.497312
10.484000,-0.000232,-0.008676,0.034797,-0.000030,-0.005645,-0.037326,-0.000000,-0.001015,1.570203,-0.300000,1.000000,1.100000,0.000000,0.000000,-1.571000,-0.299768,1.008676,1.065203,1.497313
10.486000,-0.000232,-0.008678,0.034797,-0.000030,-0.005645,-0.037326,-0.000000,-0.001015,1.570203,-0.300000,1.000000,1.100000,0.000000,0.000000,-1.571000,-0.299768,1.008678,1.065203,1.497314
10.488000,-0.000232,-0.008680,0.034797,-0.000030,-0.005645,-0.037326,-0.000000,-0.001015,1.570203,-0.300000,1.000000,1.100000,0.000000,0.000000,-1.571000,-0.299768,1.008680,1.065203,1.497315
10.490000,-0.000232,-0.008681,0.034797,-0.000030,-0.005645,-0.037326,-0.000000,-0.001015,1.570203,-0.300000,1.000000,1.100000,0.000000,0.000000,-1.571000,-0.299768,1.008681,1.065203,1.497316
10.492000,-0.000232,-0.008683,0.034797,-0.000030,-0.005645,-0.037326,-0.000000,-0.001015,1.570203,-0.300000,1.000000,1.100000,0.000000,0.000000,-1.571000,-0.299768,1.008683,1.065203,1.497317
10.494000,-0.000232,-0.008685,0.034797,-0.000030,-0.005645,-0.037326,-0.000000,-0.001015,1.570203,-0.300000,1.000000,1.100000,0.000000,0.000000,-1.571000,-0.299768,1.008685,1.065203,1.497318
10.496000,-0.000232,-0.008686,0.034797,-0.000030,-0.005645,-0.037326,-0.000000,-0.001015,1.570203,-0.300000,1.000000,1.100000,0.000000,0.000000,-1.571000,-0.299768,1.008686,1.065203,1.497320
10.498000,-0.000232,-0.008688,0.034797,-0.000030,-0.005645,-0.037326,-0.000000,-0.001015,1.570203,-0.300000,1.000000,1.100000,0.000000,0.000000,-1.571000,-0.299768,1.008688,1.065203,1.497321
10.500000,-0.000232,-0.008690,0.034797,-0.000030,-0.005645,-0.037326,-0.000000,-0.001015,1.570204,-0.300000,1.000000,1.100000,0.000000,0.000000,-1.571000,-0.299768,1.008690,1.065203,1.497322
10.502000,-0.000232,-0.008691,0.034797,-0.000030,-0.005645,-0.037326,-0.000000,-0.001015,1.570204,-0.300000,1.000000,1.100000,0.000000,0.000000,-1.571000,-0.299768,1.008691,1.065203,1.497323
10.504000,-0.000232,-0.008693,0.034797,-0.000030,-0.005645,-0.037326,-0.000000,-0.001015,1.570204,-0.300000,1.000000,1.100000,0.000000,0.000000,-1.571000,-0.299768,1.008693,1.065203,1.497324
10.506000,-0.000233,-0.008695,0.034797,-0.000030,-0.005645,-0.037326,-0.000000,-0.001015,1.570204,-0.300000,1.000000,1.100000,0.000000,0.000000,-1.571000,-0.299767,1.008695,1.065203,1.497325
10.508000,-0.000233,-0.008696,0.034797,-0.000030,-0.005645,-0.037326,-0.000000,-0.001015,1.570204,-0.300000,1.000000,1.100000,0.000000,0.000000,-1.571000,-0.299767,1.008696,1.065203,1.497326
10.510000,-0.000233,-0.008698,0.034797,-0.000030,-0.005645,-0.037326,-0.000000,-0.001015,1.570204,-0.300000,1.000000,1.100000,0.000000,0.000000,-1.571000,-0.299767,1.008698,1.065203,1.497327
10.512000,-0.000233,-0.008700,0.034797,-0.000030,-0.005645,-0.037326,-0.000000,-0.001015,1.570204,-0.300000,1.000000,1.100000,0.000000,0.000000,-1.571000,-0.299767,1.008700,1.065203,1.497329
10.514000,-0.000233,-0.008701,0.034797,-0.000030,-0.005645,-0.037326,-0.000000,-0.001015,1.570204,-0.300000,1.000000,1.100000,0.000000,0.000000,-1.571000,-0.299767,1.008701,1.065203,1.497330
10.516000,-0.000233,-0.008703,0.034797,-0.000030,-0.005645,-0.037326,-0.000000,-0.001015,1.570204,-0.300000,1.000000,1.100000,0.000000,0.000000,-1.571000,-0.299767,1.008703,1.065203,1.497331
10.518000,-0.000233,-0.008705,0.034797,-0.000030,-0.005645,-0.037326,-0.000000,-0.001015,1.570204,-0.300000,1.000000,1.100000,0.000000,0.000000,-1.571000,-0.299767,1.008705,1.065203,1.497332
10.520000,-0.000233,-0.008706,0.034797,-0.000030,-0.005645,-0.037326,-0.000000,-0.001015,1.570204,-0.300000,1.000000,1.100000,0.000000,0.000000,-1.571000,-0.299767,1.008706,1.065203,1.497333
10.522000,-0.000233,-0.008708,0.034797,-0.000030,-0.005645,-0.037326,-0.000000,-0.001015,1.570204,-0.300000,1.000000,1.100000,0.000000,0.000000,-1.571000,-0.299767,1.008708,1.065203,1.497334
10.524000,-0.000233,-0.008710,0.034797,-0.000030,-0.005645,-0.037326,-0.000000,-0.001015,1.570204,-0.300000,1.000000,1.100000,0.000000,0.000000,-1.571000,-0.299767,1.008710,1.065203,1.497335
10.526000,-0.000233,-0.008711,0.034797,-0.000030,-0.005645,-0.037326,-0.000000,-0.001015,1.570204,-0.300000,1.000000,1.100000,0.000000,0.000000,-1.571000,-0.299767,1.008711,1.065203,1.497336
10.528000,-0.000233,-0.008713,0.034797,-0.000030,-0.005645,-0.037326,-0.000000,-0.001015,1.570204,-0.300000,1.000000,1.100000,0.000000,0.000000,-1.571000,-0.299767,1.008713,1.065203,1.497337
10.530000,-0.000233,-0.008715,0.034797,-0.000030,-0.005645,-0.037326,-0.000000,-0.001015,1.570204,-0.300000,1.000000,1.100000,0.000000,0.000000,-1.571000,-0.299767,1.008715,1.065203,1.497339
10.532000,-0.000233,-0.008716,0.034797,-0.000030,-0.005645,-0.037326,-0.000000,-0.001015,1.570204,-0.300000,1.000000,1.100000,0.000000,0.000000,-1.571000,-0.299767,1.008716,1.065203,1.497340
10.534000,-0.000233,-0.008718,0.034797,-0.000030,-0.005645,-0.037326,-0.000000,-0.001015,1.570204,-0.300000,1.000000,1.100000,0.000000,0.000000,-1.571000,-0.299767,1.008718,1.065203,1.497341
10.536000,-0.000233,-0.008720,0.034797,-0.000030,-0.005645,-0.037326,-0.000000,-0.001015,1.570204,-0.300000,1.000000,1.100000,0.000000,0.000000,-1.571000,-0.299767,1.008720,1.065203,1.497342
10.538000,-0.000233,-0.008721,0.034797,-0.000030,-0.005645,-0.037326,-0.000000,-0.001015,1.570204,-0.300000,1.000000,1.100000,0.000000,0.000000,-1.571000,-0.299767,1.008721,1.065203,1.497343
10.540000,-0.000233,-0.008723,0.034797,-0.000030,-0.005645,-0.037326,-0.000000,-0.001015,1.570204,-0.300000,1.000000,1.100000,0.000000,0.000000,-1.571000,-0.299767,1.008723,1.065203,1.497344
10.542000,-0.000233,-0.008725,0.034797,-0.000030,-0.005645,-0.037326,-0.000000,-0.001015,1.570204,-0.300000,1.000000,1.100000,0.000000,0.000000,-1.571000,-0.299767,1.008725,1.065203,1.497345
10.544000,-0.000233,-0.008726,0.034797,-0.000030,-0.005645,-0.037326,-0.000000,-0.001015,1.570204,-0.300000,1.000000,1.100000,0.000000,0.000000,-1.571000,-0.299767,1.008726,1.065203,1.497346
10.546000,-0.000233,-0.008728,0.034797,-0.000030,-0.005645,-0.037326,-0.000000,-0.001015,1.570204,-0.300000,1.000000,1.100000,0.000000,0.000000,-1.571000,-0.299767,1.008728,1.065203,1.497348
10.548000,-0.000233,-0.008730,0.034797,-0.000030,-0.005645,-0.037326,-0.000000,-0.001015,1.570204,-0.300000,1.000000,1.100000,0.000000,0.000000,-1.571000,-0.299767,1.008730,1.065203,1.497349
10.550000,-0.000233,-0.008732,0.034797,-0.000030,-0.005645,-0.037326,-0.000000,-0.001015,1.570205,-0.300000,1.000000,1.100000,0.000000,0.000000,-1.571000,-0.299767,1.008732,1.065203,1.497350
10.552000,-0.000234,-0.008733,0.034797,-0.000030,-0.005645,-0.037326,-0.000000,-0.001015,1.570205,-0.300000,1.000000,1.100000,0.000000,0.000000,-1.571000,-0.299766,1.008733,1.065203,1.497351
10.554000,-0.000234,-0.008735,0.034797,-0.000030,-0.005645,-0.037326,-0.000000,-0.001015,1.570205,-0.300000,1.000000,1.100000,0.000000,0.000000,-1.571000,-0.299766,1.008735,1.065203,1.497352
10.556000,-0.000234,-0.008737,0.034797,-0.000030,-0.005645,-0.037326,-0.000000,-0.001015,1.570205,-0.300000,1.000000,1.100000,0.000000,0.000000,-1.571000,-0.299766,1.008737,1.065203,1.497353
10.558000,-0.000234,-0.008738,0.034797,-0.000030,-0.005645,-0.037326,-0.000000,-0.001015,1.570205,-0.300000,1.000000,1.100000,0.000000,0.000000,-1.571000,-0.299766,1.008738,1.065203,1.497354
10.560000,-0.000234,-0.008740,0.034797,-0.000030,-0.005645,-0.037326,-0.000000,-0.001015,1.570205,-0.300000,1.000000,1.100000,0.000000,0.000000,-1.571000,-0.299766,1.008740,1.065203,1.497355
10.562000,-0.000234,-0.008742,0.034797,-0.000030,-0.005645,-0.037326,-0.000000,-0.001015,1.570205,-0.300000,1.000000,1.100000,0.000000,0.000000,-1.571000,-0.299766,1.008742,1.065203,1.497357
10.564000,-0.000234,-0.008743,0.034797,-0.000030,-0.005645,-0.037326,-0.000000,-0.001015,1.570205,-0.300000,1.000000,1.100000,0.000000,0.000000,-1.571000,-0.299766,1.008743,1.065203,1.497358
10.566000,-0.000234,-0.008745,0.034797,-0.000030,-0.005645,-0.037326,-0.000000,-0.001015,1.570205,-0.300000,1.000000,1.100000,0.000000,0.000000,-1.571000,-0.299766,1.008745,1.065203,1.497359
10.568000,-0.000234,-0.008747,0.034797,-0.000030,-0.005645,-0.037326,-0.000000,-0.001015,1.570205,-0.300000,1.000000,1.100000,0.000000,0.000000,-1.571000,-0.299766,1.008747,1.065203,1.497360
10.570000,-0.000234,-0.008748,0.034797,-0.000030,-0.005645,-0.037326,-0.000000,-0.001015,1.570205,-0.300000,1.000000,1.100000,0.000000,0.000000,-1.571000,-0.299766,1.008748,1.065203,1.497361
10.572000,-0.000234,-0.008750,0.034797,-0.000030,-0.005645,-0.037326,-0.000000,-0.001015,1.570205,-0.300000,1.000000,1.100000,0.000000,0.000000,-1.571000,-0.299766,1.008750,1.065203,1.497362
10.574000,-0.000234,-0.008752,0.034797,-0.000030,-0.005645,-0.037326,-0.000000,-0.001015,1.570205,-0.300000,1.000000,1.100000,0.000000,0.000000,-1.571000,-0.299766,1.008752,1.065203,1.497363
10.576000,-0.000234,-0.008753,0.034797,-0.000030,-0.005645,-0.037326,-0.000000,-0.001015,1.570205,-0.300000,1.000000,1.100000,0.000000,0.000000,-1.571000,-0.299766,1.008753,1.065203,1.497364
10.578000,-0.000234,-0.008755,0.034797,-0.000030,-0.005645,-0.037326,-0.000000,-0.001015,1.570205,-0.300000,1.000000,1.100000,0.000000,0.000000,-1.571000,-0.299766,1.008755,1.065203,1.497365
10.580000,-0.000234,-0.008757,0.034797,-0.000030,-0.005645,-0.037326,-0.000000,-0.001015,1.570205,-0.300000,1.000000,1.100000,0.000000,0.000000,-1.571000,-0.299766,1.008757,1.065203,1.497367
10.582000,-0.000234,-0.008758,0.034797,-0.000030,-0.005645,-0.037326,-0.000000,-0.001015,1.570205,-0.300000,1.000000,1.100000,0.000000,0.000000,-1.571000,-0.299766,1.008758,1.065203,1.497368
10.584000,-0.000234,-0.008760,0.034797,-0.000030,-0.005645,-0.037326,-0.000000,-0.001015,1.570205,-0.300000,1.000000,1.100000,0.000000,0.000000,-1.571000,-0.299766,1.008760,1.065203,1.497369
10.586000,-0.000234,-0.008762,0.034797,-0.000030,-0.005645,-0.037326,-0.000000,-0.001015,1.570205,-0.300000,1.000000,1.100000,0.000000,0.000000,-1.571000,-0.299766,1.008762,1.065203,1.497370
10.588000,-0.000234,-0.008763,0.034797,-0.000030,-0.005645,-0.037326,-0.000000,-0.001015,1.570205,-0.300000,1.000000,1.100000,0.000000,0.000000,-1.571000,-0.299766,1.008763,1.065203,1.497371
10.590000,-0.000234,-0.008765,0.034797,-0.000030,-0.005645,-0.037326,-0.000000,-0.001015,1.570205,-0.300000,1.000000,1.100000,0.000000,0.000000,-1.571000,-0.299766,1.008765,1.065203,1.497372
10.592000,-0.000234,-0.008767,0.034797,-0.000030,-0.005645,-0.037326,-0.000000,-0.001015,1.570205,-0.300000,1.000000,1.100000,0.000000,0.000000,-1.571000,-0.299766,1.008767,1.065203,1.497373
10.594000,-0.000234,-0.008768,0.034797,-0.000030,-0.005645,-0.037326,-0.000000,-0.001015,1.570205,-0.300000,1.000000,1.100000,0.000000,0.000000,-1.571000,-0.299766,1.008768,1.065203,1.497374
10.596000,-0.000235,-0.008770,0.034797,-0.000030,-0.005645,-0.037326,-0.000000,-0.001015,1.570205,-0.300000,1.000000,1.100000,0.000000,0.000000,-1.571000,-0.299765,1.008770,1.065203,1.497376
10.598000,-0.000235,-0.008772,0.034797,-0.000030,-0.005645,-0.037326,-0.000000,-0.001015,1.570205,-0.300000,1.000000,1.100000,0.000000,0.000000,-1.571000,-0.299765,1.008772,1.065203,1.497377
10.600000,-0.000235,-0.008773,0.034797,-0.000030,-0.005645,-0.037326,-0.000000,-0.001015,1.570205,-0.300000,1.000000,1.100000,0.000000,0.000000,-1.571000,-0.299765,1.008773,1.065203,1.497378
10.602000,-0.000235,-0.008775,0.034797,-0.000030,-0.005645,-0.037326,-0.000000,-0.001015,1.570206,-0.300000,1.000000,1.100000,0.000000,0.000000,-1.571000,-0.299765,1.008775,1.065203,1.497379
10.604000,-0.000235,-0.008777,0.034797,-0.000030,-0.005645,-0.037326,-0.000000,-0.001015,1.570206,-0.300000,1.000000,1.100000,0.000000,0.000000,-1.571000,-0.299765,1.008777,1.065203,1.497380
10.606000,-0.000235,-0.008778,0.034797,-0.000030,-0.005645,-0.037326,-0.000000,-0.001015,1.570206,-0.300000,1.000000,1.100000,0.000000,0.000000,-1.571000,-0.299765,1.008778,1.065203,1.497381
10.608000,-0.000235,-0.008780,0.034797,-0.000030,-0.005645,-0.037326,-0.000000,-0.001015,1.570206,-0.300000,1.000000,1.100000,0.000000,0.000000,-1.571000,-0.299765,1.008780,1.065203,1.497382
10.610000,-0.000235,-0.008782,0.034797,-0.000030,-0.005645,-0.037326,-0.000000,-0.001015,1.570206,-0.300000,1.000000,1.100000,0.000000,0.000000,-1.571000,-0.299765,1.008782,1.065203,1.497383
10.612000,-0.000235,-0.008783,0.034797,-0.000030,-0.005645,-0.037326,-0.000000,-0.001015,1.570206,-0.300000,1.000000,1.100000,0.000000,0.000000,-1.571000,-0.299765,1.008783,1.065203,1.497384
10.614000,-0.000235,-0.008785,0.034797,-0.000030,-0.005645,-0.037326,-0.000000,-0.001015,1.570206,-0.300000,1.000000,1.100000,0.000000,0.000000,-1.571000,-0.299765,1.008785,1.065203,1.497386
10.616000,-0.000235,-0.008787,0.034797,-0.000030,-0.005645,-0.037326,-0.000000,-0.001015,1.570206,-0.300000,1.000000,1.100000,0.000000,0.000000,-1.571000,-0.299765,1.008787,1.065203,1.497387
10.618000,-0.000235,-0.008788,0.034797,-0.000030,-0.005645,-0.037326,-0.000000,-0.001015,1.570206,-0.300000,1.000000,1.100000,0.000000,0.000000,-1.571000,-0.299765,1.008788,1.065203,1.497388
10.620000,-0.000235,-0.008790,0.034797,-0.000030,-0.005645,-0.037326,-0.000000,-0.001015,1.570206,-0.300000,1.000000,1.100000,0.000000,0.000000,-1.571000,-0.299765,1.008790,1.065203,1.497389
10.622000,-0.000235,-0.008792,0.034797,-0.000030,-0.005645,-0.037326,-0.000000,-0.001015,1.570206,-0.300000,1.000000,1.100000,0.000000,0.000000,-1.571000,-0.299765,1.008792,1.065203,1.497390
10.624000,-0.000235,-0.008793,0.034797,-0.000030,-0.005645,-0.037326,-0.000000,-0.001015,1.570206,-0.300000,1.000000,1.100000,0.000000,0.000000,-1.571000,-0.299765,1.008793,1.065203,1.497391
10.626000,-0.000235,-0.008795,0.034797,-0.000030,-0.005645,-0.037326,-0.000000,-0.001015,1.570206,-0.300000,1.000000,1.100000,0.000000,0.000000,-1.571000,-0.299765,1.008795,1.065203,1.497392
10.628000,-0.000235,-0.008797,0.034797,-0.000030,-0.005645,-0.037326,-0.000000,-0.001015,1.570206,-0.300000,1.000000,1.100000,0.000000,0.000000,-1.571000,-0.299765,1.008797,1.065203,1.497393
10.630000,-0.000235,-0.008799,0.034797,-0.000030,-0.005645,-0.037326,-0.000000,-0.001015,1.570206,-0.300000,1.000000,1.100000,0.000000,0.000000,-1.571000,-0.299765,1.008799,1.065203,1.497395
10.632000,-0.000235,-0.008800,0.034797,-0.000030,-0.005645,-0.037326,-0.000000,-0.001015,1.570206,-0.300000,1.000000,1.100000,0.000000,0.000000,-1.571000,-0.299765,1.008800,1.065203,1.497396
10.634000,-0.000235,-0.008802,0.034797,-0.000030,-0.005645,-0.037326,-0.000000,-0.001015,1.570206,-0.300000,1.000000,1.100000,0.000000,0.000000,-1.571000,-0.299765,1.008802,1.065203,1.497397
10.636000,-0.000235,-0.008804,0.034797,-0.000030,-0.005645,-0.037326,-0.000000,-0.001015,1.570206,-0.300000,1.000000,1.100000,0.000000,0.000000,-1.571000,-0.299765,1.008804,1.065203,1.497398
10.638000,-0.000235,-0.008805,0.034797,-0.000030,-0.005645,-0.037326,-0.000000,-0.001015,1.570206,-0.300000,1.000000,1.100000,0.000000,0.000000,-1.571000,-0.299765,1.008805,1.065203,1.497399
10.640000,-0.000236,-0.008807,0.034797,-0.000030,-0.005645,-0.037326,-0.000000,-0.001015,1.570206,-0.300000,1.000000,1.100000,0.000000,0.000000,-1.571000,-0.299764,1.008807,1.065203,1.497400
10.642000,-0.000236,-0.008809,0.034797,-0.000030,-0.005645,-0.037326,-0.000000,-0.001015,1.570206,-0.300000,1.000000,1.100000,0.000000,0.000000,-1.571000,-0.299764,1.008809,1.065203,1.497401
10.644000,-0.000236,-0.008810,0.034797,-0.000030,-0.005645,-0.037326,-0.000000,-0.001015,1.570206,-0.300000,1.000000,1.100000,0.000000,0.000000,-1.571000,-0.299764,1.008810,1.065203,1.497402
10.646000,-0.000236,-0.008812,0.034797,-0.000030,-0.005645,-0.037326,-0.000000,-0.001015,1.570206,-0.300000,1.000000,1.100000,0.000000,0.000000,-1.571000,-0.299764,1.008812,1.065203,1.497404
10.648000,-0.000236,-0.008814,0.034797,-0.000030,-0.005645,-0.037326,-0.000000,-0.001015,1.570206,-0.300000,1.000000,1.100000,0.000000,0.000000,-1.571000,-0.299764,1.008814,1.065203,1.497405
10.650000,-0.000236,-0.008815,0.034797,-0.000030,-0.005645,-0.037326,-0.000000,-0.001015,1.570206,-0.300000,1.000000,1.100000,0.000000,0.000000,-1.571000,-0.299764,1.008815,1.065203,1.497406
10.652000,-0.000236,-0.008817,0.034797,-0.000030,-0.005645,-0.037326,-0.000000,-0.001015,1.570207,-0.300000,1.000000,1.100000,0.000000,0.000000,-1.571000,-0.299764,1.008817,1.065203,1.497407
10.654000,-0.000236,-0.008819,0.034797,-0.000030,-0.005645,-0.037326,-0.000000,-0.001015,1.570207,-0.300000,1.000000,1.100000,0.000000,0.000000,-1.571000,-0.299764,1.008819,1.065203,1.497408
10.656000,-0.000236,-0.008820,0.034797,-0.000030,-0.005645,-0.037326,-0.000000,-0.001015,1.570207,-0.300000,1.000000,1.100000,0.000000,0.000000,-1.571000,-0.299764,1.008820,1.065203,1.497409
10.658000,-0.000236,-0.008822,0.034797,-0.000030,-0.005645,-0.037326,-0.000000,-0.001015,1.570207,-0.300000,1.000000,1.100000,0.000000,0.000000,-1.571000,-0.299764,1.008822,1.065203,1.497410
10.660000,-0.000236,-0.008824,0.034797,-0.000030,-0.005645,-0.037326,-0.000000,-0.001015,1.570207,-0.300000,1.000000,1.100000,0.000000,0.000000,-1.571000,-0.299764,1.008824,1.065203,1.497411
10.662000,-0.000236,-0.008825,0.034797,-0.000030,-0.005645,-0.037326,-0.000000,-0.001015,1.570207,-0.300000,1.000000,1.100000,0.000000,0.000000,-1.571000,-0.299764,1.008825,1.065203,1.497412
10.664000,-0.000236,-0.008827,0.034797,-0.000030,-0.005645,-0.037326,-0.000000,-0.001015,1.570207,-0.300000,1.000000,1.100000,0.000000,0.000000,-1.571000,-0.299764,1.008827,1.065203,1.497414
10.666000,-0.000236,-0.008829,0.034797,-0.000030,-0.005645,-0.037326,-0.000000,-0.001015,1.570207,-0.300000,1.000000,1.100000,0.000000,0.000000,-1.571000,-0.299764,1.008829,1.065203,1.497415
10.668000,-0.000236,-0.008830,0.034797,-0.000030,-0.005645,-0.037326,-0.000000,-0.001015,1.570207,-0.300000,1.000000,1.100000,0.000000,0.000000,-1.571000,-0.299764,1.008830,1.065203,1.497416
10.670000,-0.000236,-0.008832,0.034797,-0.000030,-0.005645,-0.037326,-0.000000,-0.001015,1.570207,-0.300000,1.000000,1.100000,0.000000,0.000000,-1.571000,-0.299764,1.008832,1.065203,1.497417
10.672000,-0.000236,-0.008834,0.034797,-0.000030,-0.005645,-0.037326,-0.000000,-0.001015,1.570207,-0.300000,1.000000,1.100000,0.000000,0.000000,-1.571000,-0.299764,1.008834,1.065203,1.497418
10.674000,-0.000236,-0.008835,0.034797,-0.000030,-0.005645,-0.037326,-0.000000,-0.001015,1.570207,-0.300000,1.000000,1.100000,0.000000,0.000000,-1.571000,-0.299764,1.008835,1.065203,1.497419
10.676000,-0.000236,-0.008837,0.034797,-0.000030,-0.005645,-0.037326,-0.000000,-0.001015,1.570207,-0.300000,1.000000,1.100000,0.000000,0.000000,-1.571000,-0.299764,1.008837,1.065203,1.497420
10.678000,-0.000236,-0.008839,0.034797,-0.000030,-0.005645,-0.037326,-0.000000,-0.001015,1.570207,-0.300000,1.000000,1.100000,0.000000,0.000000,-1.571000,-0.299764,1.008839,1.065203,1.497421
10.680000,-0.000236,-0.008840,0.034797,-0.000030,-0.005645,-0.037326,-0.000000,-0.001015,1.570207,-0.300000,1.000000,1.100000,0.000000,0.000000,-1.571000,-0.299764,1.008840,1.065203,1.497423
10.682000,-0.000236,-0.008842,0.034797,-0.000030,-0.005645,-0.037326,-0.000000,-0.001015,1.570207,-0.300000,1.000000,1.100000,0.000000,0.000000,-1.571000,-0.299764,1.008842,1.065203,1.497424
10.684000,-0.000237,-0.008844,0.034797,-0.000030,-0.005645,-0.037326,-0.000000,-0.001015,1.570207,-0.300000,1.000000,1.100000,0.000000,0.000000,-1.571000,-0.299763,1.008844,1.065203,1.497425
10.686000,-0.000237,-0.008845,0.034797,-0.000030,-0.005645,-0.037326,-0.000000,-0.001015,1.570207,-0.300000,1.000000,1.100000,0.000000,0.000000,-1.571000,-0.299763,1.008845,1.065203,1.497426
10.688000,-0.000237,-0.008847,0.034797,-0.000030,-0.005645,-0.037326,-0.000000,-0.001015,1.570207,-0.300000,1.000000,1.100000,0.000000,0.000000,-1.571000,-0.299763,1.008847,1.065203,1.497427
10.690000,-0.000237,-0.008849,0.034797,-0.000030,-0.005645,-0.037326,-0.000000,-0.001015,1.570207,-0.300000,1.000000,1.100000,0.000000,0.000000,-1.571000,-0.299763,1.008849,1.065203,1.497428
10.692000,-0.000237,-0.008850,0.034797,-0.000030,-0.005645,-0.037326,-0.000000,-0.001015,1.570207,-0.300000,1.000000,1.100000,0.000000,0.000000,-1.571000,-0.299763,1.008850,1.065203,1.497429
10.694000,-0.000237,-0.008852,0.034797,-0.000030,-0.005643,-0.037307,-0.000000,-0.001015,1.570207,-0.300000,1.000000,1.100000,0.000000,0.000000,-1.571000,-0.299763,1.008852,1.065203,1.497430
10.696000,-0.000237,-0.008854,0.034797,-0.000030,-0.005631,-0.037251,-0.000000,-0.001014,1.570207,-0.300000,1.000000,1.100000,0.000000,0.000000,-1.571000,-0.299763,1.008854,1.065203,1.497431
10.698000,-0.000237,-0.008855,0.034797,-0.000028,-0.005596,-0.037174,-0.000000,-0.001013,1.570207,-0.300000,1.000000,1.100000,0.000000,0.000000,-1.571000,-0.299763,1.008855,1.065203,1.497432
10.700000,-0.000237,-0.008857,0.034798,-0.000025,-0.005543,-0.037083,-0.000000,-0.001011,1.570207,-0.300000,1.000000,1.100000,0.000000,0.000000,-1.571000,-0.299763,1.008857,1.065202,1.497433
10.702000,-0.000237,-0.008858,0.034798,-0.000023,-0.005473,-0.036981,-0.000000,-0.001010,1.570207,-0.300000,1.000000,1.100000,0.000000,0.000000,-1.571000,-0.299763,1.008858,1.065202,1.497434
10.704000,-0.000237,-0.008859,0.034799,-0.000021,-0.005388,-0.036874,-0.000000,-0.001007,1.570207,-0.300000,1.000000,1.100000,0.000000,0.000000,-1.571000,-0.299763,1.008859,1.065201,1.497434
10.706000,-0.000237,-0.008860,0.034799,-0.000020,-0.005288,-0.036765,-0.000000,-0.001005,1.570208,-0.300000,1.000000,1.100000,0.000000,0.000000,-1.571000,-0.299763,1.008860,1.065201,1.497434
10.708000,-0.000237,-0.008861,0.034800,-0.000017,-0.005174,-0.036665,-0.000000,-0.001002,1.570208,-0.300000,1.000000,1.100000,0.000000,0.000000,-1.571000,-0.299763,1.008861,1.065200,1.497435
10.710000,-0.000237,-0.008862,0.034800,-0.000013,-0.005051,-0.036579,-0.000000,-0.001000,1.570208,-0.300000,1.000000,1.100000,0.000000,0.000000,-1.571000,-0.299763,1.008862,1.065200,1.497435
10.712000,-0.000237,-0.008862,0.034801,-0.000009,-0.004918,-0.036504,-0.000000,-0.000997,1.570208,-0.300000,1.000000,1.100000,0.000000,0.000000,-1.571000,-0.299763,1.008862,1.065199,1.497435
10.714000,-0.000237,-0.008862,0.034801,-0.000006,-0.004778,-0.036439,-0.000000,-0.000995,1.570208,-0.300000,1.000000,1.100000,0.000000,0.000000,-1.571000,-0.299763,1.008862,1.065199,1.497434
10.716000,-0.000237,-0.008862,0.034801,-0.000004,-0.004630,-0.036381,-0.000000,-0.000993,1.570208,-0.300000,1.000000,1.100000,0.000000,0.000000,-1.571000,-0.299763,1.008862,1.065199,1.497434
10.718000,-0.000237,-0.008861,0.034802,-0.000001,-0.004477,-0.036330,-0.000000,-0.000991,1.570208,-0.300000,1.000000,1.100000,0.000000,0.000000,-1.571000,-0.299763,1.008861,1.065198,1.497433
10.720000,-0.000237,-0.008861,0.034802,0.000006,-0.004317,-0.036285,-0.000000,-0.000990,1.570208,-0.300000,1.000000,1.100000,0.000000,0.000000,-1.571000,-0.299763,1.008861,1.065198,1.497432
10.722000,-0.000237,-0.008859,0.034802,0.000008,-0.004155,-0.036265,-0.000000,-0.000988,1.570208,-0.300000,1.000000,1.100000,0.000000,0.000000,-1.571000,-0.299763,1.008859,1.065198,1.497432
10.724000,-0.000237,-0.008858,0.034803,0.000018,-0.003991,-0.036274,-0.000000,-0.000988,1.570208,-0.300000,1.000000,1.100000,0.000000,0.000000,-1.571000,-0.299763,1.008858,1.065197,1.497430
10.726000,-0.000237,-0.008856,0.034803,0.000022,-0.003968,-0.036287,-0.000000,-0.000987,1.570208,-0.300000,1.000000,1.100000,0.000000,0.000000,-1.571000,-0.299763,1.008856,1.065197,1.497429
10.728000,-0.000237,-0.008855,0.034803,0.000022,-0.003965,-0.036292,-0.000000,-0.000987,1.570208,-0.300000,1.000000,1.100000,0.000000,0.000000,-1.571000,-0.299763,1.008855,1.065197,1.497428
10.730000,-0.000237,-0.008853,0.034803,0.000023,-0.003963,-0.036288,-0.000000,-0.000986,1.570208,-0.300000,1.000000,1.100000,0.000000,0.000000,-1.571000,-0.299763,1.008853,1.065197,1.497427
10.732000,-0.000237,-0.008851,0.034803,0.000023,-0.003961,-0.036281,-0.000000,-0.000986,1.570208,-0.300000,1.000000,1.100000,0.000000,0.000000,-1.571000,-0.299763,1.008851,1.065197,1.497426
10.734000,-0.000237,-0.008850,0.034803,0.000023,-0.003959,-0.036271,-0.000000,-0.000986,1.570208,-0.300000,1.000000,1.100000,0.000000,0.000000,-1.571000,-0.299763,1.008850,1.065197,1.497425
10.736000,-0.000237,-0.008848,0.034803,0.000023,-0.003957,-0.036260,-0.000000,-0.000986,1.570208,-0.300000,1.000000,1.100000,0.000000,0.000000,-1.571000,-0.299763,1.008848,1.065197,1.497424
10.738000,-0.000237,-0.008846,0.034803,0.000023,-0.003954,-0.036249,-0.000000,-0.000985,1.570208,-0.300000,1.000000,1.100000,0.000000,0.000000,-1.571000,-0.299763,1.008846,1.065197,1.497422
10.740000,-0.000237,-0.008845,0.034803,0.000022,-0.003952,-0.036238,-0.000000,-0.000985,1.570208,-0.300000,1.000000,1.100000,0.000000,0.000000,-1.571000,-0.299763,1.008845,1.065197,1.497421
10.742000,-0.000237,-0.008843,0.034803,0.000022,-0.003951,-0.036227,-0.000000,-0.000985,1.570208,-0.300000,1.000000,1.100000,0.000000,0.000000,-1.571000,-0.299763,1.008843,1.065197,1.497420
10.744000,-0.000237,-0.008841,0.034803,0.000022,-0.003949,-0.036217,-0.000000,-0.000985,1.570208,-0.300000,1.000000,1.100000,0.000000,0.000000,-1.571000,-0.299763,1.008841,1.065197,1.497419
10.746000,-0.000237,-0.008840,0.034803,0.000022,-0.003947,-0.036208,-0.000000,-0.000984,1.570208,-0.300000,1.000000,1.100000,0.000000,0.000000,-1.571000,-0.299763,1.008840,1.065197,1.497418
10.748000,-0.000236,-0.008838,0.034803,0.000022,-0.003946,-0.036200,-0.000000,-0.000984,1.570208,-0.300000,1.000000,1.100000,0.000000,0.000000,-1.571000,-0.299764,1.008838,1.065197,1.497417
10.750000,-0.000236,-0.008836,0.034803,0.000022,-0.003945,-0.036192,-0.000000,-0.000984,1.570208,-0.300000,1.000000,1.100000,0.000000,0.000000,-1.571000,-0.299764,1.008836,1.065197,1.497415
10.752000,-0.000236,-0.008835,0.034803,0.000022,-0.003943,-0.036185,-0.000000,-0.000984,1.570208,-0.300000,1.000000,1.100000,0.000000,0.000000,-1.571000,-0.299764,1.008835,1.065197,1.497414
10.754000,-0.000236,-0.008833,0.034803,0.000022,-0.003942,-0.036178,-0.000000,-0.000983,1.570208,-0.300000,1.000000,1.100000,0.000000,0.000000,-1.571000,-0.299764,1.008833,1.065197,1.497413
10.756000,-0.000236,-0.008831,0.034803,0.000022,-0.003941,-0.036172,-0.000000,-0.000983,1.570208,-0.300000,1.000000,1.100000,0.000000,0.000000,-1.571000,-0.299764,1.008831,1.065197,1.497412
10.758000,-0.000236,-0.008830,0.034803,0.000022,-0.003940,-0.036167,-0.000000,-0.000983,1.570208,-0.300000,1.000000,1.100000,0.000000,0.000000,-1.571000,-0.299764,1.008830,1.065197,1.497411
10.760000,-0.000236,-0.008828,0.034803,0.000022,-0.003939,-0.036162,-0.000000,-0.000983,1.570208,-0.300000,1.000000,1.100000,0.000000,0.000000,-1.571000,-0.299764,1.008828,1.065197,1.497410
10.762000,-0.000236,-0.008826,0.034804,0.000022,-0.003939,-0.036157,-0.000000,-0.000983,1.570209,-0.300000,1.000000,1.100000,0.000000,0.000000,-1.571000,-0.299764,1.008826,1.065196,1.497409
10.764000,-0.000236,-0.008825,0.034804,0.000022,-0.003938,-0.036152,-0.000000,-0.000982,1.570209,-0.300000,1.000000,1.100000,0.000000,0.000000,-1.571000,-0.299764,1.008825,1.065196,1.497407
10.766000,-0.000236,-0.008823,0.034804,0.000022,-0.003937,-0.036148,-0.000000,-0.000982,1.570209,-0.300000,1.000000,1.100000,0.000000,0.000000,-1.571000,-0.299764,1.008823,1.065196,1.497406
10.768000,-0.000236,-0.008821,0.034804,0.000022,-0.003936,-0.036144,-0.000000,-0.000982,1.570209,-0.300000,1.000000,1.100000,0.000000,0.000000,-1.571000,-0.299764,1.008821,1.065196,1.497405
10.770000,-0.000236,-0.008820,0.034804,0.000022,-0.003936,-0.036141,-0.000000,-0.000982,1.570209,-0.300000,1.000000,1.100000,0.000000,0.000000,-1.571000,-0.299764,1.008820,1.065196,1.497404
10.772000,-0.000236,-0.008818,0.034804,0.000022,-0.003935,-0.036138,-0.000000,-0.000982,1.570209,-0.300000,1.000000,1.100000,0.000000,0.000000,-1.571000,-0.299764,1.008818,1.065196,1.497403
10.774000,-0.000236,-0.008816,0.034804,0.000022,-0.003935,-0.036135,-0.000000,-0.000982,1.570209,-0.300000,1.000000,1.100000,0.000000,0.000000,-1.571000,-0.299764,1.008816,1.065196,1.497402
10.776000,-0.000236,-0.008815,0.034804,0.000022,-0.003934,-0.036132,-0.000000,-0.000982,1.570209,-0.300000,1.000000,1.100000,0.000000,0.000000,-1.571000,-0.299764,1.008815,1.065196,1.497401
10.778000,-0.000236,-0.008813,0.034804,0.000022,-0.003934,-0.036129,-0.000000,-0.000982,1.570209,-0.300000,1.000000,1.100000,0.000000,0.000000,-1.571000,-0.299764,1.008813,1.065196,1.497399
10.780000,-0.000236,-0.008811,0.034804,0.000022,-0.003933,-0.036127,-0.000000,-0.000982,1.570209,-0.300000,1.000000,1.100000,0.000000,0.000000,-1.571000,-0.299764,1.008811,1.065196,1.497398
10.782000,-0.000236,-0.008809,0.034804,0.000022,-0.003933,-0.036124,-0.000000,-0.000982,1.570209,-0.300000,1.000000,1.100000,0.000000,0.000000,-1.571000,-0.299764,1.008809,1.065196,1.497397
10.784000,-0.000236,-0.008808,0.034804,0.000022,-0.003933,-0.036122,-0.000000,-0.000981,1.570209,-0.300000,1.000000,1.100000,0.000000,0.000000,-1.571000,-0.299764,1.008808,1.065196,1.497396
10.786000,-0.000236,-0.008806,0.034804,0.000022,-0.003932,-0.036120,-0.000000,-0.000981,1.570209,-0.300000,1.000000,1.100000,0.000000,0.000000,-1.571000,-0.299764,1.008806,1.065196,1.497395
10.788000,-0.000236,-0.008804,0.034804,0.000022,-0.003932,-0.036118,-0.000000,-0.000981,1.570209,-0.300000,1.000000,1.100000,0.000000,0.000000,-1.571000,-0.299764,1.008804,1.065196,1.497394
10.790000,-0.000236,-0.008803,0.034804,0.000022,-0.003931,-0.036116,-0.000000,-0.000981,1.570209,-0.300000,1.000000,1.100000,0.000000,0.000000,-1.571000,-0.299764,1.008803,1.065196,1.497393
10.792000,-0.000235,-0.008801,0.034804,0.000022,-0.003931,-0.036114,-0.000000,-0.000981,1.570209,-0.300000,1.000000,1.100000,0.000000,0.000000,-1.571000,-0.299765,1.008801,1.065196,1.497392
10.794000,-0.000235,-0.008799,0.034804,0.000022,-0.003931,-0.036112,-0.000000,-0.000981,1.570209,-0.300000,1.000000,1.100000,0.000000,0.000000,-1.571000,-0.299765,1.008799,1.065196,1.497390
10.796000,-0.000235,-0.008798,0.034804,0.000022,-0.003930,-0.036110,-0.000000,-0.000981,1.570209,-0.300000,1.000000,1.100000,0.000000,0.000000,-1.571000,-0.299765,1.008798,1.065196,1.497389
10.798000,-0.000235,-0.008796,0.034804,0.000022,-0.003930,-0.036108,-0.000000,-0.000981,1.570209,-0.300000,1.000000,1.100000,0.000000,0.000000,-1.571000,-0.299765,1.008796,1.065196,1.497388
10.800000,-0.000235,-0.008794,0.034804,0.000022,-0.003930,-0.036107,-0.000000,-0.000981,1.570209,-0.300000,1.000000,1.100000,0.000000,0.000000,-1.571000,-0.299765,1.008794,1.065196,1.497387
10.802000,-0.000235,-0.008793,0.034804,0.000022,-0.003930,-0.036106,-0.000000,-0.000981,1.570209,-0.300000,1.000000,1.100000,0.000000,0.000000,-1.571000,-0.299765,1.008793,1.065196,1.497386
10.804000,-0.000235,-0.008791,0.034804,0.000022,-0.003930,-0.036104,-0.000000,-0.000981,1.570209,-0.300000,1.000000,1.100000,0.000000,0.000000,-1.571000,-0.299765,1.008791,1.065196,1.497385
10.806000,-0.000235,-0.008789,0.034804,0.000022,-0.003929,-0.036103,-0.000000,-0.000981,1.570209,-0.300000,1.000000,1.100000,0.000000,0.000000,-1.571000,-0.299765,1.008789,1.065196,1.497384
10.808000,-0.000235,-0.008788,0.034804,0.000022,-0.003929,-0.036102,-0.000000,-0.000981,1.570209,-0.300000,1.000000,1.100000,0.000000,0.000000,-1.571000,-0.299765,1.008788,1.065196,1.497382
10.810000,-0.000235,-0.008786,0.034804,0.000022,-0.003929,-0.036101,-0.000000,-0.000981,1.570209,-0.300000,1.000000,1.100000,0.000000,0.000000,-1.571000,-0.299765,1.008786,1.065196,1.497381
10.812000,-0.000235,-0.008784,0.034804,0.000022,-0.003929,-0.036101,-0.000000,-0.000981,1.570209,-0.300000,1.000000,1.100000,0.000000,0.000000,-1.571000,-0.299765,1.008784,1.065196,1.497380
10.814000,-0.000235,-0.008782,0.034804,0.000022,-0.003929,-0.036100,-0.000000,-0.000981,1.570210,-0.300000,1.000000,1.100000,0.000000,0.000000,-1.571000,-0.299765,1.008782,1.065196,1.497379
10.816000,-0.000235,-0.008781,0.034804,0.000022,-0.003929,-0.036099,-0.000000,-0.000981,1.570210,-0.300000,1.000000,1.100000,0.000000,0.000000,-1.571000,-0.299765,1.008781,1.065196,1.497378
10.818000,-0.000235,-0.008779,0.034804,0.000022,-0.003929,-0.036099,-0.000000,-0.000981,1.570210,-0.300000,1.000000,1.100000,0.000000,0.000000,-1.571000,-0.299765,1.008779,1.065196,1.497377
10.820000,-0.000235,-0.008777,0.034804,0.000022,-0.003928,-0.036098,-0.000000,-0.000981,1.570210,-0.300000,1.000000,1.100000,0.000000,0.000000,-1.571000,-0.299765,1.008777,1.065196,1.497376
10.822000,-0.000235,-0.008776,0.034804,0.000022,-0.003928,-0.036098,-0.000000,-0.000981,1.570210,-0.300000,1.000000,1.100000,0.000000,0.000000,-1.571000,-0.299765,1.008776,1.065196,1.497374
10.824000,-0.000235,-0.008774,0.034804,0.000022,-0.003928,-0.036097,-0.000000,-0.000981,1.570210,-0.300000,1.000000,1.100000,0.000000,0.000000,-1.571000,-0.299765,1.008774,1.065196,1.497373
10.826000,-0.000235,-0.008772,0.034804,0.000022,-0.003928,-0.036097,-0.000000,-0.000981,1.570210,-0.300000,1.000000,1.100000,0.000000,0.000000,-1.571000,-0.299765,1.008772,1.065196,1.497372
10.828000,-0.000235,-0.008771,0.034804,0.000022,-0.003928,-0.036096,-0.000000,-0.000981,1.570210,-0.300000,1.000000,1.100000,0.000000,0.000000,-1.571000,-0.299765,1.008771,1.065196,1.497371
10.830000,-0.000235,-0.008769,0.034804,0.000022,-0.003928,-0.036096,-0.000000,-0.000981,1.570210,-0.300000,1.000000,1.100000,0.000000,0.000000,-1.571000,-0.299765,1.008769,1.065196,1.497370
10.832000,-0.000235,-0.008767,0.034804,0.000022,-0.003928,-0.036096,-0.000000,-0.000981,1.570210,-0.300000,1.000000,1.100000,0.000000,0.000000,-1.571000,-0.299765,1.008767,1.065196,1.497369
10.834000,-0.000235,-0.008766,0.034804,0.000022,-0.003928,-0.036095,-0.000000,-0.000981,1.570210,-0.300000,1.000000,1.100000,0.000000,0.000000,-1.571000,-0.299765,1.008766,1.065196,1.497368
10.836000,-0.000235,-0.008764,0.034804,0.000022,-0.003928,-0.036095,-0.000000,-0.000981,1.570210,-0.300000,1.000000,1.100000,0.000000,0.000000,-1.571000,-0.299765,1.008764,1.065196,1.497367
10.838000,-0.000234,-0.008762,0.034804,0.000022,-0.003928,-0.036095,-0.000000,-0.000981,1.570210,-0.300000,1.000000,1.100000,0.000000,0.000000,-1.571000,-0.299766,1.008762,1.065196,1.497365
10.840000,-0.000234,-0.008760,0.034804,0.000022,-0.003928,-0.036095,-0.000000,-0.000981,1.570210,-0.300000,1.000000,1.100000,0.000000,0.000000,-1.571000,-0.299766,1.008760,1.065196,1.497364
10.842000,-0.000234,-0.008759,0.034804,0.000022,-0.003928,-0.036094,-0.000000,-0.000981,1.570210,-0.300000,1.000000,1.100000,0.000000,0.000000,-1.571000,-0.299766,1.008759,1.065196,1.497363
10.844000,-0.000234,-0.008757,0.034804,0.000022,-0.003928,-0.036094,-0.000000,-0.000981,1.570210,-0.300000,1.000000,1.100000,0.000000,0.000000,-1.571000,-0.299766,1.008757,1.065196,1.497362
10.846000,-0.000234,-0.008755,0.034804,0.000022,-0.003928,-0.036094,-0.000000,-0.000981,1.570210,-0.300000,1.000000,1.100000,0.000000,0.000000,-1.571000,-0.299766,1.008755,1.065196,1.497361
10.848000,-0.000234,-0.008754,0.034804,0.000022,-0.003928,-0.036094,-0.000000,-0.000981,1.570210,-0.300000,1.000000,1.100000,0.000000,0.000000,-1.571000,-0.299766,1.008754,1.065196,1.497360
10.850000,-0.000234,-0.008752,0.034804,0.000022,-0.003928,-0.036094,-0.000000,-0.000981,1.570210,-0.300000,1.000000,1.100000,0.000000,0.000000,-1.571000,-0.299766,1.008752,1.065196,1.497359
10.852000,-0.000234,-0.008750,0.034804,0.000022,-0.003928,-0.036094,-0.000000,-0.000981,1.570210,-0.300000,1.000000,1.100000,0.000000,0.000000,-1.571000,-0.299766,1.008750,1.065196,1.497357
10.854000,-0.000234,-0.008749,0.034804,0.000022,-0.003928,-0.036094,-0.000000,-0.000981,1.570210,-0.300000,1.000000,1.100000,0.000000,0.000000,-1.571000,-0.299766,1.008749,1.065196,1.497356
10.856000,-0.000234,-0.008747,0.034804,0.000022,-0.003928,-0.036093,-0.000000,-0.000981,1.570210,-0.300000,1.000000,1.100000,0.000000,0.000000,-1.571000,-0.299766,1.008747,1.065196,1.497355
10.858000,-0.000234,-0.008745,0.034804,0.000022,-0.003928,-0.036093,-0.000000,-0.000981,1.570210,-0.300000,1.000000,1.100000,0.000000,0.000000,-1.571000,-0.299766,1.008745,1.065196,1.497354
10.860000,-0.000234,-0.008744,0.034804,0.000022,-0.003928,-0.036093,-0.000000,-0.000981,1.570210,-0.300000,1.000000,1.100000,0.000000,0.000000,-1.571000,-0.299766,1.008744,1.065196,1.497353
10.862000,-0.000234,-0.008742,0.034804,0.000022,-0.003928,-0.036093,-0.000000,-0.000981,1.570210,-0.300000,1.000000,1.100000,0.000000,0.000000,-1.571000,-0.299766,1.008742,1.065196,1.497352
10.864000,-0.000234,-0.008740,0.034804,0.000022,-0.003928,-0.036093,-0.000000,-0.000981,1.570210,-0.300000,1.000000,1.100000,0.000000,0.000000,-1.571000,-0.299766,1.008740,1.065196,1.497351
10.866000,-0.000234,-0.008738,0.034804,0.000022,-0.003928,-0.036093,-0.000000,-0.000981,1.570211,-0.300000,1.000000,1.100000,0.000000,0.000000,-1.571000,-0.299766,1.008738,1.065196,1.497350
10.868000,-0.000234,-0.008737,0.034804,0.000022,-0.003928,-0.036093,-0.000000,-0.000981,1.570211,-0.300000,1.000000,1.100000,0.000000,0.000000,-1.571000,-0.299766,1.008737,1.065196,1.497348
10.870000,-0.000234,-0.008735,0.034804,0.000022,-0.003928,-0.036093,-0.000000,-0.000981,1.570211,-0.300000,1.000000,1.100000,0.000000,0.000000,-1.571000,-0.299766,1.008735,1.065196,1.497347
10.872000,-0.000234,-0.008733,0.034804,0.000022,-0.003928,-0.036093,-0.000000,-0.000981,1.570211,-0.300000,1.000000,1.100000,0.000000,0.000000,-1.571000,-0.299766,1.008733,1.065196,1.497346
10.874000,-0.000234,-0.008732,0.034804,0.000022,-0.003928,-0.036093,-0.000000,-0.000981,1.570211,-0.300000,1.000000,1.100000,0.000000,0.000000,-1.571000,-0.299766,1.008732,1.065196,1.497345
10.876000,-0.000234,-0.008730,0.034804,0.000022,-0.003928,-0.036093,-0.000000,-0.000981,1.570211,-0.300000,1.000000,1.100000,0.000000,0.000000,-1.571000,-0.299766,1.008730,1.065196,1.497344
10.878000,-0.000234,-0.008728,0.034804,0.000022,-0.003928,-0.036093,-0.000000,-0.000981,1.570211,-0.300000,1.000000,1.100000,0.000000,0.000000,-1.571000,-0.299766,1.008728,1.065196,1.497343
10.880000,-0.000234,-0.008727,0.034804,0.000022,-0.003928,-0.036093,-0.000000,-0.000981,1.570211,-0.300000,1.000000,1.100000,0.000000,0.000000,-1.571000,-0.299766,1.008727,1.065196,1.497342
10.882000,-0.000233,-0.008725,0.034804,0.000022,-0.003928,-0.036093,-0.000000,-0.000981,1.570211,-0.300000,1.000000,1.100000,0.000000,0.000000,-1.571000,-0.299767,1.008725,1.065196,1.497341
10.884000,-0.000233,-0.008723,0.034804,0.000022,-0.003928,-0.036093,-0.000000,-0.000981,1.570211,-0.300000,1.000000,1.100000,0.000000,0.000000,-1.571000,-0.299767,1.008723,1.065196,1.497339
10.886000,-0.000233,-0.008722,0.034804,0.000022,-0.003928,-0.036093,-0.000000,-0.000981,1.570211,-0.300000,1.000000,1.100000,0.000000,0.000000,-1.571000,-0.299767,1.008722,1.065196,1.497338
10.888000,-0.000233,-0.008720,0.034804,0.000022,-0.003928,-0.036093,-0.000000,-0.000981,1.570211,-0.300000,1.000000,1.100000,0.000000,0.000000,-1.571000,-0.299767,1.008720,1.065196,1.497337
10.890000,-0.000233,-0.008718,0.034804,0.000022,-0.003928,-0.036093,-0.000000,-0.000981,1.570211,-0.300000,1.000000,1.100000,0.000000,0.000000,-1.571000,-0.299767,1.008718,1.065196,1.497336
10.892000,-0.000233,-0.008716,0.034804,0.000022,-0.003928,-0.036093,-0.000000,-0.000981,1.570211,-0.300000,1.000000,1.100000,0.000000,0.000000,-1.571000,-0.299767,1.008716,1.065196,1.497335
10.894000,-0.000233,-0.008715,0.034804,0.000022,-0.003928,-0.036093,-0.000000,-0.000981,1.570211,-0.300000,1.000000,1.100000,0.000000,0.000000,-1.571000,-0.299767,1.008715,1.065196,1.497334
10.896000,-0.000233,-0.008713,0.034804,0.000022,-0.003928,-0.036093,-0.000000,-0.000981,1.570211,-0.300000,1.000000,1.100000,0.000000,0.000000,-1.571000,-0.299767,1.008713,1.065196,1.497333
10.898000,-0.000233,-0.008711,0.034804,0.000022,-0.003928,-0.036093,-0.000000,-0.000981,1.570211,-0.300000,1.000000,1.100000,0.000000,0.000000,-1.571000,-0.299767,1.008711,1.065196,1.497331
10.900000,-0.000233,-0.008710,0.034804,0.000022,-0.003928,-0.036093,-0.000000,-0.000981,1.570211,-0.300000,1.000000,1.100000,0.000000,0.000000,-1.571000,-0.299767,1.008710,1.065196,1.497330
10.902000,-0.000233,-0.008708,0.034804,0.000022,-0.003928,-0.036093,-0.000000,-0.000981,1.570211,-0.300000,1.000000,1.100000,0.000000,0.000000,-1.571000,-0.299767,1.008708,1.065196,1.497329
10.904000,-0.000233,-0.008706,0.034804,0.000022,-0.003928,-0.036093,-0.000000,-0.000981,1.570211,-0.300000,1.000000,1.100000,0.000000,0.000000,-1.571000,-0.299767,1.008706,1.065196,1.497328
10.906000,-0.000233,-0.008705,0.034804,0.000022,-0.003928,-0.036093,-0.000000,-0.000981,1.570211,-0.300000,1.000000,1.100000,0.000000,0.000000,-1.571000,-0.299767,1.008705,1.065196,1.497327
10.908000,-0.000233,-0.008703,0.034804,0.000022,-0.003928,-0.036093,-0.000000,-0.000981,1.570211,-0.300000,1.000000,1.100000,0.000000,0.000000,-1.571000,-0.299767,1.008703,1.065196,1.497326
10.910000,-0.000233,-0.008701,0.034804,0.000022,-0.003928,-0.036093,-0.000000,-0.000981,1.570211,-0.300000,1.000000,1.100000,0.000000,0.000000,-1.571000,-0.299767,1.008701,1.065196,1.497325
10.912000,-0.000233,-0.008700,0.034804,0.000022,-0.003928,-0.036093,-0.000000,-0.000981,1.570211,-0.300000,1.000000,1.100000,0.000000,0.000000,-1.571000,-0.299767,1.008700,1.065196,1.497324
10.914000,-0.000233,-0.008698,0.034804,0.000022,-0.003928,-0.036093,-0.000000,-0.000981,1.570211,-0.300000,1.000000,1.100000,0.000000,0.000000,-1.571000,-0.299767,1.008698,1.065196,1.497322
10.916000,-0.000233,-0.008696,0.034804,0.000022,-0.003928,-0.036093,-0.000000,-0.000981,1.570211,-0.300000,1.000000,1.100000,0.000000,0.000000,-1.571000,-0.299767,1.008696,1.065196,1.497321
10.918000,-0.000233,-0.008694,0.034804,0.000022,-0.003928,-0.036093,-0.000000,-0.000981,1.570212,-0.300000,1.000000,1.100000,0.000000,0.000000,-1.571000,-0.299767,1.008694,1.065196,1.497320
10.920000,-0.000233,-0.008693,0.034804,0.000022,-0.003928,-0.036093,-0.000000,-0.000981,1.570212,-0.300000,1.000000,1.100000,0.000000,0.000000,-1.571000,-0.299767,1.008693,1.065196,1.497319
10.922000,-0.000233,-0.008691,0.034804,0.000022,-0.003928,-0.036093,-0.000000,-0.000981,1.570212,-0.300000,1.000000,1.100000,0.000000,0.000000,-1.571000,-0.299767,1.008691,1.065196,1.497318
10.924000,-0.000233,-0.008689,0.034804,0.000022,-0.003928,-0.036093,-0.000000,-0.000981,1.570212,-0.300000,1.000000,1.100000,0.000000,0.000000,-1.571000,-0.299767,1.008689,1.065196,1.497317
10.926000,-0.000233,-0.008688,0.034804,0.000022,-0.003928,-0.036093,-0.000000,-0.000981,1.570212,-0.300000,1.000000,1.100000,0.000000,0.000000,-1.571000,-0.299767,1.008688,1.065196,1.497316
10.928000,-0.000232,-0.008686,0.034804,0.000022,-0.003928,-0.036093,-0.000000,-0.000981,1.570212,-0.300000,1.000000,1.100000,0.000000,0.000000,-1.571000,-0.299768,1.008686,1.065196,1.497314
10.930000,-0.000232,-0.008684,0.034804,0.000022,-0.003928,-0.036093,-0.000000,-0.000981,1.570212,-0.300000,1.000000,1.100000,0.000000,0.000000,-1.571000,-0.299768,1.008684,1.065196,1.497313
10.932000,-0.000232,-0.008683,0.034804,0.000022,-0.003928,-0.036093,-0.000000,-0.000981,1.570212,-0.300000,1.000000,1.100000,0.000000,0.000000,-1.571000,-0.299768,1.008683,1.065196,1.497312
10.934000,-0.000232,-0.008681,0.034804,0.000022,-0.003928,-0.036093,-0.000000,-0.000981,1.570212,-0.300000,1.000000,1.100000,0.000000,0.000000,-1.571000,-0.299768,1.008681,1.065196,1.497311
10.936000,-0.000232,-0.008679,0.034804,0.000022,-0.003928,-0.036093,-0.000000,-0.000981,1.570212,-0.300000,1.000000,1.100000,0.000000,0.000000,-1.571000,-0.299768,1.008679,1.065196,1.497310
10.938000,-0.000232,-0.008678,0.034804,0.000022,-0.003928,-0.036093,-0.000000,-0.000981,1.570212,-0.300000,1.000000,1.100000,0.000000,0.000000,-1.571000,-0.299768,1.008678,1.065196,1.497309
10.940000,-0.000232,-0.008676,0.034804,0.000022,-0.003928,-0.036093,-0.000000,-0.000981,1.570212,-0.300000,1.000000,1.100000,0.000000,0.000000,-1.571000,-0.299768,1.008676,1.065196,1.497308
10.942000,-0.000232,-0.008674,0.034804,0.000022,-0.003928,-0.036093,-0.000000,-0.000981,1.570212,-0.300000,1.000000,1.100000,0.000000,0.000000,-1.571000,-0.299768,1.008674,1.065196,1.497307
10.944000,-0.000232,-0.008672,0.034804,0.000022,-0.003928,-0.036093,-0.000000,-0.000981,1.570212,-0.300000,1.000000,1.100000,0.000000,0.000000,-1.571000,-0.299768,1.008672,1.065196,1.497305
10.946000,-0.000232,-0.008671,0.034804,0.000022,-0.003928,-0.036093,-0.000000,-0.000981,1.570212,-0.300000,1.000000,1.100000,0.000000,0.000000,-1.571000,-0.299768,1.008671,1.065196,1.497304
10.948000,-0.000232,-0.008669,0.034804,0.000022,-0.003928,-0.036093,-0.000000,-0.000981,1.570212,-0.300000,1.000000,1.100000,0.000000,0.000000,-1.571000,-0.299768,1.008669,1.065196,1.497303
10.950000,-0.000232,-0.008667,0.034804,0.000022,-0.003928,-0.036093,-0.000000,-0.000981,1.570212,-0.300000,1.000000,1.100000,0.000000,0.000000,-1.571000,-0.299768,1.008667,1.065196,1.497302
10.952000,-0.000232,-0.008666,0.034804,0.000022,-0.003928,-0.036093,-0.000000,-0.000981,1.570212,-0.300000,1.000000,1.100000,0.000000,0.000000,-1.571000,-0.299768,1.008666,1.065196,1.497301
10.954000,-0.000232,-0.008664,0.034804,0.000022,-0.003928,-0.036093,-0.000000,-0.000981,1.570212,-0.300000,1.000000,1.100000,0.000000,0.000000,-1.571000,-0.299768,1.008664,1.065196,1.497300
10.956000,-0.000232,-0.008662,0.034804,0.000022,-0.003928,-0.036093,-0.000000,-0.000981,1.570212,-0.300000,1.000000,1.100000,0.000000,0.000000,-1.571000,-0.299768,1.008662,1.065196,1.497299
10.958000,-0.000232,-0.008661,0.034804,0.000022,-0.003928,-0.036093,-0.000000,-0.000981,1.570212,-0.300000,1.000000,1.100000,0.000000,0.000000,-1.571000,-0.299768,1.008661,1.065196,1.497298
10.960000,-0.000232,-0.008659,0.034804,0.000022,-0.003928,-0.036093,-0.000000,-0.000981,1.570212,-0.300000,1.000000,1.100000,0.000000,0.000000,-1.571000,-0.299768,1.008659,1.065196,1.497296
10.962000,-0.000232,-0.008657,0.034804,0.000022,-0.003928,-0.036093,-0.000000,-0.000981,1.570212,-0.300000,1.000000,1.100000,0.000000,0.000000,-1.571000,-0.299768,1.008657,1.065196,1.497295
10.964000,-0.000232,-0.008656,0.034804,0.000022,-0.003928,-0.036093,-0.000000,-0.000981,1.570212,-0.300000,1.000000,1.100000,0.000000,0.000000,-1.571000,-0.299768,1.008656,1.065196,1.497294
10.966000,-0.000232,-0.008654,0.034804,0.000022,-0.003928,-0.036093,-0.000000,-0.000981,1.570212,-0.300000,1.000000,1.100000,0.000000,0.000000,-1.571000,-0.299768,1.008654,1.065196,1.497293
10.968000,-0.000232,-0.008652,0.034804,0.000022,-0.003928,-0.036093,-0.000000,-0.000981,1.570212,-0.300000,1.000000,1.100000,0.000000,0.000000,-1.571000,-0.299768,1.008652,1.065196,1.497292
10.970000,-0.000232,-0.008650,0.034804,0.000022,-0.003928,-0.036093,-0.000000,-0.000981,1.570213,-0.300000,1.000000,1.100000,0.000000,0.000000,-1.571000,-0.299768,1.008650,1.065196,1.497291
10.972000,-0.000231,-0.008649,0.034804,0.000022,-0.003928,-0.036093,-0.000000,-0.000981,1.570213,-0.300000,1.000000,1.100000,0.000000,0.000000,-1.571000,-0.299769,1.008649,1.065196,1.497290
10.974000,-0.000231,-0.008647,0.034804,0.000022,-0.003928,-0.036093,-0.000000,-0.000981,1.570213,-0.300000,1.000000,1.100000,0.000000,0.000000,-1.571000,-0.299769,1.008647,1.065196,1.497288
10.976000,-0.000231,-0.008645,0.034804,0.000022,-0.003928,-0.036093,-0.000000,-0.000981,1.570213,-0.300000,1.000000,1.100000,0.000000,0.000000,-1.571000,-0.299769,1.008645,1.065196,1.497287
10.978000,-0.000231,-0.008644,0.034804,0.000022,-0.003928,-0.036093,-0.000000,-0.000981,1.570213,-0.300000,1.000000,1.100000,0.000000,0.000000,-1.571000,-0.299769,1.008644,1.065196,1.497286
10.980000,-0.000231,-0.008642,0.034804,0.000022,-0.003928,-0.036093,-0.000000,-0.000981,1.570213,-0.300000,1.000000,1.100000,0.000000,0.000000,-1.571000,-0.299769,1.008642,1.065196,1.497285
10.982000,-0.000231,-0.008640,0.034804,0.000022,-0.003928,-0.036093,-0.000000,-0.000981,1.570213,-0.300000,1.000000,1.100000,0.000000,0.000000,-1.571000,-0.299769,1.008640,1.065196,1.497284
10.984000,-0.000231,-0.008639,0.034804,0.000022,-0.003928,-0.036093,-0.000000,-0.000981,1.570213,-0.300000,1.000000,1.100000,0.000000,0.000000,-1.571000,-0.299769,1.008639,1.065196,1.497283
10.986000,-0.000231,-0.008637,0.034804,0.000022,-0.003928,-0.036093,-0.000000,-0.000981,1.570213,-0.300000,1.000000,1.100000,0.000000,0.000000,-1.571000,-0.299769,1.008637,1.065196,1.497282
10.988000,-0.000231,-0.008635,0.034804,0.000022,-0.003928,-0.036093,-0.000000,-0.000981,1.570213,-0.300000,1.000000,1.100000,0.000000,0.000000,-1.571000,-0.299769,1.008635,1.065196,1.497281
10.990000,-0.000231,-0.008634,0.034804,0.000022,-0.003928,-0.036093,-0.000000,-0.000981,1.570213,-0.300000,1.000000,1.100000,0.000000,0.000000,-1.571000,-0.299769,1.008634,1.065196,1.497279
10.992000,-0.000231,-0.008632,0.034804,0.000022,-0.003928,-0.036093,-0.000000,-0.000981,1.570213,-0.300000,1.000000,1.100000,0.000000,0.000000,-1.571000,-0.299769,1.008632,1.065196,1.497278
10.994000,-0.000231,-0.008630,0.034804,0.000022,-0.003928,-0.036093,-0.000000,-0.000981,1.570213,-0.300000,1.000000,1.100000,0.000000,0.000000,-1.571000,-0.299769,1.008630,1.065196,1.497277
10.996000,-0.000231,-0.008628,0.034804,0.000022,-0.003928,-0.036093,-0.000000,-0.000981,1.570213,-0.300000,1.000000,1.100000,0.000000,0.000000,-1.571000,-0.299769,1.008628,1.065196,1.497276
10.998000,-0.000231,-0.008627,0.034804,0.000022,-0.003928,-0.036093,-0.000000,-0.000981,1.570213,-0.300000,1.000000,1.100000,0.000000,0.000000,-1.571000,-0.299769,1.008627,1.065196,1.497275
11.000000,-0.000231,-0.008625,0.034804,0.000022,-0.003928,-0.036093,-0.000000,-0.000981,1.570213,-0.300000,1.000000,1.100000,0.000000,0.000000,-1.571000,-0.299769,1.008625,1.065196,1.497274
11.002000,-0.000231,-0.008623,0.034804,0.000022,-0.003928,-0.036093,-0.000000,-0.000981,1.570213,-0.300000,1.000000,1.100000,0.000000,0.000000,-1.571000,-0.299769,1.008623,1.065196,1.497273
11.004000,-0.000231,-0.008622,0.034804,0.000022,-0.003928,-0.036093,-0.000000,-0.000981,1.570213,-0.300000,1.000000,1.100000,0.000000,0.000000,-1.571000,-0.299769,1.008622,1.065196,1.497272
11.006000,-0.000231,-0.008620,0.034804,0.000022,-0.003928,-0.036093,-0.000000,-0.000981,1.570213,-0.300000,1.000000,1.100000,0.000000,0.000000,-1.571000,-0.299769,1.008620,1.065196,1.497270
11.008000,-0.000231,-0.008618,0.034804,0.000022,-0.003928,-0.036093,-0.000000,-0.000981,1.570213,-0.300000,1.000000,1.100000,0.000000,0.000000,-1.571000,-0.299769,1.008618,1.065196,1.497269
11.010000,-0.000231,-0.008617,0.034804,0.000022,-0.003928,-0.036093,-0.000000,-0.000981,1.570213,-0.300000,1.000000,1.100000,0.000000,0.000000,-1.571000,-0.299769,1.008617,1.065196,1.497268
11.012000,-0.000231,-0.008615,0.034804,0.000022,-0.003928,-0.036093,-0.000000,-0.000981,1.570213,-0.300000,1.000000,1.100000,0.000000,0.000000,-1.571000,-0.299769,1.008615,1.065196,1.497267
11.014000,-0.000231,-0.008613,0.034804,0.000022,-0.003928,-0.036093,-0.000000,-0.000981,1.570213,-0.300000,1.000000,1.100000,0.000000,0.000000,-1.571000,-0.299769,1.008613,1.065196,1.497266
11.016000,-0.000231,-0.008612,0.034804,0.000022,-0.003928,-0.036093,-0.000000,-0.000981,1.570213,-0.300000,1.000000,1.100000,0.000000,0.000000,-1.571000,-0.299769,1.008612,1.065196,1.497265
11.018000,-0.000230,-0.008610,0.034804,0.000022,-0.003928,-0.036093,-0.000000,-0.000981,1.570213,-0.300000,1.000000,1.100000,0.000000,0.000000,-1.571000,-0.299770,1.008610,1.065196,1.497264
11.020000,-0.000230,-0.008608,0.034804,0.000022,-0.003928,-0.036093,-0.000000,-0.000981,1.570213,-0.300000,1.000000,1.100000,0.000000,0.000000,-1.571000,-0.299770,1.008608,1.065196,1.497262
11.022000,-0.000230,-0.008606,0.034804,0.000022,-0.003928,-0.036093,-0.000000,-0.000981,1.570214,-0.300000,1.000000,1.100000,0.000000,0.000000,-1.571000,-0.299770,1.008606,1.065196,1.497261
11.024000,-0.000230,-0.008605,0.034804,0.000022,-0.003928,-0.036093,-0.000000,-0.000981,1.570214,-0.300000,1.000000,1.100000,0.000000,0.000000,-1.571000,-0.299770,1.008605,1.065196,1.497260
11.026000,-0.000230,-0.008603,0.034804,0.000022,-0.003928,-0.036093,-0.000000,-0.000981,1.570214,-0.300000,1.000000,1.100000,0.000000,0.000000,-1.571000,-0.299770,1.008603,1.065196,1.497259
11.028000,-0.000230,-0.008601,0.034804,0.000022,-0.003928,-0.036093,-0.000000,-0.000981,1.570214,-0.300000,1.000000,1.100000,0.000000,0.000000,-1.571000,-0.299770,1.008601,1.065196,1.497258
11.030000,-0.000230,-0.008600,0.034804,0.000022,-0.003928,-0.036093,-0.000000,-0.000981,1.570214,-0.300000,1.000000,1.100000,0.000000,0.000000,-1.571000,-0.299770,1.008600,1.065196,1.497257
11.032000,-0.000230,-0.008598,0.034804,0.000022,-0.003928,-0.036093,-0.000000,-0.000981,1.570214,-0.300000,1.000000,1.100000,0.000000,0.000000,-1.571000,-0.299770,1.008598,1.065196,1.497256
11.034000,-0.000230,-0.008596,0.034804,0.000022,-0.003928,-0.036093,-0.000000,-0.000981,1.570214,-0.300000,1.000000,1.100000,0.000000,0.000000,-1.571000,-0.299770,1.008596,1.065196,1.497255
11.036000,-0.000230,-0.008595,0.034804,0.000022,-0.003928,-0.036093,-0.000000,-0.000981,1.570214,-0.300000,1.000000,1.100000,0.000000,0.000000,-1.571000,-0.299770,1.008595,1.065196,1.497253
11.038000,-0.000230,-0.008593,0.034804,0.000022,-0.003928,-0.036093,-0.000000,-0.000981,1.570214,-0.300000,1.000000,1.100000,0.000000,0.000000,-1.571000,-0.299770,1.008593,1.065196,1.497252
11.040000,-0.000230,-0.008591,0.034804,0.000022,-0.003928,-0.036093,-0.000000,-0.000981,1.570214,-0.300000,1.000000,1.100000,0.000000,0.000000,-1.571000,-0.299770,1.008591,1.065196,1.497251
11.042000,-0.000230,-0.008590,0.034804,0.000022,-0.003928,-0.036093,-0.000000,-0.000981,1.570214,-0.300000,1.000000,1.100000,0.000000,0.000000,-1.571000,-0.299770,1.008590,1.065196,1.497250
11.044000,-0.000230,-0.008588,0.034804,0.000022,-0.003928,-0.036093,-0.000000,-0.000981,1.570214,-0.300000,1.000000,1.100000,0.000000,0.000000,-1.571000,-0.299770,1.008588,1.065196,1.497249
11.046000,-0.000230,-0.008586,0.034804,0.000022,-0.003928,-0.036093,-0.000000,-0.000981,1.570214,-0.300000,1.000000,1.100000,0.000000,0.000000,-1.571000,-0.299770,1.008586,1.065196,1.497248
11.048000,-0.000230,-0.008584,0.034804,0.000022,-0.003928,-0.036093,-0.000000,-0.000981,1.570214,-0.300000,1.000000,1.100000,0.000000,0.000000,-1.571000,-0.299770,1.008584,1.065196,1.497247
11.050000,-0.000230,-0.008583,0.034804,0.000022,-0.003928,-0.036093,-0.000000,-0.000981,1.570214,-0.300000,1.000000,1.100000,0.000000,0.000000,-1.571000,-0.299770,1.008583,1.065196,1.497245
11.052000,-0.000230,-0.008581,0.034804,0.000022,-0.003928,-0.036093,-0.000000,-0.000981,1.570214,-0.300000,1.000000,1.100000,0.000000,0.000000,-1.571000,-0.299770,1.008581,1.065196,1.497244
11.054000,-0.000230,-0.008579,0.034804,0.000022,-0.003928,-0.036093,-0.000000,-0.000981,1.570214,-0.300000,1.000000,1.100000,0.000000,0.000000,-1.571000,-0.299770,1.008579,1.065196,1.497243
11.056000,-0.000230,-0.008578,0.034804,0.000022,-0.003928,-0.036093,-0.000000,-0.000981,1.570214,-0.300000,1.000000,1.100000,0.000000,0.000000,-1.571000,-0.299770,1.008578,1.065196,1.497242
11.058000,-0.000230,-0.008576,0.034804,0.000022,-0.003928,-0.036093,-0.000000,-0.000981,1.570214,-0.300000,1.000000,1.100000,0.000000,0.000000,-1.571000,-0.299770,1.008576,1.065196,1.497241
11.060000,-0.000230,-0.008574,0.034804,0.000022,-0.003928,-0.036093,-0.000000,-0.000981,1.570214,-0.300000,1.000000,1.100000,0.000000,0.000000,-1.571000,-0.299770,1.008574,1.065196,1.497240
11.062000,-0.000229,-0.008573,0.034804,0.000022,-0.003928,-0.036093,-0.000000,-0.000981,1.570214,-0.300000,1.000000,1.100000,0.000000,0.000000,-1.571000,-0.299771,1.008573,1.065196,1.497239
11.064000,-0.000229,-0.008571,0.034804,0.000022,-0.003928,-0.036093,-0.000000,-0.000981,1.570214,-0.300000,1.000000,1.100000,0.000000,0.000000,-1.571000,-0.299771,1.008571,1.065196,1.497238
11.066000,-0.000229,-0.008569,0.034804,0.000022,-0.003928,-0.036093,-0.000000,-0.000981,1.570214,-0.300000,1.000000,1.100000,0.000000,0.000000,-1.571000,-0.299771,1.008569,1.065196,1.497236
11.068000,-0.000229,-0.008568,0.034804,0.000022,-0.003928,-0.036093,-0.000000,-0.000981,1.570214,-0.300000,1.000000,1.100000,0.000000,0.000000,-1.571000,-0.299771,1.008568,1.065196,1.497235
11.070000,-0.000229,-0.008566,0.034804,0.000022,-0.003928,-0.036093,-0.000000,-0.000981,1.570214,-0.300000,1.000000,1.100000,0.000000,0.000000,-1.571000,-0.299771,1.008566,1.065196,1.497234
11.072000,-0.000229,-0.008564,0.034804,0.000022,-0.003928,-0.036093,-0.000000,-0.000981,1.570215,-0.300000,1.000000,1.100000,0.000000,0.000000,-1.571000,-0.299771,1.008564,1.065196,1.497233
11.074000,-0.000229,-0.008562,0.034804,0.000022,-0.003928,-0.036093,-0.000000,-0.000981,1.570215,-0.300000,1.000000,1.100000,0.000000,0.000000,-1.571000,-0.299771,1.008562,1.065196,1.497232
11.076000,-0.000229,-0.008561,0.034804,0.000022,-0.003928,-0.036093,-0.000000,-0.000981,1.570215,-0.300000,1.000000,1.100000,0.000000,0.000000,-1.571000,-0.299771,1.008561,1.065196,1.497231
11.078000,-0.000229,-0.008559,0.034804,0.000022,-0.003928,-0.036093,-0.000000,-0.000981,1.570215,-0.300000,1.000000,1.100000,0.000000,0.000000,-1.571000,-0.299771,1.008559,1.065196,1.497230
11.080000,-0.000229,-0.008557,0.034804,0.000022,-0.003928,-0.036093,-0.000000,-0.000981,1.570215,-0.300000,1.000000,1.100000,0.000000,0.000000,-1.571000,-0.299771,1.008557,1.065196,1.497229
11.082000,-0.000229,-0.008556,0.034804,0.000022,-0.003928,-0.036093,-0.000000,-0.000981,1.570215,-0.300000,1.000000,1.100000,0.000000,0.000000,-1.571000,-0.299771,1.008556,1.065196,1.497227
11.084000,-0.000229,-0.008554,0.034804,0.000022,-0.003928,-0.036093,-0.000000,-0.000981,1.570215,-0.300000,1.000000,1.100000,0.000000,0.000000,-1.571000,-0.299771,1.008554,1.065196,1.497226
11.086000,-0.000229,-0.008552,0.034804,0.000022,-0.003928,-0.036093,-0.000000,-0.000981,1.570215,-0.300000,1.000000,1.100000,0.000000,0.000000,-1.571000,-0.299771,1.008552,1.065196,1.497225
11.088000,-0.000229,-0.008551,0.034804,0.000022,-0.003928,-0.036093,-0.000000,-0.000981,1.570215,-0.300000,1.000000,1.100000,0.000000,0.000000,-1.571000,-0.299771,1.008551,1.065196,1.497224
11.090000,-0.000229,-0.008549,0.034804,0.000022,-0.003928,-0.036093,-0.000000,-0.000981,1.570215,-0.300000,1.000000,1.100000,0.000000,0.000000,-1.571000,-0.299771,1.008549,1.065196,1.497223
11.092000,-0.000229,-0.008547,0.034804,0.000022,-0.003928,-0.036093,-0.000000,-0.000981,1.570215,-0.300000,1.000000,1.100000,0.000000,0.000000,-1.571000,-0.299771,1.008547,1.065196,1.497222
11.094000,-0.000229,-0.008546,0.034804,0.000022,-0.003928,-0.036093,-0.000000,-0.000981,1.570215,-0.300000,1.000000,1.100000,0.000000,0.000000,-1.571000,-0.299771,1.008546,1.065196,1.497221
11.096000,-0.000229,-0.008544,0.034804,0.000022,-0.003928,-0.036093,-0.000000,-0.000981,1.570215,-0.300000,1.000000,1.100000,0.000000,0.000000,-1.571000,-0.299771,1.008544,1.065196,1.497219
11.098000,-0.000229,-0.008542,0.034804,0.000022,-0.003928,-0.036093,-0.000000,-0.000981,1.570215,-0.300000,1.000000,1.100000,0.000000,0.000000,-1.571000,-0.299771,1.008542,1.065196,1.497218
11.100000,-0.000229,-0.008540,0.034804,0.000022,-0.003928,-0.036093,-0.000000,-0.000981,1.570215,-0.300000,1.000000,1.100000,0.000000,0.000000,-1.571000,-0.299771,1.008540,1.065196,1.497217
11.102000,-0.000229,-0.008539,0.034804,0.000022,-0.003928,-0.036093,-0.000000,-0.000981,1.570215,-0.300000,1.000000,1.100000,0.000000,0.000000,-1.571000,-0.299771,1.008539,1.065196,1.497216
11.104000,-0.000229,-0.008537,0.034804,0.000022,-0.003928,-0.036093,-0.000000,-0.000981,1.570215,-0.300000,1.000000,1.100000,0.000000,0.000000,-1.571000,-0.299771,1.008537,1.065196,1.497215
11.106000,-0.000229,-0.008535,0.034804,0.000022,-0.003928,-0.036093,-0.000000,-0.000981,1.570215,-0.300000,1.000000,1.100000,0.000000,0.000000,-1.571000,-0.299771,1.008535,1.065196,1.497214
11.108000,-0.000228,-0.008534,0.034804,0.000022,-0.003928,-0.036093,-0.000000,-0.000981,1.570215,-0.300000,1.000000,1.100000,0.000000,0.000000,-1.571000,-0.299772,1.008534,1.065196,1.497213
11.110000,-0.000228,-0.008532,0.034804,0.000022,-0.003928,-0.036093,-0.000000,-0.000981,1.570215,-0.300000,1.000000,1.100000,0.000000,0.000000,-1.571000,-0.299772,1.008532,1.065196,1.497212
11.112000,-0.000228,-0.008530,0.034804,0.000022,-0.003928,-0.036093,-0.000000,-0.000981,1.570215,-0.300000,1.000000,1.100000,0.000000,0.000000,-1.571000,-0.299772,1.008530,1.065196,1.497210
11.114000,-0.000228,-0.008529,0.034804,0.000022,-0.003928,-0.036093,-0.000000,-0.000981,1.570215,-0.300000,1.000000,1.100000,0.000000,0.000000,-1.571000,-0.299772,1.008529,1.065196,1.497209
11.116000,-0.000228,-0.008527,0.034804,0.000022,-0.003928,-0.036093,-0.000000,-0.000981,1.570215,-0.300000,1.000000,1.100000,0.000000,0.000000,-1.571000,-0.299772,1.008527,1.065196,1.497208
11.118000,-0.000228,-0.008525,0.034804,0.000022,-0.003928,-0.036093,-0.000000,-0.000981,1.570215,-0.300000,1.000000,1.100000,0.000000,0.000000,-1.571000,-0.299772,1.008525,1.065196,1.497207
11.120000,-0.000228,-0.008524,0.034804,0.000022,-0.003928,-0.036093,-0.000000,-0.000981,1.570215,-0.300000,1.000000,1.100000,0.000000,0.000000,-1.571000,-0.299772,1.008524,1.065196,1.497206
11.122000,-0.000228,-0.008522,0.034804,0.000022,-0.003928,-0.036093,-0.000000,-0.000981,1.570215,-0.300000,1.000000,1.100000,0.000000,0.000000,-1.571000,-0.299772,1.008522,1.065196,1.497205
11.124000,-0.000228,-0.008520,0.034804,0.000022,-0.003928,-0.036093,-0.000000,-0.000981,1.570216,-0.300000,1.000000,1.100000,0.000000,0.000000,-1.571000,-0.299772,1.008520,1.065196,1.497204
11.126000,-0.000228,-0.008518,0.034804,0.000022,-0.003928,-0.036093,-0.000000,-0.000981,1.570216,-0.300000,1.000000,1.100000,0.000000,0.000000,-1.571000,-0.299772,1.008518,1.065196,1.497202
11.128000,-0.000228,-0.008517,0.034804,0.000022,-0.003928,-0.036093,-0.000000,-0.000981,1.570216,-0.300000,1.000000,1.100000,0.000000,0.000000,-1.571000,-0.299772,1.008517,1.065196,1.497201
11.130000,-0.000228,-0.008515,0.034804,0.000022,-0.003928,-0.036093,-0.000000,-0.000981,1.570216,-0.300000,1.000000,1.100000,0.000000,0.000000,-1.571000,-0.299772,1.008515,1.065196,1.497200
11.132000,-0.000228,-0.008513,0.034804,0.000022,-0.003928,-0.036093,-0.000000,-0.000981,1.570216,-0.300000,1.000000,1.100000,0.000000,0.000000,-1.571000,-0.299772,1.008513,1.065196,1.497199
11.134000,-0.000228,-0.008512,0.034804,0.000022,-0.003928,-0.036093,-0.000000,-0.000981,1.570216,-0.300000,1.000000,1.100000,0.000000,0.000000,-1.571000,-0.299772,1.008512,1.065196,1.497198
11.136000,-0.000228,-0.008510,0.034804,0.000022,-0.003928,-0.036093,-0.000000,-0.000981,1.570216,-0.300000,1.000000,1.100000,0.000000,0.000000,-1.571000,-0.299772,1.008510,1.065196,1.497197
11.138000,-0.000228,-0.008508,0.034804,0.000022,-0.003928,-0.036093,-0.000000,-0.000981,1.570216,-0.300000,1.000000,1.100000,0.000000,0.000000,-1.571000,-0.299772,1.008508,1.065196,1.497196
11.140000,-0.000228,-0.008507,0.034804,0.000022,-0.003928,-0.036093,-0.000000,-0.000981,1.570216,-0.300000,1.000000,1.100000,0.000000,0.000000,-1.571000,-0.299772,1.008507,1.065196,1.497195
11.142000,-0.000228,-0.008505,0.034804,0.000022,-0.003928,-0.036093,-0.000000,-0.000981,1.570216,-0.300000,1.000000,1.100000,0.000000,0.000000,-1.571000,-0.299772,1.008505,1.065196,1.497193
11.144000,-0.000228,-0.008503,0.034804,0.000022,-0.003928,-0.036093,-0.000000,-0.000981,1.570216,-0.300000,1.000000,1.100000,0.000000,0.000000,-1.571000,-0.299772,1.008503,1.065196,1.497192
11.146000,-0.000228,-0.008502,0.034804,0.000022,-0.003928,-0.036093,-0.000000,-0.000981,1.570216,-0.300000,1.000000,1.100000,0.000000,0.000000,-1.571000,-0.299772,1.008502,1.065196,1.497191
11.148000,-0.000228,-0.008500,0.034804,0.000022,-0.003928,-0.036093,-0.000000,-0.000981,1.570216,-0.300000,1.000000,1.100000,0.000000,0.000000,-1.571000,-0.299772,1.008500,1.065196,1.497190
11.150000,-0.000228,-0.008498,0.034804,0.000022,-0.003928,-0.036093,-0.000000,-0.000981,1.570216,-0.300000,1.000000,1.100000,0.000000,0.000000,-1.571000,-0.299772,1.008498,1.065196,1.497189
11.152000,-0.000227,-0.008496,0.034804,0.000022,-0.003928,-0.036093,-0.000000,-0.000981,1.570216,-0.300000,1.000000,1.100000,0.000000,0.000000,-1.571000,-0.299773,1.008496,1.065196,1.497188
11.154000,-0.000227,-0.008495,0.034804,0.000022,-0.003928,-0.036093,-0.000000,-0.000981,1.570216,-0.300000,1.000000,1.100000,0.000000,0.000000,-1.571000,-0.299773,1.008495,1.065196,1.497187
11.156000,-0.000227,-0.008493,0.034804,0.000022,-0.003928,-0.036093,-0.000000,-0.000981,1.570216,-0.300000,1.000000,1.100000,0.000000,0.000000,-1.571000,-0.299773,1.008493,1.065196,1.497186
11.158000,-0.000227,-0.008491,0.034804,0.000022,-0.003928,-0.036093,-0.000000,-0.000981,1.570216,-0.300000,1.000000,1.100000,0.000000,0.000000,-1.571000,-0.299773,1.008491,1.065196,1.497184
11.160000,-0.000227,-0.008490,0.034804,0.000022,-0.003928,-0.036093,-0.000000,-0.000981,1.570216,-0.300000,1.000000,1.100000,0.000000,0.000000,-1.571000,-0.299773,1.008490,1.065196,1.497183
11.162000,-0.000227,-0.008488,0.034804,0.000022,-0.003928,-0.036093,-0.000000,-0.000981,1.570216,-0.300000,1.000000,1.100000,0.000000,0.000000,-1.571000,-0.299773,1.008488,1.065196,1.497182
11.164000,-0.000227,-0.008486,0.034804,0.000022,-0.003928,-0.036093,-0.000000,-0.000981,1.570216,-0.300000,1.000000,1.100000,0.000000,0.000000,-1.571000,-0.299773,1.008486,1.065196,1.497181
11.166000,-0.000227,-0.008485,0.034804,0.000022,-0.003928,-0.036093,-0.000000,-0.000981,1.570216,-0.300000,1.000000,1.100000,0.000000,0.000000,-1.571000,-0.299773,1.008485,1.065196,1.497180
11.168000,-0.000227,-0.008483,0.034804,0.000022,-0.003928,-0.036093,-0.000000,-0.000981,1.570216,-0.300000,1.000000,1.100000,0.000000,0.000000,-1.571000,-0.299773,1.008483,1.065196,1.497179
11.170000,-0.000227,-0.008481,0.034804,0.000022,-0.003928,-0.036093,-0.000000,-0.000981,1.570216,-0.300000,1.000000,1.100000,0.000000,0.000000,-1.571000,-0.299773,1.008481,1.065196,1.497178
11.172000,-0.000227,-0.008480,0.034804,0.000022,-0.003928,-0.036093,-0.000000,-0.000981,1.570216,-0.300000,1.000000,1.100000,0.000000,0.000000,-1.571000,-0.299773,1.008480,1.065196,1.497176
11.174000,-0.000227,-0.008478,0.034804,0.000022,-0.003928,-0.036093,-0.000000,-0.000981,1.570216,-0.300000,1.000000,1.100000,0.000000,0.000000,-1.571000,-0.299773,1.008478,1.065196,1.497175
11.176000,-0.000227,-0.008476,0.034804,0.000022,-0.003928,-0.036093,-0.000000,-0.000981,1.570217,-0.300000,1.000000,1.100000,0.000000,0.000000,-1.571000,-0.299773,1.008476,1.065196,1.497174
11.178000,-0.000227,-0.008474,0.034804,0.000022,-0.003928,-0.036093,-0.000000,-0.000981,1.570217,-0.300000,1.000000,1.100000,0.000000,0.000000,-1.571000,-0.299773,1.008474,1.065196,1.497173
11.180000,-0.000227,-0.008473,0.034804,0.000022,-0.003928,-0.036093,-0.000000,-0.000981,1.570217,-0.300000,1.000000,1.100000,0.000000,0.000000,-1.571000,-0.299773,1.008473,1.065196,1.497172
11.182000,-0.000227,-0.008471,0.034804,0.000022,-0.003928,-0.036093,-0.000000,-0.000981,1.570217,-0.300000,1.000000,1.100000,0.000000,0.000000,-1.571000,-0.299773,1.008471,1.065196,1.497171
11.184000,-0.000227,-0.008469,0.034804,0.000022,-0.003928,-0.036093,-0.000000,-0.000981,1.570217,-0.300000,1.000000,1.100000,0.000000,0.000000,-1.571000,-0.299773,1.008469,1.065196,1.497170
11.186000,-0.000227,-0.008468,0.034804,0.000022,-0.003928,-0.036093,-0.000000,-0.000981,1.570217,-0.300000,1.000000,1.100000,0.000000,0.000000,-1.571000,-0.299773,1.008468,1.065196,1.497169
11.188000,-0.000227,-0.008466,0.034804,0.000022,-0.003928,-0.036093,-0.000000,-0.000981,1.570217,-0.300000,1.000000,1.100000,0.000000,0.000000,-1.571000,-0.299773,1.008466,1.065196,1.497167
11.190000,-0.000227,-0.008464,0.034804,0.000022,-0.003928,-0.036093,-0.000000,-0.000981,1.570217,-0.300000,1.000000,1.100000,0.000000,0.000000,-1.571000,-0.299773,1.008464,1.065196,1.497166
11.192000,-0.000227,-0.008463,0.034804,0.000022,-0.003928,-0.036093,-0.000000,-0.000981,1.570217,-0.300000,1.000000,1.100000,0.000000,0.000000,-1.571000,-0.299773,1.008463,1.065196,1.497165
11.194000,-0.000227,-0.008461,0.034804,0.000022,-0.003928,-0.036093,-0.000000,-0.000981,1.570217,-0.300000,1.000000,1.100000,0.000000,0.000000,-1.571000,-0.299773,1.008461,1.065196,1.497164
11.196000,-0.000227,-0.008459,0.034804,0.000022,-0.003928,-0.036093,-0.000000,-0.000981,1.570217,-0.300000,1.000000,1.100000,0.000000,0.000000,-1.571000,-0.299773,1.008459,1.065196,1.497163
11.198000,-0.000226,-0.008458,0.034804,0.000022,-0.003928,-0.036093,-0.000000,-0.000981,1.570217,-0.300000,1.000000,1.100000,0.000000,0.000000,-1.571000,-0.299774,1.008458,1.065196,1.497162
11.200000,-0.000226,-0.008456,0.034804,0.000022,-0.003928,-0.036093,-0.000000,-0.000981,1.570217,-0.300000,1.000000,1.100000,0.000000,0.000000,-1.571000,-0.299774,1.008456,1.065196,1.497161
11.202000,-0.000226,-0.008454,0.034804,0.000022,-0.003928,-0.036093,-0.000000,-0.000981,1.570217,-0.300000,1.000000,1.100000,0.000000,0.000000,-1.571000,-0.299774,1.008454,1.065196,1.497160
11.204000,-0.000226,-0.008452,0.034804,0.000022,-0.003928,-0.036093,-0.000000,-0.000981,1.570217,-0.300000,1.000000,1.100000,0.000000,0.000000,-1.571000,-0.299774,1.008452,1.065196,1.497158
11.206000,-0.000226,-0.008451,0.034804,0.000022,-0.003928,-0.036093,-0.000000,-0.000981,1.570217,-0.300000,1.000000,1.100000,0.000000,0.000000,-1.571000,-0.299774,1.008451,1.065196,1.497157
11.208000,-0.000226,-0.008449,0.034804,0.000022,-0.003928,-0.036093,-0.000000,-0.000981,1.570217,-0.300000,1.000000,1.100000,0.000000,0.000000,-1.571000,-0.299774,1.008449,1.065196,1.497156
11.210000,-0.000226,-0.008447,0.034804,0.000022,-0.003928,-0.036093,-0.000000,-0.000981,1.570217,-0.300000,1.000000,1.100000,0.000000,0.000000,-1.571000,-0.299774,1.008447,1.065196,1.497155
11.212000,-0.000226,-0.008446,0.034804,0.000022,-0.003928,-0.036093,-0.000000,-0.000981,1.570217,-0.300000,1.000000,1.100000,0.000000,0.000000,-1.571000,-0.299774,1.008446,1.065196,1.497154
11.214000,-0.000226,-0.008444,0.034804,0.000022,-0.003928,-0.036093,-0.000000,-0.000981,1.570217,-0.300000,1.000000,1.100000,0.000000,0.000000,-1.571000,-0.299774,1.008444,1.065196,1.497153
11.216000,-0.000226,-0.008442,0.034804,0.000022,-0.003928,-0.036093,-0.000000,-0.000981,1.570217,-0.300000,1.000000,1.100000,0.000000,0.000000,-1.571000,-0.299774,1.008442,1.065196,1.497152
11.218000,-0.000226,-0.008441,0.034804,0.000022,-0.003928,-0.036093,-0.000000,-0.000981,1.570217,-0.300000,1.000000,1.100000,0.000000,0.000000,-1.571000,-0.299774,1.008441,1.065196,1.497150
11.220000,-0.000226,-0.008439,0.034804,0.000022,-0.003928,-0.036093,-0.000000,-0.000981,1.570217,-0.300000,1.000000,1.100000,0.000000,0.000000,-1.571000,-0.299774,1.008439,1.065196,1.497149
11.222000,-0.000226,-0.008437,0.034804,0.000022,-0.003928,-0.036093,-0.000000,-0.000981,1.570217,-0.300000,1.000000,1.100000,0.000000,0.000000,-1.571000,-0.299774,1.008437,1.065196,1.497148
11.224000,-0.000226,-0.008436,0.034804,0.000022,-0.003928,-0.036093,-0.000000,-0.000981,1.570217,-0.300000,1.000000,1.100000,0.000000,0.000000,-1.571000,-0.299774,1.008436,1.065196,1.497147
11.226000,-0.000226,-0.008434,0.034804,0.000022,-0.003928,-0.036093,-0.000000,-0.000981,1.570217,-0.300000,1.000000,1.100000,0.000000,0.000000,-1.571000,-0.299774,1.008434,1.065196,1.497146
11.228000,-0.000226,-0.008432,0.034804,0.000022,-0.003928,-0.036093,-0.000000,-0.000981,1.570218,-0.300000,1.000000,1.100000,0.000000,0.000000,-1.571000,-0.299774,1.008432,1.065196,1.497145
11.230000,-0.000226,-0.008430,0.034804,0.000022,-0.003928,-0.036093,-0.000000,-0.000981,1.570218,-0.300000,1.000000,1.100000,0.000000,0.000000,-1.571000,-0.299774,1.008430,1.065196,1.497144
11.232000,-0.000226,-0.008429,0.034804,0.000022,-0.003928,-0.036093,-0.000000,-0.000981,1.570218,-0.300000,1.000000,1.100000,0.000000,0.000000,-1.571000,-0.299774,1.008429,1.065196,1.497143
11.234000,-0.000226,-0.008427,0.034804,0.000022,-0.003928,-0.036093,-0.000000,-0.000981,1.570218,-0.300000,1.000000,1.100000,0.000000,0.000000,-1.571000,-0.299774,1.008427,1.065196,1.497141
11.236000,-0.000226,-0.008425,0.034804,0.000022,-0.003928,-0.036093,-0.000000,-0.000981,1.570218,-0.300000,1.000000,1.100000,0.000000,0.000000,-1.571000,-0.299774,1.008425,1.065196,1.497140
11.238000,-0.000226,-0.008424,0.034804,0.000022,-0.003928,-0.036093,-0.000000,-0.000981,1.570218,-0.300000,1.000000,1.100000,0.000000,0.000000,-1.571000,-0.299774,1.008424,1.065196,1.497139
11.240000,-0.000226,-0.008422,0.034804,0.000022,-0.003928,-0.036093,-0.000000,-0.000981,1.570218,-0.300000,1.000000,1.100000,0.000000,0.000000,-1.571000,-0.299774,1.008422,1.065196,1.497138
11.242000,-0.000225,-0.008420,0.034804,0.000022,-0.003928,-0.036093,-0.000000,-0.000981,1.570218,-0.300000,1.000000,1.100000,0.000000,0.000000,-1.571000,-0.299775,1.008420,1.065196,1.497137
11.244000,-0.000225,-0.008419,0.034804,0.000022,-0.003928,-0.036093,-0.000000,-0.000981,1.570218,-0.300000,1.000000,1.100000,0.000000,0.000000,-1.571000,-0.299775,1.008419,1.065196,1.497136
11.246000,-0.000225,-0.008417,0.034804,0.000022,-0.003928,-0.036093,-0.000000,-0.000981,1.570218,-0.300000,1.000000,1.100000,0.000000,0.000000,-1.571000,-0.299775,1.008417,1.065196,1.497135
11.248000,-0.000225,-0.008415,0.034804,0.000022,-0.003928,-0.036093,-0.000000,-0.000981,1.570218,-0.300000,1.000000,1.100000,0.000000,0.000000,-1.571000,-0.299775,1.008415,1.065196,1.497133
11.250000,-0.000225,-0.008414,0.034804,0.000022,-0.003928,-0.036093,-0.000000,-0.000981,1.570218,-0.300000,1.000000,1.100000,0.000000,0.000000,-1.571000,-0.299775,1.008414,1.065196,1.497132
11.252000,-0.000225,-0.008412,0.034804,0.000022,-0.003928,-0.036093,-0.000000,-0.000981,1.570218,-0.300000,1.000000,1.100000,0.000000,0.000000,-1.571000,-0.299775,1.008412,1.065196,1.497131
11.254000,-0.000225,-0.008410,0.034804,0.000022,-0.003928,-0.036093,-0.000000,-0.000981,1.570218,-0.300000,1.000000,1.100000,0.000000,0.000000,-1.571000,-0.299775,1.008410,1.065196,1.497130
11.256000,-0.000225,-0.008408,0.034804,0.000022,-0.003928,-0.036093,-0.000000,-0.000981,1.570218,-0.300000,1.000000,1.100000,0.000000,0.000000,-1.571000,-0.299775,1.008408,1.065196,1.497129
11.258000,-0.000225,-0.008407,0.034804,0.000022,-0.003928,-0.036093,-0.000000,-0.000981,1.570218,-0.300000,1.000000,1.100000,0.000000,0.000000,-1.571000,-0.299775,1.008407,1.065196,1.497128
11.260000,-0.000225,-0.008405,0.034804,0.000022,-0.003928,-0.036093,-0.000000,-0.000981,1.570218,-0.300000,1.000000,1.100000,0.000000,0.000000,-1.571000,-0.299775,1.008405,1.065196,1.497127
11.262000,-0.000225,-0.008403,0.034804,0.000022,-0.003928,-0.036093,-0.000000,-0.000981,1.570218,-0.300000,1.000000,1.100000,0.000000,0.000000,-1.571000,-0.299775,1.008403,1.065196,1.497126
11.264000,-0.000225,-0.008402,0.034804,0.000022,-0.003928,-0.036093,-0.000000,-0.000981,1.570218,-0.300000,1.000000,1.100000,0.000000,0.000000,-1.571000,-0.299775,1.008402,1.065196,1.497124
11.266000,-0.000225,-0.008400,0.034804,0.000022,-0.003928,-0.036093,-0.000000,-0.000981,1.570218,-0.300000,1.000000,1.100000,0.000000,0.000000,-1.571000,-0.299775,1.008400,1.065196,1.497123
11.268000,-0.000225,-0.008398,0.034804,0.000022,-0.003928,-0.036093,-0.000000,-0.000981,1.570218,-0.300000,1.000000,1.100000,0.000000,0.000000,-1.571000,-0.299775,1.008398,1.065196,1.497122
11.270000,-0.000225,-0.008397,0.034804,0.000022,-0.003928,-0.036093,-0.000000,-0.000981,1.570218,-0.300000,1.000000,1.100000,0.000000,0.000000,-1.571000,-0.299775,1.008397,1.065196,1.497121
11.272000,-0.000225,-0.008395,0.034804,0.000022,-0.003928,-0.036093,-0.000000,-0.000981,1.570218,-0.300000,1.000000,1.100000,0.000000,0.000000,-1.571000,-0.299775,1.008395,1.065196,1.497120
11.274000,-0.000225,-0.008393,0.034804,0.000022,-0.003928,-0.036093,-0.000000,-0.000981,1.570218,-0.300000,1.000000,1.100000,0.000000,0.000000,-1.571000,-0.299775,1.008393,1.065196,1.497119
11.276000,-0.000225,-0.008392,0.034804,0.000022,-0.003928,-0.036093,-0.000000,-0.000981,1.570218,-0.300000,1.000000,1.100000,0.000000,0.000000,-1.571000,-0.299775,1.008392,1.065196,1.497118
11.278000,-0.000225,-0.008390,0.034804,0.000022,-0.003928,-0.036093,-0.000000,-0.000981,1.570218,-0.300000,1.000000,1.100000,0.000000,0.000000,-1.571000,-0.299775,1.008390,1.065196,1.497117
11.280000,-0.000225,-0.008388,0.034804,0.000022,-0.003928,-0.036093,-0.000000,-0.000981,1.570219,-0.300000,1.000000,1.100000,0.000000,0.000000,-1.571000,-0.299775,1.008388,1.065196,1.497115
11.282000,-0.000225,-0.008386,0.034804,0.000022,-0.003928,-0.036093,-0.000000,-0.000981,1.570219,-0.300000,1.000000,1.100000,0.000000,0.000000,-1.571000,-0.299775,1.008386,1.065196,1.497114
11.284000,-0.000225,-0.008385,0.034804,0.000022,-0.003928,-0.036093,-0.000000,-0.000981,1.570219,-0.300000,1.000000,1.100000,0.000000,0.000000,-1.571000,-0.299775,1.008385,1.065196,1.497113
11.286000,-0.000225,-0.008383,0.034804,0.000022,-0.003928,-0.036093,-0.000000,-0.000981,1.570219,-0.300000,1.000000,1.100000,0.000000,0.000000,-1.571000,-0.299775,1.008383,1.065196,1.497112
11.288000,-0.000224,-0.008381,0.034804,0.000022,-0.003928,-0.036093,-0.000000,-0.000981,1.570219,-0.300000,1.000000,1.100000,0.000000,0.000000,-1.571000,-0.299776,1.008381,1.065196,1.497111
11.290000,-0.000224,-0.008380,0.034804,0.000022,-0.003928,-0.036093,-0.000000,-0.000981,1.570219,-0.300000,1.000000,1.100000,0.000000,0.000000,-1.571000,-0.299776,1.008380,1.065196,1.497110
11.292000,-0.000224,-0.008378,0.034804,0.000022,-0.003928,-0.036093,-0.000000,-0.000981,1.570219,-0.300000,1.000000,1.100000,0.000000,0.000000,-1.571000,-0.299776,1.008378,1.065196,1.497109
11.294000,-0.000224,-0.008376,0.034804,0.000022,-0.003928,-0.036093,-0.000000,-0.000981,1.570219,-0.300000,1.000000,1.100000,0.000000,0.000000,-1.571000,-0.299776,1.008376,1.065196,1.497107
11.296000,-0.000224,-0.008375,0.034804,0.000022,-0.003928,-0.036093,-0.000000,-0.000981,1.570219,-0.300000,1.000000,1.100000,0.000000,0.000000,-1.571000,-0.299776,1.008375,1.065196,1.497106
11.298000,-0.000224,-0.008373,0.034804,0.000022,-0.003928,-0.036093,-0.000000,-0.000981,1.570219,-0.300000,1.000000,1.100000,0.000000,0.000000,-1.571000,-0.299776,1.008373,1.065196,1.497105
11.300000,-0.000224,-0.008371,0.034804,0.000022,-0.003928,-0.036093,-0.000000,-0.000981,1.570219,-0.300000,1.000000,1.100000,0.000000,0.000000,-1.571000,-0.299776,1.008371,1.065196,1.497104
11.302000,-0.000224,-0.008369,0.034804,0.000022,-0.003928,-0.036093,-0.000000,-0.000981,1.570219,-0.300000,1.000000,1.100000,0.000000,0.000000,-1.571000,-0.299776,1.008369,1.065196,1.497103
11.304000,-0.000224,-0.008368,0.034804,0.000022,-0.003928,-0.036093,-0.000000,-0.000981,1.570219,-0.300000,1.000000,1.100000,0.000000,0.000000,-1.571000,-0.299776,1.008368,1.065196,1.497102
11.306000,-0.000224,-0.008366,0.034804,0.000022,-0.003928,-0.036093,-0.000000,-0.000981,1.570219,-0.300000,1.000000,1.100000,0.000000,0.000000,-1.571000,-0.299776,1.008366,1.065196,1.497101
11.308000,-0.000224,-0.008364,0.034804,0.000022,-0.003928,-0.036093,-0.000000,-0.000981,1.570219,-0.300000,1.000000,1.100000,0.000000,0.000000,-1.571000,-0.299776,1.008364,1.065196,1.497100
11.310000,-0.000224,-0.008363,0.034804,0.000022,-0.003928,-0.036093,-0.000000,-0.000981,1.570219,-0.300000,1.000000,1.100000,0.000000,0.000000,-1.571000,-0.299776,1.008363,1.065196,1.497098
11.312000,-0.000224,-0.008361,0.034804,0.000022,-0.003928,-0.036093,-0.000000,-0.000981,1.570219,-0.300000,1.000000,1.100000,0.000000,0.000000,-1.571000,-0.299776,1.008361,1.065196,1.497097
11.314000,-0.000224,-0.008359,0.034804,0.000022,-0.003928,-0.036093,-0.000000,-0.000981,1.570219,-0.300000,1.000000,1.100000,0.000000,0.000000,-1.571000,-0.299776,1.008359,1.065196,1.497096
11.316000,-0.000224,-0.008358,0.034804,0.000022,-0.003928,-0.036093,-0.000000,-0.000981,1.570219,-0.300000,1.000000,1.100000,0.000000,0.000000,-1.571000,-0.299776,1.008358,1.065196,1.497095
11.318000,-0.000224,-0.008356,0.034804,0.000022,-0.003928,-0.036093,-0.000000,-0.000981,1.570219,-0.300000,1.000000,1.100000,0.000000,0.000000,-1.571000,-0.299776,1.008356,1.065196,1.497094
11.320000,-0.000224,-0.008354,0.034804,0.000022,-0.003928,-0.036093,-0.000000,-0.000981,1.570219,-0.300000,1.000000,1.100000,0.000000,0.000000,-1.571000,-0.299776,1.008354,1.065196,1.497093
11.322000,-0.000224,-0.008353,0.034804,0.000022,-0.003928,-0.036093,-0.000000,-0.000981,1.570219,-0.300000,1.000000,1.100000,0.000000,0.000000,-1.571000,-0.299776,1.008353,1.065196,1.497092
11.324000,-0.000224,-0.008351,0.034804,0.000022,-0.003928,-0.036093,-0.000000,-0.000981,1.570219,-0.300000,1.000000,1.100000,0.000000,0.000000,-1.571000,-0.299776,1.008351,1.065196,1.497091
11.326000,-0.000224,-0.008349,0.034804,0.000022,-0.003928,-0.036093,-0.000000,-0.000981,1.570219,-0.300000,1.000000,1.100000,0.000000,0.000000,-1.571000,-0.299776,1.008349,1.065196,1.497089
11.328000,-0.000224,-0.008347,0.034804,0.000022,-0.003928,-0.036093,-0.000000,-0.000981,1.570219,-0.300000,1.000000,1.100000,0.000000,0.000000,-1.571000,-0.299776,1.008347,1.065196,1.497088
11.330000,-0.000224,-0.008346,0.034804,0.000022,-0.003928,-0.036093,-0.000000,-0.000981,1.570219,-0.300000,1.000000,1.100000,0.000000,0.000000,-1.571000,-0.299776,1.008346,1.065196,1.497087
11.332000,-0.000223,-0.008344,0.034804,0.000022,-0.003928,-0.036093,-0.000000,-0.000981,1.570220,-0.300000,1.000000,1.100000,0.000000,0.000000,-1.571000,-0.299777,1.008344,1.065196,1.497086
11.334000,-0.000223,-0.008342,0.034804,0.000022,-0.003928,-0.036093,-0.000000,-0.000981,1.570220,-0.300000,1.000000,1.100000,0.000000,0.000000,-1.571000,-0.299777,1.008342,1.065196,1.497085
11.336000,-0.000223,-0.008341,0.034804,0.000022,-0.003928,-0.036093,-0.000000,-0.000981,1.570220,-0.300000,1.000000,1.100000,0.000000,0.000000,-1.571000,-0.299777,1.008341,1.065196,1.497084
11.338000,-0.000223,-0.008339,0.034804,0.000022,-0.003928,-0.036093,-0.000000,-0.000981,1.570220,-0.300000,1.000000,1.100000,0.000000,0.000000,-1.571000,-0.299777,1.008339,1.065196,1.497083
11.340000,-0.000223,-0.008337,0.034804,0.000022,-0.003928,-0.036093,-0.000000,-0.000981,1.570220,-0.300000,1.000000,1.100000,0.000000,0.000000,-1.571000,-0.299777,1.008337,1.065196,1.497081
11.342000,-0.000223,-0.008336,0.034804,0.000022,-0.003928,-0.036093,-0.000000,-0.000981,1.570220,-0.300000,1.000000,1.100000,0.000000,0.000000,-1.571000,-0.299777,1.008336,1.065196,1.497080
11.344000,-0.000223,-0.008334,0.034804,0.000022,-0.003928,-0.036093,-0.000000,-0.000981,1.570220,-0.300000,1.000000,1.100000,0.000000,0.000000,-1.571000,-0.299777,1.008334,1.065196,1.497079
11.346000,-0.000223,-0.008332,0.034804,0.000022,-0.003928,-0.036093,-0.000000,-0.000981,1.570220,-0.300000,1.000000,1.100000,0.000000,0.000000,-1.571000,-0.299777,1.008332,1.065196,1.497078
11.348000,-0.000223,-0.008331,0.034804,0.000022,-0.003928,-0.036093,-0.000000,-0.000981,1.570220,-0.300000,1.000000,1.100000,0.000000,0.000000,-1.571000,-0.299777,1.008331,1.065196,1.497077
11.350000,-0.000223,-0.008329,0.034804,0.000022,-0.003928,-0.036093,-0.000000,-0.000981,1.570220,-0.300000,1.000000,1.100000,0.000000,0.000000,-1.571000,-0.299777,1.008329,1.065196,1.497076
11.352000,-0.000223,-0.008327,0.034804,0.000022,-0.003928,-0.036093,-0.000000,-0.000981,1.570220,-0.300000,1.000000,1.100000,0.000000,0.000000,-1.571000,-0.299777,1.008327,1.065196,1.497075
11.354000,-0.000223,-0.008325,0.034804,0.000022,-0.003928,-0.036093,-0.000000,-0.000981,1.570220,-0.300000,1.000000,1.100000,0.000000,0.000000,-1.571000,-0.299777,1.008325,1.065196,1.497074
11.356000,-0.000223,-0.008324,0.034804,0.000022,-0.003928,-0.036093,-0.000000,-0.000981,1.570220,-0.300000,1.000000,1.100000,0.000000,0.000000,-1.571000,-0.299777,1.008324,1.065196,1.497072
11.358000,-0.000223,-0.008322,0.034804,0.000022,-0.003928,-0.036093,-0.000000,-0.000981,1.570220,-0.300000,1.000000,1.100000,0.000000,0.000000,-1.571000,-0.299777,1.008322,1.065196,1.497071
11.360000,-0.000223,-0.008320,0.034804,0.000022,-0.003928,-0.036093,-0.000000,-0.000981,1.570220,-0.300000,1.000000,1.100000,0.000000,0.000000,-1.571000,-0.299777,1.008320,1.065196,1.497070
11.362000,-0.000223,-0.008319,0.034804,0.000022,-0.003928,-0.036093,-0.000000,-0.000981,1.570220,-0.300000,1.000000,1.100000,0.000000,0.000000,-1.571000,-0.299777,1.008319,1.065196,1.497069
11.364000,-0.000223,-0.008317,0.034804,0.000022,-0.003928,-0.036093,-0.000000,-0.000981,1.570220,-0.300000,1.000000,1.100000,0.000000,0.000000,-1.571000,-0.299777,1.008317,1.065196,1.497068
11.366000,-0.000223,-0.008315,0.034804,0.000022,-0.003928,-0.036093,-0.000000,-0.000981,1.570220,-0.300000,1.000000,1.100000,0.000000,0.000000,-1.571000,-0.299777,1.008315,1.065196,1.497067
11.368000,-0.000223,-0.008314,0.034804,0.000022,-0.003928,-0.036093,-0.000000,-0.000981,1.570220,-0.300000,1.000000,1.100000,0.000000,0.000000,-1.571000,-0.299777,1.008314,1.065196,1.497066
11.370000,-0.000223,-0.008312,0.034804,0.000022,-0.003928,-0.036093,-0.000000,-0.000981,1.570220,-0.300000,1.000000,1.100000,0.000000,0.000000,-1.571000,-0.299777,1.008312,1.065196,1.497064
11.372000,-0.000223,-0.008310,0.034804,0.000022,-0.003928,-0.036093,-0.000000,-0.000981,1.570220,-0.300000,1.000000,1.100000,0.000000,0.000000,-1.571000,-0.299777,1.008310,1.065196,1.497063
11.374000,-0.000223,-0.008309,0.034804,0.000022,-0.003928,-0.036093,-0.000000,-0.000981,1.570220,-0.300000,1.000000,1.100000,0.000000,0.000000,-1.571000,-0.299777,1.008309,1.065196,1.497062
11.376000,-0.000223,-0.008307,0.034804,0.000022,-0.003928,-0.036093,-0.000000,-0.000981,1.570220,-0.300000,1.000000,1.100000,0.000000,0.000000,-1.571000,-0.299777,1.008307,1.065196,1.497061
11.378000,-0.000222,-0.008305,0.034804,0.000022,-0.003928,-0.036093,-0.000000,-0.000981,1.570220,-0.300000,1.000000,1.100000,0.000000,0.000000,-1.571000,-0.299778,1.008305,1.065196,1.497060
11.380000,-0.000222,-0.008303,0.034804,0.000022,-0.003928,-0.036093,-0.000000,-0.000981,1.570220,-0.300000,1.000000,1.100000,0.000000,0.000000,-1.571000,-0.299778,1.008303,1.065196,1.497059
11.382000,-0.000222,-0.008302,0.034804,0.000022,-0.003928,-0.036093,-0.000000,-0.000981,1.570220,-0.300000,1.000000,1.100000,0.000000,0.000000,-1.571000,-0.299778,1.008302,1.065196,1.497058
11.384000,-0.000222,-0.008300,0.034804,0.000022,-0.003928,-0.036093,-0.000000,-0.000981,1.570221,-0.300000,1.000000,1.100000,0.000000,0.000000,-1.571000,-0.299778,1.008300,1.065196,1.497057
11.386000,-0.000222,-0.008298,0.034804,0.000022,-0.003928,-0.036093,-0.000000,-0.000981,1.570221,-0.300000,1.000000,1.100000,0.000000,0.000000,-1.571000,-0.299778,1.008298,1.065196,1.497055
11.388000,-0.000222,-0.008297,0.034804,0.000022,-0.003928,-0.036093,-0.000000,-0.000981,1.570221,-0.300000,1.000000,1.100000,0.000000,0.000000,-1.571000,-0.299778,1.008297,1.065196,1.497054
11.390000,-0.000222,-0.008295,0.034804,0.000022,-0.003928,-0.036093,-0.000000,-0.000981,1.570221,-0.300000,1.000000,1.100000,0.000000,0.000000,-1.571000,-0.299778,1.008295,1.065196,1.497053
11.392000,-0.000222,-0.008293,0.034804,0.000022,-0.003928,-0.036093,-0.000000,-0.000981,1.570221,-0.300000,1.000000,1.100000,0.000000,0.000000,-1.571000,-0.299778,1.008293,1.065196,1.497052
11.394000,-0.000222,-0.008292,0.034804,0.000022,-0.003928,-0.036093,-0.000000,-0.000981,1.570221,-0.300000,1.000000,1.100000,0.000000,0.000000,-1.571000,-0.299778,1.008292,1.065196,1.497051
11.396000,-0.000222,-0.008290,0.034804,0.000022,-0.003928,-0.036093,-0.000000,-0.000981,1.570221,-0.300000,1.000000,1.100000,0.000000,0.000000,-1.571000,-0.299778,1.008290,1.065196,1.497050
11.398000,-0.000222,-0.008288,0.034804,0.000022,-0.003928,-0.036093,-0.000000,-0.000981,1.570221,-0.300000,1.000000,1.100000,0.000000,0.000000,-1.571000,-0.299778,1.008288,1.065196,1.497049
11.400000,-0.000222,-0.008287,0.034804,0.000022,-0.003928,-0.036093,-0.000000,-0.000981,1.570221,-0.300000,1.000000,1.100000,0.000000,0.000000,-1.571000,-0.299778,1.008287,1.065196,1.497048
11.402000,-0.000222,-0.008285,0.034804,0.000022,-0.003928,-0.036093,-0.000000,-0.000981,1.570221,-0.300000,1.000000,1.100000,0.000000,0.000000,-1.571000,-0.299778,1.008285,1.065196,1.497046
11.404000,-0.000222,-0.008283,0.034804,0.000022,-0.003928,-0.036093,-0.000000,-0.000981,1.570221,-0.300000,1.000000,1.100000,0.000000,0.000000,-1.571000,-0.299778,1.008283,1.065196,1.497045
11.406000,-0.000222,-0.008281,0.034804,0.000022,-0.003928,-0.036093,-0.000000,-0.000981,1.570221,-0.300000,1.000000,1.100000,0.000000,0.000000,-1.571000,-0.299778,1.008281,1.065196,1.497044
11.408000,-0.000222,-0.008280,0.034804,0.000022,-0.003928,-0.036093,-0.000000,-0.000981,1.570221,-0.300000,1.000000,1.100000,0.000000,0.000000,-1.571000,-0.299778,1.008280,1.065196,1.497043
11.410000,-0.000222,-0.008278,0.034804,0.000022,-0.003928,-0.036093,-0.000000,-0.000981,1.570221,-0.300000,1.000000,1.100000,0.000000,0.000000,-1.571000,-0.299778,1.008278,1.065196,1.497042
11.412000,-0.000222,-0.008276,0.034804,0.000022,-0.003928,-0.036093,-0.000000,-0.000981,1.570221,-0.300000,1.000000,1.100000,0.000000,0.000000,-1.571000,-0.299778,1.008276,1.065196,1.497041
11.414000,-0.000222,-0.008275,0.034804,0.000022,-0.003928,-0.036093,-0.000000,-0.000981,1.570221,-0.300000,1.000000,1.100000,0.000000,0.000000,-1.571000,-0.299778,1.008275,1.065196,1.497040
11.416000,-0.000222,-0.008273,0.034804,0.000023,-0.003928,-0.036093,-0.000000,-0.000981,1.570221,-0.300000,1.000000,1.100000,0.000000,0.000000,-1.571000,-0.299778,1.008273,1.065196,1.497038
11.418000,-0.000222,-0.008271,0.034804,0.000023,-0.003928,-0.036093,-0.000000,-0.000981,1.570221,-0.300000,1.000000,1.100000,0.000000,0.000000,-1.571000,-0.299778,1.008271,1.065196,1.497037
11.420000,-0.000222,-0.008270,0.034804,0.000023,-0.003928,-0.036093,-0.000000,-0.000981,1.570221,-0.300000,1.000000,1.100000,0.000000,0.000000,-1.571000,-0.299778,1.008270,1.065196,1.497036
11.422000,-0.000221,-0.008268,0.034804,0.000023,-0.003928,-0.036093,-0.000000,-0.000981,1.570221,-0.300000,1.000000,1.100000,0.000000,0.000000,-1.571000,-0.299779,1.008268,1.065196,1.497035
11.424000,-0.000221,-0.008266,0.034804,0.000023,-0.003928,-0.036093,-0.000000,-0.000981,1.570221,-0.300000,1.000000,1.100000,0.000000,0.000000,-1.571000,-0.299779,1.008266,1.065196,1.497034
11.426000,-0.000221,-0.008265,0.034804,0.000023,-0.003928,-0.036093,-0.000000,-0.000981,1.570221,-0.300000,1.000000,1.100000,0.000000,0.000000,-1.571000,-0.299779,1.008265,1.065196,1.497033
11.428000,-0.000221,-0.008263,0.034804,0.000023,-0.003928,-0.036093,-0.000000,-0.000981,1.570221,-0.300000,1.000000,1.100000,0.000000,0.000000,-1.571000,-0.299779,1.008263,1.065196,1.497032
11.430000,-0.000221,-0.008261,0.034804,0.000023,-0.003928,-0.036093,-0.000000,-0.000981,1.570221,-0.300000,1.000000,1.100000,0.000000,0.000000,-1.571000,-0.299779,1.008261,1.065196,1.497031
11.432000,-0.000221,-0.008259,0.034804,0.000023,-0.003928,-0.036093,-0.000000,-0.000981,1.570221,-0.300000,1.000000,1.100000,0.000000,0.000000,-1.571000,-0.299779,1.008259,1.065196,1.497029
11.434000,-0.000221,-0.008258,0.034804,0.000023,-0.003928,-0.036093,-0.000000,-0.000981,1.570222,-0.300000,1.000000,1.100000,0.000000,0.000000,-1.571000,-0.299779,1.008258,1.065196,1.497028
11.436000,-0.000221,-0.008256,0.034804,0.000023,-0.003928,-0.036093,-0.000000,-0.000981,1.570222,-0.300000,1.000000,1.100000,0.000000,0.000000,-1.571000,-0.299779,1.008256,1.065196,1.497027
11.438000,-0.000221,-0.008254,0.034804,0.000023,-0.003928,-0.036093,-0.000000,-0.000981,1.570222,-0.300000,1.000000,1.100000,0.000000,0.000000,-1.571000,-0.299779,1.008254,1.065196,1.497026
11.440000,-0.000221,-0.008253,0.034804,0.000023,-0.003928,-0.036093,-0.000000,-0.000981,1.570222,-0.300000,1.000000,1.100000,0.000000,0.000000,-1.571000,-0.299779,1.008253,1.065196,1.497025
11.442000,-0.000221,-0.008251,0.034804,0.000023,-0.003928,-0.036093,-0.000000,-0.000981,1.570222,-0.300000,1.000000,1.100000,0.000000,0.000000,-1.571000,-0.299779,1.008251,1.065196,1.497024
11.444000,-0.000221,-0.008249,0.034804,0.000023,-0.003928,-0.036093,-0.000000,-0.000981,1.570222,-0.300000,1.000000,1.100000,0.000000,0.000000,-1.571000,-0.299779,1.008249,1.065196,1.497023
11.446000,-0.000221,-0.008248,0.034804,0.000023,-0.003928,-0.036093,-0.000000,-0.000981,1.570222,-0.300000,1.000000,1.100000,0.000000,0.000000,-1.571000,-0.299779,1.008248,1.065196,1.497022
11.448000,-0.000221,-0.008246,0.034804,0.000023,-0.003928,-0.036093,-0.000000,-0.000981,1.570222,-0.300000,1.000000,1.100000,0.000000,0.000000,-1.571000,-0.299779,1.008246,1.065196,1.497020
11.450000,-0.000221,-0.008244,0.034804,0.000023,-0.003928,-0.036093,-0.000000,-0.000981,1.570222,-0.300000,1.000000,1.100000,0.000000,0.000000,-1.571000,-0.299779,1.008244,1.065196,1.497019
11.452000,-0.000221,-0.008243,0.034804,0.000023,-0.003928,-0.036093,-0.000000,-0.000981,1.570222,-0.300000,1.000000,1.100000,0.000000,0.000000,-1.571000,-0.299779,1.008243,1.065196,1.497018
11.454000,-0.000221,-0.008241,0.034804,0.000023,-0.003928,-0.036093,-0.000000,-0.000981,1.570222,-0.300000,1.000000,1.100000,0.000000,0.000000,-1.571000,-0.299779,1.008241,1.065196,1.497017
11.456000,-0.000221,-0.008239,0.034804,0.000023,-0.003928,-0.036093,-0.000000,-0.000981,1.570222,-0.300000,1.000000,1.100000,0.000000,0.000000,-1.571000,-0.299779,1.008239,1.065196,1.497016
11.458000,-0.000221,-0.008237,0.034804,0.000023,-0.003928,-0.036093,-0.000000,-0.000981,1.570222,-0.300000,1.000000,1.100000,0.000000,0.000000,-1.571000,-0.299779,1.008237,1.065196,1.497015
11.460000,-0.000221,-0.008236,0.034804,0.000023,-0.003928,-0.036093,-0.000000,-0.000981,1.570222,-0.300000,1.000000,1.100000,0.000000,0.000000,-1.571000,-0.299779,1.008236,1.065196,1.497014
11.462000,-0.000221,-0.008234,0.034804,0.000023,-0.003928,-0.036093,-0.000000,-0.000981,1.570222,-0.300000,1.000000,1.100000,0.000000,0.000000,-1.571000,-0.299779,1.008234,1.065196,1.497012
11.464000,-0.000221,-0.008232,0.034804,0.000023,-0.003928,-0.036093,-0.000000,-0.000981,1.570222,-0.300000,1.000000,1.100000,0.000000,0.000000,-1.571000,-0.299779,1.008232,1.065196,1.497011
11.466000,-0.000221,-0.008231,0.034804,0.000023,-0.003928,-0.036093,-0.000000,-0.000981,1.570222,-0.300000,1.000000,1.100000,0.000000,0.000000,-1.571000,-0.299779,1.008231,1.065196,1.497010
11.468000,-0.000220,-0.008229,0.034804,0.000023,-0.003928,-0.036093,-0.000000,-0.000981,1.570222,-0.300000,1.000000,1.100000,0.000000,0.000000,-1.571000,-0.299780,1.008229,1.065196,1.497009
11.470000,-0.000220,-0.008227,0.034804,0.000023,-0.003928,-0.036093,-0.000000,-0.000981,1.570222,-0.300000,1.000000,1.100000,0.000000,0.000000,-1.571000,-0.299780,1.008227,1.065196,1.497008
11.472000,-0.000220,-0.008226,0.034804,0.000023,-0.003928,-0.036093,-0.000000,-0.000981,1.570222,-0.300000,1.000000,1.100000,0.000000,0.000000,-1.571000,-0.299780,1.008226,1.065196,1.497007
11.474000,-0.000220,-0.008224,0.034804,0.000023,-0.003928,-0.036093,-0.000000,-0.000981,1.570222,-0.300000,1.000000,1.100000,0.000000,0.000000,-1.571000,-0.299780,1.008224,1.065196,1.497006
11.476000,-0.000220,-0.008222,0.034804,0.000023,-0.003928,-0.036093,-0.000000,-0.000981,1.570222,-0.300000,1.000000,1.100000,0.000000,0.000000,-1.571000,-0.299780,1.008222,1.065196,1.497005
11.478000,-0.000220,-0.008221,0.034804,0.000023,-0.003928,-0.036093,-0.000000,-0.000981,1.570222,-0.300000,1.000000,1.100000,0.000000,0.000000,-1.571000,-0.299780,1.008221,1.065196,1.497003
11.480000,-0.000220,-0.008219,0.034804,0.000023,-0.003928,-0.036093,-0.000000,-0.000981,1.570222,-0.300000,1.000000,1.100000,0.000000,0.000000,-1.571000,-0.299780,1.008219,1.065196,1.497002
11.482000,-0.000220,-0.008217,0.034804,0.000023,-0.003928,-0.036093,-0.000000,-0.000981,1.570222,-0.300000,1.000000,1.100000,0.000000,0.000000,-1.571000,-0.299780,1.008217,1.065196,1.497001
11.484000,-0.000220,-0.008215,0.034804,0.000023,-0.003928,-0.036093,-0.000000,-0.000981,1.570222,-0.300000,1.000000,1.100000,0.000000,0.000000,-1.571000,-0.299780,1.008215,1.065196,1.497000
11.486000,-0.000220,-0.008214,0.034804,0.000023,-0.003928,-0.036093,-0.000000,-0.000981,1.570223,-0.300000,1.000000,1.100000,0.000000,0.000000,-1.571000,-0.299780,1.008214,1.065196,1.496999
11.488000,-0.000220,-0.008212,0.034804,0.000023,-0.003928,-0.036093,-0.000000,-0.000981,1.570223,-0.300000,1.000000,1.100000,0.000000,0.000000,-1.571000,-0.299780,1.008212,1.065196,1.496998
11.490000,-0.000220,-0.008210,0.034804,0.000023,-0.003928,-0.036093,-0.000000,-0.000981,1.570223,-0.300000,1.000000,1.100000,0.000000,0.000000,-1.571000,-0.299780,1.008210,1.065196,1.496997
11.492000,-0.000220,-0.008209,0.034804,0.000023,-0.003928,-0.036093,-0.000000,-0.000981,1.570223,-0.300000,1.000000,1.100000,0.000000,0.000000,-1.571000,-0.299780,1.008209,1.065196,1.496996
11.494000,-0.000220,-0.008207,0.034804,0.000023,-0.003928,-0.036093,-0.000000,-0.000981,1.570223,-0.300000,1.000000,1.100000,0.000000,0.000000,-1.571000,-0.299780,1.008207,1.065196,1.496994
11.496000,-0.000220,-0.008205,0.034804,0.000023,-0.003928,-0.036093,-0.000000,-0.000981,1.570223,-0.300000,1.000000,1.100000,0.000000,0.000000,-1.571000,-0.299780,1.008205,1.065196,1.496993
11.498000,-0.000220,-0.008204,0.034804,0.000023,-0.003928,-0.036093,-0.000000,-0.000981,1.570223,-0.300000,1.000000,1.100000,0.000000,0.000000,-1.571000,-0.299780,1.008204,1.065196,1.496992
11.500000,-0.000220,-0.008202,0.034804,0.000023,-0.003928,-0.036093,-0.000000,-0.000981,1.570223,-0.300000,1.000000,1.100000,0.000000,0.000000,-1.571000,-0.299780,1.008202,1.065196,1.496991
11.502000,-0.000220,-0.008200,0.034804,0.000023,-0.003928,-0.036093,-0.000000,-0.000981,1.570223,-0.300000,1.000000,1.100000,0.000000,0.000000,-1.571000,-0.299780,1.008200,1.065196,1.496990
11.504000,-0.000220,-0.008199,0.034804,0.000023,-0.003928,-0.036093,-0.000000,-0.000981,1.570223,-0.300000,1.000000,1.100000,0.000000,0.000000,-1.571000,-0.299780,1.008199,1.065196,1.496989
11.506000,-0.000220,-0.008197,0.034804,0.000023,-0.003928,-0.036093,-0.000000,-0.000981,1.570223,-0.300000,1.000000,1.100000,0.000000,0.000000,-1.571000,-0.299780,1.008197,1.065196,1.496988
11.508000,-0.000220,-0.008195,0.034804,0.000023,-0.003928,-0.036093,-0.000000,-0.000981,1.570223,-0.300000,1.000000,1.100000,0.000000,0.000000,-1.571000,-0.299780,1.008195,1.065196,1.496986
11.510000,-0.000220,-0.008193,0.034804,0.000023,-0.003928,-0.036093,-0.000000,-0.000981,1.570223,-0.300000,1.000000,1.100000,0.000000,0.000000,-1.571000,-0.299780,1.008193,1.065196,1.496985
11.512000,-0.000220,-0.008192,0.034804,0.000023,-0.003928,-0.036093,-0.000000,-0.000981,1.570223,-0.300000,1.000000,1.100000,0.000000,0.000000,-1.571000,-0.299780,1.008192,1.065196,1.496984
11.514000,-0.000219,-0.008190,0.034804,0.000023,-0.003928,-0.036093,-0.000000,-0.000981,1.570223,-0.300000,1.000000,1.100000,0.000000,0.000000,-1.571000,-0.299781,1.008190,1.065196,1.496983
11.516000,-0.000219,-0.008188,0.034804,0.000023,-0.003928,-0.036093,-0.000000,-0.000981,1.570223,-0.300000,1.000000,1.100000,0.000000,0.000000,-1.571000,-0.299781,1.008188,1.065196,1.496982
11.518000,-0.000219,-0.008187,0.034804,0.000023,-0.003928,-0.036093,-0.000000,-0.000981,1.570223,-0.300000,1.000000,1.100000,0.000000,0.000000,-1.571000,-0.299781,1.008187,1.065196,1.496981
11.520000,-0.000219,-0.008185,0.034804,0.000023,-0.003928,-0.036093,-0.000000,-0.000981,1.570223,-0.300000,1.000000,1.100000,0.000000,0.000000,-1.571000,-0.299781,1.008185,1.065196,1.496980
11.522000,-0.000219,-0.008183,0.034804,0.000023,-0.003928,-0.036093,-0.000000,-0.000981,1.570223,-0.300000,1.000000,1.100000,0.000000,0.000000,-1.571000,-0.299781,1.008183,1.065196,1.496979
11.524000,-0.000219,-0.008182,0.034804,0.000023,-0.003928,-0.036093,-0.000000,-0.000981,1.570223,-0.300000,1.000000,1.100000,0.000000,0.000000,-1.571000,-0.299781,1.008182,1.065196,1.496977
11.526000,-0.000219,-0.008180,0.034804,0.000023,-0.003928,-0.036093,-0.000000,-0.000981,1.570223,-0.300000,1.000000,1.100000,0.000000,0.000000,-1.571000,-0.299781,1.008180,1.065196,1.496976
11.528000,-0.000219,-0.008178,0.034804,0.000023,-0.003928,-0.036093,-0.000000,-0.000981,1.570223,-0.300000,1.000000,1.100000,0.000000,0.000000,-1.571000,-0.299781,1.008178,1.065196,1.496975
11.530000,-0.000219,-0.008177,0.034804,0.000023,-0.003928,-0.036093,-0.000000,-0.000981,1.570223,-0.300000,1.000000,1.100000,0.000000,0.000000,-1.571000,-0.299781,1.008177,1.065196,1.496974
11.532000,-0.000219,-0.008175,0.034804,0.000023,-0.003928,-0.036093,-0.000000,-0.000981,1.570223,-0.300000,1.000000,1.100000,0.000000,0.000000,-1.571000,-0.299781,1.008175,1.065196,1.496973
11.534000,-0.000219,-0.008173,0.034804,0.000023,-0.003928,-0.036093,-0.000000,-0.000981,1.570223,-0.300000,1.000000,1.100000,0.000000,0.000000,-1.571000,-0.299781,1.008173,1.065196,1.496972
11.536000,-0.000219,-0.008171,0.034804,0.000023,-0.003928,-0.036093,-0.000000,-0.000981,1.570223,-0.300000,1.000000,1.100000,0.000000,0.000000,-1.571000,-0.299781,1.008171,1.065196,1.496971
11.538000,-0.000219,-0.008170,0.034804,0.000023,-0.003928,-0.036093,-0.000000,-0.000981,1.570224,-0.300000,1.000000,1.100000,0.000000,0.000000,-1.571000,-0.299781,1.008170,1.065196,1.496969
11.540000,-0.000219,-0.008168,0.034804,0.000023,-0.003928,-0.036093,-0.000000,-0.000981,1.570224,-0.300000,1.000000,1.100000,0.000000,0.000000,-1.571000,-0.299781,1.008168,1.065196,1.496968
11.542000,-0.000219,-0.008166,0.034804,0.000023,-0.003928,-0.036093,-0.000000,-0.000981,1.570224,-0.300000,1.000000,1.100000,0.000000,0.000000,-1.571000,-0.299781,1.008166,1.065196,1.496967
11.544000,-0.000219,-0.008165,0.034804,0.000023,-0.003928,-0.036093,-0.000000,-0.000981,1.570224,-0.300000,1.000000,1.100000,0.000000,0.000000,-1.571000,-0.299781,1.008165,1.065196,1.496966
11.546000,-0.000219,-0.008163,0.034804,0.000023,-0.003928,-0.036093,-0.000000,-0.000981,1.570224,-0.300000,1.000000,1.100000,0.000000,0.000000,-1.571000,-0.299781,1.008163,1.065196,1.496965
11.548000,-0.000219,-0.008161,0.034804,0.000023,-0.003928,-0.036093,-0.000000,-0.000981,1.570224,-0.300000,1.000000,1.100000,0.000000,0.000000,-1.571000,-0.299781,1.008161,1.065196,1.496964
11.550000,-0.000219,-0.008160,0.034804,0.000023,-0.003928,-0.036093,-0.000000,-0.000981,1.570224,-0.300000,1.000000,1.100000,0.000000,0.000000,-1.571000,-0.299781,1.008160,1.065196,1.496963
11.552000,-0.000219,-0.008158,0.034804,0.000023,-0.003928,-0.036093,-0.000000,-0.000981,1.570224,-0.300000,1.000000,1.100000,0.000000,0.000000,-1.571000,-0.299781,1.008158,1.065196,1.496962
11.554000,-0.000219,-0.008156,0.034804,0.000023,-0.003928,-0.036093,-0.000000,-0.000981,1.570224,-0.300000,1.000000,1.100000,0.000000,0.000000,-1.571000,-0.299781,1.008156,1.065196,1.496960
11.556000,-0.000219,-0.008155,0.034804,0.000023,-0.003928,-0.036093,-0.000000,-0.000981,1.570224,-0.300000,1.000000,1.100000,0.000000,0.000000,-1.571000,-0.299781,1.008155,1.065196,1.496959
11.558000,-0.000218,-0.008153,0.034804,0.000023,-0.003928,-0.036093,-0.000000,-0.000981,1.570224,-0.300000,1.000000,1.100000,0.000000,0.000000,-1.571000,-0.299782,1.008153,1.065196,1.496958
11.560000,-0.000218,-0.008151,0.034804,0.000023,-0.003928,-0.036093,-0.000000,-0.000981,1.570224,-0.300000,1.000000,1.100000,0.000000,0.000000,-1.571000,-0.299782,1.008151,1.065196,1.496957
11.562000,-0.000218,-0.008149,0.034804,0.000023,-0.003928,-0.036093,-0.000000,-0.000981,1.570224,-0.300000,1.000000,1.100000,0.000000,0.000000,-1.571000,-0.299782,1.008149,1.065196,1.496956
11.564000,-0.000218,-0.008148,0.034804,0.000023,-0.003928,-0.036093,-0.000000,-0.000981,1.570224,-0.300000,1.000000,1.100000,0.000000,0.000000,-1.571000,-0.299782,1.008148,1.065196,1.496955
11.566000,-0.000218,-0.008146,0.034804,0.000023,-0.003928,-0.036093,-0.000000,-0.000981,1.570224,-0.300000,1.000000,1.100000,0.000000,0.000000,-1.571000,-0.299782,1.008146,1.065196,1.496954
11.568000,-0.000218,-0.008144,0.034804,0.000023,-0.003928,-0.036093,-0.000000,-0.000981,1.570224,-0.300000,1.000000,1.100000,0.000000,0.000000,-1.571000,-0.299782,1.008144,1.065196,1.496953
11.570000,-0.000218,-0.008143,0.034804,0.000023,-0.003928,-0.036093,-0.000000,-0.000981,1.570224,-0.300000,1.000000,1.100000,0.000000,0.000000,-1.571000,-0.299782,1.008143,1.065196,1.496951
11.572000,-0.000218,-0.008141,0.034804,0.000023,-0.003928,-0.036093,-0.000000,-0.000981,1.570224,-0.300000,1.000000,1.100000,0.000000,0.000000,-1.571000,-0.299782,1.008141,1.065196,1.496950
11.574000,-0.000218,-0.008139,0.034804,0.000023,-0.003928,-0.036093,-0.000000,-0.000981,1.570224,-0.300000,1.000000,1.100000,0.000000,0.000000,-1.571000,-0.299782,1.008139,1.065196,1.496949
11.576000,-0.000218,-0.008138,0.034804,0.000023,-0.003928,-0.036093,-0.000000,-0.000981,1.570224,-0.300000,1.000000,1.100000,0.000000,0.000000,-1.571000,-0.299782,1.008138,1.065196,1.496948
11.578000,-0.000218,-0.008136,0.034804,0.000023,-0.003928,-0.036093,-0.000000,-0.000981,1.570224,-0.300000,1.000000,1.100000,0.000000,0.000000,-1.571000,-0.299782,1.008136,1.065196,1.496947
11.580000,-0.000218,-0.008134,0.034804,0.000023,-0.003928,-0.036093,-0.000000,-0.000981,1.570224,-0.300000,1.000000,1.100000,0.000000,0.000000,-1.571000,-0.299782,1.008134,1.065196,1.496946
11.582000,-0.000218,-0.008133,0.034804,0.000023,-0.003928,-0.036093,-0.000000,-0.000981,1.570224,-0.300000,1.000000,1.100000,0.000000,0.000000,-1.571000,-0.299782,1.008133,1.065196,1.496945
11.584000,-0.000218,-0.008131,0.034804,0.000023,-0.003928,-0.036093,-0.000000,-0.000981,1.570224,-0.300000,1.000000,1.100000,0.000000,0.000000,-1.571000,-0.299782,1.008131,1.065196,1.496943
11.586000,-0.000218,-0.008129,0.034804,0.000023,-0.003928,-0.036093,-0.000000,-0.000981,1.570224,-0.300000,1.000000,1.100000,0.000000,0.000000,-1.571000,-0.299782,1.008129,1.065196,1.496942
11.588000,-0.000218,-0.008127,0.034804,0.000023,-0.003928,-0.036093,-0.000000,-0.000981,1.570224,-0.300000,1.000000,1.100000,0.000000,0.000000,-1.571000,-0.299782,1.008127,1.065196,1.496941
11.590000,-0.000218,-0.008126,0.034804,0.000023,-0.003928,-0.036093,-0.000000,-0.000981,1.570225,-0.300000,1.000000,1.100000,0.000000,0.000000,-1.571000,-0.299782,1.008126,1.065196,1.496940
11.592000,-0.000218,-0.008124,0.034804,0.000023,-0.003928,-0.036093,-0.000000,-0.000981,1.570225,-0.300000,1.000000,1.100000,0.000000,0.000000,-1.571000,-0.299782,1.008124,1.065196,1.496939
11.594000,-0.000218,-0.008122,0.034804,0.000023,-0.003928,-0.036093,-0.000000,-0.000981,1.570225,-0.300000,1.000000,1.100000,0.000000,0.000000,-1.571000,-0.299782,1.008122,1.065196,1.496938
11.596000,-0.000218,-0.008121,0.034804,0.000023,-0.003928,-0.036093,-0.000000,-0.000981,1.570225,-0.300000,1.000000,1.100000,0.000000,0.000000,-1.571000,-0.299782,1.008121,1.065196,1.496937
11.598000,-0.000218,-0.008119,0.034804,0.000023,-0.003928,-0.036093,-0.000000,-0.000981,1.570225,-0.300000,1.000000,1.100000,0.000000,0.000000,-1.571000,-0.299782,1.008119,1.065196,1.496936
11.600000,-0.000218,-0.008117,0.034804,0.000023,-0.003928,-0.036093,-0.000000,-0.000981,1.570225,-0.300000,1.000000,1.100000,0.000000,0.000000,-1.571000,-0.299782,1.008117,1.065196,1.496934
11.602000,-0.000218,-0.008116,0.034804,0.000023,-0.003928,-0.036093,-0.000000,-0.000981,1.570225,-0.300000,1.000000,1.100000,0.000000,0.000000,-1.571000,-0.299782,1.008116,1.065196,1.496933
11.604000,-0.000217,-0.008114,0.034804,0.000023,-0.003928,-0.036093,-0.000000,-0.000981,1.570225,-0.300000,1.000000,1.100000,0.000000,0.000000,-1.571000,-0.299783,1.008114,1.065196,1.496932
11.606000,-0.000217,-0.008112,0.034804,0.000023,-0.003928,-0.036093,-0.000000,-0.000981,1.570225,-0.300000,1.000000,1.100000,0.000000,0.000000,-1.571000,-0.299783,1.008112,1.065196,1.496931
11.608000,-0.000217,-0.008111,0.034804,0.000023,-0.003928,-0.036093,-0.000000,-0.000981,1.570225,-0.300000,1.000000,1.100000,0.000000,0.000000,-1.571000,-0.299783,1.008111,1.065196,1.496930
11.610000,-0.000217,-0.008109,0.034804,0.000023,-0.003928,-0.036093,-0.000000,-0.000981,1.570225,-0.300000,1.000000,1.100000,0.000000,0.000000,-1.571000,-0.299783,1.008109,1.065196,1.496929
11.612000,-0.000217,-0.008107,0.034804,0.000023,-0.003928,-0.036093,-0.000000,-0.000981,1.570225,-0.300000,1.000000,1.100000,0.000000,0.000000,-1.571000,-0.299783,1.008107,1.065196,1.496928
11.614000,-0.000217,-0.008105,0.034804,0.000023,-0.003928,-0.036093,-0.000000,-0.000981,1.570225,-0.300000,1.000000,1.100000,0.000000,0.000000,-1.571000,-0.299783,1.008105,1.065196,1.496927
11.616000,-0.000217,-0.008104,0.034804,0.000023,-0.003928,-0.036093,-0.000000,-0.000981,1.570225,-0.300000,1.000000,1.100000,0.000000,0.000000,-1.571000,-0.299783,1.008104,1.065196,1.496925
11.618000,-0.000217,-0.008102,0.034804,0.000023,-0.003928,-0.036093,-0.000000,-0.000981,1.570225,-0.300000,1.000000,1.100000,0.000000,0.000000,-1.571000,-0.299783,1.008102,1.065196,1.496924
11.620000,-0.000217,-0.008100,0.034804,0.000023,-0.003928,-0.036093,-0.000000,-0.000981,1.570225,-0.300000,1.000000,1.100000,0.000000,0.000000,-1.571000,-0.299783,1.008100,1.065196,1.496923
11.622000,-0.000217,-0.008099,0.034804,0.000023,-0.003928,-0.036093,-0.000000,-0.000981,1.570225,-0.300000,1.000000,1.100000,0.000000,0.000000,-1.571000,-0.299783,1.008099,1.065196,1.496922
11.624000,-0.000217,-0.008097,0.034804,0.000023,-0.003928,-0.036093,-0.000000,-0.000981,1.570225,-0.300000,1.000000,1.100000,0.000000,0.000000,-1.571000,-0.299783,1.008097,1.065196,1.496921
11.626000,-0.000217,-0.008095,0.034804,0.000023,-0.003928,-0.036093,-0.000000,-0.000981,1.570225,-0.300000,1.000000,1.100000,0.000000,0.000000,-1.571000,-0.299783,1.008095,1.065196,1.496920
11.628000,-0.000217,-0.008094,0.034804,0.000023,-0.003928,-0.036093,-0.000000,-0.000981,1.570225,-0.300000,1.000000,1.100000,0.000000,0.000000,-1.571000,-0.299783,1.008094,1.065196,1.496919
11.630000,-0.000217,-0.008092,0.034804,0.000023,-0.003928,-0.036093,-0.000000,-0.000981,1.570225,-0.300000,1.000000,1.100000,0.000000,0.000000,-1.571000,-0.299783,1.008092,1.065196,1.496917
11.632000,-0.000217,-0.008090,0.034804,0.000023,-0.003928,-0.036093,-0.000000,-0.000981,1.570225,-0.300000,1.000000,1.100000,0.000000,0.000000,-1.571000,-0.299783,1.008090,1.065196,1.496916
11.634000,-0.000217,-0.008089,0.034804,0.000023,-0.003928,-0.036093,-0.000000,-0.000981,1.570225,-0.300000,1.000000,1.100000,0.000000,0.000000,-1.571000,-0.299783,1.008089,1.065196,1.496915
11.636000,-0.000217,-0.008087,0.034804,0.000023,-0.003928,-0.036093,-0.000000,-0.000981,1.570225,-0.300000,1.000000,1.100000,0.000000,0.000000,-1.571000,-0.299783,1.008087,1.065196,1.496914
11.638000,-0.000217,-0.008085,0.034804,0.000023,-0.003928,-0.036093,-0.000000,-0.000981,1.570225,-0.300000,1.000000,1.100000,0.000000,0.000000,-1.571000,-0.299783,1.008085,1.065196,1.496913
11.640000,-0.000217,-0.008083,0.034804,0.000023,-0.003928,-0.036093,-0.000000,-0.000981,1.570225,-0.300000,1.000000,1.100000,0.000000,0.000000,-1.571000,-0.299783,1.008083,1.065196,1.496912
11.642000,-0.000217,-0.008082,0.034804,0.000023,-0.003928,-0.036093,-0.000000,-0.000981,1.570226,-0.300000,1.000000,1.100000,0.000000,0.000000,-1.571000,-0.299783,1.008082,1.065196,1.496911
11.644000,-0.000217,-0.008080,0.034804,0.000023,-0.003928,-0.036093,-0.000000,-0.000981,1.570226,-0.300000,1.000000,1.100000,0.000000,0.000000,-1.571000,-0.299783,1.008080,1.065196,1.496910
11.646000,-0.000217,-0.008078,0.034804,0.000023,-0.003928,-0.036093,-0.000000,-0.000981,1.570226,-0.300000,1.000000,1.100000,0.000000,0.000000,-1.571000,-0.299783,1.008078,1.065196,1.496908
11.648000,-0.000216,-0.008077,0.034804,0.000023,-0.003928,-0.036093,-0.000000,-0.000981,1.570226,-0.300000,1.000000,1.100000,0.000000,0.000000,-1.571000,-0.299784,1.008077,1.065196,1.496907
11.650000,-0.000216,-0.008075,0.034804,0.000023,-0.003928,-0.036093,-0.000000,-0.000981,1.570226,-0.300000,1.000000,1.100000,0.000000,0.000000,-1.571000,-0.299784,1.008075,1.065196,1.496906
11.652000,-0.000216,-0.008073,0.034804,0.000023,-0.003928,-0.036093,-0.000000,-0.000981,1.570226,-0.300000,1.000000,1.100000,0.000000,0.000000,-1.571000,-0.299784,1.008073,1.065196,1.496905
11.654000,-0.000216,-0.008072,0.034804,0.000023,-0.003928,-0.036093,-0.000000,-0.000981,1.570226,-0.300000,1.000000,1.100000,0.000000,0.000000,-1.571000,-0.299784,1.008072,1.065196,1.496904
11.656000,-0.000216,-0.008070,0.034804,0.000023,-0.003928,-0.036093,-0.000000,-0.000981,1.570226,-0.300000,1.000000,1.100000,0.000000,0.000000,-1.571000,-0.299784,1.008070,1.065196,1.496903
11.658000,-0.000216,-0.008068,0.034804,0.000023,-0.003928,-0.036093,-0.000000,-0.000981,1.570226,-0.300000,1.000000,1.100000,0.000000,0.000000,-1.571000,-0.299784,1.008068,1.065196,1.496902
11.660000,-0.000216,-0.008067,0.034804,0.000023,-0.003928,-0.036093,-0.000000,-0.000981,1.570226,-0.300000,1.000000,1.100000,0.000000,0.000000,-1.571000,-0.299784,1.008067,1.065196,1.496901
11.662000,-0.000216,-0.008065,0.034804,0.000023,-0.003928,-0.036093,-0.000000,-0.000981,1.570226,-0.300000,1.000000,1.100000,0.000000,0.000000,-1.571000,-0.299784,1.008065,1.065196,1.496899
11.664000,-0.000216,-0.008063,0.034804,0.000023,-0.003928,-0.036093,-0.000000,-0.000981,1.570226,-0.300000,1.000000,1.100000,0.000000,0.000000,-1.571000,-0.299784,1.008063,1.065196,1.496898
11.666000,-0.000216,-0.008061,0.034804,0.000023,-0.003928,-0.036093,-0.000000,-0.000981,1.570226,-0.300000,1.000000,1.100000,0.000000,0.000000,-1.571000,-0.299784,1.008061,1.065196,1.496897
11.668000,-0.000216,-0.008060,0.034804,0.000023,-0.003928,-0.036093,-0.000000,-0.000981,1.570226,-0.300000,1.000000,1.100000,0.000000,0.000000,-1.571000,-0.299784,1.008060,1.065196,1.496896
11.670000,-0.000216,-0.008058,0.034804,0.000023,-0.003928,-0.036093,-0.000000,-0.000981,1.570226,-0.300000,1.000000,1.100000,0.000000,0.000000,-1.571000,-0.299784,1.008058,1.065196,1.496895
11.672000,-0.000216,-0.008056,0.034804,0.000023,-0.003928,-0.036093,-0.000000,-0.000981,1.570226,-0.300000,1.000000,1.100000,0.000000,0.000000,-1.571000,-0.299784,1.008056,1.065196,1.496894
11.674000,-0.000216,-0.008055,0.034804,0.000023,-0.003928,-0.036093,-0.000000,-0.000981,1.570226,-0.300000,1.000000,1.100000,0.000000,0.000000,-1.571000,-0.299784,1.008055,1.065196,1.496893
11.676000,-0.000216,-0.008053,0.034804,0.000023,-0.003928,-0.036093,-0.000000,-0.000981,1.570226,-0.300000,1.000000,1.100000,0.000000,0.000000,-1.571000,-0.299784,1.008053,1.065196,1.496891
11.678000,-0.000216,-0.008051,0.034804,0.000023,-0.003928,-0.036093,-0.000000,-0.000981,1.570226,-0.300000,1.000000,1.100000,0.000000,0.000000,-1.571000,-0.299784,1.008051,1.065196,1.496890
11.680000,-0.000216,-0.008050,0.034804,0.000023,-0.003928,-0.036093,-0.000000,-0.000981,1.570226,-0.300000,1.000000,1.100000,0.000000,0.000000,-1.571000,-0.299784,1.008050,1.065196,1.496889
11.682000,-0.000216,-0.008048,0.034804,0.000023,-0.003928,-0.036093,-0.000000,-0.000981,1.570226,-0.300000,1.000000,1.100000,0.000000,0.000000,-1.571000,-0.299784,1.008048,1.065196,1.496888
11.684000,-0.000216,-0.008046,0.034804,0.000023,-0.003928,-0.036093,-0.000000,-0.000981,1.570226,-0.300000,1.000000,1.100000,0.000000,0.000000,-1.571000,-0.299784,1.008046,1.065196,1.496887
11.686000,-0.000216,-0.008045,0.034804,0.000023,-0.003928,-0.036093,-0.000000,-0.000981,1.570226,-0.300000,1.000000,1.100000,0.000000,0.000000,-1.571000,-0.299784,1.008045,1.065196,1.496886
11.688000,-0.000216,-0.008043,0.034804,0.000023,-0.003928,-0.036093,-0.000000,-0.000981,1.570226,-0.300000,1.000000,1.100000,0.000000,0.000000,-1.571000,-0.299784,1.008043,1.065196,1.496885
11.690000,-0.000216,-0.008041,0.034804,0.000023,-0.003928,-0.036093,-0.000000,-0.000981,1.570226,-0.300000,1.000000,1.100000,0.000000,0.000000,-1.571000,-0.299784,1.008041,1.065196,1.496884
11.692000,-0.000216,-0.008039,0.034804,0.000023,-0.003928,-0.036093,-0.000000,-0.000981,1.570226,-0.300000,1.000000,1.100000,0.000000,0.000000,-1.571000,-0.299784,1.008039,1.065196,1.496882
11.694000,-0.000215,-0.008038,0.034804,0.000023,-0.003928,-0.036093,-0.000000,-0.000981,1.570227,-0.300000,1.000000,1.100000,0.000000,0.000000,-1.571000,-0.299785,1.008038,1.065196,1.496881
11.696000,-0.000215,-0.008036,0.034804,0.000023,-0.003928,-0.036093,-0.000000,-0.000981,1.570227,-0.300000,1.000000,1.100000,0.000000,0.000000,-1.571000,-0.299785,1.008036,1.065196,1.496880
11.698000,-0.000215,-0.008034,0.034804,0.000023,-0.003928,-0.036093,-0.000000,-0.000981,1.570227,-0.300000,1.000000,1.100000,0.000000,0.000000,-1.571000,-0.299785,1.008034,1.065196,1.496879
11.700000,-0.000215,-0.008033,0.034804,0.000023,-0.003928,-0.036093,-0.000000,-0.000981,1.570227,-0.300000,1.000000,1.100000,0.000000,0.000000,-1.571000,-0.299785,1.008033,1.065196,1.496878
11.702000,-0.000215,-0.008031,0.034804,0.000023,-0.003928,-0.036093,-0.000000,-0.000981,1.570227,-0.300000,1.000000,1.100000,0.000000,0.000000,-1.571000,-0.299785,1.008031,1.065196,1.496877
11.704000,-0.000215,-0.008029,0.034804,0.000023,-0.003928,-0.036093,-0.000000,-0.000981,1.570227,-0.300000,1.000000,1.100000,0.000000,0.000000,-1.571000,-0.299785,1.008029,1.065196,1.496876
11.706000,-0.000215,-0.008028,0.034804,0.000023,-0.003928,-0.036093,-0.000000,-0.000981,1.570227,-0.300000,1.000000,1.100000,0.000000,0.000000,-1.571000,-0.299785,1.008028,1.065196,1.496874
11.708000,-0.000215,-0.008026,0.034804,0.000023,-0.003928,-0.036093,-0.000000,-0.000981,1.570227,-0.300000,1.000000,1.100000,0.000000,0.000000,-1.571000,-0.299785,1.008026,1.065196,1.496873
11.710000,-0.000215,-0.008024,0.034804,0.000023,-0.003928,-0.036093,-0.000000,-0.000981,1.570227,-0.300000,1.000000,1.100000,0.000000,0.000000,-1.571000,-0.299785,1.008024,1.065196,1.496872
11.712000,-0.000215,-0.008023,0.034804,0.000023,-0.003928,-0.036093,-0.000000,-0.000981,1.570227,-0.300000,1.000000,1.100000,0.000000,0.000000,-1.571000,-0.299785,1.008023,1.065196,1.496871
11.714000,-0.000215,-0.008021,0.034804,0.000023,-0.003928,-0.036093,-0.000000,-0.000981,1.570227,-0.300000,1.000000,1.100000,0.000000,0.000000,-1.571000,-0.299785,1.008021,1.065196,1.496870
11.716000,-0.000215,-0.008019,0.034804,0.000023,-0.003928,-0.036093,-0.000000,-0.000981,1.570227,-0.300000,1.000000,1.100000,0.000000,0.000000,-1.571000,-0.299785,1.008019,1.065196,1.496869
11.718000,-0.000215,-0.008017,0.034804,0.000023,-0.003928,-0.036093,-0.000000,-0.000981,1.570227,-0.300000,1.000000,1.100000,0.000000,0.000000,-1.571000,-0.299785,1.008017,1.065196,1.496868
11.720000,-0.000215,-0.008016,0.034804,0.000023,-0.003928,-0.036093,-0.000000,-0.000981,1.570227,-0.300000,1.000000,1.100000,0.000000,0.000000,-1.571000,-0.299785,1.008016,1.065196,1.496867
11.722000,-0.000215,-0.008014,0.034804,0.000023,-0.003928,-0.036093,-0.000000,-0.000981,1.570227,-0.300000,1.000000,1.100000,0.000000,0.000000,-1.571000,-0.299785,1.008014,1.065196,1.496865
11.724000,-0.000215,-0.008012,0.034804,0.000023,-0.003928,-0.036093,-0.000000,-0.000981,1.570227,-0.300000,1.000000,1.100000,0.000000,0.000000,-1.571000,-0.299785,1.008012,1.065196,1.496864
11.726000,-0.000215,-0.008011,0.034804,0.000023,-0.003928,-0.036093,-0.000000,-0.000981,1.570227,-0.300000,1.000000,1.100000,0.000000,0.000000,-1.571000,-0.299785,1.008011,1.065196,1.496863
11.728000,-0.000215,-0.008009,0.034804,0.000023,-0.003928,-0.036093,-0.000000,-0.000981,1.570227,-0.300000,1.000000,1.100000,0.000000,0.000000,-1.571000,-0.299785,1.008009,1.065196,1.496862
11.730000,-0.000215,-0.008007,0.034804,0.000023,-0.003928,-0.036093,-0.000000,-0.000981,1.570227,-0.300000,1.000000,1.100000,0.000000,0.000000,-1.571000,-0.299785,1.008007,1.065196,1.496861
11.732000,-0.000215,-0.008006,0.034804,0.000023,-0.003928,-0.036093,-0.000000,-0.000981,1.570227,-0.300000,1.000000,1.100000,0.000000,0.000000,-1.571000,-0.299785,1.008006,1.065196,1.496860
11.734000,-0.000215,-0.008004,0.034804,0.000023,-0.003928,-0.036093,-0.000000,-0.000981,1.570227,-0.300000,1.000000,1.100000,0.000000,0.000000,-1.571000,-0.299785,1.008004,1.065196,1.496859
11.736000,-0.000215,-0.008002,0.034804,0.000023,-0.003928,-0.036093,-0.000000,-0.000981,1.570227,-0.300000,1.000000,1.100000,0.000000,0.000000,-1.571000,-0.299785,1.008002,1.065196,1.496858
11.738000,-0.000214,-0.008001,0.034804,0.000023,-0.003928,-0.036093,-0.000000,-0.000981,1.570227,-0.300000,1.000000,1.100000,0.000000,0.000000,-1.571000,-0.299786,1.008001,1.065196,1.496856
11.740000,-0.000214,-0.007999,0.034804,0.000023,-0.003928,-0.036093,-0.000000,-0.000981,1.570227,-0.300000,1.000000,1.100000,0.000000,0.000000,-1.571000,-0.299786,1.007999,1.065196,1.496855
11.742000,-0.000214,-0.007997,0.034804,0.000023,-0.003928,-0.036093,-0.000000,-0.000981,1.570227,-0.300000,1.000000,1.100000,0.000000,0.000000,-1.571000,-0.299786,1.007997,1.065196,1.496854
11.744000,-0.000214,-0.007995,0.034804,0.000023,-0.003928,-0.036093,-0.000000,-0.000981,1.570227,-0.300000,1.000000,1.100000,0.000000,0.000000,-1.571000,-0.299786,1.007995,1.065196,1.496853
11.746000,-0.000214,-0.007994,0.034804,0.000023,-0.003928,-0.036093,-0.000000,-0.000981,1.570228,-0.300000,1.000000,1.100000,0.000000,0.000000,-1.571000,-0.299786,1.007994,1.065196,1.496852
11.748000,-0.000214,-0.007992,0.034804,0.000023,-0.003928,-0.036093,-0.000000,-0.000981,1.570228,-0.300000,1.000000,1.100000,0.000000,0.000000,-1.571000,-0.299786,1.007992,1.065196,1.496851
11.750000,-0.000214,-0.007990,0.034804,0.000023,-0.003928,-0.036093,-0.000000,-0.000981,1.570228,-0.300000,1.000000,1.100000,0.000000,0.000000,-1.571000,-0.299786,1.007990,1.065196,1.496850
11.752000,-0.000214,-0.007989,0.034804,0.000023,-0.003928,-0.036093,-0.000000,-0.000981,1.570228,-0.300000,1.000000,1.100000,0.000000,0.000000,-1.571000,-0.299786,1.007989,1.065196,1.496848
11.754000,-0.000214,-0.007987,0.034804,0.000023,-0.003928,-0.036093,-0.000000,-0.000981,1.570228,-0.300000,1.000000,1.100000,0.000000,0.000000,-1.571000,-0.299786,1.007987,1.065196,1.496847
11.756000,-0.000214,-0.007985,0.034804,0.000023,-0.003928,-0.036093,-0.000000,-0.000981,1.570228,-0.300000,1.000000,1.100000,0.000000,0.000000,-1.571000,-0.299786,1.007985,1.065196,1.496846
11.758000,-0.000214,-0.007984,0.034804,0.000023,-0.003928,-0.036093,-0.000000,-0.000981,1.570228,-0.300000,1.000000,1.100000,0.000000,0.000000,-1.571000,-0.299786,1.007984,1.065196,1.496845
11.760000,-0.000214,-0.007982,0.034804,0.000023,-0.003928,-0.036093,-0.000000,-0.000981,1.570228,-0.300000,1.000000,1.100000,0.000000,0.000000,-1.571000,-0.299786,1.007982,1.065196,1.496844
11.762000,-0.000214,-0.007980,0.034804,0.000023,-0.003928,-0.036093,-0.000000,-0.000981,1.570228,-0.300000,1.000000,1.100000,0.000000,0.000000,-1.571000,-0.299786,1.007980,1.065196,1.496843
11.764000,-0.000214,-0.007979,0.034804,0.000023,-0.003928,-0.036093,-0.000000,-0.000981,1.570228,-0.300000,1.000000,1.100000,0.000000,0.000000,-1.571000,-0.299786,1.007979,1.065196,1.496842
11.766000,-0.000214,-0.007977,0.034804,0.000023,-0.003928,-0.036093,-0.000000,-0.000981,1.570228,-0.300000,1.000000,1.100000,0.000000,0.000000,-1.571000,-0.299786,1.007977,1.065196,1.496841
11.768000,-0.000214,-0.007975,0.034804,0.000023,-0.003928,-0.036093,-0.000000,-0.000981,1.570228,-0.300000,1.000000,1.100000,0.000000,0.000000,-1.571000,-0.299786,1.007975,1.065196,1.496839
11.770000,-0.000214,-0.007973,0.034804,0.000023,-0.003928,-0.036093,-0.000000,-0.000981,1.570228,-0.300000,1.000000,1.100000,0.000000,0.000000,-1.571000,-0.299786,1.007973,1.065196,1.496838
11.772000,-0.000214,-0.007972,0.034804,0.000023,-0.003928,-0.036093,-0.000000,-0.000981,1.570228,-0.300000,1.000000,1.100000,0.000000,0.000000,-1.571000,-0.299786,1.007972,1.065196,1.496837
11.774000,-0.000214,-0.007970,0.034804,0.000023,-0.003928,-0.036093,-0.000000,-0.000981,1.570228,-0.300000,1.000000,1.100000,0.000000,0.000000,-1.571000,-0.299786,1.007970,1.065196,1.496836
11.776000,-0.000214,-0.007968,0.034804,0.000023,-0.003928,-0.036093,-0.000000,-0.000981,1.570228,-0.300000,1.000000,1.100000,0.000000,0.000000,-1.571000,-0.299786,1.007968,1.065196,1.496835
11.778000,-0.000214,-0.007967,0.034804,0.000023,-0.003928,-0.036093,-0.000000,-0.000981,1.570228,-0.300000,1.000000,1.100000,0.000000,0.000000,-1.571000,-0.299786,1.007967,1.065196,1.496834
11.780000,-0.000214,-0.007965,0.034804,0.000023,-0.003928,-0.036093,-0.000000,-0.000981,1.570228,-0.300000,1.000000,1.100000,0.000000,0.000000,-1.571000,-0.299786,1.007965,1.065196,1.496833
11.782000,-0.000214,-0.007963,0.034805,0.000025,-0.003818,-0.035063,-0.000000,-0.000974,1.570228,-0.300000,1.000000,1.100000,0.000000,0.000000,-1.571000,-0.299786,1.007963,1.065195,1.496831
11.784000,-0.000213,-0.007961,0.034810,0.000023,-0.003577,-0.032541,-0.000000,-0.000950,1.570228,-0.300000,1.000000,1.100000,0.000000,0.000000,-1.571000,-0.299787,1.007961,1.065190,1.496826
11.786000,-0.000213,-0.007958,0.034819,0.000021,-0.003271,-0.029205,-0.000000,-0.000905,1.570228,-0.300000,1.000000,1.100000,0.000000,0.000000,-1.571000,-0.299787,1.007958,1.065181,1.496817
11.788000,-0.000213,-0.007956,0.034832,0.000019,-0.002936,-0.025486,-0.000000,-0.000842,1.570228,-0.300000,1.000000,1.100000,0.000000,0.000000,-1.571000,-0.299787,1.007956,1.065168,1.496807
11.790000,-0.000213,-0.007952,0.034847,0.000018,-0.002595,-0.021654,-0.000000,-0.000766,1.570228,-0.300000,1.000000,1.100000,0.000000,0.000000,-1.571000,-0.299787,1.007952,1.065153,1.496794
11.792000,-0.000213,-0.007949,0.034864,0.000016,-0.002261,-0.017873,-0.000000,-0.000682,1.570228,-0.300000,1.000000,1.100000,0.000000,0.000000,-1.571000,-0.299787,1.007949,1.065136,1.496780
11.794000,-0.000213,-0.007946,0.034881,0.000014,-0.001942,-0.014242,-0.000000,-0.000593,1.570228,-0.300000,1.000000,1.100000,0.000000,0.000000,-1.571000,-0.299787,1.007946,1.065119,1.496765
11.796000,-0.000213,-0.007943,0.034899,0.000012,-0.001643,-0.010813,-0.000000,-0.000503,1.570228,-0.300000,1.000000,1.100000,0.000000,0.000000,-1.571000,-0.299787,1.007943,1.065101,1.496750
11.798000,-0.000213,-0.007940,0.034917,0.000010,-0.001365,-0.007611,-0.000000,-0.000414,1.570228,-0.300000,1.000000,1.100000,0.000000,0.000000,-1.571000,-0.299787,1.007940,1.065083,1.496736
11.800000,-0.000213,-0.007938,0.034934,0.000009,-0.001109,-0.004645,-0.000000,-0.000328,1.570228,-0.300000,1.000000,1.100000,0.000000,0.000000,-1.571000,-0.299787,1.007938,1.065066,1.496721
11.802000,-0.000213,-0.007935,0.034951,0.000007,-0.000874,-0.001913,-0.000000,-0.000247,1.570228,-0.300000,1.000000,1.100000,0.000000,0.000000,-1.571000,-0.299787,1.007935,1.065049,1.496708
11.804000,-0.000213,-0.007933,0.034966,0.000006,-0.000659,0.000594,-0.000000,-0.000170,1.570228,-0.300000,1.000000,1.100000,0.000000,0.000000,-1.571000,-0.299787,1.007933,1.065034,1.496696
11.806000,-0.000213,-0.007930,0.034980,0.000005,-0.000468,0.002896,-0.000000,-0.000098,1.570228,-0.300000,1.000000,1.100000,0.000000,0.000000,-1.571000,-0.299787,1.007930,1.065020,1.496684
11.808000,-0.000213,-0.007928,0.035000,0.000004,-0.000282,0.004991,0.000000,0.000000,1.570228,-0.300000,1.000000,1.100000,0.000000,0.000000,-1.571000,-0.299787,1.007928,1.065000,1.496668
11.810000,-0.000213,-0.007929,0.035011,-0.000000,-0.000533,0.005576,0.000000,-0.000053,1.570228,-0.300000,1.000000,1.100000,0.000000,0.000000,-1.571000,-0.299787,1.007929,1.064989,1.496661
11.812000,-0.000213,-0.007930,0.035023,-0.000000,-0.000534,0.006467,-0.000000,-0.000115,1.570228,-0.300000,1.000000,1.100000,0.000000,0.000000,-1.571000,-0.299787,1.007930,1.064977,1.496653
11.814000,-0.000213,-0.007931,0.035038,-0.000001,-0.000699,0.008053,-0.000000,-0.000191,1.570228,-0.300000,1.000000,1.100000,0.000000,0.000000,-1.571000,-0.299787,1.007931,1.064962,1.496643
11.816000,-0.000213,-0.007933,0.035057,-0.000001,-0.000703,0.009957,0.000000,-0.000279,1.570228,-0.300000,1.000000,1.100000,0.000000,0.000000,-1.571000,-0.299787,1.007933,1.064943,1.496631
11.818000,-0.000213,-0.007934,0.035081,-0.000001,-0.000709,0.012276,0.000000,-0.000388,1.570228,-0.300000,1.000000,1.100000,0.000000,0.000000,-1.571000,-0.299787,1.007934,1.064919,1.496615
11.820000,-0.000213,-0.007936,0.035109,-0.000001,-0.000717,0.014990,0.000000,-0.000515,1.570228,-0.300000,1.000000,1.100000,0.000000,0.000000,-1.571000,-0.299787,1.007936,1.064891,1.496596
11.822000,-0.000213,-0.007937,0.035144,-0.000001,-0.000728,0.018060,0.000001,-0.000660,1.570231,-0.300000,1.000000,1.100000,0.000000,0.000000,-1.571000,-0.299787,1.007937,1.064856,1.496572
11.824000,-0.000213,-0.007938,0.035185,-0.000000,-0.000743,0.021454,0.000001,-0.000820,1.570236,-0.300000,1.000000,1.100000,0.000000,0.000000,-1.571000,-0.299787,1.007938,1.064815,1.496544
11.826000,-0.000213,-0.007940,0.035233,0.000000,-0.000761,0.025139,0.000001,-0.000994,1.570243,-0.300000,1.000000,1.100000,0.000000,0.000000,-1.571000,-0.299787,1.007940,1.064767,1.496510
11.828000,-0.000213,-0.007942,0.035290,0.000000,-0.000785,0.029090,0.000001,-0.001180,1.570253,-0.300000,1.000000,1.100000,0.000000,0.000000,-1.571000,-0.299787,1.007942,1.064710,1.496471
11.830000,-0.000213,-0.007943,0.035354,0.000001,-0.000812,0.033279,0.000001,-0.001377,1.570265,-0.300000,1.000000,1.100000,0.000000,0.000000,-1.571000,-0.299787,1.007943,1.064646,1.496427
11.832000,-0.000213,-0.007945,0.035427,0.000001,-0.000845,0.037685,0.000001,-0.001582,1.570279,-0.300000,1.000000,1.100000,0.000000,0.000000,-1.571000,-0.299787,1.007945,1.064573,1.496376
11.834000,-0.000213,-0.007947,0.035510,0.000001,-0.000883,0.042286,0.000001,-0.001795,1.570295,-0.300000,1.000000,1.100000,0.000000,0.000000,-1.571000,-0.299787,1.007947,1.064490,1.496318
11.836000,-0.000213,-0.007948,0.035601,0.000001,-0.000927,0.047064,0.000001,-0.002013,1.570312,-0.300000,1.000000,1.100000,0.000000,0.000000,-1.571000,-0.299787,1.007948,1.064399,1.496254
11.838000,-0.000213,-0.007950,0.035703,0.000001,-0.000976,0.052002,0.000001,-0.002235,1.570331,-0.300000,1.000000,1.100000,0.000000,0.000000,-1.571000,-0.299787,1.007950,1.064297,1.496183
11.840000,-0.000213,-0.007952,0.035815,0.000002,-0.001031,0.057083,0.000001,-0.002460,1.570351,-0.300000,1.000000,1.100000,0.000000,0.000000,-1.571000,-0.299787,1.007952,1.064185,1.496105
11.842000,-0.000213,-0.007955,0.035937,0.000002,-0.001091,0.062294,0.000001,-0.002686,1.570371,-0.300000,1.000000,1.100000,0.000000,0.000000,-1.571000,-0.299787,1.007955,1.064063,1.496020
11.844000,-0.000213,-0.007957,0.036070,0.000002,-0.001158,0.067622,0.000001,-0.002912,1.570393,-0.300000,1.000000,1.100000,0.000000,0.000000,-1.571000,-0.299787,1.007957,1.063930,1.495927
11.846000,-0.000213,-0.007959,0.036213,0.000002,-0.001231,0.073056,0.000000,-0.003137,1.570415,-0.300000,1.000000,1.100000,0.000000,0.000000,-1.571000,-0.299787,1.007959,1.063787,1.495826
11.848000,-0.000213,-0.007962,0.036368,0.000002,-0.001309,0.078584,0.000000,-0.003359,1.570438,-0.300000,1.000000,1.100000,0.000000,0.000000,-1.571000,-0.299787,1.007962,1.063632,1.495718
11.850000,-0.000213,-0.007965,0.036533,0.000002,-0.001393,0.084198,0.000000,-0.003577,1.570460,-0.300000,1.000000,1.100000,0.000000,0.000000,-1.571000,-0.299787,1.007965,1.063467,1.495602
11.852000,-0.000213,-0.007967,0.036710,0.000002,-0.001483,0.089887,0.000000,-0.003790,1.570483,-0.300000,1.000000,1.100000,0.000000,0.000000,-1.571000,-0.299787,1.007967,1.063290,1.495478
11.854000,-0.000213,-0.007971,0.036899,0.000002,-0.001578,0.095642,0.000000,-0.003998,1.570506,-0.300000,1.000000,1.100000,0.000000,0.000000,-1.571000,-0.299787,1.007971,1.063101,1.495346
11.856000,-0.000213,-0.007974,0.037099,0.000002,-0.001678,0.101453,0.000000,-0.004198,1.570529,-0.300000,1.000000,1.100000,0.000000,0.000000,-1.571000,-0.299787,1.007974,1.062901,1.495206
11.858000,-0.000213,-0.007977,0.037311,0.000002,-0.001784,0.107305,-0.000000,-0.004391,1.570551,-0.300000,1.000000,1.100000,0.000000,0.000000,-1.571000,-0.299787,1.007977,1.062689,1.495058
11.860000,-0.000213,-0.007981,0.037535,0.000002,-0.001894,0.113192,-0.000000,-0.004576,1.570573,-0.300000,1.000000,1.100000,0.000000,0.000000,-1.571000,-0.299787,1.007981,1.062465,1.494901
11.862000,-0.000213,-0.007985,0.037770,0.000001,-0.002010,0.119103,-0.000000,-0.004751,1.570594,-0.300000,1.000000,1.100000,0.000000,0.000000,-1.571000,-0.299787,1.007985,1.062230,1.494737
11.864000,-0.000213,-0.007989,0.038018,0.000001,-0.002129,0.125032,-0.000000,-0.004916,1.570614,-0.300000,1.000000,1.100000,0.000000,0.000000,-1.571000,-0.299787,1.007989,1.061982,1.494564
11.866000,-0.000213,-0.007994,0.038277,0.000001,-0.002253,0.130971,-0.000000,-0.005071,1.570634,-0.300000,1.000000,1.100000,0.000000,0.000000,-1.571000,-0.299787,1.007994,1.061723,1.494383
11.868000,-0.000213,-0.007998,0.038548,0.000001,-0.002380,0.136915,-0.000000,-0.005215,1.570653,-0.300000,1.000000,1.100000,0.000000,0.000000,-1.571000,-0.299787,1.007998,1.061452,1.494193
11.870000,-0.000213,-0.008003,0.038831,0.000001,-0.002511,0.142856,-0.000000,-0.005348,1.570670,-0.300000,1.000000,1.100000,0.000000,0.000000,-1.571000,-0.299787,1.008003,1.061169,1.493996
11.872000,-0.000213,-0.008009,0.039126,0.000001,-0.002645,0.148790,-0.000000,-0.005469,1.570687,-0.300000,1.000000,1.100000,0.000000,0.000000,-1.571000,-0.299787,1.008009,1.060874,1.493790
11.874000,-0.000213,-0.008014,0.039433,0.000000,-0.002782,0.154715,-0.000000,-0.005578,1.570702,-0.300000,1.000000,1.100000,0.000000,0.000000,-1.571000,-0.299787,1.008014,1.060567,1.493575
11.876000,-0.000213,-0.008020,0.039751,0.000000,-0.002921,0.160624,-0.000000,-0.005675,1.570717,-0.300000,1.000000,1.100000,0.000000,0.000000,-1.571000,-0.299787,1.008020,1.060249,1.493353
11.878000,-0.000213,-0.008026,0.040082,0.000000,-0.003062,0.166514,-0.000000,-0.005759,1.570730,-0.300000,1.000000,1.100000,0.000000,0.000000,-1.571000,-0.299787,1.008026,1.059918,1.493123
11.880000,-0.000213,-0.008032,0.040424,-0.000000,-0.003205,0.172382,-0.000000,-0.005831,1.570742,-0.300000,1.000000,1.100000,0.000000,0.000000,-1.571000,-0.299787,1.008032,1.059576,1.492884
11.882000,-0.000213,-0.008039,0.040778,-0.000000,-0.003350,0.178224,-0.000000,-0.005890,1.570752,-0.300000,1.000000,1.100000,0.000000,0.000000,-1.571000,-0.299787,1.008039,1.059222,1.492637
11.884000,-0.000213,-0.008046,0.041143,-0.000000,-0.003495,0.184037,-0.000000,-0.005937,1.570761,-0.300000,1.000000,1.100000,0.000000,0.000000,-1.571000,-0.299787,1.008046,1.058857,1.492383
11.886000,-0.000213,-0.008053,0.041520,-0.000001,-0.003642,0.189818,-0.000000,-0.005972,1.570769,-0.300000,1.000000,1.100000,0.000000,0.000000,-1.571000,-0.299787,1.008053,1.058480,1.492120
11.888000,-0.000213,-0.008061,0.041909,-0.000001,-0.003788,0.195567,-0.000000,-0.005994,1.570776,-0.300000,1.000000,1.100000,0.000000,0.000000,-1.571000,-0.299787,1.008061,1.058091,1.491849
11.890000,-0.000213,-0.008068,0.042309,-0.000001,-0.003935,0.201281,0.000000,-0.006003,1.570781,-0.300000,1.000000,1.100000,0.000000,0.000000,-1.571000,-0.299787,1.008068,1.057691,1.491571
11.892000,-0.000213,-0.008077,0.042721,-0.000001,-0.004082,0.206958,0.000000,-0.006001,1.570785,-0.300000,1.000000,1.100000,0.000000,0.000000,-1.571000,-0.299787,1.008077,1.057279,1.491285
11.894000,-0.000213,-0.008085,0.043144,-0.000001,-0.004228,0.212598,0.000000,-0.005987,1.570788,-0.300000,1.000000,1.100000,0.000000,0.000000,-1.571000,-0.299787,1.008085,1.056856,1.490991
11.896000,-0.000213,-0.008094,0.043578,-0.000001,-0.004373,0.218199,0.000001,-0.005962,1.570789,-0.300000,1.000000,1.100000,0.000000,0.000000,-1.571000,-0.299787,1.008094,1.056422,1.490689
11.898000,-0.000213,-0.008103,0.044023,-0.000002,-0.004517,0.223759,0.000001,-0.005925,1.570790,-0.300000,1.000000,1.100000,0.000000,0.000000,-1.571000,-0.299787,1.008103,1.055977,1.490379
11.900000,-0.000213,-0.008112,0.044479,-0.000002,-0.004659,0.229278,0.000001,-0.005877,1.570789,-0.300000,1.000000,1.100000,0.000000,0.000000,-1.571000,-0.299787,1.008112,1.055521,1.490062
11.902000,-0.000213,-0.008121,0.044946,-0.000002,-0.004800,0.234754,0.000001,-0.005819,1.570787,-0.300000,1.000000,1.100000,0.000000,0.000000,-1.571000,-0.299787,1.008121,1.055054,1.489738
11.904000,-0.000213,-0.008131,0.045424,-0.000002,-0.004939,0.240186,0.000001,-0.005751,1.570784,-0.300000,1.000000,1.100000,0.000000,0.000000,-1.571000,-0.299787,1.008131,1.054576,1.489406
11.906000,-0.000213,-0.008141,0.045913,-0.000002,-0.005075,0.245575,0.000002,-0.005674,1.570779,-0.300000,1.000000,1.100000,0.000000,0.000000,-1.571000,-0.299787,1.008141,1.054087,1.489067
11.908000,-0.000213,-0.008152,0.046413,-0.000002,-0.005209,0.250919,0.000002,-0.005587,1.570774,-0.300000,1.000000,1.100000,0.000000,0.000000,-1.571000,-0.299787,1.008152,1.053587,1.488720
11.910000,-0.000213,-0.008162,0.046923,-0.000002,-0.005340,0.256217,0.000002,-0.005491,1.570768,-0.300000,1.000000,1.100000,0.000000,0.000000,-1.571000,-0.299787,1.008162,1.053077,1.488366
11.912000,-0.000213,-0.008173,0.047444,-0.000002,-0.005469,0.261470,0.000002,-0.005387,1.570762,-0.300000,1.000000,1.100000,0.000000,0.000000,-1.571000,-0.299787,1.008173,1.052556,1.488005
11.914000,-0.000213,-0.008184,0.047975,-0.000002,-0.005594,0.266677,0.000003,-0.005275,1.570754,-0.300000,1.000000,1.100000,0.000000,0.000000,-1.571000,-0.299787,1.008184,1.052025,1.487637
11.916000,-0.000213,-0.008196,0.048517,-0.000002,-0.005716,0.271838,0.000003,-0.005156,1.570746,-0.300000,1.000000,1.100000,0.000000,0.000000,-1.571000,-0.299787,1.008196,1.051483,1.487262
11.918000,-0.000213,-0.008207,0.049069,-0.000002,-0.005835,0.276952,0.000003,-0.005030,1.570737,-0.300000,1.000000,1.100000,0.000000,0.000000,-1.571000,-0.299787,1.008207,1.050931,1.486879
11.920000,-0.000213,-0.008219,0.049631,-0.000002,-0.005949,0.282019,0.000004,-0.004898,1.570728,-0.300000,1.000000,1.100000,0.000000,0.000000,-1.571000,-0.299787,1.008219,1.050369,1.486490
11.922000,-0.000213,-0.008231,0.050203,-0.000002,-0.006061,0.287040,0.000004,-0.004760,1.570718,-0.300000,1.000000,1.100000,0.000000,0.000000,-1.571000,-0.299787,1.008231,1.049797,1.486094
11.924000,-0.000213,-0.008244,0.050785,-0.000002,-0.006168,0.292015,0.000004,-0.004616,1.570707,-0.300000,1.000000,1.100000,0.000000,0.000000,-1.571000,-0.299787,1.008244,1.049215,1.485691
11.926000,-0.000213,-0.008256,0.051377,-0.000002,-0.006271,0.296944,0.000005,-0.004468,1.570697,-0.300000,1.000000,1.100000,0.000000,0.000000,-1.571000,-0.299787,1.008256,1.048623,1.485282
11.928000,-0.000213,-0.008269,0.051979,-0.000002,-0.006370,0.301826,0.000005,-0.004315,1.570686,-0.300000,1.000000,1.100000,0.000000,0.000000,-1.571000,-0.299787,1.008269,1.048021,1.484866
11.930000,-0.000213,-0.008282,0.052591,-0.000002,-0.006465,0.306660,0.000005,-0.004159,1.570674,-0.300000,1.000000,1.100000,0.000000,0.000000,-1.571000,-0.299787,1.008282,1.047409,1.484443
11.932000,-0.000213,-0.008295,0.053212,-0.000002,-0.006556,0.311448,0.000006,-0.003999,1.570663,-0.300000,1.000000,1.100000,0.000000,0.000000,-1.571000,-0.299787,1.008295,1.046788,1.484013
11.934000,-0.000213,-0.008308,0.053842,-0.000002,-0.006642,0.316191,0.000006,-0.003837,1.570651,-0.300000,1.000000,1.100000,0.000000,0.000000,-1.571000,-0.299787,1.008308,1.046158,1.483578
11.936000,-0.000213,-0.008321,0.054483,-0.000002,-0.006724,0.320889,0.000006,-0.003672,1.570640,-0.300000,1.000000,1.100000,0.000000,0.000000,-1.571000,-0.299787,1.008321,1.045517,1.483135
11.938000,-0.000213,-0.008335,0.055132,-0.000001,-0.006802,0.325543,0.000007,-0.003505,1.570628,-0.300000,1.000000,1.100000,0.000000,0.000000,-1.571000,-0.299787,1.008335,1.044868,1.482687
11.940000,-0.000213,-0.008349,0.055791,-0.000001,-0.006875,0.330152,0.000007,-0.003337,1.570616,-0.300000,1.000000,1.100000,0.000000,0.000000,-1.571000,-0.299787,1.008349,1.044209,1.482232
11.942000,-0.000213,-0.008363,0.056458,-0.000001,-0.006944,0.334713,0.000007,-0.003168,1.570605,-0.300000,1.000000,1.100000,0.000000,0.000000,-1.571000,-0.299787,1.008363,1.043542,1.481771
11.944000,-0.000213,-0.008377,0.057135,-0.000001,-0.007008,0.339230,0.000008,-0.002998,1.570593,-0.300000,1.000000,1.100000,0.000000,0.000000,-1.571000,-0.299787,1.008377,1.042865,1.481304
11.946000,-0.000213,-0.008391,0.057821,-0.000001,-0.007068,0.343701,0.000008,-0.002828,1.570582,-0.300000,1.000000,1.100000,0.000000,0.000000,-1.571000,-0.299787,1.008391,1.042179,1.480831
11.948000,-0.000213,-0.008405,0.058516,-0.000001,-0.007124,0.348128,0.000008,-0.002659,1.570570,-0.300000,1.000000,1.100000,0.000000,0.000000,-1.571000,-0.299787,1.008405,1.041484,1.480352
11.950000,-0.000213,-0.008419,0.059219,-0.000000,-0.007175,0.352511,0.000009,-0.002490,1.570559,-0.300000,1.000000,1.100000,0.000000,0.000000,-1.571000,-0.299787,1.008419,1.040781,1.479867
11.952000,-0.000213,-0.008434,0.059932,-0.000000,-0.007222,0.356850,0.000009,-0.002322,1.570549,-0.300000,1.000000,1.100000,0.000000,0.000000,-1.571000,-0.299787,1.008434,1.040068,1.479376
11.954000,-0.000213,-0.008448,0.060653,0.000000,-0.007264,0.361146,0.000009,-0.002155,1.570538,-0.300000,1.000000,1.100000,0.000000,0.000000,-1.571000,-0.299787,1.008448,1.039347,1.478879
11.956000,-0.000213,-0.008463,0.061382,0.000000,-0.007302,0.365399,0.000010,-0.001990,1.570528,-0.300000,1.000000,1.100000,0.000000,0.000000,-1.571000,-0.299787,1.008463,1.038618,1.478376
11.958000,-0.000213,-0.008477,0.062120,0.000001,-0.007337,0.369610,0.000010,-0.001827,1.570518,-0.300000,1.000000,1.100000,0.000000,0.000000,-1.571000,-0.299787,1.008477,1.037880,1.477868
11.960000,-0.000213,-0.008492,0.062866,0.000001,-0.007367,0.373780,0.000010,-0.001667,1.570508,-0.300000,1.000000,1.100000,0.000000,0.000000,-1.571000,-0.299787,1.008492,1.037134,1.477354
11.962000,-0.000213,-0.008507,0.063621,0.000001,-0.007393,0.377908,0.000011,-0.001510,1.570498,-0.300000,1.000000,1.100000,0.000000,0.000000,-1.571000,-0.299787,1.008507,1.036379,1.476835
11.964000,-0.000213,-0.008522,0.064383,0.000001,-0.007415,0.381996,0.000011,-0.001355,1.570489,-0.300000,1.000000,1.100000,0.000000,0.000000,-1.571000,-0.299787,1.008522,1.035617,1.476310
11.966000,-0.000213,-0.008537,0.065154,0.000002,-0.007433,0.386042,0.000011,-0.001204,1.570481,-0.300000,1.000000,1.100000,0.000000,0.000000,-1.571000,-0.299787,1.008537,1.034846,1.475779
11.968000,-0.000213,-0.008552,0.065933,0.000002,-0.007448,0.390047,0.000011,-0.001056,1.570472,-0.300000,1.000000,1.100000,0.000000,0.000000,-1.571000,-0.299787,1.008552,1.034067,1.475243
11.970000,-0.000213,-0.008567,0.066720,0.000002,-0.007459,0.394013,0.000012,-0.000912,1.570464,-0.300000,1.000000,1.100000,0.000000,0.000000,-1.571000,-0.299787,1.008567,1.033280,1.474702
11.972000,-0.000213,-0.008581,0.067515,0.000003,-0.007466,0.397938,0.000012,-0.000771,1.570456,-0.300000,1.000000,1.100000,0.000000,0.000000,-1.571000,-0.299787,1.008581,1.032485,1.474156
11.974000,-0.000213,-0.008596,0.068317,0.000003,-0.007470,0.401824,0.000012,-0.000635,1.570449,-0.300000,1.000000,1.100000,0.000000,0.000000,-1.571000,-0.299787,1.008596,1.031683,1.473604
11.976000,-0.000213,-0.008611,0.069127,0.000003,-0.007471,0.405669,0.000012,-0.000503,1.570442,-0.300000,1.000000,1.100000,0.000000,0.000000,-1.571000,-0.299787,1.008611,1.030873,1.473047
11.978000,-0.000213,-0.008626,0.069945,0.000004,-0.007468,0.409475,0.000012,-0.000376,1.570435,-0.300000,1.000000,1.100000,0.000000,0.000000,-1.571000,-0.299787,1.008626,1.030055,1.472485
11.980000,-0.000213,-0.008641,0.070771,0.000004,-0.007463,0.413242,0.000011,-0.000253,1.570429,-0.300000,1.000000,1.100000,0.000000,0.000000,-1.571000,-0.299787,1.008641,1.029229,1.471918
11.982000,-0.000213,-0.008656,0.071604,0.000004,-0.007454,0.416970,0.000010,-0.000134,1.570423,-0.300000,1.000000,1.100000,0.000000,0.000000,-1.571000,-0.299787,1.008656,1.028396,1.471346
11.984000,-0.000213,-0.008671,0.072444,0.000005,-0.007443,0.420659,0.000009,-0.000021,1.570417,-0.300000,1.000000,1.100000,0.000000,0.000000,-1.571000,-0.299787,1.008671,1.027556,1.470769
11.986000,-0.000213,-0.008686,0.073291,0.000005,-0.007429,0.424308,0.000008,0.000088,1.570412,-0.300000,1.000000,1.100000,0.000000,0.000000,-1.571000,-0.299787,1.008686,1.026709,1.470187
11.988000,-0.000213,-0.008701,0.074146,0.000005,-0.007412,0.427920,0.000006,0.000193,1.570406,-0.300000,1.000000,1.100000,0.000000,0.000000,-1.571000,-0.299787,1.008701,1.025854,1.469600
11.990000,-0.000213,-0.008716,0.075008,0.000005,-0.007393,0.431493,0.000004,0.000292,1.570402,-0.300000,1.000000,1.100000,0.000000,0.000000,-1.571000,-0.299787,1.008716,1.024992,1.469009
11.992000,-0.000213,-0.008730,0.075878,0.000005,-0.007372,0.435027,0.000002,0.000387,1.570397,-0.300000,1.000000,1.100000,0.000000,0.000000,-1.571000,-0.299787,1.008730,1.024122,1.468413
11.994000,-0.000213,-0.008745,0.076754,0.000005,-0.007349,0.438524,-0.000001,0.000476,1.570392,-0.300000,1.000000,1.100000,0.000000,0.000000,-1.571000,-0.299787,1.008745,1.023246,1.467812
11.996000,-0.000213,-0.008760,0.077637,0.000005,-0.007323,0.441982,-0.000004,0.000561,1.570388,-0.300000,1.000000,1.100000,0.000000,0.000000,-1.571000,-0.299787,1.008760,1.022363,1.467206
11.998000,-0.000213,-0.008774,0.078527,0.000005,-0.007296,0.445403,-0.000007,0.000641,1.570384,-0.300000,1.000000,1.100000,0.000000,0.000000,-1.571000,-0.299787,1.008774,1.021473,1.466597
12.000000,-0.000213,-0.008789,0.079424,0.000005,-0.007267,0.448788,-0.000011,0.000716,1.570381,-0.300000,1.000000,1.100000,0.000000,0.000000,-1.571000,-0.299787,1.008789,1.020576,1.465982
12.002000,-0.000213,-0.008803,0.080327,0.000005,-0.007236,0.452137,-0.000015,0.000787,1.570377,-0.300000,1.000000,1.100000,0.000000,0.000000,-1.571000,-0.299787,1.008803,1.019673,1.465363
12.004000,-0.000213,-0.008818,0.081237,0.000004,-0.007203,0.455452,-0.000020,0.000853,1.570374,-0.300000,1.000000,1.100000,0.000000,0.000000,-1.571000,-0.299787,1.008818,1.018763,1.464740
12.006000,-0.000213,-0.008832,0.082154,0.000004,-0.007169,0.458731,-0.000024,0.000914,1.570371,-0.300000,1.000000,1.100000,0.000000,0.000000,-1.571000,-0.299787,1.008832,1.017846,1.464112
12.008000,-0.000213,-0.008847,0.083077,0.000003,-0.007134,0.461976,-0.000030,0.000970,1.570368,-0.300000,1.000000,1.100000,0.000000,0.000000,-1.571000,-0.299787,1.008847,1.016923,1.463481
12.010000,-0.000213,-0.008861,0.084007,0.000003,-0.007098,0.465185,-0.000035,0.001022,1.570366,-0.300000,1.000000,1.100000,0.000000,0.000000,-1.571000,-0.299787,1.008861,1.015993,1.462845
12.012000,-0.000213,-0.008875,0.084943,0.000002,-0.007060,0.468358,-0.000041,0.001069,1.570363,-0.300000,1.000000,1.100000,0.000000,0.000000,-1.571000,-0.299787,1.008875,1.015057,1.462204
12.014000,-0.000213,-0.008889,0.085885,0.000001,-0.007021,0.471497,-0.000047,0.001112,1.570361,-0.300000,1.000000,1.100000,0.000000,0.000000,-1.571000,-0.299787,1.008889,1.014115,1.461560
12.016000,-0.000213,-0.008903,0.086834,-0.000000,-0.006982,0.474604,-0.000054,0.001150,1.570359,-0.300000,1.000000,1.100000,0.000000,0.000000,-1.571000,-0.299787,1.008903,1.013166,1.460912
12.018000,-0.000213,-0.008917,0.087789,-0.000001,-0.006942,0.477677,-0.000061,0.001185,1.570357,-0.300000,1.000000,1.100000,0.000000,0.000000,-1.571000,-0.299787,1.008917,1.012211,1.460259
12.020000,-0.000213,-0.008931,0.088750,-0.000003,-0.006901,0.480716,-0.000068,0.001215,1.570355,-0.300000,1.000000,1.100000,0.000000,0.000000,-1.571000,-0.299787,1.008931,1.011250,1.459603
12.022000,-0.000213,-0.008945,0.089717,-0.000005,-0.006859,0.483722,-0.000075,0.001241,1.570354,-0.300000,1.000000,1.100000,0.000000,0.000000,-1.571000,-0.299787,1.008945,1.010283,1.458943
12.024000,-0.000213,-0.008958,0.090690,-0.000006,-0.006817,0.486694,-0.000083,0.001264,1.570352,-0.300000,1.000000,1.100000,0.000000,0.000000,-1.571000,-0.299787,1.008958,1.009310,1.458279
12.026000,-0.000213,-0.008972,0.091668,-0.000008,-0.006775,0.489633,-0.000091,0.001283,1.570351,-0.300000,1.000000,1.100000,0.000000,0.000000,-1.571000,-0.299787,1.008972,1.008332,1.457611
12.028000,-0.000213,-0.008985,0.092653,-0.000010,-0.006732,0.492541,-0.000099,0.001298,1.570349,-0.300000,1.000000,1.100000,0.000000,0.000000,-1.571000,-0.299787,1.008985,1.007347,1.456939
12.030000,-0.000213,-0.008999,0.093643,-0.000013,-0.006690,0.495418,-0.000107,0.001310,1.570348,-0.300000,1.000000,1.100000,0.000000,0.000000,-1.571000,-0.299787,1.008999,1.006357,1.456264
12.032000,-0.000213,-0.009012,0.094639,-0.000015,-0.006647,0.498262,-0.000115,0.001319,1.570347,-0.300000,1.000000,1.100000,0.000000,0.000000,-1.571000,-0.299787,1.009012,1.005361,1.455585
12.034000,-0.000213,-0.009025,0.095641,-0.000018,-0.006603,0.501075,-0.000123,0.001324,1.570346,-0.300000,1.000000,1.100000,0.000000,0.000000,-1.571000,-0.299787,1.009025,1.004359,1.454902
12.036000,-0.000213,-0.009038,0.096649,-0.000021,-0.006560,0.503855,-0.000132,0.001327,1.570345,-0.300000,1.000000,1.100000,0.000000,0.000000,-1.571000,-0.299787,1.009038,1.003351,1.454216
12.038000,-0.000213,-0.009052,0.097661,-0.000024,-0.006517,0.506606,-0.000140,0.001326,1.570344,-0.300000,1.000000,1.100000,0.000000,0.000000,-1.571000,-0.299787,1.009052,1.002339,1.453527
12.040000,-0.000213,-0.009065,0.098680,-0.000027,-0.006474,0.509326,-0.000149,0.001323,1.570343,-0.300000,1.000000,1.100000,0.000000,0.000000,-1.571000,-0.299787,1.009065,1.001320,1.452834
12.042000,-0.000213,-0.009077,0.099703,-0.000030,-0.006432,0.512014,-0.000157,0.001318,1.570343,-0.300000,1.000000,1.100000,0.000000,0.000000,-1.571000,-0.299787,1.009077,1.000297,1.452137
12.044000,-0.000213,-0.009090,0.100732,-0.000034,-0.006389,0.514673,-0.000166,0.001310,1.570342,-0.300000,1.000000,1.100000,0.000000,0.000000,-1.571000,-0.299787,1.009090,0.999268,1.451437
12.046000,-0.000213,-0.009103,0.101767,-0.000038,-0.006347,0.517303,-0.000174,0.001300,1.570341,-0.300000,1.000000,1.100000,0.000000,0.000000,-1.571000,-0.299787,1.009103,0.998233,1.450734
12.048000,-0.000214,-0.009116,0.102806,-0.000042,-0.006305,0.519904,-0.000183,0.001289,1.570341,-0.300000,1.000000,1.100000,0.000000,0.000000,-1.571000,-0.299786,1.009116,0.997194,1.450028
12.050000,-0.000214,-0.009128,0.103851,-0.000046,-0.006264,0.522476,-0.000191,0.001275,1.570340,-0.300000,1.000000,1.100000,0.000000,0.000000,-1.571000,-0.299786,1.009128,0.996149,1.449319
12.052000,-0.000214,-0.009141,0.104901,-0.000050,-0.006223,0.525020,-0.000199,0.001260,1.570340,-0.300000,1.000000,1.100000,0.000000,0.000000,-1.571000,-0.299786,1.009141,0.995099,1.448606
12.054000,-0.000214,-0.009153,0.105956,-0.000055,-0.006183,0.527536,-0.000207,0.001243,1.570340,-0.300000,1.000000,1.100000,0.000000,0.000000,-1.571000,-0.299786,1.009153,0.994044,1.447890
12.056000,-0.000214,-0.009165,0.107016,-0.000060,-0.006143,0.530023,-0.000215,0.001224,1.570339,-0.300000,1.000000,1.100000,0.000000,0.000000,-1.571000,-0.299786,1.009165,0.992984,1.447171
12.058000,-0.000214,-0.009178,0.108080,-0.000065,-0.006103,0.532483,-0.000223,0.001205,1.570339,-0.300000,1.000000,1.100000,0.000000,0.000000,-1.571000,-0.299786,1.009178,0.991920,1.446449
12.060000,-0.000214,-0.009190,0.109150,-0.000070,-0.006064,0.534915,-0.000231,0.001184,1.570339,-0.300000,1.000000,1.100000,0.000000,0.000000,-1.571000,-0.299786,1.009190,0.990850,1.445724
12.062000,-0.000214,-0.009202,0.110225,-0.000075,-0.006026,0.537320,-0.000239,0.001162,1.570339,-0.300000,1.000000,1.100000,0.000000,0.000000,-1.571000,-0.299786,1.009202,0.989775,1.444997
12.064000,-0.000215,-0.009214,0.111304,-0.000080,-0.005988,0.539697,-0.000246,0.001140,1.570338,-0.300000,1.000000,1.100000,0.000000,0.000000,-1.571000,-0.299785,1.009214,0.988696,1.444266
12.066000,-0.000215,-0.009226,0.112388,-0.000086,-0.005951,0.542048,-0.000253,0.001117,1.570338,-0.300000,1.000000,1.100000,0.000000,0.000000,-1.571000,-0.299785,1.009226,0.987612,1.443532
12.068000,-0.000215,-0.009238,0.113477,-0.000091,-0.005915,0.544372,-0.000260,0.001093,1.570338,-0.300000,1.000000,1.100000,0.000000,0.000000,-1.571000,-0.299785,1.009238,0.986523,1.442796
12.070000,-0.000215,-0.009249,0.114570,-0.000097,-0.005879,0.546670,-0.000267,0.001069,1.570338,-0.300000,1.000000,1.100000,0.000000,0.000000,-1.571000,-0.299785,1.009249,0.985430,1.442057
12.072000,-0.000215,-0.009261,0.115668,-0.000103,-0.005844,0.548943,-0.000273,0.001044,1.570338,-0.300000,1.000000,1.100000,0.000000,0.000000,-1.571000,-0.299785,1.009261,0.984332,1.441315
12.074000,-0.000216,-0.009273,0.116770,-0.000109,-0.005809,0.551190,-0.000279,0.001020,1.570338,-0.300000,1.000000,1.100000,0.000000,0.000000,-1.571000,-0.299784,1.009273,0.983230,1.440571
12.076000,-0.000216,-0.009284,0.117877,-0.000115,-0.005775,0.553411,-0.000285,0.000995,1.570338,-0.300000,1.000000,1.100000,0.000000,0.000000,-1.571000,-0.299784,1.009284,0.982123,1.439823
12.078000,-0.000216,-0.009296,0.118988,-0.000122,-0.005742,0.555607,-0.000291,0.000970,1.570338,-0.300000,1.000000,1.100000,0.000000,0.000000,-1.571000,-0.299784,1.009296,0.981012,1.439074
12.080000,-0.000216,-0.009307,0.120104,-0.000128,-0.005709,0.557777,-0.000296,0.000946,1.570338,-0.300000,1.000000,1.100000,0.000000,0.000000,-1.571000,-0.299784,1.009307,0.979896,1.438321
12.082000,-0.000217,-0.009319,0.121224,-0.000135,-0.005677,0.559922,-0.000301,0.000921,1.570338,-0.300000,1.000000,1.100000,0.000000,0.000000,-1.571000,-0.299783,1.009319,0.978776,1.437567
12.084000,-0.000217,-0.009330,0.122348,-0.000141,-0.005646,0.562044,-0.000306,0.000897,1.570338,-0.300000,1.000000,1.100000,0.000000,0.000000,-1.571000,-0.299783,1.009330,0.977652,1.436809
12.086000,-0.000217,-0.009341,0.123476,-0.000148,-0.005615,0.564139,-0.000310,0.000874,1.570339,-0.300000,1.000000,1.100000,0.000000,0.000000,-1.571000,-0.299783,1.009341,0.976524,1.436050
12.088000,-0.000217,-0.009352,0.124609,-0.000155,-0.005585,0.566210,-0.000314,0.000851,1.570339,-0.300000,1.000000,1.100000,0.000000,0.000000,-1.571000,-0.299783,1.009352,0.975391,1.435288
12.090000,-0.000218,-0.009364,0.125745,-0.000161,-0.005556,0.568257,-0.000318,0.000828,1.570339,-0.300000,1.000000,1.100000,0.000000,0.000000,-1.571000,-0.299782,1.009364,0.974255,1.434523
12.092000,-0.000218,-0.009375,0.126886,-0.000168,-0.005527,0.570279,-0.000321,0.000807,1.570339,-0.300000,1.000000,1.100000,0.000000,0.000000,-1.571000,-0.299782,1.009375,0.973114,1.433756
12.094000,-0.000218,-0.009386,0.128031,-0.000175,-0.005498,0.572277,-0.000324,0.000786,1.570340,-0.300000,1.000000,1.100000,0.000000,0.000000,-1.571000,-0.299782,1.009386,0.971969,1.432987
12.096000,-0.000219,-0.009397,0.129179,-0.000182,-0.005471,0.574251,-0.000327,0.000766,1.570340,-0.300000,1.000000,1.100000,0.000000,0.000000,-1.571000,-0.299781,1.009397,0.970821,1.432216
12.098000,-0.000219,-0.009408,0.130332,-0.000189,-0.005443,0.576202,-0.000330,0.000747,1.570340,-0.300000,1.000000,1.100000,0.000000,0.000000,-1.571000,-0.299781,1.009408,0.969668,1.431443
12.100000,-0.000220,-0.009418,0.131488,-0.000196,-0.005416,0.578130,-0.000332,0.000729,1.570341,-0.300000,1.000000,1.100000,0.000000,0.000000,-1.571000,-0.299780,1.009418,0.968512,1.430667
12.102000,-0.000220,-0.009429,0.132649,-0.000204,-0.005390,0.580035,-0.000334,0.000712,1.570341,-0.300000,1.000000,1.100000,0.000000,0.000000,-1.571000,-0.299780,1.009429,0.967351,1.429890
12.104000,-0.000220,-0.009440,0.133813,-0.000211,-0.005364,0.581917,-0.000336,0.000696,1.570341,-0.300000,1.000000,1.100000,0.000000,0.000000,-1.571000,-0.299780,1.009440,0.966187,1.429110
12.106000,-0.000221,-0.009451,0.134981,-0.000218,-0.005338,0.583776,-0.000337,0.000682,1.570342,-0.300000,1.000000,1.100000,0.000000,0.000000,-1.571000,-0.299779,1.009451,0.965019,1.428328
12.108000,-0.000221,-0.009461,0.136152,-0.000225,-0.005313,0.585612,-0.000338,0.000668,1.570342,-0.300000,1.000000,1.100000,0.000000,0.000000,-1.571000,-0.299779,1.009461,0.963848,1.427544
12.110000,-0.000222,-0.009472,0.137327,-0.000232,-0.005289,0.587427,-0.000339,0.000655,1.570343,-0.300000,1.000000,1.100000,0.000000,0.000000,-1.571000,-0.299778,1.009472,0.962673,1.426758
12.112000,-0.000222,-0.009483,0.138506,-0.000239,-0.005264,0.589221,-0.000340,0.000644,1.570343,-0.300000,1.000000,1.100000,0.000000,0.000000,-1.571000,-0.299778,1.009483,0.961494,1.425971
12.114000,-0.000223,-0.009493,0.139688,-0.000247,-0.005240,0.590993,-0.000340,0.000634,1.570344,-0.300000,1.000000,1.100000,0.000000,0.000000,-1.571000,-0.299777,1.009493,0.960312,1.425181
12.116000,-0.000223,-0.009503,0.140874,-0.000254,-0.005216,0.592743,-0.000340,0.000625,1.570344,-0.300000,1.000000,1.100000,0.000000,0.000000,-1.571000,-0.299777,1.009503,0.959126,1.424390
12.118000,-0.000224,-0.009514,0.142063,-0.000261,-0.005192,0.594472,-0.000340,0.000618,1.570345,-0.300000,1.000000,1.100000,0.000000,0.000000,-1.571000,-0.299776,1.009514,0.957937,1.423597
12.120000,-0.000224,-0.009524,0.143256,-0.000268,-0.005169,0.596180,-0.000340,0.000611,1.570345,-0.300000,1.000000,1.100000,0.000000,0.000000,-1.571000,-0.299776,1.009524,0.956744,1.422801
12.122000,-0.000225,-0.009535,0.144452,-0.000275,-0.005146,0.597867,-0.000339,0.000606,1.570346,-0.300000,1.000000,1.100000,0.000000,0.000000,-1.571000,-0.299775,1.009535,0.955548,1.422005
12.124000,-0.000225,-0.009545,0.145651,-0.000282,-0.005123,0.599534,-0.000339,0.000602,1.570346,-0.300000,1.000000,1.100000,0.000000,0.000000,-1.571000,-0.299775,1.009545,0.954349,1.421206
12.126000,-0.000226,-0.009555,0.146854,-0.000289,-0.005100,0.601180,-0.000338,0.000599,1.570347,-0.300000,1.000000,1.100000,0.000000,0.000000,-1.571000,-0.299774,1.009555,0.953146,1.420406
12.128000,-0.000226,-0.009565,0.148060,-0.000296,-0.005077,0.602806,-0.000337,0.000597,1.570347,-0.300000,1.000000,1.100000,0.000000,0.000000,-1.571000,-0.299774,1.009565,0.951940,1.419604
12.130000,-0.000227,-0.009575,0.149269,-0.000303,-0.005054,0.604413,-0.000335,0.000596,1.570348,-0.300000,1.000000,1.100000,0.000000,0.000000,-1.571000,-0.299773,1.009575,0.950731,1.418800
12.132000,-0.000228,-0.009585,0.150482,-0.000310,-0.005032,0.606000,-0.000334,0.000597,1.570349,-0.300000,1.000000,1.100000,0.000000,0.000000,-1.571000,-0.299772,1.009585,0.949518,1.417995
12.134000,-0.000228,-0.009595,0.151697,-0.000317,-0.005009,0.607567,-0.000332,0.000598,1.570349,-0.300000,1.000000,1.100000,0.000000,0.000000,-1.571000,-0.299772,1.009595,0.948303,1.417189
12.136000,-0.000229,-0.009605,0.152916,-0.000324,-0.004986,0.609116,-0.000331,0.000601,1.570350,-0.300000,1.000000,1.100000,0.000000,0.000000,-1.571000,-0.299771,1.009605,0.947084,1.416381
12.138000,-0.000230,-0.009615,0.154138,-0.000330,-0.004964,0.610644,-0.000329,0.000605,1.570350,-0.300000,1.000000,1.100000,0.000000,0.000000,-1.571000,-0.299770,1.009615,0.945862,1.415571
12.140000,-0.000230,-0.009625,0.155363,-0.000337,-0.004941,0.612153,-0.000327,0.000609,1.570351,-0.300000,1.000000,1.100000,0.000000,0.000000,-1.571000,-0.299770,1.009625,0.944637,1.414760
12.142000,-0.000231,-0.009635,0.156590,-0.000344,-0.004918,0.613643,-0.000325,0.000615,1.570352,-0.300000,1.000000,1.100000,0.000000,0.000000,-1.571000,-0.299769,1.009635,0.943410,1.413947
12.144000,-0.000232,-0.009645,0.157821,-0.000350,-0.004896,0.615113,-0.000323,0.000621,1.570352,-0.300000,1.000000,1.100000,0.000000,0.000000,-1.571000,-0.299768,1.009645,0.942179,1.413133
12.146000,-0.000232,-0.009655,0.159055,-0.000357,-0.004873,0.616564,-0.000321,0.000628,1.570353,-0.300000,1.000000,1.100000,0.000000,0.000000,-1.571000,-0.299768,1.009655,0.940945,1.412318
12.148000,-0.000233,-0.009664,0.160291,-0.000363,-0.004850,0.617997,-0.000318,0.000636,1.570353,-0.300000,1.000000,1.100000,0.000000,0.000000,-1.571000,-0.299767,1.009664,0.939709,1.411501
12.150000,-0.000234,-0.009674,0.161531,-0.000369,-0.004827,0.619410,-0.000316,0.000645,1.570354,-0.300000,1.000000,1.100000,0.000000,0.000000,-1.571000,-0.299766,1.009674,0.938469,1.410683
12.152000,-0.000235,-0.009684,0.162773,-0.000376,-0.004803,0.620805,-0.000314,0.000654,1.570354,-0.300000,1.000000,1.100000,0.000000,0.000000,-1.571000,-0.299765,1.009684,0.937227,1.409864
12.154000,-0.000235,-0.009693,0.164018,-0.000382,-0.004780,0.622183,-0.000311,0.000664,1.570355,-0.300000,1.000000,1.100000,0.000000,0.000000,-1.571000,-0.299765,1.009693,0.935982,1.409043
12.156000,-0.000236,-0.009703,0.165265,-0.000388,-0.004756,0.623545,-0.000309,0.000674,1.570356,-0.300000,1.000000,1.100000,0.000000,0.000000,-1.571000,-0.299764,1.009703,0.934735,1.408221
12.158000,-0.000237,-0.009712,0.166516,-0.000394,-0.004733,0.624889,-0.000306,0.000685,1.570356,-0.300000,1.000000,1.100000,0.000000,0.000000,-1.571000,-0.299763,1.009712,0.933484,1.407398
12.160000,-0.000238,-0.009722,0.167769,-0.000400,-0.004709,0.626217,-0.000304,0.000696,1.570357,-0.300000,1.000000,1.100000,0.000000,0.000000,-1.571000,-0.299762,1.009722,0.932231,1.406574
12.162000,-0.000239,-0.009731,0.169024,-0.000406,-0.004684,0.627528,-0.000301,0.000708,1.570357,-0.300000,1.000000,1.100000,0.000000,0.000000,-1.571000,-0.299761,1.009731,0.930976,1.405749
12.164000,-0.000239,-0.009741,0.170283,-0.000412,-0.004660,0.628822,-0.000298,0.000719,1.570358,-0.300000,1.000000,1.100000,0.000000,0.000000,-1.571000,-0.299761,1.009741,0.929717,1.404922
12.166000,-0.000240,-0.009750,0.171543,-0.000418,-0.004636,0.630099,-0.000296,0.000731,1.570358,-0.300000,1.000000,1.100000,0.000000,0.000000,-1.571000,-0.299760,1.009750,0.928457,1.404095
12.168000,-0.000241,-0.009759,0.172807,-0.000424,-0.004611,0.631360,-0.000293,0.000744,1.570359,-0.300000,1.000000,1.100000,0.000000,0.000000,-1.571000,-0.299759,1.009759,0.927193,1.403266
12.170000,-0.000242,-0.009768,0.174073,-0.000429,-0.004586,0.632605,-0.000290,0.000756,1.570359,-0.300000,1.000000,1.100000,0.000000,0.000000,-1.571000,-0.299758,1.009768,0.925927,1.402437
12.172000,-0.000243,-0.009777,0.175341,-0.000435,-0.004561,0.633832,-0.000288,0.000768,1.570360,-0.300000,1.000000,1.100000,0.000000,0.000000,-1.571000,-0.299757,1.009777,0.924659,1.401606
12.174000,-0.000244,-0.009787,0.176612,-0.000440,-0.004535,0.635044,-0.000285,0.000780,1.570360,-0.300000,1.000000,1.100000,0.000000,0.000000,-1.571000,-0.299756,1.009787,0.923388,1.400774
12.176000,-0.000245,-0.009796,0.177885,-0.000446,-0.004510,0.636238,-0.000282,0.000793,1.570361,-0.300000,1.000000,1.100000,0.000000,0.000000,-1.571000,-0.299755,1.009796,0.922115,1.399942
12.178000,-0.000245,-0.009805,0.179160,-0.000451,-0.004484,0.637417,-0.000279,0.000805,1.570361,-0.300000,1.000000,1.100000,0.000000,0.000000,-1.571000,-0.299755,1.009805,0.920840,1.399108
12.180000,-0.000246,-0.009813,0.180438,-0.000456,-0.004458,0.638580,-0.000276,0.000817,1.570362,-0.300000,1.000000,1.100000,0.000000,0.000000,-1.571000,-0.299754,1.009813,0.919562,1.398274
12.182000,-0.000247,-0.009822,0.181718,-0.000461,-0.004432,0.639729,-0.000273,0.000829,1.570362,-0.300000,1.000000,1.100000,0.000000,0.000000,-1.571000,-0.299753,1.009822,0.918282,1.397438
12.184000,-0.000248,-0.009831,0.183001,-0.000466,-0.004405,0.640862,-0.000271,0.000840,1.570363,-0.300000,1.000000,1.100000,0.000000,0.000000,-1.571000,-0.299752,1.009831,0.916999,1.396602
12.186000,-0.000249,-0.009840,0.184286,-0.000472,-0.004379,0.641979,-0.000268,0.000852,1.570363,-0.300000,1.000000,1.100000,0.000000,0.000000,-1.571000,-0.299751,1.009840,0.915714,1.395765
12.188000,-0.000250,-0.009849,0.185572,-0.000476,-0.004352,0.643082,-0.000265,0.000863,1.570363,-0.300000,1.000000,1.100000,0.000000,0.000000,-1.571000,-0.299750,1.009849,0.914428,1.394927
12.190000,-0.000251,-0.009857,0.186862,-0.000481,-0.004325,0.644169,-0.000262,0.000874,1.570364,-0.300000,1.000000,1.100000,0.000000,0.000000,-1.571000,-0.299749,1.009857,0.913138,1.394089
12.192000,-0.000252,-0.009866,0.188153,-0.000486,-0.004298,0.645240,-0.000259,0.000884,1.570364,-0.300000,1.000000,1.100000,0.000000,0.000000,-1.571000,-0.299748,1.009866,0.911847,1.393249
12.194000,-0.000253,-0.009875,0.189446,-0.000491,-0.004270,0.646296,-0.000256,0.000894,1.570364,-0.300000,1.000000,1.100000,0.000000,0.000000,-1.571000,-0.299747,1.009875,0.910554,1.392409
12.196000,-0.000254,-0.009883,0.190742,-0.000496,-0.004243,0.647339,-0.000253,0.000904,1.570365,-0.300000,1.000000,1.100000,0.000000,0.000000,-1.571000,-0.299746,1.009883,0.909258,1.391568
12.198000,-0.000255,-0.009892,0.192039,-0.000500,-0.004215,0.648367,-0.000250,0.000914,1.570365,-0.300000,1.000000,1.100000,0.000000,0.000000,-1.571000,-0.299745,1.009892,0.907961,1.390727
12.200000,-0.000256,-0.009900,0.193339,-0.000505,-0.004187,0.649382,-0.000248,0.000922,1.570366,-0.300000,1.000000,1.100000,0.000000,0.000000,-1.571000,-0.299744,1.009900,0.906661,1.389885
12.202000,-0.000257,-0.009908,0.194640,-0.000509,-0.004160,0.650381,-0.000245,0.000931,1.570366,-0.300000,1.000000,1.100000,0.000000,0.000000,-1.571000,-0.299743,1.009908,0.905360,1.389042
12.204000,-0.000258,-0.009917,0.195944,-0.000513,-0.004132,0.651368,-0.000242,0.000939,1.570366,-0.300000,1.000000,1.100000,0.000000,0.000000,-1.571000,-0.299742,1.009917,0.904056,1.388198
12.206000,-0.000259,-0.009925,0.197249,-0.000518,-0.004103,0.652341,-0.000239,0.000946,1.570367,-0.300000,1.000000,1.100000,0.000000,0.000000,-1.571000,-0.299741,1.009925,0.902751,1.387354
12.208000,-0.000260,-0.009933,0.198557,-0.000522,-0.004075,0.653301,-0.000236,0.000953,1.570367,-0.300000,1.000000,1.100000,0.000000,0.000000,-1.571000,-0.299740,1.009933,0.901443,1.386509
12.210000,-0.000261,-0.009941,0.199866,-0.000526,-0.004047,0.654247,-0.000233,0.000960,1.570367,-0.300000,1.000000,1.100000,0.000000,0.000000,-1.571000,-0.299739,1.009941,0.900134,1.385664
12.212000,-0.000262,-0.009949,0.201177,-0.000530,-0.004019,0.655178,-0.000231,0.000966,1.570368,-0.300000,1.000000,1.100000,0.000000,0.000000,-1.571000,-0.299738,1.009949,0.898823,1.384818
12.214000,-0.000263,-0.009957,0.202490,-0.000534,-0.003990,0.656098,-0.000228,0.000972,1.570368,-0.300000,1.000000,1.100000,0.000000,0.000000,-1.571000,-0.299737,1.009957,0.897510,1.383972
12.216000,-0.000264,-0.009965,0.203805,-0.000538,-0.003962,0.657004,-0.000226,0.000977,1.570368,-0.300000,1.000000,1.100000,0.000000,0.000000,-1.571000,-0.299736,1.009965,0.896195,1.383125
12.218000,-0.000265,-0.009973,0.205122,-0.000542,-0.003933,0.657897,-0.000223,0.000981,1.570368,-0.300000,1.000000,1.100000,0.000000,0.000000,-1.571000,-0.299735,1.009973,0.894878,1.382278
12.220000,-0.000267,-0.009981,0.206440,-0.000546,-0.003904,0.658775,-0.000221,0.000986,1.570369,-0.300000,1.000000,1.100000,0.000000,0.000000,-1.571000,-0.299733,1.009981,0.893560,1.381431
12.222000,-0.000268,-0.009989,0.207760,-0.000550,-0.003876,0.659641,-0.000219,0.000989,1.570369,-0.300000,1.000000,1.100000,0.000000,0.000000,-1.571000,-0.299732,1.009989,0.892240,1.380582
12.224000,-0.000269,-0.009996,0.209082,-0.000553,-0.003847,0.660494,-0.000217,0.000992,1.570369,-0.300000,1.000000,1.100000,0.000000,0.000000,-1.571000,-0.299731,1.009996,0.890918,1.379734
12.226000,-0.000270,-0.010004,0.210406,-0.000557,-0.003819,0.661334,-0.000215,0.000995,1.570369,-0.300000,1.000000,1.100000,0.000000,0.000000,-1.571000,-0.299730,1.010004,0.889594,1.378885
12.228000,-0.000271,-0.010012,0.211731,-0.000560,-0.003790,0.662161,-0.000213,0.000997,1.570369,-0.300000,1.000000,1.100000,0.000000,0.000000,-1.571000,-0.299729,1.010012,0.888269,1.378036
12.230000,-0.000272,-0.010019,0.213058,-0.000564,-0.003761,0.662977,-0.000211,0.000999,1.570370,-0.300000,1.000000,1.100000,0.000000,0.000000,-1.571000,-0.299728,1.010019,0.886942,1.377186
12.232000,-0.000273,-0.010027,0.214387,-0.000567,-0.003733,0.663781,-0.000209,0.001001,1.570370,-0.300000,1.000000,1.100000,0.000000,0.000000,-1.571000,-0.299727,1.010027,0.885613,1.376336
12.234000,-0.000274,-0.010034,0.215717,-0.000571,-0.003704,0.664572,-0.000207,0.001001,1.570370,-0.300000,1.000000,1.100000,0.000000,0.000000,-1.571000,-0.299726,1.010034,0.884283,1.375486
12.236000,-0.000276,-0.010041,0.217048,-0.000574,-0.003676,0.665352,-0.000206,0.001002,1.570370,-0.300000,1.000000,1.100000,0.000000,0.000000,-1.571000,-0.299724,1.010041,0.882952,1.374635
12.238000,-0.000277,-0.010049,0.218381,-0.000578,-0.003647,0.666121,-0.000204,0.001001,1.570370,-0.300000,1.000000,1.100000,0.000000,0.000000,-1.571000,-0.299723,1.010049,0.881619,1.373784
12.240000,-0.000278,-0.010056,0.219716,-0.000581,-0.003619,0.666878,-0.000203,0.001001,1.570370,-0.300000,1.000000,1.100000,0.000000,0.000000,-1.571000,-0.299722,1.010056,0.880284,1.372933
12.242000,-0.000279,-0.010063,0.221052,-0.000584,-0.003591,0.667624,-0.000202,0.001000,1.570370,-0.300000,1.000000,1.100000,0.000000,0.000000,-1.571000,-0.299721,1.010063,0.878948,1.372082
12.244000,-0.000280,-0.010070,0.222390,-0.000588,-0.003563,0.668358,-0.000201,0.000998,1.570370,-0.300000,1.000000,1.100000,0.000000,0.000000,-1.571000,-0.299720,1.010070,0.877610,1.371231
12.246000,-0.000281,-0.010077,0.223729,-0.000591,-0.003534,0.669081,-0.000200,0.000996,1.570371,-0.300000,1.000000,1.100000,0.000000,0.000000,-1.571000,-0.299719,1.010077,0.876271,1.370379
12.248000,-0.000283,-0.010084,0.225070,-0.000594,-0.003506,0.669794,-0.000199,0.000993,1.570371,-0.300000,1.000000,1.100000,0.000000,0.000000,-1.571000,-0.299717,1.010084,0.874930,1.369527
12.250000,-0.000284,-0.010091,0.226412,-0.000597,-0.003479,0.670496,-0.000198,0.000990,1.570371,-0.300000,1.000000,1.100000,0.000000,0.000000,-1.571000,-0.299716,1.010091,0.873588,1.368675
12.252000,-0.000285,-0.010098,0.227755,-0.000600,-0.003451,0.671186,-0.000197,0.000986,1.570371,-0.300000,1.000000,1.100000,0.000000,0.000000,-1.571000,-0.299715,1.010098,0.872245,1.367823
12.254000,-0.000286,-0.010105,0.229100,-0.000603,-0.003423,0.671867,-0.000197,0.000982,1.570371,-0.300000,1.000000,1.100000,0.000000,0.000000,-1.571000,-0.299714,1.010105,0.870900,1.366970
12.256000,-0.000287,-0.010112,0.230446,-0.000606,-0.003396,0.672536,-0.000197,0.000978,1.570371,-0.300000,1.000000,1.100000,0.000000,0.000000,-1.571000,-0.299713,1.010112,0.869554,1.366118
12.258000,-0.000289,-0.010119,0.231793,-0.000610,-0.003369,0.673194,-0.000196,0.000973,1.570371,-0.300000,1.000000,1.100000,0.000000,0.000000,-1.571000,-0.299711,1.010119,0.868207,1.365265
12.260000,-0.000290,-0.010125,0.233142,-0.000613,-0.003342,0.673842,-0.000196,0.000968,1.570371,-0.300000,1.000000,1.100000,0.000000,0.000000,-1.571000,-0.299710,1.010125,0.866858,1.364413
12.262000,-0.000291,-0.010132,0.234492,-0.000616,-0.003315,0.674480,-0.000196,0.000963,1.570371,-0.300000,1.000000,1.100000,0.000000,0.000000,-1.571000,-0.299709,1.010132,0.865508,1.363560
12.264000,-0.000292,-0.010139,0.235843,-0.000619,-0.003288,0.675107,-0.000196,0.000957,1.570371,-0.300000,1.000000,1.100000,0.000000,0.000000,-1.571000,-0.299708,1.010139,0.864157,1.362707
12.266000,-0.000294,-0.010145,0.237196,-0.000622,-0.003261,0.675725,-0.000196,0.000951,1.570371,-0.300000,1.000000,1.100000,0.000000,0.000000,-1.571000,-0.299706,1.010145,0.862804,1.361855
12.268000,-0.000295,-0.010152,0.238550,-0.000625,-0.003235,0.676331,-0.000196,0.000944,1.570372,-0.300000,1.000000,1.100000,0.000000,0.000000,-1.571000,-0.299705,1.010152,0.861450,1.361002
12.270000,-0.000296,-0.010158,0.239904,-0.000628,-0.003209,0.676928,-0.000197,0.000937,1.570372,-0.300000,1.000000,1.100000,0.000000,0.000000,-1.571000,-0.299704,1.010158,0.860096,1.360149
12.272000,-0.000297,-0.010165,0.241261,-0.000631,-0.003183,0.677515,-0.000197,0.000930,1.570372,-0.300000,1.000000,1.100000,0.000000,0.000000,-1.571000,-0.299703,1.010165,0.858739,1.359297
12.274000,-0.000299,-0.010171,0.242618,-0.000634,-0.003157,0.678092,-0.000197,0.000923,1.570372,-0.300000,1.000000,1.100000,0.000000,0.000000,-1.571000,-0.299701,1.010171,0.857382,1.358444
12.276000,-0.000300,-0.010177,0.243976,-0.000637,-0.003131,0.678658,-0.000198,0.000916,1.570372,-0.300000,1.000000,1.100000,0.000000,0.000000,-1.571000,-0.299700,1.010177,0.856024,1.357592
12.278000,-0.000301,-0.010183,0.245336,-0.000640,-0.003106,0.679215,-0.000199,0.000908,1.570372,-0.300000,1.000000,1.100000,0.000000,0.000000,-1.571000,-0.299699,1.010183,0.854664,1.356739
12.280000,-0.000302,-0.010190,0.246696,-0.000643,-0.003081,0.679763,-0.000199,0.000900,1.570372,-0.300000,1.000000,1.100000,0.000000,0.000000,-1.571000,-0.299698,1.010190,0.853304,1.355887
12.282000,-0.000304,-0.010196,0.248058,-0.000646,-0.003056,0.680303,-0.000200,0.000892,1.570372,-0.300000,1.000000,1.100000,0.000000,0.000000,-1.571000,-0.299696,1.010196,0.851942,1.355034
12.284000,-0.000305,-0.010202,0.249421,-0.000649,-0.003031,0.680832,-0.000201,0.000884,1.570372,-0.300000,1.000000,1.100000,0.000000,0.000000,-1.571000,-0.299695,1.010202,0.850579,1.354182
12.286000,-0.000306,-0.010208,0.250785,-0.000652,-0.003007,0.681353,-0.000202,0.000876,1.570372,-0.300000,1.000000,1.100000,0.000000,0.000000,-1.571000,-0.299694,1.010208,0.849215,1.353330
12.288000,-0.000308,-0.010214,0.252149,-0.000655,-0.002983,0.681865,-0.000202,0.000868,1.570372,-0.300000,1.000000,1.100000,0.000000,0.000000,-1.571000,-0.299692,1.010214,0.847851,1.352478
12.290000,-0.000309,-0.010220,0.253515,-0.000659,-0.002959,0.682366,-0.000203,0.000860,1.570372,-0.300000,1.000000,1.100000,0.000000,0.000000,-1.571000,-0.299691,1.010220,0.846485,1.351627
12.292000,-0.000310,-0.010226,0.254882,-0.000662,-0.002935,0.682859,-0.000204,0.000852,1.570372,-0.300000,1.000000,1.100000,0.000000,0.000000,-1.571000,-0.299690,1.010226,0.845118,1.350775
12.294000,-0.000312,-0.010231,0.256250,-0.000665,-0.002911,0.683344,-0.000205,0.000844,1.570372,-0.300000,1.000000,1.100000,0.000000,0.000000,-1.571000,-0.299688,1.010231,0.843750,1.349924
12.296000,-0.000313,-0.010237,0.257619,-0.000668,-0.002888,0.683820,-0.000206,0.000835,1.570372,-0.300000,1.000000,1.100000,0.000000,0.000000,-1.571000,-0.299687,1.010237,0.842381,1.349073
12.298000,-0.000314,-0.010243,0.258988,-0.000671,-0.002865,0.684287,-0.000207,0.000827,1.570373,-0.300000,1.000000,1.100000,0.000000,0.000000,-1.571000,-0.299686,1.010243,0.841012,1.348222
12.300000,-0.000316,-0.010249,0.260359,-0.000674,-0.002842,0.684746,-0.000208,0.000819,1.570373,-0.300000,1.000000,1.100000,0.000000,0.000000,-1.571000,-0.299684,1.010249,0.839641,1.347372
12.302000,-0.000317,-0.010254,0.261731,-0.000677,-0.002819,0.685197,-0.000209,0.000811,1.570373,-0.300000,1.000000,1.100000,0.000000,0.000000,-1.571000,-0.299683,1.010254,0.838269,1.346521
12.304000,-0.000318,-0.010260,0.263103,-0.000681,-0.002797,0.685638,-0.000210,0.000802,1.570373,-0.300000,1.000000,1.100000,0.000000,0.000000,-1.571000,-0.299682,1.010260,0.836897,1.345671
12.306000,-0.000320,-0.010266,0.264476,-0.000684,-0.002775,0.686071,-0.000211,0.000794,1.570373,-0.300000,1.000000,1.100000,0.000000,0.000000,-1.571000,-0.299680,1.010266,0.835524,1.344821
12.308000,-0.000321,-0.010271,0.265850,-0.000687,-0.002753,0.686496,-0.000212,0.000786,1.570373,-0.300000,1.000000,1.100000,0.000000,0.000000,-1.571000,-0.299679,1.010271,0.834150,1.343972
12.310000,-0.000322,-0.010277,0.267225,-0.000690,-0.002731,0.686914,-0.000213,0.000778,1.570373,-0.300000,1.000000,1.100000,0.000000,0.000000,-1.571000,-0.299678,1.010277,0.832775,1.343123
12.312000,-0.000324,-0.010282,0.268601,-0.000693,-0.002709,0.687323,-0.000214,0.000770,1.570373,-0.300000,1.000000,1.100000,0.000000,0.000000,-1.571000,-0.299676,1.010282,0.831399,1.342274
12.314000,-0.000325,-0.010287,0.269978,-0.000697,-0.002688,0.687724,-0.000215,0.000762,1.570373,-0.300000,1.000000,1.100000,0.000000,0.000000,-1.571000,-0.299675,1.010287,0.830022,1.341425
12.316000,-0.000327,-0.010293,0.271355,-0.000700,-0.002667,0.688119,-0.000216,0.000754,1.570373,-0.300000,1.000000,1.100000,0.000000,0.000000,-1.571000,-0.299673,1.010293,0.828645,1.340577
12.318000,-0.000328,-0.010298,0.272734,-0.000703,-0.002646,0.688506,-0.000217,0.000746,1.570373,-0.300000,1.000000,1.100000,0.000000,0.000000,-1.571000,-0.299672,1.010298,0.827266,1.339730
12.320000,-0.000329,-0.010303,0.274112,-0.000707,-0.002625,0.688885,-0.000219,0.000738,1.570373,-0.300000,1.000000,1.100000,0.000000,0.000000,-1.571000,-0.299671,1.010303,0.825888,1.338882
12.322000,-0.000331,-0.010309,0.275492,-0.000710,-0.002605,0.689257,-0.000220,0.000730,1.570373,-0.300000,1.000000,1.100000,0.000000,0.000000,-1.571000,-0.299669,1.010309,0.824508,1.338035
12.324000,-0.000332,-0.010314,0.276873,-0.000713,-0.002584,0.689622,-0.000221,0.000722,1.570373,-0.300000,1.000000,1.100000,0.000000,0.000000,-1.571000,-0.299668,1.010314,0.823127,1.337189
12.326000,-0.000334,-0.010319,0.278254,-0.000717,-0.002564,0.689980,-0.000222,0.000715,1.570373,-0.300000,1.000000,1.100000,0.000000,0.000000,-1.571000,-0.299666,1.010319,0.821746,1.336342
12.328000,-0.000335,-0.010324,0.279636,-0.000720,-0.002544,0.690329,-0.000223,0.000707,1.570373,-0.300000,1.000000,1.100000,0.000000,0.000000,-1.571000,-0.299665,1.010324,0.820364,1.335497
12.330000,-0.000337,-0.010329,0.281018,-0.000723,-0.002525,0.690671,-0.000224,0.000699,1.570374,-0.300000,1.000000,1.100000,0.000000,0.000000,-1.571000,-0.299663,1.010329,0.818982,1.334651
12.332000,-0.000338,-0.010334,0.282401,-0.000727,-0.002505,0.691007,-0.000225,0.000692,1.570374,-0.300000,1.000000,1.100000,0.000000,0.000000,-1.571000,-0.299662,1.010334,0.817599,1.333806
12.334000,-0.000340,-0.010339,0.283785,-0.000730,-0.002486,0.691336,-0.000227,0.000684,1.570374,-0.300000,1.000000,1.100000,0.000000,0.000000,-1.571000,-0.299660,1.010339,0.816215,1.332962
12.336000,-0.000341,-0.010344,0.285170,-0.000734,-0.002467,0.691656,-0.000228,0.000677,1.570374,-0.300000,1.000000,1.100000,0.000000,0.000000,-1.571000,-0.299659,1.010344,0.814830,1.332118
12.338000,-0.000342,-0.010349,0.286555,-0.000737,-0.002448,0.691971,-0.000229,0.000670,1.570374,-0.300000,1.000000,1.100000,0.000000,0.000000,-1.571000,-0.299658,1.010349,0.813445,1.331275
12.340000,-0.000344,-0.010354,0.287941,-0.000741,-0.002429,0.692279,-0.000230,0.000662,1.570374,-0.300000,1.000000,1.100000,0.000000,0.000000,-1.571000,-0.299656,1.010354,0.812059,1.330432
12.342000,-0.000345,-0.010359,0.289327,-0.000744,-0.002411,0.692580,-0.000231,0.000655,1.570374,-0.300000,1.000000,1.100000,0.000000,0.000000,-1.571000,-0.299655,1.010359,0.810673,1.329589
12.344000,-0.000347,-0.010363,0.290714,-0.000748,-0.002393,0.692873,-0.000232,0.000648,1.570374,-0.300000,1.000000,1.100000,0.000000,0.000000,-1.571000,-0.299653,1.010363,0.809286,1.328747
12.346000,-0.000348,-0.010368,0.292102,-0.000751,-0.002375,0.693159,-0.000234,0.000641,1.570374,-0.300000,1.000000,1.100000,0.000000,0.000000,-1.571000,-0.299652,1.010368,0.807898,1.327906
12.348000,-0.000350,-0.010373,0.293490,-0.000755,-0.002357,0.693439,-0.000235,0.000634,1.570374,-0.300000,1.000000,1.100000,0.000000,0.000000,-1.571000,-0.299650,1.010373,0.806510,1.327065
12.350000,-0.000351,-0.010378,0.294879,-0.000758,-0.002339,0.693714,-0.000236,0.000627,1.570374,-0.300000,1.000000,1.100000,0.000000,0.000000,-1.571000,-0.299649,1.010378,0.805121,1.326225
12.352000,-0.000353,-0.010382,0.296268,-0.000762,-0.002321,0.693982,-0.000237,0.000620,1.570374,-0.300000,1.000000,1.100000,0.000000,0.000000,-1.571000,-0.299647,1.010382,0.803732,1.325385
12.354000,-0.000354,-0.010387,0.297658,-0.000765,-0.002304,0.694244,-0.000238,0.000613,1.570374,-0.300000,1.000000,1.100000,0.000000,0.000000,-1.571000,-0.299646,1.010387,0.802342,1.324546
12.356000,-0.000356,-0.010391,0.299048,-0.000769,-0.002287,0.694500,-0.000239,0.000607,1.570374,-0.300000,1.000000,1.100000,0.000000,0.000000,-1.571000,-0.299644,1.010391,0.800952,1.323708
12.358000,-0.000358,-0.010396,0.300439,-0.000773,-0.002270,0.694750,-0.000241,0.000600,1.570374,-0.300000,1.000000,1.100000,0.000000,0.000000,-1.571000,-0.299642,1.010396,0.799561,1.322870
12.360000,-0.000359,-0.010401,0.301830,-0.000776,-0.002253,0.694993,-0.000242,0.000594,1.570374,-0.300000,1.000000,1.100000,0.000000,0.000000,-1.571000,-0.299641,1.010401,0.798170,1.322032
12.362000,-0.000361,-0.010405,0.303222,-0.000780,-0.002236,0.695230,-0.000243,0.000587,1.570375,-0.300000,1.000000,1.100000,0.000000,0.000000,-1.571000,-0.299639,1.010405,0.796778,1.321196
12.364000,-0.000362,-0.010409,0.304614,-0.000784,-0.002220,0.695459,-0.000244,0.000581,1.570375,-0.300000,1.000000,1.100000,0.000000,0.000000,-1.571000,-0.299638,1.010409,0.795386,1.320360
12.366000,-0.000364,-0.010414,0.306006,-0.000787,-0.002203,0.695683,-0.000245,0.000575,1.570375,-0.300000,1.000000,1.100000,0.000000,0.000000,-1.571000,-0.299636,1.010414,0.793994,1.319524
12.368000,-0.000365,-0.010418,0.307400,-0.000791,-0.002187,0.695902,-0.000247,0.000569,1.570374,-0.300000,1.000000,1.100000,0.000000,0.000000,-1.571000,-0.299635,1.010418,0.792600,1.318689
12.370000,-0.000367,-0.010423,0.308793,-0.000795,-0.002171,0.696116,-0.000248,0.000563,1.570374,-0.300000,1.000000,1.100000,0.000000,0.000000,-1.571000,-0.299633,1.010423,0.791207,1.317855
12.372000,-0.000369,-0.010427,0.310187,-0.000799,-0.002155,0.696322,-0.000249,0.000557,1.570374,-0.300000,1.000000,1.100000,0.000000,0.000000,-1.571000,-0.299631,1.010427,0.789813,1.317022
12.374000,-0.000370,-0.010431,0.311581,-0.000802,-0.002140,0.696524,-0.000250,0.000551,1.570374,-0.300000,1.000000,1.100000,0.000000,0.000000,-1.571000,-0.299630,1.010431,0.788419,1.316189
12.376000,-0.000372,-0.010435,0.312976,-0.000806,-0.002124,0.696720,-0.000251,0.000545,1.570374,-0.300000,1.000000,1.100000,0.000000,0.000000,-1.571000,-0.299628,1.010435,0.787024,1.315357
12.378000,-0.000373,-0.010440,0.314371,-0.000810,-0.002109,0.696911,-0.000252,0.000540,1.570374,-0.300000,1.000000,1.100000,0.000000,0.000000,-1.571000,-0.299627,1.010440,0.785629,1.314525
12.380000,-0.000375,-0.010444,0.315767,-0.000814,-0.002094,0.697097,-0.000254,0.000534,1.570374,-0.300000,1.000000,1.100000,0.000000,0.000000,-1.571000,-0.299625,1.010444,0.784233,1.313695
12.382000,-0.000377,-0.010448,0.317163,-0.000818,-0.002078,0.697277,-0.000255,0.000529,1.570374,-0.300000,1.000000,1.100000,0.000000,0.000000,-1.571000,-0.299623,1.010448,0.782837,1.312865
12.384000,-0.000378,-0.010452,0.318559,-0.000821,-0.002064,0.697452,-0.000256,0.000523,1.570374,-0.300000,1.000000,1.100000,0.000000,0.000000,-1.571000,-0.299622,1.010452,0.781441,1.312036
12.386000,-0.000380,-0.010456,0.319955,-0.000825,-0.002049,0.697621,-0.000257,0.000518,1.570373,-0.300000,1.000000,1.100000,0.000000,0.000000,-1.571000,-0.299620,1.010456,0.780045,1.311207
12.388000,-0.000382,-0.010460,0.321352,-0.000829,-0.002034,0.697787,-0.000258,0.000513,1.570373,-0.300000,1.000000,1.100000,0.000000,0.000000,-1.571000,-0.299618,1.010460,0.778648,1.310379
12.390000,-0.000383,-0.010464,0.322749,-0.000833,-0.002019,0.697947,-0.000260,0.000508,1.570373,-0.300000,1.000000,1.100000,0.000000,0.000000,-1.571000,-0.299617,1.010464,0.777251,1.309552
12.392000,-0.000385,-0.010468,0.324147,-0.000837,-0.002005,0.698102,-0.000261,0.000504,1.570373,-0.300000,1.000000,1.100000,0.000000,0.000000,-1.571000,-0.299615,1.010468,0.775853,1.308726
12.394000,-0.000387,-0.010472,0.325545,-0.000841,-0.001991,0.698251,-0.000262,0.000499,1.570373,-0.300000,1.000000,1.100000,0.000000,0.000000,-1.571000,-0.299613,1.010472,0.774455,1.307900
12.396000,-0.000388,-0.010476,0.326943,-0.000845,-0.001977,0.698396,-0.000263,0.000494,1.570373,-0.300000,1.000000,1.100000,0.000000,0.000000,-1.571000,-0.299612,1.010476,0.773057,1.307076
12.398000,-0.000390,-0.010480,0.328341,-0.000849,-0.001963,0.698536,-0.000264,0.000490,1.570372,-0.300000,1.000000,1.100000,0.000000,0.000000,-1.571000,-0.299610,1.010480,0.771659,1.306252
12.400000,-0.000392,-0.010484,0.329740,-0.000853,-0.001949,0.698671,-0.000266,0.000486,1.570372,-0.300000,1.000000,1.100000,0.000000,0.000000,-1.571000,-0.299608,1.010484,0.770260,1.305429
12.402000,-0.000393,-0.010488,0.331139,-0.000857,-0.001935,0.698801,-0.000267,0.000482,1.570372,-0.300000,1.000000,1.100000,0.000000,0.000000,-1.571000,-0.299607,1.010488,0.768861,1.304606
12.404000,-0.000395,-0.010492,0.332538,-0.000861,-0.001921,0.698926,-0.000268,0.000477,1.570372,-0.300000,1.000000,1.100000,0.000000,0.000000,-1.571000,-0.299605,1.010492,0.767462,1.303785
12.406000,-0.000397,-0.010496,0.333937,-0.000865,-0.001908,0.699046,-0.000269,0.000473,1.570372,-0.300000,1.000000,1.100000,0.000000,0.000000,-1.571000,-0.299603,1.010496,0.766063,1.302964
12.408000,-0.000399,-0.010500,0.335337,-0.000869,-0.001894,0.699163,-0.000270,0.000469,1.570372,-0.300000,1.000000,1.100000,0.000000,0.000000,-1.571000,-0.299601,1.010500,0.764663,1.302144
12.410000,-0.000400,-0.010503,0.336737,-0.000873,-0.001881,0.699276,-0.000271,0.000466,1.570372,-0.300000,1.000000,1.100000,0.000000,0.000000,-1.571000,-0.299600,1.010503,0.763263,1.301325
12.412000,-0.000402,-0.010507,0.338137,-0.000877,-0.001868,0.699385,-0.000273,0.000462,1.570372,-0.300000,1.000000,1.100000,0.000000,0.000000,-1.571000,-0.299598,1.010507,0.761863,1.300507
12.414000,-0.000404,-0.010511,0.339538,-0.000881,-0.001855,0.699489,-0.000274,0.000459,1.570371,-0.300000,1.000000,1.100000,0.000000,0.000000,-1.571000,-0.299596,1.010511,0.760462,1.299690
12.416000,-0.000406,-0.010515,0.340938,-0.000885,-0.001841,0.699588,-0.000275,0.000455,1.570371,-0.300000,1.000000,1.100000,0.000000,0.000000,-1.571000,-0.299594,1.010515,0.759062,1.298873
12.418000,-0.000407,-0.010518,0.342339,-0.000889,-0.001829,0.699683,-0.000276,0.000452,1.570371,-0.300000,1.000000,1.100000,0.000000,0.000000,-1.571000,-0.299593,1.010518,0.757661,1.298058
12.420000,-0.000409,-0.010522,0.343740,-0.000893,-0.001816,0.699774,-0.000277,0.000449,1.570371,-0.300000,1.000000,1.100000,0.000000,0.000000,-1.571000,-0.299591,1.010522,0.756260,1.297243
12.422000,-0.000411,-0.010525,0.345141,-0.000898,-0.001803,0.699860,-0.000278,0.000446,1.570371,-0.300000,1.000000,1.100000,0.000000,0.000000,-1.571000,-0.299589,1.010525,0.754859,1.296429
12.424000,-0.000413,-0.010529,0.346542,-0.000902,-0.001790,0.699941,-0.000279,0.000443,1.570371,-0.300000,1.000000,1.100000,0.000000,0.000000,-1.571000,-0.299587,1.010529,0.753458,1.295616
12.426000,-0.000415,-0.010533,0.347943,-0.000906,-0.001778,0.700017,-0.000280,0.000440,1.570371,-0.300000,1.000000,1.100000,0.000000,0.000000,-1.571000,-0.299585,1.010533,0.752057,1.294804
12.428000,-0.000416,-0.010536,0.349345,-0.000910,-0.001765,0.700089,-0.000281,0.000437,1.570371,-0.300000,1.000000,1.100000,0.000000,0.000000,-1.571000,-0.299584,1.010536,0.750655,1.293993
12.430000,-0.000418,-0.010540,0.350747,-0.000914,-0.001753,0.700158,-0.000282,0.000435,1.570371,-0.300000,1.000000,1.100000,0.000000,0.000000,-1.571000,-0.299582,1.010540,0.749253,1.293182
12.432000,-0.000420,-0.010543,0.352148,-0.000919,-0.001740,0.700224,-0.000283,0.000432,1.570371,-0.300000,1.000000,1.100000,0.000000,0.000000,-1.571000,-0.299580,1.010543,0.747852,1.292373
12.434000,-0.000422,-0.010547,0.353550,-0.000923,-0.001728,0.700287,-0.000283,0.000429,1.570371,-0.300000,1.000000,1.100000,0.000000,0.000000,-1.571000,-0.299578,1.010547,0.746450,1.291564
12.436000,-0.000424,-0.010550,0.354952,-0.000927,-0.001716,0.700347,-0.000284,0.000427,1.570371,-0.300000,1.000000,1.100000,0.000000,0.000000,-1.571000,-0.299576,1.010550,0.745048,1.290757
12.438000,-0.000426,-0.010554,0.356355,-0.000931,-0.001704,0.700402,-0.000284,0.000424,1.570371,-0.300000,1.000000,1.100000,0.000000,0.000000,-1.571000,-0.299574,1.010554,0.743645,1.289950
12.440000,-0.000428,-0.010557,0.357757,-0.000935,-0.001692,0.700453,-0.000284,0.000421,1.570371,-0.300000,1.000000,1.100000,0.000000,0.000000,-1.571000,-0.299572,1.010557,0.742243,1.289145
12.442000,-0.000429,-0.010560,0.359159,-0.000940,-0.001680,0.700501,-0.000284,0.000419,1.570371,-0.300000,1.000000,1.100000,0.000000,0.000000,-1.571000,-0.299571,1.010560,0.740841,1.288340
12.444000,-0.000431,-0.010564,0.360562,-0.000944,-0.001668,0.700546,-0.000284,0.000416,1.570371,-0.300000,1.000000,1.100000,0.000000,0.000000,-1.571000,-0.299569,1.010564,0.739438,1.287536
12.446000,-0.000433,-0.010567,0.361964,-0.000948,-0.001656,0.700588,-0.000284,0.000413,1.570371,-0.300000,1.000000,1.100000,0.000000,0.000000,-1.571000,-0.299567,1.010567,0.738036,1.286733
12.448000,-0.000435,-0.010570,0.363367,-0.000952,-0.001645,0.700627,-0.000284,0.000411,1.570370,-0.300000,1.000000,1.100000,0.000000,0.000000,-1.571000,-0.299565,1.010570,0.736633,1.285931
12.450000,-0.000437,-0.010574,0.364770,-0.000956,-0.001633,0.700660,-0.000284,0.000408,1.570370,-0.300000,1.000000,1.100000,0.000000,0.000000,-1.571000,-0.299563,1.010574,0.735230,1.285131
12.452000,-0.000439,-0.010577,0.366172,-0.000961,-0.001621,0.700690,-0.000284,0.000405,1.570370,-0.300000,1.000000,1.100000,0.000000,0.000000,-1.571000,-0.299561,1.010577,0.733828,1.284331
12.454000,-0.000441,-0.010580,0.367575,-0.000965,-0.001610,0.700716,-0.000283,0.000402,1.570370,-0.300000,1.000000,1.100000,0.000000,0.000000,-1.571000,-0.299559,1.010580,0.732425,1.283532
12.456000,-0.000443,-0.010583,0.368978,-0.000969,-0.001599,0.700739,-0.000283,0.000399,1.570370,-0.300000,1.000000,1.100000,0.000000,0.000000,-1.571000,-0.299557,1.010583,0.731022,1.282734
12.458000,-0.000445,-0.010586,0.370381,-0.000973,-0.001587,0.700759,-0.000283,0.000397,1.570370,-0.300000,1.000000,1.100000,0.000000,0.000000,-1.571000,-0.299555,1.010586,0.729619,1.281937
12.460000,-0.000447,-0.010590,0.371784,-0.000977,-0.001576,0.700778,-0.000282,0.000394,1.570370,-0.300000,1.000000,1.100000,0.000000,0.000000,-1.571000,-0.299553,1.010590,0.728216,1.281141
12.462000,-0.000449,-0.010593,0.373187,-0.000981,-0.001565,0.700793,-0.000282,0.000391,1.570370,-0.300000,1.000000,1.100000,0.000000,0.000000,-1.571000,-0.299551,1.010593,0.726813,1.280346
12.464000,-0.000451,-0.010596,0.374590,-0.000985,-0.001554,0.700804,-0.000281,0.000388,1.570370,-0.300000,1.000000,1.100000,0.000000,0.000000,-1.571000,-0.299549,1.010596,0.725410,1.279552
12.466000,-0.000453,-0.010599,0.375993,-0.000989,-0.001543,0.700812,-0.000280,0.000385,1.570370,-0.300000,1.000000,1.100000,0.000000,0.000000,-1.571000,-0.299547,1.010599,0.724007,1.278759
12.468000,-0.000455,-0.010602,0.377396,-0.000993,-0.001532,0.700816,-0.000280,0.000381,1.570370,-0.300000,1.000000,1.100000,0.000000,0.000000,-1.571000,-0.299545,1.010602,0.722604,1.277967
12.470000,-0.000457,-0.010605,0.378799,-0.000997,-0.001521,0.700818,-0.000279,0.000378,1.570370,-0.300000,1.000000,1.100000,0.000000,0.000000,-1.571000,-0.299543,1.010605,0.721201,1.277176
12.472000,-0.000459,-0.010608,0.380202,-0.001001,-0.001511,0.700817,-0.000278,0.000375,1.570370,-0.300000,1.000000,1.100000,0.000000,0.000000,-1.571000,-0.299541,1.010608,0.719798,1.276387
12.474000,-0.000461,-0.010611,0.381605,-0.001005,-0.001500,0.700815,-0.000278,0.000372,1.570370,-0.300000,1.000000,1.100000,0.000000,0.000000,-1.571000,-0.299539,1.010611,0.718395,1.275598
12.476000,-0.000463,-0.010614,0.383008,-0.001009,-0.001489,0.700810,-0.000277,0.000368,1.570370,-0.300000,1.000000,1.100000,0.000000,0.000000,-1.571000,-0.299537,1.010614,0.716992,1.274810
12.478000,-0.000465,-0.010617,0.384411,-0.001013,-0.001479,0.700800,-0.000276,0.000365,1.570370,-0.300000,1.000000,1.100000,0.000000,0.000000,-1.571000,-0.299535,1.010617,0.715589,1.274023
12.480000,-0.000467,-0.010620,0.385814,-0.001017,-0.001469,0.700788,-0.000275,0.000361,1.570370,-0.300000,1.000000,1.100000,0.000000,0.000000,-1.571000,-0.299533,1.010620,0.714186,1.273238
12.482000,-0.000469,-0.010623,0.387217,-0.001021,-0.001458,0.700772,-0.000275,0.000358,1.570370,-0.300000,1.000000,1.100000,0.000000,0.000000,-1.571000,-0.299531,1.010623,0.712783,1.272453
12.484000,-0.000471,-0.010626,0.388620,-0.001025,-0.001448,0.700754,-0.000274,0.000354,1.570370,-0.300000,1.000000,1.100000,0.000000,0.000000,-1.571000,-0.299529,1.010626,0.711380,1.271670
12.486000,-0.000473,-0.010629,0.390023,-0.001028,-0.001438,0.700735,-0.000273,0.000351,1.570370,-0.300000,1.000000,1.100000,0.000000,0.000000,-1.571000,-0.299527,1.010629,0.709977,1.270887
12.488000,-0.000475,-0.010632,0.391426,-0.001032,-0.001428,0.700713,-0.000272,0.000347,1.570370,-0.300000,1.000000,1.100000,0.000000,0.000000,-1.571000,-0.299525,1.010632,0.708574,1.270106
12.490000,-0.000477,-0.010634,0.392829,-0.001036,-0.001418,0.700689,-0.000271,0.000343,1.570370,-0.300000,1.000000,1.100000,0.000000,0.000000,-1.571000,-0.299523,1.010634,0.707171,1.269326
12.492000,-0.000479,-0.010637,0.394231,-0.001040,-0.001409,0.700661,-0.000270,0.000339,1.570370,-0.300000,1.000000,1.100000,0.000000,0.000000,-1.571000,-0.299521,1.010637,0.705769,1.268546
12.494000,-0.000481,-0.010640,0.395634,-0.001043,-0.001399,0.700630,-0.000270,0.000335,1.570370,-0.300000,1.000000,1.100000,0.000000,0.000000,-1.571000,-0.299519,1.010640,0.704366,1.267768
12.496000,-0.000483,-0.010643,0.397037,-0.001047,-0.001389,0.700597,-0.000269,0.000331,1.570370,-0.300000,1.000000,1.100000,0.000000,0.000000,-1.571000,-0.299517,1.010643,0.702963,1.266991
12.498000,-0.000485,-0.010646,0.398439,-0.001051,-0.001380,0.700561,-0.000268,0.000327,1.570370,-0.300000,1.000000,1.100000,0.000000,0.000000,-1.571000,-0.299515,1.010646,0.701561,1.266215
12.500000,-0.000487,-0.010648,0.399842,-0.001054,-0.001371,0.700524,-0.000267,0.000323,1.570369,-0.300000,1.000000,1.100000,0.000000,0.000000,-1.571000,-0.299513,1.010648,0.700158,1.265440
12.502000,-0.000490,-0.010651,0.401244,-0.001058,-0.001361,0.700484,-0.000266,0.000319,1.570369,-0.300000,1.000000,1.100000,0.000000,0.000000,-1.571000,-0.299510,1.010651,0.698756,1.264667
12.504000,-0.000492,-0.010654,0.402646,-0.001061,-0.001352,0.700444,-0.000265,0.000315,1.570369,-0.300000,1.000000,1.100000,0.000000,0.000000,-1.571000,-0.299508,1.010654,0.697354,1.263894
12.506000,-0.000494,-0.010656,0.404049,-0.001065,-0.001343,0.700401,-0.000264,0.000310,1.570369,-0.300000,1.000000,1.100000,0.000000,0.000000,-1.571000,-0.299506,1.010656,0.695951,1.263123
12.508000,-0.000496,-0.010659,0.405451,-0.001068,-0.001334,0.700354,-0.000263,0.000306,1.570369,-0.300000,1.000000,1.100000,0.000000,0.000000,-1.571000,-0.299504,1.010659,0.694549,1.262352
12.510000,-0.000498,-0.010662,0.406853,-0.001072,-0.001325,0.700304,-0.000263,0.000302,1.570369,-0.300000,1.000000,1.100000,0.000000,0.000000,-1.571000,-0.299502,1.010662,0.693147,1.261583
12.512000,-0.000500,-0.010664,0.408255,-0.001075,-0.001317,0.700252,-0.000262,0.000298,1.570369,-0.300000,1.000000,1.100000,0.000000,0.000000,-1.571000,-0.299500,1.010664,0.691745,1.260815
12.514000,-0.000502,-0.010667,0.409656,-0.001079,-0.001308,0.700198,-0.000261,0.000294,1.570369,-0.300000,1.000000,1.100000,0.000000,0.000000,-1.571000,-0.299498,1.010667,0.690344,1.260048
12.516000,-0.000505,-0.010670,0.411058,-0.001082,-0.001300,0.700142,-0.000260,0.000290,1.570369,-0.300000,1.000000,1.100000,0.000000,0.000000,-1.571000,-0.299495,1.010670,0.688942,1.259282
12.518000,-0.000507,-0.010672,0.412460,-0.001086,-0.001291,0.700084,-0.000259,0.000286,1.570369,-0.300000,1.000000,1.100000,0.000000,0.000000,-1.571000,-0.299493,1.010672,0.687540,1.258517
12.520000,-0.000509,-0.010675,0.413861,-0.001089,-0.001283,0.700025,-0.000258,0.000281,1.570369,-0.300000,1.000000,1.100000,0.000000,0.000000,-1.571000,-0.299491,1.010675,0.686139,1.257754
12.522000,-0.000511,-0.010677,0.415263,-0.001092,-0.001275,0.699965,-0.000257,0.000277,1.570369,-0.300000,1.000000,1.100000,0.000000,0.000000,-1.571000,-0.299489,1.010677,0.684737,1.256992
12.524000,-0.000513,-0.010680,0.416664,-0.001096,-0.001266,0.699903,-0.000256,0.000273,1.570369,-0.300000,1.000000,1.100000,0.000000,0.000000,-1.571000,-0.299487,1.010680,0.683336,1.256230
12.526000,-0.000516,-0.010682,0.418065,-0.001099,-0.001258,0.699838,-0.000255,0.000269,1.570369,-0.300000,1.000000,1.100000,0.000000,0.000000,-1.571000,-0.299484,1.010682,0.681935,1.255470
12.528000,-0.000518,-0.010685,0.419466,-0.001102,-0.001251,0.699770,-0.000254,0.000265,1.570369,-0.300000,1.000000,1.100000,0.000000,0.000000,-1.571000,-0.299482,1.010685,0.680534,1.254711
12.530000,-0.000520,-0.010687,0.420867,-0.001106,-0.001243,0.699700,-0.000253,0.000261,1.570369,-0.300000,1.000000,1.100000,0.000000,0.000000,-1.571000,-0.299480,1.010687,0.679133,1.253953
12.532000,-0.000522,-0.010690,0.422267,-0.001109,-0.001235,0.699628,-0.000252,0.000257,1.570369,-0.300000,1.000000,1.100000,0.000000,0.000000,-1.571000,-0.299478,1.010690,0.677733,1.253197
12.534000,-0.000524,-0.010692,0.423668,-0.001112,-0.001227,0.699555,-0.000251,0.000254,1.570369,-0.300000,1.000000,1.100000,0.000000,0.000000,-1.571000,-0.299476,1.010692,0.676332,1.252441
12.536000,-0.000527,-0.010695,0.425068,-0.001115,-0.001220,0.699480,-0.000250,0.000250,1.570369,-0.300000,1.000000,1.100000,0.000000,0.000000,-1.571000,-0.299473,1.010695,0.674932,1.251687
12.538000,-0.000529,-0.010697,0.426469,-0.001118,-0.001212,0.699405,-0.000249,0.000246,1.570369,-0.300000,1.000000,1.100000,0.000000,0.000000,-1.571000,-0.299471,1.010697,0.673531,1.250934
12.540000,-0.000531,-0.010700,0.427869,-0.001121,-0.001205,0.699329,-0.000247,0.000243,1.570369,-0.300000,1.000000,1.100000,0.000000,0.000000,-1.571000,-0.299469,1.010700,0.672131,1.250182
12.542000,-0.000533,-0.010702,0.429269,-0.001124,-0.001198,0.699251,-0.000246,0.000239,1.570369,-0.300000,1.000000,1.100000,0.000000,0.000000,-1.571000,-0.299467,1.010702,0.670731,1.249432
12.544000,-0.000536,-0.010704,0.430668,-0.001127,-0.001191,0.699170,-0.000244,0.000236,1.570369,-0.300000,1.000000,1.100000,0.000000,0.000000,-1.571000,-0.299464,1.010704,0.669332,1.248682
12.546000,-0.000538,-0.010707,0.432068,-0.001130,-0.001184,0.699086,-0.000243,0.000233,1.570369,-0.300000,1.000000,1.100000,0.000000,0.000000,-1.571000,-0.299462,1.010707,0.667932,1.247934
12.548000,-0.000540,-0.010709,0.433468,-0.001133,-0.001177,0.699001,-0.000241,0.000229,1.570369,-0.300000,1.000000,1.100000,0.000000,0.000000,-1.571000,-0.299460,1.010709,0.666532,1.247187
12.550000,-0.000542,-0.010712,0.434867,-0.001136,-0.001170,0.698914,-0.000239,0.000226,1.570369,-0.300000,1.000000,1.100000,0.000000,0.000000,-1.571000,-0.299458,1.010712,0.665133,1.246441
12.552000,-0.000545,-0.010714,0.436266,-0.001139,-0.001163,0.698825,-0.000237,0.000224,1.570369,-0.300000,1.000000,1.100000,0.000000,0.000000,-1.571000,-0.299455,1.010714,0.663734,1.245696
12.554000,-0.000547,-0.010716,0.437665,-0.001142,-0.001156,0.698736,-0.000235,0.000221,1.570369,-0.300000,1.000000,1.100000,0.000000,0.000000,-1.571000,-0.299453,1.010716,0.662335,1.244953
12.556000,-0.000549,-0.010718,0.439064,-0.001145,-0.001149,0.698646,-0.000233,0.000218,1.570369,-0.300000,1.000000,1.100000,0.000000,0.000000,-1.571000,-0.299451,1.010718,0.660936,1.244210
12.558000,-0.000552,-0.010721,0.440462,-0.001147,-0.001143,0.698555,-0.000230,0.000216,1.570369,-0.300000,1.000000,1.100000,0.000000,0.000000,-1.571000,-0.299448,1.010721,0.659538,1.243469
12.560000,-0.000554,-0.010723,0.441860,-0.001150,-0.001136,0.698463,-0.000228,0.000213,1.570368,-0.300000,1.000000,1.100000,0.000000,0.000000,-1.571000,-0.299446,1.010723,0.658140,1.242730
12.562000,-0.000556,-0.010725,0.443259,-0.001152,-0.001129,0.698367,-0.000225,0.000211,1.570368,-0.300000,1.000000,1.100000,0.000000,0.000000,-1.571000,-0.299444,1.010725,0.656741,1.241991
12.564000,-0.000558,-0.010728,0.444657,-0.001155,-0.001123,0.698270,-0.000222,0.000209,1.570368,-0.300000,1.000000,1.100000,0.000000,0.000000,-1.571000,-0.299442,1.010728,0.655343,1.241254
12.566000,-0.000561,-0.010730,0.446054,-0.001157,-0.001117,0.698170,-0.000219,0.000207,1.570368,-0.300000,1.000000,1.100000,0.000000,0.000000,-1.571000,-0.299439,1.010730,0.653946,1.240517
12.568000,-0.000563,-0.010732,0.447452,-0.001160,-0.001110,0.698068,-0.000216,0.000206,1.570368,-0.300000,1.000000,1.100000,0.000000,0.000000,-1.571000,-0.299437,1.010732,0.652548,1.239782
12.570000,-0.000565,-0.010734,0.448849,-0.001162,-0.001104,0.697965,-0.000212,0.000204,1.570368,-0.300000,1.000000,1.100000,0.000000,0.000000,-1.571000,-0.299435,1.010734,0.651151,1.239049
12.572000,-0.000568,-0.010736,0.450247,-0.001164,-0.001098,0.697860,-0.000209,0.000203,1.570368,-0.300000,1.000000,1.100000,0.000000,0.000000,-1.571000,-0.299432,1.010736,0.649753,1.238316
12.574000,-0.000570,-0.010739,0.451643,-0.001167,-0.001091,0.697754,-0.000205,0.000201,1.570368,-0.300000,1.000000,1.100000,0.000000,0.000000,-1.571000,-0.299430,1.010739,0.648357,1.237585
12.576000,-0.000572,-0.010741,0.453040,-0.001169,-0.001085,0.697647,-0.000201,0.000200,1.570368,-0.300000,1.000000,1.100000,0.000000,0.000000,-1.571000,-0.299428,1.010741,0.646960,1.236855
12.578000,-0.000575,-0.010743,0.454437,-0.001171,-0.001079,0.697540,-0.000197,0.000199,1.570368,-0.300000,1.000000,1.100000,0.000000,0.000000,-1.571000,-0.299425,1.010743,0.645563,1.236126
12.580000,-0.000577,-0.010745,0.455833,-0.001173,-0.001073,0.697433,-0.000193,0.000198,1.570368,-0.300000,1.000000,1.100000,0.000000,0.000000,-1.571000,-0.299423,1.010745,0.644167,1.235399
12.582000,-0.000579,-0.010747,0.457229,-0.001174,-0.001067,0.697325,-0.000188,0.000197,1.570368,-0.300000,1.000000,1.100000,0.000000,0.000000,-1.571000,-0.299421,1.010747,0.642771,1.234673
12.584000,-0.000582,-0.010749,0.458625,-0.001176,-0.001061,0.697214,-0.000184,0.000196,1.570367,-0.300000,1.000000,1.100000,0.000000,0.000000,-1.571000,-0.299418,1.010749,0.641375,1.233948
12.586000,-0.000584,-0.010752,0.460021,-0.001178,-0.001055,0.697102,-0.000179,0.000196,1.570367,-0.300000,1.000000,1.100000,0.000000,0.000000,-1.571000,-0.299416,1.010752,0.639979,1.233224
12.588000,-0.000587,-0.010754,0.461416,-0.001179,-0.001049,0.696988,-0.000174,0.000195,1.570367,-0.300000,1.000000,1.100000,0.000000,0.000000,-1.571000,-0.299413,1.010754,0.638584,1.232502
12.590000,-0.000589,-0.010756,0.462811,-0.001181,-0.001043,0.696873,-0.000169,0.000195,1.570366,-0.300000,1.000000,1.100000,0.000000,0.000000,-1.571000,-0.299411,1.010756,0.637189,1.231781
12.592000,-0.000591,-0.010758,0.464206,-0.001182,-0.001037,0.696757,-0.000163,0.000194,1.570366,-0.300000,1.000000,1.100000,0.000000,0.000000,-1.571000,-0.299409,1.010758,0.635794,1.231061
12.594000,-0.000594,-0.010760,0.465601,-0.001183,-0.001031,0.696641,-0.000158,0.000194,1.570365,-0.300000,1.000000,1.100000,0.000000,0.000000,-1.571000,-0.299406,1.010760,0.634399,1.230342
12.596000,-0.000596,-0.010762,0.466996,-0.001184,-0.001025,0.696524,-0.000152,0.000194,1.570365,-0.300000,1.000000,1.100000,0.000000,0.000000,-1.571000,-0.299404,1.010762,0.633004,1.229625
12.598000,-0.000598,-0.010764,0.468390,-0.001185,-0.001019,0.696407,-0.000146,0.000194,1.570364,-0.300000,1.000000,1.100000,0.000000,0.000000,-1.571000,-0.299402,1.010764,0.631610,1.228909
12.600000,-0.000601,-0.010766,0.469784,-0.001186,-0.001013,0.696290,-0.000140,0.000194,1.570364,-0.300000,1.000000,1.100000,0.000000,0.000000,-1.571000,-0.299399,1.010766,0.630216,1.228194
12.602000,-0.000603,-0.010768,0.471178,-0.001186,-0.001007,0.696173,-0.000134,0.000194,1.570363,-0.300000,1.000000,1.100000,0.000000,0.000000,-1.571000,-0.299397,1.010768,0.628822,1.227480
12.604000,-0.000606,-0.010770,0.472571,-0.001187,-0.001001,0.696056,-0.000127,0.000194,1.570362,-0.300000,1.000000,1.100000,0.000000,0.000000,-1.571000,-0.299394,1.010770,0.627429,1.226768
12.606000,-0.000608,-0.010772,0.473965,-0.001187,-0.000995,0.695938,-0.000121,0.000194,1.570362,-0.300000,1.000000,1.100000,0.000000,0.000000,-1.571000,-0.299392,1.010772,0.626035,1.226057
12.608000,-0.000610,-0.010774,0.475358,-0.001188,-0.000989,0.695819,-0.000115,0.000195,1.570361,-0.300000,1.000000,1.100000,0.000000,0.000000,-1.571000,-0.299390,1.010774,0.624642,1.225347
12.610000,-0.000613,-0.010776,0.476750,-0.001188,-0.000984,0.695697,-0.000108,0.000195,1.570360,-0.300000,1.000000,1.100000,0.000000,0.000000,-1.571000,-0.299387,1.010776,0.623250,1.224639
12.612000,-0.000615,-0.010778,0.478143,-0.001188,-0.000978,0.695573,-0.000101,0.000196,1.570359,-0.300000,1.000000,1.100000,0.000000,0.000000,-1.571000,-0.299385,1.010778,0.621857,1.223932
12.614000,-0.000617,-0.010780,0.479535,-0.001188,-0.000972,0.695448,-0.000095,0.000196,1.570358,-0.300000,1.000000,1.100000,0.000000,0.000000,-1.571000,-0.299383,1.010780,0.620465,1.223226
12.616000,-0.000620,-0.010782,0.480928,-0.001187,-0.000966,0.695322,-0.000088,0.000197,1.570357,-0.300000,1.000000,1.100000,0.000000,0.000000,-1.571000,-0.299380,1.010782,0.619072,1.222522
12.618000,-0.000622,-0.010784,0.482319,-0.001187,-0.000960,0.695195,-0.000081,0.000198,1.570356,-0.300000,1.000000,1.100000,0.000000,0.000000,-1.571000,-0.299378,1.010784,0.617681,1.221818
12.620000,-0.000625,-0.010786,0.483711,-0.001186,-0.000954,0.695067,-0.000074,0.000199,1.570355,-0.300000,1.000000,1.100000,0.000000,0.000000,-1.571000,-0.299375,1.010786,0.616289,1.221116
12.622000,-0.000627,-0.010788,0.485102,-0.001186,-0.000948,0.694940,-0.000067,0.000200,1.570354,-0.300000,1.000000,1.100000,0.000000,0.000000,-1.571000,-0.299373,1.010788,0.614898,1.220416
12.624000,-0.000629,-0.010789,0.486493,-0.001185,-0.000942,0.694812,-0.000060,0.000201,1.570353,-0.300000,1.000000,1.100000,0.000000,0.000000,-1.571000,-0.299371,1.010789,0.613507,1.219717
12.626000,-0.000632,-0.010791,0.487884,-0.001184,-0.000936,0.694684,-0.000053,0.000202,1.570352,-0.300000,1.000000,1.100000,0.000000,0.000000,-1.571000,-0.299368,1.010791,0.612116,1.219019
12.628000,-0.000634,-0.010793,0.489275,-0.001183,-0.000931,0.694556,-0.000046,0.000203,1.570351,-0.300000,1.000000,1.100000,0.000000,0.000000,-1.571000,-0.299366,1.010793,0.610725,1.218322
12.630000,-0.000636,-0.010795,0.490665,-0.001182,-0.000925,0.694427,-0.000039,0.000204,1.570350,-0.300000,1.000000,1.100000,0.000000,0.000000,-1.571000,-0.299364,1.010795,0.609335,1.217626
12.632000,-0.000639,-0.010797,0.492055,-0.001180,-0.000919,0.694296,-0.000032,0.000205,1.570349,-0.300000,1.000000,1.100000,0.000000,0.000000,-1.571000,-0.299361,1.010797,0.607945,1.216932
12.634000,-0.000641,-0.010799,0.493445,-0.001179,-0.000913,0.694164,-0.000025,0.000207,1.570348,-0.300000,1.000000,1.100000,0.000000,0.000000,-1.571000,-0.299359,1.010799,0.606555,1.216240
12.636000,-0.000643,-0.010801,0.494834,-0.001177,-0.000907,0.694029,-0.000018,0.000208,1.570347,-0.300000,1.000000,1.100000,0.000000,0.000000,-1.571000,-0.299357,1.010801,0.605166,1.215548
12.638000,-0.000646,-0.010802,0.496224,-0.001175,-0.000901,0.693894,-0.000010,0.000209,1.570346,-0.300000,1.000000,1.100000,0.000000,0.000000,-1.571000,-0.299354,1.010802,0.603776,1.214858
12.640000,-0.000648,-0.010804,0.497613,-0.001173,-0.000895,0.693758,-0.000003,0.000211,1.570345,-0.300000,1.000000,1.100000,0.000000,0.000000,-1.571000,-0.299352,1.010804,0.602387,1.214169
12.642000,-0.000651,-0.010806,0.499001,-0.001171,-0.000889,0.693622,0.000004,0.000212,1.570344,-0.300000,1.000000,1.100000,0.000000,0.000000,-1.571000,-0.299349,1.010806,0.600999,1.213482
12.644000,-0.000653,-0.010808,0.500390,-0.001169,-0.000883,0.693485,0.000011,0.000214,1.570343,-0.300000,1.000000,1.100000,0.000000,0.000000,-1.571000,-0.299347,1.010808,0.599610,1.212796
12.646000,-0.000655,-0.010809,0.501778,-0.001166,-0.000877,0.693348,0.000019,0.000215,1.570342,-0.300000,1.000000,1.100000,0.000000,0.000000,-1.571000,-0.299345,1.010809,0.598222,1.212111
12.648000,-0.000658,-0.010811,0.503166,-0.001163,-0.000870,0.693212,0.000026,0.000217,1.570341,-0.300000,1.000000,1.100000,0.000000,0.000000,-1.571000,-0.299342,1.010811,0.596834,1.211427
12.650000,-0.000660,-0.010813,0.504553,-0.001161,-0.000864,0.693075,0.000033,0.000218,1.570340,-0.300000,1.000000,1.100000,0.000000,0.000000,-1.571000,-0.299340,1.010813,0.595447,1.210745
12.652000,-0.000662,-0.010815,0.505941,-0.001158,-0.000858,0.692940,0.000040,0.000220,1.570339,-0.300000,1.000000,1.100000,0.000000,0.000000,-1.571000,-0.299338,1.010815,0.594059,1.210064
12.654000,-0.000664,-0.010816,0.507328,-0.001155,-0.000852,0.692805,0.000047,0.000221,1.570338,-0.300000,1.000000,1.100000,0.000000,0.000000,-1.571000,-0.299336,1.010816,0.592672,1.209385
12.656000,-0.000667,-0.010818,0.508715,-0.001152,-0.000846,0.692670,0.000055,0.000222,1.570338,-0.300000,1.000000,1.100000,0.000000,0.000000,-1.571000,-0.299333,1.010818,0.591285,1.208707
12.658000,-0.000669,-0.010820,0.510101,-0.001148,-0.000840,0.692537,0.000062,0.000223,1.570337,-0.300000,1.000000,1.100000,0.000000,0.000000,-1.571000,-0.299331,1.010820,0.589899,1.208030
12.660000,-0.000671,-0.010821,0.511487,-0.001145,-0.000834,0.692403,0.000069,0.000225,1.570336,-0.300000,1.000000,1.100000,0.000000,0.000000,-1.571000,-0.299329,1.010821,0.588513,1.207354
12.662000,-0.000674,-0.010823,0.512873,-0.001141,-0.000827,0.692267,0.000076,0.000225,1.570335,-0.300000,1.000000,1.100000,0.000000,0.000000,-1.571000,-0.299326,1.010823,0.587127,1.206680
12.664000,-0.000676,-0.010825,0.514259,-0.001138,-0.000821,0.692129,0.000083,0.000226,1.570334,-0.300000,1.000000,1.100000,0.000000,0.000000,-1.571000,-0.299324,1.010825,0.585741,1.206007
12.666000,-0.000678,-0.010826,0.515645,-0.001134,-0.000815,0.691990,0.000090,0.000227,1.570333,-0.300000,1.000000,1.100000,0.000000,0.000000,-1.571000,-0.299322,1.010826,0.584355,1.205336
12.668000,-0.000680,-0.010828,0.517030,-0.001130,-0.000809,0.691850,0.000097,0.000227,1.570332,-0.300000,1.000000,1.100000,0.000000,0.000000,-1.571000,-0.299320,1.010828,0.582970,1.204666
12.670000,-0.000683,-0.010830,0.518415,-0.001126,-0.000802,0.691709,0.000103,0.000228,1.570331,-0.300000,1.000000,1.100000,0.000000,0.000000,-1.571000,-0.299317,1.010830,0.581585,1.203997
12.672000,-0.000685,-0.010831,0.519799,-0.001121,-0.000796,0.691567,0.000110,0.000228,1.570331,-0.300000,1.000000,1.100000,0.000000,0.000000,-1.571000,-0.299315,1.010831,0.580201,1.203330
12.674000,-0.000687,-0.010833,0.521183,-0.001117,-0.000790,0.691426,0.000117,0.000228,1.570330,-0.300000,1.000000,1.100000,0.000000,0.000000,-1.571000,-0.299313,1.010833,0.578817,1.202664
12.676000,-0.000689,-0.010834,0.522567,-0.001112,-0.000784,0.691284,0.000123,0.000227,1.570329,-0.300000,1.000000,1.100000,0.000000,0.000000,-1.571000,-0.299311,1.010834,0.577433,1.201999
12.678000,-0.000692,-0.010836,0.523951,-0.001108,-0.000778,0.691143,0.000130,0.000227,1.570328,-0.300000,1.000000,1.100000,0.000000,0.000000,-1.571000,-0.299308,1.010836,0.576049,1.201335
12.680000,-0.000694,-0.010837,0.525335,-0.001103,-0.000772,0.691002,0.000136,0.000226,1.570328,-0.300000,1.000000,1.100000,0.000000,0.000000,-1.571000,-0.299306,1.010837,0.574665,1.200673
12.682000,-0.000696,-0.010839,0.526718,-0.001098,-0.000765,0.690861,0.000143,0.000225,1.570327,-0.300000,1.000000,1.100000,0.000000,0.000000,-1.571000,-0.299304,1.010839,0.573282,1.200013
12.684000,-0.000698,-0.010840,0.528101,-0.001093,-0.000759,0.690721,0.000149,0.000224,1.570326,-0.300000,1.000000,1.100000,0.000000,0.000000,-1.571000,-0.299302,1.010840,0.571899,1.199353
12.686000,-0.000700,-0.010842,0.529483,-0.001088,-0.000753,0.690582,0.000155,0.000222,1.570325,-0.300000,1.000000,1.100000,0.000000,0.000000,-1.571000,-0.299300,1.010842,0.570517,1.198696
12.688000,-0.000703,-0.010843,0.530866,-0.001083,-0.000747,0.690443,0.000161,0.000221,1.570325,-0.300000,1.000000,1.100000,0.000000,0.000000,-1.571000,-0.299297,1.010843,0.569134,1.198039
12.690000,-0.000705,-0.010845,0.532248,-0.001077,-0.000741,0.690305,0.000167,0.000219,1.570324,-0.300000,1.000000,1.100000,0.000000,0.000000,-1.571000,-0.299295,1.010845,0.567752,1.197384
12.692000,-0.000707,-0.010846,0.533630,-0.001072,-0.000736,0.690167,0.000173,0.000217,1.570323,-0.300000,1.000000,1.100000,0.000000,0.000000,-1.571000,-0.299293,1.010846,0.566370,1.196730
12.694000,-0.000709,-0.010848,0.535011,-0.001066,-0.000730,0.690027,0.000178,0.000214,1.570323,-0.300000,1.000000,1.100000,0.000000,0.000000,-1.571000,-0.299291,1.010848,0.564989,1.196077
12.696000,-0.000711,-0.010849,0.536392,-0.001061,-0.000724,0.689886,0.000183,0.000212,1.570322,-0.300000,1.000000,1.100000,0.000000,0.000000,-1.571000,-0.299289,1.010849,0.563608,1.195426
12.698000,-0.000713,-0.010851,0.537773,-0.001055,-0.000718,0.689744,0.000188,0.000209,1.570322,-0.300000,1.000000,1.100000,0.000000,0.000000,-1.571000,-0.299287,1.010851,0.562227,1.194776
12.700000,-0.000715,-0.010852,0.539154,-0.001049,-0.000713,0.689601,0.000193,0.000206,1.570321,-0.300000,1.000000,1.100000,0.000000,0.000000,-1.571000,-0.299285,1.010852,0.560846,1.194128
12.702000,-0.000718,-0.010854,0.540534,-0.001043,-0.000707,0.689459,0.000197,0.000203,1.570320,-0.300000,1.000000,1.100000,0.000000,0.000000,-1.571000,-0.299282,1.010854,0.559466,1.193481
12.704000,-0.000720,-0.010855,0.541914,-0.001037,-0.000702,0.689316,0.000201,0.000199,1.570320,-0.300000,1.000000,1.100000,0.000000,0.000000,-1.571000,-0.299280,1.010855,0.558086,1.192835
12.706000,-0.000722,-0.010856,0.543294,-0.001031,-0.000696,0.689173,0.000205,0.000196,1.570319,-0.300000,1.000000,1.100000,0.000000,0.000000,-1.571000,-0.299278,1.010856,0.556706,1.192191
12.708000,-0.000724,-0.010858,0.544674,-0.001025,-0.000691,0.689031,0.000208,0.000192,1.570318,-0.300000,1.000000,1.100000,0.000000,0.000000,-1.571000,-0.299276,1.010858,0.555326,1.191548
12.710000,-0.000726,-0.010859,0.546053,-0.001018,-0.000686,0.688889,0.000211,0.000188,1.570318,-0.300000,1.000000,1.100000,0.000000,0.000000,-1.571000,-0.299274,1.010859,0.553947,1.190907
12.712000,-0.000728,-0.010861,0.547432,-0.001012,-0.000680,0.688748,0.000213,0.000184,1.570317,-0.300000,1.000000,1.100000,0.000000,0.000000,-1.571000,-0.299272,1.010861,0.552568,1.190267
12.714000,-0.000730,-0.010862,0.548810,-0.001006,-0.000675,0.688608,0.000215,0.000179,1.570317,-0.300000,1.000000,1.100000,0.000000,0.000000,-1.571000,-0.299270,1.010862,0.551190,1.189628
12.716000,-0.000732,-0.010863,0.550189,-0.000999,-0.000670,0.688469,0.000217,0.000175,1.570316,-0.300000,1.000000,1.100000,0.000000,0.000000,-1.571000,-0.299268,1.010863,0.549811,1.188990
12.718000,-0.000734,-0.010865,0.551567,-0.000993,-0.000666,0.688330,0.000218,0.000170,1.570315,-0.300000,1.000000,1.100000,0.000000,0.000000,-1.571000,-0.299266,1.010865,0.548433,1.188354
12.720000,-0.000736,-0.010866,0.552945,-0.000987,-0.000661,0.688193,0.000219,0.000166,1.570315,-0.300000,1.000000,1.100000,0.000000,0.000000,-1.571000,-0.299264,1.010866,0.547055,1.187720
12.722000,-0.000738,-0.010867,0.554322,-0.000980,-0.000656,0.688057,0.000220,0.000161,1.570314,-0.300000,1.000000,1.100000,0.000000,0.000000,-1.571000,-0.299262,1.010867,0.545678,1.187087
12.724000,-0.000740,-0.010869,0.555700,-0.000974,-0.000652,0.687922,0.000220,0.000156,1.570314,-0.300000,1.000000,1.100000,0.000000,0.000000,-1.571000,-0.299260,1.010869,0.544300,1.186455
12.726000,-0.000742,-0.010870,0.557077,-0.000968,-0.000647,0.687789,0.000219,0.000151,1.570313,-0.300000,1.000000,1.100000,0.000000,0.000000,-1.571000,-0.299258,1.010870,0.542923,1.185824
12.728000,-0.000744,-0.010871,0.558453,-0.000961,-0.000643,0.687655,0.000219,0.000146,1.570312,-0.300000,1.000000,1.100000,0.000000,0.000000,-1.571000,-0.299256,1.010871,0.541547,1.185195
12.730000,-0.000745,-0.010872,0.559830,-0.000955,-0.000639,0.687520,0.000218,0.000141,1.570312,-0.300000,1.000000,1.100000,0.000000,0.000000,-1.571000,-0.299255,1.010872,0.540170,1.184567
12.732000,-0.000747,-0.010874,0.561206,-0.000949,-0.000635,0.687384,0.000216,0.000136,1.570311,-0.300000,1.000000,1.100000,0.000000,0.000000,-1.571000,-0.299253,1.010874,0.538794,1.183941
12.734000,-0.000749,-0.010875,0.562582,-0.000942,-0.000631,0.687247,0.000214,0.000130,1.570311,-0.300000,1.000000,1.100000,0.000000,0.000000,-1.571000,-0.299251,1.010875,0.537418,1.183316
12.736000,-0.000751,-0.010876,0.563958,-0.000936,-0.000627,0.687109,0.000212,0.000125,1.570310,-0.300000,1.000000,1.100000,0.000000,0.000000,-1.571000,-0.299249,1.010876,0.536042,1.182693
12.738000,-0.000753,-0.010877,0.565333,-0.000930,-0.000623,0.686971,0.000210,0.000120,1.570310,-0.300000,1.000000,1.100000,0.000000,0.000000,-1.571000,-0.299247,1.010877,0.534667,1.182071
12.740000,-0.000755,-0.010879,0.566708,-0.000924,-0.000620,0.686833,0.000207,0.000115,1.570309,-0.300000,1.000000,1.100000,0.000000,0.000000,-1.571000,-0.299245,1.010879,0.533292,1.181450
12.742000,-0.000757,-0.010880,0.568083,-0.000918,-0.000616,0.686694,0.000204,0.000109,1.570309,-0.300000,1.000000,1.100000,0.000000,0.000000,-1.571000,-0.299243,1.010880,0.531917,1.180830
12.744000,-0.000759,-0.010881,0.569458,-0.000912,-0.000613,0.686556,0.000201,0.000104,1.570309,-0.300000,1.000000,1.100000,0.000000,0.000000,-1.571000,-0.299241,1.010881,0.530542,1.180212
12.746000,-0.000760,-0.010882,0.570832,-0.000906,-0.000610,0.686418,0.000197,0.000099,1.570308,-0.300000,1.000000,1.100000,0.000000,0.000000,-1.571000,-0.299240,1.010882,0.529168,1.179596
12.748000,-0.000762,-0.010884,0.572206,-0.000901,-0.000606,0.686281,0.000194,0.000094,1.570308,-0.300000,1.000000,1.100000,0.000000,0.000000,-1.571000,-0.299238,1.010884,0.527794,1.178981
12.750000,-0.000764,-0.010885,0.573580,-0.000895,-0.000603,0.686144,0.000190,0.000089,1.570307,-0.300000,1.000000,1.100000,0.000000,0.000000,-1.571000,-0.299236,1.010885,0.526420,1.178367
12.752000,-0.000766,-0.010886,0.574953,-0.000889,-0.000600,0.686008,0.000186,0.000084,1.570307,-0.300000,1.000000,1.100000,0.000000,0.000000,-1.571000,-0.299234,1.010886,0.525047,1.177755
12.754000,-0.000768,-0.010887,0.576326,-0.000884,-0.000598,0.685873,0.000182,0.000079,1.570307,-0.300000,1.000000,1.100000,0.000000,0.000000,-1.571000,-0.299232,1.010887,0.523674,1.177144
12.756000,-0.000769,-0.010888,0.577699,-0.000878,-0.000595,0.685738,0.000177,0.000074,1.570306,-0.300000,1.000000,1.100000,0.000000,0.000000,-1.571000,-0.299231,1.010888,0.522301,1.176534
12.758000,-0.000771,-0.010890,0.579072,-0.000873,-0.000592,0.685605,0.000173,0.000069,1.570306,-0.300000,1.000000,1.100000,0.000000,0.000000,-1.571000,-0.299229,1.010890,0.520928,1.175926
12.760000,-0.000773,-0.010891,0.580444,-0.000868,-0.000590,0.685472,0.000168,0.000064,1.570306,-0.300000,1.000000,1.100000,0.000000,0.000000,-1.571000,-0.299227,1.010891,0.519556,1.175319
12.762000,-0.000774,-0.010892,0.581816,-0.000863,-0.000587,0.685340,0.000163,0.000059,1.570306,-0.300000,1.000000,1.100000,0.000000,0.000000,-1.571000,-0.299226,1.010892,0.518184,1.174714
12.764000,-0.000776,-0.010893,0.583188,-0.000858,-0.000585,0.685210,0.000159,0.000055,1.570305,-0.300000,1.000000,1.100000,0.000000,0.000000,-1.571000,-0.299224,1.010893,0.516812,1.174110
12.766000,-0.000778,-0.010894,0.584560,-0.000853,-0.000583,0.685080,0.000154,0.000050,1.570305,-0.300000,1.000000,1.100000,0.000000,0.000000,-1.571000,-0.299222,1.010894,0.515440,1.173507
12.768000,-0.000780,-0.010895,0.585931,-0.000848,-0.000581,0.684952,0.000149,0.000046,1.570305,-0.300000,1.000000,1.100000,0.000000,0.000000,-1.571000,-0.299220,1.010895,0.514069,1.172906
12.770000,-0.000781,-0.010897,0.587302,-0.000844,-0.000579,0.684824,0.000144,0.000041,1.570305,-0.300000,1.000000,1.100000,0.000000,0.000000,-1.571000,-0.299219,1.010897,0.512698,1.172307
12.772000,-0.000783,-0.010898,0.588673,-0.000839,-0.000577,0.684694,0.000138,0.000037,1.570305,-0.300000,1.000000,1.100000,0.000000,0.000000,-1.571000,-0.299217,1.010898,0.511327,1.171708
12.774000,-0.000785,-0.010899,0.590044,-0.000835,-0.000575,0.684562,0.000133,0.000033,1.570304,-0.300000,1.000000,1.100000,0.000000,0.000000,-1.571000,-0.299215,1.010899,0.509956,1.171111
12.776000,-0.000786,-0.010900,0.591414,-0.000831,-0.000573,0.684430,0.000128,0.000029,1.570304,-0.300000,1.000000,1.100000,0.000000,0.000000,-1.571000,-0.299214,1.010900,0.508586,1.170516
12.778000,-0.000788,-0.010901,0.592784,-0.000826,-0.000572,0.684297,0.000123,0.000025,1.570304,-0.300000,1.000000,1.100000,0.000000,0.000000,-1.571000,-0.299212,1.010901,0.507216,1.169922
12.780000,-0.000790,-0.010902,0.594154,-0.000822,-0.000570,0.684164,0.000117,0.000021,1.570304,-0.300000,1.000000,1.100000,0.000000,0.000000,-1.571000,-0.299210,1.010902,0.505846,1.169329
12.782000,-0.000791,-0.010904,0.595523,-0.000818,-0.000569,0.684030,0.000112,0.000017,1.570304,-0.300000,1.000000,1.100000,0.000000,0.000000,-1.571000,-0.299209,1.010904,0.504477,1.168738
12.784000,-0.000793,-0.010905,0.596892,-0.000815,-0.000567,0.683897,0.000106,0.000014,1.570304,-0.300000,1.000000,1.100000,0.000000,0.000000,-1.571000,-0.299207,1.010905,0.503108,1.168148
12.786000,-0.000795,-0.010906,0.598261,-0.000811,-0.000566,0.683763,0.000101,0.000010,1.570304,-0.300000,1.000000,1.100000,0.000000,0.000000,-1.571000,-0.299205,1.010906,0.501739,1.167560
12.788000,-0.000796,-0.010907,0.599630,-0.000807,-0.000565,0.683630,0.000095,0.000007,1.570304,-0.300000,1.000000,1.100000,0.000000,0.000000,-1.571000,-0.299204,1.010907,0.500370,1.166973
12.790000,-0.000798,-0.010908,0.600998,-0.000804,-0.000564,0.683497,0.000090,0.000004,1.570304,-0.300000,1.000000,1.100000,0.000000,0.000000,-1.571000,-0.299202,1.010908,0.499002,1.166387
12.792000,-0.000799,-0.010909,0.602367,-0.000801,-0.000562,0.683365,0.000085,0.000000,1.570304,-0.300000,1.000000,1.100000,0.000000,0.000000,-1.571000,-0.299201,1.010909,0.497633,1.165803
12.794000,-0.000801,-0.010910,0.603735,-0.000797,-0.000561,0.683234,0.000079,-0.000002,1.570304,-0.300000,1.000000,1.100000,0.000000,0.000000,-1.571000,-0.299199,1.010910,0.496265,1.165221
12.796000,-0.000803,-0.010911,0.605102,-0.000794,-0.000560,0.683103,0.000074,-0.000005,1.570304,-0.300000,1.000000,1.100000,0.000000,0.000000,-1.571000,-0.299197,1.010911,0.494898,1.164639
12.798000,-0.000804,-0.010913,0.606470,-0.000791,-0.000560,0.682973,0.000068,-0.000008,1.570304,-0.300000,1.000000,1.100000,0.000000,0.000000,-1.571000,-0.299196,1.010913,0.493530,1.164060
12.800000,-0.000806,-0.010914,0.607837,-0.000788,-0.000559,0.682845,0.000063,-0.000010,1.570304,-0.300000,1.000000,1.100000,0.000000,0.000000,-1.571000,-0.299194,1.010914,0.492163,1.163481
12.802000,-0.000807,-0.010915,0.609204,-0.000786,-0.000558,0.682717,0.000057,-0.000013,1.570304,-0.300000,1.000000,1.100000,0.000000,0.000000,-1.571000,-0.299193,1.010915,0.490796,1.162904
12.804000,-0.000809,-0.010916,0.610570,-0.000783,-0.000557,0.682590,0.000052,-0.000015,1.570304,-0.300000,1.000000,1.100000,0.000000,0.000000,-1.571000,-0.299191,1.010916,0.489430,1.162329
12.806000,-0.000810,-0.010917,0.611937,-0.000781,-0.000556,0.682465,0.000047,-0.000017,1.570304,-0.300000,1.000000,1.100000,0.000000,0.000000,-1.571000,-0.299190,1.010917,0.488063,1.161755
12.808000,-0.000812,-0.010918,0.613303,-0.000778,-0.000556,0.682341,0.000042,-0.000019,1.570304,-0.300000,1.000000,1.100000,0.000000,0.000000,-1.571000,-0.299188,1.010918,0.486697,1.161182
12.810000,-0.000814,-0.010919,0.614669,-0.000776,-0.000555,0.682218,0.000037,-0.000020,1.570304,-0.300000,1.000000,1.100000,0.000000,0.000000,-1.571000,-0.299186,1.010919,0.485331,1.160611
12.812000,-0.000815,-0.010920,0.616034,-0.000774,-0.000554,0.682096,0.000031,-0.000022,1.570304,-0.300000,1.000000,1.100000,0.000000,0.000000,-1.571000,-0.299185,1.010920,0.483966,1.160041
12.814000,-0.000817,-0.010921,0.617400,-0.000772,-0.000554,0.681976,0.000026,-0.000023,1.570304,-0.300000,1.000000,1.100000,0.000000,0.000000,-1.571000,-0.299183,1.010921,0.482600,1.159472
12.816000,-0.000818,-0.010923,0.618765,-0.000770,-0.000553,0.681856,0.000022,-0.000024,1.570304,-0.300000,1.000000,1.100000,0.000000,0.000000,-1.571000,-0.299182,1.010923,0.481235,1.158905
12.818000,-0.000820,-0.010924,0.620130,-0.000768,-0.000553,0.681738,0.000017,-0.000025,1.570304,-0.300000,1.000000,1.100000,0.000000,0.000000,-1.571000,-0.299180,1.010924,0.479870,1.158340
12.820000,-0.000821,-0.010925,0.621494,-0.000766,-0.000552,0.681620,0.000012,-0.000026,1.570304,-0.300000,1.000000,1.100000,0.000000,0.000000,-1.571000,-0.299179,1.010925,0.478506,1.157776
12.822000,-0.000823,-0.010926,0.622859,-0.000765,-0.000552,0.681500,0.000008,-0.000027,1.570305,-0.300000,1.000000,1.100000,0.000000,0.000000,-1.571000,-0.299177,1.010926,0.477141,1.157213
12.824000,-0.000824,-0.010927,0.624223,-0.000763,-0.000551,0.681379,0.000003,-0.000027,1.570305,-0.300000,1.000000,1.100000,0.000000,0.000000,-1.571000,-0.299176,1.010927,0.475777,1.156652
12.826000,-0.000826,-0.010928,0.625587,-0.000762,-0.000551,0.681258,-0.000001,-0.000028,1.570305,-0.300000,1.000000,1.100000,0.000000,0.000000,-1.571000,-0.299174,1.010928,0.474413,1.156092
12.828000,-0.000827,-0.010929,0.626950,-0.000760,-0.000550,0.681136,-0.000005,-0.000028,1.570305,-0.300000,1.000000,1.100000,0.000000,0.000000,-1.571000,-0.299173,1.010929,0.473050,1.155534
12.830000,-0.000829,-0.010930,0.628314,-0.000759,-0.000550,0.681013,-0.000009,-0.000028,1.570305,-0.300000,1.000000,1.100000,0.000000,0.000000,-1.571000,-0.299171,1.010930,0.471686,1.154977
12.832000,-0.000830,-0.010931,0.629677,-0.000758,-0.000550,0.680891,-0.000013,-0.000028,1.570305,-0.300000,1.000000,1.100000,0.000000,0.000000,-1.571000,-0.299170,1.010931,0.470323,1.154421
12.834000,-0.000832,-0.010932,0.631040,-0.000757,-0.000549,0.680768,-0.000016,-0.000028,1.570305,-0.300000,1.000000,1.100000,0.000000,0.000000,-1.571000,-0.299168,1.010932,0.468960,1.153867
12.836000,-0.000833,-0.010934,0.632403,-0.000755,-0.000549,0.680645,-0.000019,-0.000028,1.570305,-0.300000,1.000000,1.100000,0.000000,0.000000,-1.571000,-0.299167,1.010934,0.467597,1.153315
12.838000,-0.000835,-0.010935,0.633765,-0.000755,-0.000548,0.680522,-0.000022,-0.000028,1.570305,-0.300000,1.000000,1.100000,0.000000,0.000000,-1.571000,-0.299165,1.010935,0.466235,1.152763
12.840000,-0.000836,-0.010936,0.635127,-0.000754,-0.000548,0.680400,-0.000025,-0.000027,1.570305,-0.300000,1.000000,1.100000,0.000000,0.000000,-1.571000,-0.299164,1.010936,0.464873,1.152214
12.842000,-0.000838,-0.010937,0.636489,-0.000753,-0.000547,0.680278,-0.000028,-0.000027,1.570305,-0.300000,1.000000,1.100000,0.000000,0.000000,-1.571000,-0.299162,1.010937,0.463511,1.151665
12.844000,-0.000839,-0.010938,0.637851,-0.000752,-0.000547,0.680157,-0.000030,-0.000026,1.570305,-0.300000,1.000000,1.100000,0.000000,0.000000,-1.571000,-0.299161,1.010938,0.462149,1.151119
12.846000,-0.000841,-0.010939,0.639213,-0.000751,-0.000546,0.680036,-0.000033,-0.000025,1.570305,-0.300000,1.000000,1.100000,0.000000,0.000000,-1.571000,-0.299159,1.010939,0.460787,1.150573
12.848000,-0.000842,-0.010940,0.640574,-0.000750,-0.000546,0.679916,-0.000035,-0.000024,1.570305,-0.300000,1.000000,1.100000,0.000000,0.000000,-1.571000,-0.299158,1.010940,0.459426,1.150029
12.850000,-0.000844,-0.010941,0.641935,-0.000750,-0.000545,0.679797,-0.000036,-0.000024,1.570306,-0.300000,1.000000,1.100000,0.000000,0.000000,-1.571000,-0.299156,1.010941,0.458065,1.149487
12.852000,-0.000845,-0.010942,0.643296,-0.000749,-0.000545,0.679679,-0.000038,-0.000023,1.570306,-0.300000,1.000000,1.100000,0.000000,0.000000,-1.571000,-0.299155,1.010942,0.456704,1.148946
12.854000,-0.000847,-0.010943,0.644656,-0.000749,-0.000544,0.679562,-0.000039,-0.000022,1.570306,-0.300000,1.000000,1.100000,0.000000,0.000000,-1.571000,-0.299153,1.010943,0.455344,1.148406
12.856000,-0.000848,-0.010945,0.646017,-0.000748,-0.000544,0.679446,-0.000041,-0.000021,1.570306,-0.300000,1.000000,1.100000,0.000000,0.000000,-1.571000,-0.299152,1.010945,0.453983,1.147868
12.858000,-0.000850,-0.010946,0.647377,-0.000747,-0.000543,0.679332,-0.000042,-0.000020,1.570306,-0.300000,1.000000,1.100000,0.000000,0.000000,-1.571000,-0.299150,1.010946,0.452623,1.147332
12.860000,-0.000851,-0.010947,0.648737,-0.000747,-0.000543,0.679218,-0.000043,-0.000019,1.570306,-0.300000,1.000000,1.100000,0.000000,0.000000,-1.571000,-0.299149,1.010947,0.451263,1.146796
12.862000,-0.000853,-0.010948,0.650096,-0.000746,-0.000542,0.679107,-0.000043,-0.000017,1.570306,-0.300000,1.000000,1.100000,0.000000,0.000000,-1.571000,-0.299147,1.010948,0.449904,1.146263
12.864000,-0.000854,-0.010949,0.651456,-0.000746,-0.000541,0.678997,-0.000044,-0.000016,1.570306,-0.300000,1.000000,1.100000,0.000000,0.000000,-1.571000,-0.299146,1.010949,0.448544,1.145730
12.866000,-0.000856,-0.010950,0.652815,-0.000746,-0.000541,0.678888,-0.000044,-0.000015,1.570307,-0.300000,1.000000,1.100000,0.000000,0.000000,-1.571000,-0.299144,1.010950,0.447185,1.145199
12.868000,-0.000857,-0.010951,0.654174,-0.000745,-0.000540,0.678782,-0.000044,-0.000014,1.570307,-0.300000,1.000000,1.100000,0.000000,0.000000,-1.571000,-0.299143,1.010951,0.445826,1.144670
12.870000,-0.000859,-0.010952,0.655532,-0.000745,-0.000539,0.678677,-0.000044,-0.000013,1.570307,-0.300000,1.000000,1.100000,0.000000,0.000000,-1.571000,-0.299141,1.010952,0.444468,1.144142
12.872000,-0.000860,-0.010953,0.656891,-0.000744,-0.000539,0.678573,-0.000044,-0.000012,1.570307,-0.300000,1.000000,1.100000,0.000000,0.000000,-1.571000,-0.299140,1.010953,0.443109,1.143615
12.874000,-0.000862,-0.010954,0.658249,-0.000744,-0.000538,0.678472,-0.000044,-0.000010,1.570307,-0.300000,1.000000,1.100000,0.000000,0.000000,-1.571000,-0.299138,1.010954,0.441751,1.143090
12.876000,-0.000863,-0.010955,0.659608,-0.000743,-0.000537,0.678372,-0.000044,-0.000009,1.570307,-0.300000,1.000000,1.100000,0.000000,0.000000,-1.571000,-0.299137,1.010955,0.440392,1.142567
12.878000,-0.000865,-0.010956,0.660965,-0.000743,-0.000536,0.678274,-0.000043,-0.000008,1.570307,-0.300000,1.000000,1.100000,0.000000,0.000000,-1.571000,-0.299135,1.010956,0.439035,1.142045
12.880000,-0.000866,-0.010957,0.662323,-0.000742,-0.000535,0.678177,-0.000042,-0.000007,1.570307,-0.300000,1.000000,1.100000,0.000000,0.000000,-1.571000,-0.299134,1.010957,0.437677,1.141524
12.882000,-0.000868,-0.010959,0.663681,-0.000742,-0.000534,0.678082,-0.000042,-0.000005,1.570307,-0.300000,1.000000,1.100000,0.000000,0.000000,-1.571000,-0.299132,1.010959,0.436319,1.141005
12.884000,-0.000869,-0.010960,0.665038,-0.000741,-0.000534,0.677986,-0.000041,-0.000004,1.570307,-0.300000,1.000000,1.100000,0.000000,0.000000,-1.571000,-0.299131,1.010960,0.434962,1.140487
12.886000,-0.000871,-0.010961,0.666395,-0.000741,-0.000533,0.677890,-0.000040,-0.000003,1.570307,-0.300000,1.000000,1.100000,0.000000,0.000000,-1.571000,-0.299129,1.010961,0.433605,1.139971
12.888000,-0.000872,-0.010962,0.667752,-0.000740,-0.000532,0.677792,-0.000039,-0.000001,1.570307,-0.300000,1.000000,1.100000,0.000000,0.000000,-1.571000,-0.299128,1.010962,0.432248,1.139456
12.890000,-0.000874,-0.010963,0.669109,-0.000740,-0.000531,0.677693,-0.000038,0.000000,1.570307,-0.300000,1.000000,1.100000,0.000000,0.000000,-1.571000,-0.299126,1.010963,0.430891,1.138942
12.892000,-0.000875,-0.010964,0.670466,-0.000739,-0.000530,0.677594,-0.000037,0.000002,1.570307,-0.300000,1.000000,1.100000,0.000000,0.000000,-1.571000,-0.299125,1.010964,0.429534,1.138430
12.894000,-0.000877,-0.010965,0.671822,-0.000738,-0.000529,0.677494,-0.000035,0.000003,1.570307,-0.300000,1.000000,1.100000,0.000000,0.000000,-1.571000,-0.299123,1.010965,0.428178,1.137920
12.896000,-0.000878,-0.010966,0.673178,-0.000738,-0.000528,0.677394,-0.000034,0.000005,1.570307,-0.300000,1.000000,1.100000,0.000000,0.000000,-1.571000,-0.299122,1.010966,0.426822,1.137411
12.898000,-0.000880,-0.010967,0.674534,-0.000737,-0.000527,0.677294,-0.000033,0.000006,1.570307,-0.300000,1.000000,1.100000,0.000000,0.000000,-1.571000,-0.299120,1.010967,0.425466,1.136903
12.900000,-0.000881,-0.010968,0.675890,-0.000736,-0.000525,0.677194,-0.000031,0.000008,1.570307,-0.300000,1.000000,1.100000,0.000000,0.000000,-1.571000,-0.299119,1.010968,0.424110,1.136397
12.902000,-0.000883,-0.010969,0.677246,-0.000736,-0.000524,0.677094,-0.000030,0.000009,1.570307,-0.300000,1.000000,1.100000,0.000000,0.000000,-1.571000,-0.299117,1.010969,0.422754,1.135892
12.904000,-0.000884,-0.010970,0.678601,-0.000735,-0.000523,0.676994,-0.000029,0.000011,1.570307,-0.300000,1.000000,1.100000,0.000000,0.000000,-1.571000,-0.299116,1.010970,0.421399,1.135389
12.906000,-0.000886,-0.010971,0.679956,-0.000734,-0.000522,0.676895,-0.000027,0.000012,1.570307,-0.300000,1.000000,1.100000,0.000000,0.000000,-1.571000,-0.299114,1.010971,0.420044,1.134887
12.908000,-0.000887,-0.010972,0.681311,-0.000733,-0.000521,0.676796,-0.000026,0.000013,1.570307,-0.300000,1.000000,1.100000,0.000000,0.000000,-1.571000,-0.299113,1.010972,0.418689,1.134387
12.910000,-0.000889,-0.010973,0.682666,-0.000732,-0.000520,0.676699,-0.000024,0.000015,1.570307,-0.300000,1.000000,1.100000,0.000000,0.000000,-1.571000,-0.299111,1.010973,0.417334,1.133888
12.912000,-0.000890,-0.010974,0.684021,-0.000732,-0.000518,0.676601,-0.000023,0.000016,1.570307,-0.300000,1.000000,1.100000,0.000000,0.000000,-1.571000,-0.299110,1.010974,0.415979,1.133391
12.914000,-0.000891,-0.010975,0.685375,-0.000731,-0.000517,0.676505,-0.000021,0.000017,1.570307,-0.300000,1.000000,1.100000,0.000000,0.000000,-1.571000,-0.299109,1.010975,0.414625,1.132895
12.916000,-0.000893,-0.010976,0.686729,-0.000730,-0.000516,0.676409,-0.000020,0.000018,1.570307,-0.300000,1.000000,1.100000,0.000000,0.000000,-1.571000,-0.299107,1.010976,0.413271,1.132401
12.918000,-0.000894,-0.010977,0.688083,-0.000729,-0.000514,0.676315,-0.000018,0.000020,1.570307,-0.300000,1.000000,1.100000,0.000000,0.000000,-1.571000,-0.299106,1.010977,0.411917,1.131908
12.920000,-0.000896,-0.010978,0.689437,-0.000728,-0.000513,0.676221,-0.000017,0.000021,1.570307,-0.300000,1.000000,1.100000,0.000000,0.000000,-1.571000,-0.299104,1.010978,0.410563,1.131416
12.922000,-0.000897,-0.010980,0.690791,-0.000727,-0.000512,0.676129,-0.000015,0.000022,1.570307,-0.300000,1.000000,1.100000,0.000000,0.000000,-1.571000,-0.299103,1.010980,0.409209,1.130926
12.924000,-0.000899,-0.010981,0.692144,-0.000726,-0.000510,0.676037,-0.000013,0.000022,1.570307,-0.300000,1.000000,1.100000,0.000000,0.000000,-1.571000,-0.299101,1.010981,0.407856,1.130438
12.926000,-0.000900,-0.010982,0.693498,-0.000725,-0.000509,0.675947,-0.000012,0.000023,1.570307,-0.300000,1.000000,1.100000,0.000000,0.000000,-1.571000,-0.299100,1.010982,0.406502,1.129951
12.928000,-0.000902,-0.010983,0.694851,-0.000724,-0.000507,0.675857,-0.000010,0.000024,1.570307,-0.300000,1.000000,1.100000,0.000000,0.000000,-1.571000,-0.299098,1.010983,0.405149,1.129465
12.930000,-0.000903,-0.010984,0.696204,-0.000722,-0.000506,0.675768,-0.000008,0.000024,1.570308,-0.300000,1.000000,1.100000,0.000000,0.000000,-1.571000,-0.299097,1.010984,0.403796,1.128981
12.932000,-0.000905,-0.010985,0.697556,-0.000721,-0.000504,0.675681,-0.000007,0.000025,1.570308,-0.300000,1.000000,1.100000,0.000000,0.000000,-1.571000,-0.299095,1.010985,0.402444,1.128498
12.934000,-0.000906,-0.010986,0.698909,-0.000720,-0.000503,0.675594,-0.000005,0.000025,1.570308,-0.300000,1.000000,1.100000,0.000000,0.000000,-1.571000,-0.299094,1.010986,0.401091,1.128017
12.936000,-0.000907,-0.010987,0.700261,-0.000719,-0.000501,0.675509,-0.000003,0.000026,1.570308,-0.300000,1.000000,1.100000,0.000000,0.000000,-1.571000,-0.299093,1.010987,0.399739,1.127538
12.938000,-0.000909,-0.010988,0.701614,-0.000718,-0.000500,0.675424,-0.000002,0.000026,1.570308,-0.300000,1.000000,1.100000,0.000000,0.000000,-1.571000,-0.299091,1.010988,0.398386,1.127060
12.940000,-0.000910,-0.010989,0.702966,-0.000716,-0.000499,0.675341,-0.000000,0.000026,1.570308,-0.300000,1.000000,1.100000,0.000000,0.000000,-1.571000,-0.299090,1.010989,0.397034,1.126583
12.942000,-0.000912,-0.010990,0.704318,-0.000715,-0.000497,0.675259,0.000002,0.000026,1.570308,-0.300000,1.000000,1.100000,0.000000,0.000000,-1.571000,-0.299088,1.010990,0.395682,1.126108
12.944000,-0.000913,-0.010991,0.705669,-0.000714,-0.000496,0.675179,0.000003,0.000026,1.570308,-0.300000,1.000000,1.100000,0.000000,0.000000,-1.571000,-0.299087,1.010991,0.394331,1.125634
12.946000,-0.000915,-0.010992,0.707021,-0.000712,-0.000494,0.675099,0.000005,0.000026,1.570308,-0.300000,1.000000,1.100000,0.000000,0.000000,-1.571000,-0.299085,1.010992,0.392979,1.125162
12.948000,-0.000916,-0.010993,0.708372,-0.000711,-0.000493,0.675021,0.000007,0.000026,1.570308,-0.300000,1.000000,1.100000,0.000000,0.000000,-1.571000,-0.299084,1.010993,0.391628,1.124691
12.950000,-0.000917,-0.010994,0.709724,-0.000709,-0.000491,0.674944,0.000008,0.000025,1.570308,-0.300000,1.000000,1.100000,0.000000,0.000000,-1.571000,-0.299083,1.010994,0.390276,1.124221
12.952000,-0.000919,-0.010995,0.711075,-0.000708,-0.000490,0.674869,0.000010,0.000025,1.570308,-0.300000,1.000000,1.100000,0.000000,0.000000,-1.571000,-0.299081,1.010995,0.388925,1.123754
12.954000,-0.000920,-0.010996,0.712426,-0.000706,-0.000488,0.674795,0.000012,0.000025,1.570308,-0.300000,1.000000,1.100000,0.000000,0.000000,-1.571000,-0.299080,1.010996,0.387574,1.123287
12.956000,-0.000922,-0.010997,0.713777,-0.000705,-0.000487,0.674722,0.000013,0.000025,1.570308,-0.300000,1.000000,1.100000,0.000000,0.000000,-1.571000,-0.299078,1.010997,0.386223,1.122822
12.958000,-0.000923,-0.010997,0.715127,-0.000703,-0.000486,0.674651,0.000015,0.000024,1.570308,-0.300000,1.000000,1.100000,0.000000,0.000000,-1.571000,-0.299077,1.010997,0.384873,1.122359
12.960000,-0.000924,-0.010998,0.716478,-0.000701,-0.000484,0.674581,0.000017,0.000024,1.570308,-0.300000,1.000000,1.100000,0.000000,0.000000,-1.571000,-0.299076,1.010998,0.383522,1.121897
12.962000,-0.000926,-0.010999,0.717828,-0.000700,-0.000483,0.674513,0.000019,0.000024,1.570308,-0.300000,1.000000,1.100000,0.000000,0.000000,-1.571000,-0.299074,1.010999,0.382172,1.121437
12.964000,-0.000927,-0.011000,0.719179,-0.000698,-0.000481,0.674446,0.000020,0.000023,1.570308,-0.300000,1.000000,1.100000,0.000000,0.000000,-1.571000,-0.299073,1.011000,0.380821,1.120978
12.966000,-0.000929,-0.011001,0.720529,-0.000696,-0.000480,0.674380,0.000022,0.000023,1.570308,-0.300000,1.000000,1.100000,0.000000,0.000000,-1.571000,-0.299071,1.011001,0.379471,1.120520
12.968000,-0.000930,-0.011002,0.721879,-0.000695,-0.000479,0.674316,0.000024,0.000023,1.570308,-0.300000,1.000000,1.100000,0.000000,0.000000,-1.571000,-0.299070,1.011002,0.378121,1.120064
12.970000,-0.000931,-0.011003,0.723229,-0.000693,-0.000477,0.674251,0.000025,0.000023,1.570308,-0.300000,1.000000,1.100000,0.000000,0.000000,-1.571000,-0.299069,1.011003,0.376771,1.119610
12.972000,-0.000933,-0.011004,0.724578,-0.000691,-0.000476,0.674186,0.000027,0.000022,1.570308,-0.300000,1.000000,1.100000,0.000000,0.000000,-1.571000,-0.299067,1.011004,0.375422,1.119157
12.974000,-0.000934,-0.011005,0.725928,-0.000689,-0.000475,0.674119,0.000029,0.000022,1.570308,-0.300000,1.000000,1.100000,0.000000,0.000000,-1.571000,-0.299066,1.011005,0.374072,1.118705
12.976000,-0.000936,-0.011006,0.727277,-0.000687,-0.000473,0.674052,0.000030,0.000022,1.570308,-0.300000,1.000000,1.100000,0.000000,0.000000,-1.571000,-0.299064,1.011006,0.372723,1.118255
12.978000,-0.000937,-0.011007,0.728627,-0.000685,-0.000472,0.673983,0.000032,0.000021,1.570308,-0.300000,1.000000,1.100000,0.000000,0.000000,-1.571000,-0.299063,1.011007,0.371373,1.117807
12.980000,-0.000938,-0.011008,0.729976,-0.000683,-0.000471,0.673915,0.000033,0.000021,1.570308,-0.300000,1.000000,1.100000,0.000000,0.000000,-1.571000,-0.299062,1.011008,0.370024,1.117360
12.982000,-0.000940,-0.011009,0.731325,-0.000682,-0.000469,0.673846,0.000035,0.000021,1.570308,-0.300000,1.000000,1.100000,0.000000,0.000000,-1.571000,-0.299060,1.011009,0.368675,1.116914
12.984000,-0.000941,-0.011010,0.732674,-0.000680,-0.000468,0.673777,0.000036,0.000020,1.570308,-0.300000,1.000000,1.100000,0.000000,0.000000,-1.571000,-0.299059,1.011010,0.367326,1.116470
12.986000,-0.000942,-0.011011,0.734023,-0.000678,-0.000467,0.673708,0.000037,0.000020,1.570308,-0.300000,1.000000,1.100000,0.000000,0.000000,-1.571000,-0.299058,1.011011,0.365977,1.116028
12.988000,-0.000944,-0.011012,0.735372,-0.000675,-0.000465,0.673640,0.000038,0.000020,1.570308,-0.300000,1.000000,1.100000,0.000000,0.000000,-1.571000,-0.299056,1.011012,0.364628,1.115587
12.990000,-0.000945,-0.011013,0.736720,-0.000673,-0.000464,0.673572,0.000040,0.000019,1.570308,-0.300000,1.000000,1.100000,0.000000,0.000000,-1.571000,-0.299055,1.011013,0.363280,1.115147
12.992000,-0.000946,-0.011014,0.738068,-0.000671,-0.000463,0.673504,0.000041,0.000019,1.570308,-0.300000,1.000000,1.100000,0.000000,0.000000,-1.571000,-0.299054,1.011014,0.361932,1.114709
12.994000,-0.000948,-0.011015,0.739417,-0.000669,-0.000462,0.673437,0.000042,0.000018,1.570308,-0.300000,1.000000,1.100000,0.000000,0.000000,-1.571000,-0.299052,1.011015,0.360583,1.114272
12.996000,-0.000949,-0.011015,0.740765,-0.000667,-0.000460,0.673371,0.000043,0.000018,1.570308,-0.300000,1.000000,1.100000,0.000000,0.000000,-1.571000,-0.299051,1.011015,0.359235,1.113837
12.998000,-0.000950,-0.011016,0.742113,-0.000665,-0.000459,0.673306,0.000044,0.000018,1.570308,-0.300000,1.000000,1.100000,0.000000,0.000000,-1.571000,-0.299050,1.011016,0.357887,1.113404
13.000000,-0.000952,-0.011017,0.743461,-0.000663,-0.000458,0.673242,0.000045,0.000017,1.570308,-0.300000,1.000000,1.100000,0.000000,0.000000,-1.571000,-0.299048,1.011017,0.356539,1.112972
13.002000,-0.000953,-0.011018,0.744808,-0.000661,-0.000457,0.673180,0.000045,0.000017,1.570308,-0.300000,1.000000,1.100000,0.000000,0.000000,-1.571000,-0.299047,1.011018,0.355192,1.112541
13.004000,-0.000954,-0.011019,0.746156,-0.000659,-0.000456,0.673118,0.000046,0.000016,1.570308,-0.300000,1.000000,1.100000,0.000000,0.000000,-1.571000,-0.299046,1.011019,0.353844,1.112112
13.006000,-0.000956,-0.011020,0.747504,-0.000656,-0.000454,0.673057,0.000047,0.000016,1.570308,-0.300000,1.000000,1.100000,0.000000,0.000000,-1.571000,-0.299044,1.011020,0.352496,1.111685
13.008000,-0.000957,-0.011021,0.748851,-0.000654,-0.000453,0.672998,0.000047,0.000015,1.570308,-0.300000,1.000000,1.100000,0.000000,0.000000,-1.571000,-0.299043,1.011021,0.351149,1.111259
13.010000,-0.000958,-0.011022,0.750198,-0.000652,-0.000452,0.672939,0.000048,0.000015,1.570308,-0.300000,1.000000,1.100000,0.000000,0.000000,-1.571000,-0.299042,1.011022,0.349802,1.110834
13.012000,-0.000960,-0.011023,0.751545,-0.000650,-0.000451,0.672881,0.000048,0.000014,1.570308,-0.300000,1.000000,1.100000,0.000000,0.000000,-1.571000,-0.299040,1.011023,0.348455,1.110411
13.014000,-0.000961,-0.011024,0.752892,-0.000648,-0.000450,0.672825,0.000048,0.000013,1.570308,-0.300000,1.000000,1.100000,0.000000,0.000000,-1.571000,-0.299039,1.011024,0.347108,1.109990
13.016000,-0.000962,-0.011025,0.754239,-0.000645,-0.000449,0.672770,0.000048,0.000013,1.570308,-0.300000,1.000000,1.100000,0.000000,0.000000,-1.571000,-0.299038,1.011025,0.345761,1.109570
13.018000,-0.000964,-0.011025,0.755586,-0.000643,-0.000448,0.672715,0.000049,0.000012,1.570308,-0.300000,1.000000,1.100000,0.000000,0.000000,-1.571000,-0.299036,1.011025,0.344414,1.109151
13.020000,-0.000965,-0.011026,0.756933,-0.000641,-0.000447,0.672662,0.000049,0.000012,1.570308,-0.300000,1.000000,1.100000,0.000000,0.000000,-1.571000,-0.299035,1.011026,0.343067,1.108734
13.022000,-0.000966,-0.011027,0.758279,-0.000639,-0.000446,0.672610,0.000048,0.000011,1.570308,-0.300000,1.000000,1.100000,0.000000,0.000000,-1.571000,-0.299034,1.011027,0.341721,1.108319
13.024000,-0.000967,-0.011028,0.759626,-0.000637,-0.000444,0.672560,0.000048,0.000010,1.570308,-0.300000,1.000000,1.100000,0.000000,0.000000,-1.571000,-0.299033,1.011028,0.340374,1.107905
13.026000,-0.000969,-0.011029,0.760972,-0.000634,-0.000443,0.672511,0.000048,0.000010,1.570308,-0.300000,1.000000,1.100000,0.000000,0.000000,-1.571000,-0.299031,1.011029,0.339028,1.107492
13.028000,-0.000970,-0.011030,0.762318,-0.000632,-0.000442,0.672463,0.000048,0.000009,1.570308,-0.300000,1.000000,1.100000,0.000000,0.000000,-1.571000,-0.299030,1.011030,0.337682,1.107081
13.030000,-0.000971,-0.011031,0.763665,-0.000630,-0.000441,0.672416,0.000047,0.000008,1.570308,-0.300000,1.000000,1.100000,0.000000,0.000000,-1.571000,-0.299029,1.011031,0.336335,1.106672
13.032000,-0.000972,-0.011032,0.765011,-0.000628,-0.000440,0.672371,0.000047,0.000007,1.570308,-0.300000,1.000000,1.100000,0.000000,0.000000,-1.571000,-0.299028,1.011032,0.334989,1.106264
13.034000,-0.000974,-0.011033,0.766357,-0.000626,-0.000439,0.672327,0.000046,0.000007,1.570308,-0.300000,1.000000,1.100000,0.000000,0.000000,-1.571000,-0.299026,1.011033,0.333643,1.105858
13.036000,-0.000975,-0.011033,0.767703,-0.000624,-0.000439,0.672283,0.000046,0.000006,1.570308,-0.300000,1.000000,1.100000,0.000000,0.000000,-1.571000,-0.299025,1.011033,0.332297,1.105453
13.038000,-0.000976,-0.011034,0.769049,-0.000622,-0.000438,0.672241,0.000045,0.000005,1.570308,-0.300000,1.000000,1.100000,0.000000,0.000000,-1.571000,-0.299024,1.011034,0.330951,1.105049
13.040000,-0.000977,-0.011035,0.770394,-0.000619,-0.000437,0.672200,0.000045,0.000005,1.570308,-0.300000,1.000000,1.100000,0.000000,0.000000,-1.571000,-0.299023,1.011035,0.329606,1.104648
13.042000,-0.000979,-0.011036,0.771740,-0.000617,-0.000436,0.672160,0.000044,0.000004,1.570308,-0.300000,1.000000,1.100000,0.000000,0.000000,-1.571000,-0.299021,1.011036,0.328260,1.104247
13.044000,-0.000980,-0.011037,0.773086,-0.000615,-0.000435,0.672121,0.000043,0.000003,1.570308,-0.300000,1.000000,1.100000,0.000000,0.000000,-1.571000,-0.299020,1.011037,0.326914,1.103849
13.046000,-0.000981,-0.011038,0.774431,-0.000613,-0.000434,0.672083,0.000042,0.000003,1.570308,-0.300000,1.000000,1.100000,0.000000,0.000000,-1.571000,-0.299019,1.011038,0.325569,1.103451
13.048000,-0.000982,-0.011039,0.775777,-0.000611,-0.000433,0.672046,0.000041,0.000002,1.570308,-0.300000,1.000000,1.100000,0.000000,0.000000,-1.571000,-0.299018,1.011039,0.324223,1.103056
13.050000,-0.000984,-0.011040,0.777122,-0.000609,-0.000432,0.672010,0.000040,0.000001,1.570308,-0.300000,1.000000,1.100000,0.000000,0.000000,-1.571000,-0.299016,1.011040,0.322878,1.102661
13.052000,-0.000985,-0.011040,0.778467,-0.000607,-0.000431,0.671976,0.000040,0.000001,1.570308,-0.300000,1.000000,1.100000,0.000000,0.000000,-1.571000,-0.299015,1.011040,0.321533,1.102269
13.054000,-0.000986,-0.011041,0.779813,-0.000605,-0.000431,0.671944,0.000039,0.000000,1.570308,-0.300000,1.000000,1.100000,0.000000,0.000000,-1.571000,-0.299014,1.011041,0.320187,1.101877
13.056000,-0.000987,-0.011042,0.781158,-0.000603,-0.000430,0.671912,0.000038,-0.000000,1.570308,-0.300000,1.000000,1.100000,0.000000,0.000000,-1.571000,-0.299013,1.011042,0.318842,1.101488
13.058000,-0.000988,-0.011043,0.782503,-0.000602,-0.000429,0.671882,0.000037,-0.000001,1.570308,-0.300000,1.000000,1.100000,0.000000,0.000000,-1.571000,-0.299012,1.011043,0.317497,1.101100
13.060000,-0.000990,-0.011044,0.783848,-0.000600,-0.000428,0.671854,0.000036,-0.000001,1.570308,-0.300000,1.000000,1.100000,0.000000,0.000000,-1.571000,-0.299010,1.011044,0.316152,1.100713
13.062000,-0.000991,-0.011045,0.785193,-0.000598,-0.000428,0.671827,0.000035,-0.000002,1.570308,-0.300000,1.000000,1.100000,0.000000,0.000000,-1.571000,-0.299009,1.011045,0.314807,1.100328
13.064000,-0.000992,-0.011046,0.786538,-0.000596,-0.000427,0.671801,0.000034,-0.000002,1.570308,-0.300000,1.000000,1.100000,0.000000,0.000000,-1.571000,-0.299008,1.011046,0.313462,1.099944
13.066000,-0.000993,-0.011046,0.787883,-0.000594,-0.000426,0.671776,0.000033,-0.000002,1.570308,-0.300000,1.000000,1.100000,0.000000,0.000000,-1.571000,-0.299007,1.011046,0.312117,1.099562
13.068000,-0.000994,-0.011047,0.789228,-0.000592,-0.000425,0.671753,0.000031,-0.000002,1.570308,-0.300000,1.000000,1.100000,0.000000,0.000000,-1.571000,-0.299006,1.011047,0.310772,1.099182
13.070000,-0.000996,-0.011048,0.790573,-0.000591,-0.000425,0.671731,0.000030,-0.000003,1.570308,-0.300000,1.000000,1.100000,0.000000,0.000000,-1.571000,-0.299004,1.011048,0.309427,1.098803
13.072000,-0.000997,-0.011049,0.791917,-0.000589,-0.000424,0.671711,0.000029,-0.000003,1.570308,-0.300000,1.000000,1.100000,0.000000,0.000000,-1.571000,-0.299003,1.011049,0.308083,1.098425
13.074000,-0.000998,-0.011050,0.793262,-0.000587,-0.000423,0.671691,0.000028,-0.000003,1.570308,-0.300000,1.000000,1.100000,0.000000,0.000000,-1.571000,-0.299002,1.011050,0.306738,1.098049
13.076000,-0.000999,-0.011051,0.794607,-0.000586,-0.000422,0.671673,0.000027,-0.000003,1.570308,-0.300000,1.000000,1.100000,0.000000,0.000000,-1.571000,-0.299001,1.011051,0.305393,1.097675
13.078000,-0.001000,-0.011051,0.795951,-0.000584,-0.000422,0.671656,0.000026,-0.000003,1.570308,-0.300000,1.000000,1.100000,0.000000,0.000000,-1.571000,-0.299000,1.011051,0.304049,1.097302
13.080000,-0.001001,-0.011052,0.797296,-0.000582,-0.000421,0.671640,0.000025,-0.000003,1.570308,-0.300000,1.000000,1.100000,0.000000,0.000000,-1.571000,-0.298999,1.011052,0.302704,1.096931
13.082000,-0.001003,-0.011053,0.798641,-0.000581,-0.000420,0.671626,0.000024,-0.000003,1.570308,-0.300000,1.000000,1.100000,0.000000,0.000000,-1.571000,-0.298997,1.011053,0.301359,1.096561
13.084000,-0.001004,-0.011054,0.799985,-0.000579,-0.000420,0.671613,0.000023,-0.000003,1.570308,-0.300000,1.000000,1.100000,0.000000,0.000000,-1.571000,-0.298996,1.011054,0.300015,1.096192
13.086000,-0.001005,-0.011055,0.801330,-0.000578,-0.000419,0.671600,0.000021,-0.000003,1.570308,-0.300000,1.000000,1.100000,0.000000,0.000000,-1.571000,-0.298995,1.011055,0.298670,1.095826
13.088000,-0.001006,-0.011056,0.802674,-0.000576,-0.000418,0.671590,0.000020,-0.000003,1.570308,-0.300000,1.000000,1.100000,0.000000,0.000000,-1.571000,-0.298994,1.011056,0.297326,1.095460
13.090000,-0.001007,-0.011057,0.804019,-0.000575,-0.000417,0.671581,0.000019,-0.000003,1.570308,-0.300000,1.000000,1.100000,0.000000,0.000000,-1.571000,-0.298993,1.011057,0.295981,1.095097
13.092000,-0.001008,-0.011057,0.805363,-0.000573,-0.000417,0.671573,0.000018,-0.000002,1.570308,-0.300000,1.000000,1.100000,0.000000,0.000000,-1.571000,-0.298992,1.011057,0.294637,1.094735
13.094000,-0.001010,-0.011058,0.806708,-0.000572,-0.000416,0.671566,0.000017,-0.000002,1.570308,-0.300000,1.000000,1.100000,0.000000,0.000000,-1.571000,-0.298990,1.011058,0.293292,1.094374
13.096000,-0.001011,-0.011059,0.808052,-0.000570,-0.000415,0.671561,0.000016,-0.000002,1.570308,-0.300000,1.000000,1.100000,0.000000,0.000000,-1.571000,-0.298989,1.011059,0.291948,1.094015
13.098000,-0.001012,-0.011060,0.809397,-0.000569,-0.000414,0.671556,0.000014,-0.000001,1.570308,-0.300000,1.000000,1.100000,0.000000,0.000000,-1.571000,-0.298988,1.011060,0.290603,1.093657
13.100000,-0.001013,-0.011061,0.810741,-0.000568,-0.000414,0.671549,0.000013,-0.000001,1.570308,-0.300000,1.000000,1.100000,0.000000,0.000000,-1.571000,-0.298987,1.011061,0.289259,1.093301
13.102000,-0.001014,-0.011061,0.812086,-0.000566,-0.000413,0.671541,0.000012,-0.000000,1.570308,-0.300000,1.000000,1.100000,0.000000,0.000000,-1.571000,-0.298986,1.011061,0.287914,1.092947
13.104000,-0.001015,-0.011062,0.813430,-0.000565,-0.000412,0.671532,0.000011,0.000000,1.570308,-0.300000,1.000000,1.100000,0.000000,0.000000,-1.571000,-0.298985,1.011062,0.286570,1.092594
13.106000,-0.001016,-0.011063,0.814774,-0.000564,-0.000411,0.671522,0.000010,0.000001,1.570308,-0.300000,1.000000,1.100000,0.000000,0.000000,-1.571000,-0.298984,1.011063,0.285226,1.092242
13.108000,-0.001017,-0.011064,0.816119,-0.000563,-0.000411,0.671512,0.000009,0.000002,1.570308,-0.300000,1.000000,1.100000,0.000000,0.000000,-1.571000,-0.298983,1.011064,0.283881,1.091893
13.110000,-0.001019,-0.011065,0.817463,-0.000561,-0.000410,0.671501,0.000007,0.000002,1.570308,-0.300000,1.000000,1.100000,0.000000,0.000000,-1.571000,-0.298981,1.011065,0.282537,1.091544
13.112000,-0.001020,-0.011066,0.818807,-0.000560,-0.000409,0.671490,0.000006,0.000003,1.570308,-0.300000,1.000000,1.100000,0.000000,0.000000,-1.571000,-0.298980,1.011066,0.281193,1.091198
13.114000,-0.001021,-0.011066,0.820152,-0.000559,-0.000408,0.671479,0.000005,0.000004,1.570308,-0.300000,1.000000,1.100000,0.000000,0.000000,-1.571000,-0.298979,1.011066,0.279848,1.090852
13.116000,-0.001022,-0.011067,0.821496,-0.000558,-0.000407,0.671467,0.000004,0.000005,1.570308,-0.300000,1.000000,1.100000,0.000000,0.000000,-1.571000,-0.298978,1.011067,0.278504,1.090509
13.118000,-0.001023,-0.011068,0.822840,-0.000557,-0.000406,0.671456,0.000003,0.000005,1.570308,-0.300000,1.000000,1.100000,0.000000,0.000000,-1.571000,-0.298977,1.011068,0.277160,1.090167
13.120000,-0.001024,-0.011069,0.824185,-0.000556,-0.000406,0.671445,0.000002,0.000006,1.570308,-0.300000,1.000000,1.100000,0.000000,0.000000,-1.571000,-0.298976,1.011069,0.275815,1.089826
13.122000,-0.001025,-0.011070,0.825529,-0.000555,-0.000405,0.671435,0.000000,0.000007,1.570308,-0.300000,1.000000,1.100000,0.000000,0.000000,-1.571000,-0.298975,1.011070,0.274471,1.089487
13.124000,-0.001026,-0.011070,0.826873,-0.000554,-0.000404,0.671425,-0.000001,0.000008,1.570308,-0.300000,1.000000,1.100000,0.000000,0.000000,-1.571000,-0.298974,1.011070,0.273127,1.089150
13.126000,-0.001028,-0.011071,0.828217,-0.000553,-0.000403,0.671416,-0.000002,0.000008,1.570308,-0.300000,1.000000,1.100000,0.000000,0.000000,-1.571000,-0.298972,1.011071,0.271783,1.088814
13.128000,-0.001029,-0.011072,0.829561,-0.000552,-0.000402,0.671407,-0.000003,0.000009,1.570308,-0.300000,1.000000,1.100000,0.000000,0.000000,-1.571000,-0.298971,1.011072,0.270439,1.088480
13.130000,-0.001030,-0.011073,0.830905,-0.000551,-0.000401,0.671399,-0.000004,0.000010,1.570308,-0.300000,1.000000,1.100000,0.000000,0.000000,-1.571000,-0.298970,1.011073,0.269095,1.088147
13.132000,-0.001031,-0.011074,0.832250,-0.000550,-0.000400,0.671391,-0.000006,0.000010,1.570308,-0.300000,1.000000,1.100000,0.000000,0.000000,-1.571000,-0.298969,1.011074,0.267750,1.087816
13.134000,-0.001032,-0.011074,0.833594,-0.000549,-0.000399,0.671384,-0.000007,0.000011,1.570308,-0.300000,1.000000,1.100000,0.000000,0.000000,-1.571000,-0.298968,1.011074,0.266406,1.087486
13.136000,-0.001033,-0.011075,0.834938,-0.000548,-0.000398,0.671377,-0.000008,0.000011,1.570308,-0.300000,1.000000,1.100000,0.000000,0.000000,-1.571000,-0.298967,1.011075,0.265062,1.087158
13.138000,-0.001034,-0.011076,0.836282,-0.000547,-0.000397,0.671370,-0.000009,0.000012,1.570308,-0.300000,1.000000,1.100000,0.000000,0.000000,-1.571000,-0.298966,1.011076,0.263718,1.086831
13.140000,-0.001035,-0.011077,0.837626,-0.000546,-0.000396,0.671365,-0.000010,0.000012,1.570308,-0.300000,1.000000,1.100000,0.000000,0.000000,-1.571000,-0.298965,1.011077,0.262374,1.086507
13.142000,-0.001036,-0.011078,0.838970,-0.000545,-0.000395,0.671360,-0.000012,0.000013,1.570308,-0.300000,1.000000,1.100000,0.000000,0.000000,-1.571000,-0.298964,1.011078,0.261030,1.086183
13.144000,-0.001037,-0.011078,0.840314,-0.000545,-0.000394,0.671355,-0.000013,0.000013,1.570308,-0.300000,1.000000,1.100000,0.000000,0.000000,-1.571000,-0.298963,1.011078,0.259686,1.085861
13.146000,-0.001038,-0.011079,0.841658,-0.000544,-0.000393,0.671351,-0.000014,0.000013,1.570308,-0.300000,1.000000,1.100000,0.000000,0.000000,-1.571000,-0.298962,1.011079,0.258342,1.085541
13.148000,-0.001040,-0.011080,0.843002,-0.000543,-0.000392,0.671348,-0.000015,0.000013,1.570308,-0.300000,1.000000,1.100000,0.000000,0.000000,-1.571000,-0.298960,1.011080,0.256998,1.085223
13.150000,-0.001041,-0.011081,0.844346,-0.000543,-0.000391,0.671346,-0.000016,0.000014,1.570308,-0.300000,1.000000,1.100000,0.000000,0.000000,-1.571000,-0.298959,1.011081,0.255654,1.084906
13.152000,-0.001042,-0.011082,0.845690,-0.000542,-0.000390,0.671345,-0.000017,0.000014,1.570308,-0.300000,1.000000,1.100000,0.000000,0.000000,-1.571000,-0.298958,1.011082,0.254310,1.084590
13.154000,-0.001043,-0.011082,0.847034,-0.000541,-0.000389,0.671345,-0.000019,0.000014,1.570308,-0.300000,1.000000,1.100000,0.000000,0.000000,-1.571000,-0.298957,1.011082,0.252966,1.084276
13.156000,-0.001044,-0.011083,0.848378,-0.000541,-0.000388,0.671346,-0.000020,0.000014,1.570308,-0.300000,1.000000,1.100000,0.000000,0.000000,-1.571000,-0.298956,1.011083,0.251622,1.083964
13.158000,-0.001045,-0.011084,0.849722,-0.000540,-0.000387,0.671347,-0.000021,0.000014,1.570308,-0.300000,1.000000,1.100000,0.000000,0.000000,-1.571000,-0.298955,1.011084,0.250278,1.083653
13.160000,-0.001046,-0.011085,0.851066,-0.000540,-0.000386,0.671350,-0.000022,0.000013,1.570308,-0.300000,1.000000,1.100000,0.000000,0.000000,-1.571000,-0.298954,1.011085,0.248934,1.083344
13.162000,-0.001047,-0.011085,0.852410,-0.000539,-0.000385,0.671353,-0.000023,0.000013,1.570308,-0.300000,1.000000,1.100000,0.000000,0.000000,-1.571000,-0.298953,1.011085,0.247590,1.083036
13.164000,-0.001048,-0.011086,0.853755,-0.000539,-0.000384,0.671358,-0.000025,0.000013,1.570308,-0.300000,1.000000,1.100000,0.000000,0.000000,-1.571000,-0.298952,1.011086,0.246245,1.082730
13.166000,-0.001049,-0.011087,0.855099,-0.000538,-0.000383,0.671363,-0.000026,0.000013,1.570308,-0.300000,1.000000,1.100000,0.000000,0.000000,-1.571000,-0.298951,1.011087,0.244901,1.082426
13.168000,-0.001050,-0.011088,0.856443,-0.000538,-0.000382,0.671369,-0.000027,0.000012,1.570308,-0.300000,1.000000,1.100000,0.000000,0.000000,-1.571000,-0.298950,1.011088,0.243557,1.082123
13.170000,-0.001051,-0.011089,0.857787,-0.000537,-0.000381,0.671376,-0.000028,0.000012,1.570308,-0.300000,1.000000,1.100000,0.000000,0.000000,-1.571000,-0.298949,1.011089,0.242213,1.081821
13.172000,-0.001053,-0.011089,0.859131,-0.000537,-0.000380,0.671384,-0.000029,0.000012,1.570308,-0.300000,1.000000,1.100000,0.000000,0.000000,-1.571000,-0.298947,1.011089,0.240869,1.081522
13.174000,-0.001054,-0.011090,0.860475,-0.000536,-0.000379,0.671393,-0.000031,0.000011,1.570308,-0.300000,1.000000,1.100000,0.000000,0.000000,-1.571000,-0.298946,1.011090,0.239525,1.081224
13.176000,-0.001055,-0.011091,0.861819,-0.000536,-0.000378,0.671402,-0.000032,0.000011,1.570308,-0.300000,1.000000,1.100000,0.000000,0.000000,-1.571000,-0.298945,1.011091,0.238181,1.080927
13.178000,-0.001056,-0.011092,0.863163,-0.000536,-0.000378,0.671413,-0.000033,0.000011,1.570308,-0.300000,1.000000,1.100000,0.000000,0.000000,-1.571000,-0.298944,1.011092,0.236837,1.080632
13.180000,-0.001057,-0.011092,0.864507,-0.000535,-0.000377,0.671425,-0.000034,0.000011,1.570308,-0.300000,1.000000,1.100000,0.000000,0.000000,-1.571000,-0.298943,1.011092,0.235493,1.080339
13.182000,-0.001058,-0.011093,0.865852,-0.000535,-0.000376,0.671437,-0.000035,0.000010,1.570308,-0.300000,1.000000,1.100000,0.000000,0.000000,-1.571000,-0.298942,1.011093,0.234148,1.080047
13.184000,-0.001059,-0.011094,0.867196,-0.000535,-0.000375,0.671450,-0.000037,0.000010,1.570308,-0.300000,1.000000,1.100000,0.000000,0.000000,-1.571000,-0.298941,1.011094,0.232804,1.079757
13.186000,-0.001060,-0.011095,0.868540,-0.000535,-0.000374,0.671465,-0.000038,0.000010,1.570308,-0.300000,1.000000,1.100000,0.000000,0.000000,-1.571000,-0.298940,1.011095,0.231460,1.079468
13.188000,-0.001061,-0.011095,0.869884,-0.000534,-0.000373,0.671481,-0.000039,0.000009,1.570308,-0.300000,1.000000,1.100000,0.000000,0.000000,-1.571000,-0.298939,1.011095,0.230116,1.079181
13.190000,-0.001062,-0.011096,0.871228,-0.000534,-0.000372,0.671103,-0.000040,0.000009,1.570308,-0.300000,1.000000,1.100000,0.000000,0.000000,-1.571000,-0.298938,1.011096,0.228772,1.078896
13.192000,-0.001063,-0.011097,0.872570,-0.000534,-0.000371,0.669985,-0.000041,0.000009,1.570308,-0.300000,1.000000,1.100000,0.000000,0.000000,-1.571000,-0.298937,1.011097,0.227430,1.078612
13.194000,-0.001064,-0.011098,0.873909,-0.000534,-0.000370,0.668200,-0.000042,0.000008,1.570308,-0.300000,1.000000,1.100000,0.000000,0.000000,-1.571000,-0.298936,1.011098,0.226091,1.078331
13.196000,-0.001065,-0.011098,0.875243,-0.000534,-0.000370,0.665813,-0.000043,0.000007,1.570308,-0.300000,1.000000,1.100000,0.000000,0.000000,-1.571000,-0.298935,1.011098,0.224757,1.078053
13.198000,-0.001066,-0.011099,0.876572,-0.000533,-0.000369,0.662882,-0.000044,0.000006,1.570308,-0.300000,1.000000,1.100000,0.000000,0.000000,-1.571000,-0.298934,1.011099,0.223428,1.077777
13.200000,-0.001068,-0.011100,0.877894,-0.000533,-0.000368,0.659463,-0.000045,0.000004,1.570308,-0.300000,1.000000,1.100000,0.000000,0.000000,-1.571000,-0.298932,1.011100,0.222106,1.077504
13.202000,-0.001069,-0.011101,0.879208,-0.000533,-0.000367,0.655605,-0.000046,0.000002,1.570308,-0.300000,1.000000,1.100000,0.000000,0.000000,-1.571000,-0.298931,1.011101,0.220792,1.077234
13.204000,-0.001070,-0.011101,0.880515,-0.000533,-0.000367,0.651353,-0.000046,-0.000001,1.570308,-0.300000,1.000000,1.100000,0.000000,0.000000,-1.571000,-0.298930,1.011101,0.219485,1.076967
13.206000,-0.001071,-0.011102,0.881812,-0.000533,-0.000366,0.646749,-0.000047,-0.000005,1.570308,-0.300000,1.000000,1.100000,0.000000,0.000000,-1.571000,-0.298929,1.011102,0.218188,1.076704
13.208000,-0.001072,-0.011103,0.883099,-0.000532,-0.000365,0.641829,-0.000048,-0.000009,1.570308,-0.300000,1.000000,1.100000,0.000000,0.000000,-1.571000,-0.298928,1.011103,0.216901,1.076445
13.210000,-0.001073,-0.011103,0.884376,-0.000532,-0.000365,0.636628,-0.000048,-0.000014,1.570308,-0.300000,1.000000,1.100000,0.000000,0.000000,-1.571000,-0.298927,1.011103,0.215624,1.076188
13.212000,-0.001074,-0.011104,0.885643,-0.000532,-0.000364,0.631175,-0.000049,-0.000020,1.570308,-0.300000,1.000000,1.100000,0.000000,0.000000,-1.571000,-0.298926,1.011104,0.214357,1.075936
13.214000,-0.001075,-0.011105,0.886898,-0.000532,-0.000364,0.625497,-0.000049,-0.000026,1.570308,-0.300000,1.000000,1.100000,0.000000,0.000000,-1.571000,-0.298925,1.011105,0.213102,1.075687
13.216000,-0.001076,-0.011106,0.888141,-0.000531,-0.000364,0.619619,-0.000049,-0.000033,1.570308,-0.300000,1.000000,1.100000,0.000000,0.000000,-1.571000,-0.298924,1.011106,0.211859,1.075441
13.218000,-0.001077,-0.011106,0.889373,-0.000531,-0.000364,0.613564,-0.000050,-0.000041,1.570308,-0.300000,1.000000,1.100000,0.000000,0.000000,-1.571000,-0.298923,1.011106,0.210627,1.075200
13.220000,-0.001078,-0.011107,0.890592,-0.000531,-0.000363,0.607352,-0.000050,-0.000049,1.570308,-0.300000,1.000000,1.100000,0.000000,0.000000,-1.571000,-0.298922,1.011107,0.209408,1.074962
13.222000,-0.001079,-0.011108,0.891798,-0.000530,-0.000364,0.601004,-0.000050,-0.000058,1.570308,-0.300000,1.000000,1.100000,0.000000,0.000000,-1.571000,-0.298921,1.011108,0.208202,1.074728
13.224000,-0.001080,-0.011109,0.892992,-0.000530,-0.000364,0.594535,-0.000050,-0.000068,1.570308,-0.300000,1.000000,1.100000,0.000000,0.000000,-1.571000,-0.298920,1.011109,0.207008,1.074498
13.226000,-0.001081,-0.011109,0.894172,-0.000530,-0.000364,0.587963,-0.000050,-0.000078,1.570308,-0.300000,1.000000,1.100000,0.000000,0.000000,-1.571000,-0.298919,1.011109,0.205828,1.074272
13.228000,-0.001082,-0.011110,0.895339,-0.000530,-0.000365,0.581300,-0.000049,-0.000089,1.570308,-0.300000,1.000000,1.100000,0.000000,0.000000,-1.571000,-0.298918,1.011110,0.204661,1.074049
13.230000,-0.001083,-0.011111,0.896493,-0.000529,-0.000365,0.574560,-0.000049,-0.000101,1.570308,-0.300000,1.000000,1.100000,0.000000,0.000000,-1.571000,-0.298917,1.011111,0.203507,1.073830
13.232000,-0.001085,-0.011111,0.897633,-0.000529,-0.000366,0.567755,-0.000048,-0.000113,1.570308,-0.300000,1.000000,1.100000,0.000000,0.000000,-1.571000,-0.298915,1.011111,0.202367,1.073615
13.234000,-0.001086,-0.011112,0.898759,-0.000529,-0.000367,0.560895,-0.000048,-0.000125,1.570308,-0.300000,1.000000,1.100000,0.000000,0.000000,-1.571000,-0.298914,1.011112,0.201241,1.073404
13.236000,-0.001087,-0.011113,0.899872,-0.000528,-0.000368,0.553991,-0.000047,-0.000138,1.570308,-0.300000,1.000000,1.100000,0.000000,0.000000,-1.571000,-0.298913,1.011113,0.200128,1.073196
13.238000,-0.001088,-0.011114,0.900970,-0.000528,-0.000369,0.547050,-0.000047,-0.000151,1.570308,-0.300000,1.000000,1.100000,0.000000,0.000000,-1.571000,-0.298912,1.011114,0.199030,1.072992
13.240000,-0.001089,-0.011114,0.902055,-0.000528,-0.000371,0.540081,-0.000046,-0.000164,1.570308,-0.300000,1.000000,1.100000,0.000000,0.000000,-1.571000,-0.298911,1.011114,0.197945,1.072792
13.242000,-0.001090,-0.011115,0.903126,-0.000527,-0.000372,0.533088,-0.000045,-0.000178,1.570308,-0.300000,1.000000,1.100000,0.000000,0.000000,-1.571000,-0.298910,1.011115,0.196874,1.072595
13.244000,-0.001091,-0.011116,0.904183,-0.000527,-0.000374,0.526078,-0.000044,-0.000192,1.570308,-0.300000,1.000000,1.100000,0.000000,0.000000,-1.571000,-0.298909,1.011116,0.195817,1.072402
13.246000,-0.001092,-0.011117,0.905225,-0.000527,-0.000376,0.519059,-0.000043,-0.000206,1.570308,-0.300000,1.000000,1.100000,0.000000,0.000000,-1.571000,-0.298908,1.011117,0.194775,1.072213
13.248000,-0.001093,-0.011117,0.906254,-0.000526,-0.000378,0.512036,-0.000042,-0.000220,1.570308,-0.300000,1.000000,1.100000,0.000000,0.000000,-1.571000,-0.298907,1.011117,0.193746,1.072027
13.250000,-0.001094,-0.011118,0.907268,-0.000526,-0.000380,0.505015,-0.000041,-0.000234,1.570308,-0.300000,1.000000,1.100000,0.000000,0.000000,-1.571000,-0.298906,1.011118,0.192732,1.071844
13.252000,-0.001095,-0.011119,0.908269,-0.000525,-0.000383,0.498000,-0.000040,-0.000248,1.570308,-0.300000,1.000000,1.100000,0.000000,0.000000,-1.571000,-0.298905,1.011119,0.191731,1.071665
13.254000,-0.001096,-0.011120,0.909255,-0.000525,-0.000385,0.490994,-0.000039,-0.000261,1.570308,-0.300000,1.000000,1.100000,0.000000,0.000000,-1.571000,-0.298904,1.011120,0.190745,1.071490
13.256000,-0.001097,-0.011120,0.910228,-0.000525,-0.000388,0.484000,-0.000038,-0.000275,1.570308,-0.300000,1.000000,1.100000,0.000000,0.000000,-1.571000,-0.298903,1.011120,0.189772,1.071317
13.258000,-0.001098,-0.011121,0.911186,-0.000524,-0.000391,0.477022,-0.000037,-0.000288,1.570308,-0.300000,1.000000,1.100000,0.000000,0.000000,-1.571000,-0.298902,1.011121,0.188814,1.071148
13.260000,-0.001099,-0.011122,0.912131,-0.000524,-0.000395,0.470063,-0.000036,-0.000301,1.570308,-0.300000,1.000000,1.100000,0.000000,0.000000,-1.571000,-0.298901,1.011122,0.187869,1.070983
13.262000,-0.001100,-0.011123,0.913062,-0.000523,-0.000398,0.463125,-0.000035,-0.000314,1.570308,-0.300000,1.000000,1.100000,0.000000,0.000000,-1.571000,-0.298900,1.011123,0.186938,1.070820
13.264000,-0.001101,-0.011124,0.913978,-0.000523,-0.000401,0.456210,-0.000034,-0.000326,1.570308,-0.300000,1.000000,1.100000,0.000000,0.000000,-1.571000,-0.298899,1.011124,0.186022,1.070661
13.266000,-0.001102,-0.011124,0.914881,-0.000522,-0.000405,0.449320,-0.000033,-0.000338,1.570308,-0.300000,1.000000,1.100000,0.000000,0.000000,-1.571000,-0.298898,1.011124,0.185119,1.070505
13.268000,-0.001103,-0.011125,0.915771,-0.000522,-0.000409,0.442458,-0.000032,-0.000349,1.570308,-0.300000,1.000000,1.100000,0.000000,0.000000,-1.571000,-0.298897,1.011125,0.184229,1.070352
13.270000,-0.001105,-0.011126,0.916646,-0.000521,-0.000413,0.435626,-0.000031,-0.000360,1.570308,-0.300000,1.000000,1.100000,0.000000,0.000000,-1.571000,-0.298895,1.011126,0.183354,1.070202
13.272000,-0.001106,-0.011127,0.917508,-0.000520,-0.000417,0.428824,-0.000029,-0.000370,1.570308,-0.300000,1.000000,1.100000,0.000000,0.000000,-1.571000,-0.298894,1.011127,0.182492,1.070056
13.274000,-0.001107,-0.011128,0.918356,-0.000520,-0.000421,0.422054,-0.000028,-0.000379,1.570308,-0.300000,1.000000,1.100000,0.000000,0.000000,-1.571000,-0.298893,1.011128,0.181644,1.069912
13.276000,-0.001108,-0.011129,0.919191,-0.000519,-0.000426,0.415317,-0.000027,-0.000388,1.570308,-0.300000,1.000000,1.100000,0.000000,0.000000,-1.571000,-0.298892,1.011129,0.180809,1.069771
13.278000,-0.001109,-0.011129,0.920013,-0.000519,-0.000430,0.408615,-0.000026,-0.000396,1.570308,-0.300000,1.000000,1.100000,0.000000,0.000000,-1.571000,-0.298891,1.011129,0.179987,1.069633
13.280000,-0.001110,-0.011130,0.920821,-0.000518,-0.000435,0.401947,-0.000025,-0.000404,1.570308,-0.300000,1.000000,1.100000,0.000000,0.000000,-1.571000,-0.298890,1.011130,0.179179,1.069498
13.282000,-0.001111,-0.011131,0.921615,-0.000518,-0.000440,0.395316,-0.000023,-0.000411,1.570308,-0.300000,1.000000,1.100000,0.000000,0.000000,-1.571000,-0.298889,1.011131,0.178385,1.069365
13.284000,-0.001112,-0.011132,0.922397,-0.000517,-0.000445,0.388722,-0.000022,-0.000417,1.570308,-0.300000,1.000000,1.100000,0.000000,0.000000,-1.571000,-0.298888,1.011132,0.177603,1.069236
13.286000,-0.001113,-0.011133,0.923165,-0.000516,-0.000450,0.382167,-0.000021,-0.000422,1.570308,-0.300000,1.000000,1.100000,0.000000,0.000000,-1.571000,-0.298887,1.011133,0.176835,1.069109
13.288000,-0.001114,-0.011134,0.923921,-0.000516,-0.000455,0.375649,-0.000020,-0.000427,1.570308,-0.300000,1.000000,1.100000,0.000000,0.000000,-1.571000,-0.298886,1.011134,0.176079,1.068985
13.290000,-0.001115,-0.011135,0.924663,-0.000515,-0.000460,0.369171,-0.000019,-0.000430,1.570308,-0.300000,1.000000,1.100000,0.000000,0.000000,-1.571000,-0.298885,1.011135,0.175337,1.068863
13.292000,-0.001116,-0.011136,0.925392,-0.000514,-0.000465,0.362732,-0.000017,-0.000433,1.570308,-0.300000,1.000000,1.100000,0.000000,0.000000,-1.571000,-0.298884,1.011136,0.174608,1.068745
13.294000,-0.001117,-0.011137,0.926109,-0.000513,-0.000470,0.356332,-0.000016,-0.000435,1.570308,-0.300000,1.000000,1.100000,0.000000,0.000000,-1.571000,-0.298883,1.011137,0.173891,1.068628
13.296000,-0.001118,-0.011138,0.926813,-0.000513,-0.000475,0.349973,-0.000015,-0.000437,1.570308,-0.300000,1.000000,1.100000,0.000000,0.000000,-1.571000,-0.298882,1.011138,0.173187,1.068515
13.298000,-0.001119,-0.011139,0.927504,-0.000512,-0.000480,0.343653,-0.000014,-0.000437,1.570308,-0.300000,1.000000,1.100000,0.000000,0.000000,-1.571000,-0.298881,1.011139,0.172496,1.068404
13.300000,-0.001120,-0.011140,0.928182,-0.000511,-0.000485,0.337373,-0.000012,-0.000437,1.570308,-0.300000,1.000000,1.100000,0.000000,0.000000,-1.571000,-0.298880,1.011140,0.171818,1.068295
13.302000,-0.001121,-0.011141,0.928848,-0.000510,-0.000491,0.331133,-0.000011,-0.000436,1.570308,-0.300000,1.000000,1.100000,0.000000,0.000000,-1.571000,-0.298879,1.011141,0.171152,1.068189
13.304000,-0.001122,-0.011142,0.929502,-0.000510,-0.000496,0.324934,-0.000010,-0.000434,1.570308,-0.300000,1.000000,1.100000,0.000000,0.000000,-1.571000,-0.298878,1.011142,0.170498,1.068085
13.306000,-0.001123,-0.011143,0.930143,-0.000509,-0.000501,0.318775,-0.000008,-0.000431,1.570308,-0.300000,1.000000,1.100000,0.000000,0.000000,-1.571000,-0.298877,1.011143,0.169857,1.067983
13.308000,-0.001124,-0.011144,0.930772,-0.000508,-0.000506,0.312657,-0.000007,-0.000427,1.570308,-0.300000,1.000000,1.100000,0.000000,0.000000,-1.571000,-0.298876,1.011144,0.169228,1.067884
13.310000,-0.001125,-0.011145,0.931389,-0.000507,-0.000511,0.306578,-0.000006,-0.000423,1.570308,-0.300000,1.000000,1.100000,0.000000,0.000000,-1.571000,-0.298875,1.011145,0.168611,1.067787
13.312000,-0.001126,-0.011146,0.931994,-0.000506,-0.000516,0.300541,-0.000005,-0.000418,1.570308,-0.300000,1.000000,1.100000,0.000000,0.000000,-1.571000,-0.298874,1.011146,0.168006,1.067692
13.314000,-0.001127,-0.011147,0.932587,-0.000505,-0.000521,0.294544,-0.000003,-0.000412,1.570308,-0.300000,1.000000,1.100000,0.000000,0.000000,-1.571000,-0.298873,1.011147,0.167413,1.067600
13.316000,-0.001128,-0.011148,0.933167,-0.000505,-0.000526,0.288587,-0.000002,-0.000405,1.570308,-0.300000,1.000000,1.100000,0.000000,0.000000,-1.571000,-0.298872,1.011148,0.166833,1.067510
13.318000,-0.001129,-0.011149,0.933736,-0.000504,-0.000531,0.282671,-0.000001,-0.000398,1.570308,-0.300000,1.000000,1.100000,0.000000,0.000000,-1.571000,-0.298871,1.011149,0.166264,1.067422
13.320000,-0.001130,-0.011150,0.934293,-0.000503,-0.000535,0.276798,0.000000,-0.000390,1.570308,-0.300000,1.000000,1.100000,0.000000,0.000000,-1.571000,-0.298870,1.011150,0.165707,1.067336
13.322000,-0.001131,-0.011151,0.934839,-0.000502,-0.000540,0.270965,0.000002,-0.000381,1.570308,-0.300000,1.000000,1.100000,0.000000,0.000000,-1.571000,-0.298869,1.011151,0.165161,1.067252
13.324000,-0.001132,-0.011152,0.935372,-0.000501,-0.000544,0.265173,0.000003,-0.000372,1.570308,-0.300000,1.000000,1.100000,0.000000,0.000000,-1.571000,-0.298868,1.011152,0.164628,1.067170
13.326000,-0.001133,-0.011153,0.935895,-0.000500,-0.000549,0.259423,0.000004,-0.000362,1.570308,-0.300000,1.000000,1.100000,0.000000,0.000000,-1.571000,-0.298867,1.011153,0.164105,1.067091
13.328000,-0.001134,-0.011154,0.936405,-0.000499,-0.000553,0.253713,0.000006,-0.000352,1.570308,-0.300000,1.000000,1.100000,0.000000,0.000000,-1.571000,-0.298866,1.011154,0.163595,1.067013
13.330000,-0.001135,-0.011155,0.936905,-0.000498,-0.000557,0.248042,0.000007,-0.000341,1.570308,-0.300000,1.000000,1.100000,0.000000,0.000000,-1.571000,-0.298865,1.011155,0.163095,1.066937
13.332000,-0.001136,-0.011156,0.937393,-0.000497,-0.000560,0.242412,0.000008,-0.000329,1.570308,-0.300000,1.000000,1.100000,0.000000,0.000000,-1.571000,-0.298864,1.011156,0.162607,1.066864
13.334000,-0.001137,-0.011158,0.937870,-0.000496,-0.000564,0.236822,0.000009,-0.000318,1.570308,-0.300000,1.000000,1.100000,0.000000,0.000000,-1.571000,-0.298863,1.011158,0.162130,1.066792
13.336000,-0.001138,-0.011159,0.938336,-0.000495,-0.000568,0.231272,0.000011,-0.000305,1.570308,-0.300000,1.000000,1.100000,0.000000,0.000000,-1.571000,-0.298862,1.011159,0.161664,1.066722
13.338000,-0.001139,-0.011160,0.938790,-0.000494,-0.000571,0.225761,0.000012,-0.000293,1.570308,-0.300000,1.000000,1.100000,0.000000,0.000000,-1.571000,-0.298861,1.011160,0.161210,1.066654
13.340000,-0.001140,-0.011161,0.939234,-0.000493,-0.000574,0.220289,0.000013,-0.000280,1.570308,-0.300000,1.000000,1.100000,0.000000,0.000000,-1.571000,-0.298860,1.011161,0.160766,1.066588
13.342000,-0.001141,-0.011162,0.939667,-0.000491,-0.000577,0.214858,0.000015,-0.000267,1.570308,-0.300000,1.000000,1.100000,0.000000,0.000000,-1.571000,-0.298859,1.011162,0.160333,1.066523
13.344000,-0.001142,-0.011163,0.940089,-0.000490,-0.000580,0.209467,0.000016,-0.000253,1.570308,-0.300000,1.000000,1.100000,0.000000,0.000000,-1.571000,-0.298858,1.011163,0.159911,1.066461
13.346000,-0.001143,-0.011164,0.940500,-0.000489,-0.000582,0.204116,0.000017,-0.000240,1.570308,-0.300000,1.000000,1.100000,0.000000,0.000000,-1.571000,-0.298857,1.011164,0.159500,1.066400
13.348000,-0.001144,-0.011166,0.940901,-0.000488,-0.000585,0.198803,0.000018,-0.000226,1.570308,-0.300000,1.000000,1.100000,0.000000,0.000000,-1.571000,-0.298856,1.011166,0.159099,1.066341
13.350000,-0.001145,-0.011167,0.941291,-0.000487,-0.000587,0.193529,0.000020,-0.000212,1.570308,-0.300000,1.000000,1.100000,0.000000,0.000000,-1.571000,-0.298855,1.011167,0.158709,1.066284
13.352000,-0.001146,-0.011168,0.941671,-0.000486,-0.000589,0.188294,0.000021,-0.000198,1.570308,-0.300000,1.000000,1.100000,0.000000,0.000000,-1.571000,-0.298854,1.011168,0.158329,1.066228
13.354000,-0.001147,-0.011169,0.942040,-0.000484,-0.000591,0.183098,0.000022,-0.000184,1.570308,-0.300000,1.000000,1.100000,0.000000,0.000000,-1.571000,-0.298853,1.011169,0.157960,1.066174
13.356000,-0.001148,-0.011170,0.942399,-0.000483,-0.000592,0.177938,0.000024,-0.000170,1.570308,-0.300000,1.000000,1.100000,0.000000,0.000000,-1.571000,-0.298852,1.011170,0.157601,1.066122
13.358000,-0.001149,-0.011172,0.942747,-0.000482,-0.000594,0.172817,0.000025,-0.000155,1.570308,-0.300000,1.000000,1.100000,0.000000,0.000000,-1.571000,-0.298851,1.011172,0.157253,1.066071
13.360000,-0.001150,-0.011173,0.943085,-0.000481,-0.000595,0.167734,0.000026,-0.000141,1.570308,-0.300000,1.000000,1.100000,0.000000,0.000000,-1.571000,-0.298850,1.011173,0.156915,1.066022
13.362000,-0.001151,-0.011174,0.943414,-0.000479,-0.000596,0.162691,0.000027,-0.000127,1.570308,-0.300000,1.000000,1.100000,0.000000,0.000000,-1.571000,-0.298849,1.011174,0.156586,1.065975
13.364000,-0.001152,-0.011175,0.943732,-0.000478,-0.000596,0.157686,0.000029,-0.000113,1.570308,-0.300000,1.000000,1.100000,0.000000,0.000000,-1.571000,-0.298848,1.011175,0.156268,1.065929
13.366000,-0.001153,-0.011176,0.944040,-0.000477,-0.000597,0.152719,0.000030,-0.000099,1.570308,-0.300000,1.000000,1.100000,0.000000,0.000000,-1.571000,-0.298847,1.011176,0.155960,1.065885
13.368000,-0.001154,-0.011178,0.944338,-0.000475,-0.000597,0.147789,0.000031,-0.000086,1.570308,-0.300000,1.000000,1.100000,0.000000,0.000000,-1.571000,-0.298846,1.011178,0.155662,1.065842
13.370000,-0.001155,-0.011179,0.944627,-0.000474,-0.000597,0.142898,0.000032,-0.000072,1.570308,-0.300000,1.000000,1.100000,0.000000,0.000000,-1.571000,-0.298845,1.011179,0.155373,1.065801
13.372000,-0.001156,-0.011180,0.944906,-0.000473,-0.000597,0.138044,0.000034,-0.000059,1.570308,-0.300000,1.000000,1.100000,0.000000,0.000000,-1.571000,-0.298844,1.011180,0.155094,1.065761
13.374000,-0.001157,-0.011181,0.945175,-0.000471,-0.000597,0.133227,0.000035,-0.000046,1.570308,-0.300000,1.000000,1.100000,0.000000,0.000000,-1.571000,-0.298843,1.011181,0.154825,1.065723
13.376000,-0.001157,-0.011182,0.945434,-0.000470,-0.000597,0.128447,0.000036,-0.000033,1.570308,-0.300000,1.000000,1.100000,0.000000,0.000000,-1.571000,-0.298843,1.011182,0.154566,1.065686
13.378000,-0.001158,-0.011183,0.945684,-0.000469,-0.000596,0.123704,0.000037,-0.000021,1.570308,-0.300000,1.000000,1.100000,0.000000,0.000000,-1.571000,-0.298842,1.011183,0.154316,1.065651
13.380000,-0.001159,-0.011185,0.945925,-0.000467,-0.000595,0.118997,0.000038,-0.000009,1.570308,-0.300000,1.000000,1.100000,0.000000,0.000000,-1.571000,-0.298841,1.011185,0.154075,1.065617
13.382000,-0.001160,-0.011186,0.946156,-0.000466,-0.000594,0.114328,0.000039,0.000003,1.570308,-0.300000,1.000000,1.100000,0.000000,0.000000,-1.571000,-0.298840,1.011186,0.153844,1.065584
13.384000,-0.001161,-0.011187,0.946378,-0.000464,-0.000593,0.109693,0.000039,0.000015,1.570308,-0.300000,1.000000,1.100000,0.000000,0.000000,-1.571000,-0.298839,1.011187,0.153622,1.065553
13.386000,-0.001162,-0.011188,0.946591,-0.000463,-0.000592,0.105094,0.000040,0.000026,1.570308,-0.300000,1.000000,1.100000,0.000000,0.000000,-1.571000,-0.298838,1.011188,0.153409,1.065523
13.388000,-0.001163,-0.011189,0.946794,-0.000461,-0.000590,0.100529,0.000040,0.000037,1.570308,-0.300000,1.000000,1.100000,0.000000,0.000000,-1.571000,-0.298837,1.011189,0.153206,1.065495
13.390000,-0.001164,-0.011191,0.946989,-0.000460,-0.000588,0.096000,0.000041,0.000048,1.570308,-0.300000,1.000000,1.100000,0.000000,0.000000,-1.571000,-0.298836,1.011191,0.153011,1.065468
13.392000,-0.001165,-0.011192,0.947174,-0.000458,-0.000587,0.091506,0.000041,0.000058,1.570309,-0.300000,1.000000,1.100000,0.000000,0.000000,-1.571000,-0.298835,1.011192,0.152826,1.065442
13.394000,-0.001166,-0.011193,0.947351,-0.000457,-0.000584,0.087048,0.000042,0.000067,1.570309,-0.300000,1.000000,1.100000,0.000000,0.000000,-1.571000,-0.298834,1.011193,0.152649,1.065418
13.396000,-0.001167,-0.011194,0.947518,-0.000455,-0.000582,0.082625,0.000042,0.000077,1.570309,-0.300000,1.000000,1.100000,0.000000,0.000000,-1.571000,-0.298833,1.011194,0.152482,1.065395
13.398000,-0.001168,-0.011195,0.947677,-0.000454,-0.000580,0.078237,0.000042,0.000086,1.570309,-0.300000,1.000000,1.100000,0.000000,0.000000,-1.571000,-0.298832,1.011195,0.152323,1.065373
13.400000,-0.001169,-0.011196,0.947827,-0.000452,-0.000578,0.073883,0.000042,0.000094,1.570309,-0.300000,1.000000,1.100000,0.000000,0.000000,-1.571000,-0.298831,1.011196,0.152173,1.065352
13.402000,-0.001169,-0.011198,0.947969,-0.000451,-0.000575,0.069564,0.000042,0.000102,1.570309,-0.300000,1.000000,1.100000,0.000000,0.000000,-1.571000,-0.298831,1.011198,0.152031,1.065333
13.404000,-0.001170,-0.011199,0.948102,-0.000449,-0.000572,0.065280,0.000042,0.000110,1.570309,-0.300000,1.000000,1.100000,0.000000,0.000000,-1.571000,-0.298830,1.011199,0.151898,1.065315
13.406000,-0.001171,-0.011200,0.948226,-0.000448,-0.000570,0.061030,0.000042,0.000117,1.570309,-0.300000,1.000000,1.100000,0.000000,0.000000,-1.571000,-0.298829,1.011200,0.151774,1.065298
13.408000,-0.001172,-0.011201,0.948342,-0.000446,-0.000567,0.056816,0.000042,0.000124,1.570309,-0.300000,1.000000,1.100000,0.000000,0.000000,-1.571000,-0.298828,1.011201,0.151658,1.065282
13.410000,-0.001173,-0.011202,0.948449,-0.000445,-0.000564,0.052635,0.000042,0.000130,1.570309,-0.300000,1.000000,1.100000,0.000000,0.000000,-1.571000,-0.298827,1.011202,0.151551,1.065268
13.412000,-0.001174,-0.011203,0.948548,-0.000444,-0.000561,0.048487,0.000042,0.000136,1.570309,-0.300000,1.000000,1.100000,0.000000,0.000000,-1.571000,-0.298826,1.011203,0.151452,1.065254
13.414000,-0.001175,-0.011204,0.948639,-0.000442,-0.000557,0.044373,0.000041,0.000141,1.570309,-0.300000,1.000000,1.100000,0.000000,0.000000,-1.571000,-0.298825,1.011204,0.151361,1.065242
13.416000,-0.001176,-0.011206,0.948722,-0.000441,-0.000554,0.040294,0.000041,0.000146,1.570309,-0.300000,1.000000,1.100000,0.000000,0.000000,-1.571000,-0.298824,1.011206,0.151278,1.065231
13.418000,-0.001177,-0.011207,0.948797,-0.000439,-0.000551,0.036249,0.000041,0.000151,1.570309,-0.300000,1.000000,1.100000,0.000000,0.000000,-1.571000,-0.298823,1.011207,0.151203,1.065221
13.420000,-0.001177,-0.011208,0.948863,-0.000438,-0.000548,0.032238,0.000040,0.000155,1.570309,-0.300000,1.000000,1.100000,0.000000,0.000000,-1.571000,-0.298823,1.011208,0.151137,1.065213
13.422000,-0.001178,-0.011209,0.948922,-0.000436,-0.000544,0.028260,0.000040,0.000159,1.570309,-0.300000,1.000000,1.100000,0.000000,0.000000,-1.571000,-0.298822,1.011209,0.151078,1.065205
13.424000,-0.001179,-0.011210,0.948972,-0.000435,-0.000541,0.024315,0.000040,0.000162,1.570309,-0.300000,1.000000,1.100000,0.000000,0.000000,-1.571000,-0.298821,1.011210,0.151028,1.065199
13.426000,-0.001180,-0.011211,0.949015,-0.000433,-0.000537,0.020404,0.000039,0.000165,1.570309,-0.300000,1.000000,1.100000,0.000000,0.000000,-1.571000,-0.298820,1.011211,0.150985,1.065194
13.428000,-0.001181,-0.011212,0.949050,-0.000432,-0.000533,0.016525,0.000039,0.000167,1.570309,-0.300000,1.000000,1.100000,0.000000,0.000000,-1.571000,-0.298819,1.011212,0.150950,1.065189
13.430000,-0.001182,-0.011213,0.949077,-0.000431,-0.000530,0.012678,0.000039,0.000169,1.570309,-0.300000,1.000000,1.100000,0.000000,0.000000,-1.571000,-0.298818,1.011213,0.150923,1.065186
13.432000,-0.001183,-0.011214,0.949097,-0.000430,-0.000527,0.008872,0.000038,0.000171,1.570309,-0.300000,1.000000,1.100000,0.000000,0.000000,-1.571000,-0.298817,1.011214,0.150903,1.065184
13.434000,-0.001184,-0.011215,0.949109,-0.000429,-0.000524,0.005100,0.000038,0.000173,1.570309,-0.300000,1.000000,1.100000,0.000000,0.000000,-1.571000,-0.298816,1.011215,0.150891,1.065183
13.436000,-0.001184,-0.011216,0.949114,-0.000428,-0.000521,0.001354,0.000037,0.000174,1.570309,-0.300000,1.000000,1.100000,0.000000,0.000000,-1.571000,-0.298816,1.011216,0.150886,1.065183
13.438000,-0.001185,-0.011217,0.949111,-0.000428,-0.000518,-0.002367,0.000037,0.000174,1.570309,-0.300000,1.000000,1.100000,0.000000,0.000000,-1.571000,-0.298815,1.011217,0.150889,1.065185
13.440000,-0.001186,-0.011218,0.949101,-0.000427,-0.000516,-0.006065,0.000036,0.000175,1.570309,-0.300000,1.000000,1.100000,0.000000,0.000000,-1.571000,-0.298814,1.011218,0.150899,1.065187
13.442000,-0.001187,-0.011219,0.949083,-0.000427,-0.000513,-0.009739,0.000036,0.000175,1.570309,-0.300000,1.000000,1.100000,0.000000,0.000000,-1.571000,-0.298813,1.011219,0.150917,1.065190
13.444000,-0.001188,-0.011220,0.949058,-0.000425,-0.000509,-0.013366,0.000035,0.000175,1.570309,-0.300000,1.000000,1.100000,0.000000,0.000000,-1.571000,-0.298812,1.011220,0.150942,1.065194
13.446000,-0.001189,-0.011221,0.949026,-0.000424,-0.000505,-0.016962,0.000035,0.000175,1.570309,-0.300000,1.000000,1.100000,0.000000,0.000000,-1.571000,-0.298811,1.011221,0.150974,1.065200
13.448000,-0.001189,-0.011222,0.948987,-0.000423,-0.000502,-0.020526,0.000034,0.000174,1.570309,-0.300000,1.000000,1.100000,0.000000,0.000000,-1.571000,-0.298811,1.011222,0.151013,1.065206
13.450000,-0.001190,-0.011223,0.948940,-0.000421,-0.000498,-0.024059,0.000034,0.000173,1.570309,-0.300000,1.000000,1.100000,0.000000,0.000000,-1.571000,-0.298810,1.011223,0.151060,1.065213
13.452000,-0.001191,-0.011224,0.948887,-0.000420,-0.000494,-0.027560,0.000033,0.000172,1.570309,-0.300000,1.000000,1.100000,0.000000,0.000000,-1.571000,-0.298809,1.011224,0.151113,1.065221
13.454000,-0.001192,-0.011225,0.948826,-0.000419,-0.000491,-0.031031,0.000033,0.000171,1.570309,-0.300000,1.000000,1.100000,0.000000,0.000000,-1.571000,-0.298808,1.011225,0.151174,1.065231
13.456000,-0.001193,-0.011226,0.948759,-0.000417,-0.000487,-0.034471,0.000032,0.000169,1.570309,-0.300000,1.000000,1.100000,0.000000,0.000000,-1.571000,-0.298807,1.011226,0.151241,1.065241
13.458000,-0.001194,-0.011227,0.948685,-0.000416,-0.000483,-0.037881,0.000032,0.000168,1.570309,-0.300000,1.000000,1.100000,0.000000,0.000000,-1.571000,-0.298806,1.011227,0.151315,1.065252
13.460000,-0.001195,-0.011228,0.948604,-0.000415,-0.000480,-0.041263,0.000031,0.000166,1.570309,-0.300000,1.000000,1.100000,0.000000,0.000000,-1.571000,-0.298805,1.011228,0.151396,1.065264
13.462000,-0.001195,-0.011229,0.948516,-0.000413,-0.000476,-0.044617,0.000031,0.000164,1.570309,-0.300000,1.000000,1.100000,0.000000,0.000000,-1.571000,-0.298805,1.011229,0.151484,1.065277
13.464000,-0.001196,-0.011230,0.948422,-0.000412,-0.000473,-0.047942,0.000030,0.000161,1.570309,-0.300000,1.000000,1.100000,0.000000,0.000000,-1.571000,-0.298804,1.011230,0.151578,1.065292
13.466000,-0.001197,-0.011231,0.948321,-0.000411,-0.000469,-0.051238,0.000029,0.000159,1.570309,-0.300000,1.000000,1.100000,0.000000,0.000000,-1.571000,-0.298803,1.011231,0.151679,1.065307
13.468000,-0.001198,-0.011232,0.948214,-0.000410,-0.000466,-0.054503,0.000029,0.000157,1.570309,-0.300000,1.000000,1.100000,0.000000,0.000000,-1.571000,-0.298802,1.011232,0.151786,1.065323
13.470000,-0.001199,-0.011233,0.948100,-0.000408,-0.000462,-0.057739,0.000028,0.000154,1.570309,-0.300000,1.000000,1.100000,0.000000,0.000000,-1.571000,-0.298801,1.011233,0.151900,1.065339
13.472000,-0.001199,-0.011234,0.947979,-0.000407,-0.000459,-0.060945,0.000028,0.000151,1.570309,-0.300000,1.000000,1.100000,0.000000,0.000000,-1.571000,-0.298801,1.011234,0.152021,1.065357
13.474000,-0.001200,-0.011235,0.947852,-0.000406,-0.000456,-0.064121,0.000027,0.000148,1.570309,-0.300000,1.000000,1.100000,0.000000,0.000000,-1.571000,-0.298800,1.011235,0.152148,1.065376
13.476000,-0.001201,-0.011236,0.947719,-0.000405,-0.000452,-0.067268,0.000027,0.000145,1.570309,-0.300000,1.000000,1.100000,0.000000,0.000000,-1.571000,-0.298799,1.011236,0.152281,1.065396
13.478000,-0.001202,-0.011237,0.947580,-0.000404,-0.000449,-0.070385,0.000026,0.000142,1.570309,-0.300000,1.000000,1.100000,0.000000,0.000000,-1.571000,-0.298798,1.011237,0.152420,1.065416
13.480000,-0.001203,-0.011238,0.947434,-0.000402,-0.000446,-0.073474,0.000026,0.000139,1.570309,-0.300000,1.000000,1.100000,0.000000,0.000000,-1.571000,-0.298797,1.011238,0.152566,1.065438
13.482000,-0.001203,-0.011238,0.947283,-0.000401,-0.000443,-0.076535,0.000025,0.000136,1.570309,-0.300000,1.000000,1.100000,0.000000,0.000000,-1.571000,-0.298797,1.011238,0.152717,1.065460
13.484000,-0.001204,-0.011239,0.947125,-0.000400,-0.000440,-0.079569,0.000024,0.000133,1.570309,-0.300000,1.000000,1.100000,0.000000,0.000000,-1.571000,-0.298796,1.011239,0.152875,1.065483
13.486000,-0.001205,-0.011240,0.946961,-0.000399,-0.000437,-0.082576,0.000024,0.000130,1.570309,-0.300000,1.000000,1.100000,0.000000,0.000000,-1.571000,-0.298795,1.011240,0.153039,1.065507
13.488000,-0.001206,-0.011241,0.946791,-0.000398,-0.000434,-0.085556,0.000023,0.000127,1.570309,-0.300000,1.000000,1.100000,0.000000,0.000000,-1.571000,-0.298794,1.011241,0.153209,1.065532
13.490000,-0.001207,-0.011242,0.946616,-0.000397,-0.000431,-0.088510,0.000023,0.000124,1.570309,-0.300000,1.000000,1.100000,0.000000,0.000000,-1.571000,-0.298793,1.011242,0.153384,1.065558
13.492000,-0.001207,-0.011243,0.946434,-0.000396,-0.000428,-0.091437,0.000022,0.000121,1.570309,-0.300000,1.000000,1.100000,0.000000,0.000000,-1.571000,-0.298793,1.011243,0.153566,1.065585
13.494000,-0.001208,-0.011244,0.946247,-0.000395,-0.000425,-0.094338,0.000022,0.000119,1.570309,-0.300000,1.000000,1.100000,0.000000,0.000000,-1.571000,-0.298792,1.011244,0.153753,1.065613
13.496000,-0.001209,-0.011244,0.946053,-0.000393,-0.000423,-0.097212,0.000021,0.000116,1.570309,-0.300000,1.000000,1.100000,0.000000,0.000000,-1.571000,-0.298791,1.011244,0.153947,1.065641
13.498000,-0.001210,-0.011245,0.945854,-0.000392,-0.000420,-0.100061,0.000021,0.000113,1.570309,-0.300000,1.000000,1.100000,0.000000,0.000000,-1.571000,-0.298790,1.011245,0.154146,1.065670
13.500000,-0.001211,-0.011246,0.945650,-0.000391,-0.000417,-0.102883,0.000020,0.000110,1.570309,-0.300000,1.000000,1.100000,0.000000,0.000000,-1.571000,-0.298789,1.011246,0.154350,1.065701
13.502000,-0.001211,-0.011247,0.945440,-0.000390,-0.000415,-0.105679,0.000019,0.000108,1.570309,-0.300000,1.000000,1.100000,0.000000,0.000000,-1.571000,-0.298789,1.011247,0.154560,1.065732
13.504000,-0.001212,-0.011248,0.945224,-0.000389,-0.000412,-0.108448,0.000019,0.000106,1.570309,-0.300000,1.000000,1.100000,0.000000,0.000000,-1.571000,-0.298788,1.011248,0.154776,1.065764
13.506000,-0.001213,-0.011249,0.945003,-0.000388,-0.000410,-0.111192,0.000018,0.000103,1.570310,-0.300000,1.000000,1.100000,0.000000,0.000000,-1.571000,-0.298787,1.011249,0.154997,1.065796
13.508000,-0.001214,-0.011249,0.944776,-0.000387,-0.000407,-0.113908,0.000018,0.000101,1.570310,-0.300000,1.000000,1.100000,0.000000,0.000000,-1.571000,-0.298786,1.011249,0.155224,1.065830
13.510000,-0.001215,-0.011250,0.944544,-0.000386,-0.000405,-0.116525,0.000017,0.000099,1.570310,-0.300000,1.000000,1.100000,0.000000,0.000000,-1.571000,-0.298785,1.011250,0.155456,1.065864
13.512000,-0.001215,-0.011251,0.944307,-0.000385,-0.000402,-0.118980,0.000017,0.000097,1.570310,-0.300000,1.000000,1.100000,0.000000,0.000000,-1.571000,-0.298785,1.011251,0.155693,1.065899
13.514000,-0.001216,-0.011252,0.944065,-0.000384,-0.000400,-0.121287,0.000016,0.000095,1.570310,-0.300000,1.000000,1.100000,0.000000,0.000000,-1.571000,-0.298784,1.011252,0.155935,1.065935
13.516000,-0.001217,-0.011253,0.943819,-0.000383,-0.000398,-0.123459,0.000015,0.000094,1.570310,-0.300000,1.000000,1.100000,0.000000,0.000000,-1.571000,-0.298783,1.011253,0.156181,1.065972
13.518000,-0.001218,-0.011253,0.943569,-0.000382,-0.000395,-0.125507,0.000014,0.000092,1.570310,-0.300000,1.000000,1.100000,0.000000,0.000000,-1.571000,-0.298782,1.011253,0.156431,1.066009
13.520000,-0.001218,-0.011254,0.943315,-0.000381,-0.000393,-0.127439,0.000013,0.000091,1.570310,-0.300000,1.000000,1.100000,0.000000,0.000000,-1.571000,-0.298782,1.011254,0.156685,1.066047
13.522000,-0.001219,-0.011255,0.943057,-0.000380,-0.000391,-0.129266,0.000011,0.000090,1.570310,-0.300000,1.000000,1.100000,0.000000,0.000000,-1.571000,-0.298781,1.011255,0.156943,1.066085
13.524000,-0.001220,-0.011256,0.942796,-0.000379,-0.000388,-0.130997,0.000009,0.000089,1.570310,-0.300000,1.000000,1.100000,0.000000,0.000000,-1.571000,-0.298780,1.011256,0.157204,1.066124
13.526000,-0.001221,-0.011257,0.942531,-0.000379,-0.000386,-0.132641,0.000006,0.000088,1.570310,-0.300000,1.000000,1.100000,0.000000,0.000000,-1.571000,-0.298779,1.011257,0.157469,1.066164
13.528000,-0.001221,-0.011257,0.942263,-0.000378,-0.000384,-0.134206,0.000002,0.000088,1.570310,-0.300000,1.000000,1.100000,0.000000,0.000000,-1.571000,-0.298779,1.011257,0.157737,1.066204
13.530000,-0.001222,-0.011258,0.941992,-0.000377,-0.000382,-0.135697,-0.000003,0.000087,1.570310,-0.300000,1.000000,1.100000,0.000000,0.000000,-1.571000,-0.298778,1.011258,0.158008,1.066245
13.532000,-0.001223,-0.011259,0.941718,-0.000376,-0.000379,-0.137120,-0.000009,0.000087,1.570310,-0.300000,1.000000,1.100000,0.000000,0.000000,-1.571000,-0.298777,1.011259,0.158282,1.066286
13.534000,-0.001224,-0.011260,0.941442,-0.000376,-0.000377,-0.138480,-0.000016,0.000087,1.570310,-0.300000,1.000000,1.100000,0.000000,0.000000,-1.571000,-0.298776,1.011260,0.158558,1.066327
13.536000,-0.001224,-0.011260,0.941162,-0.000376,-0.000375,-0.139783,-0.000025,0.000088,1.570310,-0.300000,1.000000,1.100000,0.000000,0.000000,-1.571000,-0.298776,1.011260,0.158838,1.066369
13.538000,-0.001225,-0.011261,0.940881,-0.000375,-0.000372,-0.141031,-0.000035,0.000088,1.570310,-0.300000,1.000000,1.100000,0.000000,0.000000,-1.571000,-0.298775,1.011261,0.159119,1.066412
13.540000,-0.001226,-0.011262,0.940597,-0.000375,-0.000370,-0.142230,-0.000047,0.000089,1.570310,-0.300000,1.000000,1.100000,0.000000,0.000000,-1.571000,-0.298774,1.011262,0.159403,1.066455
13.542000,-0.001227,-0.011263,0.940310,-0.000376,-0.000368,-0.143382,-0.000061,0.000090,1.570310,-0.300000,1.000000,1.100000,0.000000,0.000000,-1.571000,-0.298773,1.011263,0.159690,1.066498
13.544000,-0.001227,-0.011263,0.940021,-0.000376,-0.000366,-0.144491,-0.000077,0.000091,1.570310,-0.300000,1.000000,1.100000,0.000000,0.000000,-1.571000,-0.298773,1.011263,0.159979,1.066542
13.546000,-0.001228,-0.011264,0.939730,-0.000377,-0.000363,-0.145559,-0.000095,0.000093,1.570310,-0.300000,1.000000,1.100000,0.000000,0.000000,-1.571000,-0.298772,1.011264,0.160270,1.066586
13.548000,-0.001229,-0.011265,0.939438,-0.000378,-0.000361,-0.146587,-0.000115,0.000094,1.570311,-0.300000,1.000000,1.100000,0.000000,0.000000,-1.571000,-0.298771,1.011265,0.160562,1.066631
13.550000,-0.001230,-0.011265,0.939143,-0.000379,-0.000358,-0.147580,-0.000137,0.000096,1.570311,-0.300000,1.000000,1.100000,0.000000,0.000000,-1.571000,-0.298770,1.011265,0.160857,1.066676
13.552000,-0.001230,-0.011266,0.938846,-0.000381,-0.000356,-0.148539,-0.000163,0.000098,1.570311,-0.300000,1.000000,1.100000,0.000000,0.000000,-1.571000,-0.298770,1.011266,0.161154,1.066721
13.554000,-0.001231,-0.011267,0.938547,-0.000384,-0.000353,-0.149466,-0.000190,0.000100,1.570311,-0.300000,1.000000,1.100000,0.000000,0.000000,-1.571000,-0.298769,1.011267,0.161453,1.066766
13.556000,-0.001232,-0.011268,0.938246,-0.000387,-0.000351,-0.150364,-0.000221,0.000103,1.570311,-0.300000,1.000000,1.100000,0.000000,0.000000,-1.571000,-0.298768,1.011268,0.161754,1.066812
13.558000,-0.001233,-0.011268,0.937944,-0.000390,-0.000348,-0.151233,-0.000254,0.000105,1.570312,-0.300000,1.000000,1.100000,0.000000,0.000000,-1.571000,-0.298767,1.011268,0.162056,1.066859
13.560000,-0.001234,-0.011269,0.937640,-0.000394,-0.000346,-0.152077,-0.000290,0.000108,1.570312,-0.300000,1.000000,1.100000,0.000000,0.000000,-1.571000,-0.298766,1.011269,0.162360,1.066905
13.562000,-0.001234,-0.011270,0.937334,-0.000399,-0.000343,-0.152896,-0.000329,0.000111,1.570312,-0.300000,1.000000,1.100000,0.000000,0.000000,-1.571000,-0.298766,1.011270,0.162666,1.066952
13.564000,-0.001235,-0.011270,0.937027,-0.000405,-0.000340,-0.153691,-0.000372,0.000114,1.570313,-0.300000,1.000000,1.100000,0.000000,0.000000,-1.571000,-0.298765,1.011270,0.162973,1.067000
13.566000,-0.001236,-0.011271,0.936718,-0.000411,-0.000338,-0.154463,-0.000417,0.000118,1.570313,-0.300000,1.000000,1.100000,0.000000,0.000000,-1.571000,-0.298764,1.011271,0.163282,1.067047
13.568000,-0.001237,-0.011272,0.936408,-0.000418,-0.000335,-0.155213,-0.000466,0.000121,1.570314,-0.300000,1.000000,1.100000,0.000000,0.000000,-1.571000,-0.298763,1.011272,0.163592,1.067095
13.570000,-0.001238,-0.011272,0.936096,-0.000426,-0.000332,-0.155942,-0.000517,0.000125,1.570314,-0.300000,1.000000,1.100000,0.000000,0.000000,-1.571000,-0.298762,1.011272,0.163904,1.067144
13.572000,-0.001239,-0.011273,0.935783,-0.000435,-0.000329,-0.156652,-0.000573,0.000129,1.570315,-0.300000,1.000000,1.100000,0.000000,0.000000,-1.571000,-0.298761,1.011273,0.164217,1.067192
13.574000,-0.001239,-0.011274,0.935468,-0.000445,-0.000326,-0.157343,-0.000631,0.000133,1.570316,-0.300000,1.000000,1.100000,0.000000,0.000000,-1.571000,-0.298761,1.011274,0.164532,1.067241
13.576000,-0.001240,-0.011274,0.935152,-0.000457,-0.000323,-0.158018,-0.000693,0.000137,1.570316,-0.300000,1.000000,1.100000,0.000000,0.000000,-1.571000,-0.298760,1.011274,0.164848,1.067290
13.578000,-0.001241,-0.011275,0.934835,-0.000469,-0.000320,-0.158676,-0.000758,0.000141,1.570317,-0.300000,1.000000,1.100000,0.000000,0.000000,-1.571000,-0.298759,1.011275,0.165165,1.067339
13.580000,-0.001242,-0.011276,0.934516,-0.000483,-0.000316,-0.159318,-0.000827,0.000145,1.570318,-0.300000,1.000000,1.100000,0.000000,0.000000,-1.571000,-0.298758,1.011276,0.165484,1.067389
13.582000,-0.001243,-0.011276,0.934196,-0.000497,-0.000313,-0.159944,-0.000899,0.000149,1.570319,-0.300000,1.000000,1.100000,0.000000,0.000000,-1.571000,-0.298757,1.011276,0.165804,1.067439
13.584000,-0.001244,-0.011277,0.933875,-0.000514,-0.000310,-0.160555,-0.000974,0.000154,1.570320,-0.300000,1.000000,1.100000,0.000000,0.000000,-1.571000,-0.298756,1.011277,0.166125,1.067489
13.586000,-0.001245,-0.011277,0.933553,-0.000531,-0.000306,-0.161152,-0.001053,0.000158,1.570321,-0.300000,1.000000,1.100000,0.000000,0.000000,-1.571000,-0.298755,1.011277,0.166447,1.067540
13.588000,-0.001246,-0.011278,0.933229,-0.000550,-0.000303,-0.161734,-0.001135,0.000163,1.570321,-0.300000,1.000000,1.100000,0.000000,0.000000,-1.571000,-0.298754,1.011278,0.166771,1.067591
13.590000,-0.001247,-0.011279,0.932904,-0.000571,-0.000299,-0.162304,-0.001220,0.000167,1.570322,-0.300000,1.000000,1.100000,0.000000,0.000000,-1.571000,-0.298753,1.011279,0.167096,1.067642
13.592000,-0.001249,-0.011279,0.932579,-0.000593,-0.000295,-0.162859,-0.001309,0.000172,1.570323,-0.300000,1.000000,1.100000,0.000000,0.000000,-1.571000,-0.298751,1.011279,0.167421,1.067693
13.594000,-0.001250,-0.011280,0.932252,-0.000617,-0.000292,-0.163402,-0.001401,0.000176,1.570324,-0.300000,1.000000,1.100000,0.000000,0.000000,-1.571000,-0.298750,1.011280,0.167748,1.067744
13.596000,-0.001251,-0.011280,0.931924,-0.000642,-0.000288,-0.163931,-0.001496,0.000180,1.570325,-0.300000,1.000000,1.100000,0.000000,0.000000,-1.571000,-0.298749,1.011280,0.168076,1.067796
13.598000,-0.001252,-0.011281,0.931595,-0.000670,-0.000284,-0.164447,-0.001594,0.000185,1.570326,-0.300000,1.000000,1.100000,0.000000,0.000000,-1.571000,-0.298748,1.011281,0.168405,1.067848
13.600000,-0.001254,-0.011282,0.931265,-0.000699,-0.000280,-0.164952,-0.001696,0.000189,1.570328,-0.300000,1.000000,1.100000,0.000000,0.000000,-1.571000,-0.298746,1.011282,0.168735,1.067900
13.602000,-0.001255,-0.011282,0.930934,-0.000730,-0.000276,-0.165446,-0.001800,0.000193,1.570329,-0.300000,1.000000,1.100000,0.000000,0.000000,-1.571000,-0.298745,1.011282,0.169066,1.067953
13.604000,-0.001257,-0.011283,0.930602,-0.000763,-0.000271,-0.165928,-0.001908,0.000197,1.570330,-0.300000,1.000000,1.100000,0.000000,0.000000,-1.571000,-0.298743,1.011283,0.169398,1.068006
13.606000,-0.001258,-0.011283,0.930269,-0.000798,-0.000267,-0.166399,-0.002018,0.000201,1.570331,-0.300000,1.000000,1.100000,0.000000,0.000000,-1.571000,-0.298742,1.011283,0.169731,1.068058
13.608000,-0.001260,-0.011284,0.929935,-0.000835,-0.000263,-0.166859,-0.002131,0.000205,1.570332,-0.300000,1.000000,1.100000,0.000000,0.000000,-1.571000,-0.298740,1.011284,0.170065,1.068112
13.610000,-0.001262,-0.011284,0.929601,-0.000874,-0.000259,-0.167308,-0.002246,0.000209,1.570333,-0.300000,1.000000,1.100000,0.000000,0.000000,-1.571000,-0.298738,1.011284,0.170399,1.068165
13.612000,-0.001264,-0.011285,0.929265,-0.000915,-0.000254,-0.167747,-0.002365,0.000213,1.570334,-0.300000,1.000000,1.100000,0.000000,0.000000,-1.571000,-0.298736,1.011285,0.170735,1.068219
13.614000,-0.001265,-0.011285,0.928929,-0.000959,-0.000250,-0.168175,-0.002485,0.000217,1.570335,-0.300000,1.000000,1.100000,0.000000,0.000000,-1.571000,-0.298735,1.011285,0.171071,1.068272
13.616000,-0.001267,-0.011286,0.928591,-0.001004,-0.000245,-0.168594,-0.002608,0.000220,1.570336,-0.300000,1.000000,1.100000,0.000000,0.000000,-1.571000,-0.298733,1.011286,0.171409,1.068326
13.618000,-0.001270,-0.011286,0.928253,-0.001052,-0.000240,-0.169002,-0.002734,0.000224,1.570337,-0.300000,1.000000,1.100000,0.000000,0.000000,-1.571000,-0.298730,1.011286,0.171747,1.068380
13.620000,-0.001272,-0.011287,0.927914,-0.001102,-0.000236,-0.169400,-0.002862,0.000227,1.570338,-0.300000,1.000000,1.100000,0.000000,0.000000,-1.571000,-0.298728,1.011287,0.172086,1.068435
13.622000,-0.001274,-0.011287,0.927574,-0.001155,-0.000231,-0.169789,-0.002991,0.000231,1.570339,-0.300000,1.000000,1.100000,0.000000,0.000000,-1.571000,-0.298726,1.011287,0.172426,1.068489
13.624000,-0.001276,-0.011288,0.927234,-0.001210,-0.000226,-0.170166,-0.003123,0.000234,1.570340,-0.300000,1.000000,1.100000,0.000000,0.000000,-1.571000,-0.298724,1.011288,0.172766,1.068544
13.626000,-0.001279,-0.011288,0.926893,-0.001267,-0.000221,-0.170534,-0.003257,0.000238,1.570341,-0.300000,1.000000,1.100000,0.000000,0.000000,-1.571000,-0.298721,1.011288,0.173107,1.068599
13.628000,-0.001282,-0.011289,0.926551,-0.001327,-0.000216,-0.170893,-0.003392,0.000241,1.570341,-0.300000,1.000000,1.100000,0.000000,0.000000,-1.571000,-0.298718,1.011289,0.173449,1.068654
13.630000,-0.001284,-0.011289,0.926208,-0.001389,-0.000211,-0.171243,-0.003529,0.000244,1.570342,-0.300000,1.000000,1.100000,0.000000,0.000000,-1.571000,-0.298716,1.011289,0.173792,1.068710
13.632000,-0.001287,-0.011289,0.925865,-0.001454,-0.000206,-0.171583,-0.003668,0.000248,1.570343,-0.300000,1.000000,1.100000,0.000000,0.000000,-1.571000,-0.298713,1.011289,0.174135,1.068765
13.634000,-0.001290,-0.011290,0.925521,-0.001521,-0.000201,-0.171914,-0.003808,0.000251,1.570344,-0.300000,1.000000,1.100000,0.000000,0.000000,-1.571000,-0.298710,1.011290,0.174479,1.068821
13.636000,-0.001293,-0.011290,0.925176,-0.001591,-0.000196,-0.172236,-0.003949,0.000255,1.570345,-0.300000,1.000000,1.100000,0.000000,0.000000,-1.571000,-0.298707,1.011290,0.174824,1.068876
13.638000,-0.001297,-0.011291,0.924831,-0.001664,-0.000191,-0.172549,-0.004091,0.000258,1.570346,-0.300000,1.000000,1.100000,0.000000,0.000000,-1.571000,-0.298703,1.011291,0.175169,1.068932
13.640000,-0.001300,-0.011291,0.924485,-0.001739,-0.000185,-0.172853,-0.004235,0.000262,1.570347,-0.300000,1.000000,1.100000,0.000000,0.000000,-1.571000,-0.298700,1.011291,0.175515,1.068989
13.642000,-0.001304,-0.011291,0.924138,-0.001817,-0.000180,-0.173148,-0.004380,0.000265,1.570348,-0.300000,1.000000,1.100000,0.000000,0.000000,-1.571000,-0.298696,1.011291,0.175862,1.069045
13.644000,-0.001307,-0.011292,0.923791,-0.001897,-0.000175,-0.173434,-0.004525,0.000269,1.570349,-0.300000,1.000000,1.100000,0.000000,0.000000,-1.571000,-0.298693,1.011292,0.176209,1.069101
13.646000,-0.001311,-0.011292,0.923444,-0.001980,-0.000169,-0.173711,-0.004671,0.000272,1.570350,-0.300000,1.000000,1.100000,0.000000,0.000000,-1.571000,-0.298689,1.011292,0.176556,1.069158
13.648000,-0.001315,-0.011292,0.923096,-0.002066,-0.000164,-0.173980,-0.004818,0.000276,1.570351,-0.300000,1.000000,1.100000,0.000000,0.000000,-1.571000,-0.298685,1.011292,0.176904,1.069215
13.650000,-0.001320,-0.011293,0.922747,-0.002154,-0.000158,-0.174241,-0.004966,0.000279,1.570351,-0.300000,1.000000,1.100000,0.000000,0.000000,-1.571000,-0.298680,1.011293,0.177253,1.069271
13.652000,-0.001324,-0.011293,0.922398,-0.002245,-0.000152,-0.174493,-0.005114,0.000283,1.570352,-0.300000,1.000000,1.100000,0.000000,0.000000,-1.571000,-0.298676,1.011293,0.177602,1.069328
13.654000,-0.001329,-0.011293,0.922048,-0.002339,-0.000147,-0.174736,-0.005262,0.000286,1.570353,-0.300000,1.000000,1.100000,0.000000,0.000000,-1.571000,-0.298671,1.011293,0.177952,1.069386
13.656000,-0.001334,-0.011294,0.921698,-0.002435,-0.000141,-0.174971,-0.005411,0.000290,1.570354,-0.300000,1.000000,1.100000,0.000000,0.000000,-1.571000,-0.298666,1.011294,0.178302,1.069443
13.658000,-0.001339,-0.011294,0.921347,-0.002535,-0.000135,-0.175197,-0.005560,0.000294,1.570354,-0.300000,1.000000,1.100000,0.000000,0.000000,-1.571000,-0.298661,1.011294,0.178653,1.069500
13.660000,-0.001344,-0.011294,0.920996,-0.002636,-0.000129,-0.175411,-0.005710,0.000297,1.570355,-0.300000,1.000000,1.100000,0.000000,0.000000,-1.571000,-0.298656,1.011294,0.179004,1.069558
13.662000,-0.001349,-0.011294,0.920645,-0.002741,-0.000123,-0.175616,-0.005860,0.000301,1.570356,-0.300000,1.000000,1.100000,0.000000,0.000000,-1.571000,-0.298651,1.011294,0.179355,1.069615
13.664000,-0.001355,-0.011295,0.920293,-0.002848,-0.000117,-0.175810,-0.006010,0.000304,1.570356,-0.300000,1.000000,1.100000,0.000000,0.000000,-1.571000,-0.298645,1.011295,0.179707,1.069673
13.666000,-0.001361,-0.011295,0.919940,-0.002958,-0.000111,-0.175996,-0.006160,0.000308,1.570357,-0.300000,1.000000,1.100000,0.000000,0.000000,-1.571000,-0.298639,1.011295,0.180060,1.069731
13.668000,-0.001367,-0.011295,0.919588,-0.003071,-0.000105,-0.176172,-0.006310,0.000312,1.570357,-0.300000,1.000000,1.100000,0.000000,0.000000,-1.571000,-0.298633,1.011295,0.180412,1.069789
13.670000,-0.001373,-0.011295,0.919235,-0.003186,-0.000099,-0.176340,-0.006461,0.000315,1.570358,-0.300000,1.000000,1.100000,0.000000,0.000000,-1.571000,-0.298627,1.011295,0.180765,1.069847
13.672000,-0.001380,-0.011295,0.918882,-0.003304,-0.000092,-0.176499,-0.006611,0.000319,1.570358,-0.300000,1.000000,1.100000,0.000000,0.000000,-1.571000,-0.298620,1.011295,0.181118,1.069905
13.674000,-0.001387,-0.011296,0.918528,-0.003425,-0.000086,-0.176649,-0.006762,0.000322,1.570359,-0.300000,1.000000,1.100000,0.000000,0.000000,-1.571000,-0.298613,1.011296,0.181472,1.069963
13.676000,-0.001394,-0.011296,0.918174,-0.003549,-0.000080,-0.176791,-0.006912,0.000326,1.570359,-0.300000,1.000000,1.100000,0.000000,0.000000,-1.571000,-0.298606,1.011296,0.181826,1.070021
13.678000,-0.001401,-0.011296,0.917820,-0.003675,-0.000073,-0.176924,-0.007063,0.000330,1.570360,-0.300000,1.000000,1.100000,0.000000,0.000000,-1.571000,-0.298599,1.011296,0.182180,1.070080
13.680000,-0.001408,-0.011296,0.917466,-0.003804,-0.000067,-0.177049,-0.007213,0.000333,1.570360,-0.300000,1.000000,1.100000,0.000000,0.000000,-1.571000,-0.298592,1.011296,0.182534,1.070138
13.682000,-0.001416,-0.011296,0.917111,-0.003936,-0.000060,-0.177167,-0.007363,0.000337,1.570360,-0.300000,1.000000,1.100000,0.000000,0.000000,-1.571000,-0.298584,1.011296,0.182889,1.070196
13.684000,-0.001424,-0.011296,0.916756,-0.004070,-0.000053,-0.177275,-0.007513,0.000340,1.570361,-0.300000,1.000000,1.100000,0.000000,0.000000,-1.571000,-0.298576,1.011296,0.183244,1.070255
13.686000,-0.001433,-0.011296,0.916401,-0.004207,-0.000047,-0.177377,-0.007663,0.000344,1.570361,-0.300000,1.000000,1.100000,0.000000,0.000000,-1.571000,-0.298567,1.011296,0.183599,1.070314
13.688000,-0.001441,-0.011296,0.916046,-0.004346,-0.000040,-0.177471,-0.007812,0.000347,1.570361,-0.300000,1.000000,1.100000,0.000000,0.000000,-1.571000,-0.298559,1.011296,0.183954,1.070372
13.690000,-0.001450,-0.011296,0.915690,-0.004489,-0.000033,-0.177557,-0.007961,0.000351,1.570361,-0.300000,1.000000,1.100000,0.000000,0.000000,-1.571000,-0.298550,1.011296,0.184310,1.070431
13.692000,-0.001459,-0.011297,0.915335,-0.004634,-0.000026,-0.177636,-0.008110,0.000354,1.570362,-0.300000,1.000000,1.100000,0.000000,0.000000,-1.571000,-0.298541,1.011297,0.184665,1.070490
13.694000,-0.001469,-0.011297,0.914979,-0.004781,-0.000019,-0.177708,-0.008258,0.000357,1.570362,-0.300000,1.000000,1.100000,0.000000,0.000000,-1.571000,-0.298531,1.011297,0.185021,1.070549
13.696000,-0.001479,-0.011297,0.914623,-0.004932,-0.000012,-0.177773,-0.008405,0.000361,1.570362,-0.300000,1.000000,1.100000,0.000000,0.000000,-1.571000,-0.298521,1.011297,0.185377,1.070607
13.698000,-0.001489,-0.011297,0.914267,-0.005084,-0.000005,-0.177832,-0.008552,0.000364,1.570362,-0.300000,1.000000,1.100000,0.000000,0.000000,-1.571000,-0.298511,1.011297,0.185733,1.070666
13.700000,-0.001499,-0.011297,0.913911,-0.005240,0.000002,-0.177883,-0.008699,0.000368,1.570362,-0.300000,1.000000,1.100000,0.000000,0.000000,-1.571000,-0.298501,1.011297,0.186089,1.070725
13.702000,-0.001510,-0.011297,0.913555,-0.005398,0.000009,-0.177928,-0.008844,0.000371,1.570362,-0.300000,1.000000,1.100000,0.000000,0.000000,-1.571000,-0.298490,1.011297,0.186445,1.070784
13.704000,-0.001521,-0.011297,0.913199,-0.005558,0.000016,-0.177966,-0.008989,0.000375,1.570363,-0.300000,1.000000,1.100000,0.000000,0.000000,-1.571000,-0.298479,1.011297,0.186801,1.070843
13.706000,-0.001532,-0.011297,0.912842,-0.005721,0.000023,-0.177999,-0.009134,0.000379,1.570363,-0.300000,1.000000,1.100000,0.000000,0.000000,-1.571000,-0.298468,1.011297,0.187158,1.070902
13.708000,-0.001544,-0.011296,0.912486,-0.005887,0.000031,-0.178025,-0.009277,0.000382,1.570363,-0.300000,1.000000,1.100000,0.000000,0.000000,-1.571000,-0.298456,1.011296,0.187514,1.070961
13.710000,-0.001556,-0.011296,0.912129,-0.006055,0.000038,-0.178045,-0.009420,0.000386,1.570363,-0.300000,1.000000,1.100000,0.000000,0.000000,-1.571000,-0.298444,1.011296,0.187871,1.071020
13.712000,-0.001569,-0.011296,0.911773,-0.006226,0.000045,-0.178058,-0.009562,0.000390,1.570363,-0.300000,1.000000,1.100000,0.000000,0.000000,-1.571000,-0.298431,1.011296,0.188227,1.071079
13.714000,-0.001581,-0.011296,0.911417,-0.006399,0.000053,-0.178064,-0.009702,0.000394,1.570363,-0.300000,1.000000,1.100000,0.000000,0.000000,-1.571000,-0.298419,1.011296,0.188583,1.071138
13.716000,-0.001594,-0.011296,0.911060,-0.006574,0.000061,-0.178062,-0.009842,0.000398,1.570363,-0.300000,1.000000,1.100000,0.000000,0.000000,-1.571000,-0.298406,1.011296,0.188940,1.071197
13.718000,-0.001608,-0.011296,0.910704,-0.006752,0.000068,-0.178053,-0.009981,0.000403,1.570363,-0.300000,1.000000,1.100000,0.000000,0.000000,-1.571000,-0.298392,1.011296,0.189296,1.071257
13.720000,-0.001622,-0.011296,0.910347,-0.006932,0.000076,-0.178038,-0.010120,0.000407,1.570363,-0.300000,1.000000,1.100000,0.000000,0.000000,-1.571000,-0.298378,1.011296,0.189653,1.071316
13.722000,-0.001636,-0.011296,0.909991,-0.007115,0.000084,-0.178014,-0.010257,0.000412,1.570363,-0.300000,1.000000,1.100000,0.000000,0.000000,-1.571000,-0.298364,1.011296,0.190009,1.071375
13.724000,-0.001650,-0.011295,0.909634,-0.007300,0.000092,-0.177985,-0.010393,0.000416,1.570364,-0.300000,1.000000,1.100000,0.000000,0.000000,-1.571000,-0.298350,1.011295,0.190366,1.071434
13.726000,-0.001665,-0.011295,0.909278,-0.007488,0.000100,-0.177948,-0.010528,0.000421,1.570364,-0.300000,1.000000,1.100000,0.000000,0.000000,-1.571000,-0.298335,1.011295,0.190722,1.071493
13.728000,-0.001680,-0.011295,0.908922,-0.007678,0.000108,-0.177904,-0.010662,0.000426,1.570364,-0.300000,1.000000,1.100000,0.000000,0.000000,-1.571000,-0.298320,1.011295,0.191078,1.071552
13.730000,-0.001696,-0.011295,0.908566,-0.007870,0.000116,-0.177853,-0.010795,0.000430,1.570364,-0.300000,1.000000,1.100000,0.000000,0.000000,-1.571000,-0.298304,1.011295,0.191434,1.071611
13.732000,-0.001712,-0.011295,0.908210,-0.008064,0.000124,-0.177796,-0.010927,0.000435,1.570364,-0.300000,1.000000,1.100000,0.000000,0.000000,-1.571000,-0.298288,1.011295,0.191790,1.071670
13.734000,-0.001729,-0.011294,0.907854,-0.008261,0.000132,-0.177734,-0.011058,0.000440,1.570364,-0.300000,1.000000,1.100000,0.000000,0.000000,-1.571000,-0.298271,1.011294,0.192146,1.071729
13.736000,-0.001745,-0.011294,0.907498,-0.008460,0.000141,-0.177665,-0.011189,0.000446,1.570364,-0.300000,1.000000,1.100000,0.000000,0.000000,-1.571000,-0.298255,1.011294,0.192502,1.071787
13.738000,-0.001763,-0.011294,0.907143,-0.008661,0.000149,-0.177590,-0.011318,0.000451,1.570364,-0.300000,1.000000,1.100000,0.000000,0.000000,-1.571000,-0.298237,1.011294,0.192857,1.071846
13.740000,-0.001780,-0.011293,0.906787,-0.008864,0.000158,-0.177510,-0.011446,0.000456,1.570364,-0.300000,1.000000,1.100000,0.000000,0.000000,-1.571000,-0.298220,1.011293,0.193213,1.071905
13.742000,-0.001798,-0.011293,0.906432,-0.009069,0.000166,-0.177423,-0.011573,0.000461,1.570364,-0.300000,1.000000,1.100000,0.000000,0.000000,-1.571000,-0.298202,1.011293,0.193568,1.071964
13.744000,-0.001817,-0.011293,0.906077,-0.009277,0.000175,-0.177332,-0.011700,0.000467,1.570364,-0.300000,1.000000,1.100000,0.000000,0.000000,-1.571000,-0.298183,1.011293,0.193923,1.072023
13.746000,-0.001836,-0.011292,0.905722,-0.009487,0.000184,-0.177236,-0.011825,0.000472,1.570364,-0.300000,1.000000,1.100000,0.000000,0.000000,-1.571000,-0.298164,1.011292,0.194278,1.072081
13.748000,-0.001855,-0.011292,0.905367,-0.009698,0.000193,-0.177135,-0.011950,0.000478,1.570364,-0.300000,1.000000,1.100000,0.000000,0.000000,-1.571000,-0.298145,1.011292,0.194633,1.072140
13.750000,-0.001875,-0.011292,0.905013,-0.009912,0.000202,-0.177027,-0.012073,0.000483,1.570365,-0.300000,1.000000,1.100000,0.000000,0.000000,-1.571000,-0.298125,1.011292,0.194987,1.072198
13.752000,-0.001895,-0.011291,0.904659,-0.010128,0.000211,-0.176912,-0.012196,0.000489,1.570365,-0.300000,1.000000,1.100000,0.000000,0.000000,-1.571000,-0.298105,1.011291,0.195341,1.072257
13.754000,-0.001916,-0.011291,0.904305,-0.010346,0.000220,-0.176791,-0.012318,0.000494,1.570365,-0.300000,1.000000,1.100000,0.000000,0.000000,-1.571000,-0.298084,1.011291,0.195695,1.072315
13.756000,-0.001937,-0.011290,0.903951,-0.010566,0.000229,-0.176664,-0.012438,0.000500,1.570365,-0.300000,1.000000,1.100000,0.000000,0.000000,-1.571000,-0.298063,1.011290,0.196049,1.072374
13.758000,-0.001958,-0.011290,0.903598,-0.010788,0.000239,-0.176531,-0.012558,0.000505,1.570365,-0.300000,1.000000,1.100000,0.000000,0.000000,-1.571000,-0.298042,1.011290,0.196402,1.072432
13.760000,-0.001980,-0.011289,0.903244,-0.011012,0.000248,-0.176392,-0.012677,0.000511,1.570365,-0.300000,1.000000,1.100000,0.000000,0.000000,-1.571000,-0.298020,1.011289,0.196756,1.072490
13.762000,-0.002002,-0.011289,0.902891,-0.011238,0.000258,-0.176248,-0.012794,0.000517,1.570365,-0.300000,1.000000,1.100000,0.000000,0.000000,-1.571000,-0.297998,1.011289,0.197109,1.072548
13.764000,-0.002025,-0.011288,0.902539,-0.011466,0.000268,-0.176099,-0.012911,0.000522,1.570365,-0.300000,1.000000,1.100000,0.000000,0.000000,-1.571000,-0.297975,1.011288,0.197461,1.072606
13.766000,-0.002049,-0.011288,0.902186,-0.011696,0.000277,-0.175944,-0.013027,0.000528,1.570365,-0.300000,1.000000,1.100000,0.000000,0.000000,-1.571000,-0.297951,1.011288,0.197814,1.072664
13.768000,-0.002072,-0.011287,0.901834,-0.011928,0.000287,-0.175786,-0.013141,0.000533,1.570365,-0.300000,1.000000,1.100000,0.000000,0.000000,-1.571000,-0.297928,1.011287,0.198166,1.072722
13.770000,-0.002096,-0.011287,0.901483,-0.012161,0.000297,-0.175623,-0.013255,0.000539,1.570364,-0.300000,1.000000,1.100000,0.000000,0.000000,-1.571000,-0.297904,1.011287,0.198517,1.072780
13.772000,-0.002121,-0.011286,0.901131,-0.012396,0.000307,-0.175454,-0.013368,0.000544,1.570364,-0.300000,1.000000,1.100000,0.000000,0.000000,-1.571000,-0.297879,1.011286,0.198869,1.072837
13.774000,-0.002146,-0.011285,0.900780,-0.012634,0.000317,-0.175280,-0.013480,0.000550,1.570364,-0.300000,1.000000,1.100000,0.000000,0.000000,-1.571000,-0.297854,1.011285,0.199220,1.072895
13.776000,-0.002172,-0.011285,0.900430,-0.012873,0.000328,-0.175102,-0.013591,0.000555,1.570364,-0.300000,1.000000,1.100000,0.000000,0.000000,-1.571000,-0.297828,1.011285,0.199570,1.072952
13.778000,-0.002198,-0.011284,0.900079,-0.013113,0.000338,-0.174919,-0.013701,0.000560,1.570364,-0.300000,1.000000,1.100000,0.000000,0.000000,-1.571000,-0.297802,1.011284,0.199921,1.073010
13.780000,-0.002225,-0.011283,0.899730,-0.013356,0.000348,-0.174731,-0.013810,0.000566,1.570364,-0.300000,1.000000,1.100000,0.000000,0.000000,-1.571000,-0.297775,1.011283,0.200270,1.073067
13.782000,-0.002252,-0.011283,0.899380,-0.013600,0.000359,-0.174538,-0.013918,0.000571,1.570364,-0.300000,1.000000,1.100000,0.000000,0.000000,-1.571000,-0.297748,1.011283,0.200620,1.073124
13.784000,-0.002279,-0.011282,0.899031,-0.013846,0.000369,-0.174339,-0.014025,0.000576,1.570364,-0.300000,1.000000,1.100000,0.000000,0.000000,-1.571000,-0.297721,1.011282,0.200969,1.073181
13.786000,-0.002308,-0.011281,0.898682,-0.014094,0.000380,-0.174135,-0.014131,0.000581,1.570364,-0.300000,1.000000,1.100000,0.000000,0.000000,-1.571000,-0.297692,1.011281,0.201318,1.073238
13.788000,-0.002336,-0.011280,0.898334,-0.014343,0.000391,-0.173925,-0.014236,0.000586,1.570364,-0.300000,1.000000,1.100000,0.000000,0.000000,-1.571000,-0.297664,1.011280,0.201666,1.073294
13.790000,-0.002365,-0.011280,0.897986,-0.014594,0.000402,-0.173710,-0.014341,0.000591,1.570364,-0.300000,1.000000,1.100000,0.000000,0.000000,-1.571000,-0.297635,1.011280,0.202014,1.073351
13.792000,-0.002395,-0.011279,0.897639,-0.014847,0.000412,-0.173491,-0.014445,0.000595,1.570364,-0.300000,1.000000,1.100000,0.000000,0.000000,-1.571000,-0.297605,1.011279,0.202361,1.073408
13.794000,-0.002425,-0.011278,0.897292,-0.015101,0.000423,-0.173267,-0.014548,0.000600,1.570364,-0.300000,1.000000,1.100000,0.000000,0.000000,-1.571000,-0.297575,1.011278,0.202708,1.073464
13.796000,-0.002456,-0.011277,0.896945,-0.015357,0.000435,-0.173038,-0.014650,0.000604,1.570363,-0.300000,1.000000,1.100000,0.000000,0.000000,-1.571000,-0.297544,1.011277,0.203055,1.073520
13.798000,-0.002487,-0.011276,0.896599,-0.015614,0.000446,-0.172804,-0.014751,0.000609,1.570363,-0.300000,1.000000,1.100000,0.000000,0.000000,-1.571000,-0.297513,1.011276,0.203401,1.073576
13.800000,-0.002518,-0.011275,0.896253,-0.015874,0.000457,-0.172565,-0.014852,0.000613,1.570363,-0.300000,1.000000,1.100000,0.000000,0.000000,-1.571000,-0.297482,1.011275,0.203747,1.073632
13.802000,-0.002551,-0.011274,0.895908,-0.016134,0.000468,-0.172322,-0.014952,0.000617,1.570363,-0.300000,1.000000,1.100000,0.000000,0.000000,-1.571000,-0.297449,1.011274,0.204092,1.073688
13.804000,-0.002583,-0.011273,0.895564,-0.016396,0.000479,-0.172075,-0.015051,0.000621,1.570363,-0.300000,1.000000,1.100000,0.000000,0.000000,-1.571000,-0.297417,1.011273,0.204436,1.073743
13.806000,-0.002616,-0.011272,0.895220,-0.016660,0.000491,-0.171823,-0.015149,0.000625,1.570363,-0.300000,1.000000,1.100000,0.000000,0.000000,-1.571000,-0.297384,1.011272,0.204780,1.073799
13.808000,-0.002650,-0.011271,0.894876,-0.016925,0.000502,-0.171567,-0.015247,0.000629,1.570363,-0.300000,1.000000,1.100000,0.000000,0.000000,-1.571000,-0.297350,1.011271,0.205124,1.073854
13.810000,-0.002684,-0.011270,0.894533,-0.017192,0.000514,-0.171308,-0.015343,0.000632,1.570363,-0.300000,1.000000,1.100000,0.000000,0.000000,-1.571000,-0.297316,1.011270,0.205467,1.073909
13.812000,-0.002719,-0.011269,0.894190,-0.017460,0.000525,-0.171043,-0.015439,0.000636,1.570363,-0.300000,1.000000,1.100000,0.000000,0.000000,-1.571000,-0.297281,1.011269,0.205810,1.073964
13.814000,-0.002755,-0.011268,0.893848,-0.017729,0.000537,-0.170773,-0.015535,0.000639,1.570363,-0.300000,1.000000,1.100000,0.000000,0.000000,-1.571000,-0.297245,1.011268,0.206152,1.074019
13.816000,-0.002791,-0.011267,0.893507,-0.018000,0.000548,-0.170497,-0.015629,0.000642,1.570363,-0.300000,1.000000,1.100000,0.000000,0.000000,-1.571000,-0.297209,1.011267,0.206493,1.074074
13.818000,-0.002827,-0.011266,0.893166,-0.018273,0.000560,-0.170216,-0.015723,0.000645,1.570363,-0.300000,1.000000,1.100000,0.000000,0.000000,-1.571000,-0.297173,1.011266,0.206834,1.074128
13.820000,-0.002864,-0.011265,0.892826,-0.018547,0.000572,-0.169930,-0.015816,0.000648,1.570363,-0.300000,1.000000,1.100000,0.000000,0.000000,-1.571000,-0.297136,1.011265,0.207174,1.074182
13.822000,-0.002902,-0.011264,0.892486,-0.018822,0.000584,-0.169639,-0.015908,0.000651,1.570363,-0.300000,1.000000,1.100000,0.000000,0.000000,-1.571000,-0.297098,1.011264,0.207514,1.074236
13.824000,-0.002940,-0.011263,0.892147,-0.019098,0.000595,-0.169343,-0.015999,0.000653,1.570363,-0.300000,1.000000,1.100000,0.000000,0.000000,-1.571000,-0.297060,1.011263,0.207853,1.074290
13.826000,-0.002978,-0.011261,0.891808,-0.019376,0.000607,-0.169043,-0.016090,0.000656,1.570363,-0.300000,1.000000,1.100000,0.000000,0.000000,-1.571000,-0.297022,1.011261,0.208192,1.074344
13.828000,-0.003017,-0.011260,0.891470,-0.019656,0.000619,-0.168738,-0.016180,0.000658,1.570363,-0.300000,1.000000,1.100000,0.000000,0.000000,-1.571000,-0.296983,1.011260,0.208530,1.074398
13.830000,-0.003057,-0.011259,0.891133,-0.019936,0.000631,-0.168430,-0.016269,0.000661,1.570363,-0.300000,1.000000,1.100000,0.000000,0.000000,-1.571000,-0.296943,1.011259,0.208867,1.074451
13.832000,-0.003098,-0.011258,0.890796,-0.020218,0.000643,-0.168118,-0.016357,0.000663,1.570364,-0.300000,1.000000,1.100000,0.000000,0.000000,-1.571000,-0.296902,1.011258,0.209204,1.074504
13.834000,-0.003138,-0.011256,0.890460,-0.020501,0.000655,-0.167803,-0.016445,0.000665,1.570364,-0.300000,1.000000,1.100000,0.000000,0.000000,-1.571000,-0.296862,1.011256,0.209540,1.074557
13.836000,-0.003180,-0.011255,0.890124,-0.020786,0.000667,-0.167483,-0.016532,0.000668,1.570364,-0.300000,1.000000,1.100000,0.000000,0.000000,-1.571000,-0.296820,1.011255,0.209876,1.074610
13.838000,-0.003222,-0.011254,0.889790,-0.021072,0.000679,-0.167160,-0.016619,0.000670,1.570364,-0.300000,1.000000,1.100000,0.000000,0.000000,-1.571000,-0.296778,1.011254,0.210210,1.074662
13.840000,-0.003265,-0.011252,0.889455,-0.021358,0.000691,-0.166833,-0.016704,0.000672,1.570364,-0.300000,1.000000,1.100000,0.000000,0.000000,-1.571000,-0.296735,1.011252,0.210545,1.074715
13.842000,-0.003308,-0.011251,0.889122,-0.021647,0.000703,-0.166500,-0.016789,0.000675,1.570364,-0.300000,1.000000,1.100000,0.000000,0.000000,-1.571000,-0.296692,1.011251,0.210878,1.074767
13.844000,-0.003352,-0.011249,0.888789,-0.021936,0.000715,-0.166162,-0.016874,0.000677,1.570364,-0.300000,1.000000,1.100000,0.000000,0.000000,-1.571000,-0.296648,1.011249,0.211211,1.074819
13.846000,-0.003396,-0.011248,0.888457,-0.022227,0.000727,-0.165820,-0.016958,0.000679,1.570364,-0.300000,1.000000,1.100000,0.000000,0.000000,-1.571000,-0.296604,1.011248,0.211543,1.074871
13.848000,-0.003441,-0.011246,0.888126,-0.022518,0.000739,-0.165473,-0.017041,0.000682,1.570364,-0.300000,1.000000,1.100000,0.000000,0.000000,-1.571000,-0.296559,1.011246,0.211874,1.074922
13.850000,-0.003486,-0.011245,0.887795,-0.022811,0.000751,-0.165123,-0.017123,0.000684,1.570364,-0.300000,1.000000,1.100000,0.000000,0.000000,-1.571000,-0.296514,1.011245,0.212205,1.074973
13.852000,-0.003533,-0.011243,0.887465,-0.023105,0.000763,-0.164769,-0.017205,0.000687,1.570364,-0.300000,1.000000,1.100000,0.000000,0.000000,-1.571000,-0.296467,1.011243,0.212535,1.075024
13.854000,-0.003579,-0.011242,0.887135,-0.023401,0.000776,-0.164410,-0.017286,0.000689,1.570363,-0.300000,1.000000,1.100000,0.000000,0.000000,-1.571000,-0.296421,1.011242,0.212865,1.075075
13.856000,-0.003626,-0.011240,0.886807,-0.023697,0.000788,-0.164048,-0.017367,0.000692,1.570363,-0.300000,1.000000,1.100000,0.000000,0.000000,-1.571000,-0.296374,1.011240,0.213193,1.075126
13.858000,-0.003674,-0.011239,0.886479,-0.023994,0.000800,-0.163682,-0.017446,0.000695,1.570363,-0.300000,1.000000,1.100000,0.000000,0.000000,-1.571000,-0.296326,1.011239,0.213521,1.075176
13.860000,-0.003723,-0.011237,0.886152,-0.024293,0.000813,-0.163313,-0.017526,0.000698,1.570363,-0.300000,1.000000,1.100000,0.000000,0.000000,-1.571000,-0.296277,1.011237,0.213848,1.075226
13.862000,-0.003772,-0.011235,0.885825,-0.024593,0.000825,-0.162942,-0.017604,0.000701,1.570363,-0.300000,1.000000,1.100000,0.000000,0.000000,-1.571000,-0.296228,1.011235,0.214175,1.075276
13.864000,-0.003822,-0.011234,0.885500,-0.024893,0.000837,-0.162567,-0.017682,0.000704,1.570363,-0.300000,1.000000,1.100000,0.000000,0.000000,-1.571000,-0.296178,1.011234,0.214500,1.075326
13.866000,-0.003872,-0.011232,0.885175,-0.025195,0.000850,-0.162187,-0.017759,0.000707,1.570363,-0.300000,1.000000,1.100000,0.000000,0.000000,-1.571000,-0.296128,1.011232,0.214825,1.075375
13.868000,-0.003923,-0.011230,0.884851,-0.025498,0.000862,-0.161802,-0.017836,0.000710,1.570363,-0.300000,1.000000,1.100000,0.000000,0.000000,-1.571000,-0.296077,1.011230,0.215149,1.075424
13.870000,-0.003974,-0.011229,0.884527,-0.025802,0.000875,-0.161414,-0.017912,0.000714,1.570363,-0.300000,1.000000,1.100000,0.000000,0.000000,-1.571000,-0.296026,1.011229,0.215473,1.075473
13.872000,-0.004026,-0.011227,0.884205,-0.026106,0.000887,-0.161022,-0.017987,0.000717,1.570363,-0.300000,1.000000,1.100000,0.000000,0.000000,-1.571000,-0.295974,1.011227,0.215795,1.075522
13.874000,-0.004079,-0.011225,0.883883,-0.026412,0.000900,-0.160628,-0.018061,0.000721,1.570363,-0.300000,1.000000,1.100000,0.000000,0.000000,-1.571000,-0.295921,1.011225,0.216117,1.075570
13.876000,-0.004133,-0.011223,0.883562,-0.026719,0.000913,-0.160231,-0.018135,0.000724,1.570363,-0.300000,1.000000,1.100000,0.000000,0.000000,-1.571000,-0.295867,1.011223,0.216438,1.075619
13.878000,-0.004186,-0.011221,0.883242,-0.027026,0.000925,-0.159830,-0.018208,0.000728,1.570363,-0.300000,1.000000,1.100000,0.000000,0.000000,-1.571000,-0.295814,1.011221,0.216758,1.075667
13.880000,-0.004241,-0.011220,0.882922,-0.027335,0.000938,-0.159426,-0.018280,0.000732,1.570363,-0.300000,1.000000,1.100000,0.000000,0.000000,-1.571000,-0.295759,1.011220,0.217078,1.075714
13.882000,-0.004296,-0.011218,0.882604,-0.027644,0.000951,-0.159020,-0.018351,0.000736,1.570363,-0.300000,1.000000,1.100000,0.000000,0.000000,-1.571000,-0.295704,1.011218,0.217396,1.075762
13.884000,-0.004352,-0.011216,0.882286,-0.027955,0.000964,-0.158611,-0.018422,0.000740,1.570363,-0.300000,1.000000,1.100000,0.000000,0.000000,-1.571000,-0.295648,1.011216,0.217714,1.075809
13.886000,-0.004408,-0.011214,0.881969,-0.028266,0.000977,-0.158200,-0.018491,0.000744,1.570363,-0.300000,1.000000,1.100000,0.000000,0.000000,-1.571000,-0.295592,1.011214,0.218031,1.075855
13.888000,-0.004466,-0.011212,0.881653,-0.028578,0.000990,-0.157786,-0.018560,0.000749,1.570363,-0.300000,1.000000,1.100000,0.000000,0.000000,-1.571000,-0.295534,1.011212,0.218347,1.075902
13.890000,-0.004523,-0.011210,0.881338,-0.028891,0.001003,-0.157366,-0.018628,0.000753,1.570363,-0.300000,1.000000,1.100000,0.000000,0.000000,-1.571000,-0.295477,1.011210,0.218662,1.075948
13.892000,-0.004582,-0.011208,0.881024,-0.029205,0.001016,-0.156943,-0.018695,0.000757,1.570363,-0.300000,1.000000,1.100000,0.000000,0.000000,-1.571000,-0.295418,1.011208,0.218976,1.075994
13.894000,-0.004640,-0.011206,0.880710,-0.029520,0.001029,-0.156515,-0.018761,0.000762,1.570363,-0.300000,1.000000,1.100000,0.000000,0.000000,-1.571000,-0.295360,1.011206,0.219290,1.076040
13.896000,-0.004700,-0.011204,0.880397,-0.029835,0.001043,-0.156085,-0.018826,0.000766,1.570363,-0.300000,1.000000,1.100000,0.000000,0.000000,-1.571000,-0.295300,1.011204,0.219603,1.076086
13.898000,-0.004760,-0.011202,0.880085,-0.030151,0.001056,-0.155653,-0.018890,0.000771,1.570363,-0.300000,1.000000,1.100000,0.000000,0.000000,-1.571000,-0.295240,1.011202,0.219915,1.076131
13.900000,-0.004821,-0.011199,0.879774,-0.030468,0.001069,-0.155217,-0.018953,0.000775,1.570363,-0.300000,1.000000,1.100000,0.000000,0.000000,-1.571000,-0.295179,1.011199,0.220226,1.076176
13.902000,-0.004883,-0.011197,0.879464,-0.030786,0.001083,-0.154778,-0.019015,0.000780,1.570363,-0.300000,1.000000,1.100000,0.000000,0.000000,-1.571000,-0.295117,1.011197,0.220536,1.076220
13.904000,-0.004945,-0.011195,0.879155,-0.031104,0.001096,-0.154336,-0.019077,0.000784,1.570363,-0.300000,1.000000,1.100000,0.000000,0.000000,-1.571000,-0.295055,1.011195,0.220845,1.076265
13.906000,-0.005007,-0.011193,0.878847,-0.031423,0.001110,-0.153891,-0.019137,0.000789,1.570363,-0.300000,1.000000,1.100000,0.000000,0.000000,-1.571000,-0.294993,1.011193,0.221153,1.076309
13.908000,-0.005071,-0.011191,0.878539,-0.031743,0.001124,-0.153444,-0.019196,0.000794,1.570362,-0.300000,1.000000,1.100000,0.000000,0.000000,-1.571000,-0.294929,1.011191,0.221461,1.076352
13.910000,-0.005135,-0.011188,0.878233,-0.032063,0.001138,-0.152995,-0.019254,0.000798,1.570362,-0.300000,1.000000,1.100000,0.000000,0.000000,-1.571000,-0.294865,1.011188,0.221767,1.076396
13.912000,-0.005199,-0.011186,0.877927,-0.032384,0.001151,-0.152543,-0.019311,0.000803,1.570362,-0.300000,1.000000,1.100000,0.000000,0.000000,-1.571000,-0.294801,1.011186,0.222073,1.076439
13.914000,-0.005265,-0.011184,0.877623,-0.032706,0.001165,-0.152087,-0.019368,0.000808,1.570362,-0.300000,1.000000,1.100000,0.000000,0.000000,-1.571000,-0.294735,1.011184,0.222377,1.076482
13.916000,-0.005331,-0.011181,0.877319,-0.033028,0.001179,-0.151627,-0.019423,0.000812,1.570362,-0.300000,1.000000,1.100000,0.000000,0.000000,-1.571000,-0.294669,1.011181,0.222681,1.076524
13.918000,-0.005397,-0.011179,0.877016,-0.033351,0.001193,-0.151163,-0.019478,0.000817,1.570362,-0.300000,1.000000,1.100000,0.000000,0.000000,-1.571000,-0.294603,1.011179,0.222984,1.076567
13.920000,-0.005465,-0.011177,0.876714,-0.033674,0.001207,-0.150696,-0.019531,0.000821,1.570362,-0.300000,1.000000,1.100000,0.000000,0.000000,-1.571000,-0.294535,1.011177,0.223286,1.076608
13.922000,-0.005533,-0.011174,0.876413,-0.033998,0.001222,-0.150226,-0.019584,0.000826,1.570361,-0.300000,1.000000,1.100000,0.000000,0.000000,-1.571000,-0.294467,1.011174,0.223587,1.076650
13.924000,-0.005601,-0.011172,0.876113,-0.034322,0.001236,-0.149755,-0.019636,0.000830,1.570361,-0.300000,1.000000,1.100000,0.000000,0.000000,-1.571000,-0.294399,1.011172,0.223887,1.076691
13.926000,-0.005670,-0.011169,0.875814,-0.034647,0.001250,-0.149282,-0.019688,0.000835,1.570361,-0.300000,1.000000,1.100000,0.000000,0.000000,-1.571000,-0.294330,1.011169,0.224186,1.076732
13.928000,-0.005740,-0.011167,0.875516,-0.034973,0.001265,-0.148808,-0.019738,0.000839,1.570361,-0.300000,1.000000,1.100000,0.000000,0.000000,-1.571000,-0.294260,1.011167,0.224484,1.076773
13.930000,-0.005811,-0.011164,0.875219,-0.035298,0.001279,-0.148332,-0.019788,0.000843,1.570361,-0.300000,1.000000,1.100000,0.000000,0.000000,-1.571000,-0.294189,1.011164,0.224781,1.076813
13.932000,-0.005882,-0.011161,0.874922,-0.035624,0.001294,-0.147853,-0.019836,0.000847,1.570361,-0.300000,1.000000,1.100000,0.000000,0.000000,-1.571000,-0.294118,1.011161,0.225078,1.076853
13.934000,-0.005954,-0.011159,0.874627,-0.035951,0.001308,-0.147370,-0.019884,0.000851,1.570361,-0.300000,1.000000,1.100000,0.000000,0.000000,-1.571000,-0.294046,1.011159,0.225373,1.076893
13.936000,-0.006026,-0.011156,0.874333,-0.036278,0.001323,-0.146884,-0.019932,0.000855,1.570360,-0.300000,1.000000,1.100000,0.000000,0.000000,-1.571000,-0.293974,1.011156,0.225667,1.076932
13.938000,-0.006099,-0.011154,0.874039,-0.036605,0.001337,-0.146395,-0.019978,0.000859,1.570360,-0.300000,1.000000,1.100000,0.000000,0.000000,-1.571000,-0.293901,1.011154,0.225961,1.076971
13.940000,-0.006173,-0.011151,0.873747,-0.036933,0.001352,-0.145904,-0.020024,0.000862,1.570360,-0.300000,1.000000,1.100000,0.000000,0.000000,-1.571000,-0.293827,1.011151,0.226253,1.077010
13.942000,-0.006247,-0.011148,0.873456,-0.037261,0.001367,-0.145410,-0.020069,0.000866,1.570360,-0.300000,1.000000,1.100000,0.000000,0.000000,-1.571000,-0.293753,1.011148,0.226544,1.077048
13.944000,-0.006322,-0.011145,0.873165,-0.037590,0.001382,-0.144915,-0.020113,0.000869,1.570360,-0.300000,1.000000,1.100000,0.000000,0.000000,-1.571000,-0.293678,1.011145,0.226835,1.077087
13.946000,-0.006398,-0.011143,0.872876,-0.037919,0.001396,-0.144418,-0.020157,0.000873,1.570360,-0.300000,1.000000,1.100000,0.000000,0.000000,-1.571000,-0.293602,1.011143,0.227124,1.077124
13.948000,-0.006475,-0.011140,0.872588,-0.038248,0.001411,-0.143918,-0.020200,0.000876,1.570360,-0.300000,1.000000,1.100000,0.000000,0.000000,-1.571000,-0.293525,1.011140,0.227412,1.077162
13.950000,-0.006552,-0.011137,0.872300,-0.038577,0.001426,-0.143415,-0.020243,0.000879,1.570360,-0.300000,1.000000,1.100000,0.000000,0.000000,-1.571000,-0.293448,1.011137,0.227700,1.077199
13.952000,-0.006629,-0.011134,0.872014,-0.038907,0.001441,-0.142911,-0.020284,0.000882,1.570360,-0.300000,1.000000,1.100000,0.000000,0.000000,-1.571000,-0.293371,1.011134,0.227986,1.077235
13.954000,-0.006708,-0.011131,0.871728,-0.039237,0.001456,-0.142404,-0.020326,0.000885,1.570360,-0.300000,1.000000,1.100000,0.000000,0.000000,-1.571000,-0.293292,1.011131,0.228272,1.077272
13.956000,-0.006787,-0.011128,0.871444,-0.039567,0.001471,-0.141896,-0.020366,0.000888,1.570360,-0.300000,1.000000,1.100000,0.000000,0.000000,-1.571000,-0.293213,1.011128,0.228556,1.077308
13.958000,-0.006867,-0.011125,0.871161,-0.039898,0.001486,-0.141385,-0.020406,0.000891,1.570360,-0.300000,1.000000,1.100000,0.000000,0.000000,-1.571000,-0.293133,1.011125,0.228839,1.077343
13.960000,-0.006947,-0.011122,0.870879,-0.040229,0.001501,-0.140872,-0.020446,0.000894,1.570360,-0.300000,1.000000,1.100000,0.000000,0.000000,-1.571000,-0.293053,1.011122,0.229121,1.077379
13.962000,-0.007028,-0.011119,0.870597,-0.040560,0.001517,-0.140358,-0.020485,0.000896,1.570360,-0.300000,1.000000,1.100000,0.000000,0.000000,-1.571000,-0.292972,1.011119,0.229403,1.077414
13.964000,-0.007110,-0.011116,0.870317,-0.040891,0.001532,-0.139840,-0.020524,0.000899,1.570360,-0.300000,1.000000,1.100000,0.000000,0.000000,-1.571000,-0.292890,1.011116,0.229683,1.077448
13.966000,-0.007192,-0.011113,0.870038,-0.041222,0.001547,-0.139319,-0.020562,0.000901,1.570360,-0.300000,1.000000,1.100000,0.000000,0.000000,-1.571000,-0.292808,1.011113,0.229962,1.077483
13.968000,-0.007275,-0.011110,0.869760,-0.041554,0.001562,-0.138796,-0.020600,0.000903,1.570360,-0.300000,1.000000,1.100000,0.000000,0.000000,-1.571000,-0.292725,1.011110,0.230240,1.077516
13.970000,-0.007359,-0.011107,0.869483,-0.041886,0.001577,-0.138271,-0.020637,0.000905,1.570360,-0.300000,1.000000,1.100000,0.000000,0.000000,-1.571000,-0.292641,1.011107,0.230517,1.077550
13.972000,-0.007443,-0.011104,0.869207,-0.042218,0.001592,-0.137745,-0.020674,0.000908,1.570360,-0.300000,1.000000,1.100000,0.000000,0.000000,-1.571000,-0.292557,1.011104,0.230793,1.077583
13.974000,-0.007528,-0.011100,0.868932,-0.042550,0.001608,-0.137217,-0.020710,0.000909,1.570360,-0.300000,1.000000,1.100000,0.000000,0.000000,-1.571000,-0.292472,1.011100,0.231068,1.077616
13.976000,-0.007614,-0.011097,0.868658,-0.042883,0.001623,-0.136688,-0.020746,0.000911,1.570360,-0.300000,1.000000,1.100000,0.000000,0.000000,-1.571000,-0.292386,1.011097,0.231342,1.077649
13.978000,-0.007700,-0.011094,0.868385,-0.043215,0.001638,-0.136156,-0.020781,0.000913,1.570360,-0.300000,1.000000,1.100000,0.000000,0.000000,-1.571000,-0.292300,1.011094,0.231615,1.077681
13.980000,-0.007787,-0.011091,0.868113,-0.043548,0.001654,-0.135623,-0.020816,0.000915,1.570360,-0.300000,1.000000,1.100000,0.000000,0.000000,-1.571000,-0.292213,1.011091,0.231887,1.077712
13.982000,-0.007875,-0.011087,0.867842,-0.043881,0.001669,-0.135089,-0.020850,0.000916,1.570360,-0.300000,1.000000,1.100000,0.000000,0.000000,-1.571000,-0.292125,1.011087,0.232158,1.077744
13.984000,-0.007963,-0.011084,0.867573,-0.044213,0.001684,-0.134551,-0.020884,0.000918,1.570360,-0.300000,1.000000,1.100000,0.000000,0.000000,-1.571000,-0.292037,1.011084,0.232427,1.077775
13.986000,-0.008052,-0.011080,0.867304,-0.044547,0.001699,-0.134011,-0.020918,0.000919,1.570360,-0.300000,1.000000,1.100000,0.000000,0.000000,-1.571000,-0.291948,1.011080,0.232696,1.077805
13.988000,-0.008142,-0.011077,0.867037,-0.044880,0.001715,-0.133470,-0.020951,0.000920,1.570360,-0.300000,1.000000,1.100000,0.000000,0.000000,-1.571000,-0.291858,1.011077,0.232963,1.077836
13.990000,-0.008232,-0.011074,0.866770,-0.045213,0.001730,-0.132927,-0.020984,0.000921,1.570360,-0.300000,1.000000,1.100000,0.000000,0.000000,-1.571000,-0.291768,1.011074,0.233230,1.077866
13.992000,-0.008323,-0.011070,0.866505,-0.045546,0.001745,-0.132382,-0.021016,0.000922,1.570360,-0.300000,1.000000,1.100000,0.000000,0.000000,-1.571000,-0.291677,1.011070,0.233495,1.077895
13.994000,-0.008415,-0.011067,0.866241,-0.045880,0.001761,-0.131835,-0.021048,0.000923,1.570360,-0.300000,1.000000,1.100000,0.000000,0.000000,-1.571000,-0.291585,1.011067,0.233759,1.077924
13.996000,-0.008507,-0.011063,0.865978,-0.046213,0.001776,-0.131287,-0.021079,0.000924,1.570359,-0.300000,1.000000,1.100000,0.000000,0.000000,-1.571000,-0.291493,1.011063,0.234022,1.077953
13.998000,-0.008600,-0.011059,0.865716,-0.046547,0.001791,-0.130737,-0.021110,0.000924,1.570359,-0.300000,1.000000,1.100000,0.000000,0.000000,-1.571000,-0.291400,1.011059,0.234284,1.077982
14.000000,-0.008694,-0.011056,0.865455,-0.046880,0.001806,-0.130186,-0.021141,0.000925,1.570359,-0.300000,1.000000,1.100000,0.000000,0.000000,-1.571000,-0.291306,1.011056,0.234545,1.078010
14.002000,-0.008788,-0.011052,0.865195,-0.047214,0.001822,-0.129634,-0.021170,0.000926,1.570359,-0.300000,1.000000,1.100000,0.000000,0.000000,-1.571000,-0.291212,1.011052,0.234805,1.078037
14.004000,-0.008883,-0.011049,0.864936,-0.047548,0.001837,-0.129080,-0.021199,0.000926,1.570359,-0.300000,1.000000,1.100000,0.000000,0.000000,-1.571000,-0.291117,1.011049,0.235064,1.078064
14.006000,-0.008979,-0.011045,0.864679,-0.047881,0.001852,-0.128523,-0.021228,0.000927,1.570359,-0.300000,1.000000,1.100000,0.000000,0.000000,-1.571000,-0.291021,1.011045,0.235321,1.078091
14.008000,-0.009075,-0.011041,0.864422,-0.048215,0.001867,-0.127964,-0.021256,0.000927,1.570359,-0.300000,1.000000,1.100000,0.000000,0.000000,-1.571000,-0.290925,1.011041,0.235578,1.078118
14.010000,-0.009172,-0.011037,0.864167,-0.048549,0.001882,-0.127404,-0.021283,0.000928,1.570359,-0.300000,1.000000,1.100000,0.000000,0.000000,-1.571000,-0.290828,1.011037,0.235833,1.078144
14.012000,-0.009270,-0.011034,0.863913,-0.048882,0.001897,-0.126842,-0.021309,0.000929,1.570359,-0.300000,1.000000,1.100000,0.000000,0.000000,-1.571000,-0.290730,1.011034,0.236087,1.078170
14.014000,-0.009369,-0.011030,0.863660,-0.049216,0.001913,-0.126280,-0.021335,0.000930,1.570359,-0.300000,1.000000,1.100000,0.000000,0.000000,-1.571000,-0.290631,1.011030,0.236340,1.078195
14.016000,-0.009468,-0.011026,0.863408,-0.049549,0.001928,-0.125717,-0.021360,0.000930,1.570359,-0.300000,1.000000,1.100000,0.000000,0.000000,-1.571000,-0.290532,1.011026,0.236592,1.078220
14.018000,-0.009567,-0.011022,0.863157,-0.049883,0.001943,-0.125152,-0.021384,0.000931,1.570360,-0.300000,1.000000,1.100000,0.000000,0.000000,-1.571000,-0.290433,1.011022,0.236843,1.078245
14.020000,-0.009668,-0.011018,0.862907,-0.050216,0.001958,-0.124586,-0.021408,0.000933,1.570360,-0.300000,1.000000,1.100000,0.000000,0.000000,-1.571000,-0.290332,1.011018,0.237093,1.078269
14.022000,-0.009769,-0.011014,0.862659,-0.050549,0.001973,-0.124019,-0.021431,0.000934,1.570360,-0.300000,1.000000,1.100000,0.000000,0.000000,-1.571000,-0.290231,1.011014,0.237341,1.078293
14.024000,-0.009870,-0.011010,0.862411,-0.050883,0.001988,-0.123451,-0.021453,0.000935,1.570360,-0.300000,1.000000,1.100000,0.000000,0.000000,-1.571000,-0.290130,1.011010,0.237589,1.078316
14.026000,-0.009973,-0.011006,0.862165,-0.051216,0.002003,-0.122882,-0.021475,0.000936,1.570360,-0.300000,1.000000,1.100000,0.000000,0.000000,-1.571000,-0.290027,1.011006,0.237835,1.078339
14.028000,-0.010076,-0.011002,0.861920,-0.051548,0.002019,-0.122312,-0.021496,0.000938,1.570360,-0.300000,1.000000,1.100000,0.000000,0.000000,-1.571000,-0.289924,1.011002,0.238080,1.078362
14.030000,-0.010179,-0.010998,0.861676,-0.051881,0.002034,-0.121740,-0.021516,0.000939,1.570360,-0.300000,1.000000,1.100000,0.000000,0.000000,-1.571000,-0.289821,1.010998,0.238324,1.078384
14.032000,-0.010284,-0.010994,0.861433,-0.052214,0.002049,-0.121166,-0.021536,0.000941,1.570360,-0.300000,1.000000,1.100000,0.000000,0.000000,-1.571000,-0.289716,1.010994,0.238567,1.078406
14.034000,-0.010389,-0.010990,0.861191,-0.052546,0.002064,-0.120591,-0.021555,0.000943,1.570360,-0.300000,1.000000,1.100000,0.000000,0.000000,-1.571000,-0.289611,1.010990,0.238809,1.078427
14.036000,-0.010495,-0.010986,0.860950,-0.052878,0.002079,-0.120015,-0.021574,0.000945,1.570360,-0.300000,1.000000,1.100000,0.000000,0.000000,-1.571000,-0.289505,1.010986,0.239050,1.078448
14.038000,-0.010601,-0.010982,0.860711,-0.053210,0.002094,-0.119436,-0.021592,0.000947,1.570360,-0.300000,1.000000,1.100000,0.000000,0.000000,-1.571000,-0.289399,1.010982,0.239289,1.078469
14.040000,-0.010708,-0.010977,0.860473,-0.053542,0.002109,-0.118855,-0.021609,0.000949,1.570360,-0.300000,1.000000,1.100000,0.000000,0.000000,-1.571000,-0.289292,1.010977,0.239527,1.078489
14.042000,-0.010816,-0.010973,0.860236,-0.053874,0.002125,-0.118273,-0.021626,0.000952,1.570360,-0.300000,1.000000,1.100000,0.000000,0.000000,-1.571000,-0.289184,1.010973,0.239764,1.078509
14.044000,-0.010924,-0.010969,0.860000,-0.054205,0.002140,-0.117691,-0.021642,0.000954,1.570360,-0.300000,1.000000,1.100000,0.000000,0.000000,-1.571000,-0.289076,1.010969,0.240000,1.078528
14.046000,-0.011033,-0.010964,0.859765,-0.054536,0.002155,-0.117107,-0.021658,0.000957,1.570360,-0.300000,1.000000,1.100000,0.000000,0.000000,-1.571000,-0.288967,1.010964,0.240235,1.078547
14.048000,-0.011143,-0.010960,0.859532,-0.054867,0.002170,-0.116523,-0.021673,0.000960,1.570360,-0.300000,1.000000,1.100000,0.000000,0.000000,-1.571000,-0.288857,1.010960,0.240468,1.078566
14.050000,-0.011253,-0.010956,0.859299,-0.055198,0.002186,-0.115938,-0.021687,0.000963,1.570360,-0.300000,1.000000,1.100000,0.000000,0.000000,-1.571000,-0.288747,1.010956,0.240701,1.078584
14.052000,-0.011364,-0.010951,0.859068,-0.055528,0.002201,-0.115354,-0.021700,0.000966,1.570360,-0.300000,1.000000,1.100000,0.000000,0.000000,-1.571000,-0.288636,1.010951,0.240932,1.078602
14.054000,-0.011476,-0.010947,0.858838,-0.055858,0.002217,-0.114769,-0.021714,0.000969,1.570360,-0.300000,1.000000,1.100000,0.000000,0.000000,-1.571000,-0.288524,1.010947,0.241162,1.078619
14.056000,-0.011588,-0.010942,0.858609,-0.056188,0.002232,-0.114182,-0.021726,0.000972,1.570360,-0.300000,1.000000,1.100000,0.000000,0.000000,-1.571000,-0.288412,1.010942,0.241391,1.078636
14.058000,-0.011701,-0.010938,0.858381,-0.056517,0.002247,-0.113594,-0.021738,0.000975,1.570360,-0.300000,1.000000,1.100000,0.000000,0.000000,-1.571000,-0.288299,1.010938,0.241619,1.078653
14.060000,-0.011815,-0.010933,0.858155,-0.056846,0.002263,-0.113002,-0.021750,0.000979,1.570360,-0.300000,1.000000,1.100000,0.000000,0.000000,-1.571000,-0.288185,1.010933,0.241845,1.078669
14.062000,-0.011929,-0.010929,0.857929,-0.057175,0.002278,-0.112407,-0.021762,0.000982,1.570360,-0.300000,1.000000,1.100000,0.000000,0.000000,-1.571000,-0.288071,1.010929,0.242071,1.078685
14.064000,-0.012044,-0.010924,0.857705,-0.057503,0.002294,-0.111811,-0.021773,0.000986,1.570360,-0.300000,1.000000,1.100000,0.000000,0.000000,-1.571000,-0.287956,1.010924,0.242295,1.078700
14.066000,-0.012160,-0.010920,0.857482,-0.057832,0.002310,-0.111213,-0.021783,0.000990,1.570359,-0.300000,1.000000,1.100000,0.000000,0.000000,-1.571000,-0.287840,1.010920,0.242518,1.078715
14.068000,-0.012276,-0.010915,0.857261,-0.058159,0.002325,-0.110615,-0.021793,0.000993,1.570359,-0.300000,1.000000,1.100000,0.000000,0.000000,-1.571000,-0.287724,1.010915,0.242739,1.078729
14.070000,-0.012393,-0.010910,0.857040,-0.058487,0.002341,-0.110015,-0.021803,0.000997,1.570359,-0.300000,1.000000,1.100000,0.000000,0.000000,-1.571000,-0.287607,1.010910,0.242960,1.078743
14.072000,-0.012510,-0.010906,0.856821,-0.058814,0.002357,-0.109415,-0.021812,0.001001,1.570359,-0.300000,1.000000,1.100000,0.000000,0.000000,-1.571000,-0.287490,1.010906,0.243179,1.078757
14.074000,-0.012629,-0.010901,0.856603,-0.059140,0.002373,-0.108813,-0.021821,0.001006,1.570359,-0.300000,1.000000,1.100000,0.000000,0.000000,-1.571000,-0.287371,1.010901,0.243397,1.078770
14.076000,-0.012747,-0.010896,0.856386,-0.059467,0.002389,-0.108211,-0.021829,0.001010,1.570359,-0.300000,1.000000,1.100000,0.000000,0.000000,-1.571000,-0.287253,1.010896,0.243614,1.078783
14.078000,-0.012867,-0.010891,0.856170,-0.059793,0.002405,-0.107607,-0.021836,0.001014,1.570359,-0.300000,1.000000,1.100000,0.000000,0.000000,-1.571000,-0.287133,1.010891,0.243830,1.078796
14.080000,-0.012987,-0.010887,0.855955,-0.060118,0.002421,-0.107002,-0.021843,0.001018,1.570359,-0.300000,1.000000,1.100000,0.000000,0.000000,-1.571000,-0.287013,1.010887,0.244045,1.078808
14.082000,-0.013108,-0.010882,0.855742,-0.060443,0.002437,-0.106397,-0.021850,0.001022,1.570359,-0.300000,1.000000,1.100000,0.000000,0.000000,-1.571000,-0.286892,1.010882,0.244258,1.078819
14.084000,-0.013230,-0.010877,0.855530,-0.060768,0.002453,-0.105792,-0.021856,0.001027,1.570359,-0.300000,1.000000,1.100000,0.000000,0.000000,-1.571000,-0.286770,1.010877,0.244470,1.078830
14.086000,-0.013352,-0.010872,0.855319,-0.061092,0.002469,-0.105187,-0.021861,0.001031,1.570359,-0.300000,1.000000,1.100000,0.000000,0.000000,-1.571000,-0.286648,1.010872,0.244681,1.078841
14.088000,-0.013474,-0.010867,0.855109,-0.061415,0.002485,-0.104582,-0.021866,0.001036,1.570359,-0.300000,1.000000,1.100000,0.000000,0.000000,-1.571000,-0.286526,1.010867,0.244891,1.078851
14.090000,-0.013598,-0.010862,0.854901,-0.061739,0.002501,-0.103977,-0.021870,0.001040,1.570359,-0.300000,1.000000,1.100000,0.000000,0.000000,-1.571000,-0.286402,1.010862,0.245099,1.078861
14.092000,-0.013722,-0.010857,0.854694,-0.062061,0.002518,-0.103372,-0.021874,0.001044,1.570358,-0.300000,1.000000,1.100000,0.000000,0.000000,-1.571000,-0.286278,1.010857,0.245306,1.078871
14.094000,-0.013847,-0.010852,0.854488,-0.062383,0.002534,-0.102766,-0.021878,0.001049,1.570358,-0.300000,1.000000,1.100000,0.000000,0.000000,-1.571000,-0.286153,1.010852,0.245512,1.078880
14.096000,-0.013972,-0.010847,0.854283,-0.062705,0.002551,-0.102159,-0.021881,0.001053,1.570358,-0.300000,1.000000,1.100000,0.000000,0.000000,-1.571000,-0.286028,1.010847,0.245717,1.078888
14.098000,-0.014098,-0.010842,0.854079,-0.063026,0.002567,-0.101553,-0.021883,0.001058,1.570358,-0.300000,1.000000,1.100000,0.000000,0.000000,-1.571000,-0.285902,1.010842,0.245921,1.078896
14.100000,-0.014225,-0.010836,0.853877,-0.063347,0.002584,-0.100945,-0.021886,0.001062,1.570358,-0.300000,1.000000,1.100000,0.000000,0.000000,-1.571000,-0.285775,1.010836,0.246123,1.078904
14.102000,-0.014352,-0.010831,0.853676,-0.063667,0.002601,-0.100336,-0.021888,0.001066,1.570358,-0.300000,1.000000,1.100000,0.000000,0.000000,-1.571000,-0.285648,1.010831,0.246324,1.078912
14.104000,-0.014480,-0.010826,0.853476,-0.063987,0.002617,-0.099725,-0.021889,0.001071,1.570358,-0.300000,1.000000,1.100000,0.000000,0.000000,-1.571000,-0.285520,1.010826,0.246524,1.078918
14.106000,-0.014609,-0.010821,0.853277,-0.064306,0.002634,-0.099113,-0.021891,0.001075,1.570358,-0.300000,1.000000,1.100000,0.000000,0.000000,-1.571000,-0.285391,1.010821,0.246723,1.078925
14.108000,-0.014738,-0.010815,0.853079,-0.064625,0.002651,-0.098501,-0.021892,0.001079,1.570358,-0.300000,1.000000,1.100000,0.000000,0.000000,-1.571000,-0.285262,1.010815,0.246921,1.078931
14.110000,-0.014868,-0.010810,0.852883,-0.064943,0.002668,-0.097888,-0.021892,0.001083,1.570358,-0.300000,1.000000,1.100000,0.000000,0.000000,-1.571000,-0.285132,1.010810,0.247117,1.078937
14.112000,-0.014998,-0.010805,0.852688,-0.065261,0.002685,-0.097274,-0.021893,0.001087,1.570358,-0.300000,1.000000,1.100000,0.000000,0.000000,-1.571000,-0.285002,1.010805,0.247312,1.078942
14.114000,-0.015129,-0.010799,0.852494,-0.065578,0.002702,-0.096659,-0.021893,0.001091,1.570358,-0.300000,1.000000,1.100000,0.000000,0.000000,-1.571000,-0.284871,1.010799,0.247506,1.078947
14.116000,-0.015261,-0.010794,0.852302,-0.065894,0.002719,-0.096041,-0.021893,0.001095,1.570358,-0.300000,1.000000,1.100000,0.000000,0.000000,-1.571000,-0.284739,1.010794,0.247698,1.078951
14.118000,-0.015393,-0.010788,0.852110,-0.066210,0.002736,-0.095423,-0.021892,0.001099,1.570358,-0.300000,1.000000,1.100000,0.000000,0.000000,-1.571000,-0.284607,1.010788,0.247890,1.078955
14.120000,-0.015526,-0.010783,0.851920,-0.066526,0.002753,-0.094804,-0.021892,0.001103,1.570358,-0.300000,1.000000,1.100000,0.000000,0.000000,-1.571000,-0.284474,1.010783,0.248080,1.078958
14.122000,-0.015660,-0.010777,0.851731,-0.066841,0.002770,-0.094185,-0.021891,0.001106,1.570358,-0.300000,1.000000,1.100000,0.000000,0.000000,-1.571000,-0.284340,1.010777,0.248269,1.078961
14.124000,-0.015794,-0.010772,0.851544,-0.067155,0.002787,-0.093566,-0.021890,0.001110,1.570358,-0.300000,1.000000,1.100000,0.000000,0.000000,-1.571000,-0.284206,1.010772,0.248456,1.078964
14.126000,-0.015929,-0.010766,0.851357,-0.067469,0.002805,-0.092947,-0.021889,0.001113,1.570358,-0.300000,1.000000,1.100000,0.000000,0.000000,-1.571000,-0.284071,1.010766,0.248643,1.078966
14.128000,-0.016065,-0.010760,0.851172,-0.067782,0.002822,-0.092328,-0.021888,0.001117,1.570358,-0.300000,1.000000,1.100000,0.000000,0.000000,-1.571000,-0.283935,1.010760,0.248828,1.078968
14.130000,-0.016201,-0.010755,0.850988,-0.068094,0.002839,-0.091708,-0.021887,0.001120,1.570358,-0.300000,1.000000,1.100000,0.000000,0.000000,-1.571000,-0.283799,1.010755,0.249012,1.078969
14.132000,-0.016338,-0.010749,0.850806,-0.068406,0.002857,-0.091087,-0.021885,0.001124,1.570358,-0.300000,1.000000,1.100000,0.000000,0.000000,-1.571000,-0.283662,1.010749,0.249194,1.078970
14.134000,-0.016475,-0.010743,0.850624,-0.068718,0.002874,-0.090465,-0.021883,0.001127,1.570358,-0.300000,1.000000,1.100000,0.000000,0.000000,-1.571000,-0.283525,1.010743,0.249376,1.078970
14.136000,-0.016613,-0.010738,0.850444,-0.069029,0.002891,-0.089842,-0.021881,0.001130,1.570358,-0.300000,1.000000,1.100000,0.000000,0.000000,-1.571000,-0.283387,1.010738,0.249556,1.078970
14.138000,-0.016752,-0.010732,0.850265,-0.069339,0.002909,-0.089219,-0.021879,0.001133,1.570358,-0.300000,1.000000,1.100000,0.000000,0.000000,-1.571000,-0.283248,1.010732,0.249735,1.078970
14.140000,-0.016891,-0.010726,0.850087,-0.069649,0.002926,-0.088596,-0.021876,0.001136,1.570358,-0.300000,1.000000,1.100000,0.000000,0.000000,-1.571000,-0.283109,1.010726,0.249913,1.078969
14.142000,-0.017031,-0.010720,0.849911,-0.069958,0.002944,-0.087974,-0.021873,0.001139,1.570358,-0.300000,1.000000,1.100000,0.000000,0.000000,-1.571000,-0.282969,1.010720,0.250089,1.078968
14.144000,-0.017172,-0.010714,0.849736,-0.070266,0.002962,-0.087352,-0.021869,0.001142,1.570358,-0.300000,1.000000,1.100000,0.000000,0.000000,-1.571000,-0.282828,1.010714,0.250264,1.078966
14.146000,-0.017313,-0.010708,0.849562,-0.070574,0.002979,-0.086730,-0.021866,0.001144,1.570358,-0.300000,1.000000,1.100000,0.000000,0.000000,-1.571000,-0.282687,1.010708,0.250438,1.078964
14.148000,-0.017455,-0.010702,0.849389,-0.070881,0.002997,-0.086109,-0.021862,0.001147,1.570358,-0.300000,1.000000,1.100000,0.000000,0.000000,-1.571000,-0.282545,1.010702,0.250611,1.078961
14.150000,-0.017597,-0.010696,0.849218,-0.071188,0.003014,-0.085489,-0.021858,0.001149,1.570358,-0.300000,1.000000,1.100000,0.000000,0.000000,-1.571000,-0.282403,1.010696,0.250782,1.078958
14.152000,-0.017740,-0.010690,0.849047,-0.071494,0.003032,-0.084868,-0.021853,0.001151,1.570359,-0.300000,1.000000,1.100000,0.000000,0.000000,-1.571000,-0.282260,1.010690,0.250953,1.078954
14.154000,-0.017883,-0.010684,0.848878,-0.071799,0.003050,-0.084246,-0.021849,0.001153,1.570359,-0.300000,1.000000,1.100000,0.000000,0.000000,-1.571000,-0.282117,1.010684,0.251122,1.078950
14.156000,-0.018028,-0.010678,0.848711,-0.072104,0.003067,-0.083625,-0.021844,0.001155,1.570359,-0.300000,1.000000,1.100000,0.000000,0.000000,-1.571000,-0.281972,1.010678,0.251289,1.078946
14.158000,-0.018172,-0.010672,0.848544,-0.072408,0.003085,-0.083004,-0.021840,0.001157,1.570359,-0.300000,1.000000,1.100000,0.000000,0.000000,-1.571000,-0.281828,1.010672,0.251456,1.078941
14.160000,-0.018318,-0.010665,0.848379,-0.072712,0.003103,-0.082383,-0.021835,0.001159,1.570359,-0.300000,1.000000,1.100000,0.000000,0.000000,-1.571000,-0.281682,1.010665,0.251621,1.078936
14.162000,-0.018464,-0.010659,0.848215,-0.073014,0.003120,-0.081763,-0.021830,0.001160,1.570359,-0.300000,1.000000,1.100000,0.000000,0.000000,-1.571000,-0.281536,1.010659,0.251785,1.078930
14.164000,-0.018611,-0.010653,0.848052,-0.073316,0.003138,-0.081144,-0.021825,0.001162,1.570359,-0.300000,1.000000,1.100000,0.000000,0.000000,-1.571000,-0.281389,1.010653,0.251948,1.078924
14.166000,-0.018758,-0.010647,0.847891,-0.073618,0.003156,-0.080526,-0.021819,0.001163,1.570359,-0.300000,1.000000,1.100000,0.000000,0.000000,-1.571000,-0.281242,1.010647,0.252109,1.078918
14.168000,-0.018906,-0.010640,0.847730,-0.073919,0.003173,-0.079909,-0.021814,0.001165,1.570359,-0.300000,1.000000,1.100000,0.000000,0.000000,-1.571000,-0.281094,1.010640,0.252270,1.078910
14.170000,-0.019054,-0.010634,0.847571,-0.074219,0.003191,-0.079291,-0.021808,0.001166,1.570359,-0.300000,1.000000,1.100000,0.000000,0.000000,-1.571000,-0.280946,1.010634,0.252429,1.078903
14.172000,-0.019203,-0.010628,0.847414,-0.074518,0.003209,-0.078674,-0.021802,0.001167,1.570359,-0.300000,1.000000,1.100000,0.000000,0.000000,-1.571000,-0.280797,1.010628,0.252586,1.078895
14.174000,-0.019353,-0.010621,0.847257,-0.074817,0.003226,-0.078057,-0.021797,0.001168,1.570359,-0.300000,1.000000,1.100000,0.000000,0.000000,-1.571000,-0.280647,1.010621,0.252743,1.078887
14.176000,-0.019503,-0.010615,0.847102,-0.075115,0.003244,-0.077439,-0.021790,0.001169,1.570359,-0.300000,1.000000,1.100000,0.000000,0.000000,-1.571000,-0.280497,1.010615,0.252898,1.078878
14.178000,-0.019654,-0.010608,0.846948,-0.075413,0.003261,-0.076822,-0.021784,0.001170,1.570359,-0.300000,1.000000,1.100000,0.000000,0.000000,-1.571000,-0.280346,1.010608,0.253052,1.078869
14.180000,-0.019805,-0.010602,0.846795,-0.075710,0.003279,-0.076205,-0.021778,0.001171,1.570359,-0.300000,1.000000,1.100000,0.000000,0.000000,-1.571000,-0.280195,1.010602,0.253205,1.078859
14.182000,-0.019957,-0.010595,0.846643,-0.076006,0.003297,-0.075589,-0.021772,0.001171,1.570358,-0.300000,1.000000,1.100000,0.000000,0.000000,-1.571000,-0.280043,1.010595,0.253357,1.078849
14.184000,-0.020110,-0.010588,0.846493,-0.076302,0.003314,-0.074973,-0.021765,0.001172,1.570358,-0.300000,1.000000,1.100000,0.000000,0.000000,-1.571000,-0.279890,1.010588,0.253507,1.078839
14.186000,-0.020263,-0.010582,0.846343,-0.076597,0.003332,-0.074357,-0.021759,0.001172,1.570358,-0.300000,1.000000,1.100000,0.000000,0.000000,-1.571000,-0.279737,1.010582,0.253657,1.078828
14.188000,-0.020417,-0.010575,0.846196,-0.076891,0.003349,-0.073741,-0.021752,0.001173,1.570358,-0.300000,1.000000,1.100000,0.000000,0.000000,-1.571000,-0.279583,1.010575,0.253804,1.078817
14.190000,-0.020571,-0.010568,0.846049,-0.077185,0.003367,-0.073124,-0.021745,0.001173,1.570358,-0.300000,1.000000,1.100000,0.000000,0.000000,-1.571000,-0.279429,1.010568,0.253951,1.078805
14.192000,-0.020726,-0.010561,0.845903,-0.077478,0.003384,-0.072508,-0.021738,0.001173,1.570358,-0.300000,1.000000,1.100000,0.000000,0.000000,-1.571000,-0.279274,1.010561,0.254097,1.078793
14.194000,-0.020882,-0.010555,0.845759,-0.077770,0.003402,-0.071890,-0.021731,0.001173,1.570358,-0.300000,1.000000,1.100000,0.000000,0.000000,-1.571000,-0.279118,1.010555,0.254241,1.078780
14.196000,-0.021038,-0.010548,0.845616,-0.078062,0.003419,-0.071271,-0.021724,0.001173,1.570358,-0.300000,1.000000,1.100000,0.000000,0.000000,-1.571000,-0.278962,1.010548,0.254384,1.078767
14.198000,-0.021195,-0.010541,0.845474,-0.078353,0.003436,-0.070651,-0.021716,0.001173,1.570358,-0.300000,1.000000,1.100000,0.000000,0.000000,-1.571000,-0.278805,1.010541,0.254526,1.078753
14.200000,-0.021352,-0.010534,0.845334,-0.078643,0.003454,-0.070030,-0.021708,0.001173,1.570358,-0.300000,1.000000,1.100000,0.000000,0.000000,-1.571000,-0.278648,1.010534,0.254666,1.078739
14.202000,-0.021510,-0.010527,0.845195,-0.078933,0.003471,-0.069408,-0.021700,0.001173,1.570358,-0.300000,1.000000,1.100000,0.000000,0.000000,-1.571000,-0.278490,1.010527,0.254805,1.078725
14.204000,-0.021668,-0.010520,0.845057,-0.079222,0.003488,-0.068786,-0.021692,0.001172,1.570358,-0.300000,1.000000,1.100000,0.000000,0.000000,-1.571000,-0.278332,1.010520,0.254943,1.078710
14.206000,-0.021827,-0.010513,0.844920,-0.079510,0.003506,-0.068163,-0.021683,0.001172,1.570358,-0.300000,1.000000,1.100000,0.000000,0.000000,-1.571000,-0.278173,1.010513,0.255080,1.078695
14.208000,-0.021987,-0.010506,0.844784,-0.079798,0.003523,-0.067539,-0.021675,0.001172,1.570358,-0.300000,1.000000,1.100000,0.000000,0.000000,-1.571000,-0.278013,1.010506,0.255216,1.078679
14.210000,-0.022147,-0.010499,0.844650,-0.080085,0.003540,-0.066917,-0.021666,0.001171,1.570358,-0.300000,1.000000,1.100000,0.000000,0.000000,-1.571000,-0.277853,1.010499,0.255350,1.078663
14.212000,-0.022308,-0.010492,0.844517,-0.080372,0.003557,-0.066296,-0.021657,0.001171,1.570357,-0.300000,1.000000,1.100000,0.000000,0.000000,-1.571000,-0.277692,1.010492,0.255483,1.078647
14.214000,-0.022469,-0.010485,0.844385,-0.080657,0.003574,-0.065676,-0.021647,0.001171,1.570357,-0.300000,1.000000,1.100000,0.000000,0.000000,-1.571000,-0.277531,1.010485,0.255615,1.078630
14.216000,-0.022631,-0.010478,0.844255,-0.080942,0.003591,-0.065057,-0.021638,0.001170,1.570357,-0.300000,1.000000,1.100000,0.000000,0.000000,-1.571000,-0.277369,1.010478,0.255745,1.078612
14.218000,-0.022793,-0.010470,0.844125,-0.081226,0.003608,-0.064440,-0.021628,0.001170,1.570357,-0.300000,1.000000,1.100000,0.000000,0.000000,-1.571000,-0.277207,1.010470,0.255875,1.078594
14.220000,-0.022957,-0.010463,0.843997,-0.081510,0.003625,-0.063825,-0.021619,0.001169,1.570357,-0.300000,1.000000,1.100000,0.000000,0.000000,-1.571000,-0.277043,1.010463,0.256003,1.078576
14.222000,-0.023120,-0.010456,0.843870,-0.081793,0.003642,-0.063211,-0.021609,0.001169,1.570357,-0.300000,1.000000,1.100000,0.000000,0.000000,-1.571000,-0.276880,1.010456,0.256130,1.078557
14.224000,-0.023284,-0.010448,0.843745,-0.082075,0.003659,-0.062598,-0.021598,0.001168,1.570357,-0.300000,1.000000,1.100000,0.000000,0.000000,-1.571000,-0.276716,1.010448,0.256255,1.078538
14.226000,-0.023449,-0.010441,0.843620,-0.082356,0.003676,-0.061985,-0.021588,0.001168,1.570357,-0.300000,1.000000,1.100000,0.000000,0.000000,-1.571000,-0.276551,1.010441,0.256380,1.078519
14.228000,-0.023614,-0.010434,0.843497,-0.082636,0.003693,-0.061372,-0.021578,0.001167,1.570358,-0.300000,1.000000,1.100000,0.000000,0.000000,-1.571000,-0.276386,1.010434,0.256503,1.078499
14.230000,-0.023780,-0.010426,0.843375,-0.082916,0.003710,-0.060759,-0.021567,0.001167,1.570358,-0.300000,1.000000,1.100000,0.000000,0.000000,-1.571000,-0.276220,1.010426,0.256625,1.078478
14.232000,-0.023947,-0.010419,0.843254,-0.083195,0.003726,-0.060146,-0.021556,0.001166,1.570358,-0.300000,1.000000,1.100000,0.000000,0.000000,-1.571000,-0.276053,1.010419,0.256746,1.078457
14.234000,-0.024114,-0.010411,0.843135,-0.083474,0.003743,-0.059534,-0.021545,0.001166,1.570358,-0.300000,1.000000,1.100000,0.000000,0.000000,-1.571000,-0.275886,1.010411,0.256865,1.078436
14.236000,-0.024281,-0.010404,0.843017,-0.083752,0.003760,-0.058922,-0.021534,0.001165,1.570358,-0.300000,1.000000,1.100000,0.000000,0.000000,-1.571000,-0.275719,1.010404,0.256983,1.078414
14.238000,-0.024449,-0.010396,0.842900,-0.084029,0.003776,-0.058311,-0.021522,0.001164,1.570358,-0.300000,1.000000,1.100000,0.000000,0.000000,-1.571000,-0.275551,1.010396,0.257100,1.078392
14.240000,-0.024618,-0.010389,0.842784,-0.084305,0.003793,-0.057701,-0.021510,0.001164,1.570358,-0.300000,1.000000,1.100000,0.000000,0.000000,-1.571000,-0.275382,1.010389,0.257216,1.078370
14.242000,-0.024787,-0.010381,0.842669,-0.084580,0.003809,-0.057091,-0.021499,0.001163,1.570358,-0.300000,1.000000,1.100000,0.000000,0.000000,-1.571000,-0.275213,1.010381,0.257331,1.078347
14.244000,-0.024957,-0.010373,0.842556,-0.084855,0.003826,-0.056479,-0.021486,0.001163,1.570358,-0.300000,1.000000,1.100000,0.000000,0.000000,-1.571000,-0.275043,1.010373,0.257444,1.078323
14.246000,-0.025127,-0.010366,0.842444,-0.085129,0.003842,-0.055867,-0.021474,0.001162,1.570358,-0.300000,1.000000,1.100000,0.000000,0.000000,-1.571000,-0.274873,1.010366,0.257556,1.078299
14.248000,-0.025298,-0.010358,0.842333,-0.085403,0.003859,-0.055255,-0.021462,0.001161,1.570358,-0.300000,1.000000,1.100000,0.000000,0.000000,-1.571000,-0.274702,1.010358,0.257667,1.078275
14.250000,-0.025469,-0.010350,0.842223,-0.085675,0.003875,-0.054642,-0.021449,0.001161,1.570358,-0.300000,1.000000,1.100000,0.000000,0.000000,-1.571000,-0.274531,1.010350,0.257777,1.078250
14.252000,-0.025641,-0.010343,0.842115,-0.085947,0.003891,-0.054029,-0.021436,0.001160,1.570358,-0.300000,1.000000,1.100000,0.000000,0.000000,-1.571000,-0.274359,1.010343,0.257885,1.078225
14.254000,-0.025814,-0.010335,0.842007,-0.086219,0.003908,-0.053416,-0.021423,0.001160,1.570358,-0.300000,1.000000,1.100000,0.000000,0.000000,-1.571000,-0.274186,1.010335,0.257993,1.078200
14.256000,-0.025987,-0.010327,0.841901,-0.086489,0.003924,-0.052803,-0.021410,0.001159,1.570358,-0.300000,1.000000,1.100000,0.000000,0.000000,-1.571000,-0.274013,1.010327,0.258099,1.078174
14.258000,-0.026160,-0.010319,0.841797,-0.086759,0.003940,-0.052190,-0.021397,0.001159,1.570358,-0.300000,1.000000,1.100000,0.000000,0.000000,-1.571000,-0.273840,1.010319,0.258203,1.078147
14.260000,-0.026334,-0.010311,0.841693,-0.087028,0.003956,-0.051578,-0.021383,0.001158,1.570358,-0.300000,1.000000,1.100000,0.000000,0.000000,-1.571000,-0.273666,1.010311,0.258307,1.078121
14.262000,-0.026509,-0.010303,0.841591,-0.087296,0.003972,-0.050966,-0.021369,0.001158,1.570358,-0.300000,1.000000,1.100000,0.000000,0.000000,-1.571000,-0.273491,1.010303,0.258409,1.078093
14.264000,-0.026684,-0.010295,0.841490,-0.087563,0.003988,-0.050354,-0.021355,0.001157,1.570358,-0.300000,1.000000,1.100000,0.000000,0.000000,-1.571000,-0.273316,1.010295,0.258510,1.078066
14.266000,-0.026860,-0.010287,0.841390,-0.087830,0.004004,-0.049740,-0.021341,0.001157,1.570358,-0.300000,1.000000,1.100000,0.000000,0.000000,-1.571000,-0.273140,1.010287,0.258610,1.078038
14.268000,-0.027036,-0.010279,0.841291,-0.088096,0.004020,-0.049127,-0.021327,0.001157,1.570358,-0.300000,1.000000,1.100000,0.000000,0.000000,-1.571000,-0.272964,1.010279,0.258709,1.078009
14.270000,-0.027213,-0.010271,0.841194,-0.088361,0.004036,-0.048514,-0.021312,0.001156,1.570358,-0.300000,1.000000,1.100000,0.000000,0.000000,-1.571000,-0.272787,1.010271,0.258806,1.077980
14.272000,-0.027390,-0.010263,0.841097,-0.088626,0.004052,-0.047900,-0.021298,0.001156,1.570358,-0.300000,1.000000,1.100000,0.000000,0.000000,-1.571000,-0.272610,1.010263,0.258903,1.077951
14.274000,-0.027568,-0.010255,0.841002,-0.088889,0.004068,-0.047288,-0.021283,0.001156,1.570358,-0.300000,1.000000,1.100000,0.000000,0.000000,-1.571000,-0.272432,1.010255,0.258998,1.077921
14.276000,-0.027746,-0.010247,0.840909,-0.089152,0.004084,-0.046675,-0.021269,0.001156,1.570359,-0.300000,1.000000,1.100000,0.000000,0.000000,-1.571000,-0.272254,1.010247,0.259091,1.077891
14.278000,-0.027925,-0.010238,0.840816,-0.089414,0.004100,-0.046064,-0.021254,0.001155,1.570359,-0.300000,1.000000,1.100000,0.000000,0.000000,-1.571000,-0.272075,1.010238,0.259184,1.077860
14.280000,-0.028105,-0.010230,0.840725,-0.089676,0.004116,-0.045452,-0.021239,0.001155,1.570359,-0.300000,1.000000,1.100000,0.000000,0.000000,-1.571000,-0.271895,1.010230,0.259275,1.077829
14.282000,-0.028285,-0.010222,0.840635,-0.089936,0.004131,-0.044841,-0.021224,0.001155,1.570359,-0.300000,1.000000,1.100000,0.000000,0.000000,-1.571000,-0.271715,1.010222,0.259365,1.077798
14.284000,-0.028465,-0.010214,0.840546,-0.090196,0.004147,-0.044229,-0.021209,0.001155,1.570359,-0.300000,1.000000,1.100000,0.000000,0.000000,-1.571000,-0.271535,1.010214,0.259454,1.077766
14.286000,-0.028646,-0.010205,0.840458,-0.090455,0.004163,-0.043617,-0.021194,0.001154,1.570359,-0.300000,1.000000,1.100000,0.000000,0.000000,-1.571000,-0.271354,1.010205,0.259542,1.077734
14.288000,-0.028827,-0.010197,0.840372,-0.090714,0.004179,-0.043005,-0.021178,0.001154,1.570359,-0.300000,1.000000,1.100000,0.000000,0.000000,-1.571000,-0.271173,1.010197,0.259628,1.077701
14.290000,-0.029009,-0.010189,0.840287,-0.090971,0.004194,-0.042394,-0.021162,0.001154,1.570359,-0.300000,1.000000,1.100000,0.000000,0.000000,-1.571000,-0.270991,1.010189,0.259713,1.077668
14.292000,-0.029192,-0.010180,0.840203,-0.091228,0.004210,-0.041783,-0.021146,0.001154,1.570359,-0.300000,1.000000,1.100000,0.000000,0.000000,-1.571000,-0.270808,1.010180,0.259797,1.077634
14.294000,-0.029375,-0.010172,0.840120,-0.091484,0.004225,-0.041173,-0.021130,0.001153,1.570359,-0.300000,1.000000,1.100000,0.000000,0.000000,-1.571000,-0.270625,1.010172,0.259880,1.077600
14.296000,-0.029559,-0.010163,0.840038,-0.091739,0.004241,-0.040564,-0.021113,0.001153,1.570359,-0.300000,1.000000,1.100000,0.000000,0.000000,-1.571000,-0.270441,1.010163,0.259962,1.077566
14.298000,-0.029743,-0.010155,0.839958,-0.091993,0.004256,-0.039955,-0.021097,0.001153,1.570359,-0.300000,1.000000,1.100000,0.000000,0.000000,-1.571000,-0.270257,1.010155,0.260042,1.077531
14.300000,-0.029927,-0.010146,0.839879,-0.092247,0.004272,-0.039346,-0.021080,0.001153,1.570359,-0.300000,1.000000,1.100000,0.000000,0.000000,-1.571000,-0.270073,1.010146,0.260121,1.077496
14.302000,-0.030112,-0.010138,0.839801,-0.092500,0.004287,-0.038736,-0.021063,0.001153,1.570359,-0.300000,1.000000,1.100000,0.000000,0.000000,-1.571000,-0.269888,1.010138,0.260199,1.077460
14.304000,-0.030298,-0.010129,0.839725,-0.092752,0.004303,-0.038126,-0.021046,0.001153,1.570359,-0.300000,1.000000,1.100000,0.000000,0.000000,-1.571000,-0.269702,1.010129,0.260275,1.077424
14.306000,-0.030484,-0.010120,0.839649,-0.093003,0.004318,-0.037515,-0.021028,0.001152,1.570359,-0.300000,1.000000,1.100000,0.000000,0.000000,-1.571000,-0.269516,1.010120,0.260351,1.077388
14.308000,-0.030670,-0.010112,0.839575,-0.093254,0.004334,-0.036905,-0.021011,0.001152,1.570359,-0.300000,1.000000,1.100000,0.000000,0.000000,-1.571000,-0.269330,1.010112,0.260425,1.077351
14.310000,-0.030857,-0.010103,0.839502,-0.093503,0.004349,-0.036294,-0.020993,0.001152,1.570359,-0.300000,1.000000,1.100000,0.000000,0.000000,-1.571000,-0.269143,1.010103,0.260498,1.077314
14.312000,-0.031045,-0.010094,0.839430,-0.093752,0.004364,-0.035684,-0.020975,0.001152,1.570359,-0.300000,1.000000,1.100000,0.000000,0.000000,-1.571000,-0.268955,1.010094,0.260570,1.077276
14.314000,-0.031233,-0.010085,0.839360,-0.094000,0.004379,-0.035074,-0.020957,0.001152,1.570359,-0.300000,1.000000,1.100000,0.000000,0.000000,-1.571000,-0.268767,1.010085,0.260640,1.077238
14.316000,-0.031422,-0.010077,0.839290,-0.094248,0.004395,-0.034465,-0.020939,0.001152,1.570359,-0.300000,1.000000,1.100000,0.000000,0.000000,-1.571000,-0.268578,1.010077,0.260710,1.077199
14.318000,-0.031611,-0.010068,0.839222,-0.094494,0.004410,-0.033855,-0.020921,0.001151,1.570359,-0.300000,1.000000,1.100000,0.000000,0.000000,-1.571000,-0.268389,1.010068,0.260778,1.077161
14.320000,-0.031800,-0.010059,0.839156,-0.094740,0.004425,-0.033245,-0.020902,0.001151,1.570359,-0.300000,1.000000,1.100000,0.000000,0.000000,-1.571000,-0.268200,1.010059,0.260844,1.077121
14.322000,-0.031990,-0.010050,0.839090,-0.094985,0.004440,-0.032635,-0.020883,0.001151,1.570359,-0.300000,1.000000,1.100000,0.000000,0.000000,-1.571000,-0.268010,1.010050,0.260910,1.077082
14.324000,-0.032181,-0.010041,0.839025,-0.095229,0.004455,-0.032025,-0.020864,0.001151,1.570359,-0.300000,1.000000,1.100000,0.000000,0.000000,-1.571000,-0.267819,1.010041,0.260975,1.077041
14.326000,-0.032372,-0.010032,0.838962,-0.095472,0.004470,-0.031417,-0.020845,0.001151,1.570359,-0.300000,1.000000,1.100000,0.000000,0.000000,-1.571000,-0.267628,1.010032,0.261038,1.077001
14.328000,-0.032563,-0.010023,0.838900,-0.095714,0.004485,-0.030811,-0.020826,0.001150,1.570359,-0.300000,1.000000,1.100000,0.000000,0.000000,-1.571000,-0.267437,1.010023,0.261100,1.076960
14.330000,-0.032755,-0.010014,0.838839,-0.095956,0.004500,-0.030206,-0.020806,0.001150,1.570359,-0.300000,1.000000,1.100000,0.000000,0.000000,-1.571000,-0.267245,1.010014,0.261161,1.076918
14.332000,-0.032948,-0.010005,0.838780,-0.096196,0.004515,-0.029604,-0.020787,0.001150,1.570360,-0.300000,1.000000,1.100000,0.000000,0.000000,-1.571000,-0.267052,1.010005,0.261220,1.076877
14.334000,-0.033141,-0.009996,0.838722,-0.096436,0.004530,-0.029003,-0.020767,0.001150,1.570360,-0.300000,1.000000,1.100000,0.000000,0.000000,-1.571000,-0.266859,1.009996,0.261278,1.076835
14.336000,-0.033334,-0.009987,0.838664,-0.096675,0.004545,-0.028404,-0.020747,0.001150,1.570360,-0.300000,1.000000,1.100000,0.000000,0.000000,-1.571000,-0.266666,1.009987,0.261336,1.076792
14.338000,-0.033528,-0.009978,0.838608,-0.096913,0.004560,-0.027805,-0.020727,0.001149,1.570360,-0.300000,1.000000,1.100000,0.000000,0.000000,-1.571000,-0.266472,1.009978,0.261392,1.076749
14.340000,-0.033722,-0.009969,0.838554,-0.097151,0.004575,-0.027206,-0.020706,0.001149,1.570360,-0.300000,1.000000,1.100000,0.000000,0.000000,-1.571000,-0.266278,1.009969,0.261446,1.076706
14.342000,-0.033917,-0.009960,0.838500,-0.097387,0.004590,-0.026607,-0.020686,0.001149,1.570360,-0.300000,1.000000,1.100000,0.000000,0.000000,-1.571000,-0.266083,1.009960,0.261500,1.076662
14.344000,-0.034113,-0.009950,0.838448,-0.097623,0.004605,-0.026010,-0.020665,0.001149,1.570360,-0.300000,1.000000,1.100000,0.000000,0.000000,-1.571000,-0.265887,1.009950,0.261552,1.076618
14.346000,-0.034308,-0.009941,0.838397,-0.097857,0.004619,-0.025413,-0.020644,0.001149,1.570360,-0.300000,1.000000,1.100000,0.000000,0.000000,-1.571000,-0.265692,1.009941,0.261603,1.076573
14.348000,-0.034505,-0.009932,0.838347,-0.098091,0.004634,-0.024818,-0.020623,0.001148,1.570360,-0.300000,1.000000,1.100000,0.000000,0.000000,-1.571000,-0.265495,1.009932,0.261653,1.076528
14.350000,-0.034701,-0.009923,0.838298,-0.098324,0.004649,-0.024223,-0.020602,0.001148,1.570360,-0.300000,1.000000,1.100000,0.000000,0.000000,-1.571000,-0.265299,1.009923,0.261702,1.076483
14.352000,-0.034899,-0.009913,0.838250,-0.098556,0.004663,-0.023630,-0.020580,0.001148,1.570360,-0.300000,1.000000,1.100000,0.000000,0.000000,-1.571000,-0.265101,1.009913,0.261750,1.076437
14.354000,-0.035096,-0.009904,0.838204,-0.098788,0.004678,-0.023037,-0.020559,0.001147,1.570360,-0.300000,1.000000,1.100000,0.000000,0.000000,-1.571000,-0.264904,1.009904,0.261796,1.076391
14.356000,-0.035294,-0.009895,0.838159,-0.099018,0.004693,-0.022446,-0.020537,0.001147,1.570360,-0.300000,1.000000,1.100000,0.000000,0.000000,-1.571000,-0.264706,1.009895,0.261841,1.076344
14.358000,-0.035493,-0.009885,0.838114,-0.099248,0.004707,-0.021854,-0.020516,0.001147,1.570359,-0.300000,1.000000,1.100000,0.000000,0.000000,-1.571000,-0.264507,1.009885,0.261886,1.076297
14.360000,-0.035692,-0.009876,0.838072,-0.099477,0.004722,-0.021262,-0.020494,0.001147,1.570359,-0.300000,1.000000,1.100000,0.000000,0.000000,-1.571000,-0.264308,1.009876,0.261928,1.076250
14.362000,-0.035891,-0.009866,0.838030,-0.099704,0.004736,-0.020671,-0.020472,0.001147,1.570359,-0.300000,1.000000,1.100000,0.000000,0.000000,-1.571000,-0.264109,1.009866,0.261970,1.076202
14.364000,-0.036091,-0.009857,0.837989,-0.099932,0.004751,-0.020081,-0.020450,0.001146,1.570359,-0.300000,1.000000,1.100000,0.000000,0.000000,-1.571000,-0.263909,1.009857,0.262011,1.076154
14.366000,-0.036292,-0.009847,0.837950,-0.100158,0.004765,-0.019490,-0.020428,0.001146,1.570359,-0.300000,1.000000,1.100000,0.000000,0.000000,-1.571000,-0.263708,1.009847,0.262050,1.076106
14.368000,-0.036493,-0.009838,0.837912,-0.100383,0.004780,-0.018901,-0.020405,0.001146,1.570359,-0.300000,1.000000,1.100000,0.000000,0.000000,-1.571000,-0.263507,1.009838,0.262088,1.076057
14.370000,-0.036694,-0.009828,0.837875,-0.100608,0.004794,-0.018313,-0.020382,0.001146,1.570359,-0.300000,1.000000,1.100000,0.000000,0.000000,-1.571000,-0.263306,1.009828,0.262125,1.076008
14.372000,-0.036896,-0.009818,0.837839,-0.100831,0.004808,-0.017725,-0.020360,0.001146,1.570359,-0.300000,1.000000,1.100000,0.000000,0.000000,-1.571000,-0.263104,1.009818,0.262161,1.075958
14.374000,-0.037098,-0.009809,0.837805,-0.101054,0.004823,-0.017138,-0.020336,0.001146,1.570359,-0.300000,1.000000,1.100000,0.000000,0.000000,-1.571000,-0.262902,1.009809,0.262195,1.075908
14.376000,-0.037301,-0.009799,0.837771,-0.101276,0.004837,-0.016553,-0.020313,0.001147,1.570359,-0.300000,1.000000,1.100000,0.000000,0.000000,-1.571000,-0.262699,1.009799,0.262229,1.075857
14.378000,-0.037504,-0.009789,0.837739,-0.101497,0.004851,-0.015970,-0.020290,0.001147,1.570359,-0.300000,1.000000,1.100000,0.000000,0.000000,-1.571000,-0.262496,1.009789,0.262261,1.075807
14.380000,-0.037707,-0.009780,0.837708,-0.101717,0.004866,-0.015389,-0.020266,0.001147,1.570359,-0.300000,1.000000,1.100000,0.000000,0.000000,-1.571000,-0.262293,1.009780,0.262292,1.075755
14.382000,-0.037911,-0.009770,0.837678,-0.101936,0.004880,-0.014809,-0.020242,0.001147,1.570359,-0.300000,1.000000,1.100000,0.000000,0.000000,-1.571000,-0.262089,1.009770,0.262322,1.075704
14.384000,-0.038116,-0.009760,0.837649,-0.102154,0.004894,-0.014231,-0.020218,0.001147,1.570359,-0.300000,1.000000,1.100000,0.000000,0.000000,-1.571000,-0.261884,1.009760,0.262351,1.075652
14.386000,-0.038320,-0.009750,0.837622,-0.102372,0.004908,-0.013654,-0.020195,0.001147,1.570359,-0.300000,1.000000,1.100000,0.000000,0.000000,-1.571000,-0.261680,1.009750,0.262378,1.075600
14.388000,-0.038526,-0.009740,0.837595,-0.102588,0.004922,-0.013080,-0.020171,0.001147,1.570359,-0.300000,1.000000,1.100000,0.000000,0.000000,-1.571000,-0.261474,1.009740,0.262405,1.075547
14.390000,-0.038731,-0.009731,0.837570,-0.102804,0.004937,-0.012507,-0.020147,0.001148,1.570359,-0.300000,1.000000,1.100000,0.000000,0.000000,-1.571000,-0.261269,1.009731,0.262430,1.075494
14.392000,-0.038937,-0.009721,0.837546,-0.103018,0.004951,-0.011936,-0.020123,0.001148,1.570359,-0.300000,1.000000,1.100000,0.000000,0.000000,-1.571000,-0.261063,1.009721,0.262454,1.075440
14.394000,-0.039144,-0.009711,0.837522,-0.103232,0.004965,-0.011366,-0.020099,0.001148,1.570359,-0.300000,1.000000,1.100000,0.000000,0.000000,-1.571000,-0.260856,1.009711,0.262478,1.075386
14.396000,-0.039351,-0.009701,0.837501,-0.103445,0.004979,-0.010796,-0.020075,0.001148,1.570359,-0.300000,1.000000,1.100000,0.000000,0.000000,-1.571000,-0.260649,1.009701,0.262499,1.075332
14.398000,-0.039558,-0.009691,0.837480,-0.103657,0.004993,-0.010227,-0.020051,0.001148,1.570359,-0.300000,1.000000,1.100000,0.000000,0.000000,-1.571000,-0.260442,1.009691,0.262520,1.075278
14.400000,-0.039766,-0.009681,0.837460,-0.103868,0.005007,-0.009659,-0.020027,0.001147,1.570359,-0.300000,1.000000,1.100000,0.000000,0.000000,-1.571000,-0.260234,1.009681,0.262540,1.075223
14.402000,-0.039975,-0.009671,0.837442,-0.104079,0.005021,-0.009091,-0.020002,0.001147,1.570359,-0.300000,1.000000,1.100000,0.000000,0.000000,-1.571000,-0.260025,1.009671,0.262558,1.075167
14.404000,-0.040183,-0.009661,0.837424,-0.104288,0.005035,-0.008524,-0.019978,0.001146,1.570359,-0.300000,1.000000,1.100000,0.000000,0.000000,-1.571000,-0.259817,1.009661,0.262576,1.075112
14.406000,-0.040392,-0.009651,0.837408,-0.104497,0.005049,-0.007957,-0.019954,0.001146,1.570359,-0.300000,1.000000,1.100000,0.000000,0.000000,-1.571000,-0.259608,1.009651,0.262592,1.075056
14.408000,-0.040602,-0.009640,0.837393,-0.104704,0.005063,-0.007392,-0.019929,0.001145,1.570359,-0.300000,1.000000,1.100000,0.000000,0.000000,-1.571000,-0.259398,1.009640,0.262607,1.074999
14.410000,-0.040812,-0.009630,0.837379,-0.104911,0.005076,-0.006827,-0.019904,0.001144,1.570359,-0.300000,1.000000,1.100000,0.000000,0.000000,-1.571000,-0.259188,1.009630,0.262621,1.074943
14.412000,-0.041022,-0.009620,0.837366,-0.105117,0.005090,-0.006263,-0.019879,0.001142,1.570359,-0.300000,1.000000,1.100000,0.000000,0.000000,-1.571000,-0.258978,1.009620,0.262634,1.074885
14.414000,-0.041233,-0.009610,0.837355,-0.105322,0.005104,-0.005700,-0.019854,0.001141,1.570359,-0.300000,1.000000,1.100000,0.000000,0.000000,-1.571000,-0.258767,1.009610,0.262645,1.074828
14.416000,-0.041444,-0.009600,0.837344,-0.105527,0.005117,-0.005136,-0.019829,0.001139,1.570359,-0.300000,1.000000,1.100000,0.000000,0.000000,-1.571000,-0.258556,1.009600,0.262656,1.074770
14.418000,-0.041656,-0.009589,0.837335,-0.105730,0.005131,-0.004572,-0.019804,0.001138,1.570359,-0.300000,1.000000,1.100000,0.000000,0.000000,-1.571000,-0.258344,1.009589,0.262665,1.074712
14.420000,-0.041868,-0.009579,0.837326,-0.105932,0.005145,-0.004009,-0.019779,0.001136,1.570359,-0.300000,1.000000,1.100000,0.000000,0.000000,-1.571000,-0.258132,1.009579,0.262674,1.074653
14.422000,-0.042080,-0.009569,0.837319,-0.106134,0.005158,-0.003448,-0.019754,0.001134,1.570359,-0.300000,1.000000,1.100000,0.000000,0.000000,-1.571000,-0.257920,1.009569,0.262681,1.074594
14.424000,-0.042293,-0.009558,0.837313,-0.106335,0.005172,-0.002890,-0.019728,0.001132,1.570359,-0.300000,1.000000,1.100000,0.000000,0.000000,-1.571000,-0.257707,1.009558,0.262687,1.074535
14.426000,-0.042506,-0.009548,0.837308,-0.106534,0.005185,-0.002333,-0.019703,0.001129,1.570359,-0.300000,1.000000,1.100000,0.000000,0.000000,-1.571000,-0.257494,1.009548,0.262692,1.074475
14.428000,-0.042719,-0.009538,0.837304,-0.106733,0.005198,-0.001779,-0.019677,0.001127,1.570359,-0.300000,1.000000,1.100000,0.000000,0.000000,-1.571000,-0.257281,1.009538,0.262696,1.074415
14.430000,-0.042933,-0.009527,0.837302,-0.106931,0.005211,-0.001227,-0.019651,0.001124,1.570359,-0.300000,1.000000,1.100000,0.000000,0.000000,-1.571000,-0.257067,1.009527,0.262698,1.074355
14.432000,-0.043148,-0.009517,0.837300,-0.107128,0.005224,-0.000676,-0.019626,0.001121,1.570358,-0.300000,1.000000,1.100000,0.000000,0.000000,-1.571000,-0.256852,1.009517,0.262700,1.074294
14.434000,-0.043363,-0.009506,0.837299,-0.107325,0.005238,-0.000127,-0.019600,0.001118,1.570358,-0.300000,1.000000,1.100000,0.000000,0.000000,-1.571000,-0.256637,1.009506,0.262701,1.074233
14.436000,-0.043578,-0.009496,0.837300,-0.107520,0.005250,0.000422,-0.019574,0.001115,1.570358,-0.300000,1.000000,1.100000,0.000000,0.000000,-1.571000,-0.256422,1.009496,0.262700,1.074172
14.438000,-0.043793,-0.009485,0.837302,-0.107714,0.005263,0.000970,-0.019548,0.001112,1.570358,-0.300000,1.000000,1.100000,0.000000,0.000000,-1.571000,-0.256207,1.009485,0.262698,1.074110
14.440000,-0.044009,-0.009475,0.837304,-0.107908,0.005276,0.001518,-0.019522,0.001109,1.570358,-0.300000,1.000000,1.100000,0.000000,0.000000,-1.571000,-0.255991,1.009475,0.262696,1.074048
14.442000,-0.044226,-0.009464,0.837308,-0.108100,0.005289,0.002065,-0.019496,0.001105,1.570358,-0.300000,1.000000,1.100000,0.000000,0.000000,-1.571000,-0.255774,1.009464,0.262692,1.073986
14.444000,-0.044442,-0.009453,0.837313,-0.108292,0.005301,0.002611,-0.019470,0.001102,1.570359,-0.300000,1.000000,1.100000,0.000000,0.000000,-1.571000,-0.255558,1.009453,0.262687,1.073923
14.446000,-0.044659,-0.009443,0.837319,-0.108483,0.005314,0.003156,-0.019444,0.001098,1.570359,-0.300000,1.000000,1.100000,0.000000,0.000000,-1.571000,-0.255341,1.009443,0.262681,1.073860
14.448000,-0.044877,-0.009432,0.837326,-0.108673,0.005326,0.003701,-0.019417,0.001094,1.570359,-0.300000,1.000000,1.100000,0.000000,0.000000,-1.571000,-0.255123,1.009432,0.262674,1.073796
14.450000,-0.045095,-0.009422,0.837335,-0.108862,0.005339,0.004244,-0.019391,0.001090,1.570359,-0.300000,1.000000,1.100000,0.000000,0.000000,-1.571000,-0.254905,1.009422,0.262665,1.073733
14.452000,-0.045313,-0.009411,0.837344,-0.109051,0.005351,0.004787,-0.019365,0.001086,1.570359,-0.300000,1.000000,1.100000,0.000000,0.000000,-1.571000,-0.254687,1.009411,0.262656,1.073668
14.454000,-0.045532,-0.009400,0.837354,-0.109238,0.005363,0.005329,-0.019339,0.001082,1.570359,-0.300000,1.000000,1.100000,0.000000,0.000000,-1.571000,-0.254468,1.009400,0.262646,1.073604
14.456000,-0.045750,-0.009389,0.837366,-0.109425,0.005375,0.005871,-0.019312,0.001078,1.570359,-0.300000,1.000000,1.100000,0.000000,0.000000,-1.571000,-0.254250,1.009389,0.262634,1.073539
14.458000,-0.045970,-0.009379,0.837378,-0.109610,0.005387,0.006413,-0.019286,0.001074,1.570359,-0.300000,1.000000,1.100000,0.000000,0.000000,-1.571000,-0.254030,1.009379,0.262622,1.073474
14.460000,-0.046190,-0.009368,0.837392,-0.109795,0.005398,0.006953,-0.019259,0.001070,1.570359,-0.300000,1.000000,1.100000,0.000000,0.000000,-1.571000,-0.253810,1.009368,0.262608,1.073409
14.462000,-0.046410,-0.009357,0.837407,-0.109979,0.005410,0.007490,-0.019233,0.001065,1.570360,-0.300000,1.000000,1.100000,0.000000,0.000000,-1.571000,-0.253590,1.009357,0.262593,1.073343
14.464000,-0.046630,-0.009346,0.837423,-0.110162,0.005422,0.008026,-0.019206,0.001061,1.570360,-0.300000,1.000000,1.100000,0.000000,0.000000,-1.571000,-0.253370,1.009346,0.262577,1.073277
14.466000,-0.046851,-0.009335,0.837439,-0.110344,0.005433,0.008559,-0.019179,0.001056,1.570360,-0.300000,1.000000,1.100000,0.000000,0.000000,-1.571000,-0.253149,1.009335,0.262561,1.073210
14.468000,-0.047072,-0.009324,0.837457,-0.110525,0.005444,0.009091,-0.019153,0.001052,1.570360,-0.300000,1.000000,1.100000,0.000000,0.000000,-1.571000,-0.252928,1.009324,0.262543,1.073143
14.470000,-0.047294,-0.009313,0.837476,-0.110706,0.005456,0.009621,-0.019126,0.001047,1.570360,-0.300000,1.000000,1.100000,0.000000,0.000000,-1.571000,-0.252706,1.009313,0.262524,1.073076
14.472000,-0.047516,-0.009302,0.837496,-0.110885,0.005467,0.010149,-0.019100,0.001043,1.570360,-0.300000,1.000000,1.100000,0.000000,0.000000,-1.571000,-0.252484,1.009302,0.262504,1.073009
14.474000,-0.047738,-0.009291,0.837517,-0.111064,0.005478,0.010676,-0.019073,0.001038,1.570360,-0.300000,1.000000,1.100000,0.000000,0.000000,-1.571000,-0.252262,1.009291,0.262483,1.072941
14.476000,-0.047960,-0.009280,0.837540,-0.111241,0.005489,0.011203,-0.019046,0.001034,1.570360,-0.300000,1.000000,1.100000,0.000000,0.000000,-1.571000,-0.252040,1.009280,0.262460,1.072873
14.478000,-0.048183,-0.009269,0.837563,-0.111418,0.005499,0.011730,-0.019020,0.001029,1.570360,-0.300000,1.000000,1.100000,0.000000,0.000000,-1.571000,-0.251817,1.009269,0.262437,1.072805
14.480000,-0.048407,-0.009258,0.837587,-0.111594,0.005510,0.012257,-0.018993,0.001025,1.570360,-0.300000,1.000000,1.100000,0.000000,0.000000,-1.571000,-0.251593,1.009258,0.262413,1.072736
14.482000,-0.048630,-0.009247,0.837612,-0.111769,0.005521,0.012783,-0.018966,0.001021,1.570360,-0.300000,1.000000,1.100000,0.000000,0.000000,-1.571000,-0.251370,1.009247,0.262388,1.072667
14.484000,-0.048854,-0.009236,0.837639,-0.111944,0.005531,0.013309,-0.018939,0.001016,1.570360,-0.300000,1.000000,1.100000,0.000000,0.000000,-1.571000,-0.251146,1.009236,0.262361,1.072598
14.486000,-0.049079,-0.009225,0.837666,-0.112117,0.005541,0.013835,-0.018912,0.001012,1.570360,-0.300000,1.000000,1.100000,0.000000,0.000000,-1.571000,-0.250921,1.009225,0.262334,1.072528
14.488000,-0.049303,-0.009214,0.837695,-0.112290,0.005552,0.014359,-0.018885,0.001007,1.570360,-0.300000,1.000000,1.100000,0.000000,0.000000,-1.571000,-0.250697,1.009214,0.262305,1.072458
14.490000,-0.049529,-0.009203,0.837724,-0.112462,0.005562,0.014883,-0.018857,0.001003,1.570360,-0.300000,1.000000,1.100000,0.000000,0.000000,-1.571000,-0.250471,1.009203,0.262276,1.072388
14.492000,-0.049754,-0.009192,0.837755,-0.112632,0.005572,0.015406,-0.018830,0.000999,1.570360,-0.300000,1.000000,1.100000,0.000000,0.000000,-1.571000,-0.250246,1.009192,0.262245,1.072317
14.494000,-0.049980,-0.009181,0.837787,-0.112802,0.005582,0.015926,-0.018803,0.000995,1.570360,-0.300000,1.000000,1.100000,0.000000,0.000000,-1.571000,-0.250020,1.009181,0.262213,1.072246
14.496000,-0.050206,-0.009170,0.837819,-0.112971,0.005592,0.016444,-0.018775,0.000990,1.570360,-0.300000,1.000000,1.100000,0.000000,0.000000,-1.571000,-0.249794,1.009170,0.262181,1.072175
14.498000,-0.050432,-0.009158,0.837853,-0.113140,0.005601,0.016961,-0.018748,0.000986,1.570360,-0.300000,1.000000,1.100000,0.000000,0.000000,-1.571000,-0.249568,1.009158,0.262147,1.072103
14.500000,-0.050659,-0.009147,0.837888,-0.113307,0.005611,0.017476,-0.018720,0.000982,1.570360,-0.300000,1.000000,1.100000,0.000000,0.000000,-1.571000,-0.249341,1.009147,0.262112,1.072032
14.502000,-0.050886,-0.009136,0.837923,-0.113473,0.005620,0.017990,-0.018693,0.000978,1.570360,-0.300000,1.000000,1.100000,0.000000,0.000000,-1.571000,-0.249114,1.009136,0.262077,1.071959
14.504000,-0.051113,-0.009125,0.837960,-0.113639,0.005630,0.018502,-0.018665,0.000974,1.570360,-0.300000,1.000000,1.100000,0.000000,0.000000,-1.571000,-0.248887,1.009125,0.262040,1.071887
14.506000,-0.051341,-0.009113,0.837998,-0.113804,0.005639,0.019013,-0.018638,0.000970,1.570360,-0.300000,1.000000,1.100000,0.000000,0.000000,-1.571000,-0.248659,1.009113,0.262002,1.071814
14.508000,-0.051569,-0.009102,0.838037,-0.113968,0.005648,0.019523,-0.018611,0.000967,1.570360,-0.300000,1.000000,1.100000,0.000000,0.000000,-1.571000,-0.248431,1.009102,0.261963,1.071741
14.510000,-0.051798,-0.009091,0.838077,-0.114131,0.005657,0.020031,-0.018583,0.000963,1.570360,-0.300000,1.000000,1.100000,0.000000,0.000000,-1.571000,-0.248202,1.009091,0.261923,1.071668
14.512000,-0.052026,-0.009079,0.838118,-0.114293,0.005666,0.020537,-0.018556,0.000959,1.570360,-0.300000,1.000000,1.100000,0.000000,0.000000,-1.571000,-0.247974,1.009079,0.261882,1.071594
14.514000,-0.052256,-0.009068,0.838159,-0.114454,0.005675,0.021043,-0.018529,0.000956,1.570360,-0.300000,1.000000,1.100000,0.000000,0.000000,-1.571000,-0.247744,1.009068,0.261841,1.071520
14.516000,-0.052485,-0.009057,0.838202,-0.114614,0.005684,0.021549,-0.018501,0.000952,1.570360,-0.300000,1.000000,1.100000,0.000000,0.000000,-1.571000,-0.247515,1.009057,0.261798,1.071446
14.518000,-0.052715,-0.009045,0.838246,-0.114774,0.005693,0.022055,-0.018474,0.000949,1.570361,-0.300000,1.000000,1.100000,0.000000,0.000000,-1.571000,-0.247285,1.009045,0.261754,1.071372
14.520000,-0.052945,-0.009034,0.838291,-0.114933,0.005702,0.022561,-0.018447,0.000946,1.570361,-0.300000,1.000000,1.100000,0.000000,0.000000,-1.571000,-0.247055,1.009034,0.261709,1.071297
14.522000,-0.053175,-0.009022,0.838337,-0.115091,0.005710,0.023066,-0.018419,0.000943,1.570361,-0.300000,1.000000,1.100000,0.000000,0.000000,-1.571000,-0.246825,1.009022,0.261663,1.071222
14.524000,-0.053406,-0.009011,0.838384,-0.115248,0.005719,0.023570,-0.018392,0.000940,1.570361,-0.300000,1.000000,1.100000,0.000000,0.000000,-1.571000,-0.246594,1.009011,0.261616,1.071146
14.526000,-0.053637,-0.008999,0.838432,-0.115404,0.005727,0.024072,-0.018364,0.000937,1.570361,-0.300000,1.000000,1.100000,0.000000,0.000000,-1.571000,-0.246363,1.008999,0.261568,1.071071
14.528000,-0.053868,-0.008988,0.838481,-0.115559,0.005736,0.024571,-0.018337,0.000935,1.570361,-0.300000,1.000000,1.100000,0.000000,0.000000,-1.571000,-0.246132,1.008988,0.261519,1.070995
14.530000,-0.054099,-0.008976,0.838531,-0.115714,0.005744,0.025068,-0.018309,0.000932,1.570361,-0.300000,1.000000,1.100000,0.000000,0.000000,-1.571000,-0.245901,1.008976,0.261469,1.070919
14.532000,-0.054331,-0.008965,0.838582,-0.115868,0.005752,0.025562,-0.018282,0.000930,1.570361,-0.300000,1.000000,1.100000,0.000000,0.000000,-1.571000,-0.245669,1.008965,0.261418,1.070842
14.534000,-0.054563,-0.008953,0.838634,-0.116020,0.005760,0.026054,-0.018254,0.000928,1.570361,-0.300000,1.000000,1.100000,0.000000,0.000000,-1.571000,-0.245437,1.008953,0.261366,1.070765
14.536000,-0.054796,-0.008942,0.838686,-0.116172,0.005768,0.026545,-0.018227,0.000925,1.570361,-0.300000,1.000000,1.100000,0.000000,0.000000,-1.571000,-0.245204,1.008942,0.261314,1.070688
14.538000,-0.055029,-0.008930,0.838740,-0.116323,0.005777,0.027036,-0.018200,0.000924,1.570362,-0.300000,1.000000,1.100000,0.000000,0.000000,-1.571000,-0.244971,1.008930,0.261260,1.070611
14.540000,-0.055262,-0.008919,0.838795,-0.116474,0.005785,0.027525,-0.018172,0.000922,1.570362,-0.300000,1.000000,1.100000,0.000000,0.000000,-1.571000,-0.244738,1.008919,0.261205,1.070533
14.542000,-0.055495,-0.008907,0.838851,-0.116623,0.005792,0.028015,-0.018145,0.000920,1.570362,-0.300000,1.000000,1.100000,0.000000,0.000000,-1.571000,-0.244505,1.008907,0.261149,1.070455
14.544000,-0.055729,-0.008896,0.838908,-0.116772,0.005800,0.028504,-0.018117,0.000919,1.570362,-0.300000,1.000000,1.100000,0.000000,0.000000,-1.571000,-0.244271,1.008896,0.261092,1.070377
14.546000,-0.055963,-0.008884,0.838966,-0.116920,0.005808,0.028991,-0.018090,0.000917,1.570362,-0.300000,1.000000,1.100000,0.000000,0.000000,-1.571000,-0.244037,1.008884,0.261034,1.070299
14.548000,-0.056197,-0.008872,0.839024,-0.117066,0.005816,0.029478,-0.018062,0.000916,1.570362,-0.300000,1.000000,1.100000,0.000000,0.000000,-1.571000,-0.243803,1.008872,0.260976,1.070220
14.550000,-0.056432,-0.008861,0.839084,-0.117213,0.005824,0.029965,-0.018034,0.000915,1.570362,-0.300000,1.000000,1.100000,0.000000,0.000000,-1.571000,-0.243568,1.008861,0.260916,1.070141
14.552000,-0.056667,-0.008849,0.839145,-0.117358,0.005832,0.030450,-0.018006,0.000914,1.570362,-0.300000,1.000000,1.100000,0.000000,0.000000,-1.571000,-0.243333,1.008849,0.260855,1.070062
14.554000,-0.056902,-0.008837,0.839207,-0.117502,0.005839,0.030934,-0.017978,0.000913,1.570362,-0.300000,1.000000,1.100000,0.000000,0.000000,-1.571000,-0.243098,1.008837,0.260793,1.069982
14.556000,-0.057137,-0.008826,0.839269,-0.117646,0.005847,0.031417,-0.017950,0.000912,1.570362,-0.300000,1.000000,1.100000,0.000000,0.000000,-1.571000,-0.242863,1.008826,0.260731,1.069903
14.558000,-0.057373,-0.008814,0.839333,-0.117789,0.005855,0.031899,-0.017922,0.000911,1.570362,-0.300000,1.000000,1.100000,0.000000,0.000000,-1.571000,-0.242627,1.008814,0.260667,1.069823
14.560000,-0.057609,-0.008802,0.839397,-0.117931,0.005862,0.032379,-0.017894,0.000910,1.570362,-0.300000,1.000000,1.100000,0.000000,0.000000,-1.571000,-0.242391,1.008802,0.260603,1.069742
14.562000,-0.057845,-0.008790,0.839463,-0.118072,0.005870,0.032858,-0.017866,0.000909,1.570362,-0.300000,1.000000,1.100000,0.000000,0.000000,-1.571000,-0.242155,1.008790,0.260537,1.069662
14.564000,-0.058082,-0.008779,0.839530,-0.118212,0.005877,0.033336,-0.017838,0.000909,1.570362,-0.300000,1.000000,1.100000,0.000000,0.000000,-1.571000,-0.241918,1.008779,0.260470,1.069581
14.566000,-0.058319,-0.008767,0.839597,-0.118352,0.005885,0.033813,-0.017810,0.000908,1.570362,-0.300000,1.000000,1.100000,0.000000,0.000000,-1.571000,-0.241681,1.008767,0.260403,1.069500
14.568000,-0.058556,-0.008755,0.839665,-0.118490,0.005893,0.034288,-0.017781,0.000908,1.570362,-0.300000,1.000000,1.100000,0.000000,0.000000,-1.571000,-0.241444,1.008755,0.260335,1.069419
14.570000,-0.058794,-0.008743,0.839735,-0.118628,0.005900,0.034762,-0.017753,0.000908,1.570362,-0.300000,1.000000,1.100000,0.000000,0.000000,-1.571000,-0.241206,1.008743,0.260265,1.069337
14.572000,-0.059031,-0.008731,0.839805,-0.118765,0.005907,0.035235,-0.017725,0.000907,1.570362,-0.300000,1.000000,1.100000,0.000000,0.000000,-1.571000,-0.240969,1.008731,0.260195,1.069255
14.574000,-0.059269,-0.008720,0.839876,-0.118901,0.005915,0.035707,-0.017697,0.000907,1.570362,-0.300000,1.000000,1.100000,0.000000,0.000000,-1.571000,-0.240731,1.008720,0.260124,1.069173
14.576000,-0.059507,-0.008708,0.839948,-0.119037,0.005922,0.036177,-0.017669,0.000907,1.570362,-0.300000,1.000000,1.100000,0.000000,0.000000,-1.571000,-0.240493,1.008708,0.260052,1.069091
14.578000,-0.059746,-0.008696,0.840022,-0.119171,0.005930,0.036647,-0.017641,0.000907,1.570362,-0.300000,1.000000,1.100000,0.000000,0.000000,-1.571000,-0.240254,1.008696,0.259978,1.069008
14.580000,-0.059985,-0.008684,0.840096,-0.119305,0.005937,0.037116,-0.017613,0.000907,1.570362,-0.300000,1.000000,1.100000,0.000000,0.000000,-1.571000,-0.240015,1.008684,0.259904,1.068925
14.582000,-0.060224,-0.008672,0.840171,-0.119438,0.005945,0.037584,-0.017585,0.000907,1.570362,-0.300000,1.000000,1.100000,0.000000,0.000000,-1.571000,-0.239776,1.008672,0.259829,1.068842
14.584000,-0.060463,-0.008660,0.840247,-0.119570,0.005952,0.038051,-0.017558,0.000907,1.570362,-0.300000,1.000000,1.100000,0.000000,0.000000,-1.571000,-0.239537,1.008660,0.259753,1.068759
14.586000,-0.060703,-0.008648,0.840324,-0.119701,0.005959,0.038515,-0.017530,0.000907,1.570362,-0.300000,1.000000,1.100000,0.000000,0.000000,-1.571000,-0.239297,1.008648,0.259676,1.068675
14.588000,-0.060942,-0.008636,0.840401,-0.119831,0.005967,0.038977,-0.017502,0.000907,1.570362,-0.300000,1.000000,1.100000,0.000000,0.000000,-1.571000,-0.239058,1.008636,0.259599,1.068591
14.590000,-0.061183,-0.008624,0.840480,-0.119961,0.005974,0.039436,-0.017474,0.000907,1.570362,-0.300000,1.000000,1.100000,0.000000,0.000000,-1.571000,-0.238817,1.008624,0.259520,1.068507
14.592000,-0.061423,-0.008612,0.840560,-0.120090,0.005981,0.039892,-0.017446,0.000907,1.570362,-0.300000,1.000000,1.100000,0.000000,0.000000,-1.571000,-0.238577,1.008612,0.259440,1.068423
14.594000,-0.061664,-0.008600,0.840640,-0.120218,0.005989,0.040346,-0.017418,0.000907,1.570362,-0.300000,1.000000,1.100000,0.000000,0.000000,-1.571000,-0.238336,1.008600,0.259360,1.068338
14.596000,-0.061904,-0.008588,0.840722,-0.120345,0.005996,0.040798,-0.017390,0.000907,1.570361,-0.300000,1.000000,1.100000,0.000000,0.000000,-1.571000,-0.238096,1.008588,0.259278,1.068253
14.598000,-0.062146,-0.008576,0.840804,-0.120471,0.006003,0.041248,-0.017363,0.000906,1.570361,-0.300000,1.000000,1.100000,0.000000,0.000000,-1.571000,-0.237854,1.008576,0.259196,1.068168
14.600000,-0.062387,-0.008564,0.840887,-0.120596,0.006010,0.041697,-0.017335,0.000906,1.570361,-0.300000,1.000000,1.100000,0.000000,0.000000,-1.571000,-0.237613,1.008564,0.259113,1.068083
14.602000,-0.062629,-0.008552,0.840971,-0.120721,0.006018,0.042146,-0.017307,0.000905,1.570361,-0.300000,1.000000,1.100000,0.000000,0.000000,-1.571000,-0.237371,1.008552,0.259029,1.067998
14.604000,-0.062870,-0.008540,0.841056,-0.120845,0.006025,0.042594,-0.017279,0.000904,1.570361,-0.300000,1.000000,1.100000,0.000000,0.000000,-1.571000,-0.237130,1.008540,0.258944,1.067912
14.606000,-0.063113,-0.008528,0.841142,-0.120968,0.006032,0.043041,-0.017251,0.000903,1.570361,-0.300000,1.000000,1.100000,0.000000,0.000000,-1.571000,-0.236887,1.008528,0.258858,1.067826
14.608000,-0.063355,-0.008516,0.841229,-0.121091,0.006039,0.043488,-0.017224,0.000902,1.570362,-0.300000,1.000000,1.100000,0.000000,0.000000,-1.571000,-0.236645,1.008516,0.258771,1.067740
14.610000,-0.063597,-0.008504,0.841317,-0.121212,0.006046,0.043935,-0.017196,0.000901,1.570362,-0.300000,1.000000,1.100000,0.000000,0.000000,-1.571000,-0.236403,1.008504,0.258683,1.067653
14.612000,-0.063840,-0.008492,0.841406,-0.121333,0.006053,0.044381,-0.017168,0.000900,1.570362,-0.300000,1.000000,1.100000,0.000000,0.000000,-1.571000,-0.236160,1.008492,0.258594,1.067567
14.614000,-0.064083,-0.008480,0.841495,-0.121453,0.006060,0.044825,-0.017140,0.000898,1.570362,-0.300000,1.000000,1.100000,0.000000,0.000000,-1.571000,-0.235917,1.008480,0.258505,1.067480
14.616000,-0.064327,-0.008468,0.841586,-0.121572,0.006067,0.045266,-0.017112,0.000896,1.570362,-0.300000,1.000000,1.100000,0.000000,0.000000,-1.571000,-0.235673,1.008468,0.258414,1.067393
14.618000,-0.064570,-0.008455,0.841677,-0.121690,0.006074,0.045705,-0.017084,0.000894,1.570362,-0.300000,1.000000,1.100000,0.000000,0.000000,-1.571000,-0.235430,1.008455,0.258323,1.067305
14.620000,-0.064814,-0.008443,0.841769,-0.121808,0.006081,0.046141,-0.017056,0.000892,1.570362,-0.300000,1.000000,1.100000,0.000000,0.000000,-1.571000,-0.235186,1.008443,0.258231,1.067218
14.622000,-0.065058,-0.008431,0.841862,-0.121925,0.006088,0.046576,-0.017028,0.000890,1.570362,-0.300000,1.000000,1.100000,0.000000,0.000000,-1.571000,-0.234942,1.008431,0.258138,1.067130
14.624000,-0.065302,-0.008419,0.841956,-0.122041,0.006094,0.047009,-0.017000,0.000888,1.570362,-0.300000,1.000000,1.100000,0.000000,0.000000,-1.571000,-0.234698,1.008419,0.258044,1.067042
14.626000,-0.065547,-0.008407,0.842051,-0.122156,0.006101,0.047442,-0.016972,0.000885,1.570362,-0.300000,1.000000,1.100000,0.000000,0.000000,-1.571000,-0.234453,1.008407,0.257949,1.066954
14.628000,-0.065792,-0.008394,0.842146,-0.122270,0.006108,0.047874,-0.016944,0.000882,1.570362,-0.300000,1.000000,1.100000,0.000000,0.000000,-1.571000,-0.234208,1.008394,0.257854,1.066865
14.630000,-0.066037,-0.008382,0.842243,-0.122384,0.006114,0.048306,-0.016915,0.000879,1.570362,-0.300000,1.000000,1.100000,0.000000,0.000000,-1.571000,-0.233963,1.008382,0.257757,1.066777
14.632000,-0.066282,-0.008370,0.842340,-0.122497,0.006121,0.048736,-0.016887,0.000876,1.570362,-0.300000,1.000000,1.100000,0.000000,0.000000,-1.571000,-0.233718,1.008370,0.257660,1.066688
14.634000,-0.066527,-0.008358,0.842438,-0.122609,0.006127,0.049166,-0.016859,0.000873,1.570362,-0.300000,1.000000,1.100000,0.000000,0.000000,-1.571000,-0.233473,1.008358,0.257562,1.066599
14.636000,-0.066773,-0.008345,0.842537,-0.122720,0.006133,0.049595,-0.016830,0.000870,1.570362,-0.300000,1.000000,1.100000,0.000000,0.000000,-1.571000,-0.233227,1.008345,0.257463,1.066509
14.638000,-0.067019,-0.008333,0.842637,-0.122831,0.006140,0.050024,-0.016802,0.000867,1.570362,-0.300000,1.000000,1.100000,0.000000,0.000000,-1.571000,-0.232981,1.008333,0.257363,1.066420
14.640000,-0.067265,-0.008321,0.842738,-0.122941,0.006146,0.050451,-0.016773,0.000863,1.570362,-0.300000,1.000000,1.100000,0.000000,0.000000,-1.571000,-0.232735,1.008321,0.257262,1.066330
14.642000,-0.067511,-0.008309,0.842840,-0.123050,0.006152,0.050877,-0.016745,0.000859,1.570362,-0.300000,1.000000,1.100000,0.000000,0.000000,-1.571000,-0.232489,1.008309,0.257160,1.066240
14.644000,-0.067758,-0.008296,0.842942,-0.123158,0.006158,0.051300,-0.016717,0.000856,1.570362,-0.300000,1.000000,1.100000,0.000000,0.000000,-1.571000,-0.232242,1.008296,0.257058,1.066150
14.646000,-0.068004,-0.008284,0.843046,-0.123265,0.006164,0.051721,-0.016689,0.000852,1.570362,-0.300000,1.000000,1.100000,0.000000,0.000000,-1.571000,-0.231996,1.008284,0.256954,1.066060
14.648000,-0.068251,-0.008272,0.843150,-0.123372,0.006170,0.052142,-0.016660,0.000848,1.570363,-0.300000,1.000000,1.100000,0.000000,0.000000,-1.571000,-0.231749,1.008272,0.256850,1.065969
14.650000,-0.068498,-0.008259,0.843255,-0.123478,0.006175,0.052561,-0.016632,0.000844,1.570363,-0.300000,1.000000,1.100000,0.000000,0.000000,-1.571000,-0.231502,1.008259,0.256745,1.065879
14.652000,-0.068746,-0.008247,0.843361,-0.123583,0.006181,0.052980,-0.016604,0.000840,1.570363,-0.300000,1.000000,1.100000,0.000000,0.000000,-1.571000,-0.231254,1.008247,0.256639,1.065788
14.654000,-0.068993,-0.008234,0.843467,-0.123687,0.006186,0.053398,-0.016575,0.000835,1.570363,-0.300000,1.000000,1.100000,0.000000,0.000000,-1.571000,-0.231007,1.008234,0.256533,1.065697
14.656000,-0.069241,-0.008222,0.843575,-0.123790,0.006192,0.053815,-0.016547,0.000831,1.570363,-0.300000,1.000000,1.100000,0.000000,0.000000,-1.571000,-0.230759,1.008222,0.256425,1.065606
14.658000,-0.069489,-0.008210,0.843683,-0.123893,0.006197,0.054231,-0.016518,0.000827,1.570363,-0.300000,1.000000,1.100000,0.000000,0.000000,-1.571000,-0.230511,1.008210,0.256317,1.065514
14.660000,-0.069737,-0.008197,0.843792,-0.123995,0.006202,0.054645,-0.016490,0.000822,1.570363,-0.300000,1.000000,1.100000,0.000000,0.000000,-1.571000,-0.230263,1.008197,0.256208,1.065422
14.662000,-0.069986,-0.008185,0.843902,-0.124096,0.006208,0.055059,-0.016461,0.000818,1.570363,-0.300000,1.000000,1.100000,0.000000,0.000000,-1.571000,-0.230014,1.008185,0.256098,1.065330
14.664000,-0.070234,-0.008172,0.844013,-0.124197,0.006213,0.055472,-0.016433,0.000813,1.570363,-0.300000,1.000000,1.100000,0.000000,0.000000,-1.571000,-0.229766,1.008172,0.255987,1.065238
14.666000,-0.070483,-0.008160,0.844125,-0.124297,0.006218,0.055882,-0.016404,0.000809,1.570363,-0.300000,1.000000,1.100000,0.000000,0.000000,-1.571000,-0.229517,1.008160,0.255875,1.065146
14.668000,-0.070732,-0.008147,0.844237,-0.124396,0.006222,0.056291,-0.016376,0.000804,1.570364,-0.300000,1.000000,1.100000,0.000000,0.000000,-1.571000,-0.229268,1.008147,0.255763,1.065054
14.670000,-0.070981,-0.008135,0.844351,-0.124494,0.006227,0.056700,-0.016347,0.000800,1.570364,-0.300000,1.000000,1.100000,0.000000,0.000000,-1.571000,-0.229019,1.008135,0.255649,1.064961
14.672000,-0.071231,-0.008122,0.844465,-0.124591,0.006232,0.057105,-0.016319,0.000795,1.570364,-0.300000,1.000000,1.100000,0.000000,0.000000,-1.571000,-0.228769,1.008122,0.255535,1.064868
14.674000,-0.071480,-0.008110,0.844580,-0.124688,0.006236,0.057509,-0.016290,0.000791,1.570364,-0.300000,1.000000,1.100000,0.000000,0.000000,-1.571000,-0.228520,1.008110,0.255420,1.064775
14.676000,-0.071730,-0.008098,0.844696,-0.124784,0.006241,0.057911,-0.016261,0.000786,1.570364,-0.300000,1.000000,1.100000,0.000000,0.000000,-1.571000,-0.228270,1.008098,0.255304,1.064682
14.678000,-0.071980,-0.008085,0.844812,-0.124879,0.006245,0.058311,-0.016233,0.000782,1.570364,-0.300000,1.000000,1.100000,0.000000,0.000000,-1.571000,-0.228020,1.008085,0.255188,1.064589
14.680000,-0.072230,-0.008072,0.844929,-0.124973,0.006249,0.058709,-0.016204,0.000777,1.570364,-0.300000,1.000000,1.100000,0.000000,0.000000,-1.571000,-0.227770,1.008072,0.255071,1.064495
14.682000,-0.072480,-0.008060,0.845048,-0.125066,0.006253,0.059106,-0.016175,0.000773,1.570364,-0.300000,1.000000,1.100000,0.000000,0.000000,-1.571000,-0.227520,1.008060,0.254952,1.064402
14.684000,-0.072731,-0.008047,0.845167,-0.125159,0.006258,0.059501,-0.016146,0.000768,1.570364,-0.300000,1.000000,1.100000,0.000000,0.000000,-1.571000,-0.227269,1.008047,0.254833,1.064308
14.686000,-0.072982,-0.008035,0.845286,-0.125251,0.006261,0.059895,-0.016117,0.000764,1.570365,-0.300000,1.000000,1.100000,0.000000,0.000000,-1.571000,-0.227018,1.008035,0.254714,1.064214
14.688000,-0.073232,-0.008022,0.845407,-0.125342,0.006265,0.060286,-0.016088,0.000760,1.570365,-0.300000,1.000000,1.100000,0.000000,0.000000,-1.571000,-0.226768,1.008022,0.254593,1.064120
14.690000,-0.073484,-0.008010,0.845528,-0.125433,0.006269,0.060677,-0.016058,0.000755,1.570365,-0.300000,1.000000,1.100000,0.000000,0.000000,-1.571000,-0.226516,1.008010,0.254472,1.064025
14.692000,-0.073735,-0.007997,0.845650,-0.125522,0.006273,0.061066,-0.016029,0.000751,1.570365,-0.300000,1.000000,1.100000,0.000000,0.000000,-1.571000,-0.226265,1.007997,0.254350,1.063931
14.694000,-0.073986,-0.007985,0.845773,-0.125611,0.006276,0.061455,-0.015999,0.000747,1.570365,-0.300000,1.000000,1.100000,0.000000,0.000000,-1.571000,-0.226014,1.007985,0.254227,1.063836
14.696000,-0.074238,-0.007972,0.845897,-0.125700,0.006280,0.061845,-0.015969,0.000743,1.570365,-0.300000,1.000000,1.100000,0.000000,0.000000,-1.571000,-0.225762,1.007972,0.254103,1.063741
14.698000,-0.074490,-0.007960,0.846021,-0.125787,0.006283,0.062233,-0.015940,0.000738,1.570365,-0.300000,1.000000,1.100000,0.000000,0.000000,-1.571000,-0.225510,1.007960,0.253979,1.063646
14.700000,-0.074742,-0.007947,0.846146,-0.125874,0.006286,0.062619,-0.015910,0.000734,1.570365,-0.300000,1.000000,1.100000,0.000000,0.000000,-1.571000,-0.225258,1.007947,0.253854,1.063551
14.702000,-0.074994,-0.007934,0.846272,-0.125959,0.006290,0.063003,-0.015880,0.000731,1.570366,-0.300000,1.000000,1.100000,0.000000,0.000000,-1.571000,-0.225006,1.007934,0.253728,1.063455
14.704000,-0.075246,-0.007922,0.846399,-0.126045,0.006293,0.063385,-0.015850,0.000727,1.570366,-0.300000,1.000000,1.100000,0.000000,0.000000,-1.571000,-0.224754,1.007922,0.253601,1.063360
14.706000,-0.075498,-0.007909,0.846526,-0.126129,0.006296,0.063765,-0.015820,0.000723,1.570366,-0.300000,1.000000,1.100000,0.000000,0.000000,-1.571000,-0.224502,1.007909,0.253474,1.063264
14.708000,-0.075751,-0.007897,0.846654,-0.126212,0.006299,0.064144,-0.015790,0.000719,1.570366,-0.300000,1.000000,1.100000,0.000000,0.000000,-1.571000,-0.224249,1.007897,0.253346,1.063168
14.710000,-0.076004,-0.007884,0.846783,-0.126295,0.006302,0.064521,-0.015760,0.000716,1.570366,-0.300000,1.000000,1.100000,0.000000,0.000000,-1.571000,-0.223996,1.007884,0.253217,1.063072
14.712000,-0.076257,-0.007871,0.846913,-0.126377,0.006304,0.064897,-0.015729,0.000712,1.570366,-0.300000,1.000000,1.100000,0.000000,0.000000,-1.571000,-0.223743,1.007871,0.253087,1.062976
14.714000,-0.076510,-0.007859,0.847044,-0.126458,0.006307,0.065271,-0.015699,0.000709,1.570366,-0.300000,1.000000,1.100000,0.000000,0.000000,-1.571000,-0.223490,1.007859,0.252956,1.062880
14.716000,-0.076763,-0.007846,0.847175,-0.126539,0.006310,0.065645,-0.015668,0.000705,1.570366,-0.300000,1.000000,1.100000,0.000000,0.000000,-1.571000,-0.223237,1.007846,0.252825,1.062784
14.718000,-0.077017,-0.007833,0.847307,-0.126619,0.006312,0.066018,-0.015638,0.000702,1.570366,-0.300000,1.000000,1.100000,0.000000,0.000000,-1.571000,-0.222983,1.007833,0.252693,1.062687
14.720000,-0.077270,-0.007821,0.847440,-0.126697,0.006315,0.066391,-0.015607,0.000699,1.570366,-0.300000,1.000000,1.100000,0.000000,0.000000,-1.571000,-0.222730,1.007821,0.252560,1.062590
14.722000,-0.077524,-0.007808,0.847573,-0.126776,0.006317,0.066764,-0.015576,0.000696,1.570365,-0.300000,1.000000,1.100000,0.000000,0.000000,-1.571000,-0.222476,1.007808,0.252427,1.062493
14.724000,-0.077778,-0.007796,0.847707,-0.126853,0.006320,0.067135,-0.015545,0.000693,1.570365,-0.300000,1.000000,1.100000,0.000000,0.000000,-1.571000,-0.222222,1.007796,0.252293,1.062396
14.726000,-0.078032,-0.007783,0.847842,-0.126930,0.006322,0.067504,-0.015514,0.000691,1.570365,-0.300000,1.000000,1.100000,0.000000,0.000000,-1.571000,-0.221968,1.007783,0.252158,1.062299
14.728000,-0.078286,-0.007770,0.847978,-0.127005,0.006324,0.067870,-0.015484,0.000688,1.570365,-0.300000,1.000000,1.100000,0.000000,0.000000,-1.571000,-0.221714,1.007770,0.252022,1.062202
14.730000,-0.078541,-0.007758,0.848114,-0.127081,0.006326,0.068234,-0.015453,0.000686,1.570365,-0.300000,1.000000,1.100000,0.000000,0.000000,-1.571000,-0.221459,1.007758,0.251886,1.062104
14.732000,-0.078795,-0.007745,0.848251,-0.127155,0.006329,0.068595,-0.015422,0.000683,1.570365,-0.300000,1.000000,1.100000,0.000000,0.000000,-1.571000,-0.221205,1.007745,0.251749,1.062007
14.734000,-0.079050,-0.007732,0.848389,-0.127228,0.006331,0.068954,-0.015392,0.000681,1.570365,-0.300000,1.000000,1.100000,0.000000,0.000000,-1.571000,-0.220950,1.007732,0.251611,1.061909
14.736000,-0.079305,-0.007720,0.848528,-0.127301,0.006333,0.069311,-0.015361,0.000678,1.570365,-0.300000,1.000000,1.100000,0.000000,0.000000,-1.571000,-0.220695,1.007720,0.251472,1.061811
14.738000,-0.079560,-0.007707,0.848667,-0.127373,0.006335,0.069665,-0.015331,0.000676,1.570365,-0.300000,1.000000,1.100000,0.000000,0.000000,-1.571000,-0.220440,1.007707,0.251333,1.061713
14.740000,-0.079815,-0.007694,0.848807,-0.127444,0.006337,0.070019,-0.015300,0.000673,1.570365,-0.300000,1.000000,1.100000,0.000000,0.000000,-1.571000,-0.220185,1.007694,0.251193,1.061615
14.742000,-0.080070,-0.007681,0.848948,-0.127514,0.006338,0.070371,-0.015270,0.000671,1.570365,-0.300000,1.000000,1.100000,0.000000,0.000000,-1.571000,-0.219930,1.007681,0.251052,1.061517
14.744000,-0.080325,-0.007669,0.849089,-0.127584,0.006340,0.070724,-0.015239,0.000669,1.570365,-0.300000,1.000000,1.100000,0.000000,0.000000,-1.571000,-0.219675,1.007669,0.250911,1.061419
14.746000,-0.080581,-0.007656,0.849231,-0.127653,0.006342,0.071076,-0.015208,0.000667,1.570365,-0.300000,1.000000,1.100000,0.000000,0.000000,-1.571000,-0.219419,1.007656,0.250769,1.061320
14.748000,-0.080837,-0.007643,0.849374,-0.127721,0.006344,0.071427,-0.015178,0.000664,1.570365,-0.300000,1.000000,1.100000,0.000000,0.000000,-1.571000,-0.219163,1.007643,0.250626,1.061221
14.750000,-0.081092,-0.007631,0.849518,-0.127789,0.006346,0.071777,-0.015147,0.000662,1.570365,-0.300000,1.000000,1.100000,0.000000,0.000000,-1.571000,-0.218908,1.007631,0.250482,1.061123
14.752000,-0.081348,-0.007618,0.849662,-0.127856,0.006347,0.072124,-0.015117,0.000660,1.570365,-0.300000,1.000000,1.100000,0.000000,0.000000,-1.571000,-0.218652,1.007618,0.250338,1.061024
14.754000,-0.081604,-0.007605,0.849807,-0.127921,0.006349,0.072470,-0.015086,0.000659,1.570365,-0.300000,1.000000,1.100000,0.000000,0.000000,-1.571000,-0.218396,1.007605,0.250193,1.060925
14.756000,-0.081861,-0.007593,0.849953,-0.127987,0.006350,0.072813,-0.015056,0.000657,1.570365,-0.300000,1.000000,1.100000,0.000000,0.000000,-1.571000,-0.218139,1.007593,0.250047,1.060826
14.758000,-0.082117,-0.007580,0.850099,-0.128051,0.006352,0.073155,-0.015026,0.000655,1.570365,-0.300000,1.000000,1.100000,0.000000,0.000000,-1.571000,-0.217883,1.007580,0.249901,1.060726
14.760000,-0.082373,-0.007567,0.850246,-0.128115,0.006353,0.073494,-0.014996,0.000653,1.570365,-0.300000,1.000000,1.100000,0.000000,0.000000,-1.571000,-0.217627,1.007567,0.249754,1.060627
14.762000,-0.082630,-0.007554,0.850393,-0.128178,0.006355,0.073832,-0.014965,0.000652,1.570366,-0.300000,1.000000,1.100000,0.000000,0.000000,-1.571000,-0.217370,1.007554,0.249607,1.060528
14.764000,-0.082887,-0.007542,0.850542,-0.128240,0.006356,0.074168,-0.014935,0.000651,1.570366,-0.300000,1.000000,1.100000,0.000000,0.000000,-1.571000,-0.217113,1.007542,0.249458,1.060428
14.766000,-0.083144,-0.007529,0.850691,-0.128301,0.006358,0.074504,-0.014905,0.000649,1.570366,-0.300000,1.000000,1.100000,0.000000,0.000000,-1.571000,-0.216856,1.007529,0.249309,1.060328
14.768000,-0.083401,-0.007516,0.850840,-0.128362,0.006359,0.074840,-0.014875,0.000648,1.570366,-0.300000,1.000000,1.100000,0.000000,0.000000,-1.571000,-0.216599,1.007516,0.249160,1.060229
14.770000,-0.083658,-0.007503,0.850991,-0.128422,0.006360,0.075175,-0.014846,0.000647,1.570366,-0.300000,1.000000,1.100000,0.000000,0.000000,-1.571000,-0.216342,1.007503,0.249009,1.060129
14.772000,-0.083915,-0.007491,0.851142,-0.128482,0.006362,0.075510,-0.014816,0.000646,1.570366,-0.300000,1.000000,1.100000,0.000000,0.000000,-1.571000,-0.216085,1.007491,0.248858,1.060029
14.774000,-0.084172,-0.007478,0.851293,-0.128540,0.006363,0.075844,-0.014786,0.000645,1.570366,-0.300000,1.000000,1.100000,0.000000,0.000000,-1.571000,-0.215828,1.007478,0.248707,1.059929
14.776000,-0.084430,-0.007465,0.851446,-0.128598,0.006364,0.076178,-0.014756,0.000644,1.570366,-0.300000,1.000000,1.100000,0.000000,0.000000,-1.571000,-0.215570,1.007465,0.248554,1.059828
14.778000,-0.084687,-0.007453,0.851599,-0.128656,0.006365,0.076511,-0.014726,0.000643,1.570366,-0.300000,1.000000,1.100000,0.000000,0.000000,-1.571000,-0.215313,1.007453,0.248401,1.059728
14.780000,-0.084945,-0.007440,0.851752,-0.128712,0.006367,0.076841,-0.014696,0.000643,1.570366,-0.300000,1.000000,1.100000,0.000000,0.000000,-1.571000,-0.215055,1.007440,0.248248,1.059628
14.782000,-0.085202,-0.007427,0.851907,-0.128768,0.006368,0.077168,-0.014666,0.000642,1.570366,-0.300000,1.000000,1.100000,0.000000,0.000000,-1.571000,-0.214798,1.007427,0.248093,1.059527
14.784000,-0.085460,-0.007414,0.852062,-0.128823,0.006369,0.077494,-0.014636,0.000642,1.570366,-0.300000,1.000000,1.100000,0.000000,0.000000,-1.571000,-0.214540,1.007414,0.247938,1.059426
14.786000,-0.085718,-0.007402,0.852217,-0.128877,0.006370,0.077816,-0.014606,0.000641,1.570366,-0.300000,1.000000,1.100000,0.000000,0.000000,-1.571000,-0.214282,1.007402,0.247783,1.059326
14.788000,-0.085976,-0.007389,0.852374,-0.128931,0.006371,0.078137,-0.014577,0.000641,1.570366,-0.300000,1.000000,1.100000,0.000000,0.000000,-1.571000,-0.214024,1.007389,0.247626,1.059225
14.790000,-0.086235,-0.007376,0.852531,-0.128984,0.006372,0.078456,-0.014547,0.000640,1.570366,-0.300000,1.000000,1.100000,0.000000,0.000000,-1.571000,-0.213765,1.007376,0.247469,1.059124
14.792000,-0.086493,-0.007363,0.852688,-0.129036,0.006374,0.078776,-0.014517,0.000640,1.570365,-0.300000,1.000000,1.100000,0.000000,0.000000,-1.571000,-0.213507,1.007363,0.247312,1.059023
14.794000,-0.086751,-0.007350,0.852846,-0.129088,0.006375,0.079096,-0.014487,0.000640,1.570365,-0.300000,1.000000,1.100000,0.000000,0.000000,-1.571000,-0.213249,1.007350,0.247154,1.058922
14.796000,-0.087010,-0.007338,0.853005,-0.129138,0.006376,0.079416,-0.014457,0.000640,1.570365,-0.300000,1.000000,1.100000,0.000000,0.000000,-1.571000,-0.212990,1.007338,0.246995,1.058820
14.798000,-0.087268,-0.007325,0.853165,-0.129189,0.006377,0.079736,-0.014428,0.000640,1.570365,-0.300000,1.000000,1.100000,0.000000,0.000000,-1.571000,-0.212732,1.007325,0.246835,1.058719
14.800000,-0.087527,-0.007312,0.853325,-0.129238,0.006378,0.080056,-0.014398,0.000640,1.570365,-0.300000,1.000000,1.100000,0.000000,0.000000,-1.571000,-0.212473,1.007312,0.246675,1.058618
14.802000,-0.087786,-0.007299,0.853485,-0.129287,0.006379,0.080376,-0.014368,0.000640,1.570365,-0.300000,1.000000,1.100000,0.000000,0.000000,-1.571000,-0.212214,1.007299,0.246515,1.058516
14.804000,-0.088045,-0.007287,0.853647,-0.129335,0.006380,0.080695,-0.014338,0.000640,1.570365,-0.300000,1.000000,1.100000,0.000000,0.000000,-1.571000,-0.211955,1.007287,0.246353,1.058414
14.806000,-0.088304,-0.007274,0.853809,-0.129382,0.006381,0.081011,-0.014308,0.000640,1.570365,-0.300000,1.000000,1.100000,0.000000,0.000000,-1.571000,-0.211696,1.007274,0.246191,1.058313
14.808000,-0.088563,-0.007261,0.853972,-0.129429,0.006382,0.081325,-0.014277,0.000640,1.570365,-0.300000,1.000000,1.100000,0.000000,0.000000,-1.571000,-0.211437,1.007261,0.246028,1.058211
14.810000,-0.088822,-0.007248,0.854135,-0.129475,0.006384,0.081637,-0.014247,0.000640,1.570365,-0.300000,1.000000,1.100000,0.000000,0.000000,-1.571000,-0.211178,1.007248,0.245865,1.058109
14.812000,-0.089081,-0.007236,0.854299,-0.129520,0.006385,0.081948,-0.014217,0.000640,1.570365,-0.300000,1.000000,1.100000,0.000000,0.000000,-1.571000,-0.210919,1.007236,0.245701,1.058007
14.814000,-0.089341,-0.007223,0.854463,-0.129565,0.006386,0.082256,-0.014186,0.000640,1.570365,-0.300000,1.000000,1.100000,0.000000,0.000000,-1.571000,-0.210659,1.007223,0.245537,1.057905
14.816000,-0.089600,-0.007210,0.854628,-0.129609,0.006387,0.082564,-0.014156,0.000641,1.570365,-0.300000,1.000000,1.100000,0.000000,0.000000,-1.571000,-0.210400,1.007210,0.245372,1.057803
14.818000,-0.089860,-0.007197,0.854794,-0.129652,0.006388,0.082872,-0.014126,0.000641,1.570365,-0.300000,1.000000,1.100000,0.000000,0.000000,-1.571000,-0.210140,1.007197,0.245206,1.057701
14.820000,-0.090119,-0.007184,0.854961,-0.129694,0.006389,0.083180,-0.014096,0.000641,1.570365,-0.300000,1.000000,1.100000,0.000000,0.000000,-1.571000,-0.209881,1.007184,0.245039,1.057599
14.822000,-0.090379,-0.007172,0.855128,-0.129736,0.006390,0.083487,-0.014066,0.000642,1.570365,-0.300000,1.000000,1.100000,0.000000,0.000000,-1.571000,-0.209621,1.007172,0.244872,1.057496
14.824000,-0.090639,-0.007159,0.855295,-0.129777,0.006391,0.083795,-0.014036,0.000642,1.570365,-0.300000,1.000000,1.100000,0.000000,0.000000,-1.571000,-0.209361,1.007159,0.244705,1.057394
14.826000,-0.090899,-0.007146,0.855463,-0.129818,0.006393,0.084103,-0.014006,0.000643,1.570365,-0.300000,1.000000,1.100000,0.000000,0.000000,-1.571000,-0.209101,1.007146,0.244537,1.057291
14.828000,-0.091159,-0.007133,0.855632,-0.129858,0.006394,0.084410,-0.013977,0.000643,1.570365,-0.300000,1.000000,1.100000,0.000000,0.000000,-1.571000,-0.208841,1.007133,0.244368,1.057189
14.830000,-0.091419,-0.007120,0.855802,-0.129897,0.006395,0.084716,-0.013947,0.000644,1.570365,-0.300000,1.000000,1.100000,0.000000,0.000000,-1.571000,-0.208581,1.007120,0.244198,1.057086
14.832000,-0.091679,-0.007108,0.855972,-0.129935,0.006396,0.085019,-0.013917,0.000645,1.570365,-0.300000,1.000000,1.100000,0.000000,0.000000,-1.571000,-0.208321,1.007108,0.244028,1.056983
14.834000,-0.091939,-0.007095,0.856142,-0.129973,0.006397,0.085318,-0.013888,0.000645,1.570365,-0.300000,1.000000,1.100000,0.000000,0.000000,-1.571000,-0.208061,1.007095,0.243858,1.056880
14.836000,-0.092199,-0.007082,0.856314,-0.130010,0.006398,0.085615,-0.013858,0.000646,1.570365,-0.300000,1.000000,1.100000,0.000000,0.000000,-1.571000,-0.207801,1.007082,0.243686,1.056777
14.838000,-0.092460,-0.007069,0.856485,-0.130046,0.006400,0.085910,-0.013829,0.000647,1.570365,-0.300000,1.000000,1.100000,0.000000,0.000000,-1.571000,-0.207540,1.007069,0.243515,1.056674
14.840000,-0.092720,-0.007056,0.856658,-0.130082,0.006401,0.086202,-0.013799,0.000647,1.570365,-0.300000,1.000000,1.100000,0.000000,0.000000,-1.571000,-0.207280,1.007056,0.243342,1.056571
14.842000,-0.092981,-0.007044,0.856831,-0.130117,0.006402,0.086492,-0.013770,0.000648,1.570366,-0.300000,1.000000,1.100000,0.000000,0.000000,-1.571000,-0.207019,1.007044,0.243169,1.056468
14.844000,-0.093241,-0.007031,0.857004,-0.130151,0.006403,0.086780,-0.013741,0.000649,1.570366,-0.300000,1.000000,1.100000,0.000000,0.000000,-1.571000,-0.206759,1.007031,0.242996,1.056365
14.846000,-0.093502,-0.007018,0.857179,-0.130185,0.006405,0.087069,-0.013712,0.000650,1.570366,-0.300000,1.000000,1.100000,0.000000,0.000000,-1.571000,-0.206498,1.007018,0.242821,1.056262
14.848000,-0.093762,-0.007005,0.857353,-0.130218,0.006406,0.087358,-0.013683,0.000651,1.570365,-0.300000,1.000000,1.100000,0.000000,0.000000,-1.571000,-0.206238,1.007005,0.242647,1.056158
14.850000,-0.094023,-0.006992,0.857529,-0.130251,0.006407,0.087647,-0.013654,0.000652,1.570365,-0.300000,1.000000,1.100000,0.000000,0.000000,-1.571000,-0.205977,1.006992,0.242471,1.056055
14.852000,-0.094284,-0.006979,0.857705,-0.130282,0.006408,0.087935,-0.013625,0.000652,1.570365,-0.300000,1.000000,1.100000,0.000000,0.000000,-1.571000,-0.205716,1.006979,0.242295,1.055952
14.854000,-0.094545,-0.006967,0.857881,-0.130313,0.006410,0.088224,-0.013597,0.000653,1.570365,-0.300000,1.000000,1.100000,0.000000,0.000000,-1.571000,-0.205455,1.006967,0.242119,1.055848
14.856000,-0.094806,-0.006954,0.858058,-0.130344,0.006411,0.088511,-0.013568,0.000654,1.570365,-0.300000,1.000000,1.100000,0.000000,0.000000,-1.571000,-0.205194,1.006954,0.241942,1.055744
14.858000,-0.095067,-0.006941,0.858236,-0.130374,0.006412,0.088796,-0.013540,0.000655,1.570365,-0.300000,1.000000,1.100000,0.000000,0.000000,-1.571000,-0.204933,1.006941,0.241764,1.055641
14.860000,-0.095328,-0.006928,0.858414,-0.130403,0.006414,0.089078,-0.013512,0.000656,1.570365,-0.300000,1.000000,1.100000,0.000000,0.000000,-1.571000,-0.204672,1.006928,0.241586,1.055537
14.862000,-0.095589,-0.006915,0.858593,-0.130432,0.006415,0.089359,-0.013484,0.000656,1.570365,-0.300000,1.000000,1.100000,0.000000,0.000000,-1.571000,-0.204411,1.006915,0.241407,1.055433
14.864000,-0.095850,-0.006902,0.858772,-0.130460,0.006416,0.089638,-0.013456,0.000657,1.570365,-0.300000,1.000000,1.100000,0.000000,0.000000,-1.571000,-0.204150,1.006902,0.241228,1.055330
14.866000,-0.096111,-0.006890,0.858952,-0.130487,0.006418,0.089915,-0.013428,0.000658,1.570365,-0.300000,1.000000,1.100000,0.000000,0.000000,-1.571000,-0.203889,1.006890,0.241048,1.055226
14.868000,-0.096373,-0.006877,0.859132,-0.130514,0.006419,0.090190,-0.013400,0.000658,1.570365,-0.300000,1.000000,1.100000,0.000000,0.000000,-1.571000,-0.203627,1.006877,0.240868,1.055122
14.870000,-0.096634,-0.006864,0.859313,-0.130540,0.006421,0.090464,-0.013372,0.000659,1.570365,-0.300000,1.000000,1.100000,0.000000,0.000000,-1.571000,-0.203366,1.006864,0.240687,1.055018
14.872000,-0.096895,-0.006851,0.859495,-0.130565,0.006422,0.090737,-0.013344,0.000660,1.570365,-0.300000,1.000000,1.100000,0.000000,0.000000,-1.571000,-0.203105,1.006851,0.240505,1.054914
14.874000,-0.097157,-0.006838,0.859677,-0.130590,0.006423,0.091011,-0.013317,0.000660,1.570364,-0.300000,1.000000,1.100000,0.000000,0.000000,-1.571000,-0.202843,1.006838,0.240323,1.054810
14.876000,-0.097418,-0.006825,0.859859,-0.130614,0.006425,0.091283,-0.013289,0.000660,1.570364,-0.300000,1.000000,1.100000,0.000000,0.000000,-1.571000,-0.202582,1.006825,0.240141,1.054706
14.878000,-0.097680,-0.006812,0.860043,-0.130638,0.006426,0.091556,-0.013261,0.000660,1.570364,-0.300000,1.000000,1.100000,0.000000,0.000000,-1.571000,-0.202320,1.006812,0.239957,1.054601
14.880000,-0.097941,-0.006800,0.860226,-0.130661,0.006428,0.091828,-0.013234,0.000660,1.570364,-0.300000,1.000000,1.100000,0.000000,0.000000,-1.571000,-0.202059,1.006800,0.239774,1.054497
14.882000,-0.098203,-0.006787,0.860411,-0.130684,0.006429,0.092099,-0.013206,0.000660,1.570364,-0.300000,1.000000,1.100000,0.000000,0.000000,-1.571000,-0.201797,1.006787,0.239589,1.054393
14.884000,-0.098465,-0.006774,0.860595,-0.130706,0.006430,0.092367,-0.013179,0.000659,1.570364,-0.300000,1.000000,1.100000,0.000000,0.000000,-1.571000,-0.201535,1.006774,0.239405,1.054289
14.886000,-0.098726,-0.006761,0.860781,-0.130727,0.006432,0.092633,-0.013152,0.000659,1.570365,-0.300000,1.000000,1.100000,0.000000,0.000000,-1.571000,-0.201274,1.006761,0.239219,1.054184
14.888000,-0.098988,-0.006748,0.860967,-0.130748,0.006433,0.092897,-0.013124,0.000658,1.570365,-0.300000,1.000000,1.100000,0.000000,0.000000,-1.571000,-0.201012,1.006748,0.239033,1.054080
14.890000,-0.099250,-0.006735,0.861153,-0.130768,0.006434,0.093159,-0.013097,0.000657,1.570365,-0.300000,1.000000,1.100000,0.000000,0.000000,-1.571000,-0.200750,1.006735,0.238847,1.053975
14.892000,-0.099512,-0.006722,0.861340,-0.130787,0.006436,0.093419,-0.013070,0.000656,1.570365,-0.300000,1.000000,1.100000,0.000000,0.000000,-1.571000,-0.200488,1.006722,0.238660,1.053871
14.894000,-0.099774,-0.006709,0.861527,-0.130806,0.006437,0.093677,-0.013043,0.000654,1.570365,-0.300000,1.000000,1.100000,0.000000,0.000000,-1.571000,-0.200226,1.006709,0.238473,1.053766
14.896000,-0.100035,-0.006696,0.861715,-0.130824,0.006438,0.093933,-0.013015,0.000653,1.570365,-0.300000,1.000000,1.100000,0.000000,0.000000,-1.571000,-0.199965,1.006696,0.238285,1.053662
14.898000,-0.100297,-0.006684,0.861904,-0.130842,0.006440,0.094189,-0.012988,0.000651,1.570365,-0.300000,1.000000,1.100000,0.000000,0.000000,-1.571000,-0.199703,1.006684,0.238096,1.053557
14.900000,-0.100559,-0.006671,0.862093,-0.130859,0.006441,0.094443,-0.012961,0.000649,1.570365,-0.300000,1.000000,1.100000,0.000000,0.000000,-1.571000,-0.199441,1.006671,0.237907,1.053453
14.902000,-0.100821,-0.006658,0.862282,-0.130875,0.006442,0.094698,-0.012933,0.000647,1.570365,-0.300000,1.000000,1.100000,0.000000,0.000000,-1.571000,-0.199179,1.006658,0.237718,1.053348
14.904000,-0.101083,-0.006645,0.862472,-0.130891,0.006443,0.094953,-0.012906,0.000645,1.570365,-0.300000,1.000000,1.100000,0.000000,0.000000,-1.571000,-0.198917,1.006645,0.237528,1.053243
14.906000,-0.101345,-0.006632,0.862662,-0.130907,0.006444,0.095208,-0.012878,0.000642,1.570365,-0.300000,1.000000,1.100000,0.000000,0.000000,-1.571000,-0.198655,1.006632,0.237338,1.053139
14.908000,-0.101608,-0.006619,0.862853,-0.130922,0.006445,0.095463,-0.012851,0.000640,1.570365,-0.300000,1.000000,1.100000,0.000000,0.000000,-1.571000,-0.198392,1.006619,0.237147,1.053034
14.910000,-0.101870,-0.006606,0.863045,-0.130936,0.006446,0.095716,-0.012823,0.000637,1.570365,-0.300000,1.000000,1.100000,0.000000,0.000000,-1.571000,-0.198130,1.006606,0.236955,1.052929
14.912000,-0.102132,-0.006593,0.863237,-0.130949,0.006447,0.095967,-0.012796,0.000634,1.570365,-0.300000,1.000000,1.100000,0.000000,0.000000,-1.571000,-0.197868,1.006593,0.236763,1.052824
14.914000,-0.102394,-0.006580,0.863429,-0.130962,0.006448,0.096216,-0.012768,0.000631,1.570365,-0.300000,1.000000,1.100000,0.000000,0.000000,-1.571000,-0.197606,1.006580,0.236571,1.052719
14.916000,-0.102656,-0.006567,0.863622,-0.130975,0.006448,0.096464,-0.012741,0.000628,1.570365,-0.300000,1.000000,1.100000,0.000000,0.000000,-1.571000,-0.197344,1.006567,0.236378,1.052614
14.918000,-0.102918,-0.006555,0.863816,-0.130987,0.006449,0.096709,-0.012713,0.000624,1.570365,-0.300000,1.000000,1.100000,0.000000,0.000000,-1.571000,-0.197082,1.006555,0.236184,1.052509
14.920000,-0.103181,-0.006542,0.864010,-0.130998,0.006450,0.096953,-0.012685,0.000621,1.570365,-0.300000,1.000000,1.100000,0.000000,0.000000,-1.571000,-0.196819,1.006542,0.235990,1.052405
14.922000,-0.103443,-0.006529,0.864204,-0.131008,0.006450,0.097194,-0.012658,0.000617,1.570365,-0.300000,1.000000,1.100000,0.000000,0.000000,-1.571000,-0.196557,1.006529,0.235796,1.052300
14.924000,-0.103705,-0.006516,0.864399,-0.131019,0.006451,0.097434,-0.012630,0.000613,1.570365,-0.300000,1.000000,1.100000,0.000000,0.000000,-1.571000,-0.196295,1.006516,0.235601,1.052195
14.926000,-0.103968,-0.006503,0.864595,-0.131028,0.006451,0.097672,-0.012602,0.000609,1.570365,-0.300000,1.000000,1.100000,0.000000,0.000000,-1.571000,-0.196032,1.006503,0.235405,1.052090
14.928000,-0.104230,-0.006490,0.864791,-0.131037,0.006452,0.097910,-0.012574,0.000605,1.570365,-0.300000,1.000000,1.100000,0.000000,0.000000,-1.571000,-0.195770,1.006490,0.235209,1.051985
14.930000,-0.104492,-0.006477,0.864987,-0.131045,0.006452,0.098147,-0.012546,0.000601,1.570365,-0.300000,1.000000,1.100000,0.000000,0.000000,-1.571000,-0.195508,1.006477,0.235013,1.051880
14.932000,-0.104755,-0.006464,0.865184,-0.131053,0.006452,0.098385,-0.012518,0.000597,1.570365,-0.300000,1.000000,1.100000,0.000000,0.000000,-1.571000,-0.195245,1.006464,0.234816,1.051774
14.934000,-0.105017,-0.006451,0.865381,-0.131060,0.006452,0.098622,-0.012489,0.000593,1.570365,-0.300000,1.000000,1.100000,0.000000,0.000000,-1.571000,-0.194983,1.006451,0.234619,1.051669
14.936000,-0.105279,-0.006438,0.865579,-0.131067,0.006452,0.098857,-0.012461,0.000588,1.570365,-0.300000,1.000000,1.100000,0.000000,0.000000,-1.571000,-0.194721,1.006438,0.234421,1.051564
14.938000,-0.105542,-0.006425,0.865777,-0.131073,0.006452,0.099090,-0.012433,0.000584,1.570365,-0.300000,1.000000,1.100000,0.000000,0.000000,-1.571000,-0.194458,1.006425,0.234223,1.051459
14.940000,-0.105804,-0.006413,0.865976,-0.131078,0.006452,0.099321,-0.012404,0.000579,1.570365,-0.300000,1.000000,1.100000,0.000000,0.000000,-1.571000,-0.194196,1.006413,0.234024,1.051354
14.942000,-0.106067,-0.006400,0.866175,-0.131083,0.006451,0.099550,-0.012376,0.000575,1.570365,-0.300000,1.000000,1.100000,0.000000,0.000000,-1.571000,-0.193933,1.006400,0.233825,1.051249
14.944000,-0.106329,-0.006387,0.866375,-0.131087,0.006451,0.099778,-0.012348,0.000570,1.570365,-0.300000,1.000000,1.100000,0.000000,0.000000,-1.571000,-0.193671,1.006387,0.233625,1.051144
14.946000,-0.106592,-0.006374,0.866575,-0.131090,0.006450,0.100004,-0.012319,0.000566,1.570365,-0.300000,1.000000,1.100000,0.000000,0.000000,-1.571000,-0.193408,1.006374,0.233425,1.051039
14.948000,-0.106854,-0.006361,0.866775,-0.131093,0.006450,0.100229,-0.012291,0.000561,1.570365,-0.300000,1.000000,1.100000,0.000000,0.000000,-1.571000,-0.193146,1.006361,0.233225,1.050934
14.950000,-0.107116,-0.006348,0.866976,-0.131096,0.006449,0.100453,-0.012263,0.000556,1.570365,-0.300000,1.000000,1.100000,0.000000,0.000000,-1.571000,-0.192884,1.006348,0.233024,1.050828
14.952000,-0.107379,-0.006335,0.867178,-0.131098,0.006448,0.100676,-0.012235,0.000552,1.570366,-0.300000,1.000000,1.100000,0.000000,0.000000,-1.571000,-0.192621,1.006335,0.232822,1.050723
14.954000,-0.107641,-0.006322,0.867380,-0.131099,0.006448,0.100897,-0.012207,0.000547,1.570366,-0.300000,1.000000,1.100000,0.000000,0.000000,-1.571000,-0.192359,1.006322,0.232620,1.050618
14.956000,-0.107904,-0.006309,0.867582,-0.131100,0.006447,0.101118,-0.012179,0.000542,1.570366,-0.300000,1.000000,1.100000,0.000000,0.000000,-1.571000,-0.192096,1.006309,0.232418,1.050513
14.958000,-0.108166,-0.006296,0.867785,-0.131100,0.006446,0.101336,-0.012151,0.000537,1.570366,-0.300000,1.000000,1.100000,0.000000,0.000000,-1.571000,-0.191834,1.006296,0.232215,1.050408
14.960000,-0.108429,-0.006283,0.867988,-0.131100,0.006444,0.101555,-0.012124,0.000533,1.570366,-0.300000,1.000000,1.100000,0.000000,0.000000,-1.571000,-0.191571,1.006283,0.232012,1.050303
14.962000,-0.108691,-0.006271,0.868192,-0.131099,0.006443,0.101773,-0.012096,0.000528,1.570366,-0.300000,1.000000,1.100000,0.000000,0.000000,-1.571000,-0.191309,1.006271,0.231808,1.050197
14.964000,-0.108954,-0.006258,0.868396,-0.131097,0.006442,0.101989,-0.012068,0.000524,1.570366,-0.300000,1.000000,1.100000,0.000000,0.000000,-1.571000,-0.191046,1.006258,0.231604,1.050092
14.966000,-0.109216,-0.006245,0.868600,-0.131095,0.006441,0.102204,-0.012041,0.000519,1.570366,-0.300000,1.000000,1.100000,0.000000,0.000000,-1.571000,-0.190784,1.006245,0.231400,1.049987
14.968000,-0.109479,-0.006232,0.868805,-0.131092,0.006439,0.102418,-0.012013,0.000515,1.570366,-0.300000,1.000000,1.100000,0.000000,0.000000,-1.571000,-0.190521,1.006232,0.231195,1.049882
14.970000,-0.109741,-0.006219,0.869011,-0.131089,0.006437,0.102631,-0.011985,0.000510,1.570366,-0.300000,1.000000,1.100000,0.000000,0.000000,-1.571000,-0.190259,1.006219,0.230989,1.049777
14.972000,-0.110003,-0.006206,0.869216,-0.131085,0.006436,0.102843,-0.011958,0.000506,1.570366,-0.300000,1.000000,1.100000,0.000000,0.000000,-1.571000,-0.189997,1.006206,0.230784,1.049672
14.974000,-0.110266,-0.006193,0.869423,-0.131081,0.006434,0.103054,-0.011931,0.000502,1.570366,-0.300000,1.000000,1.100000,0.000000,0.000000,-1.571000,-0.189734,1.006193,0.230577,1.049566
14.976000,-0.110528,-0.006180,0.869629,-0.131076,0.006432,0.103264,-0.011904,0.000498,1.570366,-0.300000,1.000000,1.100000,0.000000,0.000000,-1.571000,-0.189472,1.006180,0.230371,1.049461
14.978000,-0.110791,-0.006167,0.869836,-0.131071,0.006430,0.103473,-0.011877,0.000493,1.570366,-0.300000,1.000000,1.100000,0.000000,0.000000,-1.571000,-0.189209,1.006167,0.230164,1.049356
14.980000,-0.111053,-0.006155,0.870044,-0.131065,0.006428,0.103681,-0.011850,0.000489,1.570366,-0.300000,1.000000,1.100000,0.000000,0.000000,-1.571000,-0.188947,1.006155,0.229956,1.049251
14.982000,-0.111315,-0.006142,0.870252,-0.131058,0.006426,0.103888,-0.011823,0.000485,1.570366,-0.300000,1.000000,1.100000,0.000000,0.000000,-1.571000,-0.188685,1.006142,0.229748,1.049146
14.984000,-0.111578,-0.006129,0.870460,-0.131051,0.006424,0.104095,-0.011796,0.000482,1.570366,-0.300000,1.000000,1.100000,0.000000,0.000000,-1.571000,-0.188422,1.006129,0.229540,1.049041
14.986000,-0.111840,-0.006116,0.870669,-0.131044,0.006422,0.104301,-0.011770,0.000478,1.570366,-0.300000,1.000000,1.100000,0.000000,0.000000,-1.571000,-0.188160,1.006116,0.229331,1.048936
14.988000,-0.112102,-0.006103,0.870878,-0.131036,0.006420,0.104505,-0.011743,0.000474,1.570366,-0.300000,1.000000,1.100000,0.000000,0.000000,-1.571000,-0.187898,1.006103,0.229122,1.048831
14.990000,-0.112365,-0.006090,0.871087,-0.131027,0.006417,0.104707,-0.011717,0.000471,1.570366,-0.300000,1.000000,1.100000,0.000000,0.000000,-1.571000,-0.187635,1.006090,0.228913,1.048726
14.992000,-0.112627,-0.006077,0.871297,-0.131018,0.006415,0.104908,-0.011691,0.000467,1.570366,-0.300000,1.000000,1.100000,0.000000,0.000000,-1.571000,-0.187373,1.006077,0.228703,1.048621
14.994000,-0.112889,-0.006065,0.871507,-0.131009,0.006412,0.105107,-0.011664,0.000464,1.570366,-0.300000,1.000000,1.100000,0.000000,0.000000,-1.571000,-0.187111,1.006065,0.228493,1.048516
14.996000,-0.113152,-0.006052,0.871718,-0.130999,0.006410,0.105305,-0.011638,0.000461,1.570366,-0.300000,1.000000,1.100000,0.000000,0.000000,-1.571000,-0.186848,1.006052,0.228282,1.048411
14.998000,-0.113414,-0.006039,0.871929,-0.130988,0.006407,0.105501,-0.011612,0.000457,1.570366,-0.300000,1.000000,1.100000,0.000000,0.000000,-1.571000,-0.186586,1.006039,0.228071,1.048306
15.000000,-0.113676,-0.006026,0.872141,-0.130977,0.006405,0.105697,-0.011586,0.000454,1.570366,-0.300000,1.000000,1.100000,0.000000,0.000000,-1.571000,-0.186324,1.006026,0.227859,1.048201
15.002000,-0.113938,-0.006013,0.872353,-0.130965,0.006402,0.105891,-0.011560,0.000452,1.570366,-0.300000,1.000000,1.100000,0.000000,0.000000,-1.571000,-0.186062,1.006013,0.227647,1.048096
15.004000,-0.114201,-0.006000,0.872565,-0.130953,0.006399,0.106084,-0.011534,0.000449,1.570366,-0.300000,1.000000,1.100000,0.000000,0.000000,-1.571000,-0.185799,1.006000,0.227435,1.047991
15.006000,-0.114463,-0.005988,0.872778,-0.130940,0.006396,0.106277,-0.011508,0.000446,1.570366,-0.300000,1.000000,1.100000,0.000000,0.000000,-1.571000,-0.185537,1.005988,0.227222,1.047886
15.008000,-0.114725,-0.005975,0.872991,-0.130927,0.006393,0.106468,-0.011482,0.000444,1.570366,-0.300000,1.000000,1.100000,0.000000,0.000000,-1.571000,-0.185275,1.005975,0.227009,1.047781
15.010000,-0.114987,-0.005962,0.873204,-0.130913,0.006391,0.106659,-0.011456,0.000441,1.570367,-0.300000,1.000000,1.100000,0.000000,0.000000,-1.571000,-0.185013,1.005962,0.226796,1.047676
15.012000,-0.115249,-0.005949,0.873418,-0.130899,0.006388,0.106849,-0.011430,0.000439,1.570367,-0.300000,1.000000,1.100000,0.000000,0.000000,-1.571000,-0.184751,1.005949,0.226582,1.047572
15.014000,-0.115511,-0.005936,0.873632,-0.130885,0.006385,0.107038,-0.011404,0.000437,1.570367,-0.300000,1.000000,1.100000,0.000000,0.000000,-1.571000,-0.184489,1.005936,0.226368,1.047467
15.016000,-0.115773,-0.005924,0.873847,-0.130869,0.006382,0.107226,-0.011379,0.000434,1.570367,-0.300000,1.000000,1.100000,0.000000,0.000000,-1.571000,-0.184227,1.005924,0.226153,1.047362
15.018000,-0.116035,-0.005911,0.874062,-0.130854,0.006378,0.107412,-0.011353,0.000432,1.570367,-0.300000,1.000000,1.100000,0.000000,0.000000,-1.571000,-0.183965,1.005911,0.225938,1.047257
15.020000,-0.116297,-0.005898,0.874277,-0.130838,0.006375,0.107596,-0.011328,0.000431,1.570367,-0.300000,1.000000,1.100000,0.000000,0.000000,-1.571000,-0.183703,1.005898,0.225723,1.047153
15.022000,-0.116559,-0.005885,0.874493,-0.130821,0.006372,0.107778,-0.011302,0.000429,1.570367,-0.300000,1.000000,1.100000,0.000000,0.000000,-1.571000,-0.183441,1.005885,0.225507,1.047048
15.024000,-0.116821,-0.005873,0.874709,-0.130804,0.006369,0.107960,-0.011276,0.000427,1.570367,-0.300000,1.000000,1.100000,0.000000,0.000000,-1.571000,-0.183179,1.005873,0.225291,1.046943
15.026000,-0.117083,-0.005860,0.874925,-0.130786,0.006366,0.108141,-0.011251,0.000426,1.570367,-0.300000,1.000000,1.100000,0.000000,0.000000,-1.571000,-0.182917,1.005860,0.225075,1.046839
15.028000,-0.117344,-0.005847,0.875142,-0.130768,0.006363,0.108323,-0.011226,0.000424,1.570367,-0.300000,1.000000,1.100000,0.000000,0.000000,-1.571000,-0.182656,1.005847,0.224858,1.046734
15.030000,-0.117606,-0.005834,0.875359,-0.130750,0.006359,0.108505,-0.011200,0.000423,1.570367,-0.300000,1.000000,1.100000,0.000000,0.000000,-1.571000,-0.182394,1.005834,0.224641,1.046630
15.032000,-0.117868,-0.005822,0.875577,-0.130731,0.006356,0.108687,-0.011175,0.000422,1.570367,-0.300000,1.000000,1.100000,0.000000,0.000000,-1.571000,-0.182132,1.005822,0.224423,1.046525
15.034000,-0.118130,-0.005809,0.875794,-0.130711,0.006353,0.108868,-0.011149,0.000421,1.570367,-0.300000,1.000000,1.100000,0.000000,0.000000,-1.571000,-0.181870,1.005809,0.224206,1.046421
15.036000,-0.118391,-0.005796,0.876013,-0.130691,0.006350,0.109049,-0.011124,0.000420,1.570367,-0.300000,1.000000,1.100000,0.000000,0.000000,-1.571000,-0.181609,1.005796,0.223987,1.046317
15.038000,-0.118653,-0.005784,0.876231,-0.130671,0.006346,0.109230,-0.011098,0.000419,1.570367,-0.300000,1.000000,1.100000,0.000000,0.000000,-1.571000,-0.181347,1.005784,0.223769,1.046212
15.040000,-0.118914,-0.005771,0.876450,-0.130650,0.006343,0.109411,-0.011073,0.000418,1.570367,-0.300000,1.000000,1.100000,0.000000,0.000000,-1.571000,-0.181086,1.005771,0.223550,1.046108
15.042000,-0.119176,-0.005758,0.876669,-0.130628,0.006340,0.109590,-0.011047,0.000418,1.570367,-0.300000,1.000000,1.100000,0.000000,0.000000,-1.571000,-0.180824,1.005758,0.223331,1.046004
15.044000,-0.119437,-0.005745,0.876889,-0.130607,0.006336,0.109767,-0.011021,0.000417,1.570367,-0.300000,1.000000,1.100000,0.000000,0.000000,-1.571000,-0.180563,1.005745,0.223111,1.045899
15.046000,-0.119699,-0.005733,0.877109,-0.130584,0.006333,0.109941,-0.010996,0.000417,1.570367,-0.300000,1.000000,1.100000,0.000000,0.000000,-1.571000,-0.180301,1.005733,0.222891,1.045795
15.048000,-0.119960,-0.005720,0.877330,-0.130561,0.006330,0.110114,-0.010970,0.000416,1.570367,-0.300000,1.000000,1.100000,0.000000,0.000000,-1.571000,-0.180040,1.005720,0.222670,1.045691
15.050000,-0.120222,-0.005707,0.877550,-0.130538,0.006326,0.110284,-0.010944,0.000416,1.570367,-0.300000,1.000000,1.100000,0.000000,0.000000,-1.571000,-0.179778,1.005707,0.222450,1.045587
15.052000,-0.120483,-0.005695,0.877771,-0.130514,0.006323,0.110453,-0.010919,0.000416,1.570367,-0.300000,1.000000,1.100000,0.000000,0.000000,-1.571000,-0.179517,1.005695,0.222229,1.045483
15.054000,-0.120744,-0.005682,0.877993,-0.130490,0.006320,0.110620,-0.010893,0.000416,1.570367,-0.300000,1.000000,1.100000,0.000000,0.000000,-1.571000,-0.179256,1.005682,0.222007,1.045379
15.056000,-0.121005,-0.005670,0.878214,-0.130465,0.006316,0.110786,-0.010868,0.000416,1.570367,-0.300000,1.000000,1.100000,0.000000,0.000000,-1.571000,-0.178995,1.005670,0.221786,1.045275
15.058000,-0.121267,-0.005657,0.878436,-0.130440,0.006313,0.110952,-0.010842,0.000415,1.570367,-0.300000,1.000000,1.100000,0.000000,0.000000,-1.571000,-0.178733,1.005657,0.221564,1.045171
15.060000,-0.121528,-0.005644,0.878659,-0.130414,0.006310,0.111118,-0.010817,0.000415,1.570367,-0.300000,1.000000,1.100000,0.000000,0.000000,-1.571000,-0.178472,1.005644,0.221341,1.045067
15.062000,-0.121789,-0.005632,0.878881,-0.130388,0.006306,0.111285,-0.010791,0.000415,1.570367,-0.300000,1.000000,1.100000,0.000000,0.000000,-1.571000,-0.178211,1.005632,0.221119,1.044963
15.064000,-0.122050,-0.005619,0.879105,-0.130361,0.006303,0.111452,-0.010766,0.000415,1.570367,-0.300000,1.000000,1.100000,0.000000,0.000000,-1.571000,-0.177950,1.005619,0.220895,1.044859
15.066000,-0.122311,-0.005606,0.879328,-0.130334,0.006300,0.111619,-0.010740,0.000415,1.570367,-0.300000,1.000000,1.100000,0.000000,0.000000,-1.571000,-0.177689,1.005606,0.220672,1.044755
15.068000,-0.122571,-0.005594,0.879552,-0.130307,0.006296,0.111785,-0.010714,0.000416,1.570367,-0.300000,1.000000,1.100000,0.000000,0.000000,-1.571000,-0.177429,1.005594,0.220448,1.044652
15.070000,-0.122832,-0.005581,0.879776,-0.130279,0.006293,0.111950,-0.010689,0.000416,1.570367,-0.300000,1.000000,1.100000,0.000000,0.000000,-1.571000,-0.177168,1.005581,0.220224,1.044548
15.072000,-0.123093,-0.005569,0.880000,-0.130250,0.006290,0.112113,-0.010663,0.000416,1.570367,-0.300000,1.000000,1.100000,0.000000,0.000000,-1.571000,-0.176907,1.005569,0.220000,1.044444
15.074000,-0.123354,-0.005556,0.880225,-0.130221,0.006287,0.112273,-0.010637,0.000416,1.570367,-0.300000,1.000000,1.100000,0.000000,0.000000,-1.571000,-0.176646,1.005556,0.219775,1.044341
15.076000,-0.123614,-0.005543,0.880450,-0.130192,0.006283,0.112431,-0.010612,0.000416,1.570367,-0.300000,1.000000,1.100000,0.000000,0.000000,-1.571000,-0.176386,1.005543,0.219550,1.044237
15.078000,-0.123875,-0.005531,0.880675,-0.130162,0.006280,0.112587,-0.010586,0.000417,1.570367,-0.300000,1.000000,1.100000,0.000000,0.000000,-1.571000,-0.176125,1.005531,0.219325,1.044134
15.080000,-0.124136,-0.005518,0.880901,-0.130132,0.006277,0.112741,-0.010561,0.000417,1.570367,-0.300000,1.000000,1.100000,0.000000,0.000000,-1.571000,-0.175864,1.005518,0.219099,1.044031
15.082000,-0.124396,-0.005506,0.881127,-0.130101,0.006274,0.112893,-0.010535,0.000417,1.570367,-0.300000,1.000000,1.100000,0.000000,0.000000,-1.571000,-0.175604,1.005506,0.218873,1.043927
15.084000,-0.124657,-0.005493,0.881353,-0.130069,0.006270,0.113044,-0.010509,0.000418,1.570367,-0.300000,1.000000,1.100000,0.000000,0.000000,-1.571000,-0.175343,1.005493,0.218647,1.043824
15.086000,-0.124917,-0.005481,0.881579,-0.130038,0.006267,0.113194,-0.010484,0.000418,1.570367,-0.300000,1.000000,1.100000,0.000000,0.000000,-1.571000,-0.175083,1.005481,0.218421,1.043721
15.088000,-0.125177,-0.005468,0.881806,-0.130005,0.006264,0.113342,-0.010459,0.000418,1.570367,-0.300000,1.000000,1.100000,0.000000,0.000000,-1.571000,-0.174823,1.005468,0.218194,1.043618
15.090000,-0.125437,-0.005456,0.882033,-0.129973,0.006261,0.113490,-0.010433,0.000419,1.570367,-0.300000,1.000000,1.100000,0.000000,0.000000,-1.571000,-0.174563,1.005456,0.217967,1.043514
15.092000,-0.125698,-0.005443,0.882261,-0.129939,0.006258,0.113637,-0.010408,0.000419,1.570367,-0.300000,1.000000,1.100000,0.000000,0.000000,-1.571000,-0.174302,1.005443,0.217739,1.043411
15.094000,-0.125958,-0.005430,0.882489,-0.129906,0.006254,0.113785,-0.010383,0.000419,1.570367,-0.300000,1.000000,1.100000,0.000000,0.000000,-1.571000,-0.174042,1.005430,0.217511,1.043308
15.096000,-0.126218,-0.005418,0.882717,-0.129872,0.006251,0.113933,-0.010358,0.000420,1.570367,-0.300000,1.000000,1.100000,0.000000,0.000000,-1.571000,-0.173782,1.005418,0.217283,1.043205
15.098000,-0.126478,-0.005405,0.882945,-0.129837,0.006248,0.114081,-0.010333,0.000420,1.570367,-0.300000,1.000000,1.100000,0.000000,0.000000,-1.571000,-0.173522,1.005405,0.217055,1.043103
15.100000,-0.126737,-0.005393,0.883173,-0.129803,0.006245,0.114228,-0.010308,0.000421,1.570367,-0.300000,1.000000,1.100000,0.000000,0.000000,-1.571000,-0.173263,1.005393,0.216827,1.043000
15.102000,-0.126997,-0.005380,0.883402,-0.129767,0.006242,0.114373,-0.010282,0.000421,1.570367,-0.300000,1.000000,1.100000,0.000000,0.000000,-1.571000,-0.173003,1.005380,0.216598,1.042897
15.104000,-0.127257,-0.005368,0.883632,-0.129731,0.006239,0.114516,-0.010257,0.000422,1.570367,-0.300000,1.000000,1.100000,0.000000,0.000000,-1.571000,-0.172743,1.005368,0.216368,1.042794
15.106000,-0.127517,-0.005355,0.883861,-0.129695,0.006236,0.114658,-0.010232,0.000422,1.570367,-0.300000,1.000000,1.100000,0.000000,0.000000,-1.571000,-0.172483,1.005355,0.216139,1.042692
15.108000,-0.127776,-0.005343,0.884091,-0.129659,0.006233,0.114798,-0.010206,0.000423,1.570367,-0.300000,1.000000,1.100000,0.000000,0.000000,-1.571000,-0.172224,1.005343,0.215909,1.042589
15.110000,-0.128036,-0.005331,0.884321,-0.129621,0.006230,0.114938,-0.010181,0.000423,1.570367,-0.300000,1.000000,1.100000,0.000000,0.000000,-1.571000,-0.171964,1.005331,0.215679,1.042487
15.112000,-0.128295,-0.005318,0.884551,-0.129584,0.006227,0.115076,-0.010156,0.000424,1.570367,-0.300000,1.000000,1.100000,0.000000,0.000000,-1.571000,-0.171705,1.005318,0.215449,1.042384
15.114000,-0.128555,-0.005306,0.884782,-0.129546,0.006224,0.115214,-0.010130,0.000424,1.570367,-0.300000,1.000000,1.100000,0.000000,0.000000,-1.571000,-0.171445,1.005306,0.215218,1.042282
15.116000,-0.128814,-0.005293,0.885013,-0.129507,0.006221,0.115351,-0.010105,0.000425,1.570367,-0.300000,1.000000,1.100000,0.000000,0.000000,-1.571000,-0.171186,1.005293,0.214987,1.042180
15.118000,-0.129073,-0.005281,0.885244,-0.129468,0.006218,0.115487,-0.010080,0.000425,1.570367,-0.300000,1.000000,1.100000,0.000000,0.000000,-1.571000,-0.170927,1.005281,0.214756,1.042077
15.120000,-0.129332,-0.005268,0.885475,-0.129429,0.006215,0.115622,-0.010055,0.000425,1.570366,-0.300000,1.000000,1.100000,0.000000,0.000000,-1.571000,-0.170668,1.005268,0.214525,1.041975
15.122000,-0.129591,-0.005256,0.885707,-0.129389,0.006212,0.115757,-0.010030,0.000426,1.570366,-0.300000,1.000000,1.100000,0.000000,0.000000,-1.571000,-0.170409,1.005256,0.214293,1.041873
15.124000,-0.129850,-0.005243,0.885939,-0.129349,0.006209,0.115891,-0.010005,0.000426,1.570366,-0.300000,1.000000,1.100000,0.000000,0.000000,-1.571000,-0.170150,1.005243,0.214061,1.041771
15.126000,-0.130109,-0.005231,0.886171,-0.129308,0.006206,0.116024,-0.009980,0.000426,1.570367,-0.300000,1.000000,1.100000,0.000000,0.000000,-1.571000,-0.169891,1.005231,0.213829,1.041669
15.128000,-0.130368,-0.005219,0.886403,-0.129267,0.006203,0.116153,-0.009955,0.000426,1.570367,-0.300000,1.000000,1.100000,0.000000,0.000000,-1.571000,-0.169632,1.005219,0.213597,1.041567
15.130000,-0.130627,-0.005206,0.886636,-0.129226,0.006200,0.116281,-0.009930,0.000427,1.570367,-0.300000,1.000000,1.100000,0.000000,0.000000,-1.571000,-0.169373,1.005206,0.213364,1.041466
15.132000,-0.130885,-0.005194,0.886869,-0.129184,0.006197,0.116409,-0.009905,0.000427,1.570367,-0.300000,1.000000,1.100000,0.000000,0.000000,-1.571000,-0.169115,1.005194,0.213131,1.041364
15.134000,-0.131144,-0.005181,0.887102,-0.129142,0.006194,0.116536,-0.009880,0.000427,1.570367,-0.300000,1.000000,1.100000,0.000000,0.000000,-1.571000,-0.168856,1.005181,0.212898,1.041262
15.136000,-0.131402,-0.005169,0.887336,-0.129099,0.006191,0.116662,-0.009855,0.000427,1.570367,-0.300000,1.000000,1.100000,0.000000,0.000000,-1.571000,-0.168598,1.005169,0.212664,1.041161
15.138000,-0.131661,-0.005156,0.887570,-0.129056,0.006188,0.116788,-0.009830,0.000427,1.570367,-0.300000,1.000000,1.100000,0.000000,0.000000,-1.571000,-0.168339,1.005156,0.212430,1.041059
15.140000,-0.131919,-0.005144,0.887804,-0.129012,0.006186,0.116912,-0.009805,0.000427,1.570367,-0.300000,1.000000,1.100000,0.000000,0.000000,-1.571000,-0.168081,1.005144,0.212196,1.040958
15.142000,-0.132177,-0.005132,0.888038,-0.128968,0.006183,0.117036,-0.009780,0.000427,1.570367,-0.300000,1.000000,1.100000,0.000000,0.000000,-1.571000,-0.167823,1.005132,0.211962,1.040856
15.144000,-0.132435,-0.005119,0.888272,-0.128924,0.006180,0.117159,-0.009755,0.000427,1.570367,-0.300000,1.000000,1.100000,0.000000,0.000000,-1.571000,-0.167565,1.005119,0.211728,1.040755
15.146000,-0.132694,-0.005107,0.888507,-0.128879,0.006177,0.117282,-0.009730,0.000427,1.570367,-0.300000,1.000000,1.100000,0.000000,0.000000,-1.571000,-0.167306,1.005107,0.211493,1.040654
15.148000,-0.132951,-0.005095,0.888742,-0.128833,0.006174,0.117404,-0.009705,0.000427,1.570367,-0.300000,1.000000,1.100000,0.000000,0.000000,-1.571000,-0.167049,1.005095,0.211258,1.040553
15.150000,-0.133209,-0.005082,0.888977,-0.128788,0.006171,0.117526,-0.009680,0.000427,1.570367,-0.300000,1.000000,1.100000,0.000000,0.000000,-1.571000,-0.166791,1.005082,0.211023,1.040452
15.152000,-0.133467,-0.005070,0.889213,-0.128741,0.006168,0.117647,-0.009655,0.000427,1.570367,-0.300000,1.000000,1.100000,0.000000,0.000000,-1.571000,-0.166533,1.005070,0.210787,1.040351
15.154000,-0.133725,-0.005058,0.889449,-0.128695,0.006165,0.117767,-0.009630,0.000427,1.570367,-0.300000,1.000000,1.100000,0.000000,0.000000,-1.571000,-0.166275,1.005058,0.210551,1.040250
15.156000,-0.133982,-0.005045,0.889684,-0.128648,0.006163,0.117884,-0.009606,0.000427,1.570367,-0.300000,1.000000,1.100000,0.000000,0.000000,-1.571000,-0.166018,1.005045,0.210316,1.040149
15.158000,-0.134240,-0.005033,0.889921,-0.128600,0.006160,0.118000,-0.009581,0.000427,1.570367,-0.300000,1.000000,1.100000,0.000000,0.000000,-1.571000,-0.165760,1.005033,0.210079,1.040049
15.160000,-0.134497,-0.005021,0.890157,-0.128553,0.006157,0.118113,-0.009557,0.000427,1.570367,-0.300000,1.000000,1.100000,0.000000,0.000000,-1.571000,-0.165503,1.005021,0.209843,1.039948
15.162000,-0.134754,-0.005008,0.890394,-0.128504,0.006154,0.118225,-0.009532,0.000427,1.570367,-0.300000,1.000000,1.100000,0.000000,0.000000,-1.571000,-0.165246,1.005008,0.209606,1.039847
15.164000,-0.135012,-0.004996,0.890631,-0.128456,0.006151,0.118335,-0.009508,0.000427,1.570367,-0.300000,1.000000,1.100000,0.000000,0.000000,-1.571000,-0.164988,1.004996,0.209369,1.039747
15.166000,-0.135269,-0.004984,0.890868,-0.128407,0.006148,0.118443,-0.009483,0.000427,1.570367,-0.300000,1.000000,1.100000,0.000000,0.000000,-1.571000,-0.164731,1.004984,0.209132,1.039647
15.168000,-0.135526,-0.004971,0.891105,-0.128357,0.006146,0.118550,-0.009459,0.000427,1.570367,-0.300000,1.000000,1.100000,0.000000,0.000000,-1.571000,-0.164474,1.004971,0.208895,1.039546
15.170000,-0.135783,-0.004959,0.891342,-0.128307,0.006143,0.118655,-0.009435,0.000427,1.570367,-0.300000,1.000000,1.100000,0.000000,0.000000,-1.571000,-0.164217,1.004959,0.208658,1.039446
15.172000,-0.136039,-0.004947,0.891580,-0.128257,0.006140,0.118760,-0.009411,0.000427,1.570367,-0.300000,1.000000,1.100000,0.000000,0.000000,-1.571000,-0.163961,1.004947,0.208420,1.039346
15.174000,-0.136296,-0.004934,0.891818,-0.128207,0.006137,0.118865,-0.009387,0.000427,1.570367,-0.300000,1.000000,1.100000,0.000000,0.000000,-1.571000,-0.163704,1.004934,0.208182,1.039246
15.176000,-0.136553,-0.004922,0.892056,-0.128155,0.006134,0.118970,-0.009363,0.000427,1.570367,-0.300000,1.000000,1.100000,0.000000,0.000000,-1.571000,-0.163447,1.004922,0.207944,1.039146
15.178000,-0.136809,-0.004910,0.892294,-0.128104,0.006132,0.119075,-0.009339,0.000427,1.570367,-0.300000,1.000000,1.100000,0.000000,0.000000,-1.571000,-0.163191,1.004910,0.207706,1.039046
15.180000,-0.137066,-0.004898,0.892533,-0.128052,0.006129,0.119180,-0.009315,0.000428,1.570367,-0.300000,1.000000,1.100000,0.000000,0.000000,-1.571000,-0.162934,1.004898,0.207467,1.038946
15.182000,-0.137322,-0.004885,0.892772,-0.128000,0.006126,0.119285,-0.009292,0.000428,1.570367,-0.300000,1.000000,1.100000,0.000000,0.000000,-1.571000,-0.162678,1.004885,0.207228,1.038847
15.184000,-0.137578,-0.004873,0.893011,-0.127948,0.006123,0.119389,-0.009268,0.000428,1.570367,-0.300000,1.000000,1.100000,0.000000,0.000000,-1.571000,-0.162422,1.004873,0.206989,1.038747
15.186000,-0.137834,-0.004861,0.893250,-0.127895,0.006120,0.119490,-0.009245,0.000428,1.570367,-0.300000,1.000000,1.100000,0.000000,0.000000,-1.571000,-0.162166,1.004861,0.206750,1.038648
15.188000,-0.138090,-0.004849,0.893489,-0.127841,0.006118,0.119590,-0.009223,0.000429,1.570367,-0.300000,1.000000,1.100000,0.000000,0.000000,-1.571000,-0.161910,1.004849,0.206511,1.038548
15.190000,-0.138346,-0.004836,0.893729,-0.127788,0.006115,0.119687,-0.009200,0.000429,1.570367,-0.300000,1.000000,1.100000,0.000000,0.000000,-1.571000,-0.161654,1.004836,0.206271,1.038449
15.192000,-0.138602,-0.004824,0.893969,-0.127734,0.006112,0.119784,-0.009177,0.000429,1.570367,-0.300000,1.000000,1.100000,0.000000,0.000000,-1.571000,-0.161398,1.004824,0.206031,1.038350
15.194000,-0.138857,-0.004812,0.894209,-0.127679,0.006110,0.119878,-0.009155,0.000430,1.570367,-0.300000,1.000000,1.100000,0.000000,0.000000,-1.571000,-0.161143,1.004812,0.205791,1.038250
15.196000,-0.139113,-0.004800,0.894449,-0.127625,0.006107,0.119972,-0.009133,0.000430,1.570367,-0.300000,1.000000,1.100000,0.000000,0.000000,-1.571000,-0.160887,1.004800,0.205551,1.038151
15.198000,-0.139368,-0.004787,0.894689,-0.127569,0.006104,0.120065,-0.009111,0.000430,1.570367,-0.300000,1.000000,1.100000,0.000000,0.000000,-1.571000,-0.160632,1.004787,0.205311,1.038052
15.200000,-0.139624,-0.004775,0.894930,-0.127514,0.006101,0.120156,-0.009089,0.000430,1.570367,-0.300000,1.000000,1.100000,0.000000,0.000000,-1.571000,-0.160376,1.004775,0.205070,1.037954
15.202000,-0.139879,-0.004763,0.895170,-0.127458,0.006099,0.120246,-0.009067,0.000431,1.570367,-0.300000,1.000000,1.100000,0.000000,0.000000,-1.571000,-0.160121,1.004763,0.204830,1.037855
15.204000,-0.140134,-0.004751,0.895411,-0.127402,0.006096,0.120334,-0.009046,0.000431,1.570367,-0.300000,1.000000,1.100000,0.000000,0.000000,-1.571000,-0.159866,1.004751,0.204589,1.037756
15.206000,-0.140389,-0.004739,0.895652,-0.127346,0.006093,0.120422,-0.009024,0.000431,1.570367,-0.300000,1.000000,1.100000,0.000000,0.000000,-1.571000,-0.159611,1.004739,0.204348,1.037658
15.208000,-0.140644,-0.004726,0.895893,-0.127289,0.006091,0.120508,-0.009003,0.000431,1.570367,-0.300000,1.000000,1.100000,0.000000,0.000000,-1.571000,-0.159356,1.004726,0.204107,1.037559
15.210000,-0.140899,-0.004714,0.896135,-0.127232,0.006088,0.120594,-0.008982,0.000431,1.570367,-0.300000,1.000000,1.100000,0.000000,0.000000,-1.571000,-0.159101,1.004714,0.203865,1.037461
15.212000,-0.141153,-0.004702,0.896376,-0.127174,0.006086,0.120681,-0.008961,0.000431,1.570367,-0.300000,1.000000,1.100000,0.000000,0.000000,-1.571000,-0.158847,1.004702,0.203624,1.037363
15.214000,-0.141408,-0.004690,0.896618,-0.127117,0.006083,0.120768,-0.008940,0.000431,1.570367,-0.300000,1.000000,1.100000,0.000000,0.000000,-1.571000,-0.158592,1.004690,0.203382,1.037264
15.216000,-0.141662,-0.004678,0.896860,-0.127059,0.006080,0.120856,-0.008919,0.000431,1.570368,-0.300000,1.000000,1.100000,0.000000,0.000000,-1.571000,-0.158338,1.004678,0.203140,1.037166
15.218000,-0.141916,-0.004666,0.897102,-0.127000,0.006078,0.120942,-0.008898,0.000431,1.570368,-0.300000,1.000000,1.100000,0.000000,0.000000,-1.571000,-0.158084,1.004666,0.202898,1.037068
15.220000,-0.142171,-0.004653,0.897344,-0.126942,0.006075,0.121026,-0.008877,0.000430,1.570368,-0.300000,1.000000,1.100000,0.000000,0.000000,-1.571000,-0.157829,1.004653,0.202656,1.036971
15.222000,-0.142425,-0.004641,0.897587,-0.126883,0.006072,0.121109,-0.008856,0.000430,1.570368,-0.300000,1.000000,1.100000,0.000000,0.000000,-1.571000,-0.157575,1.004641,0.202413,1.036873
15.224000,-0.142678,-0.004629,0.897829,-0.126824,0.006070,0.121191,-0.008836,0.000430,1.570368,-0.300000,1.000000,1.100000,0.000000,0.000000,-1.571000,-0.157322,1.004629,0.202171,1.036775
15.226000,-0.142932,-0.004617,0.898072,-0.126764,0.006067,0.121273,-0.008815,0.000430,1.570368,-0.300000,1.000000,1.100000,0.000000,0.000000,-1.571000,-0.157068,1.004617,0.201928,1.036678
15.228000,-0.143186,-0.004605,0.898315,-0.126704,0.006064,0.121353,-0.008795,0.000429,1.570367,-0.300000,1.000000,1.100000,0.000000,0.000000,-1.571000,-0.156814,1.004605,0.201685,1.036580
15.230000,-0.143440,-0.004593,0.898558,-0.126644,0.006062,0.121433,-0.008775,0.000429,1.570367,-0.300000,1.000000,1.100000,0.000000,0.000000,-1.571000,-0.156560,1.004593,0.201442,1.036483
15.232000,-0.143693,-0.004580,0.898801,-0.126583,0.006059,0.121512,-0.008754,0.000429,1.570367,-0.300000,1.000000,1.100000,0.000000,0.000000,-1.571000,-0.156307,1.004580,0.201199,1.036385
15.234000,-0.143946,-0.004568,0.899045,-0.126523,0.006057,0.121591,-0.008734,0.000428,1.570367,-0.300000,1.000000,1.100000,0.000000,0.000000,-1.571000,-0.156054,1.004568,0.200955,1.036288
15.236000,-0.144200,-0.004556,0.899288,-0.126462,0.006054,0.121668,-0.008714,0.000428,1.570367,-0.300000,1.000000,1.100000,0.000000,0.000000,-1.571000,-0.155800,1.004556,0.200712,1.036191
15.238000,-0.144453,-0.004544,0.899532,-0.126400,0.006051,0.121744,-0.008694,0.000428,1.570367,-0.300000,1.000000,1.100000,0.000000,0.000000,-1.571000,-0.155547,1.004544,0.200468,1.036094
15.240000,-0.144706,-0.004532,0.899776,-0.126339,0.006049,0.121820,-0.008674,0.000427,1.570367,-0.300000,1.000000,1.100000,0.000000,0.000000,-1.571000,-0.155294,1.004532,0.200224,1.035997
15.242000,-0.144958,-0.004520,0.900020,-0.126277,0.006046,0.121894,-0.008655,0.000427,1.570367,-0.300000,1.000000,1.100000,0.000000,0.000000,-1.571000,-0.155042,1.004520,0.199980,1.035901
15.244000,-0.145211,-0.004508,0.900264,-0.126215,0.006043,0.121969,-0.008635,0.000427,1.570367,-0.300000,1.000000,1.100000,0.000000,0.000000,-1.571000,-0.154789,1.004508,0.199736,1.035804
15.246000,-0.145464,-0.004496,0.900508,-0.126152,0.006041,0.122041,-0.008615,0.000426,1.570367,-0.300000,1.000000,1.100000,0.000000,0.000000,-1.571000,-0.154536,1.004496,0.199492,1.035708
15.248000,-0.145716,-0.004484,0.900753,-0.126089,0.006038,0.122112,-0.008595,0.000426,1.570367,-0.300000,1.000000,1.100000,0.000000,0.000000,-1.571000,-0.154284,1.004484,0.199247,1.035611
15.250000,-0.145969,-0.004472,0.900997,-0.126026,0.006035,0.122180,-0.008575,0.000426,1.570367,-0.300000,1.000000,1.100000,0.000000,0.000000,-1.571000,-0.154031,1.004472,0.199003,1.035515
15.252000,-0.146221,-0.004459,0.901242,-0.125963,0.006033,0.122246,-0.008556,0.000425,1.570367,-0.300000,1.000000,1.100000,0.000000,0.000000,-1.571000,-0.153779,1.004459,0.198758,1.035419
15.254000,-0.146473,-0.004447,0.901487,-0.125899,0.006030,0.122312,-0.008536,0.000425,1.570367,-0.300000,1.000000,1.100000,0.000000,0.000000,-1.571000,-0.153527,1.004447,0.198513,1.035322
15.256000,-0.146725,-0.004435,0.901732,-0.125835,0.006027,0.122377,-0.008516,0.000425,1.570367,-0.300000,1.000000,1.100000,0.000000,0.000000,-1.571000,-0.153275,1.004435,0.198268,1.035227
15.258000,-0.146977,-0.004423,0.901977,-0.125771,0.006025,0.122442,-0.008496,0.000425,1.570367,-0.300000,1.000000,1.100000,0.000000,0.000000,-1.571000,-0.153023,1.004423,0.198023,1.035131
15.260000,-0.147228,-0.004411,0.902222,-0.125706,0.006022,0.122507,-0.008476,0.000424,1.570367,-0.300000,1.000000,1.100000,0.000000,0.000000,-1.571000,-0.152772,1.004411,0.197778,1.035035
15.262000,-0.147480,-0.004399,0.902467,-0.125642,0.006019,0.122572,-0.008457,0.000424,1.570367,-0.300000,1.000000,1.100000,0.000000,0.000000,-1.571000,-0.152520,1.004399,0.197533,1.034939
15.264000,-0.147731,-0.004387,0.902713,-0.125577,0.006017,0.122636,-0.008437,0.000424,1.570367,-0.300000,1.000000,1.100000,0.000000,0.000000,-1.571000,-0.152269,1.004387,0.197287,1.034844
15.266000,-0.147983,-0.004375,0.902958,-0.125511,0.006014,0.122700,-0.008418,0.000424,1.570367,-0.300000,1.000000,1.100000,0.000000,0.000000,-1.571000,-0.152017,1.004375,0.197042,1.034748
15.268000,-0.148234,-0.004363,0.903204,-0.125446,0.006011,0.122764,-0.008398,0.000423,1.570367,-0.300000,1.000000,1.100000,0.000000,0.000000,-1.571000,-0.151766,1.004363,0.196796,1.034653
15.270000,-0.148485,-0.004351,0.903450,-0.125380,0.006009,0.122827,-0.008379,0.000423,1.570367,-0.300000,1.000000,1.100000,0.000000,0.000000,-1.571000,-0.151515,1.004351,0.196550,1.034558
15.272000,-0.148736,-0.004339,0.903696,-0.125314,0.006006,0.122890,-0.008359,0.000423,1.570367,-0.300000,1.000000,1.100000,0.000000,0.000000,-1.571000,-0.151264,1.004339,0.196304,1.034463
15.274000,-0.148987,-0.004327,0.903942,-0.125247,0.006003,0.122952,-0.008340,0.000423,1.570367,-0.300000,1.000000,1.100000,0.000000,0.000000,-1.571000,-0.151013,1.004327,0.196058,1.034368
15.276000,-0.149237,-0.004315,0.904188,-0.125181,0.006001,0.123014,-0.008321,0.000423,1.570367,-0.300000,1.000000,1.100000,0.000000,0.000000,-1.571000,-0.150763,1.004315,0.195812,1.034273
15.278000,-0.149488,-0.004303,0.904435,-0.125114,0.005998,0.123075,-0.008302,0.000422,1.570367,-0.300000,1.000000,1.100000,0.000000,0.000000,-1.571000,-0.150512,1.004303,0.195565,1.034178
15.280000,-0.149738,-0.004291,0.904681,-0.125047,0.005995,0.123134,-0.008282,0.000422,1.570368,-0.300000,1.000000,1.100000,0.000000,0.000000,-1.571000,-0.150262,1.004291,0.195319,1.034083
15.282000,-0.149988,-0.004279,0.904928,-0.124979,0.005993,0.123191,-0.008263,0.000422,1.570368,-0.300000,1.000000,1.100000,0.000000,0.000000,-1.571000,-0.150012,1.004279,0.195072,1.033989
15.284000,-0.150238,-0.004267,0.905175,-0.124912,0.005990,0.123246,-0.008244,0.000422,1.570368,-0.300000,1.000000,1.100000,0.000000,0.000000,-1.571000,-0.149762,1.004267,0.194825,1.033894
15.286000,-0.150488,-0.004255,0.905421,-0.124844,0.005987,0.123299,-0.008225,0.000421,1.570368,-0.300000,1.000000,1.100000,0.000000,0.000000,-1.571000,-0.149512,1.004255,0.194579,1.033800
15.288000,-0.150738,-0.004243,0.905668,-0.124775,0.005985,0.123351,-0.008205,0.000421,1.570368,-0.300000,1.000000,1.100000,0.000000,0.000000,-1.571000,-0.149262,1.004243,0.194332,1.033706
15.290000,-0.150988,-0.004231,0.905915,-0.124707,0.005982,0.123401,-0.008186,0.000421,1.570368,-0.300000,1.000000,1.100000,0.000000,0.000000,-1.571000,-0.149012,1.004231,0.194085,1.033612
15.292000,-0.151237,-0.004219,0.906162,-0.124638,0.005979,0.123450,-0.008166,0.000421,1.570368,-0.300000,1.000000,1.100000,0.000000,0.000000,-1.571000,-0.148763,1.004219,0.193838,1.033518
15.294000,-0.151487,-0.004207,0.906410,-0.124569,0.005977,0.123499,-0.008147,0.000420,1.570368,-0.300000,1.000000,1.100000,0.000000,0.000000,-1.571000,-0.148513,1.004207,0.193590,1.033424
15.296000,-0.151736,-0.004195,0.906657,-0.124500,0.005974,0.123546,-0.008127,0.000420,1.570368,-0.300000,1.000000,1.100000,0.000000,0.000000,-1.571000,-0.148264,1.004195,0.193343,1.033330
15.298000,-0.151985,-0.004183,0.906904,-0.124430,0.005971,0.123591,-0.008108,0.000420,1.570368,-0.300000,1.000000,1.100000,0.000000,0.000000,-1.571000,-0.148015,1.004183,0.193096,1.033237
15.300000,-0.152234,-0.004171,0.907152,-0.124360,0.005969,0.123637,-0.008089,0.000420,1.570368,-0.300000,1.000000,1.100000,0.000000,0.000000,-1.571000,-0.147766,1.004171,0.192848,1.033143
15.302000,-0.152483,-0.004159,0.907399,-0.124290,0.005966,0.123683,-0.008069,0.000420,1.570367,-0.300000,1.000000,1.100000,0.000000,0.000000,-1.571000,-0.147517,1.004159,0.192601,1.033050
15.304000,-0.152732,-0.004147,0.907647,-0.124220,0.005963,0.123730,-0.008050,0.000419,1.570367,-0.300000,1.000000,1.100000,0.000000,0.000000,-1.571000,-0.147268,1.004147,0.192353,1.032957
15.306000,-0.152980,-0.004135,0.907895,-0.124149,0.005961,0.123777,-0.008031,0.000419,1.570367,-0.300000,1.000000,1.100000,0.000000,0.000000,-1.571000,-0.147020,1.004135,0.192105,1.032863
15.308000,-0.153229,-0.004123,0.908143,-0.124078,0.005958,0.123824,-0.008012,0.000419,1.570367,-0.300000,1.000000,1.100000,0.000000,0.000000,-1.571000,-0.146771,1.004123,0.191857,1.032770
15.310000,-0.153477,-0.004111,0.908391,-0.124007,0.005955,0.123871,-0.007993,0.000419,1.570367,-0.300000,1.000000,1.100000,0.000000,0.000000,-1.571000,-0.146523,1.004111,0.191609,1.032678
15.312000,-0.153725,-0.004100,0.908639,-0.123936,0.005953,0.123916,-0.007973,0.000420,1.570367,-0.300000,1.000000,1.100000,0.000000,0.000000,-1.571000,-0.146275,1.004100,0.191361,1.032585
15.314000,-0.153973,-0.004088,0.908887,-0.123864,0.005950,0.123960,-0.007954,0.000420,1.570367,-0.300000,1.000000,1.100000,0.000000,0.000000,-1.571000,-0.146027,1.004088,0.191113,1.032492
15.316000,-0.154221,-0.004076,0.909135,-0.123792,0.005948,0.124003,-0.007935,0.000421,1.570367,-0.300000,1.000000,1.100000,0.000000,0.000000,-1.571000,-0.145779,1.004076,0.190865,1.032400
15.318000,-0.154469,-0.004064,0.909383,-0.123720,0.005945,0.124044,-0.007915,0.000422,1.570367,-0.300000,1.000000,1.100000,0.000000,0.000000,-1.571000,-0.145531,1.004064,0.190617,1.032307
15.320000,-0.154717,-0.004052,0.909632,-0.123648,0.005942,0.124084,-0.007896,0.000423,1.570367,-0.300000,1.000000,1.100000,0.000000,0.000000,-1.571000,-0.145283,1.004052,0.190368,1.032215
15.322000,-0.154964,-0.004040,0.909880,-0.123575,0.005940,0.124124,-0.007876,0.000425,1.570367,-0.300000,1.000000,1.100000,0.000000,0.000000,-1.571000,-0.145036,1.004040,0.190120,1.032123
15.324000,-0.155211,-0.004028,0.910129,-0.123502,0.005937,0.124162,-0.007856,0.000427,1.570367,-0.300000,1.000000,1.100000,0.000000,0.000000,-1.571000,-0.144789,1.004028,0.189871,1.032031
15.326000,-0.155458,-0.004016,0.910378,-0.123429,0.005935,0.124200,-0.007836,0.000429,1.570367,-0.300000,1.000000,1.100000,0.000000,0.000000,-1.571000,-0.144542,1.004016,0.189622,1.031939
15.328000,-0.155705,-0.004004,0.910626,-0.123356,0.005932,0.124237,-0.007817,0.000432,1.570367,-0.300000,1.000000,1.100000,0.000000,0.000000,-1.571000,-0.144295,1.004004,0.189374,1.031847
15.330000,-0.155952,-0.003993,0.910875,-0.123282,0.005930,0.124273,-0.007797,0.000435,1.570367,-0.300000,1.000000,1.100000,0.000000,0.000000,-1.571000,-0.144048,1.003993,0.189125,1.031755
15.332000,-0.156199,-0.003981,0.911124,-0.123208,0.005928,0.124307,-0.007777,0.000439,1.570367,-0.300000,1.000000,1.100000,0.000000,0.000000,-1.571000,-0.143801,1.003981,0.188876,1.031664
15.334000,-0.156446,-0.003969,0.911373,-0.123134,0.005926,0.124341,-0.007757,0.000442,1.570367,-0.300000,1.000000,1.100000,0.000000,0.000000,-1.571000,-0.143554,1.003969,0.188627,1.031572
15.336000,-0.156692,-0.003957,0.911622,-0.123059,0.005923,0.124373,-0.007737,0.000447,1.570367,-0.300000,1.000000,1.100000,0.000000,0.000000,-1.571000,-0.143308,1.003957,0.188378,1.031481
15.338000,-0.156938,-0.003945,0.911871,-0.122984,0.005921,0.124405,-0.007718,0.000451,1.570367,-0.300000,1.000000,1.100000,0.000000,0.000000,-1.571000,-0.143062,1.003945,0.188129,1.031390
15.340000,-0.157184,-0.003933,0.912120,-0.122909,0.005920,0.124436,-0.007698,0.000456,1.570367,-0.300000,1.000000,1.100000,0.000000,0.000000,-1.571000,-0.142816,1.003933,0.187880,1.031299
15.342000,-0.157430,-0.003921,0.912369,-0.122834,0.005918,0.124467,-0.007678,0.000461,1.570367,-0.300000,1.000000,1.100000,0.000000,0.000000,-1.571000,-0.142570,1.003921,0.187631,1.031208
15.344000,-0.157676,-0.003910,0.912618,-0.122758,0.005916,0.124497,-0.007659,0.000467,1.570367,-0.300000,1.000000,1.100000,0.000000,0.000000,-1.571000,-0.142324,1.003910,0.187382,1.031117
15.346000,-0.157922,-0.003898,0.912868,-0.122683,0.005914,0.124525,-0.007639,0.000473,1.570367,-0.300000,1.000000,1.100000,0.000000,0.000000,-1.571000,-0.142078,1.003898,0.187132,1.031026
15.348000,-0.158167,-0.003886,0.913117,-0.122607,0.005913,0.124551,-0.007619,0.000479,1.570367,-0.300000,1.000000,1.100000,0.000000,0.000000,-1.571000,-0.141833,1.003886,0.186883,1.030936
15.350000,-0.158413,-0.003874,0.913366,-0.122530,0.005911,0.124576,-0.007599,0.000486,1.570367,-0.300000,1.000000,1.100000,0.000000,0.000000,-1.571000,-0.141587,1.003874,0.186634,1.030845
15.352000,-0.158658,-0.003862,0.913616,-0.122454,0.005910,0.124600,-0.007579,0.000493,1.570367,-0.300000,1.000000,1.100000,0.000000,0.000000,-1.571000,-0.141342,1.003862,0.186384,1.030755
15.354000,-0.158903,-0.003850,0.913865,-0.122377,0.005909,0.124624,-0.007559,0.000500,1.570368,-0.300000,1.000000,1.100000,0.000000,0.000000,-1.571000,-0.141097,1.003850,0.186135,1.030665
15.356000,-0.159148,-0.003839,0.914115,-0.122300,0.005908,0.124648,-0.007539,0.000507,1.570368,-0.300000,1.000000,1.100000,0.000000,0.000000,-1.571000,-0.140852,1.003839,0.185885,1.030575
15.358000,-0.159392,-0.003827,0.914364,-0.122222,0.005907,0.124671,-0.007519,0.000515,1.570368,-0.300000,1.000000,1.100000,0.000000,0.000000,-1.571000,-0.140608,1.003827,0.185636,1.030485
15.360000,-0.159637,-0.003815,0.914614,-0.122145,0.005907,0.124695,-0.007499,0.000523,1.570368,-0.300000,1.000000,1.100000,0.000000,0.000000,-1.571000,-0.140363,1.003815,0.185386,1.030395
15.362000,-0.159881,-0.003803,0.914864,-0.122067,0.005906,0.124717,-0.007479,0.000530,1.570368,-0.300000,1.000000,1.100000,0.000000,0.000000,-1.571000,-0.140119,1.003803,0.185136,1.030305
15.364000,-0.160126,-0.003791,0.915113,-0.121989,0.005906,0.124740,-0.007459,0.000538,1.570368,-0.300000,1.000000,1.100000,0.000000,0.000000,-1.571000,-0.139874,1.003791,0.184887,1.030216
15.366000,-0.160370,-0.003779,0.915363,-0.121910,0.005906,0.124761,-0.007439,0.000546,1.570368,-0.300000,1.000000,1.100000,0.000000,0.000000,-1.571000,-0.139630,1.003779,0.184637,1.030126
15.368000,-0.160614,-0.003768,0.915613,-0.121832,0.005906,0.124783,-0.007419,0.000554,1.570367,-0.300000,1.000000,1.100000,0.000000,0.000000,-1.571000,-0.139386,1.003768,0.184387,1.030037
15.370000,-0.160857,-0.003756,0.915863,-0.121753,0.005906,0.124803,-0.007398,0.000562,1.570367,-0.300000,1.000000,1.100000,0.000000,0.000000,-1.571000,-0.139143,1.003756,0.184137,1.029948
15.372000,-0.161101,-0.003744,0.916113,-0.121674,0.005906,0.124824,-0.007378,0.000570,1.570367,-0.300000,1.000000,1.100000,0.000000,0.000000,-1.571000,-0.138899,1.003744,0.183887,1.029859
15.374000,-0.161345,-0.003732,0.916363,-0.121594,0.005907,0.124844,-0.007358,0.000577,1.570367,-0.300000,1.000000,1.100000,0.000000,0.000000,-1.571000,-0.138655,1.003732,0.183637,1.029770
15.376000,-0.161588,-0.003720,0.916613,-0.121515,0.005907,0.124865,-0.007338,0.000584,1.570367,-0.300000,1.000000,1.100000,0.000000,0.000000,-1.571000,-0.138412,1.003720,0.183387,1.029681
15.378000,-0.161831,-0.003708,0.916863,-0.121435,0.005908,0.124885,-0.007317,0.000591,1.570367,-0.300000,1.000000,1.100000,0.000000,0.000000,-1.571000,-0.138169,1.003708,0.183137,1.029592
15.380000,-0.162074,-0.003697,0.917113,-0.121355,0.005909,0.124904,-0.007297,0.000598,1.570367,-0.300000,1.000000,1.100000,0.000000,0.000000,-1.571000,-0.137926,1.003697,0.182887,1.029504
15.382000,-0.162317,-0.003685,0.917363,-0.121274,0.005910,0.124921,-0.007277,0.000605,1.570367,-0.300000,1.000000,1.100000,0.000000,0.000000,-1.571000,-0.137683,1.003685,0.182637,1.029415
15.384000,-0.162560,-0.003673,0.917613,-0.121193,0.005911,0.124936,-0.007256,0.000611,1.570367,-0.300000,1.000000,1.100000,0.000000,0.000000,-1.571000,-0.137440,1.003673,0.182387,1.029327
15.386000,-0.162802,-0.003661,0.917863,-0.121112,0.005912,0.124950,-0.007236,0.000617,1.570366,-0.300000,1.000000,1.100000,0.000000,0.000000,-1.571000,-0.137198,1.003661,0.182137,1.029239
15.388000,-0.163044,-0.003649,0.918113,-0.121031,0.005914,0.124961,-0.007215,0.000622,1.570366,-0.300000,1.000000,1.100000,0.000000,0.000000,-1.571000,-0.136956,1.003649,0.181887,1.029151
15.390000,-0.163287,-0.003637,0.918363,-0.120950,0.005915,0.124972,-0.007195,0.000628,1.570366,-0.300000,1.000000,1.100000,0.000000,0.000000,-1.571000,-0.136713,1.003637,0.181637,1.029063
15.392000,-0.163529,-0.003626,0.918614,-0.120868,0.005917,0.124980,-0.007174,0.000632,1.570366,-0.300000,1.000000,1.100000,0.000000,0.000000,-1.571000,-0.136471,1.003626,0.181386,1.028975
15.394000,-0.163770,-0.003614,0.918864,-0.120786,0.005918,0.124987,-0.007154,0.000637,1.570366,-0.300000,1.000000,1.100000,0.000000,0.000000,-1.571000,-0.136230,1.003614,0.181136,1.028887
15.396000,-0.164012,-0.003602,0.919114,-0.120704,0.005920,0.124993,-0.007133,0.000641,1.570366,-0.300000,1.000000,1.100000,0.000000,0.000000,-1.571000,-0.135988,1.003602,0.180886,1.028800
15.398000,-0.164254,-0.003590,0.919364,-0.120621,0.005922,0.124997,-0.007113,0.000644,1.570366,-0.300000,1.000000,1.100000,0.000000,0.000000,-1.571000,-0.135746,1.003590,0.180636,1.028712
15.400000,-0.164495,-0.003578,0.919614,-0.120538,0.005924,0.125001,-0.007092,0.000648,1.570366,-0.300000,1.000000,1.100000,0.000000,0.000000,-1.571000,-0.135505,1.003578,0.180386,1.028625
15.402000,-0.164736,-0.003566,0.919865,-0.120455,0.005925,0.125004,-0.007071,0.000650,1.570366,-0.300000,1.000000,1.100000,0.000000,0.000000,-1.571000,-0.135264,1.003566,0.180135,1.028538
15.404000,-0.164977,-0.003554,0.920115,-0.120372,0.005927,0.125006,-0.007051,0.000653,1.570366,-0.300000,1.000000,1.100000,0.000000,0.000000,-1.571000,-0.135023,1.003554,0.179885,1.028451
15.406000,-0.165218,-0.003543,0.920365,-0.120288,0.005929,0.125010,-0.007030,0.000655,1.570366,-0.300000,1.000000,1.100000,0.000000,0.000000,-1.571000,-0.134782,1.003543,0.179635,1.028364
15.408000,-0.165459,-0.003531,0.920616,-0.120204,0.005932,0.125015,-0.007009,0.000656,1.570366,-0.300000,1.000000,1.100000,0.000000,0.000000,-1.571000,-0.134541,1.003531,0.179384,1.028277
15.410000,-0.165699,-0.003519,0.920866,-0.120120,0.005934,0.125020,-0.006988,0.000657,1.570366,-0.300000,1.000000,1.100000,0.000000,0.000000,-1.571000,-0.134301,1.003519,0.179134,1.028191
15.412000,-0.165940,-0.003507,0.921116,-0.120036,0.005936,0.125027,-0.006967,0.000658,1.570366,-0.300000,1.000000,1.100000,0.000000,0.000000,-1.571000,-0.134060,1.003507,0.178884,1.028104
15.414000,-0.166180,-0.003495,0.921366,-0.119951,0.005938,0.125034,-0.006946,0.000659,1.570366,-0.300000,1.000000,1.100000,0.000000,0.000000,-1.571000,-0.133820,1.003495,0.178634,1.028018
15.416000,-0.166420,-0.003483,0.921617,-0.119866,0.005940,0.125040,-0.006925,0.000658,1.570366,-0.300000,1.000000,1.100000,0.000000,0.000000,-1.571000,-0.133580,1.003483,0.178383,1.027931
15.418000,-0.166660,-0.003471,0.921867,-0.119781,0.005942,0.125046,-0.006904,0.000658,1.570366,-0.300000,1.000000,1.100000,0.000000,0.000000,-1.571000,-0.133340,1.003471,0.178133,1.027845
15.420000,-0.166899,-0.003459,0.922117,-0.119696,0.005944,0.125050,-0.006882,0.000657,1.570366,-0.300000,1.000000,1.100000,0.000000,0.000000,-1.571000,-0.133101,1.003459,0.177883,1.027759
15.422000,-0.167139,-0.003447,0.922368,-0.119610,0.005946,0.125052,-0.006861,0.000656,1.570367,-0.300000,1.000000,1.100000,0.000000,0.000000,-1.571000,-0.132861,1.003447,0.177632,1.027673
15.424000,-0.167378,-0.003436,0.922618,-0.119524,0.005948,0.125053,-0.006840,0.000655,1.570367,-0.300000,1.000000,1.100000,0.000000,0.000000,-1.571000,-0.132622,1.003436,0.177382,1.027587
15.426000,-0.167617,-0.003424,0.922869,-0.119438,0.005950,0.125052,-0.006819,0.000653,1.570367,-0.300000,1.000000,1.100000,0.000000,0.000000,-1.571000,-0.132383,1.003424,0.177131,1.027502
15.428000,-0.167856,-0.003412,0.923119,-0.119351,0.005952,0.125050,-0.006798,0.000650,1.570367,-0.300000,1.000000,1.100000,0.000000,0.000000,-1.571000,-0.132144,1.003412,0.176881,1.027416
15.430000,-0.168095,-0.003400,0.923369,-0.119265,0.005954,0.125047,-0.006777,0.000648,1.570367,-0.300000,1.000000,1.100000,0.000000,0.000000,-1.571000,-0.131905,1.003400,0.176631,1.027331
15.432000,-0.168334,-0.003388,0.923620,-0.119178,0.005956,0.125043,-0.006756,0.000645,1.570367,-0.300000,1.000000,1.100000,0.000000,0.000000,-1.571000,-0.131666,1.003388,0.176380,1.027246
15.434000,-0.168572,-0.003376,0.923870,-0.119090,0.005958,0.125037,-0.006735,0.000642,1.570367,-0.300000,1.000000,1.100000,0.000000,0.000000,-1.571000,-0.131428,1.003376,0.176130,1.027160
15.436000,-0.168811,-0.003364,0.924120,-0.119003,0.005959,0.125031,-0.006714,0.000638,1.570367,-0.300000,1.000000,1.100000,0.000000,0.000000,-1.571000,-0.131189,1.003364,0.175880,1.027075
15.438000,-0.169049,-0.003352,0.924371,-0.118915,0.005961,0.125024,-0.006693,0.000635,1.570367,-0.300000,1.000000,1.100000,0.000000,0.000000,-1.571000,-0.130951,1.003352,0.175629,1.026990
15.440000,-0.169287,-0.003340,0.924621,-0.118827,0.005962,0.125017,-0.006673,0.000631,1.570367,-0.300000,1.000000,1.100000,0.000000,0.000000,-1.571000,-0.130713,1.003340,0.175379,1.026906
15.442000,-0.169524,-0.003328,0.924871,-0.118739,0.005964,0.125009,-0.006652,0.000626,1.570367,-0.300000,1.000000,1.100000,0.000000,0.000000,-1.571000,-0.130476,1.003328,0.175129,1.026821
15.444000,-0.169762,-0.003316,0.925121,-0.118650,0.005965,0.125001,-0.006631,0.000622,1.570367,-0.300000,1.000000,1.100000,0.000000,0.000000,-1.571000,-0.130238,1.003316,0.174879,1.026737
15.446000,-0.169999,-0.003304,0.925372,-0.118561,0.005967,0.124992,-0.006610,0.000617,1.570367,-0.300000,1.000000,1.100000,0.000000,0.000000,-1.571000,-0.130001,1.003304,0.174628,1.026652
15.448000,-0.170237,-0.003292,0.925622,-0.118472,0.005968,0.124984,-0.006589,0.000613,1.570367,-0.300000,1.000000,1.100000,0.000000,0.000000,-1.571000,-0.129763,1.003292,0.174378,1.026568
15.450000,-0.170474,-0.003280,0.925872,-0.118383,0.005969,0.124975,-0.006568,0.000608,1.570367,-0.300000,1.000000,1.100000,0.000000,0.000000,-1.571000,-0.129526,1.003280,0.174128,1.026484
15.452000,-0.170710,-0.003269,0.926122,-0.118293,0.005970,0.124966,-0.006547,0.000602,1.570367,-0.300000,1.000000,1.100000,0.000000,0.000000,-1.571000,-0.129290,1.003269,0.173878,1.026400
15.454000,-0.170947,-0.003257,0.926372,-0.118203,0.005971,0.124957,-0.006527,0.000597,1.570367,-0.300000,1.000000,1.100000,0.000000,0.000000,-1.571000,-0.129053,1.003257,0.173628,1.026316
15.456000,-0.171184,-0.003245,0.926622,-0.118113,0.005971,0.124945,-0.006506,0.000592,1.570367,-0.300000,1.000000,1.100000,0.000000,0.000000,-1.571000,-0.128816,1.003245,0.173378,1.026232
15.458000,-0.171420,-0.003233,0.926873,-0.118023,0.005972,0.124931,-0.006485,0.000586,1.570367,-0.300000,1.000000,1.100000,0.000000,0.000000,-1.571000,-0.128580,1.003233,0.173127,1.026149
15.460000,-0.171656,-0.003221,0.927123,-0.117933,0.005973,0.124915,-0.006465,0.000581,1.570367,-0.300000,1.000000,1.100000,0.000000,0.000000,-1.571000,-0.128344,1.003221,0.172877,1.026066
15.462000,-0.171892,-0.003209,0.927373,-0.117842,0.005973,0.124899,-0.006445,0.000575,1.570367,-0.300000,1.000000,1.100000,0.000000,0.000000,-1.571000,-0.128108,1.003209,0.172627,1.025982
15.464000,-0.172128,-0.003197,0.927623,-0.117751,0.005973,0.124882,-0.006425,0.000569,1.570367,-0.300000,1.000000,1.100000,0.000000,0.000000,-1.571000,-0.127872,1.003197,0.172377,1.025899
15.466000,-0.172363,-0.003185,0.927873,-0.117659,0.005974,0.124866,-0.006405,0.000564,1.570367,-0.300000,1.000000,1.100000,0.000000,0.000000,-1.571000,-0.127637,1.003185,0.172127,1.025816
15.468000,-0.172599,-0.003173,0.928123,-0.117568,0.005974,0.124850,-0.006385,0.000558,1.570367,-0.300000,1.000000,1.100000,0.000000,0.000000,-1.571000,-0.127401,1.003173,0.171877,1.025733
15.470000,-0.172834,-0.003161,0.928373,-0.117476,0.005974,0.124834,-0.006366,0.000552,1.570367,-0.300000,1.000000,1.100000,0.000000,0.000000,-1.571000,-0.127166,1.003161,0.171627,1.025650
15.472000,-0.173069,-0.003149,0.928623,-0.117384,0.005974,0.124818,-0.006347,0.000546,1.570367,-0.300000,1.000000,1.100000,0.000000,0.000000,-1.571000,-0.126931,1.003149,0.171377,1.025568
15.474000,-0.173304,-0.003137,0.928872,-0.117292,0.005973,0.124802,-0.006328,0.000540,1.570367,-0.300000,1.000000,1.100000,0.000000,0.000000,-1.571000,-0.126696,1.003137,0.171128,1.025485
15.476000,-0.173539,-0.003125,0.929122,-0.117200,0.005973,0.124787,-0.006309,0.000535,1.570367,-0.300000,1.000000,1.100000,0.000000,0.000000,-1.571000,-0.126461,1.003125,0.170878,1.025403
15.478000,-0.173773,-0.003113,0.929372,-0.117107,0.005973,0.124771,-0.006290,0.000529,1.570367,-0.300000,1.000000,1.100000,0.000000,0.000000,-1.571000,-0.126227,1.003113,0.170628,1.025321
15.480000,-0.174008,-0.003101,0.929622,-0.117015,0.005972,0.124756,-0.006272,0.000523,1.570367,-0.300000,1.000000,1.100000,0.000000,0.000000,-1.571000,-0.125992,1.003101,0.170378,1.025239
15.482000,-0.174242,-0.003089,0.929872,-0.116922,0.005971,0.124742,-0.006253,0.000518,1.570367,-0.300000,1.000000,1.100000,0.000000,0.000000,-1.571000,-0.125758,1.003089,0.170128,1.025157
15.484000,-0.174476,-0.003077,0.930121,-0.116829,0.005971,0.124727,-0.006235,0.000512,1.570367,-0.300000,1.000000,1.100000,0.000000,0.000000,-1.571000,-0.125524,1.003077,0.169879,1.025075
15.486000,-0.174709,-0.003065,0.930371,-0.116735,0.005970,0.124712,-0.006216,0.000507,1.570367,-0.300000,1.000000,1.100000,0.000000,0.000000,-1.571000,-0.125291,1.003065,0.169629,1.024993
15.488000,-0.174943,-0.003053,0.930621,-0.116642,0.005969,0.124697,-0.006198,0.000501,1.570367,-0.300000,1.000000,1.100000,0.000000,0.000000,-1.571000,-0.125057,1.003053,0.169379,1.024912
15.490000,-0.175176,-0.003041,0.930870,-0.116548,0.005967,0.124681,-0.006180,0.000496,1.570367,-0.300000,1.000000,1.100000,0.000000,0.000000,-1.571000,-0.124824,1.003041,0.169130,1.024831
15.492000,-0.175409,-0.003029,0.931120,-0.116454,0.005966,0.124665,-0.006161,0.000490,1.570367,-0.300000,1.000000,1.100000,0.000000,0.000000,-1.571000,-0.124591,1.003029,0.168880,1.024749
15.494000,-0.175642,-0.003017,0.931369,-0.116360,0.005965,0.124647,-0.006143,0.000485,1.570367,-0.300000,1.000000,1.100000,0.000000,0.000000,-1.571000,-0.124358,1.003017,0.168631,1.024668
15.496000,-0.175875,-0.003006,0.931619,-0.116266,0.005963,0.124627,-0.006125,0.000480,1.570367,-0.300000,1.000000,1.100000,0.000000,0.000000,-1.571000,-0.124125,1.003006,0.168381,1.024587
15.498000,-0.176108,-0.002994,0.931868,-0.116171,0.005962,0.124606,-0.006107,0.000475,1.570367,-0.300000,1.000000,1.100000,0.000000,0.000000,-1.571000,-0.123892,1.002994,0.168132,1.024507
15.500000,-0.176340,-0.002982,0.932118,-0.116077,0.005960,0.124583,-0.006089,0.000470,1.570368,-0.300000,1.000000,1.100000,0.000000,0.000000,-1.571000,-0.123660,1.002982,0.167882,1.024426
15.502000,-0.176573,-0.002970,0.932367,-0.115982,0.005959,0.124559,-0.006072,0.000465,1.570368,-0.300000,1.000000,1.100000,0.000000,0.000000,-1.571000,-0.123427,1.002970,0.167633,1.024345
15.504000,-0.176805,-0.002958,0.932616,-0.115887,0.005957,0.124535,-0.006054,0.000460,1.570368,-0.300000,1.000000,1.100000,0.000000,0.000000,-1.571000,-0.123195,1.002958,0.167384,1.024265
15.506000,-0.177037,-0.002946,0.932866,-0.115792,0.005955,0.124509,-0.006037,0.000456,1.570368,-0.300000,1.000000,1.100000,0.000000,0.000000,-1.571000,-0.122963,1.002946,0.167134,1.024185
15.508000,-0.177268,-0.002934,0.933115,-0.115696,0.005953,0.124483,-0.006020,0.000451,1.570368,-0.300000,1.000000,1.100000,0.000000,0.000000,-1.571000,-0.122732,1.002934,0.166885,1.024105
15.510000,-0.177500,-0.002922,0.933364,-0.115601,0.005951,0.124456,-0.006003,0.000447,1.570368,-0.300000,1.000000,1.100000,0.000000,0.000000,-1.571000,-0.122500,1.002922,0.166636,1.024025
15.512000,-0.177731,-0.002910,0.933613,-0.115505,0.005949,0.124429,-0.005986,0.000443,1.570368,-0.300000,1.000000,1.100000,0.000000,0.000000,-1.571000,-0.122269,1.002910,0.166387,1.023945
15.514000,-0.177962,-0.002898,0.933862,-0.115409,0.005946,0.124402,-0.005969,0.000439,1.570368,-0.300000,1.000000,1.100000,0.000000,0.000000,-1.571000,-0.122038,1.002898,0.166138,1.023865
15.516000,-0.178193,-0.002886,0.934111,-0.115313,0.005944,0.124373,-0.005952,0.000435,1.570368,-0.300000,1.000000,1.100000,0.000000,0.000000,-1.571000,-0.121807,1.002886,0.165889,1.023786
15.518000,-0.178424,-0.002874,0.934360,-0.115217,0.005942,0.124344,-0.005936,0.000432,1.570368,-0.300000,1.000000,1.100000,0.000000,0.000000,-1.571000,-0.121576,1.002874,0.165640,1.023706
15.520000,-0.178654,-0.002863,0.934609,-0.115121,0.005939,0.124314,-0.005919,0.000428,1.570368,-0.300000,1.000000,1.100000,0.000000,0.000000,-1.571000,-0.121346,1.002863,0.165391,1.023627
15.522000,-0.178885,-0.002851,0.934858,-0.115024,0.005937,0.124284,-0.005903,0.000425,1.570368,-0.300000,1.000000,1.100000,0.000000,0.000000,-1.571000,-0.121115,1.002851,0.165142,1.023548
15.524000,-0.179115,-0.002839,0.935107,-0.114928,0.005934,0.124253,-0.005887,0.000422,1.570368,-0.300000,1.000000,1.100000,0.000000,0.000000,-1.571000,-0.120885,1.002839,0.164893,1.023469
15.526000,-0.179345,-0.002827,0.935356,-0.114831,0.005932,0.124222,-0.005871,0.000419,1.570368,-0.300000,1.000000,1.100000,0.000000,0.000000,-1.571000,-0.120655,1.002827,0.164644,1.023390
15.528000,-0.179574,-0.002815,0.935604,-0.114734,0.005929,0.124193,-0.005855,0.000417,1.570368,-0.300000,1.000000,1.100000,0.000000,0.000000,-1.571000,-0.120426,1.002815,0.164396,1.023311
15.530000,-0.179804,-0.002803,0.935853,-0.114637,0.005926,0.124163,-0.005839,0.000414,1.570368,-0.300000,1.000000,1.100000,0.000000,0.000000,-1.571000,-0.120196,1.002803,0.164147,1.023233
15.532000,-0.180033,-0.002791,0.936101,-0.114540,0.005923,0.124135,-0.005823,0.000412,1.570368,-0.300000,1.000000,1.100000,0.000000,0.000000,-1.571000,-0.119967,1.002791,0.163899,1.023155
15.534000,-0.180262,-0.002779,0.936350,-0.114443,0.005921,0.124106,-0.005808,0.000410,1.570368,-0.300000,1.000000,1.100000,0.000000,0.000000,-1.571000,-0.119738,1.002779,0.163650,1.023076
15.536000,-0.180491,-0.002768,0.936598,-0.114345,0.005918,0.124077,-0.005792,0.000408,1.570368,-0.300000,1.000000,1.100000,0.000000,0.000000,-1.571000,-0.119509,1.002768,0.163402,1.022998
15.538000,-0.180720,-0.002756,0.936847,-0.114248,0.005915,0.124046,-0.005776,0.000406,1.570368,-0.300000,1.000000,1.100000,0.000000,0.000000,-1.571000,-0.119280,1.002756,0.163153,1.022920
15.540000,-0.180949,-0.002744,0.937095,-0.114150,0.005912,0.124015,-0.005760,0.000405,1.570368,-0.300000,1.000000,1.100000,0.000000,0.000000,-1.571000,-0.119051,1.002744,0.162905,1.022842
15.542000,-0.181177,-0.002732,0.937343,-0.114052,0.005909,0.123982,-0.005744,0.000403,1.570368,-0.300000,1.000000,1.100000,0.000000,0.000000,-1.571000,-0.118823,1.002732,0.162657,1.022765
15.544000,-0.181405,-0.002720,0.937591,-0.113954,0.005906,0.123949,-0.005728,0.000402,1.570368,-0.300000,1.000000,1.100000,0.000000,0.000000,-1.571000,-0.118595,1.002720,0.162409,1.022687
15.546000,-0.181633,-0.002708,0.937839,-0.113856,0.005903,0.123915,-0.005712,0.000401,1.570368,-0.300000,1.000000,1.100000,0.000000,0.000000,-1.571000,-0.118367,1.002708,0.162161,1.022610
15.548000,-0.181861,-0.002697,0.938087,-0.113758,0.005900,0.123881,-0.005696,0.000400,1.570368,-0.300000,1.000000,1.100000,0.000000,0.000000,-1.571000,-0.118139,1.002697,0.161913,1.022533
15.550000,-0.182089,-0.002685,0.938335,-0.113660,0.005897,0.123845,-0.005680,0.000400,1.570368,-0.300000,1.000000,1.100000,0.000000,0.000000,-1.571000,-0.117911,1.002685,0.161665,1.022456
15.552000,-0.182316,-0.002673,0.938583,-0.113561,0.005894,0.123809,-0.005663,0.000399,1.570368,-0.300000,1.000000,1.100000,0.000000,0.000000,-1.571000,-0.117684,1.002673,0.161417,1.022379
15.554000,-0.182543,-0.002661,0.938831,-0.113462,0.005891,0.123773,-0.005647,0.000399,1.570368,-0.300000,1.000000,1.100000,0.000000,0.000000,-1.571000,-0.117457,1.002661,0.161169,1.022302
15.556000,-0.182770,-0.002649,0.939079,-0.113364,0.005888,0.123736,-0.005631,0.000398,1.570368,-0.300000,1.000000,1.100000,0.000000,0.000000,-1.571000,-0.117230,1.002649,0.160921,1.022225
15.558000,-0.182997,-0.002638,0.939326,-0.113265,0.005885,0.123698,-0.005614,0.000398,1.570368,-0.300000,1.000000,1.100000,0.000000,0.000000,-1.571000,-0.117003,1.002638,0.160674,1.022149
15.560000,-0.183224,-0.002626,0.939574,-0.113165,0.005882,0.123660,-0.005598,0.000398,1.570368,-0.300000,1.000000,1.100000,0.000000,0.000000,-1.571000,-0.116776,1.002626,0.160426,1.022072
15.562000,-0.183450,-0.002614,0.939821,-0.113066,0.005879,0.123622,-0.005582,0.000398,1.570368,-0.300000,1.000000,1.100000,0.000000,0.000000,-1.571000,-0.116550,1.002614,0.160179,1.021996
15.564000,-0.183676,-0.002602,0.940069,-0.112967,0.005876,0.123583,-0.005565,0.000398,1.570368,-0.300000,1.000000,1.100000,0.000000,0.000000,-1.571000,-0.116324,1.002602,0.159931,1.021920
15.566000,-0.183902,-0.002591,0.940316,-0.112867,0.005873,0.123545,-0.005549,0.000399,1.570368,-0.300000,1.000000,1.100000,0.000000,0.000000,-1.571000,-0.116098,1.002591,0.159684,1.021844
15.568000,-0.184128,-0.002579,0.940564,-0.112768,0.005870,0.123507,-0.005533,0.000399,1.570368,-0.300000,1.000000,1.100000,0.000000,0.000000,-1.571000,-0.115872,1.002579,0.159436,1.021768
15.570000,-0.184354,-0.002567,0.940811,-0.112668,0.005867,0.123468,-0.005517,0.000399,1.570368,-0.300000,1.000000,1.100000,0.000000,0.000000,-1.571000,-0.115646,1.002567,0.159189,1.021693
15.572000,-0.184579,-0.002555,0.941058,-0.112568,0.005864,0.123429,-0.005501,0.000400,1.570368,-0.300000,1.000000,1.100000,0.000000,0.000000,-1.571000,-0.115421,1.002555,0.158942,1.021617
15.574000,-0.184804,-0.002544,0.941305,-0.112468,0.005862,0.123391,-0.005486,0.000400,1.570368,-0.300000,1.000000,1.100000,0.000000,0.000000,-1.571000,-0.115196,1.002544,0.158695,1.021542
15.576000,-0.185029,-0.002532,0.941552,-0.112368,0.005859,0.123353,-0.005470,0.000401,1.570368,-0.300000,1.000000,1.100000,0.000000,0.000000,-1.571000,-0.114971,1.002532,0.158448,1.021467
15.578000,-0.185254,-0.002520,0.941799,-0.112267,0.005856,0.123313,-0.005454,0.000402,1.570368,-0.300000,1.000000,1.100000,0.000000,0.000000,-1.571000,-0.114746,1.002520,0.158201,1.021392
15.580000,-0.185479,-0.002508,0.942046,-0.112167,0.005853,0.123271,-0.005439,0.000402,1.570368,-0.300000,1.000000,1.100000,0.000000,0.000000,-1.571000,-0.114521,1.002508,0.157954,1.021317
15.582000,-0.185703,-0.002497,0.942292,-0.112066,0.005850,0.123227,-0.005423,0.000403,1.570368,-0.300000,1.000000,1.100000,0.000000,0.000000,-1.571000,-0.114297,1.002497,0.157708,1.021242
15.584000,-0.185927,-0.002485,0.942539,-0.111966,0.005847,0.123181,-0.005407,0.000404,1.570368,-0.300000,1.000000,1.100000,0.000000,0.000000,-1.571000,-0.114073,1.002485,0.157461,1.021167
15.586000,-0.186151,-0.002473,0.942786,-0.111865,0.005844,0.123133,-0.005392,0.000405,1.570368,-0.300000,1.000000,1.100000,0.000000,0.000000,-1.571000,-0.113849,1.002473,0.157214,1.021093
15.588000,-0.186375,-0.002462,0.943032,-0.111764,0.005842,0.123083,-0.005376,0.000406,1.570368,-0.300000,1.000000,1.100000,0.000000,0.000000,-1.571000,-0.113625,1.002462,0.156968,1.021019
15.590000,-0.186599,-0.002450,0.943278,-0.111663,0.005839,0.123033,-0.005361,0.000407,1.570368,-0.300000,1.000000,1.100000,0.000000,0.000000,-1.571000,-0.113401,1.002450,0.156722,1.020944
15.592000,-0.186822,-0.002438,0.943525,-0.111562,0.005836,0.122981,-0.005345,0.000407,1.570368,-0.300000,1.000000,1.100000,0.000000,0.000000,-1.571000,-0.113178,1.002438,0.156475,1.020870
15.594000,-0.187045,-0.002427,0.943771,-0.111460,0.005833,0.122928,-0.005330,0.000408,1.570368,-0.300000,1.000000,1.100000,0.000000,0.000000,-1.571000,-0.112955,1.002427,0.156229,1.020796
15.596000,-0.187268,-0.002415,0.944017,-0.111359,0.005831,0.122875,-0.005315,0.000409,1.570368,-0.300000,1.000000,1.100000,0.000000,0.000000,-1.571000,-0.112732,1.002415,0.155983,1.020723
15.598000,-0.187491,-0.002403,0.944263,-0.111257,0.005828,0.122823,-0.005300,0.000409,1.570368,-0.300000,1.000000,1.100000,0.000000,0.000000,-1.571000,-0.112509,1.002403,0.155737,1.020649
15.600000,-0.187714,-0.002392,0.944508,-0.111156,0.005825,0.122772,-0.005285,0.000410,1.570368,-0.300000,1.000000,1.100000,0.000000,0.000000,-1.571000,-0.112286,1.002392,0.155492,1.020576
15.602000,-0.187936,-0.002380,0.944754,-0.111054,0.005823,0.122721,-0.005270,0.000410,1.570368,-0.300000,1.000000,1.100000,0.000000,0.000000,-1.571000,-0.112064,1.002380,0.155246,1.020502
15.604000,-0.188158,-0.002368,0.945000,-0.110952,0.005820,0.122671,-0.005256,0.000410,1.570368,-0.300000,1.000000,1.100000,0.000000,0.000000,-1.571000,-0.111842,1.002368,0.155000,1.020429
15.606000,-0.188380,-0.002357,0.945245,-0.110850,0.005817,0.122622,-0.005241,0.000410,1.570368,-0.300000,1.000000,1.100000,0.000000,0.000000,-1.571000,-0.111620,1.002357,0.154755,1.020356
15.608000,-0.188602,-0.002345,0.945491,-0.110748,0.005815,0.122574,-0.005227,0.000410,1.570368,-0.300000,1.000000,1.100000,0.000000,0.000000,-1.571000,-0.111398,1.002345,0.154509,1.020283
15.610000,-0.188824,-0.002333,0.945736,-0.110646,0.005812,0.122526,-0.005213,0.000410,1.570368,-0.300000,1.000000,1.100000,0.000000,0.000000,-1.571000,-0.111176,1.002333,0.154264,1.020211
15.612000,-0.189045,-0.002322,0.945981,-0.110544,0.005809,0.122479,-0.005198,0.000409,1.570368,-0.300000,1.000000,1.100000,0.000000,0.000000,-1.571000,-0.110955,1.002322,0.154019,1.020138
15.614000,-0.189266,-0.002310,0.946226,-0.110441,0.005807,0.122431,-0.005184,0.000408,1.570368,-0.300000,1.000000,1.100000,0.000000,0.000000,-1.571000,-0.110734,1.002310,0.153774,1.020066
15.616000,-0.189487,-0.002298,0.946471,-0.110339,0.005804,0.122384,-0.005170,0.000407,1.570368,-0.300000,1.000000,1.100000,0.000000,0.000000,-1.571000,-0.110513,1.002298,0.153529,1.019993
15.618000,-0.189708,-0.002287,0.946716,-0.110236,0.005801,0.122338,-0.005155,0.000405,1.570367,-0.300000,1.000000,1.100000,0.000000,0.000000,-1.571000,-0.110292,1.002287,0.153284,1.019921
15.620000,-0.189928,-0.002275,0.946961,-0.110134,0.005799,0.122291,-0.005141,0.000404,1.570367,-0.300000,1.000000,1.100000,0.000000,0.000000,-1.571000,-0.110072,1.002275,0.153039,1.019849
15.622000,-0.190149,-0.002264,0.947206,-0.110031,0.005796,0.122244,-0.005127,0.000402,1.570367,-0.300000,1.000000,1.100000,0.000000,0.000000,-1.571000,-0.109851,1.002264,0.152794,1.019777
15.624000,-0.190369,-0.002252,0.947451,-0.109928,0.005793,0.122195,-0.005112,0.000399,1.570366,-0.300000,1.000000,1.100000,0.000000,0.000000,-1.571000,-0.109631,1.002252,0.152549,1.019706
15.626000,-0.190589,-0.002240,0.947695,-0.109825,0.005790,0.122144,-0.005098,0.000397,1.570366,-0.300000,1.000000,1.100000,0.000000,0.000000,-1.571000,-0.109411,1.002240,0.152305,1.019634
15.628000,-0.190808,-0.002229,0.947940,-0.109722,0.005787,0.122092,-0.005084,0.000394,1.570365,-0.300000,1.000000,1.100000,0.000000,0.000000,-1.571000,-0.109192,1.002229,0.152060,1.019563
15.630000,-0.191028,-0.002217,0.948184,-0.109619,0.005785,0.122039,-0.005069,0.000390,1.570365,-0.300000,1.000000,1.100000,0.000000,0.000000,-1.571000,-0.108972,1.002217,0.151816,1.019491
15.632000,-0.191247,-0.002206,0.948428,-0.109516,0.005782,0.121984,-0.005055,0.000387,1.570364,-0.300000,1.000000,1.100000,0.000000,0.000000,-1.571000,-0.108753,1.002206,0.151572,1.019420
15.634000,-0.191466,-0.002194,0.948672,-0.109413,0.005778,0.121929,-0.005040,0.000383,1.570364,-0.300000,1.000000,1.100000,0.000000,0.000000,-1.571000,-0.108534,1.002194,0.151328,1.019349
15.636000,-0.191685,-0.002183,0.948916,-0.109309,0.005775,0.121873,-0.005026,0.000379,1.570363,-0.300000,1.000000,1.100000,0.000000,0.000000,-1.571000,-0.108315,1.002183,0.151084,1.019278
15.638000,-0.191904,-0.002171,0.949160,-0.109206,0.005772,0.121817,-0.005011,0.000374,1.570362,-0.300000,1.000000,1.100000,0.000000,0.000000,-1.571000,-0.108096,1.002171,0.150840,1.019208
15.640000,-0.192122,-0.002159,0.949404,-0.109102,0.005769,0.121760,-0.004997,0.000369,1.570362,-0.300000,1.000000,1.100000,0.000000,0.000000,-1.571000,-0.107878,1.002159,0.150596,1.019137
15.642000,-0.192341,-0.002148,0.949648,-0.108999,0.005765,0.121702,-0.004982,0.000364,1.570361,-0.300000,1.000000,1.100000,0.000000,0.000000,-1.571000,-0.107659,1.002148,0.150352,1.019067
15.644000,-0.192559,-0.002136,0.949891,-0.108895,0.005762,0.121643,-0.004967,0.000359,1.570360,-0.300000,1.000000,1.100000,0.000000,0.000000,-1.571000,-0.107441,1.002136,0.150109,1.018996
15.646000,-0.192777,-0.002125,0.950135,-0.108791,0.005758,0.121583,-0.004952,0.000353,1.570359,-0.300000,1.000000,1.100000,0.000000,0.000000,-1.571000,-0.107223,1.002125,0.149865,1.018926
15.648000,-0.192994,-0.002113,0.950378,-0.108687,0.005755,0.121522,-0.004937,0.000347,1.570358,-0.300000,1.000000,1.100000,0.000000,0.000000,-1.571000,-0.107006,1.002113,0.149622,1.018856
15.650000,-0.193212,-0.002102,0.950621,-0.108583,0.005751,0.121460,-0.004922,0.000341,1.570357,-0.300000,1.000000,1.100000,0.000000,0.000000,-1.571000,-0.106788,1.002102,0.149379,1.018786
15.652000,-0.193429,-0.002090,0.950864,-0.108479,0.005747,0.121398,-0.004907,0.000334,1.570357,-0.300000,1.000000,1.100000,0.000000,0.000000,-1.571000,-0.106571,1.002090,0.149136,1.018717
15.654000,-0.193646,-0.002079,0.951107,-0.108374,0.005743,0.121336,-0.004892,0.000328,1.570356,-0.300000,1.000000,1.100000,0.000000,0.000000,-1.571000,-0.106354,1.002079,0.148893,1.018647
15.656000,-0.193863,-0.002067,0.951350,-0.108270,0.005739,0.121273,-0.004876,0.000321,1.570355,-0.300000,1.000000,1.100000,0.000000,0.000000,-1.571000,-0.106137,1.002067,0.148650,1.018578
15.658000,-0.194079,-0.002056,0.951593,-0.108165,0.005734,0.121209,-0.004860,0.000314,1.570354,-0.300000,1.000000,1.100000,0.000000,0.000000,-1.571000,-0.105921,1.002056,0.148407,1.018509
15.660000,-0.194296,-0.002044,0.951835,-0.108060,0.005730,0.121146,-0.004845,0.000307,1.570352,-0.300000,1.000000,1.100000,0.000000,0.000000,-1.571000,-0.105704,1.002044,0.148165,1.018439
15.662000,-0.194512,-0.002033,0.952078,-0.107956,0.005725,0.121082,-0.004829,0.000299,1.570351,-0.300000,1.000000,1.100000,0.000000,0.000000,-1.571000,-0.105488,1.002033,0.147922,1.018371
15.664000,-0.194728,-0.002021,0.952320,-0.107851,0.005721,0.121018,-0.004813,0.000292,1.570350,-0.300000,1.000000,1.100000,0.000000,0.000000,-1.571000,-0.105272,1.002021,0.147680,1.018302
15.666000,-0.194944,-0.002010,0.952562,-0.107746,0.005716,0.120955,-0.004797,0.000284,1.570349,-0.300000,1.000000,1.100000,0.000000,0.000000,-1.571000,-0.105056,1.002010,0.147438,1.018233
15.668000,-0.195159,-0.001998,0.952804,-0.107641,0.005711,0.120891,-0.004781,0.000277,1.570348,-0.300000,1.000000,1.100000,0.000000,0.000000,-1.571000,-0.104841,1.001998,0.147196,1.018165
15.670000,-0.195375,-0.001987,0.953046,-0.107535,0.005706,0.120826,-0.004764,0.000269,1.570347,-0.300000,1.000000,1.100000,0.000000,0.000000,-1.571000,-0.104625,1.001987,0.146954,1.018096
15.672000,-0.195590,-0.001976,0.953288,-0.107430,0.005701,0.120759,-0.004748,0.000261,1.570346,-0.300000,1.000000,1.100000,0.000000,0.000000,-1.571000,-0.104410,1.001976,0.146712,1.018028
15.674000,-0.195805,-0.001964,0.953530,-0.107324,0.005695,0.120690,-0.004732,0.000253,1.570345,-0.300000,1.000000,1.100000,0.000000,0.000000,-1.571000,-0.104195,1.001964,0.146470,1.017960
15.676000,-0.196019,-0.001953,0.953771,-0.107219,0.005690,0.120620,-0.004715,0.000245,1.570344,-0.300000,1.000000,1.100000,0.000000,0.000000,-1.571000,-0.103981,1.001953,0.146229,1.017892
15.678000,-0.196234,-0.001941,0.954013,-0.107113,0.005684,0.120548,-0.004699,0.000237,1.570343,-0.300000,1.000000,1.100000,0.000000,0.000000,-1.571000,-0.103766,1.001941,0.145987,1.017824
15.680000,-0.196448,-0.001930,0.954254,-0.107007,0.005678,0.120476,-0.004682,0.000229,1.570342,-0.300000,1.000000,1.100000,0.000000,0.000000,-1.571000,-0.103552,1.001930,0.145746,1.017757
15.682000,-0.196662,-0.001919,0.954495,-0.106901,0.005672,0.120404,-0.004665,0.000221,1.570341,-0.300000,1.000000,1.100000,0.000000,0.000000,-1.571000,-0.103338,1.001919,0.145505,1.017689
15.684000,-0.196876,-0.001907,0.954736,-0.106794,0.005666,0.120332,-0.004648,0.000213,1.570340,-0.300000,1.000000,1.100000,0.000000,0.000000,-1.571000,-0.103124,1.001907,0.145264,1.017622
15.686000,-0.197090,-0.001896,0.954977,-0.106688,0.005660,0.120261,-0.004630,0.000205,1.570339,-0.300000,1.000000,1.100000,0.000000,0.000000,-1.571000,-0.102910,1.001896,0.145023,1.017555
15.688000,-0.197303,-0.001885,0.955217,-0.106581,0.005653,0.120189,-0.004613,0.000198,1.570338,-0.300000,1.000000,1.100000,0.000000,0.000000,-1.571000,-0.102697,1.001885,0.144783,1.017488
15.690000,-0.197516,-0.001873,0.955458,-0.106475,0.005647,0.120118,-0.004595,0.000190,1.570337,-0.300000,1.000000,1.100000,0.000000,0.000000,-1.571000,-0.102484,1.001873,0.144542,1.017421
15.692000,-0.197729,-0.001862,0.955698,-0.106368,0.005640,0.120047,-0.004577,0.000182,1.570336,-0.300000,1.000000,1.100000,0.000000,0.000000,-1.571000,-0.102271,1.001862,0.144302,1.017354
15.694000,-0.197942,-0.001851,0.955938,-0.106261,0.005633,0.119977,-0.004559,0.000174,1.570335,-0.300000,1.000000,1.100000,0.000000,0.000000,-1.571000,-0.102058,1.001851,0.144062,1.017288
15.696000,-0.198155,-0.001840,0.956178,-0.106154,0.005626,0.119906,-0.004541,0.000167,1.570334,-0.300000,1.000000,1.100000,0.000000,0.000000,-1.571000,-0.101845,1.001840,0.143822,1.017222
15.698000,-0.198367,-0.001828,0.956418,-0.106046,0.005619,0.119836,-0.004523,0.000159,1.570333,-0.300000,1.000000,1.100000,0.000000,0.000000,-1.571000,-0.101633,1.001828,0.143582,1.017155
15.700000,-0.198579,-0.001817,0.956658,-0.105939,0.005612,0.119767,-0.004505,0.000152,1.570333,-0.300000,1.000000,1.100000,0.000000,0.000000,-1.571000,-0.101421,1.001817,0.143342,1.017089
15.702000,-0.198791,-0.001806,0.956898,-0.105831,0.005604,0.119698,-0.004486,0.000144,1.570332,-0.300000,1.000000,1.100000,0.000000,0.000000,-1.571000,-0.101209,1.001806,0.143102,1.017023
15.704000,-0.199003,-0.001795,0.957137,-0.105723,0.005597,0.119629,-0.004468,0.000137,1.570331,-0.300000,1.000000,1.100000,0.000000,0.000000,-1.571000,-0.100997,1.001795,0.142863,1.016958
15.706000,-0.199214,-0.001783,0.957377,-0.105616,0.005589,0.119561,-0.004450,0.000130,1.570330,-0.300000,1.000000,1.100000,0.000000,0.000000,-1.571000,-0.100786,1.001783,0.142623,1.016892
15.708000,-0.199426,-0.001772,0.957616,-0.105507,0.005581,0.119492,-0.004431,0.000123,1.570329,-0.300000,1.000000,1.100000,0.000000,0.000000,-1.571000,-0.100574,1.001772,0.142384,1.016827
15.710000,-0.199637,-0.001761,0.957855,-0.105399,0.005573,0.119424,-0.004413,0.000116,1.570329,-0.300000,1.000000,1.100000,0.000000,0.000000,-1.571000,-0.100363,1.001761,0.142145,1.016761
15.712000,-0.199847,-0.001750,0.958094,-0.105291,0.005565,0.119356,-0.004395,0.000109,1.570328,-0.300000,1.000000,1.100000,0.000000,0.000000,-1.571000,-0.100153,1.001750,0.141906,1.016696
15.714000,-0.200058,-0.001739,0.958333,-0.105182,0.005557,0.119287,-0.004376,0.000103,1.570327,-0.300000,1.000000,1.100000,0.000000,0.000000,-1.571000,-0.099942,1.001739,0.141667,1.016631
15.716000,-0.200268,-0.001728,0.958572,-0.105073,0.005549,0.119219,-0.004358,0.000096,1.570326,-0.300000,1.000000,1.100000,0.000000,0.000000,-1.571000,-0.099732,1.001728,0.141428,1.016566
15.718000,-0.200479,-0.001717,0.958810,-0.104964,0.005540,0.119151,-0.004339,0.000090,1.570326,-0.300000,1.000000,1.100000,0.000000,0.000000,-1.571000,-0.099521,1.001717,0.141190,1.016501
15.720000,-0.200689,-0.001706,0.959049,-0.104855,0.005532,0.119082,-0.004320,0.000084,1.570325,-0.300000,1.000000,1.100000,0.000000,0.000000,-1.571000,-0.099311,1.001706,0.140951,1.016437
15.722000,-0.200898,-0.001695,0.959287,-0.104746,0.005523,0.119011,-0.004302,0.000079,1.570324,-0.300000,1.000000,1.100000,0.000000,0.000000,-1.571000,-0.099102,1.001695,0.140713,1.016373
15.724000,-0.201108,-0.001683,0.959525,-0.104637,0.005515,0.118939,-0.004283,0.000073,1.570324,-0.300000,1.000000,1.100000,0.000000,0.000000,-1.571000,-0.098892,1.001683,0.140475,1.016308
15.726000,-0.201317,-0.001672,0.959763,-0.104527,0.005506,0.118864,-0.004264,0.000068,1.570323,-0.300000,1.000000,1.100000,0.000000,0.000000,-1.571000,-0.098683,1.001672,0.140237,1.016244
15.728000,-0.201526,-0.001661,0.960001,-0.104417,0.005497,0.118789,-0.004245,0.000062,1.570322,-0.300000,1.000000,1.100000,0.000000,0.000000,-1.571000,-0.098474,1.001661,0.139999,1.016180
15.730000,-0.201735,-0.001650,0.960239,-0.104307,0.005488,0.118712,-0.004226,0.000057,1.570322,-0.300000,1.000000,1.100000,0.000000,0.000000,-1.571000,-0.098265,1.001650,0.139761,1.016117
15.732000,-0.201944,-0.001639,0.960476,-0.104197,0.005479,0.118635,-0.004207,0.000053,1.570321,-0.300000,1.000000,1.100000,0.000000,0.000000,-1.571000,-0.098056,1.001639,0.139524,1.016053
15.734000,-0.202152,-0.001629,0.960714,-0.104087,0.005470,0.118557,-0.004187,0.000048,1.570321,-0.300000,1.000000,1.100000,0.000000,0.000000,-1.571000,-0.097848,1.001629,0.139286,1.015989
15.736000,-0.202361,-0.001618,0.960951,-0.103976,0.005461,0.118478,-0.004168,0.000044,1.570320,-0.300000,1.000000,1.100000,0.000000,0.000000,-1.571000,-0.097639,1.001618,0.139049,1.015926
15.738000,-0.202569,-0.001607,0.961188,-0.103865,0.005452,0.118398,-0.004149,0.000040,1.570320,-0.300000,1.000000,1.100000,0.000000,0.000000,-1.571000,-0.097431,1.001607,0.138812,1.015863
15.740000,-0.202776,-0.001596,0.961425,-0.103755,0.005442,0.118317,-0.004129,0.000036,1.570319,-0.300000,1.000000,1.100000,0.000000,0.000000,-1.571000,-0.097224,1.001596,0.138575,1.015800
15.742000,-0.202984,-0.001585,0.961662,-0.103644,0.005433,0.118236,-0.004110,0.000033,1.570319,-0.300000,1.000000,1.100000,0.000000,0.000000,-1.571000,-0.097016,1.001585,0.138338,1.015737
15.744000,-0.203191,-0.001574,0.961898,-0.103532,0.005424,0.118153,-0.004091,0.000029,1.570318,-0.300000,1.000000,1.100000,0.000000,0.000000,-1.571000,-0.096809,1.001574,0.138102,1.015674
15.746000,-0.203398,-0.001563,0.962135,-0.103421,0.005414,0.118070,-0.004071,0.000026,1.570318,-0.300000,1.000000,1.100000,0.000000,0.000000,-1.571000,-0.096602,1.001563,0.137865,1.015612
15.748000,-0.203605,-0.001552,0.962371,-0.103309,0.005405,0.117986,-0.004052,0.000023,1.570317,-0.300000,1.000000,1.100000,0.000000,0.000000,-1.571000,-0.096395,1.001552,0.137629,1.015550
15.750000,-0.203812,-0.001542,0.962607,-0.103198,0.005395,0.117901,-0.004033,0.000020,1.570317,-0.300000,1.000000,1.100000,0.000000,0.000000,-1.571000,-0.096188,1.001542,0.137393,1.015487
15.752000,-0.204018,-0.001531,0.962843,-0.103086,0.005385,0.117815,-0.004014,0.000018,1.570316,-0.300000,1.000000,1.100000,0.000000,0.000000,-1.571000,-0.095982,1.001531,0.137157,1.015425
15.754000,-0.204224,-0.001520,0.963079,-0.102973,0.005376,0.117730,-0.003995,0.000015,1.570316,-0.300000,1.000000,1.100000,0.000000,0.000000,-1.571000,-0.095776,1.001520,0.136921,1.015363
15.756000,-0.204430,-0.001509,0.963314,-0.102861,0.005366,0.117644,-0.003976,0.000013,1.570316,-0.300000,1.000000,1.100000,0.000000,0.000000,-1.571000,-0.095570,1.001509,0.136686,1.015302
15.758000,-0.204636,-0.001499,0.963550,-0.102749,0.005357,0.117558,-0.003957,0.000011,1.570315,-0.300000,1.000000,1.100000,0.000000,0.000000,-1.571000,-0.095364,1.001499,0.136450,1.015240
15.760000,-0.204842,-0.001488,0.963785,-0.102636,0.005347,0.117472,-0.003939,0.000009,1.570315,-0.300000,1.000000,1.100000,0.000000,0.000000,-1.571000,-0.095158,1.001488,0.136215,1.015179
15.762000,-0.205047,-0.001477,0.964020,-0.102523,0.005337,0.117385,-0.003920,0.000007,1.570315,-0.300000,1.000000,1.100000,0.000000,0.000000,-1.571000,-0.094953,1.001477,0.135980,1.015117
15.764000,-0.205252,-0.001466,0.964255,-0.102410,0.005327,0.117299,-0.003902,0.000006,1.570314,-0.300000,1.000000,1.100000,0.000000,0.000000,-1.571000,-0.094748,1.001466,0.135745,1.015056
15.766000,-0.205457,-0.001456,0.964489,-0.102297,0.005318,0.117212,-0.003884,0.000005,1.570314,-0.300000,1.000000,1.100000,0.000000,0.000000,-1.571000,-0.094543,1.001456,0.135511,1.014995
15.768000,-0.205662,-0.001445,0.964724,-0.102184,0.005308,0.117126,-0.003866,0.000003,1.570314,-0.300000,1.000000,1.100000,0.000000,0.000000,-1.571000,-0.094338,1.001445,0.135276,1.014934
15.770000,-0.205866,-0.001435,0.964958,-0.102071,0.005298,0.117041,-0.003849,0.000002,1.570313,-0.300000,1.000000,1.100000,0.000000,0.000000,-1.571000,-0.094134,1.001435,0.135042,1.014874
15.772000,-0.206070,-0.001424,0.965193,-0.101957,0.005288,0.116958,-0.003831,0.000001,1.570313,-0.300000,1.000000,1.100000,0.000000,0.000000,-1.571000,-0.093930,1.001424,0.134807,1.014813
15.774000,-0.206274,-0.001413,0.965427,-0.101844,0.005279,0.116876,-0.003814,0.000001,1.570313,-0.300000,1.000000,1.100000,0.000000,0.000000,-1.571000,-0.093726,1.001413,0.134573,1.014753
15.776000,-0.206478,-0.001403,0.965660,-0.101730,0.005269,0.116794,-0.003797,-0.000000,1.570312,-0.300000,1.000000,1.100000,0.000000,0.000000,-1.571000,-0.093522,1.001403,0.134340,1.014693
15.778000,-0.206681,-0.001392,0.965894,-0.101616,0.005259,0.116710,-0.003780,-0.000001,1.570312,-0.300000,1.000000,1.100000,0.000000,0.000000,-1.571000,-0.093319,1.001392,0.134106,1.014633
15.780000,-0.206885,-0.001382,0.966128,-0.101502,0.005249,0.116626,-0.003764,-0.000001,1.570312,-0.300000,1.000000,1.100000,0.000000,0.000000,-1.571000,-0.093115,1.001382,0.133872,1.014573
15.782000,-0.207088,-0.001371,0.966361,-0.101388,0.005240,0.116541,-0.003748,-0.000002,1.570311,-0.300000,1.000000,1.100000,0.000000,0.000000,-1.571000,-0.092912,1.001371,0.133639,1.014513
15.784000,-0.207291,-0.001361,0.966594,-0.101274,0.005230,0.116456,-0.003732,-0.000002,1.570311,-0.300000,1.000000,1.100000,0.000000,0.000000,-1.571000,-0.092709,1.001361,0.133406,1.014453
15.786000,-0.207493,-0.001350,0.966827,-0.101160,0.005220,0.116370,-0.003716,-0.000002,1.570311,-0.300000,1.000000,1.100000,0.000000,0.000000,-1.571000,-0.092507,1.001350,0.133173,1.014394
15.788000,-0.207695,-0.001340,0.967060,-0.101045,0.005211,0.116284,-0.003701,-0.000002,1.570311,-0.300000,1.000000,1.100000,0.000000,0.000000,-1.571000,-0.092305,1.001340,0.132940,1.014335
15.790000,-0.207898,-0.001329,0.967293,-0.100931,0.005201,0.116198,-0.003686,-0.000002,1.570310,-0.300000,1.000000,1.100000,0.000000,0.000000,-1.571000,-0.092102,1.001329,0.132707,1.014276
15.792000,-0.208099,-0.001319,0.967525,-0.100816,0.005191,0.116112,-0.003671,-0.000002,1.570310,-0.300000,1.000000,1.100000,0.000000,0.000000,-1.571000,-0.091901,1.001319,0.132475,1.014217
15.794000,-0.208301,-0.001309,0.967758,-0.100702,0.005182,0.116026,-0.003656,-0.000002,1.570310,-0.300000,1.000000,1.100000,0.000000,0.000000,-1.571000,-0.091699,1.001309,0.132242,1.014158
15.796000,-0.208503,-0.001298,0.967990,-0.100587,0.005172,0.115940,-0.003642,-0.000002,1.570310,-0.300000,1.000000,1.100000,0.000000,0.000000,-1.571000,-0.091497,1.001298,0.132010,1.014099
15.798000,-0.208704,-0.001288,0.968222,-0.100472,0.005163,0.115854,-0.003627,-0.000002,1.570309,-0.300000,1.000000,1.100000,0.000000,0.000000,-1.571000,-0.091296,1.001288,0.131778,1.014041
15.800000,-0.208905,-0.001278,0.968454,-0.100357,0.005153,0.115768,-0.003613,-0.000001,1.570309,-0.300000,1.000000,1.100000,0.000000,0.000000,-1.571000,-0.091095,1.001278,0.131546,1.013982
15.802000,-0.209105,-0.001267,0.968685,-0.100242,0.005143,0.115683,-0.003599,-0.000001,1.570309,-0.300000,1.000000,1.100000,0.000000,0.000000,-1.571000,-0.090895,1.001267,0.131315,1.013924
15.804000,-0.209306,-0.001257,0.968917,-0.100127,0.005134,0.115597,-0.003585,-0.000001,1.570309,-0.300000,1.000000,1.100000,0.000000,0.000000,-1.571000,-0.090694,1.001257,0.131083,1.013866
15.806000,-0.209506,-0.001247,0.969148,-0.100012,0.005124,0.115512,-0.003572,-0.000000,1.570309,-0.300000,1.000000,1.100000,0.000000,0.000000,-1.571000,-0.090494,1.001247,0.130852,1.013808
15.808000,-0.209706,-0.001237,0.969379,-0.099897,0.005115,0.115426,-0.003558,0.000000,1.570308,-0.300000,1.000000,1.100000,0.000000,0.000000,-1.571000,-0.090294,1.001237,0.130621,1.013750
15.810000,-0.209906,-0.001226,0.969610,-0.099782,0.005105,0.115340,-0.003545,0.000000,1.570308,-0.300000,1.000000,1.100000,0.000000,0.000000,-1.571000,-0.090094,1.001226,0.130390,1.013693
15.812000,-0.210106,-0.001216,0.969841,-0.099667,0.005096,0.115254,-0.003533,0.000001,1.570308,-0.300000,1.000000,1.100000,0.000000,0.000000,-1.571000,-0.089894,1.001216,0.130159,1.013635
15.814000,-0.210305,-0.001206,0.970071,-0.099552,0.005087,0.115168,-0.003520,0.000001,1.570308,-0.300000,1.000000,1.100000,0.000000,0.000000,-1.571000,-0.089695,1.001206,0.129929,1.013578
15.816000,-0.210504,-0.001196,0.970302,-0.099436,0.005077,0.115082,-0.003508,0.000002,1.570308,-0.300000,1.000000,1.100000,0.000000,0.000000,-1.571000,-0.089496,1.001196,0.129698,1.013521
15.818000,-0.210703,-0.001186,0.970532,-0.099321,0.005068,0.114996,-0.003496,0.000003,1.570308,-0.300000,1.000000,1.100000,0.000000,0.000000,-1.571000,-0.089297,1.001186,0.129468,1.013464
15.820000,-0.210902,-0.001176,0.970762,-0.099206,0.005059,0.114911,-0.003485,0.000003,1.570308,-0.300000,1.000000,1.100000,0.000000,0.000000,-1.571000,-0.089098,1.001176,0.129238,1.013407
15.822000,-0.211100,-0.001165,0.970992,-0.099090,0.005049,0.114825,-0.003474,0.000004,1.570307,-0.300000,1.000000,1.100000,0.000000,0.000000,-1.571000,-0.088900,1.001165,0.129008,1.013350
15.824000,-0.211298,-0.001155,0.971222,-0.098975,0.005040,0.114740,-0.003463,0.000005,1.570307,-0.300000,1.000000,1.100000,0.000000,0.000000,-1.571000,-0.088702,1.001155,0.128778,1.013294
15.826000,-0.211496,-0.001145,0.971451,-0.098860,0.005031,0.114655,-0.003452,0.000006,1.570308,-0.300000,1.000000,1.100000,0.000000,0.000000,-1.571000,-0.088504,1.001145,0.128549,1.013237
15.828000,-0.211694,-0.001135,0.971681,-0.098744,0.005022,0.114570,-0.003442,0.000007,1.570308,-0.300000,1.000000,1.100000,0.000000,0.000000,-1.571000,-0.088306,1.001135,0.128319,1.013181
15.830000,-0.211892,-0.001125,0.971910,-0.098629,0.005013,0.114485,-0.003432,0.000008,1.570308,-0.300000,1.000000,1.100000,0.000000,0.000000,-1.571000,-0.088108,1.001125,0.128090,1.013125
15.832000,-0.212089,-0.001115,0.972139,-0.098514,0.005004,0.114401,-0.003423,0.000009,1.570308,-0.300000,1.000000,1.100000,0.000000,0.000000,-1.571000,-0.087911,1.001115,0.127861,1.013069
15.834000,-0.212286,-0.001105,0.972368,-0.098399,0.004994,0.114316,-0.003413,0.000010,1.570308,-0.300000,1.000000,1.100000,0.000000,0.000000,-1.571000,-0.087714,1.001105,0.127632,1.013013
15.836000,-0.212483,-0.001095,0.972597,-0.098283,0.004985,0.114229,-0.003404,0.000012,1.570308,-0.300000,1.000000,1.100000,0.000000,0.000000,-1.571000,-0.087517,1.001095,0.127403,1.012957
15.838000,-0.212679,-0.001085,0.972825,-0.098168,0.004976,0.114141,-0.003395,0.000013,1.570309,-0.300000,1.000000,1.100000,0.000000,0.000000,-1.571000,-0.087321,1.001085,0.127175,1.012902
15.840000,-0.212876,-0.001075,0.973054,-0.098053,0.004968,0.114051,-0.003386,0.000015,1.570309,-0.300000,1.000000,1.100000,0.000000,0.000000,-1.571000,-0.087124,1.001075,0.126946,1.012846
15.842000,-0.213072,-0.001065,0.973282,-0.097938,0.004959,0.113960,-0.003377,0.000016,1.570309,-0.300000,1.000000,1.100000,0.000000,0.000000,-1.571000,-0.086928,1.001065,0.126718,1.012791
15.844000,-0.213268,-0.001055,0.973510,-0.097823,0.004950,0.113867,-0.003368,0.000018,1.570310,-0.300000,1.000000,1.100000,0.000000,0.000000,-1.571000,-0.086732,1.001055,0.126490,1.012736
15.846000,-0.213463,-0.001045,0.973738,-0.097708,0.004941,0.113772,-0.003360,0.000020,1.570310,-0.300000,1.000000,1.100000,0.000000,0.000000,-1.571000,-0.086537,1.001045,0.126262,1.012681
15.848000,-0.213659,-0.001036,0.973965,-0.097593,0.004932,0.113677,-0.003351,0.000022,1.570311,-0.300000,1.000000,1.100000,0.000000,0.000000,-1.571000,-0.086341,1.001036,0.126035,1.012626
15.850000,-0.213854,-0.001026,0.974193,-0.097478,0.004924,0.113580,-0.003343,0.000024,1.570311,-0.300000,1.000000,1.100000,0.000000,0.000000,-1.571000,-0.086146,1.001026,0.125807,1.012572
15.852000,-0.214049,-0.001016,0.974420,-0.097363,0.004915,0.113483,-0.003335,0.000026,1.570312,-0.300000,1.000000,1.100000,0.000000,0.000000,-1.571000,-0.085951,1.001016,0.125580,1.012517
15.854000,-0.214244,-0.001006,0.974647,-0.097248,0.004907,0.113385,-0.003327,0.000028,1.570312,-0.300000,1.000000,1.100000,0.000000,0.000000,-1.571000,-0.085756,1.001006,0.125353,1.012463
15.856000,-0.214438,-0.000996,0.974874,-0.097133,0.004898,0.113287,-0.003318,0.000031,1.570313,-0.300000,1.000000,1.100000,0.000000,0.000000,-1.571000,-0.085562,1.000996,0.125126,1.012408
15.858000,-0.214633,-0.000986,0.975101,-0.097018,0.004890,0.113188,-0.003310,0.000033,1.570314,-0.300000,1.000000,1.100000,0.000000,0.000000,-1.571000,-0.085367,1.000986,0.124899,1.012354
15.860000,-0.214827,-0.000977,0.975327,-0.096903,0.004881,0.113089,-0.003303,0.000035,1.570314,-0.300000,1.000000,1.100000,0.000000,0.000000,-1.571000,-0.085173,1.000977,0.124673,1.012300
15.862000,-0.215021,-0.000967,0.975553,-0.096789,0.004873,0.112990,-0.003295,0.000038,1.570315,-0.300000,1.000000,1.100000,0.000000,0.000000,-1.571000,-0.084979,1.000967,0.124447,1.012247
15.864000,-0.215214,-0.000957,0.975779,-0.096674,0.004865,0.112890,-0.003287,0.000040,1.570316,-0.300000,1.000000,1.100000,0.000000,0.000000,-1.571000,-0.084786,1.000957,0.124221,1.012193
15.866000,-0.215407,-0.000947,0.976005,-0.096559,0.004856,0.112790,-0.003279,0.000043,1.570317,-0.300000,1.000000,1.100000,0.000000,0.000000,-1.571000,-0.084593,1.000947,0.123995,1.012140
15.868000,-0.215601,-0.000938,0.976231,-0.096445,0.004848,0.112690,-0.003272,0.000046,1.570318,-0.300000,1.000000,1.100000,0.000000,0.000000,-1.571000,-0.084399,1.000938,0.123769,1.012086
15.870000,-0.215794,-0.000928,0.976456,-0.096330,0.004840,0.112590,-0.003265,0.000049,1.570319,-0.300000,1.000000,1.100000,0.000000,0.000000,-1.571000,-0.084206,1.000928,0.123544,1.012033
15.872000,-0.215986,-0.000918,0.976682,-0.096216,0.004832,0.112491,-0.003257,0.000051,1.570319,-0.300000,1.000000,1.100000,0.000000,0.000000,-1.571000,-0.084014,1.000918,0.123318,1.011980
15.874000,-0.216179,-0.000909,0.976907,-0.096102,0.004824,0.112391,-0.003250,0.000054,1.570320,-0.300000,1.000000,1.100000,0.000000,0.000000,-1.571000,-0.083821,1.000909,0.123093,1.011927
15.876000,-0.216371,-0.000899,0.977132,-0.095988,0.004817,0.112290,-0.003243,0.000057,1.570321,-0.300000,1.000000,1.100000,0.000000,0.000000,-1.571000,-0.083629,1.000899,0.122868,1.011874
15.878000,-0.216563,-0.000889,0.977356,-0.095873,0.004809,0.112189,-0.003236,0.000060,1.570322,-0.300000,1.000000,1.100000,0.000000,0.000000,-1.571000,-0.083437,1.000889,0.122644,1.011822
15.880000,-0.216755,-0.000880,0.977581,-0.095759,0.004801,0.112087,-0.003229,0.000064,1.570323,-0.300000,1.000000,1.100000,0.000000,0.000000,-1.571000,-0.083245,1.000880,0.122419,1.011769
15.882000,-0.216946,-0.000870,0.977805,-0.095645,0.004794,0.111986,-0.003222,0.000067,1.570324,-0.300000,1.000000,1.100000,0.000000,0.000000,-1.571000,-0.083054,1.000870,0.122195,1.011717
15.884000,-0.217138,-0.000861,0.978029,-0.095531,0.004786,0.111886,-0.003216,0.000070,1.570325,-0.300000,1.000000,1.100000,0.000000,0.000000,-1.571000,-0.082862,1.000861,0.121971,1.011665
15.886000,-0.217329,-0.000851,0.978253,-0.095418,0.004779,0.111788,-0.003209,0.000073,1.570326,-0.300000,1.000000,1.100000,0.000000,0.000000,-1.571000,-0.082671,1.000851,0.121747,1.011612
15.888000,-0.217519,-0.000842,0.978476,-0.095304,0.004771,0.111690,-0.003202,0.000077,1.570327,-0.300000,1.000000,1.100000,0.000000,0.000000,-1.571000,-0.082481,1.000842,0.121524,1.011561
15.890000,-0.217710,-0.000832,0.978700,-0.095190,0.004764,0.111594,-0.003195,0.000080,1.570328,-0.300000,1.000000,1.100000,0.000000,0.000000,-1.571000,-0.082290,1.000832,0.121300,1.011509
15.892000,-0.217900,-0.000822,0.978923,-0.095076,0.004757,0.111500,-0.003189,0.000083,1.570329,-0.300000,1.000000,1.100000,0.000000,0.000000,-1.571000,-0.082100,1.000822,0.121077,1.011457
15.894000,-0.218091,-0.000813,0.979146,-0.094963,0.004750,0.111406,-0.003182,0.000087,1.570330,-0.300000,1.000000,1.100000,0.000000,0.000000,-1.571000,-0.081909,1.000813,0.120854,1.011406
15.896000,-0.218281,-0.000803,0.979369,-0.094850,0.004743,0.111313,-0.003175,0.000090,1.570331,-0.300000,1.000000,1.100000,0.000000,0.000000,-1.571000,-0.081719,1.000803,0.120631,1.011354
15.898000,-0.218470,-0.000794,0.979592,-0.094736,0.004736,0.111221,-0.003169,0.000094,1.570332,-0.300000,1.000000,1.100000,0.000000,0.000000,-1.571000,-0.081530,1.000794,0.120408,1.011303
15.900000,-0.218660,-0.000784,0.979814,-0.094623,0.004729,0.111127,-0.003162,0.000098,1.570333,-0.300000,1.000000,1.100000,0.000000,0.000000,-1.571000,-0.081340,1.000784,0.120186,1.011252
15.902000,-0.218849,-0.000775,0.980037,-0.094510,0.004722,0.111032,-0.003156,0.000101,1.570334,-0.300000,1.000000,1.100000,0.000000,0.000000,-1.571000,-0.081151,1.000775,0.119963,1.011201
15.904000,-0.219038,-0.000766,0.980259,-0.094397,0.004715,0.110936,-0.003149,0.000105,1.570336,-0.300000,1.000000,1.100000,0.000000,0.000000,-1.571000,-0.080962,1.000766,0.119741,1.011150
15.906000,-0.219227,-0.000756,0.980481,-0.094283,0.004709,0.110839,-0.003143,0.000108,1.570337,-0.300000,1.000000,1.100000,0.000000,0.000000,-1.571000,-0.080773,1.000756,0.119519,1.011099
15.908000,-0.219415,-0.000747,0.980703,-0.094171,0.004702,0.110742,-0.003136,0.000112,1.570338,-0.300000,1.000000,1.100000,0.000000,0.000000,-1.571000,-0.080585,1.000747,0.119297,1.011049
15.910000,-0.219604,-0.000737,0.980924,-0.094058,0.004696,0.110644,-0.003130,0.000115,1.570339,-0.300000,1.000000,1.100000,0.000000,0.000000,-1.571000,-0.080396,1.000737,0.119076,1.010998
15.912000,-0.219792,-0.000728,0.981145,-0.093945,0.004689,0.110546,-0.003123,0.000119,1.570340,-0.300000,1.000000,1.100000,0.000000,0.000000,-1.571000,-0.080208,1.000728,0.118855,1.010948
15.914000,-0.219980,-0.000719,0.981367,-0.093832,0.004683,0.110446,-0.003116,0.000122,1.570341,-0.300000,1.000000,1.100000,0.000000,0.000000,-1.571000,-0.080020,1.000719,0.118633,1.010898
15.916000,-0.220168,-0.000709,0.981588,-0.093719,0.004677,0.110346,-0.003110,0.000125,1.570342,-0.300000,1.000000,1.100000,0.000000,0.000000,-1.571000,-0.079832,1.000709,0.118412,1.010848
15.918000,-0.220355,-0.000700,0.981808,-0.093607,0.004670,0.110245,-0.003103,0.000129,1.570343,-0.300000,1.000000,1.100000,0.000000,0.000000,-1.571000,-0.079645,1.000700,0.118192,1.010798
15.920000,-0.220542,-0.000690,0.982029,-0.093494,0.004664,0.110144,-0.003096,0.000132,1.570344,-0.300000,1.000000,1.100000,0.000000,0.000000,-1.571000,-0.079458,1.000690,0.117971,1.010748
15.922000,-0.220729,-0.000681,0.982249,-0.093382,0.004658,0.110043,-0.003089,0.000135,1.570346,-0.300000,1.000000,1.100000,0.000000,0.000000,-1.571000,-0.079271,1.000681,0.117751,1.010699
15.924000,-0.220916,-0.000672,0.982469,-0.093270,0.004652,0.109941,-0.003083,0.000138,1.570347,-0.300000,1.000000,1.100000,0.000000,0.000000,-1.571000,-0.079084,1.000672,0.117531,1.010649
15.926000,-0.221103,-0.000663,0.982689,-0.093157,0.004647,0.109839,-0.003076,0.000141,1.570348,-0.300000,1.000000,1.100000,0.000000,0.000000,-1.571000,-0.078897,1.000663,0.117311,1.010600
15.928000,-0.221289,-0.000653,0.982909,-0.093045,0.004641,0.109738,-0.003069,0.000144,1.570349,-0.300000,1.000000,1.100000,0.000000,0.000000,-1.571000,-0.078711,1.000653,0.117091,1.010551
15.930000,-0.221475,-0.000644,0.983129,-0.092933,0.004635,0.109636,-0.003062,0.000147,1.570350,-0.300000,1.000000,1.100000,0.000000,0.000000,-1.571000,-0.078525,1.000644,0.116871,1.010502
15.932000,-0.221661,-0.000635,0.983348,-0.092821,0.004629,0.109534,-0.003055,0.000150,1.570351,-0.300000,1.000000,1.100000,0.000000,0.000000,-1.571000,-0.078339,1.000635,0.116652,1.010453
15.934000,-0.221847,-0.000625,0.983567,-0.092709,0.004624,0.109432,-0.003048,0.000153,1.570352,-0.300000,1.000000,1.100000,0.000000,0.000000,-1.571000,-0.078153,1.000625,0.116433,1.010404
15.936000,-0.222032,-0.000616,0.983786,-0.092597,0.004618,0.109330,-0.003042,0.000155,1.570353,-0.300000,1.000000,1.100000,0.000000,0.000000,-1.571000,-0.077968,1.000616,0.116214,1.010355
15.938000,-0.222217,-0.000607,0.984005,-0.092485,0.004613,0.109229,-0.003035,0.000158,1.570354,-0.300000,1.000000,1.100000,0.000000,0.000000,-1.571000,-0.077783,1.000607,0.115995,1.010307
15.940000,-0.222402,-0.000598,0.984223,-0.092373,0.004607,0.109128,-0.003028,0.000161,1.570355,-0.300000,1.000000,1.100000,0.000000,0.000000,-1.571000,-0.077598,1.000598,0.115777,1.010258
15.942000,-0.222587,-0.000589,0.984442,-0.092262,0.004602,0.109027,-0.003022,0.000163,1.570355,-0.300000,1.000000,1.100000,0.000000,0.000000,-1.571000,-0.077413,1.000589,0.115558,1.010210
15.944000,-0.222772,-0.000579,0.984660,-0.092150,0.004597,0.108927,-0.003015,0.000165,1.570356,-0.300000,1.000000,1.100000,0.000000,0.000000,-1.571000,-0.077228,1.000579,0.115340,1.010162
15.946000,-0.222956,-0.000570,0.984878,-0.092038,0.004592,0.108826,-0.003008,0.000167,1.570357,-0.300000,1.000000,1.100000,0.000000,0.000000,-1.571000,-0.077044,1.000570,0.115122,1.010114
15.948000,-0.223140,-0.000561,0.985095,-0.091927,0.004586,0.108725,-0.003002,0.000170,1.570358,-0.300000,1.000000,1.100000,0.000000,0.000000,-1.571000,-0.076860,1.000561,0.114905,1.010066
15.950000,-0.223324,-0.000552,0.985313,-0.091815,0.004581,0.108624,-0.002995,0.000172,1.570359,-0.300000,1.000000,1.100000,0.000000,0.000000,-1.571000,-0.076676,1.000552,0.114687,1.010018
15.952000,-0.223507,-0.000543,0.985530,-0.091704,0.004576,0.108523,-0.002988,0.000174,1.570359,-0.300000,1.000000,1.100000,0.000000,0.000000,-1.571000,-0.076493,1.000543,0.114470,1.009970
15.954000,-0.223691,-0.000533,0.985747,-0.091593,0.004571,0.108422,-0.002981,0.000175,1.570360,-0.300000,1.000000,1.100000,0.000000,0.000000,-1.571000,-0.076309,1.000533,0.114253,1.009923
15.956000,-0.223874,-0.000524,0.985964,-0.091482,0.004566,0.108321,-0.002974,0.000177,1.570361,-0.300000,1.000000,1.100000,0.000000,0.000000,-1.571000,-0.076126,1.000524,0.114036,1.009875
15.958000,-0.224057,-0.000515,0.986181,-0.091371,0.004561,0.108220,-0.002967,0.000179,1.570361,-0.300000,1.000000,1.100000,0.000000,0.000000,-1.571000,-0.075943,1.000515,0.113819,1.009828
15.960000,-0.224240,-0.000506,0.986397,-0.091260,0.004556,0.108120,-0.002960,0.000180,1.570362,-0.300000,1.000000,1.100000,0.000000,0.000000,-1.571000,-0.075760,1.000506,0.113603,1.009781
15.962000,-0.224422,-0.000497,0.986614,-0.091149,0.004551,0.108019,-0.002953,0.000182,1.570362,-0.300000,1.000000,1.100000,0.000000,0.000000,-1.571000,-0.075578,1.000497,0.113386,1.009734
15.964000,-0.224605,-0.000488,0.986830,-0.091038,0.004547,0.107919,-0.002946,0.000183,1.570363,-0.300000,1.000000,1.100000,0.000000,0.000000,-1.571000,-0.075395,1.000488,0.113170,1.009687
15.966000,-0.224787,-0.000479,0.987046,-0.090927,0.004542,0.107818,-0.002938,0.000184,1.570363,-0.300000,1.000000,1.100000,0.000000,0.000000,-1.571000,-0.075213,1.000479,0.112954,1.009640
15.968000,-0.224969,-0.000470,0.987261,-0.090816,0.004537,0.107715,-0.002931,0.000186,1.570364,-0.300000,1.000000,1.100000,0.000000,0.000000,-1.571000,-0.075031,1.000470,0.112739,1.009594
15.970000,-0.225150,-0.000461,0.987477,-0.090705,0.004532,0.107610,-0.002923,0.000187,1.570364,-0.300000,1.000000,1.100000,0.000000,0.000000,-1.571000,-0.074850,1.000461,0.112523,1.009547
15.972000,-0.225332,-0.000451,0.987692,-0.090595,0.004528,0.107504,-0.002916,0.000188,1.570365,-0.300000,1.000000,1.100000,0.000000,0.000000,-1.571000,-0.074668,1.000451,0.112308,1.009501
15.974000,-0.225513,-0.000442,0.987907,-0.090484,0.004523,0.107397,-0.002908,0.000189,1.570365,-0.300000,1.000000,1.100000,0.000000,0.000000,-1.571000,-0.074487,1.000442,0.112093,1.009454
15.976000,-0.225694,-0.000433,0.988122,-0.090373,0.004518,0.107289,-0.002900,0.000189,1.570365,-0.300000,1.000000,1.100000,0.000000,0.000000,-1.571000,-0.074306,1.000433,0.111878,1.009408
15.978000,-0.225875,-0.000424,0.988337,-0.090263,0.004514,0.107180,-0.002892,0.000190,1.570366,-0.300000,1.000000,1.100000,0.000000,0.000000,-1.571000,-0.074125,1.000424,0.111663,1.009362
15.980000,-0.226055,-0.000415,0.988551,-0.090152,0.004509,0.107070,-0.002883,0.000191,1.570366,-0.300000,1.000000,1.100000,0.000000,0.000000,-1.571000,-0.073945,1.000415,0.111449,1.009316
15.982000,-0.226236,-0.000406,0.988765,-0.090042,0.004504,0.106959,-0.002875,0.000191,1.570366,-0.300000,1.000000,1.100000,0.000000,0.000000,-1.571000,-0.073764,1.000406,0.111235,1.009271
15.984000,-0.226416,-0.000397,0.988979,-0.089931,0.004500,0.106848,-0.002867,0.000192,1.570366,-0.300000,1.000000,1.100000,0.000000,0.000000,-1.571000,-0.073584,1.000397,0.111021,1.009225
15.986000,-0.226595,-0.000388,0.989193,-0.089821,0.004495,0.106735,-0.002858,0.000192,1.570367,-0.300000,1.000000,1.100000,0.000000,0.000000,-1.571000,-0.073405,1.000388,0.110807,1.009179
15.988000,-0.226775,-0.000379,0.989407,-0.089711,0.004491,0.106622,-0.002850,0.000192,1.570367,-0.300000,1.000000,1.100000,0.000000,0.000000,-1.571000,-0.073225,1.000379,0.110593,1.009134
15.990000,-0.226955,-0.000370,0.989620,-0.089600,0.004486,0.106508,-0.002841,0.000192,1.570367,-0.300000,1.000000,1.100000,0.000000,0.000000,-1.571000,-0.073045,1.000370,0.110380,1.009089
15.992000,-0.227134,-0.000361,0.989833,-0.089490,0.004482,0.106394,-0.002832,0.000193,1.570367,-0.300000,1.000000,1.100000,0.000000,0.000000,-1.571000,-0.072866,1.000361,0.110167,1.009044
15.994000,-0.227313,-0.000352,0.990046,-0.089380,0.004477,0.106279,-0.002823,0.000193,1.570367,-0.300000,1.000000,1.100000,0.000000,0.000000,-1.571000,-0.072687,1.000352,0.109954,1.008999
15.996000,-0.227492,-0.000343,0.990258,-0.089269,0.004473,0.106163,-0.002815,0.000192,1.570367,-0.300000,1.000000,1.100000,0.000000,0.000000,-1.571000,-0.072508,1.000343,0.109742,1.008954
15.998000,-0.227670,-0.000334,0.990471,-0.089159,0.004468,0.106048,-0.002806,0.000192,1.570368,-0.300000,1.000000,1.100000,0.000000,0.000000,-1.571000,-0.072330,1.000334,0.109529,1.008909
16.000000,-0.227848,-0.000326,0.990683,-0.089049,0.004464,0.105933,-0.002797,0.000192,1.570368,-0.300000,1.000000,1.100000,0.000000,0.000000,-1.571000,-0.072152,1.000326,0.109317,1.008864
16.002000,-0.228027,-0.000317,0.990895,-0.088939,0.004459,0.105817,-0.002788,0.000192,1.570368,-0.300000,1.000000,1.100000,0.000000,0.000000,-1.571000,-0.071973,1.000317,0.109105,1.008820
16.004000,-0.228204,-0.000308,0.991106,-0.088829,0.004455,0.105702,-0.002779,0.000192,1.570368,-0.300000,1.000000,1.100000,0.000000,0.000000,-1.571000,-0.071796,1.000308,0.108894,1.008775
16.006000,-0.228382,-0.000299,0.991318,-0.088719,0.004450,0.105586,-0.002770,0.000191,1.570368,-0.300000,1.000000,1.100000,0.000000,0.000000,-1.571000,-0.071618,1.000299,0.108682,1.008731
16.008000,-0.228560,-0.000290,0.991529,-0.088608,0.004446,0.105471,-0.002761,0.000191,1.570368,-0.300000,1.000000,1.100000,0.000000,0.000000,-1.571000,-0.071440,1.000290,0.108471,1.008687
16.010000,-0.228737,-0.000281,0.991740,-0.088498,0.004441,0.105355,-0.002752,0.000191,1.570369,-0.300000,1.000000,1.100000,0.000000,0.000000,-1.571000,-0.071263,1.000281,0.108260,1.008643
16.012000,-0.228914,-0.000272,0.991951,-0.088388,0.004437,0.105241,-0.002743,0.000190,1.570369,-0.300000,1.000000,1.100000,0.000000,0.000000,-1.571000,-0.071086,1.000272,0.108049,1.008599
16.014000,-0.229091,-0.000263,0.992161,-0.088278,0.004432,0.105126,-0.002734,0.000190,1.570369,-0.300000,1.000000,1.100000,0.000000,0.000000,-1.571000,-0.070909,1.000263,0.107839,1.008555
16.016000,-0.229267,-0.000254,0.992372,-0.088168,0.004428,0.105012,-0.002725,0.000189,1.570369,-0.300000,1.000000,1.100000,0.000000,0.000000,-1.571000,-0.070733,1.000254,0.107628,1.008512
16.018000,-0.229444,-0.000245,0.992582,-0.088058,0.004424,0.104897,-0.002716,0.000189,1.570369,-0.300000,1.000000,1.100000,0.000000,0.000000,-1.571000,-0.070556,1.000245,0.107418,1.008468
16.020000,-0.229620,-0.000237,0.992791,-0.087949,0.004419,0.104782,-0.002707,0.000188,1.570369,-0.300000,1.000000,1.100000,0.000000,0.000000,-1.571000,-0.070380,1.000237,0.107209,1.008425
16.022000,-0.229796,-0.000228,0.993001,-0.087839,0.004415,0.104666,-0.002697,0.000187,1.570370,-0.300000,1.000000,1.100000,0.000000,0.000000,-1.571000,-0.070204,1.000228,0.106999,1.008381
16.024000,-0.229971,-0.000219,0.993210,-0.087729,0.004410,0.104551,-0.002688,0.000187,1.570370,-0.300000,1.000000,1.100000,0.000000,0.000000,-1.571000,-0.070029,1.000219,0.106790,1.008338
16.026000,-0.230147,-0.000210,0.993420,-0.087619,0.004406,0.104438,-0.002679,0.000186,1.570370,-0.300000,1.000000,1.100000,0.000000,0.000000,-1.571000,-0.069853,1.000210,0.106580,1.008295
16.028000,-0.230322,-0.000201,0.993629,-0.087509,0.004401,0.104326,-0.002671,0.000185,1.570370,-0.300000,1.000000,1.100000,0.000000,0.000000,-1.571000,-0.069678,1.000201,0.106371,1.008252
16.030000,-0.230497,-0.000193,0.993837,-0.087399,0.004397,0.104215,-0.002662,0.000184,1.570370,-0.300000,1.000000,1.100000,0.000000,0.000000,-1.571000,-0.069503,1.000193,0.106163,1.008209
16.032000,-0.230672,-0.000184,0.994046,-0.087290,0.004392,0.104105,-0.002653,0.000184,1.570371,-0.300000,1.000000,1.100000,0.000000,0.000000,-1.571000,-0.069328,1.000184,0.105954,1.008167
16.034000,-0.230846,-0.000175,0.994254,-0.087180,0.004388,0.103997,-0.002644,0.000183,1.570371,-0.300000,1.000000,1.100000,0.000000,0.000000,-1.571000,-0.069154,1.000175,0.105746,1.008124
16.036000,-0.231021,-0.000166,0.994462,-0.087070,0.004383,0.103889,-0.002636,0.000182,1.570371,-0.300000,1.000000,1.100000,0.000000,0.000000,-1.571000,-0.068979,1.000166,0.105538,1.008082
16.038000,-0.231195,-0.000157,0.994670,-0.086961,0.004379,0.103783,-0.002627,0.000181,1.570371,-0.300000,1.000000,1.100000,0.000000,0.000000,-1.571000,-0.068805,1.000157,0.105330,1.008039
16.040000,-0.231369,-0.000149,0.994877,-0.086851,0.004374,0.103678,-0.002619,0.000180,1.570371,-0.300000,1.000000,1.100000,0.000000,0.000000,-1.571000,-0.068631,1.000149,0.105123,1.007997
16.042000,-0.231543,-0.000140,0.995085,-0.086741,0.004369,0.103574,-0.002610,0.000179,1.570371,-0.300000,1.000000,1.100000,0.000000,0.000000,-1.571000,-0.068457,1.000140,0.104915,1.007955
16.044000,-0.231716,-0.000131,0.995292,-0.086632,0.004365,0.103470,-0.002601,0.000178,1.570371,-0.300000,1.000000,1.100000,0.000000,0.000000,-1.571000,-0.068284,1.000131,0.104708,1.007913
16.046000,-0.231889,-0.000122,0.995499,-0.086522,0.004360,0.103367,-0.002593,0.000177,1.570372,-0.300000,1.000000,1.100000,0.000000,0.000000,-1.571000,-0.068111,1.000122,0.104501,1.007871
16.048000,-0.232062,-0.000114,0.995706,-0.086413,0.004356,0.103262,-0.002584,0.000176,1.570372,-0.300000,1.000000,1.100000,0.000000,0.000000,-1.571000,-0.067938,1.000114,0.104294,1.007829
16.050000,-0.232235,-0.000105,0.995912,-0.086303,0.004351,0.103156,-0.002575,0.000176,1.570372,-0.300000,1.000000,1.100000,0.000000,0.000000,-1.571000,-0.067765,1.000105,0.104088,1.007788
16.052000,-0.232408,-0.000096,0.996119,-0.086194,0.004347,0.103050,-0.002566,0.000175,1.570372,-0.300000,1.000000,1.100000,0.000000,0.000000,-1.571000,-0.067592,1.000096,0.103881,1.007746
16.054000,-0.232580,-0.000088,0.996325,-0.086085,0.004342,0.102942,-0.002557,0.000174,1.570372,-0.300000,1.000000,1.100000,0.000000,0.000000,-1.571000,-0.067420,1.000088,0.103675,1.007705
16.056000,-0.232752,-0.000079,0.996531,-0.085975,0.004337,0.102834,-0.002548,0.000173,1.570371,-0.300000,1.000000,1.100000,0.000000,0.000000,-1.571000,-0.067248,1.000079,0.103469,1.007664
16.058000,-0.232924,-0.000070,0.996737,-0.085866,0.004333,0.102725,-0.002538,0.000173,1.570371,-0.300000,1.000000,1.100000,0.000000,0.000000,-1.571000,-0.067076,1.000070,0.103263,1.007622
16.060000,-0.233096,-0.000062,0.996942,-0.085757,0.004328,0.102614,-0.002529,0.000172,1.570371,-0.300000,1.000000,1.100000,0.000000,0.000000,-1.571000,-0.066904,1.000062,0.103058,1.007581
16.062000,-0.233268,-0.000053,0.997147,-0.085647,0.004323,0.102503,-0.002520,0.000171,1.570371,-0.300000,1.000000,1.100000,0.000000,0.000000,-1.571000,-0.066732,1.000053,0.102853,1.007540
16.064000,-0.233439,-0.000044,0.997352,-0.085538,0.004319,0.102391,-0.002510,0.000171,1.570371,-0.300000,1.000000,1.100000,0.000000,0.000000,-1.571000,-0.066561,1.000044,0.102648,1.007500
16.066000,-0.233610,-0.000036,0.997557,-0.085429,0.004314,0.102279,-0.002501,0.000171,1.570371,-0.300000,1.000000,1.100000,0.000000,0.000000,-1.571000,-0.066390,1.000036,0.102443,1.007459
16.068000,-0.233781,-0.000027,0.997762,-0.085319,0.004310,0.102166,-0.002492,0.000170,1.570371,-0.300000,1.000000,1.100000,0.000000,0.000000,-1.571000,-0.066219,1.000027,0.102238,1.007418
16.070000,-0.233951,-0.000018,0.997966,-0.085210,0.004305,0.102054,-0.002482,0.000170,1.570371,-0.300000,1.000000,1.100000,0.000000,0.000000,-1.571000,-0.066049,1.000018,0.102034,1.007378
16.072000,-0.234122,-0.000010,0.998170,-0.085101,0.004300,0.101940,-0.002473,0.000170,1.570371,-0.300000,1.000000,1.100000,0.000000,0.000000,-1.571000,-0.065878,1.000010,0.101830,1.007337
16.074000,-0.234292,-0.000001,0.998374,-0.084992,0.004296,0.101827,-0.002464,0.000170,1.570371,-0.300000,1.000000,1.100000,0.000000,0.000000,-1.571000,-0.065708,1.000001,0.101626,1.007297
16.076000,-0.234462,0.000007,0.998578,-0.084882,0.004291,0.101714,-0.002456,0.000170,1.570371,-0.300000,1.000000,1.100000,0.000000,0.000000,-1.571000,-0.065538,0.999993,0.101422,1.007257
16.078000,-0.234632,0.000016,0.998781,-0.084773,0.004287,0.101600,-0.002447,0.000170,1.570371,-0.300000,1.000000,1.100000,0.000000,0.000000,-1.571000,-0.065368,0.999984,0.101219,1.007217
16.080000,-0.234801,0.000025,0.998985,-0.084664,0.004282,0.101486,-0.002439,0.000170,1.570371,-0.300000,1.000000,1.100000,0.000000,0.000000,-1.571000,-0.065199,0.999975,0.101015,1.007177
16.082000,-0.234971,0.000033,0.999188,-0.084555,0.004277,0.101373,-0.002430,0.000170,1.570371,-0.300000,1.000000,1.100000,0.000000,0.000000,-1.571000,-0.065029,0.999967,0.100812,1.007137
16.084000,-0.235140,0.000042,0.999390,-0.084446,0.004273,0.101260,-0.002422,0.000170,1.570371,-0.300000,1.000000,1.100000,0.000000,0.000000,-1.571000,-0.064860,0.999958,0.100610,1.007098
16.086000,-0.235309,0.000050,0.999593,-0.084337,0.004268,0.101147,-0.002414,0.000170,1.570371,-0.300000,1.000000,1.100000,0.000000,0.000000,-1.571000,-0.064691,0.999950,0.100407,1.007058
16.088000,-0.235477,0.000059,0.999795,-0.084228,0.004264,0.101034,-0.002406,0.000170,1.570371,-0.300000,1.000000,1.100000,0.000000,0.000000,-1.571000,-0.064523,0.999941,0.100205,1.007019
16.090000,-0.235646,0.000067,0.999997,-0.084119,0.004259,0.100921,-0.002398,0.000170,1.570371,-0.300000,1.000000,1.100000,0.000000,0.000000,-1.571000,-0.064354,0.999933,0.100003,1.006979
16.092000,-0.235814,0.000076,1.000199,-0.084010,0.004255,0.100809,-0.002391,0.000170,1.570371,-0.300000,1.000000,1.100000,0.000000,0.000000,-1.571000,-0.064186,0.999924,0.099801,1.006940
16.094000,-0.235982,0.000084,1.000401,-0.083901,0.004250,0.100696,-0.002383,0.000171,1.570371,-0.300000,1.000000,1.100000,0.000000,0.000000,-1.571000,-0.064018,0.999916,0.099599,1.006901
16.096000,-0.236150,0.000093,1.000602,-0.083793,0.004246,0.100584,-0.002375,0.000171,1.570371,-0.300000,1.000000,1.100000,0.000000,0.000000,-1.571000,-0.063850,0.999907,0.099398,1.006862
16.098000,-0.236318,0.000101,1.000803,-0.083684,0.004241,0.100471,-0.002368,0.000171,1.570371,-0.300000,1.000000,1.100000,0.000000,0.000000,-1.571000,-0.063682,0.999899,0.099197,1.006823
16.100000,-0.236485,0.000110,1.001004,-0.083575,0.004237,0.100359,-0.002360,0.000171,1.570371,-0.300000,1.000000,1.100000,0.000000,0.000000,-1.571000,-0.063515,0.999890,0.098996,1.006784
16.102000,-0.236652,0.000118,1.001205,-0.083467,0.004232,0.100246,-0.002353,0.000171,1.570370,-0.300000,1.000000,1.100000,0.000000,0.000000,-1.571000,-0.063348,0.999882,0.098795,1.006746
16.104000,-0.236819,0.000127,1.001406,-0.083358,0.004228,0.100134,-0.002345,0.000171,1.570370,-0.300000,1.000000,1.100000,0.000000,0.000000,-1.571000,-0.063181,0.999873,0.098594,1.006707
16.106000,-0.236986,0.000135,1.001606,-0.083250,0.004223,0.100021,-0.002338,0.000172,1.570370,-0.300000,1.000000,1.100000,0.000000,0.000000,-1.571000,-0.063014,0.999865,0.098394,1.006669
16.108000,-0.237152,0.000144,1.001806,-0.083141,0.004219,0.099909,-0.002331,0.000172,1.570370,-0.300000,1.000000,1.100000,0.000000,0.000000,-1.571000,-0.062848,0.999856,0.098194,1.006630
16.110000,-0.237319,0.000152,1.002006,-0.083033,0.004214,0.099797,-0.002323,0.000172,1.570370,-0.300000,1.000000,1.100000,0.000000,0.000000,-1.571000,-0.062681,0.999848,0.097994,1.006592
16.112000,-0.237485,0.000161,1.002206,-0.082925,0.004210,0.099685,-0.002316,0.000172,1.570370,-0.300000,1.000000,1.100000,0.000000,0.000000,-1.571000,-0.062515,0.999839,0.097794,1.006554
16.114000,-0.237650,0.000169,1.002405,-0.082816,0.004205,0.099574,-0.002309,0.000172,1.570370,-0.300000,1.000000,1.100000,0.000000,0.000000,-1.571000,-0.062350,0.999831,0.097595,1.006516
16.116000,-0.237816,0.000177,1.002604,-0.082708,0.004201,0.099463,-0.002302,0.000172,1.570370,-0.300000,1.000000,1.100000,0.000000,0.000000,-1.571000,-0.062184,0.999823,0.097396,1.006478
16.118000,-0.237982,0.000186,1.002803,-0.082600,0.004197,0.099352,-0.002295,0.000172,1.570370,-0.300000,1.000000,1.100000,0.000000,0.000000,-1.571000,-0.062018,0.999814,0.097197,1.006440
16.120000,-0.238147,0.000194,1.003002,-0.082492,0.004192,0.099242,-0.002287,0.000172,1.570370,-0.300000,1.000000,1.100000,0.000000,0.000000,-1.571000,-0.061853,0.999806,0.096998,1.006403
16.122000,-0.238312,0.000203,1.003200,-0.082384,0.004188,0.099132,-0.002280,0.000172,1.570370,-0.300000,1.000000,1.100000,0.000000,0.000000,-1.571000,-0.061688,0.999797,0.096800,1.006365
16.124000,-0.238477,0.000211,1.003399,-0.082276,0.004184,0.099022,-0.002273,0.000172,1.570370,-0.300000,1.000000,1.100000,0.000000,0.000000,-1.571000,-0.061523,0.999789,0.096601,1.006328
16.126000,-0.238641,0.000219,1.003597,-0.082168,0.004179,0.098913,-0.002266,0.000172,1.570370,-0.300000,1.000000,1.100000,0.000000,0.000000,-1.571000,-0.061359,0.999781,0.096403,1.006290
16.128000,-0.238805,0.000228,1.003795,-0.082060,0.004175,0.098804,-0.002259,0.000172,1.570370,-0.300000,1.000000,1.100000,0.000000,0.000000,-1.571000,-0.061195,0.999772,0.096205,1.006253
16.130000,-0.238970,0.000236,1.003992,-0.081952,0.004171,0.098696,-0.002252,0.000172,1.570370,-0.300000,1.000000,1.100000,0.000000,0.000000,-1.571000,-0.061030,0.999764,0.096008,1.006216
16.132000,-0.239133,0.000244,1.004190,-0.081845,0.004166,0.098587,-0.002244,0.000172,1.570370,-0.300000,1.000000,1.100000,0.000000,0.000000,-1.571000,-0.060867,0.999756,0.095810,1.006179
16.134000,-0.239297,0.000253,1.004387,-0.081737,0.004162,0.098477,-0.002237,0.000172,1.570369,-0.300000,1.000000,1.100000,0.000000,0.000000,-1.571000,-0.060703,0.999747,0.095613,1.006142
16.136000,-0.239461,0.000261,1.004584,-0.081629,0.004158,0.098365,-0.002229,0.000172,1.570369,-0.300000,1.000000,1.100000,0.000000,0.000000,-1.571000,-0.060539,0.999739,0.095416,1.006105
16.138000,-0.239624,0.000269,1.004781,-0.081522,0.004153,0.098251,-0.002222,0.000172,1.570369,-0.300000,1.000000,1.100000,0.000000,0.000000,-1.571000,-0.060376,0.999731,0.095219,1.006068
16.140000,-0.239787,0.000278,1.004977,-0.081414,0.004149,0.098136,-0.002214,0.000172,1.570369,-0.300000,1.000000,1.100000,0.000000,0.000000,-1.571000,-0.060213,0.999722,0.095023,1.006032
16.142000,-0.239950,0.000286,1.005173,-0.081307,0.004145,0.098019,-0.002206,0.000172,1.570369,-0.300000,1.000000,1.100000,0.000000,0.000000,-1.571000,-0.060050,0.999714,0.094827,1.005995
16.144000,-0.240112,0.000294,1.005369,-0.081199,0.004140,0.097902,-0.002198,0.000172,1.570369,-0.300000,1.000000,1.100000,0.000000,0.000000,-1.571000,-0.059888,0.999706,0.094631,1.005959
16.146000,-0.240275,0.000303,1.005565,-0.081092,0.004136,0.097784,-0.002190,0.000172,1.570369,-0.300000,1.000000,1.100000,0.000000,0.000000,-1.571000,-0.059725,0.999697,0.094435,1.005922
16.148000,-0.240437,0.000311,1.005761,-0.080984,0.004132,0.097665,-0.002182,0.000171,1.570369,-0.300000,1.000000,1.100000,0.000000,0.000000,-1.571000,-0.059563,0.999689,0.094239,1.005886
16.150000,-0.240599,0.000319,1.005956,-0.080877,0.004128,0.097546,-0.002174,0.000171,1.570369,-0.300000,1.000000,1.100000,0.000000,0.000000,-1.571000,-0.059401,0.999681,0.094044,1.005850
16.152000,-0.240761,0.000327,1.006151,-0.080770,0.004123,0.097426,-0.002166,0.000171,1.570369,-0.300000,1.000000,1.100000,0.000000,0.000000,-1.571000,-0.059239,0.999673,0.093849,1.005814
16.154000,-0.240922,0.000336,1.006346,-0.080663,0.004119,0.097306,-0.002158,0.000171,1.570368,-0.300000,1.000000,1.100000,0.000000,0.000000,-1.571000,-0.059078,0.999664,0.093654,1.005778
16.156000,-0.241084,0.000344,1.006541,-0.080555,0.004115,0.097185,-0.002150,0.000170,1.570368,-0.300000,1.000000,1.100000,0.000000,0.000000,-1.571000,-0.058916,0.999656,0.093459,1.005743
16.158000,-0.241245,0.000352,1.006735,-0.080448,0.004110,0.097064,-0.002141,0.000170,1.570368,-0.300000,1.000000,1.100000,0.000000,0.000000,-1.571000,-0.058755,0.999648,0.093265,1.005707
16.160000,-0.241406,0.000360,1.006929,-0.080341,0.004106,0.096944,-0.002133,0.000170,1.570368,-0.300000,1.000000,1.100000,0.000000,0.000000,-1.571000,-0.058594,0.999640,0.093071,1.005671
16.162000,-0.241566,0.000369,1.007123,-0.080234,0.004102,0.096823,-0.002125,0.000170,1.570368,-0.300000,1.000000,1.100000,0.000000,0.000000,-1.571000,-0.058434,0.999631,0.092877,1.005636
16.164000,-0.241727,0.000377,1.007317,-0.080127,0.004098,0.096702,-0.002116,0.000170,1.570369,-0.300000,1.000000,1.100000,0.000000,0.000000,-1.571000,-0.058273,0.999623,0.092683,1.005601
16.166000,-0.241887,0.000385,1.007510,-0.080020,0.004093,0.096581,-0.002108,0.000170,1.570369,-0.300000,1.000000,1.100000,0.000000,0.000000,-1.571000,-0.058113,0.999615,0.092490,1.005565
16.168000,-0.242047,0.000393,1.007704,-0.079913,0.004089,0.096461,-0.002100,0.000170,1.570369,-0.300000,1.000000,1.100000,0.000000,0.000000,-1.571000,-0.057953,0.999607,0.092296,1.005530
16.170000,-0.242207,0.000401,1.007896,-0.079806,0.004085,0.096340,-0.002091,0.000170,1.570369,-0.300000,1.000000,1.100000,0.000000,0.000000,-1.571000,-0.057793,0.999599,0.092104,1.005495
16.172000,-0.242366,0.000409,1.008089,-0.079699,0.004081,0.096220,-0.002083,0.000169,1.570369,-0.300000,1.000000,1.100000,0.000000,0.000000,-1.571000,-0.057634,0.999591,0.091911,1.005460
16.174000,-0.242526,0.000418,1.008282,-0.079592,0.004077,0.096099,-0.002074,0.000169,1.570369,-0.300000,1.000000,1.100000,0.000000,0.000000,-1.571000,-0.057474,0.999582,0.091718,1.005426
16.176000,-0.242685,0.000426,1.008474,-0.079485,0.004072,0.095978,-0.002065,0.000170,1.570369,-0.300000,1.000000,1.100000,0.000000,0.000000,-1.571000,-0.057315,0.999574,0.091526,1.005391
16.178000,-0.242844,0.000434,1.008666,-0.079378,0.004068,0.095857,-0.002057,0.000170,1.570369,-0.300000,1.000000,1.100000,0.000000,0.000000,-1.571000,-0.057156,0.999566,0.091334,1.005356
16.180000,-0.243003,0.000442,1.008857,-0.079271,0.004064,0.095735,-0.002048,0.000170,1.570369,-0.300000,1.000000,1.100000,0.000000,0.000000,-1.571000,-0.056997,0.999558,0.091143,1.005322
16.182000,-0.243161,0.000450,1.009049,-0.079165,0.004060,0.095613,-0.002038,0.000170,1.570369,-0.300000,1.000000,1.100000,0.000000,0.000000,-1.571000,-0.056839,0.999550,0.090951,1.005287
16.184000,-0.243320,0.000458,1.009240,-0.079058,0.004056,0.095491,-0.002029,0.000170,1.570369,-0.300000,1.000000,1.100000,0.000000,0.000000,-1.571000,-0.056680,0.999542,0.090760,1.005253
16.186000,-0.243478,0.000466,1.009431,-0.078951,0.004051,0.095369,-0.002020,0.000170,1.570369,-0.300000,1.000000,1.100000,0.000000,0.000000,-1.571000,-0.056522,0.999534,0.090569,1.005219
16.188000,-0.243636,0.000475,1.009622,-0.078844,0.004047,0.095246,-0.002010,0.000170,1.570369,-0.300000,1.000000,1.100000,0.000000,0.000000,-1.571000,-0.056364,0.999525,0.090378,1.005185
16.190000,-0.243793,0.000483,1.009812,-0.078737,0.004043,0.095124,-0.002000,0.000171,1.570369,-0.300000,1.000000,1.100000,0.000000,0.000000,-1.571000,-0.056207,0.999517,0.090188,1.005151
16.192000,-0.243951,0.000491,1.010003,-0.078631,0.004039,0.095002,-0.001989,0.000171,1.570369,-0.300000,1.000000,1.100000,0.000000,0.000000,-1.571000,-0.056049,0.999509,0.089997,1.005117
16.194000,-0.244108,0.000499,1.010193,-0.078524,0.004035,0.094880,-0.001979,0.000171,1.570369,-0.300000,1.000000,1.100000,0.000000,0.000000,-1.571000,-0.055892,0.999501,0.089807,1.005083
16.196000,-0.244265,0.000507,1.010382,-0.078417,0.004031,0.094758,-0.001968,0.000171,1.570369,-0.300000,1.000000,1.100000,0.000000,0.000000,-1.571000,-0.055735,0.999493,0.089618,1.005049
16.198000,-0.244422,0.000515,1.010572,-0.078310,0.004027,0.094636,-0.001957,0.000172,1.570369,-0.300000,1.000000,1.100000,0.000000,0.000000,-1.571000,-0.055578,0.999485,0.089428,1.005016
16.200000,-0.244579,0.000523,1.010761,-0.078204,0.004023,0.094515,-0.001946,0.000172,1.570369,-0.300000,1.000000,1.100000,0.000000,0.000000,-1.571000,-0.055421,0.999477,0.089239,1.004982
16.202000,-0.244735,0.000531,1.010950,-0.078097,0.004019,0.094394,-0.001934,0.000172,1.570369,-0.300000,1.000000,1.100000,0.000000,0.000000,-1.571000,-0.055265,0.999469,0.089050,1.004949
16.204000,-0.244891,0.000539,1.011139,-0.077990,0.004014,0.094273,-0.001923,0.000173,1.570369,-0.300000,1.000000,1.100000,0.000000,0.000000,-1.571000,-0.055109,0.999461,0.088861,1.004916
16.206000,-0.245047,0.000547,1.011328,-0.077883,0.004010,0.094152,-0.001911,0.000173,1.570368,-0.300000,1.000000,1.100000,0.000000,0.000000,-1.571000,-0.054953,0.999453,0.088672,1.004882
16.208000,-0.245203,0.000555,1.011516,-0.077776,0.004006,0.094032,-0.001900,0.000173,1.570368,-0.300000,1.000000,1.100000,0.000000,0.000000,-1.571000,-0.054797,0.999445,0.088484,1.004849
16.210000,-0.245358,0.000563,1.011704,-0.077669,0.004002,0.093912,-0.001888,0.000173,1.570368,-0.300000,1.000000,1.100000,0.000000,0.000000,-1.571000,-0.054642,0.999437,0.088296,1.004816
16.212000,-0.245514,0.000571,1.011892,-0.077562,0.003998,0.093793,-0.001876,0.000174,1.570368,-0.300000,1.000000,1.100000,0.000000,0.000000,-1.571000,-0.054486,0.999429,0.088108,1.004783
16.214000,-0.245669,0.000579,1.012079,-0.077455,0.003994,0.093674,-0.001864,0.000174,1.570368,-0.300000,1.000000,1.100000,0.000000,0.000000,-1.571000,-0.054331,0.999421,0.087921,1.004751
16.216000,-0.245824,0.000587,1.012267,-0.077348,0.003990,0.093555,-0.001852,0.000174,1.570368,-0.300000,1.000000,1.100000,0.000000,0.000000,-1.571000,-0.054176,0.999413,0.087733,1.004718
16.218000,-0.245978,0.000595,1.012454,-0.077241,0.003986,0.093435,-0.001840,0.000175,1.570368,-0.300000,1.000000,1.100000,0.000000,0.000000,-1.571000,-0.054022,0.999405,0.087546,1.004685
16.220000,-0.246133,0.000603,1.012641,-0.077134,0.003983,0.093316,-0.001828,0.000175,1.570368,-0.300000,1.000000,1.100000,0.000000,0.000000,-1.571000,-0.053867,0.999397,0.087359,1.004653
16.222000,-0.246287,0.000611,1.012827,-0.077026,0.003979,0.093197,-0.001816,0.000176,1.570368,-0.300000,1.000000,1.100000,0.000000,0.000000,-1.571000,-0.053713,0.999389,0.087173,1.004621
16.224000,-0.246441,0.000619,1.013014,-0.076919,0.003975,0.093080,-0.001805,0.000176,1.570368,-0.300000,1.000000,1.100000,0.000000,0.000000,-1.571000,-0.053559,0.999381,0.086986,1.004588
16.226000,-0.246595,0.000627,1.013200,-0.076812,0.003971,0.092965,-0.001793,0.000177,1.570368,-0.300000,1.000000,1.100000,0.000000,0.000000,-1.571000,-0.053405,0.999373,0.086800,1.004556
16.228000,-0.246749,0.000635,1.013386,-0.076705,0.003967,0.092851,-0.001782,0.000178,1.570368,-0.300000,1.000000,1.100000,0.000000,0.000000,-1.571000,-0.053251,0.999365,0.086614,1.004524
16.230000,-0.246902,0.000643,1.013572,-0.076598,0.003963,0.092738,-0.001771,0.000179,1.570368,-0.300000,1.000000,1.100000,0.000000,0.000000,-1.571000,-0.053098,0.999357,0.086428,1.004492
16.232000,-0.247055,0.000651,1.013757,-0.076490,0.003959,0.092626,-0.001761,0.000180,1.570368,-0.300000,1.000000,1.100000,0.000000,0.000000,-1.571000,-0.052945,0.999349,0.086243,1.004460
16.234000,-0.247208,0.000659,1.013942,-0.076383,0.003956,0.092515,-0.001750,0.000182,1.570368,-0.300000,1.000000,1.100000,0.000000,0.000000,-1.571000,-0.052792,0.999341,0.086058,1.004428
16.236000,-0.247361,0.000667,1.014128,-0.076276,0.003952,0.092405,-0.001740,0.000184,1.570368,-0.300000,1.000000,1.100000,0.000000,0.000000,-1.571000,-0.052639,0.999333,0.085872,1.004396
16.238000,-0.247514,0.000675,1.014312,-0.076168,0.003948,0.092296,-0.001729,0.000186,1.570368,-0.300000,1.000000,1.100000,0.000000,0.000000,-1.571000,-0.052486,0.999325,0.085688,1.004365
16.240000,-0.247666,0.000682,1.014497,-0.076061,0.003944,0.092187,-0.001719,0.000188,1.570368,-0.300000,1.000000,1.100000,0.000000,0.000000,-1.571000,-0.052334,0.999318,0.085503,1.004333
16.242000,-0.247818,0.000690,1.014681,-0.075954,0.003941,0.092078,-0.001709,0.000191,1.570368,-0.300000,1.000000,1.100000,0.000000,0.000000,-1.571000,-0.052182,0.999310,0.085319,1.004302
16.244000,-0.247970,0.000698,1.014866,-0.075846,0.003937,0.091967,-0.001700,0.000194,1.570369,-0.300000,1.000000,1.100000,0.000000,0.000000,-1.571000,-0.052030,0.999302,0.085134,1.004270
16.246000,-0.248122,0.000706,1.015049,-0.075739,0.003934,0.091856,-0.001690,0.000198,1.570369,-0.300000,1.000000,1.100000,0.000000,0.000000,-1.571000,-0.051878,0.999294,0.084951,1.004239
16.248000,-0.248273,0.000714,1.015233,-0.075632,0.003930,0.091745,-0.001681,0.000202,1.570369,-0.300000,1.000000,1.100000,0.000000,0.000000,-1.571000,-0.051727,0.999286,0.084767,1.004208
16.250000,-0.248424,0.000722,1.015417,-0.075525,0.003927,0.091633,-0.001672,0.000206,1.570369,-0.300000,1.000000,1.100000,0.000000,0.000000,-1.571000,-0.051576,0.999278,0.084583,1.004177
16.252000,-0.248575,0.000730,1.015600,-0.075417,0.003924,0.091520,-0.001663,0.000211,1.570369,-0.300000,1.000000,1.100000,0.000000,0.000000,-1.571000,-0.051425,0.999270,0.084400,1.004146
16.254000,-0.248726,0.000738,1.015783,-0.075310,0.003921,0.091407,-0.001654,0.000216,1.570369,-0.300000,1.000000,1.100000,0.000000,0.000000,-1.571000,-0.051274,0.999262,0.084217,1.004115
16.256000,-0.248877,0.000745,1.015966,-0.075203,0.003918,0.091294,-0.001646,0.000221,1.570369,-0.300000,1.000000,1.100000,0.000000,0.000000,-1.571000,-0.051123,0.999255,0.084034,1.004084
16.258000,-0.249027,0.000753,1.016148,-0.075096,0.003915,0.091180,-0.001637,0.000226,1.570369,-0.300000,1.000000,1.100000,0.000000,0.000000,-1.571000,-0.050973,0.999247,0.083852,1.004054
16.260000,-0.249177,0.000761,1.016331,-0.074989,0.003912,0.091066,-0.001629,0.000232,1.570369,-0.300000,1.000000,1.100000,0.000000,0.000000,-1.571000,-0.050823,0.999239,0.083669,1.004023
16.262000,-0.249327,0.000769,1.016513,-0.074882,0.003910,0.090952,-0.001621,0.000239,1.570369,-0.300000,1.000000,1.100000,0.000000,0.000000,-1.571000,-0.050673,0.999231,0.083487,1.003992
16.264000,-0.249477,0.000777,1.016695,-0.074775,0.003907,0.090837,-0.001614,0.000245,1.570369,-0.300000,1.000000,1.100000,0.000000,0.000000,-1.571000,-0.050523,0.999223,0.083305,1.003962
16.266000,-0.249627,0.000785,1.016877,-0.074668,0.003905,0.090721,-0.001606,0.000252,1.570369,-0.300000,1.000000,1.100000,0.000000,0.000000,-1.571000,-0.050373,0.999215,0.083123,1.003932
16.268000,-0.249776,0.000792,1.017058,-0.074561,0.003902,0.090606,-0.001599,0.000259,1.570369,-0.300000,1.000000,1.100000,0.000000,0.000000,-1.571000,-0.050224,0.999208,0.082942,1.003901
16.270000,-0.249925,0.000800,1.017239,-0.074454,0.003900,0.090490,-0.001592,0.000266,1.570369,-0.300000,1.000000,1.100000,0.000000,0.000000,-1.571000,-0.050075,0.999200,0.082761,1.003871
16.272000,-0.250074,0.000808,1.017420,-0.074347,0.003898,0.090374,-0.001586,0.000274,1.570369,-0.300000,1.000000,1.100000,0.000000,0.000000,-1.571000,-0.049926,0.999192,0.082580,1.003841
16.274000,-0.250223,0.000816,1.017601,-0.074240,0.003897,0.090259,-0.001579,0.000282,1.570369,-0.300000,1.000000,1.100000,0.000000,0.000000,-1.571000,-0.049777,0.999184,0.082399,1.003811
16.276000,-0.250371,0.000824,1.017782,-0.074134,0.003895,0.090143,-0.001573,0.000290,1.570369,-0.300000,1.000000,1.100000,0.000000,0.000000,-1.571000,-0.049629,0.999176,0.082218,1.003781
16.278000,-0.250519,0.000831,1.017962,-0.074027,0.003893,0.090028,-0.001567,0.000298,1.570369,-0.300000,1.000000,1.100000,0.000000,0.000000,-1.571000,-0.049481,0.999169,0.082038,1.003751
16.280000,-0.250667,0.000839,1.018142,-0.073920,0.003892,0.089913,-0.001561,0.000307,1.570369,-0.300000,1.000000,1.100000,0.000000,0.000000,-1.571000,-0.049333,0.999161,0.081858,1.003722
16.282000,-0.250815,0.000847,1.018322,-0.073814,0.003891,0.089798,-0.001555,0.000316,1.570369,-0.300000,1.000000,1.100000,0.000000,0.000000,-1.571000,-0.049185,0.999153,0.081678,1.003692
16.284000,-0.250963,0.000855,1.018501,-0.073708,0.003890,0.089683,-0.001550,0.000324,1.570369,-0.300000,1.000000,1.100000,0.000000,0.000000,-1.571000,-0.049037,0.999145,0.081499,1.003662
16.286000,-0.251110,0.000862,1.018681,-0.073601,0.003889,0.089568,-0.001544,0.000333,1.570369,-0.300000,1.000000,1.100000,0.000000,0.000000,-1.571000,-0.048890,0.999138,0.081319,1.003633
16.288000,-0.251257,0.000870,1.018860,-0.073495,0.003889,0.089454,-0.001538,0.000342,1.570368,-0.300000,1.000000,1.100000,0.000000,0.000000,-1.571000,-0.048743,0.999130,0.081140,1.003603
16.290000,-0.251404,0.000878,1.019039,-0.073389,0.003888,0.089340,-0.001533,0.000351,1.570368,-0.300000,1.000000,1.100000,0.000000,0.000000,-1.571000,-0.048596,0.999122,0.080961,1.003574
16.292000,-0.251551,0.000886,1.019217,-0.073283,0.003888,0.089226,-0.001527,0.000361,1.570368,-0.300000,1.000000,1.100000,0.000000,0.000000,-1.571000,-0.048449,0.999114,0.080783,1.003545
16.294000,-0.251698,0.000894,1.019396,-0.073177,0.003888,0.089113,-0.001521,0.000370,1.570368,-0.300000,1.000000,1.100000,0.000000,0.000000,-1.571000,-0.048302,0.999106,0.080604,1.003516
16.296000,-0.251844,0.000901,1.019574,-0.073071,0.003888,0.089000,-0.001515,0.000379,1.570368,-0.300000,1.000000,1.100000,0.000000,0.000000,-1.571000,-0.048156,0.999099,0.080426,1.003487
16.298000,-0.251990,0.000909,1.019752,-0.072966,0.003888,0.088888,-0.001509,0.000389,1.570368,-0.300000,1.000000,1.100000,0.000000,0.000000,-1.571000,-0.048010,0.999091,0.080248,1.003458
16.300000,-0.252136,0.000917,1.019930,-0.072860,0.003889,0.088775,-0.001503,0.000398,1.570368,-0.300000,1.000000,1.100000,0.000000,0.000000,-1.571000,-0.047864,0.999083,0.080070,1.003429
16.302000,-0.252282,0.000925,1.020107,-0.072754,0.003889,0.088662,-0.001497,0.000407,1.570368,-0.300000,1.000000,1.100000,0.000000,0.000000,-1.571000,-0.047718,0.999075,0.079893,1.003400
16.304000,-0.252427,0.000933,1.020285,-0.072649,0.003890,0.088549,-0.001491,0.000417,1.570368,-0.300000,1.000000,1.100000,0.000000,0.000000,-1.571000,-0.047573,0.999067,0.079715,1.003371
16.306000,-0.252573,0.000940,1.020462,-0.072543,0.003891,0.088436,-0.001485,0.000426,1.570368,-0.300000,1.000000,1.100000,0.000000,0.000000,-1.571000,-0.047427,0.999060,0.079538,1.003342
16.308000,-0.252718,0.000948,1.020639,-0.072438,0.003893,0.088322,-0.001478,0.000435,1.570368,-0.300000,1.000000,1.100000,0.000000,0.000000,-1.571000,-0.047282,0.999052,0.079361,1.003314
16.310000,-0.252863,0.000956,1.020815,-0.072333,0.003894,0.088209,-0.001472,0.000444,1.570368,-0.300000,1.000000,1.100000,0.000000,0.000000,-1.571000,-0.047137,0.999044,0.079185,1.003285
16.312000,-0.253007,0.000964,1.020992,-0.072227,0.003895,0.088095,-0.001466,0.000453,1.570368,-0.300000,1.000000,1.100000,0.000000,0.000000,-1.571000,-0.046993,0.999036,0.079008,1.003257
16.314000,-0.253152,0.000972,1.021168,-0.072122,0.003897,0.087982,-0.001460,0.000461,1.570368,-0.300000,1.000000,1.100000,0.000000,0.000000,-1.571000,-0.046848,0.999028,0.078832,1.003228
16.316000,-0.253296,0.000979,1.021344,-0.072017,0.003899,0.087868,-0.001453,0.000470,1.570368,-0.300000,1.000000,1.100000,0.000000,0.000000,-1.571000,-0.046704,0.999021,0.078656,1.003200
16.318000,-0.253440,0.000987,1.021520,-0.071912,0.003901,0.087755,-0.001447,0.000478,1.570368,-0.300000,1.000000,1.100000,0.000000,0.000000,-1.571000,-0.046560,0.999013,0.078480,1.003172
16.320000,-0.253584,0.000995,1.021695,-0.071807,0.003903,0.087641,-0.001441,0.000485,1.570368,-0.300000,1.000000,1.100000,0.000000,0.000000,-1.571000,-0.046416,0.999005,0.078305,1.003144
16.322000,-0.253727,0.001003,1.021871,-0.071702,0.003906,0.087529,-0.001435,0.000493,1.570368,-0.300000,1.000000,1.100000,0.000000,0.000000,-1.571000,-0.046273,0.998997,0.078129,1.003116
16.324000,-0.253871,0.001011,1.022046,-0.071597,0.003908,0.087416,-0.001429,0.000500,1.570368,-0.300000,1.000000,1.100000,0.000000,0.000000,-1.571000,-0.046129,0.998989,0.077954,1.003088
16.326000,-0.254014,0.001018,1.022220,-0.071493,0.003911,0.087304,-0.001423,0.000507,1.570368,-0.300000,1.000000,1.100000,0.000000,0.000000,-1.571000,-0.045986,0.998982,0.077780,1.003060
16.328000,-0.254157,0.001026,1.022395,-0.071388,0.003913,0.087192,-0.001417,0.000514,1.570368,-0.300000,1.000000,1.100000,0.000000,0.000000,-1.571000,-0.045843,0.998974,0.077605,1.003032
16.330000,-0.254300,0.001034,1.022569,-0.071284,0.003916,0.087080,-0.001411,0.000520,1.570368,-0.300000,1.000000,1.100000,0.000000,0.000000,-1.571000,-0.045700,0.998966,0.077431,1.003004
16.332000,-0.254442,0.001042,1.022744,-0.071179,0.003919,0.086969,-0.001406,0.000526,1.570368,-0.300000,1.000000,1.100000,0.000000,0.000000,-1.571000,-0.045558,0.998958,0.077256,1.002976
16.334000,-0.254584,0.001050,1.022918,-0.071075,0.003922,0.086858,-0.001400,0.000531,1.570368,-0.300000,1.000000,1.100000,0.000000,0.000000,-1.571000,-0.045416,0.998950,0.077082,1.002949
16.336000,-0.254727,0.001058,1.023091,-0.070970,0.003926,0.086747,-0.001394,0.000536,1.570368,-0.300000,1.000000,1.100000,0.000000,0.000000,-1.571000,-0.045273,0.998942,0.076909,1.002921
16.338000,-0.254869,0.001066,1.023265,-0.070866,0.003929,0.086636,-0.001389,0.000541,1.570368,-0.300000,1.000000,1.100000,0.000000,0.000000,-1.571000,-0.045131,0.998934,0.076735,1.002893
16.340000,-0.255010,0.001073,1.023438,-0.070762,0.003932,0.086527,-0.001383,0.000546,1.570368,-0.300000,1.000000,1.100000,0.000000,0.000000,-1.571000,-0.044990,0.998927,0.076562,1.002866
16.342000,-0.255152,0.001081,1.023611,-0.070658,0.003936,0.086417,-0.001377,0.000550,1.570368,-0.300000,1.000000,1.100000,0.000000,0.000000,-1.571000,-0.044848,0.998919,0.076389,1.002839
16.344000,-0.255293,0.001089,1.023784,-0.070554,0.003939,0.086308,-0.001372,0.000553,1.570368,-0.300000,1.000000,1.100000,0.000000,0.000000,-1.571000,-0.044707,0.998911,0.076216,1.002811
16.346000,-0.255434,0.001097,1.023957,-0.070450,0.003943,0.086199,-0.001366,0.000557,1.570368,-0.300000,1.000000,1.100000,0.000000,0.000000,-1.571000,-0.044566,0.998903,0.076043,1.002784
16.348000,-0.255575,0.001105,1.024129,-0.070346,0.003946,0.086089,-0.001360,0.000560,1.570368,-0.300000,1.000000,1.100000,0.000000,0.000000,-1.571000,-0.044425,0.998895,0.075871,1.002757
16.350000,-0.255716,0.001113,1.024301,-0.070242,0.003950,0.085980,-0.001354,0.000562,1.570368,-0.300000,1.000000,1.100000,0.000000,0.000000,-1.571000,-0.044284,0.998887,0.075699,1.002730
16.352000,-0.255856,0.001121,1.024473,-0.070139,0.003954,0.085869,-0.001348,0.000565,1.570368,-0.300000,1.000000,1.100000,0.000000,0.000000,-1.571000,-0.044144,0.998879,0.075527,1.002703
16.354000,-0.255996,0.001129,1.024645,-0.070035,0.003958,0.085757,-0.001341,0.000567,1.570368,-0.300000,1.000000,1.100000,0.000000,0.000000,-1.571000,-0.044004,0.998871,0.075355,1.002676
16.356000,-0.256137,0.001137,1.024816,-0.069932,0.003961,0.085642,-0.001335,0.000569,1.570368,-0.300000,1.000000,1.100000,0.000000,0.000000,-1.571000,-0.043863,0.998863,0.075184,1.002649
16.358000,-0.256276,0.001145,1.024988,-0.069828,0.003965,0.085527,-0.001329,0.000571,1.570368,-0.300000,1.000000,1.100000,0.000000,0.000000,-1.571000,-0.043724,0.998855,0.075012,1.002622
16.360000,-0.256416,0.001152,1.025159,-0.069725,0.003969,0.085409,-0.001323,0.000573,1.570368,-0.300000,1.000000,1.100000,0.000000,0.000000,-1.571000,-0.043584,0.998848,0.074841,1.002595
16.362000,-0.256555,0.001160,1.025330,-0.069621,0.003973,0.085291,-0.001316,0.000575,1.570368,-0.300000,1.000000,1.100000,0.000000,0.000000,-1.571000,-0.043445,0.998840,0.074670,1.002568
16.364000,-0.256695,0.001168,1.025500,-0.069518,0.003977,0.085172,-0.001310,0.000576,1.570368,-0.300000,1.000000,1.100000,0.000000,0.000000,-1.571000,-0.043305,0.998832,0.074500,1.002542
16.366000,-0.256834,0.001176,1.025671,-0.069415,0.003981,0.085052,-0.001303,0.000578,1.570368,-0.300000,1.000000,1.100000,0.000000,0.000000,-1.571000,-0.043166,0.998824,0.074329,1.002515
16.368000,-0.256972,0.001184,1.025841,-0.069312,0.003985,0.084931,-0.001297,0.000579,1.570368,-0.300000,1.000000,1.100000,0.000000,0.000000,-1.571000,-0.043028,0.998816,0.074159,1.002489
16.370000,-0.257111,0.001192,1.026010,-0.069208,0.003989,0.084809,-0.001290,0.000580,1.570368,-0.300000,1.000000,1.100000,0.000000,0.000000,-1.571000,-0.042889,0.998808,0.073990,1.002462
16.372000,-0.257249,0.001200,1.026180,-0.069105,0.003993,0.084687,-0.001284,0.000581,1.570368,-0.300000,1.000000,1.100000,0.000000,0.000000,-1.571000,-0.042751,0.998800,0.073820,1.002436
16.374000,-0.257388,0.001208,1.026349,-0.069002,0.003997,0.084564,-0.001277,0.000582,1.570368,-0.300000,1.000000,1.100000,0.000000,0.000000,-1.571000,-0.042612,0.998792,0.073651,1.002410
16.376000,-0.257526,0.001216,1.026519,-0.068900,0.004001,0.084441,-0.001271,0.000583,1.570368,-0.300000,1.000000,1.100000,0.000000,0.000000,-1.571000,-0.042474,0.998784,0.073481,1.002383
16.378000,-0.257663,0.001224,1.026687,-0.068797,0.004005,0.084318,-0.001264,0.000584,1.570368,-0.300000,1.000000,1.100000,0.000000,0.000000,-1.571000,-0.042337,0.998776,0.073313,1.002357
16.380000,-0.257801,0.001232,1.026856,-0.068694,0.004009,0.084195,-0.001258,0.000585,1.570368,-0.300000,1.000000,1.100000,0.000000,0.000000,-1.571000,-0.042199,0.998768,0.073144,1.002331
16.382000,-0.257938,0.001240,1.027024,-0.068591,0.004013,0.084072,-0.001251,0.000586,1.570368,-0.300000,1.000000,1.100000,0.000000,0.000000,-1.571000,-0.042062,0.998760,0.072976,1.002305
16.384000,-0.258076,0.001248,1.027193,-0.068489,0.004017,0.083949,-0.001244,0.000587,1.570368,-0.300000,1.000000,1.100000,0.000000,0.000000,-1.571000,-0.041924,0.998752,0.072807,1.002279
16.386000,-0.258213,0.001256,1.027360,-0.068386,0.004021,0.083825,-0.001238,0.000588,1.570368,-0.300000,1.000000,1.100000,0.000000,0.000000,-1.571000,-0.041787,0.998744,0.072640,1.002253
16.388000,-0.258349,0.001265,1.027528,-0.068283,0.004025,0.083702,-0.001231,0.000589,1.570368,-0.300000,1.000000,1.100000,0.000000,0.000000,-1.571000,-0.041651,0.998735,0.072472,1.002227
16.390000,-0.258486,0.001273,1.027695,-0.068181,0.004029,0.083579,-0.001224,0.000590,1.570368,-0.300000,1.000000,1.100000,0.000000,0.000000,-1.571000,-0.041514,0.998727,0.072305,1.002201
16.392000,-0.258622,0.001281,1.027863,-0.068078,0.004033,0.083455,-0.001217,0.000591,1.570368,-0.300000,1.000000,1.100000,0.000000,0.000000,-1.571000,-0.041378,0.998719,0.072137,1.002176
16.394000,-0.258758,0.001289,1.028029,-0.067976,0.004038,0.083331,-0.001209,0.000592,1.570368,-0.300000,1.000000,1.100000,0.000000,0.000000,-1.571000,-0.041242,0.998711,0.071971,1.002150
16.396000,-0.258894,0.001297,1.028196,-0.067874,0.004042,0.083207,-0.001202,0.000593,1.570368,-0.300000,1.000000,1.100000,0.000000,0.000000,-1.571000,-0.041106,0.998703,0.071804,1.002124
16.398000,-0.259030,0.001305,1.028362,-0.067771,0.004046,0.083082,-0.001194,0.000594,1.570368,-0.300000,1.000000,1.100000,0.000000,0.000000,-1.571000,-0.040970,0.998695,0.071638,1.002099
16.400000,-0.259166,0.001313,1.028529,-0.067669,0.004050,0.082958,-0.001186,0.000594,1.570368,-0.300000,1.000000,1.100000,0.000000,0.000000,-1.571000,-0.040834,0.998687,0.071471,1.002073
16.402000,-0.259301,0.001321,1.028695,-0.067567,0.004054,0.082834,-0.001178,0.000595,1.570368,-0.300000,1.000000,1.100000,0.000000,0.000000,-1.571000,-0.040699,0.998679,0.071305,1.002048
16.404000,-0.259436,0.001329,1.028860,-0.067465,0.004058,0.082709,-0.001170,0.000596,1.570368,-0.300000,1.000000,1.100000,0.000000,0.000000,-1.571000,-0.040564,0.998671,0.071140,1.002023
16.406000,-0.259571,0.001337,1.029026,-0.067362,0.004063,0.082585,-0.001162,0.000597,1.570368,-0.300000,1.000000,1.100000,0.000000,0.000000,-1.571000,-0.040429,0.998663,0.070974,1.001997
16.408000,-0.259706,0.001346,1.029191,-0.067260,0.004067,0.082460,-0.001153,0.000598,1.570368,-0.300000,1.000000,1.100000,0.000000,0.000000,-1.571000,-0.040294,0.998654,0.070809,1.001972
16.410000,-0.259840,0.001354,1.029356,-0.067158,0.004071,0.082336,-0.001145,0.000599,1.570368,-0.300000,1.000000,1.100000,0.000000,0.000000,-1.571000,-0.040160,0.998646,0.070644,1.001947
16.412000,-0.259974,0.001362,1.029520,-0.067056,0.004075,0.082213,-0.001136,0.000600,1.570368,-0.300000,1.000000,1.100000,0.000000,0.000000,-1.571000,-0.040026,0.998638,0.070480,1.001922
16.414000,-0.260108,0.001370,1.029685,-0.066954,0.004079,0.082089,-0.001127,0.000601,1.570368,-0.300000,1.000000,1.100000,0.000000,0.000000,-1.571000,-0.039892,0.998630,0.070315,1.001897
16.416000,-0.260242,0.001378,1.029849,-0.066852,0.004084,0.081966,-0.001119,0.000602,1.570368,-0.300000,1.000000,1.100000,0.000000,0.000000,-1.571000,-0.039758,0.998622,0.070151,1.001872
16.418000,-0.260376,0.001386,1.030013,-0.066750,0.004088,0.081843,-0.001110,0.000603,1.570368,-0.300000,1.000000,1.100000,0.000000,0.000000,-1.571000,-0.039624,0.998614,0.069987,1.001847
16.420000,-0.260510,0.001395,1.030176,-0.066648,0.004092,0.081720,-0.001101,0.000604,1.570368,-0.300000,1.000000,1.100000,0.000000,0.000000,-1.571000,-0.039490,0.998605,0.069824,1.001822
16.422000,-0.260643,0.001403,1.030340,-0.066546,0.004096,0.081598,-0.001093,0.000605,1.570368,-0.300000,1.000000,1.100000,0.000000,0.000000,-1.571000,-0.039357,0.998597,0.069660,1.001797
16.424000,-0.260776,0.001411,1.030503,-0.066444,0.004101,0.081476,-0.001084,0.000605,1.570368,-0.300000,1.000000,1.100000,0.000000,0.000000,-1.571000,-0.039224,0.998589,0.069497,1.001773
16.426000,-0.260909,0.001419,1.030666,-0.066342,0.004105,0.081355,-0.001076,0.000606,1.570368,-0.300000,1.000000,1.100000,0.000000,0.000000,-1.571000,-0.039091,0.998581,0.069334,1.001748
16.428000,-0.261041,0.001427,1.030829,-0.066240,0.004109,0.081233,-0.001067,0.000607,1.570368,-0.300000,1.000000,1.100000,0.000000,0.000000,-1.571000,-0.038959,0.998573,0.069171,1.001723
16.430000,-0.261174,0.001436,1.030991,-0.066138,0.004113,0.081112,-0.001059,0.000608,1.570368,-0.300000,1.000000,1.100000,0.000000,0.000000,-1.571000,-0.038826,0.998564,0.069009,1.001699
16.432000,-0.261306,0.001444,1.031153,-0.066036,0.004118,0.080992,-0.001051,0.000609,1.570368,-0.300000,1.000000,1.100000,0.000000,0.000000,-1.571000,-0.038694,0.998556,0.068847,1.001674
16.434000,-0.261438,0.001452,1.031315,-0.065934,0.004122,0.080872,-0.001043,0.000610,1.570368,-0.300000,1.000000,1.100000,0.000000,0.000000,-1.571000,-0.038562,0.998548,0.068685,1.001650
16.436000,-0.261570,0.001460,1.031477,-0.065832,0.004126,0.080753,-0.001035,0.000611,1.570367,-0.300000,1.000000,1.100000,0.000000,0.000000,-1.571000,-0.038430,0.998540,0.068523,1.001625
16.438000,-0.261702,0.001469,1.031638,-0.065731,0.004131,0.080634,-0.001028,0.000611,1.570367,-0.300000,1.000000,1.100000,0.000000,0.000000,-1.571000,-0.038298,0.998531,0.068362,1.001601
16.440000,-0.261833,0.001477,1.031800,-0.065629,0.004135,0.080515,-0.001020,0.000612,1.570367,-0.300000,1.000000,1.100000,0.000000,0.000000,-1.571000,-0.038167,0.998523,0.068200,1.001577
16.442000,-0.261964,0.001485,1.031961,-0.065527,0.004139,0.080395,-0.001013,0.000613,1.570367,-0.300000,1.000000,1.100000,0.000000,0.000000,-1.571000,-0.038036,0.998515,0.068039,1.001553
16.444000,-0.262095,0.001494,1.032121,-0.065426,0.004144,0.080276,-0.001006,0.000614,1.570367,-0.300000,1.000000,1.100000,0.000000,0.000000,-1.571000,-0.037905,0.998506,0.067879,1.001529
16.446000,-0.262226,0.001502,1.032282,-0.065324,0.004148,0.080157,-0.000999,0.000615,1.570367,-0.300000,1.000000,1.100000,0.000000,0.000000,-1.571000,-0.037774,0.998498,0.067718,1.001504
16.448000,-0.262357,0.001510,1.032442,-0.065222,0.004153,0.080037,-0.000992,0.000616,1.570367,-0.300000,1.000000,1.100000,0.000000,0.000000,-1.571000,-0.037643,0.998490,0.067558,1.001480
16.450000,-0.262487,0.001518,1.032602,-0.065121,0.004157,0.079919,-0.000985,0.000617,1.570367,-0.300000,1.000000,1.100000,0.000000,0.000000,-1.571000,-0.037513,0.998482,0.067398,1.001456
16.452000,-0.262617,0.001527,1.032762,-0.065019,0.004161,0.079800,-0.000978,0.000618,1.570367,-0.300000,1.000000,1.100000,0.000000,0.000000,-1.571000,-0.037383,0.998473,0.067238,1.001433
16.454000,-0.262747,0.001535,1.032922,-0.064918,0.004166,0.079682,-0.000971,0.000619,1.570367,-0.300000,1.000000,1.100000,0.000000,0.000000,-1.571000,-0.037253,0.998465,0.067078,1.001409
16.456000,-0.262877,0.001543,1.033081,-0.064817,0.004170,0.079564,-0.000965,0.000621,1.570367,-0.300000,1.000000,1.100000,0.000000,0.000000,-1.571000,-0.037123,0.998457,0.066919,1.001385
16.458000,-0.263007,0.001552,1.033240,-0.064715,0.004175,0.079446,-0.000958,0.000622,1.570367,-0.300000,1.000000,1.100000,0.000000,0.000000,-1.571000,-0.036993,0.998448,0.066760,1.001361
16.460000,-0.263136,0.001560,1.033399,-0.064614,0.004179,0.079328,-0.000951,0.000623,1.570367,-0.300000,1.000000,1.100000,0.000000,0.000000,-1.571000,-0.036864,0.998440,0.066601,1.001337
16.462000,-0.263266,0.001569,1.033558,-0.064513,0.004184,0.079211,-0.000945,0.000624,1.570367,-0.300000,1.000000,1.100000,0.000000,0.000000,-1.571000,-0.036734,0.998431,0.066442,1.001314
16.464000,-0.263395,0.001577,1.033716,-0.064412,0.004188,0.079094,-0.000938,0.000625,1.570367,-0.300000,1.000000,1.100000,0.000000,0.000000,-1.571000,-0.036605,0.998423,0.066284,1.001290
16.466000,-0.263523,0.001585,1.033874,-0.064311,0.004193,0.078977,-0.000932,0.000626,1.570367,-0.300000,1.000000,1.100000,0.000000,0.000000,-1.571000,-0.036477,0.998415,0.066126,1.001267
16.468000,-0.263652,0.001594,1.034032,-0.064210,0.004197,0.078861,-0.000925,0.000628,1.570367,-0.300000,1.000000,1.100000,0.000000,0.000000,-1.571000,-0.036348,0.998406,0.065968,1.001243
16.470000,-0.263780,0.001602,1.034190,-0.064109,0.004202,0.078746,-0.000919,0.000629,1.570367,-0.300000,1.000000,1.100000,0.000000,0.000000,-1.571000,-0.036220,0.998398,0.065810,1.001220
16.472000,-0.263908,0.001611,1.034347,-0.064008,0.004206,0.078631,-0.000912,0.000630,1.570367,-0.300000,1.000000,1.100000,0.000000,0.000000,-1.571000,-0.036092,0.998389,0.065653,1.001196
16.474000,-0.264036,0.001619,1.034505,-0.063907,0.004211,0.078516,-0.000906,0.000631,1.570367,-0.300000,1.000000,1.100000,0.000000,0.000000,-1.571000,-0.035964,0.998381,0.065495,1.001173
16.476000,-0.264164,0.001627,1.034662,-0.063806,0.004215,0.078401,-0.000900,0.000632,1.570367,-0.300000,1.000000,1.100000,0.000000,0.000000,-1.571000,-0.035836,0.998373,0.065338,1.001150
16.478000,-0.264292,0.001636,1.034818,-0.063706,0.004220,0.078287,-0.000894,0.000633,1.570367,-0.300000,1.000000,1.100000,0.000000,0.000000,-1.571000,-0.035708,0.998364,0.065182,1.001127
16.480000,-0.264419,0.001644,1.034975,-0.063605,0.004224,0.078174,-0.000887,0.000634,1.570367,-0.300000,1.000000,1.100000,0.000000,0.000000,-1.571000,-0.035581,0.998356,0.065025,1.001104
16.482000,-0.264546,0.001653,1.035131,-0.063505,0.004229,0.078060,-0.000882,0.000635,1.570367,-0.300000,1.000000,1.100000,0.000000,0.000000,-1.571000,-0.035454,0.998347,0.064869,1.001080
16.484000,-0.264673,0.001661,1.035287,-0.063404,0.004234,0.077947,-0.000876,0.000635,1.570367,-0.300000,1.000000,1.100000,0.000000,0.000000,-1.571000,-0.035327,0.998339,0.064713,1.001057
16.486000,-0.264800,0.001670,1.035443,-0.063304,0.004238,0.077835,-0.000870,0.000635,1.570367,-0.300000,1.000000,1.100000,0.000000,0.000000,-1.571000,-0.035200,0.998330,0.064557,1.001034
16.488000,-0.264927,0.001678,1.035599,-0.063203,0.004243,0.077722,-0.000865,0.000636,1.570368,-0.300000,1.000000,1.100000,0.000000,0.000000,-1.571000,-0.035073,0.998322,0.064401,1.001011
16.490000,-0.265053,0.001687,1.035754,-0.063103,0.004248,0.077610,-0.000859,0.000636,1.570368,-0.300000,1.000000,1.100000,0.000000,0.000000,-1.571000,-0.034947,0.998313,0.064246,1.000989
16.492000,-0.265179,0.001695,1.035910,-0.063003,0.004252,0.077497,-0.000854,0.000636,1.570368,-0.300000,1.000000,1.100000,0.000000,0.000000,-1.571000,-0.034821,0.998305,0.064090,1.000966
16.494000,-0.265305,0.001704,1.036065,-0.062903,0.004257,0.077385,-0.000849,0.000635,1.570368,-0.300000,1.000000,1.100000,0.000000,0.000000,-1.571000,-0.034695,0.998296,0.063935,1.000943
16.496000,-0.265431,0.001712,1.036219,-0.062803,0.004261,0.077273,-0.000844,0.000635,1.570368,-0.300000,1.000000,1.100000,0.000000,0.000000,-1.571000,-0.034569,0.998288,0.063781,1.000920
16.498000,-0.265557,0.001721,1.036374,-0.062703,0.004266,0.077160,-0.000839,0.000634,1.570368,-0.300000,1.000000,1.100000,0.000000,0.000000,-1.571000,-0.034443,0.998279,0.063626,1.000898
16.500000,-0.265682,0.001729,1.036528,-0.062603,0.004270,0.077048,-0.000834,0.000633,1.570368,-0.300000,1.000000,1.100000,0.000000,0.000000,-1.571000,-0.034318,0.998271,0.063472,1.000875
16.502000,-0.265807,0.001738,1.036682,-0.062503,0.004275,0.076936,-0.000829,0.000632,1.570368,-0.300000,1.000000,1.100000,0.000000,0.000000,-1.571000,-0.034193,0.998262,0.063318,1.000852
16.504000,-0.265932,0.001747,1.036836,-0.062404,0.004279,0.076825,-0.000825,0.000631,1.570368,-0.300000,1.000000,1.100000,0.000000,0.000000,-1.571000,-0.034068,0.998253,0.063164,1.000830
16.506000,-0.266057,0.001755,1.036990,-0.062304,0.004284,0.076714,-0.000820,0.000629,1.570368,-0.300000,1.000000,1.100000,0.000000,0.000000,-1.571000,-0.033943,0.998245,0.063010,1.000807
16.508000,-0.266182,0.001764,1.037143,-0.062205,0.004288,0.076603,-0.000816,0.000628,1.570368,-0.300000,1.000000,1.100000,0.000000,0.000000,-1.571000,-0.033818,0.998236,0.062857,1.000785
16.510000,-0.266306,0.001772,1.037296,-0.062105,0.004292,0.076492,-0.000812,0.000626,1.570368,-0.300000,1.000000,1.100000,0.000000,0.000000,-1.571000,-0.033694,0.998228,0.062704,1.000763
16.512000,-0.266430,0.001781,1.037449,-0.062006,0.004297,0.076382,-0.000808,0.000624,1.570368,-0.300000,1.000000,1.100000,0.000000,0.000000,-1.571000,-0.033570,0.998219,0.062551,1.000740
16.514000,-0.266554,0.001789,1.037602,-0.061907,0.004301,0.076272,-0.000804,0.000622,1.570368,-0.300000,1.000000,1.100000,0.000000,0.000000,-1.571000,-0.033446,0.998211,0.062398,1.000718
16.516000,-0.266678,0.001798,1.037755,-0.061808,0.004305,0.076163,-0.000800,0.000619,1.570368,-0.300000,1.000000,1.100000,0.000000,0.000000,-1.571000,-0.033322,0.998202,0.062245,1.000696
16.518000,-0.266802,0.001807,1.037907,-0.061709,0.004309,0.076054,-0.000796,0.000617,1.570368,-0.300000,1.000000,1.100000,0.000000,0.000000,-1.571000,-0.033198,0.998193,0.062093,1.000674
16.520000,-0.266925,0.001815,1.038059,-0.061610,0.004314,0.075945,-0.000792,0.000614,1.570368,-0.300000,1.000000,1.100000,0.000000,0.000000,-1.571000,-0.033075,0.998185,0.061941,1.000651
16.522000,-0.267048,0.001824,1.038211,-0.061511,0.004318,0.075835,-0.000788,0.000611,1.570368,-0.300000,1.000000,1.100000,0.000000,0.000000,-1.571000,-0.032952,0.998176,0.061789,1.000629
16.524000,-0.267171,0.001833,1.038363,-0.061413,0.004322,0.075724,-0.000784,0.000608,1.570368,-0.300000,1.000000,1.100000,0.000000,0.000000,-1.571000,-0.032829,0.998167,0.061637,1.000607
16.526000,-0.267294,0.001841,1.038514,-0.061314,0.004325,0.075611,-0.000780,0.000605,1.570368,-0.300000,1.000000,1.100000,0.000000,0.000000,-1.571000,-0.032706,0.998159,0.061486,1.000585
16.528000,-0.267417,0.001850,1.038665,-0.061216,0.004329,0.075497,-0.000776,0.000602,1.570368,-0.300000,1.000000,1.100000,0.000000,0.000000,-1.571000,-0.032583,0.998150,0.061335,1.000563
16.530000,-0.267539,0.001859,1.038816,-0.061118,0.004333,0.075382,-0.000772,0.000599,1.570368,-0.300000,1.000000,1.100000,0.000000,0.000000,-1.571000,-0.032461,0.998141,0.061184,1.000542
16.532000,-0.267661,0.001867,1.038967,-0.061019,0.004337,0.075266,-0.000768,0.000595,1.570368,-0.300000,1.000000,1.100000,0.000000,0.000000,-1.571000,-0.032339,0.998133,0.061033,1.000520
16.534000,-0.267783,0.001876,1.039117,-0.060921,0.004340,0.075149,-0.000764,0.000592,1.570368,-0.300000,1.000000,1.100000,0.000000,0.000000,-1.571000,-0.032217,0.998124,0.060883,1.000498
16.536000,-0.267905,0.001885,1.039268,-0.060823,0.004344,0.075031,-0.000760,0.000588,1.570368,-0.300000,1.000000,1.100000,0.000000,0.000000,-1.571000,-0.032095,0.998115,0.060732,1.000476
16.538000,-0.268027,0.001893,1.039418,-0.060725,0.004347,0.074912,-0.000756,0.000584,1.570368,-0.300000,1.000000,1.100000,0.000000,0.000000,-1.571000,-0.031973,0.998107,0.060582,1.000455
16.540000,-0.268148,0.001902,1.039568,-0.060628,0.004351,0.074792,-0.000752,0.000580,1.570368,-0.300000,1.000000,1.100000,0.000000,0.000000,-1.571000,-0.031852,0.998098,0.060432,1.000433
16.542000,-0.268269,0.001911,1.039717,-0.060530,0.004354,0.074671,-0.000747,0.000576,1.570368,-0.300000,1.000000,1.100000,0.000000,0.000000,-1.571000,-0.031731,0.998089,0.060283,1.000411
16.544000,-0.268390,0.001920,1.039866,-0.060432,0.004357,0.074548,-0.000743,0.000572,1.570368,-0.300000,1.000000,1.100000,0.000000,0.000000,-1.571000,-0.031610,0.998080,0.060134,1.000390
16.546000,-0.268511,0.001928,1.040016,-0.060335,0.004360,0.074425,-0.000739,0.000568,1.570368,-0.300000,1.000000,1.100000,0.000000,0.000000,-1.571000,-0.031489,0.998072,0.059984,1.000368
16.548000,-0.268632,0.001937,1.040164,-0.060237,0.004363,0.074301,-0.000735,0.000564,1.570368,-0.300000,1.000000,1.100000,0.000000,0.000000,-1.571000,-0.031368,0.998063,0.059836,1.000347
16.550000,-0.268752,0.001946,1.040313,-0.060140,0.004366,0.074177,-0.000730,0.000560,1.570368,-0.300000,1.000000,1.100000,0.000000,0.000000,-1.571000,-0.031248,0.998054,0.059687,1.000326
16.552000,-0.268872,0.001954,1.040461,-0.060043,0.004369,0.074052,-0.000726,0.000556,1.570368,-0.300000,1.000000,1.100000,0.000000,0.000000,-1.571000,-0.031128,0.998046,0.059539,1.000304
16.554000,-0.268993,0.001963,1.040609,-0.059946,0.004372,0.073926,-0.000722,0.000552,1.570368,-0.300000,1.000000,1.100000,0.000000,0.000000,-1.571000,-0.031007,0.998037,0.059391,1.000283
16.556000,-0.269112,0.001972,1.040757,-0.059849,0.004375,0.073800,-0.000717,0.000548,1.570368,-0.300000,1.000000,1.100000,0.000000,0.000000,-1.571000,-0.030888,0.998028,0.059243,1.000262
16.558000,-0.269232,0.001981,1.040905,-0.059752,0.004377,0.073673,-0.000713,0.000544,1.570368,-0.300000,1.000000,1.100000,0.000000,0.000000,-1.571000,-0.030768,0.998019,0.059095,1.000241
16.560000,-0.269352,0.001990,1.041052,-0.059655,0.004380,0.073546,-0.000708,0.000540,1.570368,-0.300000,1.000000,1.100000,0.000000,0.000000,-1.571000,-0.030648,0.998010,0.058948,1.000220
16.562000,-0.269471,0.001998,1.041199,-0.059558,0.004382,0.073418,-0.000704,0.000536,1.570368,-0.300000,1.000000,1.100000,0.000000,0.000000,-1.571000,-0.030529,0.998002,0.058801,1.000198
16.564000,-0.269590,0.002007,1.041346,-0.059462,0.004385,0.073290,-0.000700,0.000532,1.570368,-0.300000,1.000000,1.100000,0.000000,0.000000,-1.571000,-0.030410,0.997993,0.058654,1.000177
16.566000,-0.269709,0.002016,1.041492,-0.059365,0.004387,0.073162,-0.000695,0.000528,1.570368,-0.300000,1.000000,1.100000,0.000000,0.000000,-1.571000,-0.030291,0.997984,0.058508,1.000157
16.568000,-0.269828,0.002025,1.041639,-0.059269,0.004389,0.073034,-0.000691,0.000525,1.570368,-0.300000,1.000000,1.100000,0.000000,0.000000,-1.571000,-0.030172,0.997975,0.058361,1.000136
16.570000,-0.269946,0.002033,1.041785,-0.059172,0.004391,0.072906,-0.000686,0.000521,1.570369,-0.300000,1.000000,1.100000,0.000000,0.000000,-1.571000,-0.030054,0.997967,0.058215,1.000115
16.572000,-0.270064,0.002042,1.041930,-0.059076,0.004393,0.072779,-0.000682,0.000517,1.570369,-0.300000,1.000000,1.100000,0.000000,0.000000,-1.571000,-0.029936,0.997958,0.058070,1.000094
16.574000,-0.270183,0.002051,1.042076,-0.058980,0.004395,0.072651,-0.000677,0.000513,1.570369,-0.300000,1.000000,1.100000,0.000000,0.000000,-1.571000,-0.029817,0.997949,0.057924,1.000073
16.576000,-0.270300,0.002060,1.042221,-0.058884,0.004397,0.072523,-0.000673,0.000509,1.570369,-0.300000,1.000000,1.100000,0.000000,0.000000,-1.571000,-0.029700,0.997940,0.057779,1.000053
16.578000,-0.270418,0.002069,1.042366,-0.058788,0.004399,0.072396,-0.000668,0.000506,1.570369,-0.300000,1.000000,1.100000,0.000000,0.000000,-1.571000,-0.029582,0.997931,0.057634,1.000032
16.580000,-0.270536,0.002077,1.042511,-0.058692,0.004401,0.072268,-0.000663,0.000502,1.570369,-0.300000,1.000000,1.100000,0.000000,0.000000,-1.571000,-0.029464,0.997923,0.057489,1.000011
16.582000,-0.270653,0.002086,1.042655,-0.058596,0.004402,0.072141,-0.000659,0.000499,1.570369,-0.300000,1.000000,1.100000,0.000000,0.000000,-1.571000,-0.029347,0.997914,0.057345,0.999991
16.584000,-0.270770,0.002095,1.042800,-0.058500,0.004404,0.072014,-0.000654,0.000495,1.570369,-0.300000,1.000000,1.100000,0.000000,0.000000,-1.571000,-0.029230,0.997905,0.057200,0.999970
16.586000,-0.270887,0.002104,1.042944,-0.058404,0.004405,0.071887,-0.000648,0.000492,1.570369,-0.300000,1.000000,1.100000,0.000000,0.000000,-1.571000,-0.029113,0.997896,0.057056,0.999950
16.588000,-0.271004,0.002113,1.043087,-0.058309,0.004407,0.071761,-0.000643,0.000489,1.570369,-0.300000,1.000000,1.100000,0.000000,0.000000,-1.571000,-0.028996,0.997887,0.056913,0.999929
16.590000,-0.271121,0.002122,1.043231,-0.058213,0.004408,0.071635,-0.000638,0.000486,1.570369,-0.300000,1.000000,1.100000,0.000000,0.000000,-1.571000,-0.028879,0.997878,0.056769,0.999909
16.592000,-0.271237,0.002130,1.043374,-0.058118,0.004410,0.071509,-0.000632,0.000483,1.570369,-0.300000,1.000000,1.100000,0.000000,0.000000,-1.571000,-0.028763,0.997870,0.056626,0.999889
16.594000,-0.271353,0.002139,1.043517,-0.058022,0.004411,0.071386,-0.000626,0.000480,1.570369,-0.300000,1.000000,1.100000,0.000000,0.000000,-1.571000,-0.028647,0.997861,0.056483,0.999869
16.596000,-0.271469,0.002148,1.043660,-0.057927,0.004412,0.071265,-0.000620,0.000477,1.570368,-0.300000,1.000000,1.100000,0.000000,0.000000,-1.571000,-0.028531,0.997852,0.056340,0.999848
16.598000,-0.271585,0.002157,1.043802,-0.057832,0.004413,0.071145,-0.000614,0.000474,1.570368,-0.300000,1.000000,1.100000,0.000000,0.000000,-1.571000,-0.028415,0.997843,0.056198,0.999828
16.600000,-0.271701,0.002166,1.043944,-0.057737,0.004414,0.071027,-0.000608,0.000471,1.570368,-0.300000,1.000000,1.100000,0.000000,0.000000,-1.571000,-0.028299,0.997834,0.056056,0.999808
16.602000,-0.271816,0.002175,1.044087,-0.057641,0.004415,0.070911,-0.000602,0.000469,1.570368,-0.300000,1.000000,1.100000,0.000000,0.000000,-1.571000,-0.028184,0.997825,0.055913,0.999788
16.604000,-0.271931,0.002183,1.044228,-0.057546,0.004416,0.070795,-0.000596,0.000466,1.570368,-0.300000,1.000000,1.100000,0.000000,0.000000,-1.571000,-0.028069,0.997817,0.055772,0.999768
16.606000,-0.272046,0.002192,1.044370,-0.057451,0.004417,0.070682,-0.000589,0.000464,1.570368,-0.300000,1.000000,1.100000,0.000000,0.000000,-1.571000,-0.027954,0.997808,0.055630,0.999748
16.608000,-0.272161,0.002201,1.044511,-0.057356,0.004418,0.070569,-0.000583,0.000461,1.570368,-0.300000,1.000000,1.100000,0.000000,0.000000,-1.571000,-0.027839,0.997799,0.055489,0.999728
16.610000,-0.272276,0.002210,1.044652,-0.057261,0.004419,0.070458,-0.000576,0.000459,1.570368,-0.300000,1.000000,1.100000,0.000000,0.000000,-1.571000,-0.027724,0.997790,0.055348,0.999708
16.612000,-0.272391,0.002219,1.044793,-0.057166,0.004420,0.070348,-0.000570,0.000457,1.570368,-0.300000,1.000000,1.100000,0.000000,0.000000,-1.571000,-0.027609,0.997781,0.055207,0.999689
16.614000,-0.272505,0.002228,1.044934,-0.057072,0.004421,0.070239,-0.000563,0.000455,1.570368,-0.300000,1.000000,1.100000,0.000000,0.000000,-1.571000,-0.027495,0.997772,0.055066,0.999669
16.616000,-0.272619,0.002236,1.045074,-0.056977,0.004421,0.070131,-0.000556,0.000453,1.570368,-0.300000,1.000000,1.100000,0.000000,0.000000,-1.571000,-0.027381,0.997764,0.054926,0.999649
16.618000,-0.272733,0.002245,1.045215,-0.056882,0.004422,0.070024,-0.000549,0.000451,1.570368,-0.300000,1.000000,1.100000,0.000000,0.000000,-1.571000,-0.027267,0.997755,0.054785,0.999630
16.620000,-0.272847,0.002254,1.045355,-0.056787,0.004423,0.069918,-0.000542,0.000449,1.570368,-0.300000,1.000000,1.100000,0.000000,0.000000,-1.571000,-0.027153,0.997746,0.054645,0.999610
16.622000,-0.272960,0.002263,1.045494,-0.056693,0.004423,0.069813,-0.000535,0.000447,1.570368,-0.300000,1.000000,1.100000,0.000000,0.000000,-1.571000,-0.027040,0.997737,0.054506,0.999590
16.624000,-0.273073,0.002272,1.045634,-0.056598,0.004424,0.069709,-0.000528,0.000446,1.570368,-0.300000,1.000000,1.100000,0.000000,0.000000,-1.571000,-0.026927,0.997728,0.054366,0.999571
16.626000,-0.273187,0.002281,1.045773,-0.056503,0.004424,0.069605,-0.000521,0.000444,1.570368,-0.300000,1.000000,1.100000,0.000000,0.000000,-1.571000,-0.026813,0.997719,0.054227,0.999552
16.628000,-0.273300,0.002290,1.045913,-0.056409,0.004425,0.069503,-0.000514,0.000443,1.570369,-0.300000,1.000000,1.100000,0.000000,0.000000,-1.571000,-0.026700,0.997710,0.054087,0.999532
16.630000,-0.273412,0.002298,1.046052,-0.056314,0.004425,0.069401,-0.000507,0.000441,1.570369,-0.300000,1.000000,1.100000,0.000000,0.000000,-1.571000,-0.026588,0.997702,0.053948,0.999513
16.632000,-0.273525,0.002307,1.046190,-0.056220,0.004426,0.069300,-0.000500,0.000440,1.570369,-0.300000,1.000000,1.100000,0.000000,0.000000,-1.571000,-0.026475,0.997693,0.053810,0.999493
16.634000,-0.273637,0.002316,1.046329,-0.056125,0.004426,0.069200,-0.000493,0.000439,1.570369,-0.300000,1.000000,1.100000,0.000000,0.000000,-1.571000,-0.026363,0.997684,0.053671,0.999474
16.636000,-0.273750,0.002325,1.046467,-0.056031,0.004426,0.069100,-0.000486,0.000438,1.570369,-0.300000,1.000000,1.100000,0.000000,0.000000,-1.571000,-0.026250,0.997675,0.053533,0.999455
16.638000,-0.273862,0.002334,1.046606,-0.055937,0.004427,0.069001,-0.000479,0.000437,1.570369,-0.300000,1.000000,1.100000,0.000000,0.000000,-1.571000,-0.026138,0.997666,0.053394,0.999436
16.640000,-0.273974,0.002343,1.046744,-0.055842,0.004427,0.068902,-0.000472,0.000436,1.570369,-0.300000,1.000000,1.100000,0.000000,0.000000,-1.571000,-0.026026,0.997657,0.053256,0.999417
16.642000,-0.274085,0.002352,1.046881,-0.055748,0.004428,0.068804,-0.000465,0.000435,1.570369,-0.300000,1.000000,1.100000,0.000000,0.000000,-1.571000,-0.025915,0.997648,0.053119,0.999398
16.644000,-0.274197,0.002360,1.047019,-0.055654,0.004428,0.068707,-0.000458,0.000435,1.570369,-0.300000,1.000000,1.100000,0.000000,0.000000,-1.571000,-0.025803,0.997640,0.052981,0.999379
16.646000,-0.274308,0.002369,1.047156,-0.055559,0.004428,0.068611,-0.000452,0.000434,1.570369,-0.300000,1.000000,1.100000,0.000000,0.000000,-1.571000,-0.025692,0.997631,0.052844,0.999360
16.648000,-0.274419,0.002378,1.047294,-0.055465,0.004428,0.068514,-0.000445,0.000434,1.570369,-0.300000,1.000000,1.100000,0.000000,0.000000,-1.571000,-0.025581,0.997622,0.052706,0.999341
16.650000,-0.274530,0.002387,1.047431,-0.055371,0.004429,0.068417,-0.000438,0.000433,1.570369,-0.300000,1.000000,1.100000,0.000000,0.000000,-1.571000,-0.025470,0.997613,0.052569,0.999322
16.652000,-0.274641,0.002396,1.047567,-0.055277,0.004429,0.068321,-0.000432,0.000433,1.570369,-0.300000,1.000000,1.100000,0.000000,0.000000,-1.571000,-0.025359,0.997604,0.052433,0.999303
16.654000,-0.274751,0.002405,1.047704,-0.055183,0.004429,0.068225,-0.000425,0.000432,1.570369,-0.300000,1.000000,1.100000,0.000000,0.000000,-1.571000,-0.025249,0.997595,0.052296,0.999284
16.656000,-0.274861,0.002414,1.047841,-0.055089,0.004430,0.068128,-0.000419,0.000432,1.570369,-0.300000,1.000000,1.100000,0.000000,0.000000,-1.571000,-0.025139,0.997586,0.052159,0.999265
16.658000,-0.274972,0.002423,1.047977,-0.054995,0.004430,0.068032,-0.000413,0.000431,1.570369,-0.300000,1.000000,1.100000,0.000000,0.000000,-1.571000,-0.025028,0.997577,0.052023,0.999247
16.660000,-0.275082,0.002431,1.048113,-0.054901,0.004430,0.067937,-0.000407,0.000431,1.570369,-0.300000,1.000000,1.100000,0.000000,0.000000,-1.571000,-0.024918,0.997569,0.051887,0.999228
16.662000,-0.275191,0.002440,1.048249,-0.054807,0.004430,0.067841,-0.000401,0.000431,1.570369,-0.300000,1.000000,1.100000,0.000000,0.000000,-1.571000,-0.024809,0.997560,0.051751,0.999209
16.664000,-0.275301,0.002449,1.048384,-0.054713,0.004431,0.067746,-0.000395,0.000431,1.570369,-0.300000,1.000000,1.100000,0.000000,0.000000,-1.571000,-0.024699,0.997551,0.051616,0.999191
16.666000,-0.275410,0.002458,1.048520,-0.054620,0.004431,0.067651,-0.000390,0.000430,1.570369,-0.300000,1.000000,1.100000,0.000000,0.000000,-1.571000,-0.024590,0.997542,0.051480,0.999172
16.668000,-0.275520,0.002467,1.048655,-0.054526,0.004431,0.067557,-0.000384,0.000430,1.570369,-0.300000,1.000000,1.100000,0.000000,0.000000,-1.571000,-0.024480,0.997533,0.051345,0.999154
16.670000,-0.275629,0.002476,1.048790,-0.054433,0.004431,0.067463,-0.000379,0.000430,1.570369,-0.300000,1.000000,1.100000,0.000000,0.000000,-1.571000,-0.024371,0.997524,0.051210,0.999135
16.672000,-0.275737,0.002485,1.048925,-0.054339,0.004431,0.067369,-0.000375,0.000430,1.570368,-0.300000,1.000000,1.100000,0.000000,0.000000,-1.571000,-0.024263,0.997515,0.051075,0.999117
16.674000,-0.275846,0.002494,1.049060,-0.054246,0.004432,0.067275,-0.000370,0.000429,1.570368,-0.300000,1.000000,1.100000,0.000000,0.000000,-1.571000,-0.024154,0.997506,0.050940,0.999098
16.676000,-0.275955,0.002502,1.049194,-0.054152,0.004432,0.067182,-0.000366,0.000429,1.570368,-0.300000,1.000000,1.100000,0.000000,0.000000,-1.571000,-0.024045,0.997498,0.050806,0.999080
16.678000,-0.276063,0.002511,1.049329,-0.054059,0.004432,0.067089,-0.000363,0.000429,1.570368,-0.300000,1.000000,1.100000,0.000000,0.000000,-1.571000,-0.023937,0.997489,0.050671,0.999062
16.680000,-0.276171,0.002520,1.049463,-0.053966,0.004432,0.066997,-0.000359,0.000429,1.570368,-0.300000,1.000000,1.100000,0.000000,0.000000,-1.571000,-0.023829,0.997480,0.050537,0.999043
16.682000,-0.276279,0.002529,1.049597,-0.053873,0.004432,0.066905,-0.000356,0.000428,1.570369,-0.300000,1.000000,1.100000,0.000000,0.000000,-1.571000,-0.023721,0.997471,0.050403,0.999025
16.684000,-0.276386,0.002538,1.049731,-0.053780,0.004433,0.066813,-0.000353,0.000428,1.570369,-0.300000,1.000000,1.100000,0.000000,0.000000,-1.571000,-0.023614,0.997462,0.050269,0.999007
16.686000,-0.276494,0.002547,1.049864,-0.053687,0.004433,0.066722,-0.000350,0.000428,1.570369,-0.300000,1.000000,1.100000,0.000000,0.000000,-1.571000,-0.023506,0.997453,0.050136,0.998989
16.688000,-0.276601,0.002556,1.049998,-0.053595,0.004433,0.066631,-0.000347,0.000427,1.570369,-0.300000,1.000000,1.100000,0.000000,0.000000,-1.571000,-0.023399,0.997444,0.050002,0.998971
16.690000,-0.276709,0.002565,1.050131,-0.053502,0.004433,0.066541,-0.000345,0.000427,1.570369,-0.300000,1.000000,1.100000,0.000000,0.000000,-1.571000,-0.023291,0.997435,0.049869,0.998953
16.692000,-0.276815,0.002573,1.050264,-0.053410,0.004433,0.066451,-0.000343,0.000427,1.570369,-0.300000,1.000000,1.100000,0.000000,0.000000,-1.571000,-0.023185,0.997427,0.049736,0.998935
16.694000,-0.276922,0.002582,1.050397,-0.053317,0.004433,0.066362,-0.000340,0.000426,1.570369,-0.300000,1.000000,1.100000,0.000000,0.000000,-1.571000,-0.023078,0.997418,0.049603,0.998917
16.696000,-0.277029,0.002591,1.050530,-0.053225,0.004434,0.066273,-0.000338,0.000426,1.570369,-0.300000,1.000000,1.100000,0.000000,0.000000,-1.571000,-0.022971,0.997409,0.049470,0.998899
16.698000,-0.277135,0.002600,1.050662,-0.053133,0.004434,0.066184,-0.000337,0.000426,1.570369,-0.300000,1.000000,1.100000,0.000000,0.000000,-1.571000,-0.022865,0.997400,0.049338,0.998881
16.700000,-0.277242,0.002609,1.050795,-0.053041,0.004434,0.066096,-0.000335,0.000425,1.570369,-0.300000,1.000000,1.100000,0.000000,0.000000,-1.571000,-0.022758,0.997391,0.049205,0.998863
16.702000,-0.277348,0.002618,1.050927,-0.052949,0.004434,0.066008,-0.000333,0.000425,1.570369,-0.300000,1.000000,1.100000,0.000000,0.000000,-1.571000,-0.022652,0.997382,0.049073,0.998846
16.704000,-0.277453,0.002627,1.051059,-0.052858,0.004434,0.065920,-0.000332,0.000425,1.570369,-0.300000,1.000000,1.100000,0.000000,0.000000,-1.571000,-0.022547,0.997373,0.048941,0.998828
16.706000,-0.277559,0.002636,1.051191,-0.052766,0.004434,0.065832,-0.000330,0.000424,1.570369,-0.300000,1.000000,1.100000,0.000000,0.000000,-1.571000,-0.022441,0.997364,0.048809,0.998810
16.708000,-0.277665,0.002644,1.051322,-0.052675,0.004434,0.065743,-0.000329,0.000424,1.570369,-0.300000,1.000000,1.100000,0.000000,0.000000,-1.571000,-0.022335,0.997356,0.048678,0.998793
16.710000,-0.277770,0.002653,1.051454,-0.052584,0.004434,0.065652,-0.000327,0.000424,1.570369,-0.300000,1.000000,1.100000,0.000000,0.000000,-1.571000,-0.022230,0.997347,0.048546,0.998775
16.712000,-0.277875,0.002662,1.051585,-0.052493,0.004434,0.065560,-0.000326,0.000424,1.570369,-0.300000,1.000000,1.100000,0.000000,0.000000,-1.571000,-0.022125,0.997338,0.048415,0.998757
16.714000,-0.277980,0.002671,1.051716,-0.052402,0.004435,0.065466,-0.000324,0.000423,1.570369,-0.300000,1.000000,1.100000,0.000000,0.000000,-1.571000,-0.022020,0.997329,0.048284,0.998740
16.716000,-0.278085,0.002680,1.051847,-0.052311,0.004435,0.065371,-0.000323,0.000423,1.570369,-0.300000,1.000000,1.100000,0.000000,0.000000,-1.571000,-0.021915,0.997320,0.048153,0.998722
16.718000,-0.278189,0.002689,1.051978,-0.052220,0.004435,0.065275,-0.000321,0.000423,1.570369,-0.300000,1.000000,1.100000,0.000000,0.000000,-1.571000,-0.021811,0.997311,0.048022,0.998705
16.720000,-0.278294,0.002698,1.052108,-0.052130,0.004435,0.065177,-0.000319,0.000423,1.570369,-0.300000,1.000000,1.100000,0.000000,0.000000,-1.571000,-0.021706,0.997302,0.047892,0.998687
16.722000,-0.278398,0.002707,1.052239,-0.052039,0.004435,0.065079,-0.000317,0.000423,1.570368,-0.300000,1.000000,1.100000,0.000000,0.000000,-1.571000,-0.021602,0.997293,0.047761,0.998670
16.724000,-0.278502,0.002715,1.052369,-0.051949,0.004435,0.064980,-0.000315,0.000423,1.570368,-0.300000,1.000000,1.100000,0.000000,0.000000,-1.571000,-0.021498,0.997285,0.047631,0.998653
16.726000,-0.278606,0.002724,1.052499,-0.051859,0.004435,0.064880,-0.000312,0.000423,1.570368,-0.300000,1.000000,1.100000,0.000000,0.000000,-1.571000,-0.021394,0.997276,0.047501,0.998636
16.728000,-0.278710,0.002733,1.052629,-0.051769,0.004435,0.064780,-0.000310,0.000423,1.570367,-0.300000,1.000000,1.100000,0.000000,0.000000,-1.571000,-0.021290,0.997267,0.047371,0.998618
16.730000,-0.278813,0.002742,1.052758,-0.051679,0.004435,0.064679,-0.000307,0.000423,1.570367,-0.300000,1.000000,1.100000,0.000000,0.000000,-1.571000,-0.021187,0.997258,0.047242,0.998601
16.732000,-0.278916,0.002751,1.052888,-0.051589,0.004435,0.064579,-0.000304,0.000423,1.570366,-0.300000,1.000000,1.100000,0.000000,0.000000,-1.571000,-0.021084,0.997249,0.047112,0.998584
16.734000,-0.279020,0.002760,1.053017,-0.051499,0.004435,0.064478,-0.000301,0.000423,1.570366,-0.300000,1.000000,1.100000,0.000000,0.000000,-1.571000,-0.020980,0.997240,0.046983,0.998567
16.736000,-0.279123,0.002769,1.053146,-0.051410,0.004435,0.064376,-0.000297,0.000423,1.570365,-0.300000,1.000000,1.100000,0.000000,0.000000,-1.571000,-0.020877,0.997231,0.046854,0.998550
16.738000,-0.279225,0.002778,1.053274,-0.051320,0.004435,0.064275,-0.000293,0.000424,1.570364,-0.300000,1.000000,1.100000,0.000000,0.000000,-1.571000,-0.020775,0.997222,0.046726,0.998533
16.740000,-0.279328,0.002786,1.053403,-0.051231,0.004435,0.064174,-0.000289,0.000424,1.570364,-0.300000,1.000000,1.100000,0.000000,0.000000,-1.571000,-0.020672,0.997214,0.046597,0.998516
16.742000,-0.279430,0.002795,1.053531,-0.051142,0.004435,0.064072,-0.000285,0.000424,1.570363,-0.300000,1.000000,1.100000,0.000000,0.000000,-1.571000,-0.020570,0.997205,0.046469,0.998499
16.744000,-0.279533,0.002804,1.053659,-0.051052,0.004436,0.063970,-0.000281,0.000425,1.570362,-0.300000,1.000000,1.100000,0.000000,0.000000,-1.571000,-0.020467,0.997196,0.046341,0.998482
16.746000,-0.279635,0.002813,1.053787,-0.050963,0.004436,0.063869,-0.000276,0.000425,1.570361,-0.300000,1.000000,1.100000,0.000000,0.000000,-1.571000,-0.020365,0.997187,0.046213,0.998465
16.748000,-0.279737,0.002822,1.053915,-0.050874,0.004436,0.063767,-0.000271,0.000426,1.570361,-0.300000,1.000000,1.100000,0.000000,0.000000,-1.571000,-0.020263,0.997178,0.046085,0.998448
16.750000,-0.279838,0.002831,1.054042,-0.050785,0.004436,0.063666,-0.000266,0.000427,1.570360,-0.300000,1.000000,1.100000,0.000000,0.000000,-1.571000,-0.020162,0.997169,0.045958,0.998431
16.752000,-0.279940,0.002840,1.054170,-0.050696,0.004436,0.063564,-0.000261,0.000427,1.570359,-0.300000,1.000000,1.100000,0.000000,0.000000,-1.571000,-0.020060,0.997160,0.045830,0.998414
16.754000,-0.280041,0.002849,1.054297,-0.050607,0.004436,0.063463,-0.000256,0.000428,1.570359,-0.300000,1.000000,1.100000,0.000000,0.000000,-1.571000,-0.019959,0.997151,0.045703,0.998398
16.756000,-0.280142,0.002857,1.054424,-0.050518,0.004436,0.063362,-0.000251,0.000429,1.570358,-0.300000,1.000000,1.100000,0.000000,0.000000,-1.571000,-0.019858,0.997143,0.045576,0.998381
16.758000,-0.280243,0.002866,1.054550,-0.050430,0.004437,0.063262,-0.000246,0.000430,1.570357,-0.300000,1.000000,1.100000,0.000000,0.000000,-1.571000,-0.019757,0.997134,0.045450,0.998364
16.760000,-0.280344,0.002875,1.054677,-0.050341,0.004437,0.063161,-0.000240,0.000430,1.570357,-0.300000,1.000000,1.100000,0.000000,0.000000,-1.571000,-0.019656,0.997125,0.045323,0.998348
16.762000,-0.280445,0.002884,1.054803,-0.050252,0.004437,0.063061,-0.000235,0.000431,1.570356,-0.300000,1.000000,1.100000,0.000000,0.000000,-1.571000,-0.019555,0.997116,0.045197,0.998331
16.764000,-0.280545,0.002893,1.054929,-0.050164,0.004437,0.062961,-0.000229,0.000432,1.570356,-0.300000,1.000000,1.100000,0.000000,0.000000,-1.571000,-0.019455,0.997107,0.045071,0.998315
16.766000,-0.280646,0.002902,1.055055,-0.050075,0.004437,0.062860,-0.000223,0.000432,1.570355,-0.300000,1.000000,1.100000,0.000000,0.000000,-1.571000,-0.019354,0.997098,0.044945,0.998298
16.768000,-0.280746,0.002911,1.055181,-0.049987,0.004438,0.062759,-0.000218,0.000433,1.570355,-0.300000,1.000000,1.100000,0.000000,0.000000,-1.571000,-0.019254,0.997089,0.044819,0.998282
16.770000,-0.280846,0.002920,1.055306,-0.049898,0.004438,0.062657,-0.000212,0.000433,1.570354,-0.300000,1.000000,1.100000,0.000000,0.000000,-1.571000,-0.019154,0.997080,0.044694,0.998265
16.772000,-0.280945,0.002929,1.055432,-0.049810,0.004438,0.062555,-0.000206,0.000433,1.570354,-0.300000,1.000000,1.100000,0.000000,0.000000,-1.571000,-0.019055,0.997071,0.044568,0.998249
16.774000,-0.281045,0.002937,1.055557,-0.049721,0.004438,0.062453,-0.000200,0.000433,1.570354,-0.300000,1.000000,1.100000,0.000000,0.000000,-1.571000,-0.018955,0.997063,0.044443,0.998233
16.776000,-0.281144,0.002946,1.055682,-0.049633,0.004439,0.062351,-0.000194,0.000433,1.570353,-0.300000,1.000000,1.100000,0.000000,0.000000,-1.571000,-0.018856,0.997054,0.044318,0.998216
16.778000,-0.281244,0.002955,1.055806,-0.049545,0.004439,0.062249,-0.000188,0.000433,1.570353,-0.300000,1.000000,1.100000,0.000000,0.000000,-1.571000,-0.018756,0.997045,0.044194,0.998200
16.780000,-0.281343,0.002964,1.055931,-0.049457,0.004439,0.062147,-0.000183,0.000433,1.570353,-0.300000,1.000000,1.100000,0.000000,0.000000,-1.571000,-0.018657,0.997036,0.044069,0.998184
16.782000,-0.281442,0.002973,1.056055,-0.049369,0.004439,0.062045,-0.000177,0.000433,1.570353,-0.300000,1.000000,1.100000,0.000000,0.000000,-1.571000,-0.018558,0.997027,0.043945,0.998168
16.784000,-0.281540,0.002982,1.056179,-0.049280,0.004440,0.061943,-0.000172,0.000432,1.570353,-0.300000,1.000000,1.100000,0.000000,0.000000,-1.571000,-0.018460,0.997018,0.043821,0.998151
16.786000,-0.281639,0.002991,1.056303,-0.049192,0.004440,0.061841,-0.000166,0.000432,1.570353,-0.300000,1.000000,1.100000,0.000000,0.000000,-1.571000,-0.018361,0.997009,0.043697,0.998135
16.788000,-0.281737,0.003000,1.056427,-0.049104,0.004440,0.061739,-0.000161,0.000431,1.570353,-0.300000,1.000000,1.100000,0.000000,0.000000,-1.571000,-0.018263,0.997000,0.043573,0.998119
16.790000,-0.281835,0.003009,1.056550,-0.049017,0.004440,0.061637,-0.000156,0.000430,1.570353,-0.300000,1.000000,1.100000,0.000000,0.000000,-1.571000,-0.018165,0.996991,0.043450,0.998103
16.792000,-0.281933,0.003017,1.056673,-0.048929,0.004441,0.061535,-0.000150,0.000428,1.570353,-0.300000,1.000000,1.100000,0.000000,0.000000,-1.571000,-0.018067,0.996983,0.043327,0.998087
16.794000,-0.282031,0.003026,1.056796,-0.048841,0.004441,0.061434,-0.000145,0.000427,1.570353,-0.300000,1.000000,1.100000,0.000000,0.000000,-1.571000,-0.017969,0.996974,0.043204,0.998071
16.796000,-0.282129,0.003035,1.056919,-0.048753,0.004441,0.061332,-0.000140,0.000425,1.570353,-0.300000,1.000000,1.100000,0.000000,0.000000,-1.571000,-0.017871,0.996965,0.043081,0.998055
16.798000,-0.282226,0.003044,1.057042,-0.048665,0.004441,0.061231,-0.000135,0.000423,1.570353,-0.300000,1.000000,1.100000,0.000000,0.000000,-1.571000,-0.017774,0.996956,0.042958,0.998039
16.800000,-0.282324,0.003053,1.057164,-0.048578,0.004441,0.061130,-0.000130,0.000421,1.570353,-0.300000,1.000000,1.100000,0.000000,0.000000,-1.571000,-0.017676,0.996947,0.042836,0.998023
16.802000,-0.282421,0.003062,1.057287,-0.048490,0.004441,0.061030,-0.000125,0.000419,1.570353,-0.300000,1.000000,1.100000,0.000000,0.000000,-1.571000,-0.017579,0.996938,0.042713,0.998008
16.804000,-0.282518,0.003071,1.057409,-0.048403,0.004441,0.060930,-0.000120,0.000417,1.570353,-0.300000,1.000000,1.100000,0.000000,0.000000,-1.571000,-0.017482,0.996929,0.042591,0.997992
16.806000,-0.282615,0.003080,1.057530,-0.048315,0.004441,0.060830,-0.000115,0.000414,1.570353,-0.300000,1.000000,1.100000,0.000000,0.000000,-1.571000,-0.017385,0.996920,0.042470,0.997976
16.808000,-0.282711,0.003089,1.057652,-0.048228,0.004441,0.060731,-0.000111,0.000412,1.570354,-0.300000,1.000000,1.100000,0.000000,0.000000,-1.571000,-0.017289,0.996911,0.042348,0.997960
16.810000,-0.282808,0.003097,1.057773,-0.048141,0.004441,0.060632,-0.000106,0.000409,1.570354,-0.300000,1.000000,1.100000,0.000000,0.000000,-1.571000,-0.017192,0.996903,0.042227,0.997945
16.812000,-0.282904,0.003106,1.057895,-0.048054,0.004440,0.060533,-0.000101,0.000406,1.570354,-0.300000,1.000000,1.100000,0.000000,0.000000,-1.571000,-0.017096,0.996894,0.042105,0.997929
16.814000,-0.283000,0.003115,1.058016,-0.047967,0.004440,0.060435,-0.000096,0.000403,1.570354,-0.300000,1.000000,1.100000,0.000000,0.000000,-1.571000,-0.017000,0.996885,0.041984,0.997913
16.816000,-0.283096,0.003124,1.058137,-0.047879,0.004440,0.060337,-0.000092,0.000400,1.570354,-0.300000,1.000000,1.100000,0.000000,0.000000,-1.571000,-0.016904,0.996876,0.041863,0.997898
16.818000,-0.283191,0.003133,1.058257,-0.047792,0.004439,0.060239,-0.000087,0.000397,1.570355,-0.300000,1.000000,1.100000,0.000000,0.000000,-1.571000,-0.016809,0.996867,0.041743,0.997882
16.820000,-0.283287,0.003142,1.058378,-0.047706,0.004439,0.060141,-0.000083,0.000393,1.570355,-0.300000,1.000000,1.100000,0.000000,0.000000,-1.571000,-0.016713,0.996858,0.041622,0.997867
16.822000,-0.283382,0.003151,1.058498,-0.047619,0.004438,0.060044,-0.000078,0.000390,1.570355,-0.300000,1.000000,1.100000,0.000000,0.000000,-1.571000,-0.016618,0.996849,0.041502,0.997851
16.824000,-0.283478,0.003160,1.058618,-0.047532,0.004438,0.059948,-0.000074,0.000386,1.570355,-0.300000,1.000000,1.100000,0.000000,0.000000,-1.571000,-0.016522,0.996840,0.041382,0.997836
16.826000,-0.283573,0.003169,1.058738,-0.047445,0.004437,0.059852,-0.000070,0.000382,1.570356,-0.300000,1.000000,1.100000,0.000000,0.000000,-1.571000,-0.016427,0.996831,0.041262,0.997820
16.828000,-0.283667,0.003177,1.058858,-0.047359,0.004436,0.059756,-0.000066,0.000379,1.570356,-0.300000,1.000000,1.100000,0.000000,0.000000,-1.571000,-0.016333,0.996823,0.041142,0.997805
16.830000,-0.283762,0.003186,1.058977,-0.047272,0.004435,0.059660,-0.000062,0.000375,1.570356,-0.300000,1.000000,1.100000,0.000000,0.000000,-1.571000,-0.016238,0.996814,0.041023,0.997790
16.832000,-0.283857,0.003195,1.059096,-0.047186,0.004434,0.059564,-0.000059,0.000371,1.570357,-0.300000,1.000000,1.100000,0.000000,0.000000,-1.571000,-0.016143,0.996805,0.040904,0.997774
16.834000,-0.283951,0.003204,1.059215,-0.047099,0.004433,0.059468,-0.000056,0.000367,1.570357,-0.300000,1.000000,1.100000,0.000000,0.000000,-1.571000,-0.016049,0.996796,0.040785,0.997759
16.836000,-0.284045,0.003213,1.059334,-0.047013,0.004432,0.059371,-0.000053,0.000362,1.570357,-0.300000,1.000000,1.100000,0.000000,0.000000,-1.571000,-0.015955,0.996787,0.040666,0.997744
16.838000,-0.284139,0.003222,1.059453,-0.046927,0.004431,0.059275,-0.000050,0.000358,1.570358,-0.300000,1.000000,1.100000,0.000000,0.000000,-1.571000,-0.015861,0.996778,0.040547,0.997729
16.840000,-0.284233,0.003231,1.059572,-0.046841,0.004430,0.059179,-0.000048,0.000354,1.570358,-0.300000,1.000000,1.100000,0.000000,0.000000,-1.571000,-0.015767,0.996769,0.040428,0.997713
16.842000,-0.284327,0.003240,1.059690,-0.046755,0.004429,0.059083,-0.000046,0.000349,1.570358,-0.300000,1.000000,1.100000,0.000000,0.000000,-1.571000,-0.015673,0.996760,0.040310,0.997698
16.844000,-0.284420,0.003248,1.059808,-0.046669,0.004427,0.058987,-0.000044,0.000345,1.570359,-0.300000,1.000000,1.100000,0.000000,0.000000,-1.571000,-0.015580,0.996752,0.040192,0.997683
16.846000,-0.284513,0.003257,1.059926,-0.046584,0.004426,0.058891,-0.000043,0.000341,1.570359,-0.300000,1.000000,1.100000,0.000000,0.000000,-1.571000,-0.015487,0.996743,0.040074,0.997668
16.848000,-0.284607,0.003266,1.060044,-0.046498,0.004424,0.058795,-0.000042,0.000336,1.570359,-0.300000,1.000000,1.100000,0.000000,0.000000,-1.571000,-0.015393,0.996734,0.039956,0.997653
16.850000,-0.284699,0.003275,1.060161,-0.046413,0.004423,0.058700,-0.000041,0.000332,1.570360,-0.300000,1.000000,1.100000,0.000000,0.000000,-1.571000,-0.015301,0.996725,0.039839,0.997638
16.852000,-0.284792,0.003284,1.060279,-0.046327,0.004421,0.058605,-0.000040,0.000327,1.570360,-0.300000,1.000000,1.100000,0.000000,0.000000,-1.571000,-0.015208,0.996716,0.039721,0.997623
16.854000,-0.284885,0.003293,1.060396,-0.046242,0.004419,0.058511,-0.000040,0.000322,1.570360,-0.300000,1.000000,1.100000,0.000000,0.000000,-1.571000,-0.015115,0.996707,0.039604,0.997608
16.856000,-0.284977,0.003302,1.060513,-0.046157,0.004417,0.058416,-0.000040,0.000318,1.570361,-0.300000,1.000000,1.100000,0.000000,0.000000,-1.571000,-0.015023,0.996698,0.039487,0.997593
16.858000,-0.285070,0.003310,1.060630,-0.046073,0.004415,0.058322,-0.000040,0.000313,1.570361,-0.300000,1.000000,1.100000,0.000000,0.000000,-1.571000,-0.014930,0.996690,0.039370,0.997579
16.860000,-0.285162,0.003319,1.060746,-0.045988,0.004413,0.058228,-0.000041,0.000309,1.570361,-0.300000,1.000000,1.100000,0.000000,0.000000,-1.571000,-0.014838,0.996681,0.039254,0.997564
16.862000,-0.285254,0.003328,1.060863,-0.045904,0.004411,0.058134,-0.000042,0.000304,1.570361,-0.300000,1.000000,1.100000,0.000000,0.000000,-1.571000,-0.014746,0.996672,0.039137,0.997549
16.864000,-0.285345,0.003337,1.060979,-0.045819,0.004409,0.058041,-0.000042,0.000300,1.570362,-0.300000,1.000000,1.100000,0.000000,0.000000,-1.571000,-0.014655,0.996663,0.039021,0.997534
16.866000,-0.285437,0.003346,1.061095,-0.045735,0.004406,0.057948,-0.000043,0.000296,1.570362,-0.300000,1.000000,1.100000,0.000000,0.000000,-1.571000,-0.014563,0.996654,0.038905,0.997520
16.868000,-0.285528,0.003355,1.061211,-0.045651,0.004404,0.057855,-0.000044,0.000291,1.570362,-0.300000,1.000000,1.100000,0.000000,0.000000,-1.571000,-0.014472,0.996645,0.038789,0.997505
16.870000,-0.285620,0.003363,1.061327,-0.045567,0.004402,0.057762,-0.000045,0.000287,1.570362,-0.300000,1.000000,1.100000,0.000000,0.000000,-1.571000,-0.014380,0.996637,0.038673,0.997490
16.872000,-0.285711,0.003372,1.061442,-0.045484,0.004399,0.057670,-0.000046,0.000283,1.570362,-0.300000,1.000000,1.100000,0.000000,0.000000,-1.571000,-0.014289,0.996628,0.038558,0.997476
16.874000,-0.285802,0.003381,1.061557,-0.045400,0.004396,0.057579,-0.000047,0.000279,1.570362,-0.300000,1.000000,1.100000,0.000000,0.000000,-1.571000,-0.014198,0.996619,0.038443,0.997461
16.876000,-0.285893,0.003390,1.061673,-0.045317,0.004394,0.057488,-0.000047,0.000275,1.570362,-0.300000,1.000000,1.100000,0.000000,0.000000,-1.571000,-0.014107,0.996610,0.038327,0.997447
16.878000,-0.285983,0.003399,1.061787,-0.045234,0.004391,0.057397,-0.000048,0.000271,1.570362,-0.300000,1.000000,1.100000,0.000000,0.000000,-1.571000,-0.014017,0.996601,0.038213,0.997432
16.880000,-0.286074,0.003407,1.061902,-0.045151,0.004388,0.057307,-0.000048,0.000267,1.570362,-0.300000,1.000000,1.100000,0.000000,0.000000,-1.571000,-0.013926,0.996593,0.038098,0.997418
16.882000,-0.286164,0.003416,1.062017,-0.045069,0.004385,0.057217,-0.000048,0.000263,1.570362,-0.300000,1.000000,1.100000,0.000000,0.000000,-1.571000,-0.013836,0.996584,0.037983,0.997403
16.884000,-0.286254,0.003425,1.062131,-0.044986,0.004382,0.057127,-0.000048,0.000259,1.570362,-0.300000,1.000000,1.100000,0.000000,0.000000,-1.571000,-0.013746,0.996575,0.037869,0.997389
16.886000,-0.286344,0.003434,1.062246,-0.044903,0.004379,0.057037,-0.000048,0.000256,1.570362,-0.300000,1.000000,1.100000,0.000000,0.000000,-1.571000,-0.013656,0.996566,0.037754,0.997375
16.888000,-0.286434,0.003442,1.062360,-0.044821,0.004376,0.056948,-0.000047,0.000252,1.570362,-0.300000,1.000000,1.100000,0.000000,0.000000,-1.571000,-0.013566,0.996558,0.037640,0.997360
16.890000,-0.286523,0.003451,1.062473,-0.044739,0.004373,0.056859,-0.000046,0.000248,1.570361,-0.300000,1.000000,1.100000,0.000000,0.000000,-1.571000,-0.013477,0.996549,0.037527,0.997346
16.892000,-0.286613,0.003460,1.062587,-0.044657,0.004370,0.056771,-0.000045,0.000245,1.570361,-0.300000,1.000000,1.100000,0.000000,0.000000,-1.571000,-0.013387,0.996540,0.037413,0.997332
16.894000,-0.286702,0.003469,1.062701,-0.044575,0.004366,0.056682,-0.000043,0.000241,1.570360,-0.300000,1.000000,1.100000,0.000000,0.000000,-1.571000,-0.013298,0.996531,0.037299,0.997318
16.896000,-0.286791,0.003477,1.062814,-0.044493,0.004363,0.056594,-0.000041,0.000237,1.570360,-0.300000,1.000000,1.100000,0.000000,0.000000,-1.571000,-0.013209,0.996523,0.037186,0.997304
16.898000,-0.286880,0.003486,1.062927,-0.044412,0.004359,0.056505,-0.000039,0.000233,1.570359,-0.300000,1.000000,1.100000,0.000000,0.000000,-1.571000,-0.013120,0.996514,0.037073,0.997290
16.900000,-0.286969,0.003495,1.063040,-0.044330,0.004356,0.056417,-0.000036,0.000229,1.570359,-0.300000,1.000000,1.100000,0.000000,0.000000,-1.571000,-0.013031,0.996505,0.036960,0.997275
16.902000,-0.287058,0.003504,1.063153,-0.044248,0.004352,0.056328,-0.000033,0.000226,1.570358,-0.300000,1.000000,1.100000,0.000000,0.000000,-1.571000,-0.012942,0.996496,0.036847,0.997261
16.904000,-0.287146,0.003512,1.063266,-0.044167,0.004349,0.056240,-0.000029,0.000222,1.570357,-0.300000,1.000000,1.100000,0.000000,0.000000,-1.571000,-0.012854,0.996488,0.036734,0.997247
16.906000,-0.287234,0.003521,1.063378,-0.044086,0.004345,0.056152,-0.000026,0.000218,1.570357,-0.300000,1.000000,1.100000,0.000000,0.000000,-1.571000,-0.012766,0.996479,0.036622,0.997233
16.908000,-0.287322,0.003530,1.063490,-0.044005,0.004341,0.056063,-0.000022,0.000214,1.570356,-0.300000,1.000000,1.100000,0.000000,0.000000,-1.571000,-0.012678,0.996470,0.036510,0.997220
16.910000,-0.287410,0.003538,1.063602,-0.043923,0.004337,0.055975,-0.000018,0.000210,1.570355,-0.300000,1.000000,1.100000,0.000000,0.000000,-1.571000,-0.012590,0.996462,0.036398,0.997206
16.912000,-0.287498,0.003547,1.063714,-0.043842,0.004333,0.055887,-0.000013,0.000206,1.570355,-0.300000,1.000000,1.100000,0.000000,0.000000,-1.571000,-0.012502,0.996453,0.036286,0.997192
16.914000,-0.287586,0.003556,1.063826,-0.043761,0.004329,0.055799,-0.000009,0.000202,1.570354,-0.300000,1.000000,1.100000,0.000000,0.000000,-1.571000,-0.012414,0.996444,0.036174,0.997178
16.916000,-0.287673,0.003564,1.063938,-0.043680,0.004325,0.055711,-0.000004,0.000198,1.570353,-0.300000,1.000000,1.100000,0.000000,0.000000,-1.571000,-0.012327,0.996436,0.036062,0.997164
16.918000,-0.287761,0.003573,1.064049,-0.043599,0.004321,0.055623,0.000001,0.000194,1.570352,-0.300000,1.000000,1.100000,0.000000,0.000000,-1.571000,-0.012239,0.996427,0.035951,0.997150
16.920000,-0.287848,0.003582,1.064160,-0.043518,0.004317,0.055536,0.000006,0.000190,1.570351,-0.300000,1.000000,1.100000,0.000000,0.000000,-1.571000,-0.012152,0.996418,0.035840,0.997137
16.922000,-0.287935,0.003590,1.064271,-0.043438,0.004312,0.055448,0.000011,0.000187,1.570350,-0.300000,1.000000,1.100000,0.000000,0.000000,-1.571000,-0.012065,0.996410,0.035729,0.997123
16.924000,-0.288022,0.003599,1.064382,-0.043357,0.004308,0.055361,0.000017,0.000183,1.570349,-0.300000,1.000000,1.100000,0.000000,0.000000,-1.571000,-0.011978,0.996401,0.035618,0.997109
16.926000,-0.288108,0.003608,1.064493,-0.043276,0.004304,0.055275,0.000022,0.000179,1.570348,-0.300000,1.000000,1.100000,0.000000,0.000000,-1.571000,-0.011892,0.996392,0.035507,0.997096
16.928000,-0.288195,0.003616,1.064604,-0.043195,0.004299,0.055189,0.000028,0.000175,1.570347,-0.300000,1.000000,1.100000,0.000000,0.000000,-1.571000,-0.011805,0.996384,0.035396,0.997082
16.930000,-0.288281,0.003625,1.064714,-0.043115,0.004295,0.055103,0.000034,0.000171,1.570346,-0.300000,1.000000,1.100000,0.000000,0.000000,-1.571000,-0.011719,0.996375,0.035286,0.997069
16.932000,-0.288367,0.003633,1.064824,-0.043034,0.004290,0.055017,0.000039,0.000167,1.570345,-0.300000,1.000000,1.100000,0.000000,0.000000,-1.571000,-0.011633,0.996367,0.035176,0.997055
16.934000,-0.288453,0.003642,1.064934,-0.042954,0.004285,0.054932,0.000045,0.000163,1.570344,-0.300000,1.000000,1.100000,0.000000,0.000000,-1.571000,-0.011547,0.996358,0.035066,0.997042
16.936000,-0.288539,0.003650,1.065044,-0.042873,0.004280,0.054847,0.000051,0.000159,1.570343,-0.300000,1.000000,1.100000,0.000000,0.000000,-1.571000,-0.011461,0.996350,0.034956,0.997028
16.938000,-0.288625,0.003659,1.065154,-0.042793,0.004276,0.054762,0.000057,0.000155,1.570342,-0.300000,1.000000,1.100000,0.000000,0.000000,-1.571000,-0.011375,0.996341,0.034846,0.997015
16.940000,-0.288711,0.003668,1.065263,-0.042712,0.004271,0.054677,0.000063,0.000151,1.570341,-0.300000,1.000000,1.100000,0.000000,0.000000,-1.571000,-0.011289,0.996332,0.034737,0.997002
16.942000,-0.288796,0.003676,1.065372,-0.042632,0.004266,0.054593,0.000070,0.000147,1.570341,-0.300000,1.000000,1.100000,0.000000,0.000000,-1.571000,-0.011204,0.996324,0.034628,0.996988
16.944000,-0.288881,0.003685,1.065482,-0.042551,0.004261,0.054509,0.000076,0.000143,1.570340,-0.300000,1.000000,1.100000,0.000000,0.000000,-1.571000,-0.011119,0.996315,0.034518,0.996975
16.946000,-0.288966,0.003693,1.065591,-0.042471,0.004256,0.054425,0.000082,0.000139,1.570339,-0.300000,1.000000,1.100000,0.000000,0.000000,-1.571000,-0.011034,0.996307,0.034409,0.996962
16.948000,-0.289051,0.003702,1.065699,-0.042390,0.004250,0.054342,0.000088,0.000135,1.570338,-0.300000,1.000000,1.100000,0.000000,0.000000,-1.571000,-0.010949,0.996298,0.034301,0.996949
16.950000,-0.289136,0.003710,1.065808,-0.042310,0.004245,0.054259,0.000095,0.000131,1.570337,-0.300000,1.000000,1.100000,0.000000,0.000000,-1.571000,-0.010864,0.996290,0.034192,0.996936
16.952000,-0.289220,0.003719,1.065917,-0.042230,0.004240,0.054177,0.000101,0.000127,1.570336,-0.300000,1.000000,1.100000,0.000000,0.000000,-1.571000,-0.010780,0.996281,0.034083,0.996922
16.954000,-0.289305,0.003727,1.066025,-0.042149,0.004234,0.054095,0.000107,0.000123,1.570335,-0.300000,1.000000,1.100000,0.000000,0.000000,-1.571000,-0.010695,0.996273,0.033975,0.996909
16.956000,-0.289389,0.003736,1.066133,-0.042069,0.004229,0.054013,0.000113,0.000120,1.570334,-0.300000,1.000000,1.100000,0.000000,0.000000,-1.571000,-0.010611,0.996264,0.033867,0.996896
16.958000,-0.289473,0.003744,1.066241,-0.041989,0.004223,0.053932,0.000120,0.000116,1.570333,-0.300000,1.000000,1.100000,0.000000,0.000000,-1.571000,-0.010527,0.996256,0.033759,0.996883
16.960000,-0.289557,0.003753,1.066349,-0.041909,0.004218,0.053851,0.000126,0.000112,1.570332,-0.300000,1.000000,1.100000,0.000000,0.000000,-1.571000,-0.010443,0.996247,0.033651,0.996870
16.962000,-0.289641,0.003761,1.066457,-0.041829,0.004212,0.053770,0.000132,0.000108,1.570331,-0.300000,1.000000,1.100000,0.000000,0.000000,-1.571000,-0.010359,0.996239,0.033543,0.996857
16.964000,-0.289725,0.003769,1.066564,-0.041748,0.004206,0.053689,0.000138,0.000104,1.570331,-0.300000,1.000000,1.100000,0.000000,0.000000,-1.571000,-0.010275,0.996231,0.033436,0.996844
16.966000,-0.289808,0.003778,1.066672,-0.041668,0.004201,0.053607,0.000144,0.000100,1.570330,-0.300000,1.000000,1.100000,0.000000,0.000000,-1.571000,-0.010192,0.996222,0.033328,0.996832
16.968000,-0.289891,0.003786,1.066779,-0.041588,0.004195,0.053522,0.000150,0.000097,1.570329,-0.300000,1.000000,1.100000,0.000000,0.000000,-1.571000,-0.010109,0.996214,0.033221,0.996819
16.970000,-0.289975,0.003795,1.066886,-0.041508,0.004189,0.053436,0.000156,0.000093,1.570328,-0.300000,1.000000,1.100000,0.000000,0.000000,-1.571000,-0.010025,0.996205,0.033114,0.996806
16.972000,-0.290058,0.003803,1.066993,-0.041428,0.004183,0.053349,0.000162,0.000089,1.570328,-0.300000,1.000000,1.100000,0.000000,0.000000,-1.571000,-0.009942,0.996197,0.033007,0.996793
16.974000,-0.290140,0.003811,1.067099,-0.041348,0.004177,0.053260,0.000168,0.000086,1.570327,-0.300000,1.000000,1.100000,0.000000,0.000000,-1.571000,-0.009860,0.996189,0.032901,0.996781
16.976000,-0.290223,0.003820,1.067206,-0.041268,0.004171,0.053171,0.000174,0.000082,1.570326,-0.300000,1.000000,1.100000,0.000000,0.000000,-1.571000,-0.009777,0.996180,0.032794,0.996768
16.978000,-0.290305,0.003828,1.067312,-0.041188,0.004165,0.053081,0.000180,0.000079,1.570326,-0.300000,1.000000,1.100000,0.000000,0.000000,-1.571000,-0.009695,0.996172,0.032688,0.996755
16.980000,-0.290388,0.003836,1.067418,-0.041108,0.004159,0.052990,0.000185,0.000075,1.570325,-0.300000,1.000000,1.100000,0.000000,0.000000,-1.571000,-0.009612,0.996164,0.032582,0.996743
16.982000,-0.290470,0.003845,1.067524,-0.041028,0.004152,0.052899,0.000191,0.000072,1.570324,-0.300000,1.000000,1.100000,0.000000,0.000000,-1.571000,-0.009530,0.996155,0.032476,0.996730
16.984000,-0.290552,0.003853,1.067630,-0.040948,0.004146,0.052807,0.000196,0.000068,1.570324,-0.300000,1.000000,1.100000,0.000000,0.000000,-1.571000,-0.009448,0.996147,0.032370,0.996718
16.986000,-0.290634,0.003861,1.067736,-0.040869,0.004140,0.052715,0.000201,0.000065,1.570323,-0.300000,1.000000,1.100000,0.000000,0.000000,-1.571000,-0.009366,0.996139,0.032264,0.996705
16.988000,-0.290716,0.003870,1.067841,-0.040789,0.004133,0.052623,0.000206,0.000062,1.570323,-0.300000,1.000000,1.100000,0.000000,0.000000,-1.571000,-0.009284,0.996130,0.032159,0.996693
16.990000,-0.290797,0.003878,1.067946,-0.040709,0.004127,0.052530,0.000211,0.000059,1.570322,-0.300000,1.000000,1.100000,0.000000,0.000000,-1.571000,-0.009203,0.996122,0.032054,0.996680
16.992000,-0.290879,0.003886,1.068051,-0.040630,0.004120,0.052437,0.000215,0.000056,1.570321,-0.300000,1.000000,1.100000,0.000000,0.000000,-1.571000,-0.009121,0.996114,0.031949,0.996668
16.994000,-0.290960,0.003894,1.068156,-0.040550,0.004114,0.052343,0.000219,0.000053,1.570321,-0.300000,1.000000,1.100000,0.000000,0.000000,-1.571000,-0.009040,0.996106,0.031844,0.996656
16.996000,-0.291041,0.003903,1.068261,-0.040471,0.004107,0.052250,0.000222,0.000050,1.570320,-0.300000,1.000000,1.100000,0.000000,0.000000,-1.571000,-0.008959,0.996097,0.031739,0.996643
16.998000,-0.291122,0.003911,1.068365,-0.040391,0.004100,0.052156,0.000226,0.000047,1.570320,-0.300000,1.000000,1.100000,0.000000,0.000000,-1.571000,-0.008878,0.996089,0.031635,0.996631
17.000000,-0.291202,0.003919,1.068469,-0.040312,0.004094,0.052062,0.000229,0.000044,1.570319,-0.300000,1.000000,1.100000,0.000000,0.000000,-1.571000,-0.008798,0.996081,0.031531,0.996619
17.002000,-0.291283,0.003927,1.068574,-0.040233,0.004087,0.051968,0.000231,0.000041,1.570319,-0.300000,1.000000,1.100000,0.000000,0.000000,-1.571000,-0.008717,0.996073,0.031426,0.996607
17.004000,-0.291363,0.003935,1.068677,-0.040154,0.004080,0.051874,0.000233,0.000038,1.570318,-0.300000,1.000000,1.100000,0.000000,0.000000,-1.571000,-0.008637,0.996065,0.031323,0.996594
17.006000,-0.291444,0.003943,1.068781,-0.040075,0.004073,0.051780,0.000235,0.000036,1.570318,-0.300000,1.000000,1.100000,0.000000,0.000000,-1.571000,-0.008556,0.996057,0.031219,0.996582
17.008000,-0.291524,0.003952,1.068885,-0.039996,0.004066,0.051685,0.000236,0.000033,1.570318,-0.300000,1.000000,1.100000,0.000000,0.000000,-1.571000,-0.008476,0.996048,0.031115,0.996570
17.010000,-0.291604,0.003960,1.068988,-0.039917,0.004060,0.051591,0.000238,0.000030,1.570317,-0.300000,1.000000,1.100000,0.000000,0.000000,-1.571000,-0.008396,0.996040,0.031012,0.996558
17.012000,-0.291684,0.003968,1.069091,-0.039838,0.004053,0.051497,0.000238,0.000027,1.570317,-0.300000,1.000000,1.100000,0.000000,0.000000,-1.571000,-0.008316,0.996032,0.030909,0.996546
17.014000,-0.291763,0.003976,1.069194,-0.039760,0.004046,0.051403,0.000239,0.000024,1.570317,-0.300000,1.000000,1.100000,0.000000,0.000000,-1.571000,-0.008237,0.996024,0.030806,0.996534
17.016000,-0.291843,0.003984,1.069297,-0.039681,0.004039,0.051309,0.000239,0.000020,1.570316,-0.300000,1.000000,1.100000,0.000000,0.000000,-1.571000,-0.008157,0.996016,0.030703,0.996522
17.018000,-0.291922,0.003992,1.069399,-0.039603,0.004031,0.051215,0.000238,0.000017,1.570316,-0.300000,1.000000,1.100000,0.000000,0.000000,-1.571000,-0.008078,0.996008,0.030601,0.996511
17.020000,-0.292001,0.004000,1.069502,-0.039525,0.004024,0.051120,0.000238,0.000013,1.570316,-0.300000,1.000000,1.100000,0.000000,0.000000,-1.571000,-0.007999,0.996000,0.030498,0.996499
17.022000,-0.292080,0.004008,1.069604,-0.039447,0.004017,0.051026,0.000237,0.000009,1.570316,-0.300000,1.000000,1.100000,0.000000,0.000000,-1.571000,-0.007920,0.995992,0.030396,0.996487
17.024000,-0.292159,0.004016,1.069706,-0.039369,0.004010,0.050933,0.000236,0.000005,1.570316,-0.300000,1.000000,1.100000,0.000000,0.000000,-1.571000,-0.007841,0.995984,0.030294,0.996475
17.026000,-0.292238,0.004024,1.069808,-0.039292,0.004002,0.050839,0.000235,0.000001,1.570316,-0.300000,1.000000,1.100000,0.000000,0.000000,-1.571000,-0.007762,0.995976,0.030192,0.996463
17.028000,-0.292316,0.004032,1.069909,-0.039214,0.003995,0.050745,0.000233,-0.000004,1.570316,-0.300000,1.000000,1.100000,0.000000,0.000000,-1.571000,-0.007684,0.995968,0.030091,0.996452
17.030000,-0.292395,0.004040,1.070011,-0.039137,0.003987,0.050652,0.000232,-0.000009,1.570316,-0.300000,1.000000,1.100000,0.000000,0.000000,-1.571000,-0.007605,0.995960,0.029989,0.996440
17.032000,-0.292473,0.004048,1.070112,-0.039060,0.003980,0.050558,0.000230,-0.000014,1.570316,-0.300000,1.000000,1.100000,0.000000,0.000000,-1.571000,-0.007527,0.995952,0.029888,0.996429
17.034000,-0.292551,0.004056,1.070213,-0.038983,0.003972,0.050466,0.000228,-0.000019,1.570316,-0.300000,1.000000,1.100000,0.000000,0.000000,-1.571000,-0.007449,0.995944,0.029787,0.996417
17.036000,-0.292629,0.004064,1.070314,-0.038906,0.003964,0.050373,0.000226,-0.000025,1.570317,-0.300000,1.000000,1.100000,0.000000,0.000000,-1.571000,-0.007371,0.995936,0.029686,0.996405
17.038000,-0.292707,0.004072,1.070415,-0.038830,0.003957,0.050281,0.000224,-0.000030,1.570317,-0.300000,1.000000,1.100000,0.000000,0.000000,-1.571000,-0.007293,0.995928,0.029585,0.996394
17.040000,-0.292784,0.004080,1.070515,-0.038753,0.003949,0.050189,0.000221,-0.000036,1.570317,-0.300000,1.000000,1.100000,0.000000,0.000000,-1.571000,-0.007216,0.995920,0.029485,0.996383
17.042000,-0.292862,0.004088,1.070616,-0.038677,0.003940,0.050096,0.000219,-0.000042,1.570317,-0.300000,1.000000,1.100000,0.000000,0.000000,-1.571000,-0.007138,0.995912,0.029384,0.996371
17.044000,-0.292939,0.004096,1.070716,-0.038601,0.003932,0.050003,0.000216,-0.000049,1.570318,-0.300000,1.000000,1.100000,0.000000,0.000000,-1.571000,-0.007061,0.995904,0.029284,0.996360
17.046000,-0.293016,0.004104,1.070816,-0.038525,0.003924,0.049910,0.000214,-0.000055,1.570318,-0.300000,1.000000,1.100000,0.000000,0.000000,-1.571000,-0.006984,0.995896,0.029184,0.996348
17.048000,-0.293093,0.004111,1.070916,-0.038450,0.003916,0.049816,0.000211,-0.000062,1.570319,-0.300000,1.000000,1.100000,0.000000,0.000000,-1.571000,-0.006907,0.995889,0.029084,0.996337
17.050000,-0.293170,0.004119,1.071015,-0.038374,0.003907,0.049721,0.000209,-0.000069,1.570319,-0.300000,1.000000,1.100000,0.000000,0.000000,-1.571000,-0.006830,0.995881,0.028985,0.996326
17.052000,-0.293247,0.004127,1.071115,-0.038299,0.003899,0.049627,0.000206,-0.000076,1.570320,-0.300000,1.000000,1.100000,0.000000,0.000000,-1.571000,-0.006753,0.995873,0.028885,0.996315
17.054000,-0.293323,0.004135,1.071214,-0.038224,0.003890,0.049532,0.000203,-0.000084,1.570321,-0.300000,1.000000,1.100000,0.000000,0.000000,-1.571000,-0.006677,0.995865,0.028786,0.996303
17.056000,-0.293400,0.004143,1.071313,-0.038149,0.003881,0.049438,0.000201,-0.000091,1.570321,-0.300000,1.000000,1.100000,0.000000,0.000000,-1.571000,-0.006600,0.995857,0.028687,0.996292
17.058000,-0.293476,0.004150,1.071412,-0.038075,0.003872,0.049343,0.000198,-0.000099,1.570322,-0.300000,1.000000,1.100000,0.000000,0.000000,-1.571000,-0.006524,0.995850,0.028588,0.996281
17.060000,-0.293552,0.004158,1.071510,-0.038000,0.003863,0.049248,0.000196,-0.000106,1.570323,-0.300000,1.000000,1.100000,0.000000,0.000000,-1.571000,-0.006448,0.995842,0.028490,0.996270
17.062000,-0.293628,0.004166,1.071609,-0.037926,0.003853,0.049154,0.000194,-0.000114,1.570323,-0.300000,1.000000,1.100000,0.000000,0.000000,-1.571000,-0.006372,0.995834,0.028391,0.996259
17.064000,-0.293704,0.004174,1.071707,-0.037852,0.003844,0.049060,0.000192,-0.000121,1.570324,-0.300000,1.000000,1.100000,0.000000,0.000000,-1.571000,-0.006296,0.995826,0.028293,0.996248
17.066000,-0.293780,0.004181,1.071805,-0.037778,0.003834,0.048966,0.000190,-0.000129,1.570325,-0.300000,1.000000,1.100000,0.000000,0.000000,-1.571000,-0.006220,0.995819,0.028195,0.996237
17.068000,-0.293855,0.004189,1.071903,-0.037704,0.003825,0.048872,0.000188,-0.000136,1.570326,-0.300000,1.000000,1.100000,0.000000,0.000000,-1.571000,-0.006145,0.995811,0.028097,0.996226
17.070000,-0.293931,0.004197,1.072001,-0.037631,0.003815,0.048778,0.000186,-0.000144,1.570327,-0.300000,1.000000,1.100000,0.000000,0.000000,-1.571000,-0.006069,0.995803,0.027999,0.996216
17.072000,-0.294006,0.004204,1.072098,-0.037557,0.003805,0.048684,0.000184,-0.000151,1.570328,-0.300000,1.000000,1.100000,0.000000,0.000000,-1.571000,-0.005994,0.995796,0.027902,0.996205
17.074000,-0.294081,0.004212,1.072196,-0.037484,0.003795,0.048591,0.000183,-0.000159,1.570328,-0.300000,1.000000,1.100000,0.000000,0.000000,-1.571000,-0.005919,0.995788,0.027804,0.996194
17.076000,-0.294156,0.004219,1.072293,-0.037411,0.003785,0.048498,0.000181,-0.000166,1.570329,-0.300000,1.000000,1.100000,0.000000,0.000000,-1.571000,-0.005844,0.995781,0.027707,0.996183
17.078000,-0.294231,0.004227,1.072390,-0.037338,0.003775,0.048405,0.000180,-0.000173,1.570330,-0.300000,1.000000,1.100000,0.000000,0.000000,-1.571000,-0.005769,0.995773,0.027610,0.996173
17.080000,-0.294305,0.004234,1.072486,-0.037265,0.003764,0.048312,0.000178,-0.000180,1.570331,-0.300000,1.000000,1.100000,0.000000,0.000000,-1.571000,-0.005695,0.995766,0.027514,0.996162
17.082000,-0.294380,0.004242,1.072583,-0.037193,0.003754,0.048219,0.000177,-0.000186,1.570332,-0.300000,1.000000,1.100000,0.000000,0.000000,-1.571000,-0.005620,0.995758,0.027417,0.996151
17.084000,-0.294454,0.004249,1.072679,-0.037120,0.003743,0.048127,0.000176,-0.000193,1.570333,-0.300000,1.000000,1.100000,0.000000,0.000000,-1.571000,-0.005546,0.995751,0.027321,0.996141
17.086000,-0.294528,0.004257,1.072776,-0.037048,0.003732,0.048034,0.000175,-0.000199,1.570334,-0.300000,1.000000,1.100000,0.000000,0.000000,-1.571000,-0.005472,0.995743,0.027224,0.996130
17.088000,-0.294602,0.004264,1.072872,-0.036976,0.003721,0.047943,0.000174,-0.000205,1.570335,-0.300000,1.000000,1.100000,0.000000,0.000000,-1.571000,-0.005398,0.995736,0.027128,0.996120
17.090000,-0.294676,0.004272,1.072967,-0.036904,0.003710,0.047851,0.000173,-0.000211,1.570336,-0.300000,1.000000,1.100000,0.000000,0.000000,-1.571000,-0.005324,0.995728,0.027033,0.996109
17.092000,-0.294750,0.004279,1.073063,-0.036832,0.003699,0.047760,0.000173,-0.000216,1.570337,-0.300000,1.000000,1.100000,0.000000,0.000000,-1.571000,-0.005250,0.995721,0.026937,0.996099
17.094000,-0.294824,0.004287,1.073159,-0.036761,0.003688,0.047670,0.000172,-0.000221,1.570338,-0.300000,1.000000,1.100000,0.000000,0.000000,-1.571000,-0.005176,0.995713,0.026841,0.996089
17.096000,-0.294897,0.004294,1.073254,-0.036689,0.003677,0.047579,0.000172,-0.000226,1.570339,-0.300000,1.000000,1.100000,0.000000,0.000000,-1.571000,-0.005103,0.995706,0.026746,0.996078
17.098000,-0.294971,0.004301,1.073349,-0.036618,0.003666,0.047489,0.000171,-0.000231,1.570340,-0.300000,1.000000,1.100000,0.000000,0.000000,-1.571000,-0.005029,0.995699,0.026651,0.996068
17.100000,-0.295044,0.004309,1.073444,-0.036547,0.003655,0.047400,0.000171,-0.000235,1.570341,-0.300000,1.000000,1.100000,0.000000,0.000000,-1.571000,-0.004956,0.995691,0.026556,0.996058
17.102000,-0.295117,0.004316,1.073539,-0.036476,0.003643,0.047310,0.000171,-0.000239,1.570341,-0.300000,1.000000,1.100000,0.000000,0.000000,-1.571000,-0.004883,0.995684,0.026461,0.996048
17.104000,-0.295190,0.004323,1.073633,-0.036405,0.003632,0.047221,0.000171,-0.000243,1.570342,-0.300000,1.000000,1.100000,0.000000,0.000000,-1.571000,-0.004810,0.995677,0.026367,0.996037
17.106000,-0.295262,0.004331,1.073728,-0.036334,0.003620,0.047132,0.000172,-0.000246,1.570343,-0.300000,1.000000,1.100000,0.000000,0.000000,-1.571000,-0.004738,0.995669,0.026272,0.996027
17.108000,-0.295335,0.004338,1.073822,-0.036263,0.003609,0.047044,0.000172,-0.000249,1.570344,-0.300000,1.000000,1.100000,0.000000,0.000000,-1.571000,-0.004665,0.995662,0.026178,0.996017
17.110000,-0.295408,0.004345,1.073916,-0.036192,0.003597,0.046956,0.000172,-0.000252,1.570345,-0.300000,1.000000,1.100000,0.000000,0.000000,-1.571000,-0.004592,0.995655,0.026084,0.996007
17.112000,-0.295480,0.004352,1.074010,-0.036122,0.003585,0.046868,0.000173,-0.000255,1.570346,-0.300000,1.000000,1.100000,0.000000,0.000000,-1.571000,-0.004520,0.995648,0.025990,0.995997
17.114000,-0.295552,0.004359,1.074104,-0.036052,0.003574,0.046780,0.000174,-0.000257,1.570347,-0.300000,1.000000,1.100000,0.000000,0.000000,-1.571000,-0.004448,0.995641,0.025896,0.995987
17.116000,-0.295624,0.004366,1.074197,-0.035981,0.003562,0.046692,0.000175,-0.000259,1.570347,-0.300000,1.000000,1.100000,0.000000,0.000000,-1.571000,-0.004376,0.995634,0.025803,0.995977
17.118000,-0.295696,0.004374,1.074290,-0.035911,0.003550,0.046605,0.000175,-0.000261,1.570348,-0.300000,1.000000,1.100000,0.000000,0.000000,-1.571000,-0.004304,0.995626,0.025710,0.995968
17.120000,-0.295768,0.004381,1.074384,-0.035841,0.003539,0.046519,0.000176,-0.000262,1.570349,-0.300000,1.000000,1.100000,0.000000,0.000000,-1.571000,-0.004232,0.995619,0.025616,0.995958
17.122000,-0.295840,0.004388,1.074477,-0.035771,0.003527,0.046432,0.000177,-0.000263,1.570350,-0.300000,1.000000,1.100000,0.000000,0.000000,-1.571000,-0.004160,0.995612,0.025523,0.995948
17.124000,-0.295911,0.004395,1.074569,-0.035702,0.003515,0.046345,0.000178,-0.000264,1.570350,-0.300000,1.000000,1.100000,0.000000,0.000000,-1.571000,-0.004089,0.995605,0.025431,0.995938
17.126000,-0.295982,0.004402,1.074662,-0.035632,0.003504,0.046258,0.000179,-0.000265,1.570351,-0.300000,1.000000,1.100000,0.000000,0.000000,-1.571000,-0.004018,0.995598,0.025338,0.995929
17.128000,-0.296054,0.004409,1.074755,-0.035562,0.003492,0.046171,0.000181,-0.000265,1.570352,-0.300000,1.000000,1.100000,0.000000,0.000000,-1.571000,-0.003946,0.995591,0.025245,0.995919
17.130000,-0.296125,0.004416,1.074847,-0.035493,0.003480,0.046084,0.000182,-0.000265,1.570353,-0.300000,1.000000,1.100000,0.000000,0.000000,-1.571000,-0.003875,0.995584,0.025153,0.995910
17.132000,-0.296196,0.004423,1.074939,-0.035423,0.003469,0.045997,0.000183,-0.000265,1.570354,-0.300000,1.000000,1.100000,0.000000,0.000000,-1.571000,-0.003804,0.995577,0.025061,0.995900
17.134000,-0.296267,0.004430,1.075031,-0.035354,0.003457,0.045910,0.000184,-0.000265,1.570354,-0.300000,1.000000,1.100000,0.000000,0.000000,-1.571000,-0.003733,0.995570,0.024969,0.995890
17.136000,-0.296337,0.004437,1.075123,-0.035285,0.003445,0.045823,0.000186,-0.000264,1.570355,-0.300000,1.000000,1.100000,0.000000,0.000000,-1.571000,-0.003663,0.995563,0.024877,0.995881
17.138000,-0.296408,0.004443,1.075214,-0.035216,0.003434,0.045736,0.000187,-0.000264,1.570356,-0.300000,1.000000,1.100000,0.000000,0.000000,-1.571000,-0.003592,0.995557,0.024786,0.995872
17.140000,-0.296478,0.004450,1.075306,-0.035147,0.003422,0.045649,0.000188,-0.000263,1.570357,-0.300000,1.000000,1.100000,0.000000,0.000000,-1.571000,-0.003522,0.995550,0.024694,0.995862
17.142000,-0.296548,0.004457,1.075397,-0.035078,0.003411,0.045562,0.000190,-0.000262,1.570357,-0.300000,1.000000,1.100000,0.000000,0.000000,-1.571000,-0.003452,0.995543,0.024603,0.995853
17.144000,-0.296619,0.004464,1.075488,-0.035009,0.003399,0.045475,0.000191,-0.000261,1.570358,-0.300000,1.000000,1.100000,0.000000,0.000000,-1.571000,-0.003381,0.995536,0.024512,0.995844
17.146000,-0.296689,0.004471,1.075579,-0.034941,0.003388,0.045389,0.000192,-0.000259,1.570359,-0.300000,1.000000,1.100000,0.000000,0.000000,-1.571000,-0.003311,0.995529,0.024421,0.995834
17.148000,-0.296758,0.004477,1.075670,-0.034872,0.003377,0.045302,0.000193,-0.000258,1.570360,-0.300000,1.000000,1.100000,0.000000,0.000000,-1.571000,-0.003242,0.995523,0.024330,0.995825
17.150000,-0.296828,0.004484,1.075760,-0.034804,0.003365,0.045216,0.000195,-0.000257,1.570360,-0.300000,1.000000,1.100000,0.000000,0.000000,-1.571000,-0.003172,0.995516,0.024240,0.995816
17.152000,-0.296898,0.004491,1.075851,-0.034736,0.003354,0.045131,0.000196,-0.000255,1.570361,-0.300000,1.000000,1.100000,0.000000,0.000000,-1.571000,-0.003102,0.995509,0.024149,0.995807
17.154000,-0.296967,0.004498,1.075941,-0.034667,0.003343,0.045046,0.000197,-0.000253,1.570362,-0.300000,1.000000,1.100000,0.000000,0.000000,-1.571000,-0.003033,0.995502,0.024059,0.995798
17.156000,-0.297036,0.004504,1.076031,-0.034599,0.003332,0.044961,0.000198,-0.000252,1.570363,-0.300000,1.000000,1.100000,0.000000,0.000000,-1.571000,-0.002964,0.995496,0.023969,0.995789
17.158000,-0.297106,0.004511,1.076121,-0.034531,0.003321,0.044876,0.000199,-0.000250,1.570363,-0.300000,1.000000,1.100000,0.000000,0.000000,-1.571000,-0.002894,0.995489,0.023879,0.995780
17.160000,-0.297175,0.004518,1.076211,-0.034463,0.003310,0.044791,0.000200,-0.000248,1.570364,-0.300000,1.000000,1.100000,0.000000,0.000000,-1.571000,-0.002825,0.995482,0.023789,0.995771
17.162000,-0.297244,0.004524,1.076300,-0.034395,0.003299,0.044707,0.000201,-0.000247,1.570364,-0.300000,1.000000,1.100000,0.000000,0.000000,-1.571000,-0.002756,0.995476,0.023700,0.995762
17.164000,-0.297312,0.004531,1.076390,-0.034328,0.003288,0.044623,0.000202,-0.000245,1.570365,-0.300000,1.000000,1.100000,0.000000,0.000000,-1.571000,-0.002688,0.995469,0.023610,0.995753
17.166000,-0.297381,0.004537,1.076479,-0.034260,0.003277,0.044539,0.000203,-0.000243,1.570366,-0.300000,1.000000,1.100000,0.000000,0.000000,-1.571000,-0.002619,0.995463,0.023521,0.995744
17.168000,-0.297449,0.004544,1.076568,-0.034193,0.003266,0.044456,0.000204,-0.000241,1.570366,-0.300000,1.000000,1.100000,0.000000,0.000000,-1.571000,-0.002551,0.995456,0.023432,0.995735
17.170000,-0.297518,0.004550,1.076657,-0.034125,0.003255,0.044373,0.000205,-0.000239,1.570367,-0.300000,1.000000,1.100000,0.000000,0.000000,-1.571000,-0.002482,0.995450,0.023343,0.995726
17.172000,-0.297586,0.004557,1.076745,-0.034058,0.003245,0.044290,0.000207,-0.000237,1.570367,-0.300000,1.000000,1.100000,0.000000,0.000000,-1.571000,-0.002414,0.995443,0.023255,0.995718
17.174000,-0.297654,0.004563,1.076834,-0.033991,0.003234,0.044207,0.000208,-0.000235,1.570368,-0.300000,1.000000,1.100000,0.000000,0.000000,-1.571000,-0.002346,0.995437,0.023166,0.995709
17.176000,-0.297722,0.004570,1.076922,-0.033924,0.003223,0.044124,0.000209,-0.000233,1.570368,-0.300000,1.000000,1.100000,0.000000,0.000000,-1.571000,-0.002278,0.995430,0.023078,0.995700
17.178000,-0.297790,0.004576,1.077011,-0.033857,0.003213,0.044042,0.000211,-0.000231,1.570369,-0.300000,1.000000,1.100000,0.000000,0.000000,-1.571000,-0.002210,0.995424,0.022989,0.995692
17.180000,-0.297857,0.004583,1.077099,-0.033790,0.003202,0.043961,0.000212,-0.000229,1.570369,-0.300000,1.000000,1.100000,0.000000,0.000000,-1.571000,-0.002143,0.995417,0.022901,0.995683
17.182000,-0.297925,0.004589,1.077186,-0.033723,0.003192,0.043879,0.000214,-0.000227,1.570369,-0.300000,1.000000,1.100000,0.000000,0.000000,-1.571000,-0.002075,0.995411,0.022814,0.995674
17.184000,-0.297992,0.004595,1.077274,-0.033656,0.003182,0.043799,0.000216,-0.000226,1.570370,-0.300000,1.000000,1.100000,0.000000,0.000000,-1.571000,-0.002008,0.995405,0.022726,0.995666
17.186000,-0.298060,0.004602,1.077362,-0.033590,0.003171,0.043718,0.000218,-0.000224,1.570370,-0.300000,1.000000,1.100000,0.000000,0.000000,-1.571000,-0.001940,0.995398,0.022638,0.995657
17.188000,-0.298127,0.004608,1.077449,-0.033523,0.003161,0.043638,0.000219,-0.000222,1.570370,-0.300000,1.000000,1.100000,0.000000,0.000000,-1.571000,-0.001873,0.995392,0.022551,0.995649
17.190000,-0.298194,0.004614,1.077536,-0.033457,0.003151,0.043558,0.000221,-0.000220,1.570371,-0.300000,1.000000,1.100000,0.000000,0.000000,-1.571000,-0.001806,0.995386,0.022464,0.995641
17.192000,-0.298261,0.004621,1.077623,-0.033390,0.003141,0.043479,0.000222,-0.000219,1.570371,-0.300000,1.000000,1.100000,0.000000,0.000000,-1.571000,-0.001739,0.995379,0.022377,0.995632
17.194000,-0.298328,0.004627,1.077710,-0.033324,0.003131,0.043399,0.000224,-0.000217,1.570371,-0.300000,1.000000,1.100000,0.000000,0.000000,-1.571000,-0.001672,0.995373,0.022290,0.995624
17.196000,-0.298394,0.004633,1.077797,-0.033258,0.003120,0.043320,0.000226,-0.000215,1.570371,-0.300000,1.000000,1.100000,0.000000,0.000000,-1.571000,-0.001606,0.995367,0.022203,0.995616
17.198000,-0.298461,0.004640,1.077884,-0.033192,0.003110,0.043242,0.000227,-0.000214,1.570372,-0.300000,1.000000,1.100000,0.000000,0.000000,-1.571000,-0.001539,0.995360,0.022116,0.995607
17.200000,-0.298527,0.004646,1.077970,-0.033126,0.003101,0.043163,0.000229,-0.000212,1.570372,-0.300000,1.000000,1.100000,0.000000,0.000000,-1.571000,-0.001473,0.995354,0.022030,0.995599
17.202000,-0.298593,0.004652,1.078057,-0.033060,0.003091,0.043085,0.000230,-0.000210,1.570372,-0.300000,1.000000,1.100000,0.000000,0.000000,-1.571000,-0.001407,0.995348,0.021943,0.995591
17.204000,-0.298659,0.004658,1.078143,-0.032994,0.003081,0.043007,0.000232,-0.000209,1.570372,-0.300000,1.000000,1.100000,0.000000,0.000000,-1.571000,-0.001341,0.995342,0.021857,0.995583
17.206000,-0.298725,0.004664,1.078229,-0.032929,0.003071,0.042930,0.000233,-0.000207,1.570372,-0.300000,1.000000,1.100000,0.000000,0.000000,-1.571000,-0.001275,0.995336,0.021771,0.995575
17.208000,-0.298791,0.004670,1.078314,-0.032863,0.003061,0.042852,0.000235,-0.000206,1.570373,-0.300000,1.000000,1.100000,0.000000,0.000000,-1.571000,-0.001209,0.995330,0.021686,0.995567
17.210000,-0.298857,0.004676,1.078400,-0.032797,0.003052,0.042774,0.000237,-0.000204,1.570373,-0.300000,1.000000,1.100000,0.000000,0.000000,-1.571000,-0.001143,0.995324,0.021600,0.995559
17.212000,-0.298922,0.004683,1.078486,-0.032732,0.003042,0.042696,0.000238,-0.000203,1.570373,-0.300000,1.000000,1.100000,0.000000,0.000000,-1.571000,-0.001078,0.995317,0.021514,0.995551
17.214000,-0.298988,0.004689,1.078571,-0.032667,0.003032,0.042619,0.000240,-0.000201,1.570373,-0.300000,1.000000,1.100000,0.000000,0.000000,-1.571000,-0.001012,0.995311,0.021429,0.995543
17.216000,-0.299053,0.004695,1.078656,-0.032601,0.003023,0.042541,0.000241,-0.000200,1.570373,-0.300000,1.000000,1.100000,0.000000,0.000000,-1.571000,-0.000947,0.995305,0.021344,0.995535
17.218000,-0.299118,0.004701,1.078741,-0.032536,0.003013,0.042463,0.000243,-0.000199,1.570373,-0.300000,1.000000,1.100000,0.000000,0.000000,-1.571000,-0.000882,0.995299,0.021259,0.995527
17.220000,-0.299183,0.004707,1.078826,-0.032471,0.003004,0.042385,0.000244,-0.000198,1.570373,-0.300000,1.000000,1.100000,0.000000,0.000000,-1.571000,-0.000817,0.995293,0.021174,0.995519
17.222000,-0.299248,0.004713,1.078911,-0.032406,0.002994,0.042308,0.000245,-0.000196,1.570373,-0.300000,1.000000,1.100000,0.000000,0.000000,-1.571000,-0.000752,0.995287,0.021089,0.995511
17.224000,-0.299313,0.004719,1.078995,-0.032341,0.002985,0.042230,0.000247,-0.000195,1.570373,-0.300000,1.000000,1.100000,0.000000,0.000000,-1.571000,-0.000687,0.995281,0.021005,0.995503
17.226000,-0.299378,0.004725,1.079080,-0.032276,0.002976,0.042152,0.000248,-0.000194,1.570373,-0.300000,1.000000,1.100000,0.000000,0.000000,-1.571000,-0.000622,0.995275,0.020920,0.995495
17.228000,-0.299442,0.004731,1.079164,-0.032212,0.002966,0.042075,0.000250,-0.000193,1.570374,-0.300000,1.000000,1.100000,0.000000,0.000000,-1.571000,-0.000558,0.995269,0.020836,0.995488
17.230000,-0.299506,0.004737,1.079248,-0.032147,0.002957,0.041997,0.000251,-0.000192,1.570374,-0.300000,1.000000,1.100000,0.000000,0.000000,-1.571000,-0.000494,0.995263,0.020752,0.995480
17.232000,-0.299571,0.004742,1.079332,-0.032083,0.002948,0.041920,0.000252,-0.000192,1.570374,-0.300000,1.000000,1.100000,0.000000,0.000000,-1.571000,-0.000429,0.995258,0.020668,0.995472
17.234000,-0.299635,0.004748,1.079416,-0.032018,0.002939,0.041843,0.000253,-0.000191,1.570374,-0.300000,1.000000,1.100000,0.000000,0.000000,-1.571000,-0.000365,0.995252,0.020584,0.995465
17.236000,-0.299699,0.004754,1.079500,-0.031954,0.002929,0.041765,0.000254,-0.000190,1.570374,-0.300000,1.000000,1.100000,0.000000,0.000000,-1.571000,-0.000301,0.995246,0.020500,0.995457
17.238000,-0.299763,0.004760,1.079583,-0.031890,0.002920,0.041688,0.000255,-0.000189,1.570374,-0.300000,1.000000,1.100000,0.000000,0.000000,-1.571000,-0.000237,0.995240,0.020417,0.995449
17.240000,-0.299827,0.004766,1.079667,-0.031826,0.002911,0.041611,0.000255,-0.000189,1.570374,-0.300000,1.000000,1.100000,0.000000,0.000000,-1.571000,-0.000173,0.995234,0.020333,0.995442
17.242000,-0.299890,0.004772,1.079750,-0.031762,0.002902,0.041535,0.000255,-0.000188,1.570374,-0.300000,1.000000,1.100000,0.000000,0.000000,-1.571000,-0.000110,0.995228,0.020250,0.995434
17.244000,-0.299954,0.004778,1.079833,-0.031698,0.002893,0.041458,0.000255,-0.000188,1.570374,-0.300000,1.000000,1.100000,0.000000,0.000000,-1.571000,-0.000046,0.995222,0.020167,0.995427
17.246000,-0.300017,0.004783,1.079916,-0.031634,0.002884,0.041383,0.000255,-0.000188,1.570374,-0.300000,1.000000,1.100000,0.000000,0.000000,-1.571000,0.000017,0.995217,0.020084,0.995419
17.248000,-0.300080,0.004789,1.079998,-0.031570,0.002875,0.041307,0.000255,-0.000188,1.570374,-0.300000,1.000000,1.100000,0.000000,0.000000,-1.571000,0.000080,0.995211,0.020002,0.995412
17.250000,-0.300143,0.004795,1.080081,-0.031507,0.002866,0.041232,0.000254,-0.000188,1.570374,-0.300000,1.000000,1.100000,0.000000,0.000000,-1.571000,0.000143,0.995205,0.019919,0.995405
17.252000,-0.300206,0.004801,1.080163,-0.031444,0.002857,0.041157,0.000253,-0.000188,1.570374,-0.300000,1.000000,1.100000,0.000000,0.000000,-1.571000,0.000206,0.995199,0.019837,0.995397
17.254000,-0.300269,0.004806,1.080246,-0.031380,0.002848,0.041082,0.000252,-0.000188,1.570374,-0.300000,1.000000,1.100000,0.000000,0.000000,-1.571000,0.000269,0.995194,0.019754,0.995390
17.256000,-0.300332,0.004812,1.080328,-0.031317,0.002839,0.041007,0.000251,-0.000188,1.570374,-0.300000,1.000000,1.100000,0.000000,0.000000,-1.571000,0.000332,0.995188,0.019672,0.995383
17.258000,-0.300395,0.004818,1.080410,-0.031254,0.002830,0.040933,0.000250,-0.000189,1.570374,-0.300000,1.000000,1.100000,0.000000,0.000000,-1.571000,0.000395,0.995182,0.019590,0.995375
17.260000,-0.300457,0.004823,1.080492,-0.031191,0.002821,0.040859,0.000248,-0.000189,1.570374,-0.300000,1.000000,1.100000,0.000000,0.000000,-1.571000,0.000457,0.995177,0.019508,0.995368
17.262000,-0.300519,0.004829,1.080573,-0.031129,0.002812,0.040785,0.000246,-0.000190,1.570373,-0.300000,1.000000,1.100000,0.000000,0.000000,-1.571000,0.000519,0.995171,0.019427,0.995361
17.264000,-0.300582,0.004835,1.080655,-0.031066,0.002803,0.040712,0.000244,-0.000191,1.570373,-0.300000,1.000000,1.100000,0.000000,0.000000,-1.571000,0.000582,0.995165,0.019345,0.995354
17.266000,-0.300644,0.004840,1.080736,-0.031004,0.002794,0.040638,0.000241,-0.000192,1.570373,-0.300000,1.000000,1.100000,0.000000,0.000000,-1.571000,0.000644,0.995160,0.019264,0.995347
17.268000,-0.300706,0.004846,1.080818,-0.030942,0.002785,0.040565,0.000239,-0.000193,1.570373,-0.300000,1.000000,1.100000,0.000000,0.000000,-1.571000,0.000706,0.995154,0.019182,0.995339
17.270000,-0.300767,0.004851,1.080899,-0.030880,0.002776,0.040492,0.000236,-0.000194,1.570373,-0.300000,1.000000,1.100000,0.000000,0.000000,-1.571000,0.000767,0.995149,0.019101,0.995332
17.272000,-0.300829,0.004857,1.080980,-0.030818,0.002767,0.040419,0.000233,-0.000195,1.570373,-0.300000,1.000000,1.100000,0.000000,0.000000,-1.571000,0.000829,0.995143,0.019020,0.995325
17.274000,-0.300891,0.004862,1.081060,-0.030756,0.002758,0.040347,0.000229,-0.000196,1.570373,-0.300000,1.000000,1.100000,0.000000,0.000000,-1.571000,0.000891,0.995138,0.018940,0.995318
17.276000,-0.300952,0.004868,1.081141,-0.030695,0.002750,0.040275,0.000226,-0.000197,1.570373,-0.300000,1.000000,1.100000,0.000000,0.000000,-1.571000,0.000952,0.995132,0.018859,0.995311
17.278000,-0.301014,0.004873,1.081222,-0.030633,0.002741,0.040203,0.000222,-0.000199,1.570373,-0.300000,1.000000,1.100000,0.000000,0.000000,-1.571000,0.001014,0.995127,0.018778,0.995304
17.280000,-0.301075,0.004879,1.081302,-0.030572,0.002732,0.040132,0.000219,-0.000200,1.570373,-0.300000,1.000000,1.100000,0.000000,0.000000,-1.571000,0.001075,0.995121,0.018698,0.995297
17.282000,-0.301136,0.004884,1.081382,-0.030511,0.002723,0.040061,0.000215,-0.000201,1.570372,-0.300000,1.000000,1.100000,0.000000,0.000000,-1.571000,0.001136,0.995116,0.018618,0.995291
17.284000,-0.301197,0.004890,1.081462,-0.030451,0.002714,0.039991,0.000212,-0.000203,1.570372,-0.300000,1.000000,1.100000,0.000000,0.000000,-1.571000,0.001197,0.995110,0.018538,0.995284
17.286000,-0.301258,0.004895,1.081542,-0.030390,0.002705,0.039921,0.000208,-0.000204,1.570372,-0.300000,1.000000,1.100000,0.000000,0.000000,-1.571000,0.001258,0.995105,0.018458,0.995277
17.288000,-0.301319,0.004901,1.081622,-0.030330,0.002696,0.039851,0.000205,-0.000206,1.570372,-0.300000,1.000000,1.100000,0.000000,0.000000,-1.571000,0.001319,0.995099,0.018378,0.995270
17.290000,-0.301379,0.004906,1.081702,-0.030269,0.002687,0.039781,0.000201,-0.000207,1.570372,-0.300000,1.000000,1.100000,0.000000,0.000000,-1.571000,0.001379,0.995094,0.018298,0.995263
17.292000,-0.301440,0.004911,1.081781,-0.030209,0.002677,0.039712,0.000198,-0.000209,1.570372,-0.300000,1.000000,1.100000,0.000000,0.000000,-1.571000,0.001440,0.995089,0.018219,0.995257
17.294000,-0.301500,0.004917,1.081861,-0.030149,0.002668,0.039643,0.000195,-0.000210,1.570372,-0.300000,1.000000,1.100000,0.000000,0.000000,-1.571000,0.001500,0.995083,0.018139,0.995250
17.296000,-0.301560,0.004922,1.081940,-0.030090,0.002659,0.039574,0.000192,-0.000212,1.570371,-0.300000,1.000000,1.100000,0.000000,0.000000,-1.571000,0.001560,0.995078,0.018060,0.995243
17.298000,-0.301621,0.004927,1.082019,-0.030030,0.002650,0.039505,0.000190,-0.000213,1.570371,-0.300000,1.000000,1.100000,0.000000,0.000000,-1.571000,0.001621,0.995073,0.017981,0.995237
17.300000,-0.301681,0.004933,1.082098,-0.029971,0.002641,0.039437,0.000187,-0.000214,1.570371,-0.300000,1.000000,1.100000,0.000000,0.000000,-1.571000,0.001681,0.995067,0.017902,0.995230
17.302000,-0.301741,0.004938,1.082177,-0.029912,0.002632,0.039368,0.000185,-0.000216,1.570371,-0.300000,1.000000,1.100000,0.000000,0.000000,-1.571000,0.001741,0.995062,0.017823,0.995223
17.304000,-0.301800,0.004943,1.082256,-0.029853,0.002623,0.039300,0.000183,-0.000217,1.570370,-0.300000,1.000000,1.100000,0.000000,0.000000,-1.571000,0.001800,0.995057,0.017744,0.995217
17.306000,-0.301860,0.004948,1.082334,-0.029794,0.002614,0.039231,0.000181,-0.000219,1.570370,-0.300000,1.000000,1.100000,0.000000,0.000000,-1.571000,0.001860,0.995052,0.017666,0.995210
17.308000,-0.301920,0.004954,1.082413,-0.029735,0.002605,0.039161,0.000180,-0.000220,1.570370,-0.300000,1.000000,1.100000,0.000000,0.000000,-1.571000,0.001920,0.995046,0.017587,0.995204
17.310000,-0.301979,0.004959,1.082491,-0.029676,0.002596,0.039092,0.000178,-0.000221,1.570370,-0.300000,1.000000,1.100000,0.000000,0.000000,-1.571000,0.001979,0.995041,0.017509,0.995197
17.312000,-0.302038,0.004964,1.082569,-0.029618,0.002586,0.039023,0.000177,-0.000222,1.570370,-0.300000,1.000000,1.100000,0.000000,0.000000,-1.571000,0.002038,0.995036,0.017431,0.995191
17.314000,-0.302098,0.004969,1.082647,-0.029559,0.002577,0.038953,0.000177,-0.000223,1.570370,-0.300000,1.000000,1.100000,0.000000,0.000000,-1.571000,0.002098,0.995031,0.017353,0.995184
17.316000,-0.302157,0.004974,1.082725,-0.029501,0.002568,0.038884,0.000176,-0.000224,1.570369,-0.300000,1.000000,1.100000,0.000000,0.000000,-1.571000,0.002157,0.995026,0.017275,0.995178
17.318000,-0.302216,0.004979,1.082803,-0.029443,0.002559,0.038815,0.000176,-0.000225,1.570369,-0.300000,1.000000,1.100000,0.000000,0.000000,-1.571000,0.002216,0.995021,0.017197,0.995172
17.320000,-0.302274,0.004984,1.082880,-0.029385,0.002550,0.038746,0.000177,-0.000226,1.570369,-0.300000,1.000000,1.100000,0.000000,0.000000,-1.571000,0.002274,0.995016,0.017120,0.995165
17.322000,-0.302333,0.004990,1.082958,-0.029327,0.002541,0.038678,0.000178,-0.000226,1.570369,-0.300000,1.000000,1.100000,0.000000,0.000000,-1.571000,0.002333,0.995010,0.017042,0.995159
17.324000,-0.302392,0.004995,1.083035,-0.029269,0.002532,0.038609,0.000179,-0.000227,1.570369,-0.300000,1.000000,1.100000,0.000000,0.000000,-1.571000,0.002392,0.995005,0.016965,0.995153
17.326000,-0.302450,0.005000,1.083112,-0.029211,0.002522,0.038540,0.000180,-0.000227,1.570369,-0.300000,1.000000,1.100000,0.000000,0.000000,-1.571000,0.002450,0.995000,0.016888,0.995147
17.328000,-0.302509,0.005005,1.083189,-0.029154,0.002513,0.038472,0.000181,-0.000228,1.570369,-0.300000,1.000000,1.100000,0.000000,0.000000,-1.571000,0.002509,0.994995,0.016811,0.995140
17.330000,-0.302567,0.005010,1.083266,-0.029096,0.002504,0.038404,0.000183,-0.000228,1.570369,-0.300000,1.000000,1.100000,0.000000,0.000000,-1.571000,0.002567,0.994990,0.016734,0.995134
17.332000,-0.302625,0.005015,1.083343,-0.029039,0.002495,0.038335,0.000185,-0.000228,1.570368,-0.300000,1.000000,1.100000,0.000000,0.000000,-1.571000,0.002625,0.994985,0.016657,0.995128
17.334000,-0.302683,0.005020,1.083420,-0.028981,0.002486,0.038266,0.000188,-0.000227,1.570368,-0.300000,1.000000,1.100000,0.000000,0.000000,-1.571000,0.002683,0.994980,0.016580,0.995122
17.336000,-0.302741,0.005025,1.083496,-0.028924,0.002477,0.038197,0.000190,-0.000227,1.570368,-0.300000,1.000000,1.100000,0.000000,0.000000,-1.571000,0.002741,0.994975,0.016504,0.995116
17.338000,-0.302799,0.005030,1.083573,-0.028866,0.002468,0.038128,0.000193,-0.000226,1.570368,-0.300000,1.000000,1.100000,0.000000,0.000000,-1.571000,0.002799,0.994970,0.016427,0.995110
17.340000,-0.302857,0.005035,1.083649,-0.028809,0.002459,0.038059,0.000196,-0.000225,1.570367,-0.300000,1.000000,1.100000,0.000000,0.000000,-1.571000,0.002857,0.994965,0.016351,0.995104
17.342000,-0.302914,0.005039,1.083725,-0.028752,0.002450,0.037990,0.000199,-0.000224,1.570367,-0.300000,1.000000,1.100000,0.000000,0.000000,-1.571000,0.002914,0.994961,0.016275,0.995098
17.344000,-0.302972,0.005044,1.083801,-0.028695,0.002441,0.037921,0.000202,-0.000223,1.570366,-0.300000,1.000000,1.100000,0.000000,0.000000,-1.571000,0.002972,0.994956,0.016199,0.995092
17.346000,-0.303029,0.005049,1.083877,-0.028638,0.002432,0.037852,0.000205,-0.000221,1.570366,-0.300000,1.000000,1.100000,0.000000,0.000000,-1.571000,0.003029,0.994951,0.016123,0.995086
17.348000,-0.303086,0.005054,1.083952,-0.028580,0.002423,0.037783,0.000208,-0.000220,1.570365,-0.300000,1.000000,1.100000,0.000000,0.000000,-1.571000,0.003086,0.994946,0.016048,0.995080
17.350000,-0.303143,0.005059,1.084028,-0.028523,0.002414,0.037715,0.000211,-0.000218,1.570365,-0.300000,1.000000,1.100000,0.000000,0.000000,-1.571000,0.003143,0.994941,0.015972,0.995074
17.352000,-0.303200,0.005064,1.084103,-0.028466,0.002406,0.037647,0.000215,-0.000216,1.570364,-0.300000,1.000000,1.100000,0.000000,0.000000,-1.571000,0.003200,0.994936,0.015897,0.995068
17.354000,-0.303257,0.005069,1.084179,-0.028409,0.002397,0.037579,0.000218,-0.000214,1.570364,-0.300000,1.000000,1.100000,0.000000,0.000000,-1.571000,0.003257,0.994931,0.015821,0.995063
17.356000,-0.303314,0.005073,1.084254,-0.028352,0.002388,0.037511,0.000222,-0.000211,1.570363,-0.300000,1.000000,1.100000,0.000000,0.000000,-1.571000,0.003314,0.994927,0.015746,0.995057
17.358000,-0.303371,0.005078,1.084329,-0.028296,0.002380,0.037443,0.000226,-0.000208,1.570362,-0.300000,1.000000,1.100000,0.000000,0.000000,-1.571000,0.003371,0.994922,0.015671,0.995051
17.360000,-0.303427,0.005083,1.084404,-0.028239,0.002371,0.037376,0.000229,-0.000206,1.570361,-0.300000,1.000000,1.100000,0.000000,0.000000,-1.571000,0.003427,0.994917,0.015596,0.995045
17.362000,-0.303484,0.005088,1.084478,-0.028182,0.002363,0.037309,0.000233,-0.000203,1.570361,-0.300000,1.000000,1.100000,0.000000,0.000000,-1.571000,0.003484,0.994912,0.015522,0.995040
17.364000,-0.303540,0.005092,1.084553,-0.028125,0.002355,0.037242,0.000237,-0.000199,1.570360,-0.300000,1.000000,1.100000,0.000000,0.000000,-1.571000,0.003540,0.994908,0.015447,0.995034
17.366000,-0.303596,0.005097,1.084627,-0.028068,0.002346,0.037175,0.000241,-0.000196,1.570359,-0.300000,1.000000,1.100000,0.000000,0.000000,-1.571000,0.003596,0.994903,0.015373,0.995028
17.368000,-0.303653,0.005102,1.084702,-0.028011,0.002338,0.037109,0.000244,-0.000193,1.570358,-0.300000,1.000000,1.100000,0.000000,0.000000,-1.571000,0.003653,0.994898,0.015298,0.995023
17.370000,-0.303709,0.005106,1.084776,-0.027955,0.002330,0.037042,0.000248,-0.000189,1.570357,-0.300000,1.000000,1.100000,0.000000,0.000000,-1.571000,0.003709,0.994894,0.015224,0.995017
17.372000,-0.303764,0.005111,1.084850,-0.027898,0.002322,0.036976,0.000252,-0.000185,1.570356,-0.300000,1.000000,1.100000,0.000000,0.000000,-1.571000,0.003764,0.994889,0.015150,0.995011
17.374000,-0.303820,0.005116,1.084924,-0.027841,0.002314,0.036910,0.000255,-0.000181,1.570355,-0.300000,1.000000,1.100000,0.000000,0.000000,-1.571000,0.003820,0.994884,0.015076,0.995006
17.376000,-0.303876,0.005120,1.084998,-0.027785,0.002306,0.036844,0.000259,-0.000177,1.570354,-0.300000,1.000000,1.100000,0.000000,0.000000,-1.571000,0.003876,0.994880,0.015002,0.995000
17.378000,-0.303931,0.005125,1.085071,-0.027728,0.002299,0.036778,0.000263,-0.000173,1.570353,-0.300000,1.000000,1.100000,0.000000,0.000000,-1.571000,0.003931,0.994875,0.014929,0.994995
17.380000,-0.303987,0.005129,1.085145,-0.027672,0.002291,0.036712,0.000266,-0.000168,1.570352,-0.300000,1.000000,1.100000,0.000000,0.000000,-1.571000,0.003987,0.994871,0.014855,0.994989
17.382000,-0.304042,0.005134,1.085218,-0.027615,0.002284,0.036647,0.000270,-0.000164,1.570351,-0.300000,1.000000,1.100000,0.000000,0.000000,-1.571000,0.004042,0.994866,0.014782,0.994984
17.384000,-0.304097,0.005139,1.085292,-0.027559,0.002276,0.036582,0.000274,-0.000160,1.570350,-0.300000,1.000000,1.100000,0.000000,0.000000,-1.571000,0.004097,0.994861,0.014708,0.994979
17.386000,-0.304152,0.005143,1.085365,-0.027502,0.002269,0.036517,0.000277,-0.000155,1.570349,-0.300000,1.000000,1.100000,0.000000,0.000000,-1.571000,0.004152,0.994857,0.014635,0.994973
17.388000,-0.304207,0.005148,1.085438,-0.027446,0.002262,0.036452,0.000281,-0.000150,1.570348,-0.300000,1.000000,1.100000,0.000000,0.000000,-1.571000,0.004207,0.994852,0.014562,0.994968
17.390000,-0.304262,0.005152,1.085511,-0.027389,0.002254,0.036388,0.000284,-0.000146,1.570347,-0.300000,1.000000,1.100000,0.000000,0.000000,-1.571000,0.004262,0.994848,0.014489,0.994962
17.392000,-0.304317,0.005157,1.085583,-0.027333,0.002247,0.036324,0.000288,-0.000141,1.570346,-0.300000,1.000000,1.100000,0.000000,0.000000,-1.571000,0.004317,0.994843,0.014417,0.994957
17.394000,-0.304372,0.005161,1.085656,-0.027277,0.002241,0.036261,0.000292,-0.000136,1.570345,-0.300000,1.000000,1.100000,0.000000,0.000000,-1.571000,0.004372,0.994839,0.014344,0.994952
17.396000,-0.304426,0.005166,1.085728,-0.027220,0.002234,0.036198,0.000295,-0.000131,1.570344,-0.300000,1.000000,1.100000,0.000000,0.000000,-1.571000,0.004426,0.994834,0.014272,0.994947
17.398000,-0.304481,0.005170,1.085801,-0.027164,0.002227,0.036135,0.000299,-0.000126,1.570343,-0.300000,1.000000,1.100000,0.000000,0.000000,-1.571000,0.004481,0.994830,0.014199,0.994941
17.400000,-0.304535,0.005175,1.085873,-0.027108,0.002221,0.036072,0.000303,-0.000121,1.570342,-0.300000,1.000000,1.100000,0.000000,0.000000,-1.571000,0.004535,0.994825,0.014127,0.994936
17.402000,-0.304589,0.005179,1.085945,-0.027052,0.002214,0.036010,0.000306,-0.000116,1.570341,-0.300000,1.000000,1.100000,0.000000,0.000000,-1.571000,0.004589,0.994821,0.014055,0.994931
17.404000,-0.304643,0.005183,1.086017,-0.026995,0.002208,0.035948,0.000310,-0.000112,1.570340,-0.300000,1.000000,1.100000,0.000000,0.000000,-1.571000,0.004643,0.994817,0.013983,0.994926
17.406000,-0.304697,0.005188,1.086089,-0.026939,0.002201,0.035886,0.000313,-0.000107,1.570339,-0.300000,1.000000,1.100000,0.000000,0.000000,-1.571000,0.004697,0.994812,0.013911,0.994921
17.408000,-0.304751,0.005192,1.086161,-0.026883,0.002195,0.035823,0.000317,-0.000102,1.570338,-0.300000,1.000000,1.100000,0.000000,0.000000,-1.571000,0.004751,0.994808,0.013839,0.994915
17.410000,-0.304805,0.005197,1.086232,-0.026827,0.002189,0.035760,0.000321,-0.000097,1.570337,-0.300000,1.000000,1.100000,0.000000,0.000000,-1.571000,0.004805,0.994803,0.013768,0.994910
17.412000,-0.304858,0.005201,1.086304,-0.026771,0.002183,0.035697,0.000324,-0.000092,1.570336,-0.300000,1.000000,1.100000,0.000000,0.000000,-1.571000,0.004858,0.994799,0.013696,0.994905
17.414000,-0.304912,0.005205,1.086375,-0.026715,0.002177,0.035634,0.000328,-0.000088,1.570335,-0.300000,1.000000,1.100000,0.000000,0.000000,-1.571000,0.004912,0.994795,0.013625,0.994900
17.416000,-0.304965,0.005210,1.086447,-0.026659,0.002172,0.035571,0.000332,-0.000083,1.570334,-0.300000,1.000000,1.100000,0.000000,0.000000,-1.571000,0.004965,0.994790,0.013553,0.994895
17.418000,-0.305018,0.005214,1.086518,-0.026603,0.002166,0.035507,0.000336,-0.000078,1.570333,-0.300000,1.000000,1.100000,0.000000,0.000000,-1.571000,0.005018,0.994786,0.013482,0.994890
17.420000,-0.305072,0.005218,1.086589,-0.026547,0.002161,0.035443,0.000340,-0.000074,1.570332,-0.300000,1.000000,1.100000,0.000000,0.000000,-1.571000,0.005072,0.994782,0.013411,0.994885
17.422000,-0.305125,0.005223,1.086660,-0.026491,0.002155,0.035380,0.000344,-0.000070,1.570331,-0.300000,1.000000,1.100000,0.000000,0.000000,-1.571000,0.005125,0.994777,0.013340,0.994880
17.424000,-0.305178,0.005227,1.086730,-0.026436,0.002150,0.035316,0.000348,-0.000065,1.570331,-0.300000,1.000000,1.100000,0.000000,0.000000,-1.571000,0.005178,0.994773,0.013270,0.994875
17.426000,-0.305231,0.005231,1.086801,-0.026380,0.002145,0.035253,0.000352,-0.000061,1.570330,-0.300000,1.000000,1.100000,0.000000,0.000000,-1.571000,0.005231,0.994769,0.013199,0.994870
17.428000,-0.305283,0.005236,1.086871,-0.026324,0.002139,0.035190,0.000357,-0.000057,1.570329,-0.300000,1.000000,1.100000,0.000000,0.000000,-1.571000,0.005283,0.994764,0.013129,0.994865
17.430000,-0.305336,0.005240,1.086942,-0.026268,0.002134,0.035127,0.000361,-0.000053,1.570328,-0.300000,1.000000,1.100000,0.000000,0.000000,-1.571000,0.005336,0.994760,0.013058,0.994860
17.432000,-0.305388,0.005244,1.087012,-0.026212,0.002129,0.035064,0.000366,-0.000049,1.570328,-0.300000,1.000000,1.100000,0.000000,0.000000,-1.571000,0.005388,0.994756,0.012988,0.994855
17.434000,-0.305441,0.005248,1.087082,-0.026157,0.002124,0.035001,0.000371,-0.000046,1.570327,-0.300000,1.000000,1.100000,0.000000,0.000000,-1.571000,0.005441,0.994752,0.012918,0.994850
17.436000,-0.305493,0.005253,1.087152,-0.026101,0.002120,0.034939,0.000376,-0.000042,1.570326,-0.300000,1.000000,1.100000,0.000000,0.000000,-1.571000,0.005493,0.994747,0.012848,0.994846
17.438000,-0.305545,0.005257,1.087222,-0.026045,0.002115,0.034877,0.000381,-0.000039,1.570325,-0.300000,1.000000,1.100000,0.000000,0.000000,-1.571000,0.005545,0.994743,0.012778,0.994841
17.440000,-0.305597,0.005261,1.087292,-0.025989,0.002110,0.034814,0.000386,-0.000036,1.570325,-0.300000,1.000000,1.100000,0.000000,0.000000,-1.571000,0.005597,0.994739,0.012708,0.994836
17.442000,-0.305649,0.005265,1.087361,-0.025933,0.002106,0.034752,0.000391,-0.000033,1.570324,-0.300000,1.000000,1.100000,0.000000,0.000000,-1.571000,0.005649,0.994735,0.012639,0.994831
17.444000,-0.305701,0.005270,1.087431,-0.025878,0.002101,0.034691,0.000396,-0.000030,1.570323,-0.300000,1.000000,1.100000,0.000000,0.000000,-1.571000,0.005701,0.994730,0.012569,0.994826
17.446000,-0.305753,0.005274,1.087500,-0.025822,0.002097,0.034629,0.000402,-0.000027,1.570323,-0.300000,1.000000,1.100000,0.000000,0.000000,-1.571000,0.005753,0.994726,0.012500,0.994821
17.448000,-0.305804,0.005278,1.087569,-0.025766,0.002092,0.034567,0.000407,-0.000025,1.570322,-0.300000,1.000000,1.100000,0.000000,0.000000,-1.571000,0.005804,0.994722,0.012431,0.994817
17.450000,-0.305856,0.005282,1.087638,-0.025710,0.002088,0.034506,0.000413,-0.000022,1.570321,-0.300000,1.000000,1.100000,0.000000,0.000000,-1.571000,0.005856,0.994718,0.012362,0.994812
17.452000,-0.305907,0.005286,1.087707,-0.025655,0.002084,0.034444,0.000419,-0.000020,1.570321,-0.300000,1.000000,1.100000,0.000000,0.000000,-1.571000,0.005907,0.994714,0.012293,0.994807
17.454000,-0.305959,0.005290,1.087776,-0.025599,0.002079,0.034383,0.000425,-0.000018,1.570320,-0.300000,1.000000,1.100000,0.000000,0.000000,-1.571000,0.005959,0.994710,0.012224,0.994803
17.456000,-0.306010,0.005295,1.087845,-0.025543,0.002075,0.034322,0.000431,-0.000016,1.570320,-0.300000,1.000000,1.100000,0.000000,0.000000,-1.571000,0.006010,0.994705,0.012155,0.994798
17.458000,-0.306061,0.005299,1.087914,-0.025487,0.002071,0.034261,0.000437,-0.000014,1.570319,-0.300000,1.000000,1.100000,0.000000,0.000000,-1.571000,0.006061,0.994701,0.012086,0.994793
17.460000,-0.306112,0.005303,1.087982,-0.025431,0.002067,0.034200,0.000443,-0.000012,1.570319,-0.300000,1.000000,1.100000,0.000000,0.000000,-1.571000,0.006112,0.994697,0.012018,0.994789
17.462000,-0.306163,0.005307,1.088050,-0.025376,0.002063,0.034139,0.000449,-0.000010,1.570318,-0.300000,1.000000,1.100000,0.000000,0.000000,-1.571000,0.006163,0.994693,0.011950,0.994784
17.464000,-0.306213,0.005311,1.088119,-0.025320,0.002059,0.034079,0.000456,-0.000008,1.570318,-0.300000,1.000000,1.100000,0.000000,0.000000,-1.571000,0.006213,0.994689,0.011881,0.994779
17.466000,-0.306264,0.005315,1.088187,-0.025264,0.002055,0.034019,0.000462,-0.000007,1.570317,-0.300000,1.000000,1.100000,0.000000,0.000000,-1.571000,0.006264,0.994685,0.011813,0.994775
17.468000,-0.306314,0.005319,1.088255,-0.025208,0.002051,0.033960,0.000469,-0.000006,1.570317,-0.300000,1.000000,1.100000,0.000000,0.000000,-1.571000,0.006314,0.994681,0.011745,0.994770
17.470000,-0.306365,0.005323,1.088323,-0.025152,0.002047,0.033901,0.000475,-0.000004,1.570316,-0.300000,1.000000,1.100000,0.000000,0.000000,-1.571000,0.006365,0.994677,0.011677,0.994765
17.472000,-0.306415,0.005328,1.088391,-0.025096,0.002043,0.033842,0.000482,-0.000003,1.570316,-0.300000,1.000000,1.100000,0.000000,0.000000,-1.571000,0.006415,0.994672,0.011609,0.994761
17.474000,-0.306465,0.005332,1.088458,-0.025040,0.002039,0.033783,0.000488,-0.000002,1.570316,-0.300000,1.000000,1.100000,0.000000,0.000000,-1.571000,0.006465,0.994668,0.011542,0.994756
17.476000,-0.306515,0.005336,1.088526,-0.024984,0.002035,0.033724,0.000495,-0.000001,1.570315,-0.300000,1.000000,1.100000,0.000000,0.000000,-1.571000,0.006515,0.994664,0.011474,0.994752
17.478000,-0.306565,0.005340,1.088593,-0.024928,0.002032,0.033664,0.000502,0.000000,1.570315,-0.300000,1.000000,1.100000,0.000000,0.000000,-1.571000,0.006565,0.994660,0.011407,0.994747
17.480000,-0.306615,0.005344,1.088660,-0.024872,0.002028,0.033603,0.000508,0.000001,1.570314,-0.300000,1.000000,1.100000,0.000000,0.000000,-1.571000,0.006615,0.994656,0.011340,0.994743
17.482000,-0.306665,0.005348,1.088728,-0.024816,0.002024,0.033540,0.000515,0.000002,1.570314,-0.300000,1.000000,1.100000,0.000000,0.000000,-1.571000,0.006665,0.994652,0.011272,0.994738
17.484000,-0.306714,0.005352,1.088795,-0.024760,0.002020,0.033477,0.000522,0.000002,1.570314,-0.300000,1.000000,1.100000,0.000000,0.000000,-1.571000,0.006714,0.994648,0.011205,0.994734
17.486000,-0.306764,0.005356,1.088862,-0.024704,0.002017,0.033413,0.000529,0.000003,1.570313,-0.300000,1.000000,1.100000,0.000000,0.000000,-1.571000,0.006764,0.994644,0.011138,0.994729
17.488000,-0.306813,0.005360,1.088928,-0.024647,0.002013,0.033349,0.000536,0.000004,1.570313,-0.300000,1.000000,1.100000,0.000000,0.000000,-1.571000,0.006813,0.994640,0.011072,0.994725
17.490000,-0.306862,0.005364,1.088995,-0.024591,0.002009,0.033283,0.000542,0.000004,1.570313,-0.300000,1.000000,1.100000,0.000000,0.000000,-1.571000,0.006862,0.994636,0.011005,0.994721
17.492000,-0.306912,0.005368,1.089062,-0.024535,0.002006,0.033218,0.000549,0.000005,1.570312,-0.300000,1.000000,1.100000,0.000000,0.000000,-1.571000,0.006912,0.994632,0.010938,0.994716
17.494000,-0.306961,0.005372,1.089128,-0.024479,0.002002,0.033152,0.000556,0.000005,1.570312,-0.300000,1.000000,1.100000,0.000000,0.000000,-1.571000,0.006961,0.994628,0.010872,0.994712
17.496000,-0.307009,0.005376,1.089194,-0.024422,0.001998,0.033085,0.000563,0.000005,1.570312,-0.300000,1.000000,1.100000,0.000000,0.000000,-1.571000,0.007009,0.994624,0.010806,0.994707
17.498000,-0.307058,0.005380,1.089260,-0.024366,0.001995,0.033019,0.000570,0.000006,1.570311,-0.300000,1.000000,1.100000,0.000000,0.000000,-1.571000,0.007058,0.994620,0.010740,0.994703
17.500000,-0.307107,0.005384,1.089326,-0.024310,0.001991,0.032951,0.000576,0.000006,1.570311,-0.300000,1.000000,1.100000,0.000000,0.000000,-1.571000,0.007107,0.994616,0.010674,0.994699
17.502000,-0.307156,0.005388,1.089392,-0.024253,0.001988,0.032884,0.000583,0.000006,1.570311,-0.300000,1.000000,1.100000,0.000000,0.000000,-1.571000,0.007156,0.994612,0.010608,0.994694
17.504000,-0.307204,0.005392,1.089458,-0.024197,0.001984,0.032816,0.000589,0.000007,1.570310,-0.300000,1.000000,1.100000,0.000000,0.000000,-1.571000,0.007204,0.994608,0.010542,0.994690
17.506000,-0.307252,0.005396,1.089524,-0.024140,0.001981,0.032748,0.000596,0.000007,1.570310,-0.300000,1.000000,1.100000,0.000000,0.000000,-1.571000,0.007252,0.994604,0.010476,0.994686
17.508000,-0.307301,0.005400,1.089589,-0.024084,0.001977,0.032681,0.000602,0.000007,1.570310,-0.300000,1.000000,1.100000,0.000000,0.000000,-1.571000,0.007301,0.994600,0.010411,0.994681
17.510000,-0.307349,0.005404,1.089654,-0.024028,0.001974,0.032613,0.000607,0.000008,1.570309,-0.300000,1.000000,1.100000,0.000000,0.000000,-1.571000,0.007349,0.994596,0.010346,0.994677
17.512000,-0.307397,0.005408,1.089720,-0.023971,0.001970,0.032545,0.000613,0.000008,1.570309,-0.300000,1.000000,1.100000,0.000000,0.000000,-1.571000,0.007397,0.994592,0.010280,0.994673
17.514000,-0.307445,0.005412,1.089785,-0.023915,0.001966,0.032477,0.000618,0.000008,1.570309,-0.300000,1.000000,1.100000,0.000000,0.000000,-1.571000,0.007445,0.994588,0.010215,0.994669
17.516000,-0.307493,0.005416,1.089850,-0.023858,0.001963,0.032408,0.000623,0.000008,1.570309,-0.300000,1.000000,1.100000,0.000000,0.000000,-1.571000,0.007493,0.994584,0.010150,0.994664
17.518000,-0.307540,0.005420,1.089914,-0.023802,0.001959,0.032339,0.000628,0.000008,1.570308,-0.300000,1.000000,1.100000,0.000000,0.000000,-1.571000,0.007540,0.994580,0.010086,0.994660
17.520000,-0.307588,0.005424,1.089979,-0.023745,0.001956,0.032268,0.000632,0.000008,1.570308,-0.300000,1.000000,1.100000,0.000000,0.000000,-1.571000,0.007588,0.994576,0.010021,0.994656
17.522000,-0.307635,0.005427,1.090044,-0.023689,0.001953,0.032197,0.000636,0.000008,1.570308,-0.300000,1.000000,1.100000,0.000000,0.000000,-1.571000,0.007635,0.994573,0.009956,0.994652
17.524000,-0.307683,0.005431,1.090108,-0.023633,0.001949,0.032125,0.000639,0.000008,1.570308,-0.300000,1.000000,1.100000,0.000000,0.000000,-1.571000,0.007683,0.994569,0.009892,0.994648
17.526000,-0.307730,0.005435,1.090172,-0.023576,0.001946,0.032053,0.000642,0.000009,1.570307,-0.300000,1.000000,1.100000,0.000000,0.000000,-1.571000,0.007730,0.994565,0.009828,0.994643
17.528000,-0.307777,0.005439,1.090236,-0.023520,0.001942,0.031980,0.000645,0.000009,1.570307,-0.300000,1.000000,1.100000,0.000000,0.000000,-1.571000,0.007777,0.994561,0.009764,0.994639
17.530000,-0.307824,0.005443,1.090300,-0.023464,0.001939,0.031906,0.000647,0.000009,1.570307,-0.300000,1.000000,1.100000,0.000000,0.000000,-1.571000,0.007824,0.994557,0.009700,0.994635
17.532000,-0.307871,0.005447,1.090364,-0.023408,0.001935,0.031831,0.000648,0.000009,1.570307,-0.300000,1.000000,1.100000,0.000000,0.000000,-1.571000,0.007871,0.994553,0.009636,0.994631
17.534000,-0.307918,0.005451,1.090427,-0.023352,0.001932,0.031757,0.000649,0.000009,1.570306,-0.300000,1.000000,1.100000,0.000000,0.000000,-1.571000,0.007918,0.994549,0.009573,0.994627
17.536000,-0.307964,0.005455,1.090491,-0.023296,0.001928,0.031682,0.000649,0.000009,1.570306,-0.300000,1.000000,1.100000,0.000000,0.000000,-1.571000,0.007964,0.994545,0.009509,0.994623
17.538000,-0.308011,0.005458,1.090554,-0.023240,0.001925,0.031606,0.000648,0.000009,1.570306,-0.300000,1.000000,1.100000,0.000000,0.000000,-1.571000,0.008011,0.994542,0.009446,0.994619
17.540000,-0.308057,0.005462,1.090617,-0.023184,0.001922,0.031531,0.000647,0.000009,1.570306,-0.300000,1.000000,1.100000,0.000000,0.000000,-1.571000,0.008057,0.994538,0.009383,0.994615
17.542000,-0.308104,0.005466,1.090680,-0.023128,0.001918,0.031455,0.000645,0.000009,1.570306,-0.300000,1.000000,1.100000,0.000000,0.000000,-1.571000,0.008104,0.994534,0.009320,0.994611
17.544000,-0.308150,0.005470,1.090743,-0.023073,0.001915,0.031378,0.000642,0.000010,1.570306,-0.300000,1.000000,1.100000,0.000000,0.000000,-1.571000,0.008150,0.994530,0.009257,0.994606
17.546000,-0.308196,0.005474,1.090806,-0.023018,0.001912,0.031302,0.000639,0.000010,1.570305,-0.300000,1.000000,1.100000,0.000000,0.000000,-1.571000,0.008196,0.994526,0.009194,0.994602
17.548000,-0.308242,0.005478,1.090868,-0.022962,0.001908,0.031226,0.000635,0.000010,1.570305,-0.300000,1.000000,1.100000,0.000000,0.000000,-1.571000,0.008242,0.994522,0.009132,0.994598
17.550000,-0.308288,0.005481,1.090931,-0.022907,0.001905,0.031149,0.000631,0.000010,1.570305,-0.300000,1.000000,1.100000,0.000000,0.000000,-1.571000,0.008288,0.994519,0.009069,0.994594
17.552000,-0.308334,0.005485,1.090993,-0.022853,0.001901,0.031072,0.000625,0.000010,1.570305,-0.300000,1.000000,1.100000,0.000000,0.000000,-1.571000,0.008334,0.994515,0.009007,0.994590
17.554000,-0.308379,0.005489,1.091055,-0.022798,0.001898,0.030995,0.000620,0.000010,1.570305,-0.300000,1.000000,1.100000,0.000000,0.000000,-1.571000,0.008379,0.994511,0.008945,0.994586
17.556000,-0.308425,0.005493,1.091117,-0.022744,0.001895,0.030919,0.000614,0.000010,1.570305,-0.300000,1.000000,1.100000,0.000000,0.000000,-1.571000,0.008425,0.994507,0.008883,0.994582
17.558000,-0.308470,0.005497,1.091179,-0.022690,0.001892,0.030842,0.000607,0.000010,1.570305,-0.300000,1.000000,1.100000,0.000000,0.000000,-1.571000,0.008470,0.994503,0.008821,0.994579
17.560000,-0.308516,0.005500,1.091241,-0.022636,0.001888,0.030765,0.000600,0.000010,1.570304,-0.300000,1.000000,1.100000,0.000000,0.000000,-1.571000,0.008516,0.994500,0.008759,0.994575
17.562000,-0.308561,0.005504,1.091302,-0.022582,0.001885,0.030689,0.000593,0.000010,1.570304,-0.300000,1.000000,1.100000,0.000000,0.000000,-1.571000,0.008561,0.994496,0.008698,0.994571
17.564000,-0.308606,0.005508,1.091363,-0.022529,0.001882,0.030613,0.000585,0.000010,1.570304,-0.300000,1.000000,1.100000,0.000000,0.000000,-1.571000,0.008606,0.994492,0.008637,0.994567
17.566000,-0.308651,0.005512,1.091425,-0.022475,0.001878,0.030537,0.000577,0.000010,1.570304,-0.300000,1.000000,1.100000,0.000000,0.000000,-1.571000,0.008651,0.994488,0.008575,0.994563
17.568000,-0.308696,0.005516,1.091486,-0.022423,0.001875,0.030462,0.000568,0.000010,1.570304,-0.300000,1.000000,1.100000,0.000000,0.000000,-1.571000,0.008696,0.994484,0.008514,0.994559
17.570000,-0.308741,0.005519,1.091546,-0.022370,0.001872,0.030386,0.000560,0.000010,1.570304,-0.300000,1.000000,1.100000,0.000000,0.000000,-1.571000,0.008741,0.994481,0.008454,0.994555
17.572000,-0.308785,0.005523,1.091607,-0.022318,0.001868,0.030311,0.000551,0.000010,1.570304,-0.300000,1.000000,1.100000,0.000000,0.000000,-1.571000,0.008785,0.994477,0.008393,0.994551
17.574000,-0.308830,0.005527,1.091668,-0.022265,0.001865,0.030236,0.000542,0.000010,1.570304,-0.300000,1.000000,1.100000,0.000000,0.000000,-1.571000,0.008830,0.994473,0.008332,0.994547
17.576000,-0.308874,0.005530,1.091728,-0.022214,0.001862,0.030161,0.000533,0.000010,1.570304,-0.300000,1.000000,1.100000,0.000000,0.000000,-1.571000,0.008874,0.994470,0.008272,0.994544
17.578000,-0.308919,0.005534,1.091788,-0.022162,0.001859,0.030087,0.000524,0.000010,1.570304,-0.300000,1.000000,1.100000,0.000000,0.000000,-1.571000,0.008919,0.994466,0.008212,0.994540
17.580000,-0.308963,0.005538,1.091849,-0.022111,0.001855,0.030012,0.000515,0.000010,1.570303,-0.300000,1.000000,1.100000,0.000000,0.000000,-1.571000,0.008963,0.994462,0.008151,0.994536
17.582000,-0.309007,0.005542,1.091909,-0.022060,0.001852,0.029938,0.000507,0.000010,1.570303,-0.300000,1.000000,1.100000,0.000000,0.000000,-1.571000,0.009007,0.994458,0.008091,0.994532
17.584000,-0.309051,0.005545,1.091968,-0.022009,0.001849,0.029864,0.000498,0.000010,1.570303,-0.300000,1.000000,1.100000,0.000000,0.000000,-1.571000,0.009051,0.994455,0.008032,0.994528
17.586000,-0.309095,0.005549,1.092028,-0.021959,0.001846,0.029790,0.000489,0.000010,1.570303,-0.300000,1.000000,1.100000,0.000000,0.000000,-1.571000,0.009095,0.994451,0.007972,0.994525
17.588000,-0.309139,0.005553,1.092088,-0.021908,0.001842,0.029716,0.000481,0.000010,1.570303,-0.300000,1.000000,1.100000,0.000000,0.000000,-1.571000,0.009139,0.994447,0.007912,0.994521
17.590000,-0.309183,0.005556,1.092147,-0.021858,0.001839,0.029643,0.000473,0.000010,1.570303,-0.300000,1.000000,1.100000,0.000000,0.000000,-1.571000,0.009183,0.994444,0.007853,0.994517
17.592000,-0.309227,0.005560,1.092206,-0.021809,0.001836,0.029569,0.000465,0.000010,1.570303,-0.300000,1.000000,1.100000,0.000000,0.000000,-1.571000,0.009227,0.994440,0.007794,0.994513
17.594000,-0.309270,0.005564,1.092265,-0.021759,0.001833,0.029496,0.000458,0.000009,1.570303,-0.300000,1.000000,1.100000,0.000000,0.000000,-1.571000,0.009270,0.994436,0.007735,0.994510
17.596000,-0.309314,0.005567,1.092324,-0.021710,0.001830,0.029423,0.000451,0.000009,1.570303,-0.300000,1.000000,1.100000,0.000000,0.000000,-1.571000,0.009314,0.994433,0.007676,0.994506
17.598000,-0.309357,0.005571,1.092383,-0.021661,0.001826,0.029350,0.000444,0.000009,1.570303,-0.300000,1.000000,1.100000,0.000000,0.000000,-1.571000,0.009357,0.994429,0.007617,0.994502
17.600000,-0.309401,0.005575,1.092442,-0.021612,0.001823,0.029277,0.000437,0.000009,1.570303,-0.300000,1.000000,1.100000,0.000000,0.000000,-1.571000,0.009401,0.994425,0.007558,0.994498
17.602000,-0.309444,0.005578,1.092500,-0.021563,0.001820,0.029204,0.000431,0.000009,1.570303,-0.300000,1.000000,1.100000,0.000000,0.000000,-1.571000,0.009444,0.994422,0.007500,0.994495
17.604000,-0.309487,0.005582,1.092558,-0.021515,0.001817,0.029132,0.000425,0.000009,1.570303,-0.300000,1.000000,1.100000,0.000000,0.000000,-1.571000,0.009487,0.994418,0.007442,0.994491
17.606000,-0.309530,0.005586,1.092617,-0.021467,0.001813,0.029059,0.000419,0.000008,1.570303,-0.300000,1.000000,1.100000,0.000000,0.000000,-1.571000,0.009530,0.994414,0.007383,0.994487
17.608000,-0.309573,0.005589,1.092675,-0.021419,0.001810,0.028987,0.000414,0.000008,1.570303,-0.300000,1.000000,1.100000,0.000000,0.000000,-1.571000,0.009573,0.994411,0.007325,0.994484
17.610000,-0.309616,0.005593,1.092733,-0.021371,0.001807,0.028915,0.000409,0.000008,1.570303,-0.300000,1.000000,1.100000,0.000000,0.000000,-1.571000,0.009616,0.994407,0.007267,0.994480
17.612000,-0.309658,0.005596,1.092790,-0.021323,0.001804,0.028844,0.000405,0.000008,1.570303,-0.300000,1.000000,1.100000,0.000000,0.000000,-1.571000,0.009658,0.994404,0.007210,0.994477
17.614000,-0.309701,0.005600,1.092848,-0.021276,0.001801,0.028773,0.000401,0.000007,1.570303,-0.300000,1.000000,1.100000,0.000000,0.000000,-1.571000,0.009701,0.994400,0.007152,0.994473
17.616000,-0.309743,0.005604,1.092906,-0.021229,0.001797,0.028703,0.000397,0.000007,1.570303,-0.300000,1.000000,1.100000,0.000000,0.000000,-1.571000,0.009743,0.994396,0.007094,0.994469
17.618000,-0.309786,0.005607,1.092963,-0.021182,0.001794,0.028632,0.000393,0.000007,1.570303,-0.300000,1.000000,1.100000,0.000000,0.000000,-1.571000,0.009786,0.994393,0.007037,0.994466
17.620000,-0.309828,0.005611,1.093020,-0.021135,0.001791,0.028562,0.000390,0.000006,1.570303,-0.300000,1.000000,1.100000,0.000000,0.000000,-1.571000,0.009828,0.994389,0.006980,0.994462
17.622000,-0.309870,0.005614,1.093077,-0.021088,0.001788,0.028491,0.000387,0.000006,1.570303,-0.300000,1.000000,1.100000,0.000000,0.000000,-1.571000,0.009870,0.994386,0.006923,0.994459
17.624000,-0.309913,0.005618,1.093134,-0.021041,0.001785,0.028421,0.000385,0.000006,1.570303,-0.300000,1.000000,1.100000,0.000000,0.000000,-1.571000,0.009913,0.994382,0.006866,0.994455
17.626000,-0.309955,0.005622,1.093191,-0.020995,0.001781,0.028351,0.000382,0.000005,1.570303,-0.300000,1.000000,1.100000,0.000000,0.000000,-1.571000,0.009955,0.994378,0.006809,0.994452
17.628000,-0.309997,0.005625,1.093248,-0.020948,0.001778,0.028281,0.000380,0.000005,1.570303,-0.300000,1.000000,1.100000,0.000000,0.000000,-1.571000,0.009997,0.994375,0.006752,0.994448
17.630000,-0.310038,0.005629,1.093304,-0.020902,0.001775,0.028211,0.000379,0.000004,1.570303,-0.300000,1.000000,1.100000,0.000000,0.000000,-1.571000,0.010038,0.994371,0.006696,0.994445
17.632000,-0.310080,0.005632,1.093361,-0.020856,0.001772,0.028140,0.000377,0.000004,1.570304,-0.300000,1.000000,1.100000,0.000000,0.000000,-1.571000,0.010080,0.994368,0.006639,0.994441
17.634000,-0.310122,0.005636,1.093417,-0.020810,0.001769,0.028070,0.000376,0.000004,1.570304,-0.300000,1.000000,1.100000,0.000000,0.000000,-1.571000,0.010122,0.994364,0.006583,0.994438
17.636000,-0.310164,0.005639,1.093473,-0.020764,0.001765,0.028001,0.000375,0.000003,1.570304,-0.300000,1.000000,1.100000,0.000000,0.000000,-1.571000,0.010164,0.994361,0.006527,0.994434
17.638000,-0.310205,0.005643,1.093529,-0.020718,0.001762,0.027931,0.000374,0.000003,1.570304,-0.300000,1.000000,1.100000,0.000000,0.000000,-1.571000,0.010205,0.994357,0.006471,0.994431
17.640000,-0.310246,0.005646,1.093585,-0.020673,0.001759,0.027861,0.000374,0.000002,1.570304,-0.300000,1.000000,1.100000,0.000000,0.000000,-1.571000,0.010246,0.994354,0.006415,0.994427
17.642000,-0.310288,0.005650,1.093640,-0.020627,0.001756,0.027792,0.000374,0.000001,1.570304,-0.300000,1.000000,1.100000,0.000000,0.000000,-1.571000,0.010288,0.994350,0.006360,0.994424
17.644000,-0.310329,0.005653,1.093696,-0.020581,0.001753,0.027722,0.000374,0.000001,1.570304,-0.300000,1.000000,1.100000,0.000000,0.000000,-1.571000,0.010329,0.994347,0.006304,0.994420
17.646000,-0.310370,0.005657,1.093751,-0.020536,0.001749,0.027653,0.000374,0.000000,1.570304,-0.300000,1.000000,1.100000,0.000000,0.000000,-1.571000,0.010370,0.994343,0.006249,0.994417
17.648000,-0.310411,0.005660,1.093806,-0.020491,0.001746,0.027583,0.000374,-0.000000,1.570304,-0.300000,1.000000,1.100000,0.000000,0.000000,-1.571000,0.010411,0.994340,0.006194,0.994413
17.650000,-0.310452,0.005664,1.093862,-0.020445,0.001743,0.027514,0.000375,-0.000001,1.570305,-0.300000,1.000000,1.100000,0.000000,0.000000,-1.571000,0.010452,0.994336,0.006138,0.994410
17.652000,-0.310493,0.005667,1.093917,-0.020400,0.001740,0.027443,0.000375,-0.000002,1.570305,-0.300000,1.000000,1.100000,0.000000,0.000000,-1.571000,0.010493,0.994333,0.006083,0.994407
17.654000,-0.310534,0.005671,1.093971,-0.020355,0.001736,0.027372,0.000376,-0.000002,1.570305,-0.300000,1.000000,1.100000,0.000000,0.000000,-1.571000,0.010534,0.994329,0.006029,0.994403
17.656000,-0.310574,0.005674,1.094026,-0.020310,0.001733,0.027301,0.000377,-0.000003,1.570305,-0.300000,1.000000,1.100000,0.000000,0.000000,-1.571000,0.010574,0.994326,0.005974,0.994400
17.658000,-0.310615,0.005678,1.094081,-0.020265,0.001730,0.027229,0.000378,-0.000004,1.570305,-0.300000,1.000000,1.100000,0.000000,0.000000,-1.571000,0.010615,0.994322,0.005919,0.994396
17.660000,-0.310656,0.005681,1.094135,-0.020220,0.001726,0.027157,0.000380,-0.000004,1.570305,-0.300000,1.000000,1.100000,0.000000,0.000000,-1.571000,0.010656,0.994319,0.005865,0.994393
17.662000,-0.310696,0.005685,1.094189,-0.020175,0.001723,0.027084,0.000381,-0.000005,1.570305,-0.300000,1.000000,1.100000,0.000000,0.000000,-1.571000,0.010696,0.994315,0.005811,0.994390
17.664000,-0.310736,0.005688,1.094243,-0.020130,0.001720,0.027011,0.000383,-0.000006,1.570305,-0.300000,1.000000,1.100000,0.000000,0.000000,-1.571000,0.010736,0.994312,0.005757,0.994386
17.666000,-0.310776,0.005692,1.094297,-0.020085,0.001717,0.026938,0.000384,-0.000007,1.570305,-0.300000,1.000000,1.100000,0.000000,0.000000,-1.571000,0.010776,0.994308,0.005703,0.994383
17.668000,-0.310817,0.005695,1.094351,-0.020040,0.001713,0.026865,0.000386,-0.000007,1.570305,-0.300000,1.000000,1.100000,0.000000,0.000000,-1.571000,0.010817,0.994305,0.005649,0.994380
17.670000,-0.310857,0.005698,1.094405,-0.019996,0.001710,0.026792,0.000388,-0.000008,1.570306,-0.300000,1.000000,1.100000,0.000000,0.000000,-1.571000,0.010857,0.994302,0.005595,0.994377
17.672000,-0.310897,0.005702,1.094458,-0.019951,0.001707,0.026719,0.000390,-0.000009,1.570306,-0.300000,1.000000,1.100000,0.000000,0.000000,-1.571000,0.010897,0.994298,0.005542,0.994373
17.674000,-0.310937,0.005705,1.094512,-0.019906,0.001703,0.026646,0.000392,-0.000010,1.570306,-0.300000,1.000000,1.100000,0.000000,0.000000,-1.571000,0.010937,0.994295,0.005488,0.994370
17.676000,-0.310976,0.005709,1.094565,-0.019862,0.001700,0.026574,0.000394,-0.000010,1.570306,-0.300000,1.000000,1.100000,0.000000,0.000000,-1.571000,0.010976,0.994291,0.005435,0.994367
17.678000,-0.311016,0.005712,1.094618,-0.019817,0.001697,0.026501,0.000396,-0.000011,1.570306,-0.300000,1.000000,1.100000,0.000000,0.000000,-1.571000,0.011016,0.994288,0.005382,0.994364
17.680000,-0.311056,0.005715,1.094671,-0.019773,0.001693,0.026428,0.000398,-0.000012,1.570306,-0.300000,1.000000,1.100000,0.000000,0.000000,-1.571000,0.011056,0.994285,0.005329,0.994360
17.682000,-0.311095,0.005719,1.094724,-0.019728,0.001690,0.026356,0.000401,-0.000012,1.570306,-0.300000,1.000000,1.100000,0.000000,0.000000,-1.571000,0.011095,0.994281,0.005276,0.994357
17.684000,-0.311135,0.005722,1.094777,-0.019684,0.001686,0.026283,0.000403,-0.000013,1.570306,-0.300000,1.000000,1.100000,0.000000,0.000000,-1.571000,0.011135,0.994278,0.005223,0.994354
17.686000,-0.311174,0.005726,1.094829,-0.019640,0.001683,0.026211,0.000405,-0.000014,1.570306,-0.300000,1.000000,1.100000,0.000000,0.000000,-1.571000,0.011174,0.994274,0.005171,0.994351
17.688000,-0.311213,0.005729,1.094881,-0.019595,0.001680,0.026138,0.000408,-0.000014,1.570307,-0.300000,1.000000,1.100000,0.000000,0.000000,-1.571000,0.011213,0.994271,0.005119,0.994347
17.690000,-0.311252,0.005732,1.094934,-0.019551,0.001676,0.026066,0.000410,-0.000015,1.570307,-0.300000,1.000000,1.100000,0.000000,0.000000,-1.571000,0.011252,0.994268,0.005066,0.994344
17.692000,-0.311291,0.005736,1.094986,-0.019507,0.001673,0.025994,0.000413,-0.000015,1.570307,-0.300000,1.000000,1.100000,0.000000,0.000000,-1.571000,0.011291,0.994264,0.005014,0.994341
17.694000,-0.311330,0.005739,1.095038,-0.019462,0.001669,0.025921,0.000415,-0.000016,1.570307,-0.300000,1.000000,1.100000,0.000000,0.000000,-1.571000,0.011330,0.994261,0.004962,0.994338
17.696000,-0.311369,0.005742,1.095089,-0.019418,0.001666,0.025849,0.000418,-0.000017,1.570307,-0.300000,1.000000,1.100000,0.000000,0.000000,-1.571000,0.011369,0.994258,0.004911,0.994335
17.698000,-0.311408,0.005746,1.095141,-0.019374,0.001663,0.025778,0.000420,-0.000017,1.570307,-0.300000,1.000000,1.100000,0.000000,0.000000,-1.571000,0.011408,0.994254,0.004859,0.994332
17.700000,-0.311447,0.005749,1.095193,-0.019330,0.001659,0.025706,0.000423,-0.000017,1.570307,-0.300000,1.000000,1.100000,0.000000,0.000000,-1.571000,0.011447,0.994251,0.004807,0.994329
17.702000,-0.311485,0.005752,1.095244,-0.019286,0.001656,0.025634,0.000425,-0.000018,1.570308,-0.300000,1.000000,1.100000,0.000000,0.000000,-1.571000,0.011485,0.994248,0.004756,0.994325
17.704000,-0.311524,0.005756,1.095295,-0.019242,0.001652,0.025562,0.000428,-0.000018,1.570308,-0.300000,1.000000,1.100000,0.000000,0.000000,-1.571000,0.011524,0.994244,0.004705,0.994322
17.706000,-0.311562,0.005759,1.095346,-0.019198,0.001649,0.025491,0.000430,-0.000018,1.570308,-0.300000,1.000000,1.100000,0.000000,0.000000,-1.571000,0.011562,0.994241,0.004654,0.994319
17.708000,-0.311601,0.005762,1.095397,-0.019154,0.001645,0.025420,0.000433,-0.000019,1.570308,-0.300000,1.000000,1.100000,0.000000,0.000000,-1.571000,0.011601,0.994238,0.004603,0.994316
17.710000,-0.311639,0.005766,1.095448,-0.019110,0.001642,0.025348,0.000435,-0.000019,1.570308,-0.300000,1.000000,1.100000,0.000000,0.000000,-1.571000,0.011639,0.994234,0.004552,0.994313
17.712000,-0.311677,0.005769,1.095499,-0.019066,0.001639,0.025277,0.000437,-0.000019,1.570308,-0.300000,1.000000,1.100000,0.000000,0.000000,-1.571000,0.011677,0.994231,0.004501,0.994310
17.714000,-0.311715,0.005772,1.095549,-0.019022,0.001635,0.025206,0.000439,-0.000019,1.570308,-0.300000,1.000000,1.100000,0.000000,0.000000,-1.571000,0.011715,0.994228,0.004451,0.994307
17.716000,-0.311753,0.005775,1.095599,-0.018978,0.001632,0.025135,0.000441,-0.000019,1.570309,-0.300000,1.000000,1.100000,0.000000,0.000000,-1.571000,0.011753,0.994225,0.004401,0.994304
17.718000,-0.311791,0.005779,1.095650,-0.018934,0.001628,0.025065,0.000443,-0.000019,1.570309,-0.300000,1.000000,1.100000,0.000000,0.000000,-1.571000,0.011791,0.994221,0.004350,0.994301
17.720000,-0.311829,0.005782,1.095700,-0.018890,0.001625,0.024995,0.000445,-0.000018,1.570309,-0.300000,1.000000,1.100000,0.000000,0.000000,-1.571000,0.011829,0.994218,0.004300,0.994298
17.722000,-0.311867,0.005785,1.095750,-0.018847,0.001622,0.024925,0.000446,-0.000018,1.570309,-0.300000,1.000000,1.100000,0.000000,0.000000,-1.571000,0.011867,0.994215,0.004250,0.994295
17.724000,-0.311905,0.005788,1.095799,-0.018803,0.001618,0.024855,0.000447,-0.000018,1.570309,-0.300000,1.000000,1.100000,0.000000,0.000000,-1.571000,0.011905,0.994212,0.004201,0.994292
17.726000,-0.311942,0.005792,1.095849,-0.018759,0.001615,0.024786,0.000448,-0.000017,1.570310,-0.300000,1.000000,1.100000,0.000000,0.000000,-1.571000,0.011942,0.994208,0.004151,0.994289
17.728000,-0.311980,0.005795,1.095899,-0.018716,0.001612,0.024717,0.000449,-0.000017,1.570310,-0.300000,1.000000,1.100000,0.000000,0.000000,-1.571000,0.011980,0.994205,0.004101,0.994286
17.730000,-0.312017,0.005798,1.095948,-0.018672,0.001608,0.024648,0.000450,-0.000017,1.570310,-0.300000,1.000000,1.100000,0.000000,0.000000,-1.571000,0.012017,0.994202,0.004052,0.994283
17.732000,-0.312054,0.005801,1.095997,-0.018629,0.001605,0.024580,0.000450,-0.000016,1.570310,-0.300000,1.000000,1.100000,0.000000,0.000000,-1.571000,0.012054,0.994199,0.004003,0.994280
17.734000,-0.312092,0.005804,1.096046,-0.018586,0.001602,0.024512,0.000451,-0.000016,1.570310,-0.300000,1.000000,1.100000,0.000000,0.000000,-1.571000,0.012092,0.994196,0.003954,0.994277
17.736000,-0.312129,0.005808,1.096095,-0.018542,0.001598,0.024444,0.000451,-0.000015,1.570311,-0.300000,1.000000,1.100000,0.000000,0.000000,-1.571000,0.012129,0.994192,0.003905,0.994274
17.738000,-0.312166,0.005811,1.096144,-0.018499,0.001595,0.024376,0.000451,-0.000015,1.570311,-0.300000,1.000000,1.100000,0.000000,0.000000,-1.571000,0.012166,0.994189,0.003856,0.994271
17.740000,-0.312203,0.005814,1.096193,-0.018456,0.001592,0.024309,0.000451,-0.000014,1.570311,-0.300000,1.000000,1.100000,0.000000,0.000000,-1.571000,0.012203,0.994186,0.003807,0.994268
17.742000,-0.312240,0.005817,1.096241,-0.018413,0.001589,0.024242,0.000450,-0.000014,1.570311,-0.300000,1.000000,1.100000,0.000000,0.000000,-1.571000,0.012240,0.994183,0.003759,0.994265
17.744000,-0.312276,0.005820,1.096290,-0.018370,0.001585,0.024175,0.000450,-0.000013,1.570311,-0.300000,1.000000,1.100000,0.000000,0.000000,-1.571000,0.012276,0.994180,0.003710,0.994262
17.746000,-0.312313,0.005824,1.096338,-0.018327,0.001582,0.024108,0.000449,-0.000013,1.570312,-0.300000,1.000000,1.100000,0.000000,0.000000,-1.571000,0.012313,0.994176,0.003662,0.994259
17.748000,-0.312350,0.005827,1.096386,-0.018284,0.001579,0.024041,0.000449,-0.000012,1.570312,-0.300000,1.000000,1.100000,0.000000,0.000000,-1.571000,0.012350,0.994173,0.003614,0.994257
17.750000,-0.312386,0.005830,1.096434,-0.018242,0.001576,0.023975,0.000448,-0.000011,1.570312,-0.300000,1.000000,1.100000,0.000000,0.000000,-1.571000,0.012386,0.994170,0.003566,0.994254
17.752000,-0.312423,0.005833,1.096482,-0.018199,0.001573,0.023909,0.000447,-0.000011,1.570312,-0.300000,1.000000,1.100000,0.000000,0.000000,-1.571000,0.012423,0.994167,0.003518,0.994251
17.754000,-0.312459,0.005836,1.096530,-0.018157,0.001570,0.023843,0.000446,-0.000010,1.570312,-0.300000,1.000000,1.100000,0.000000,0.000000,-1.571000,0.012459,0.994164,0.003470,0.994248
17.756000,-0.312495,0.005839,1.096578,-0.018114,0.001566,0.023777,0.000445,-0.000010,1.570312,-0.300000,1.000000,1.100000,0.000000,0.000000,-1.571000,0.012495,0.994161,0.003422,0.994245
17.758000,-0.312532,0.005842,1.096625,-0.018072,0.001563,0.023711,0.000443,-0.000009,1.570312,-0.300000,1.000000,1.100000,0.000000,0.000000,-1.571000,0.012532,0.994158,0.003375,0.994242
17.760000,-0.312568,0.005846,1.096672,-0.018030,0.001560,0.023645,0.000442,-0.000009,1.570312,-0.300000,1.000000,1.100000,0.000000,0.000000,-1.571000,0.012568,0.994154,0.003328,0.994239
17.762000,-0.312604,0.005849,1.096720,-0.017988,0.001557,0.023580,0.000441,-0.000008,1.570313,-0.300000,1.000000,1.100000,0.000000,0.000000,-1.571000,0.012604,0.994151,0.003280,0.994237
17.764000,-0.312640,0.005852,1.096767,-0.017946,0.001554,0.023515,0.000440,-0.000008,1.570313,-0.300000,1.000000,1.100000,0.000000,0.000000,-1.571000,0.012640,0.994148,0.003233,0.994234
17.766000,-0.312676,0.005855,1.096814,-0.017904,0.001551,0.023449,0.000439,-0.000007,1.570313,-0.300000,1.000000,1.100000,0.000000,0.000000,-1.571000,0.012676,0.994145,0.003186,0.994231
17.768000,-0.312711,0.005858,1.096861,-0.017862,0.001548,0.023384,0.000438,-0.000007,1.570313,-0.300000,1.000000,1.100000,0.000000,0.000000,-1.571000,0.012711,0.994142,0.003139,0.994228
17.770000,-0.312747,0.005861,1.096907,-0.017821,0.001545,0.023320,0.000437,-0.000006,1.570313,-0.300000,1.000000,1.100000,0.000000,0.000000,-1.571000,0.012747,0.994139,0.003093,0.994225
17.772000,-0.312783,0.005864,1.096954,-0.017779,0.001542,0.023255,0.000436,-0.000006,1.570313,-0.300000,1.000000,1.100000,0.000000,0.000000,-1.571000,0.012783,0.994136,0.003046,0.994223
17.774000,-0.312818,0.005867,1.097000,-0.017738,0.001539,0.023190,0.000436,-0.000005,1.570313,-0.300000,1.000000,1.100000,0.000000,0.000000,-1.571000,0.012818,0.994133,0.003000,0.994220
17.776000,-0.312854,0.005870,1.097047,-0.017696,0.001536,0.023126,0.000436,-0.000005,1.570313,-0.300000,1.000000,1.100000,0.000000,0.000000,-1.571000,0.012854,0.994130,0.002953,0.994217
17.778000,-0.312889,0.005873,1.097093,-0.017655,0.001533,0.023062,0.000436,-0.000004,1.570313,-0.300000,1.000000,1.100000,0.000000,0.000000,-1.571000,0.012889,0.994127,0.002907,0.994214
17.780000,-0.312924,0.005877,1.097139,-0.017614,0.001530,0.022999,0.000437,-0.000004,1.570313,-0.300000,1.000000,1.100000,0.000000,0.000000,-1.571000,0.012924,0.994123,0.002861,0.994212
17.782000,-0.312960,0.005880,1.097185,-0.017572,0.001527,0.022935,0.000437,-0.000004,1.570313,-0.300000,1.000000,1.100000,0.000000,0.000000,-1.571000,0.012960,0.994120,0.002815,0.994209
17.784000,-0.312995,0.005883,1.097231,-0.017531,0.001525,0.022873,0.000439,-0.000003,1.570312,-0.300000,1.000000,1.100000,0.000000,0.000000,-1.571000,0.012995,0.994117,0.002769,0.994206
17.786000,-0.313030,0.005886,1.097277,-0.017490,0.001522,0.022810,0.000440,-0.000003,1.570312,-0.300000,1.000000,1.100000,0.000000,0.000000,-1.571000,0.013030,0.994114,0.002723,0.994203
17.788000,-0.313065,0.005889,1.097322,-0.017449,0.001519,0.022748,0.000442,-0.000003,1.570312,-0.300000,1.000000,1.100000,0.000000,0.000000,-1.571000,0.013065,0.994111,0.002678,0.994201
17.790000,-0.313100,0.005892,1.097368,-0.017408,0.001516,0.022686,0.000444,-0.000002,1.570312,-0.300000,1.000000,1.100000,0.000000,0.000000,-1.571000,0.013100,0.994108,0.002632,0.994198
17.792000,-0.313134,0.005895,1.097413,-0.017367,0.001513,0.022624,0.000447,-0.000002,1.570312,-0.300000,1.000000,1.100000,0.000000,0.000000,-1.571000,0.013134,0.994105,0.002587,0.994195
17.794000,-0.313169,0.005898,1.097458,-0.017326,0.001510,0.022563,0.000450,-0.000002,1.570312,-0.300000,1.000000,1.100000,0.000000,0.000000,-1.571000,0.013169,0.994102,0.002542,0.994193
17.796000,-0.313204,0.005901,1.097503,-0.017285,0.001507,0.022501,0.000453,-0.000001,1.570312,-0.300000,1.000000,1.100000,0.000000,0.000000,-1.571000,0.013204,0.994099,0.002497,0.994190
17.798000,-0.313238,0.005904,1.097548,-0.017244,0.001505,0.022440,0.000457,-0.000001,1.570312,-0.300000,1.000000,1.100000,0.000000,0.000000,-1.571000,0.013238,0.994096,0.002452,0.994187
17.800000,-0.313273,0.005907,1.097593,-0.017203,0.001502,0.022379,0.000461,-0.000001,1.570312,-0.300000,1.000000,1.100000,0.000000,0.000000,-1.571000,0.013273,0.994093,0.002407,0.994185
17.802000,-0.313307,0.005910,1.097638,-0.017163,0.001499,0.022319,0.000466,-0.000001,1.570312,-0.300000,1.000000,1.100000,0.000000,0.000000,-1.571000,0.013307,0.994090,0.002362,0.994182
17.804000,-0.313341,0.005913,1.097682,-0.017122,0.001496,0.022258,0.000470,-0.000000,1.570311,-0.300000,1.000000,1.100000,0.000000,0.000000,-1.571000,0.013341,0.994087,0.002318,0.994179
17.806000,-0.313376,0.005916,1.097727,-0.017081,0.001493,0.022198,0.000475,-0.000000,1.570311,-0.300000,1.000000,1.100000,0.000000,0.000000,-1.571000,0.013376,0.994084,0.002273,0.994177
17.808000,-0.313410,0.005919,1.097771,-0.017040,0.001491,0.022137,0.000481,0.000000,1.570311,-0.300000,1.000000,1.100000,0.000000,0.000000,-1.571000,0.013410,0.994081,0.002229,0.994174
17.810000,-0.313444,0.005922,1.097815,-0.016999,0.001488,0.022076,0.000486,0.000000,1.570311,-0.300000,1.000000,1.100000,0.000000,0.000000,-1.571000,0.013444,0.994078,0.002185,0.994172
17.812000,-0.313478,0.005925,1.097859,-0.016958,0.001485,0.022014,0.000492,0.000000,1.570311,-0.300000,1.000000,1.100000,0.000000,0.000000,-1.571000,0.013478,0.994075,0.002141,0.994169
17.814000,-0.313512,0.005928,1.097903,-0.016917,0.001482,0.021953,0.000498,0.000001,1.570311,-0.300000,1.000000,1.100000,0.000000,0.000000,-1.571000,0.013512,0.994072,0.002097,0.994166
17.816000,-0.313545,0.005931,1.097947,-0.016875,0.001480,0.021891,0.000504,0.000001,1.570311,-0.300000,1.000000,1.100000,0.000000,0.000000,-1.571000,0.013545,0.994069,0.002053,0.994164
17.818000,-0.313579,0.005934,1.097991,-0.016834,0.001477,0.021829,0.000511,0.000001,1.570310,-0.300000,1.000000,1.100000,0.000000,0.000000,-1.571000,0.013579,0.994066,0.002009,0.994161
17.820000,-0.313613,0.005937,1.098035,-0.016793,0.001474,0.021766,0.000517,0.000001,1.570310,-0.300000,1.000000,1.100000,0.000000,0.000000,-1.571000,0.013613,0.994063,0.001965,0.994159
17.822000,-0.313646,0.005940,1.098078,-0.016752,0.001471,0.021704,0.000524,0.000001,1.570310,-0.300000,1.000000,1.100000,0.000000,0.000000,-1.571000,0.013646,0.994060,0.001922,0.994156
17.824000,-0.313680,0.005943,1.098121,-0.016710,0.001469,0.021642,0.000531,0.000001,1.570310,-0.300000,1.000000,1.100000,0.000000,0.000000,-1.571000,0.013680,0.994057,0.001879,0.994153
17.826000,-0.313713,0.005945,1.098165,-0.016669,0.001466,0.021579,0.000538,0.000001,1.570310,-0.300000,1.000000,1.100000,0.000000,0.000000,-1.571000,0.013713,0.994055,0.001835,0.994151
17.828000,-0.313746,0.005948,1.098208,-0.016628,0.001463,0.021517,0.000545,0.000001,1.570310,-0.300000,1.000000,1.100000,0.000000,0.000000,-1.571000,0.013746,0.994052,0.001792,0.994148
17.830000,-0.313780,0.005951,1.098251,-0.016586,0.001461,0.021454,0.000552,0.000001,1.570309,-0.300000,1.000000,1.100000,0.000000,0.000000,-1.571000,0.013780,0.994049,0.001749,0.994146
17.832000,-0.313813,0.005954,1.098294,-0.016544,0.001458,0.021391,0.000560,0.000001,1.570309,-0.300000,1.000000,1.100000,0.000000,0.000000,-1.571000,0.013813,0.994046,0.001706,0.994143
17.834000,-0.313846,0.005957,1.098336,-0.016503,0.001455,0.021329,0.000567,0.000001,1.570309,-0.300000,1.000000,1.100000,0.000000,0.000000,-1.571000,0.013846,0.994043,0.001664,0.994141
17.836000,-0.313879,0.005960,1.098379,-0.016461,0.001452,0.021266,0.000575,0.000001,1.570309,-0.300000,1.000000,1.100000,0.000000,0.000000,-1.571000,0.013879,0.994040,0.001621,0.994138
17.838000,-0.313912,0.005963,1.098421,-0.016419,0.001450,0.021203,0.000582,0.000001,1.570309,-0.300000,1.000000,1.100000,0.000000,0.000000,-1.571000,0.013912,0.994037,0.001579,0.994136
17.840000,-0.313945,0.005966,1.098464,-0.016377,0.001447,0.021141,0.000590,0.000001,1.570309,-0.300000,1.000000,1.100000,0.000000,0.000000,-1.571000,0.013945,0.994034,0.001536,0.994133
17.842000,-0.313977,0.005969,1.098506,-0.016335,0.001444,0.021078,0.000597,0.000001,1.570309,-0.300000,1.000000,1.100000,0.000000,0.000000,-1.571000,0.013977,0.994031,0.001494,0.994131
17.844000,-0.314010,0.005972,1.098548,-0.016293,0.001442,0.021017,0.000605,0.000001,1.570309,-0.300000,1.000000,1.100000,0.000000,0.000000,-1.571000,0.014010,0.994028,0.001452,0.994128
17.846000,-0.314042,0.005975,1.098590,-0.016251,0.001439,0.020955,0.000612,0.000001,1.570309,-0.300000,1.000000,1.100000,0.000000,0.000000,-1.571000,0.014042,0.994025,0.001410,0.994126
17.848000,-0.314075,0.005977,1.098632,-0.016209,0.001436,0.020893,0.000620,0.000001,1.570309,-0.300000,1.000000,1.100000,0.000000,0.000000,-1.571000,0.014075,0.994023,0.001368,0.994123
17.850000,-0.314107,0.005980,1.098674,-0.016167,0.001434,0.020832,0.000628,0.000001,1.570309,-0.300000,1.000000,1.100000,0.000000,0.000000,-1.571000,0.014107,0.994020,0.001326,0.994121
17.852000,-0.314140,0.005983,1.098715,-0.016125,0.001431,0.020771,0.000635,0.000001,1.570309,-0.300000,1.000000,1.100000,0.000000,0.000000,-1.571000,0.014140,0.994017,0.001285,0.994118
17.854000,-0.314172,0.005986,1.098757,-0.016082,0.001428,0.020711,0.000643,0.000001,1.570309,-0.300000,1.000000,1.100000,0.000000,0.000000,-1.571000,0.014172,0.994014,0.001243,0.994116
17.856000,-0.314204,0.005989,1.098798,-0.016040,0.001426,0.020650,0.000650,0.000001,1.570309,-0.300000,1.000000,1.100000,0.000000,0.000000,-1.571000,0.014204,0.994011,0.001202,0.994113
17.858000,-0.314236,0.005992,1.098839,-0.015998,0.001423,0.020590,0.000658,0.000000,1.570309,-0.300000,1.000000,1.100000,0.000000,0.000000,-1.571000,0.014236,0.994008,0.001161,0.994111
17.860000,-0.314268,0.005995,1.098881,-0.015955,0.001421,0.020529,0.000665,0.000000,1.570309,-0.300000,1.000000,1.100000,0.000000,0.000000,-1.571000,0.014268,0.994005,0.001119,0.994108
17.862000,-0.314300,0.005997,1.098922,-0.015912,0.001418,0.020469,0.000672,0.000000,1.570309,-0.300000,1.000000,1.100000,0.000000,0.000000,-1.571000,0.014300,0.994003,0.001078,0.994106
17.864000,-0.314332,0.006000,1.098962,-0.015870,0.001415,0.020410,0.000679,0.000000,1.570309,-0.300000,1.000000,1.100000,0.000000,0.000000,-1.571000,0.014332,0.994000,0.001038,0.994104
17.866000,-0.314363,0.006003,1.099003,-0.015827,0.001413,0.020350,0.000686,-0.000000,1.570309,-0.300000,1.000000,1.100000,0.000000,0.000000,-1.571000,0.014363,0.993997,0.000997,0.994101
17.868000,-0.314395,0.006006,1.099044,-0.015784,0.001410,0.020290,0.000693,-0.000000,1.570309,-0.300000,1.000000,1.100000,0.000000,0.000000,-1.571000,0.014395,0.993994,0.000956,0.994099
17.870000,-0.314427,0.006009,1.099084,-0.015741,0.001407,0.020231,0.000700,-0.000000,1.570309,-0.300000,1.000000,1.100000,0.000000,0.000000,-1.571000,0.014427,0.993991,0.000916,0.994096
17.872000,-0.314458,0.006011,1.099125,-0.015698,0.001405,0.020172,0.000706,-0.000000,1.570309,-0.300000,1.000000,1.100000,0.000000,0.000000,-1.571000,0.014458,0.993989,0.000875,0.994094
17.874000,-0.314489,0.006014,1.099165,-0.015656,0.001402,0.020113,0.000712,-0.000001,1.570309,-0.300000,1.000000,1.100000,0.000000,0.000000,-1.571000,0.014489,0.993986,0.000835,0.994092
17.876000,-0.314521,0.006017,1.099205,-0.015613,0.001400,0.020054,0.000719,-0.000001,1.570309,-0.300000,1.000000,1.100000,0.000000,0.000000,-1.571000,0.014521,0.993983,0.000795,0.994089
17.878000,-0.314552,0.006020,1.099245,-0.015570,0.001397,0.019995,0.000725,-0.000001,1.570309,-0.300000,1.000000,1.100000,0.000000,0.000000,-1.571000,0.014552,0.993980,0.000755,0.994087
17.880000,-0.314583,0.006023,1.099285,-0.015526,0.001394,0.019936,0.000730,-0.000001,1.570309,-0.300000,1.000000,1.100000,0.000000,0.000000,-1.571000,0.014583,0.993977,0.000715,0.994085
17.882000,-0.314614,0.006025,1.099325,-0.015483,0.001392,0.019878,0.000736,-0.000002,1.570309,-0.300000,1.000000,1.100000,0.000000,0.000000,-1.571000,0.014614,0.993975,0.000675,0.994082
17.884000,-0.314645,0.006028,1.099365,-0.015440,0.001389,0.019820,0.000742,-0.000002,1.570309,-0.300000,1.000000,1.100000,0.000000,0.000000,-1.571000,0.014645,0.993972,0.000635,0.994080
17.886000,-0.314676,0.006031,1.099404,-0.015397,0.001386,0.019761,0.000747,-0.000002,1.570309,-0.300000,1.000000,1.100000,0.000000,0.000000,-1.571000,0.014676,0.993969,0.000596,0.994077
17.888000,-0.314707,0.006034,1.099444,-0.015354,0.001384,0.019703,0.000752,-0.000002,1.570309,-0.300000,1.000000,1.100000,0.000000,0.000000,-1.571000,0.014707,0.993966,0.000556,0.994075
17.890000,-0.314737,0.006037,1.099483,-0.015311,0.001381,0.019645,0.000757,-0.000003,1.570309,-0.300000,1.000000,1.100000,0.000000,0.000000,-1.571000,0.014737,0.993963,0.000517,0.994073
17.892000,-0.314768,0.006039,1.099522,-0.015268,0.001379,0.019587,0.000762,-0.000003,1.570309,-0.300000,1.000000,1.100000,0.000000,0.000000,-1.571000,0.014768,0.993961,0.000478,0.994070
17.894000,-0.314798,0.006042,1.099562,-0.015224,0.001376,0.019528,0.000767,-0.000003,1.570308,-0.300000,1.000000,1.100000,0.000000,0.000000,-1.571000,0.014798,0.993958,0.000438,0.994068
17.896000,-0.314829,0.006045,1.099601,-0.015181,0.001373,0.019470,0.000772,-0.000004,1.570308,-0.300000,1.000000,1.100000,0.000000,0.000000,-1.571000,0.014829,0.993955,0.000399,0.994066
17.898000,-0.314859,0.006048,1.099639,-0.015138,0.001371,0.019411,0.000776,-0.000004,1.570308,-0.300000,1.000000,1.100000,0.000000,0.000000,-1.571000,0.014859,0.993952,0.000361,0.994064
17.900000,-0.314889,0.006050,1.099678,-0.015095,0.001368,0.019353,0.000780,-0.000004,1.570308,-0.300000,1.000000,1.100000,0.000000,0.000000,-1.571000,0.014889,0.993950,0.000322,0.994061
17.902000,-0.314919,0.006053,1.099717,-0.015051,0.001365,0.019294,0.000784,-0.000005,1.570308,-0.300000,1.000000,1.100000,0.000000,0.000000,-1.571000,0.014919,0.993947,0.000283,0.994059
17.904000,-0.314949,0.006056,1.099755,-0.015008,0.001363,0.019235,0.000787,-0.000005,1.570308,-0.300000,1.000000,1.100000,0.000000,0.000000,-1.571000,0.014949,0.993944,0.000245,0.994057
17.906000,-0.314979,0.006059,1.099794,-0.014965,0.001360,0.019177,0.000790,-0.000005,1.570308,-0.300000,1.000000,1.100000,0.000000,0.000000,-1.571000,0.014979,0.993941,0.000206,0.994054
17.908000,-0.315009,0.006061,1.099832,-0.014922,0.001358,0.019118,0.000793,-0.000005,1.570308,-0.300000,1.000000,1.100000,0.000000,0.000000,-1.571000,0.015009,0.993939,0.000168,0.994052
17.910000,-0.315039,0.006064,1.099870,-0.014878,0.001355,0.019059,0.000796,-0.000006,1.570308,-0.300000,1.000000,1.100000,0.000000,0.000000,-1.571000,0.015039,0.993936,0.000130,0.994050
17.912000,-0.315069,0.006067,1.099908,-0.014835,0.001352,0.019001,0.000798,-0.000006,1.570308,-0.300000,1.000000,1.100000,0.000000,0.000000,-1.571000,0.015069,0.993933,0.000092,0.994048
17.914000,-0.315099,0.006069,1.099946,-0.014792,0.001350,0.018943,0.000799,-0.000006,1.570308,-0.300000,1.000000,1.100000,0.000000,0.000000,-1.571000,0.015099,0.993931,0.000054,0.994045
17.916000,-0.315128,0.006072,1.099984,-0.014749,0.001347,0.018885,0.000801,-0.000006,1.570308,-0.300000,1.000000,1.100000,0.000000,0.000000,-1.571000,0.015128,0.993928,0.000016,0.994043
17.918000,-0.315158,0.006075,1.100022,-0.014706,0.001344,0.018828,0.000801,-0.000006,1.570308,-0.300000,1.000000,1.100000,0.000000,0.000000,-1.571000,0.015158,0.993925,-0.000022,0.994041
17.920000,-0.315187,0.006077,1.100060,-0.014663,0.001342,0.018770,0.000802,-0.000005,1.570308,-0.300000,1.000000,1.100000,0.000000,0.000000,-1.571000,0.015187,0.993923,-0.000060,0.994039
17.922000,-0.315216,0.006080,1.100097,-0.014620,0.001339,0.018713,0.000802,-0.000005,1.570308,-0.300000,1.000000,1.100000,0.000000,0.000000,-1.571000,0.015216,0.993920,-0.000097,0.994036
17.924000,-0.315245,0.006083,1.100134,-0.014578,0.001337,0.018656,0.000801,-0.000005,1.570308,-0.300000,1.000000,1.100000,0.000000,0.000000,-1.571000,0.015245,0.993917,-0.000134,0.994034
17.926000,-0.315275,0.006085,1.100172,-0.014535,0.001334,0.018600,0.000801,-0.000005,1.570308,-0.300000,1.000000,1.100000,0.000000,0.000000,-1.571000,0.015275,0.993915,-0.000172,0.994032
17.928000,-0.315304,0.006088,1.100209,-0.014492,0.001331,0.018543,0.000799,-0.000005,1.570308,-0.300000,1.000000,1.100000,0.000000,0.000000,-1.571000,0.015304,0.993912,-0.000209,0.994030
17.930000,-0.315333,0.006091,1.100246,-0.014450,0.001329,0.018487,0.000798,-0.000005,1.570308,-0.300000,1.000000,1.100000,0.000000,0.000000,-1.571000,0.015333,0.993909,-0.000246,0.994027
17.932000,-0.315361,0.006093,1.100283,-0.014407,0.001326,0.018431,0.000796,-0.000005,1.570308,-0.300000,1.000000,1.100000,0.000000,0.000000,-1.571000,0.015361,0.993907,-0.000283,0.994025
17.934000,-0.315390,0.006096,1.100320,-0.014365,0.001324,0.018375,0.000793,-0.000005,1.570308,-0.300000,1.000000,1.100000,0.000000,0.000000,-1.571000,0.015390,0.993904,-0.000320,0.994023
17.936000,-0.315419,0.006099,1.100356,-0.014323,0.001321,0.018319,0.000790,-0.000004,1.570309,-0.300000,1.000000,1.100000,0.000000,0.000000,-1.571000,0.015419,0.993901,-0.000356,0.994021
17.938000,-0.315447,0.006101,1.100393,-0.014281,0.001319,0.018263,0.000787,-0.000004,1.570309,-0.300000,1.000000,1.100000,0.000000,0.000000,-1.571000,0.015447,0.993899,-0.000393,0.994019
17.940000,-0.315476,0.006104,1.100429,-0.014239,0.001316,0.018207,0.000783,-0.000004,1.570309,-0.300000,1.000000,1.100000,0.000000,0.000000,-1.571000,0.015476,0.993896,-0.000429,0.994017
17.942000,-0.315504,0.006107,1.100466,-0.014198,0.001314,0.018152,0.000779,-0.000004,1.570309,-0.300000,1.000000,1.100000,0.000000,0.000000,-1.571000,0.015504,0.993893,-0.000466,0.994014
17.944000,-0.315533,0.006109,1.100502,-0.014156,0.001311,0.018097,0.000775,-0.000004,1.570309,-0.300000,1.000000,1.100000,0.000000,0.000000,-1.571000,0.015533,0.993891,-0.000502,0.994012
17.946000,-0.315561,0.006112,1.100538,-0.014115,0.001309,0.018041,0.000770,-0.000004,1.570309,-0.300000,1.000000,1.100000,0.000000,0.000000,-1.571000,0.015561,0.993888,-0.000538,0.994010
17.948000,-0.315589,0.006115,1.100574,-0.014073,0.001306,0.017986,0.000766,-0.000003,1.570309,-0.300000,1.000000,1.100000,0.000000,0.000000,-1.571000,0.015589,0.993885,-0.000574,0.994008
17.950000,-0.315617,0.006117,1.100610,-0.014032,0.001304,0.017932,0.000761,-0.000003,1.570308,-0.300000,1.000000,1.100000,0.000000,0.000000,-1.571000,0.015617,0.993883,-0.000610,0.994006
17.952000,-0.315645,0.006120,1.100646,-0.013992,0.001301,0.017877,0.000755,-0.000003,1.570308,-0.300000,1.000000,1.100000,0.000000,0.000000,-1.571000,0.015645,0.993880,-0.000646,0.994004
17.954000,-0.315673,0.006122,1.100682,-0.013951,0.001299,0.017822,0.000750,-0.000003,1.570308,-0.300000,1.000000,1.100000,0.000000,0.000000,-1.571000,0.015673,0.993878,-0.000682,0.994001
17.956000,-0.315701,0.006125,1.100717,-0.013910,0.001296,0.017768,0.000744,-0.000003,1.570308,-0.300000,1.000000,1.100000,0.000000,0.000000,-1.571000,0.015701,0.993875,-0.000717,0.993999
17.958000,-0.315729,0.006128,1.100753,-0.013870,0.001294,0.017713,0.000739,-0.000003,1.570308,-0.300000,1.000000,1.100000,0.000000,0.000000,-1.571000,0.015729,0.993872,-0.000753,0.993997
17.960000,-0.315757,0.006130,1.100788,-0.013830,0.001291,0.017659,0.000733,-0.000003,1.570308,-0.300000,1.000000,1.100000,0.000000,0.000000,-1.571000,0.015757,0.993870,-0.000788,0.993995
17.962000,-0.315784,0.006133,1.100823,-0.013790,0.001289,0.017605,0.000727,-0.000003,1.570308,-0.300000,1.000000,1.100000,0.000000,0.000000,-1.571000,0.015784,0.993867,-0.000823,0.993993
17.964000,-0.315812,0.006135,1.100859,-0.013750,0.001286,0.017551,0.000721,-0.000003,1.570308,-0.300000,1.000000,1.100000,0.000000,0.000000,-1.571000,0.015812,0.993865,-0.000859,0.993991
17.966000,-0.315839,0.006138,1.100894,-0.013711,0.001284,0.017497,0.000715,-0.000003,1.570308,-0.300000,1.000000,1.100000,0.000000,0.000000,-1.571000,0.015839,0.993862,-0.000894,0.993989
17.968000,-0.315867,0.006140,1.100929,-0.013671,0.001281,0.017443,0.000709,-0.000003,1.570308,-0.300000,1.000000,1.100000,0.000000,0.000000,-1.571000,0.015867,0.993860,-0.000929,0.993987
17.970000,-0.315894,0.006143,1.100963,-0.013632,0.001279,0.017389,0.000703,-0.000003,1.570308,-0.300000,1.000000,1.100000,0.000000,0.000000,-1.571000,0.015894,0.993857,-0.000963,0.993985
17.972000,-0.315921,0.006146,1.100998,-0.013593,0.001277,0.017336,0.000698,-0.000003,1.570308,-0.300000,1.000000,1.100000,0.000000,0.000000,-1.571000,0.015921,0.993854,-0.000998,0.993982
17.974000,-0.315948,0.006148,1.101033,-0.013554,0.001274,0.017282,0.000692,-0.000003,1.570307,-0.300000,1.000000,1.100000,0.000000,0.000000,-1.571000,0.015948,0.993852,-0.001033,0.993980
17.976000,-0.315976,0.006151,1.101067,-0.013516,0.001272,0.017229,0.000686,-0.000003,1.570307,-0.300000,1.000000,1.100000,0.000000,0.000000,-1.571000,0.015976,0.993849,-0.001067,0.993978
17.978000,-0.316003,0.006153,1.101102,-0.013477,0.001269,0.017175,0.000680,-0.000003,1.570307,-0.300000,1.000000,1.100000,0.000000,0.000000,-1.571000,0.016003,0.993847,-0.001102,0.993976
17.980000,-0.316029,0.006156,1.101136,-0.013439,0.001267,0.017122,0.000675,-0.000003,1.570307,-0.300000,1.000000,1.100000,0.000000,0.000000,-1.571000,0.016029,0.993844,-0.001136,0.993974
17.982000,-0.316056,0.006158,1.101170,-0.013401,0.001264,0.017069,0.000670,-0.000003,1.570307,-0.300000,1.000000,1.100000,0.000000,0.000000,-1.571000,0.016056,0.993842,-0.001170,0.993972
17.984000,-0.316083,0.006161,1.101204,-0.013363,0.001262,0.017016,0.000664,-0.000003,1.570307,-0.300000,1.000000,1.100000,0.000000,0.000000,-1.571000,0.016083,0.993839,-0.001204,0.993970
17.986000,-0.316110,0.006163,1.101238,-0.013325,0.001260,0.016963,0.000659,-0.000003,1.570307,-0.300000,1.000000,1.100000,0.000000,0.000000,-1.571000,0.016110,0.993837,-0.001238,0.993968
17.988000,-0.316136,0.006166,1.101272,-0.013288,0.001257,0.016911,0.000654,-0.000003,1.570307,-0.300000,1.000000,1.100000,0.000000,0.000000,-1.571000,0.016136,0.993834,-0.001272,0.993966
17.990000,-0.316163,0.006168,1.101306,-0.013250,0.001255,0.016859,0.000649,-0.000003,1.570307,-0.300000,1.000000,1.100000,0.000000,0.000000,-1.571000,0.016163,0.993832,-0.001306,0.993964
17.992000,-0.316189,0.006171,1.101340,-0.013213,0.001253,0.016807,0.000644,-0.000003,1.570308,-0.300000,1.000000,1.100000,0.000000,0.000000,-1.571000,0.016189,0.993829,-0.001340,0.993962
17.994000,-0.316216,0.006173,1.101373,-0.013176,0.001250,0.016756,0.000640,-0.000003,1.570308,-0.300000,1.000000,1.100000,0.000000,0.000000,-1.571000,0.016216,0.993827,-0.001373,0.993960
17.996000,-0.316242,0.006176,1.101407,-0.013139,0.001248,0.016705,0.000635,-0.000003,1.570308,-0.300000,1.000000,1.100000,0.000000,0.000000,-1.571000,0.016242,0.993824,-0.001407,0.993958
17.998000,-0.316268,0.006178,1.101440,-0.013102,0.001245,0.016654,0.000630,-0.000003,1.570308,-0.300000,1.000000,1.100000,0.000000,0.000000,-1.571000,0.016268,0.993822,-0.001440,0.993956
18.000000,-0.316295,0.006181,1.101473,-0.013066,0.001243,0.016603,0.000626,-0.000003,1.570308,-0.300000,1.000000,1.100000,0.000000,0.000000,-1.571000,0.016295,0.993819,-0.001473,0.993954
18.002000,-0.316321,0.006183,1.101506,-0.013029,0.001241,0.016553,0.000621,-0.000003,1.570308,-0.300000,1.000000,1.100000,0.000000,0.000000,-1.571000,0.016321,0.993817,-0.001506,0.993952
18.004000,-0.316347,0.006186,1.101539,-0.012993,0.001238,0.016503,0.000616,-0.000003,1.570308,-0.300000,1.000000,1.100000,0.000000,0.000000,-1.571000,0.016347,0.993814,-0.001539,0.993950
18.006000,-0.316373,0.006188,1.101572,-0.012957,0.001236,0.016453,0.000612,-0.000003,1.570308,-0.300000,1.000000,1.100000,0.000000,0.000000,-1.571000,0.016373,0.993812,-0.001572,0.993948
18.008000,-0.316399,0.006191,1.101605,-0.012921,0.001234,0.016403,0.000607,-0.000003,1.570308,-0.300000,1.000000,1.100000,0.000000,0.000000,-1.571000,0.016399,0.993809,-0.001605,0.993946
18.010000,-0.316424,0.006193,1.101638,-0.012885,0.001231,0.016353,0.000603,-0.000003,1.570308,-0.300000,1.000000,1.100000,0.000000,0.000000,-1.571000,0.016424,0.993807,-0.001638,0.993944
18.012000,-0.316450,0.006196,1.101671,-0.012850,0.001229,0.016303,0.000599,-0.000003,1.570308,-0.300000,1.000000,1.100000,0.000000,0.000000,-1.571000,0.016450,0.993804,-0.001671,0.993942
18.014000,-0.316476,0.006198,1.101703,-0.012814,0.001227,0.016252,0.000595,-0.000002,1.570308,-0.300000,1.000000,1.100000,0.000000,0.000000,-1.571000,0.016476,0.993802,-0.001703,0.993940
18.016000,-0.316501,0.006201,1.101736,-0.012779,0.001224,0.016201,0.000591,-0.000002,1.570308,-0.300000,1.000000,1.100000,0.000000,0.000000,-1.571000,0.016501,0.993799,-0.001736,0.993938
18.018000,-0.316527,0.006203,1.101768,-0.012743,0.001222,0.016150,0.000587,-0.000002,1.570308,-0.300000,1.000000,1.100000,0.000000,0.000000,-1.571000,0.016527,0.993797,-0.001768,0.993936
18.020000,-0.316552,0.006205,1.101800,-0.012708,0.001220,0.016099,0.000583,-0.000002,1.570308,-0.300000,1.000000,1.100000,0.000000,0.000000,-1.571000,0.016552,0.993795,-0.001800,0.993934
18.022000,-0.316578,0.006208,1.101833,-0.012673,0.001217,0.016048,0.000580,-0.000002,1.570308,-0.300000,1.000000,1.100000,0.000000,0.000000,-1.571000,0.016578,0.993792,-0.001833,0.993932
18.024000,-0.316603,0.006210,1.101865,-0.012639,0.001215,0.015996,0.000577,-0.000001,1.570308,-0.300000,1.000000,1.100000,0.000000,0.000000,-1.571000,0.016603,0.993790,-0.001865,0.993930
18.026000,-0.316628,0.006213,1.101897,-0.012604,0.001213,0.015945,0.000574,-0.000001,1.570308,-0.300000,1.000000,1.100000,0.000000,0.000000,-1.571000,0.016628,0.993787,-0.001897,0.993928
18.028000,-0.316654,0.006215,1.101928,-0.012569,0.001210,0.015895,0.000572,-0.000001,1.570308,-0.300000,1.000000,1.100000,0.000000,0.000000,-1.571000,0.016654,0.993785,-0.001928,0.993926
18.030000,-0.316679,0.006218,1.101960,-0.012535,0.001208,0.015846,0.000570,-0.000001,1.570308,-0.300000,1.000000,1.100000,0.000000,0.000000,-1.571000,0.016679,0.993782,-0.001960,0.993924
18.032000,-0.316704,0.006220,1.101992,-0.012500,0.001206,0.015799,0.000569,-0.000000,1.570308,-0.300000,1.000000,1.100000,0.000000,0.000000,-1.571000,0.016704,0.993780,-0.001992,0.993922
18.034000,-0.316729,0.006222,1.102023,-0.012466,0.001204,0.015752,0.000568,0.000000,1.570308,-0.300000,1.000000,1.100000,0.000000,0.000000,-1.571000,0.016729,0.993778,-0.002023,0.993920
18.036000,-0.316754,0.006225,1.102055,-0.012432,0.001201,0.015706,0.000567,0.000000,1.570308,-0.300000,1.000000,1.100000,0.000000,0.000000,-1.571000,0.016754,0.993775,-0.002055,0.993918
18.038000,-0.316778,0.006227,1.102086,-0.012398,0.001199,0.015661,0.000567,0.000001,1.570307,-0.300000,1.000000,1.100000,0.000000,0.000000,-1.571000,0.016778,0.993773,-0.002086,0.993917
18.040000,-0.316803,0.006230,1.102117,-0.012364,0.001197,0.015617,0.000567,0.000001,1.570307,-0.300000,1.000000,1.100000,0.000000,0.000000,-1.571000,0.016803,0.993770,-0.002117,0.993915
18.042000,-0.316828,0.006232,1.102149,-0.012330,0.001195,0.015573,0.000567,0.000001,1.570307,-0.300000,1.000000,1.100000,0.000000,0.000000,-1.571000,0.016828,0.993768,-0.002149,0.993913
18.044000,-0.316852,0.006234,1.102180,-0.012296,0.001193,0.015530,0.000568,0.000002,1.570307,-0.300000,1.000000,1.100000,0.000000,0.000000,-1.571000,0.016852,0.993766,-0.002180,0.993911
18.046000,-0.316877,0.006237,1.102211,-0.012262,0.001190,0.015487,0.000569,0.000002,1.570307,-0.300000,1.000000,1.100000,0.000000,0.000000,-1.571000,0.016877,0.993763,-0.002211,0.993909
18.048000,-0.316902,0.006239,1.102242,-0.012228,0.001188,0.015445,0.000571,0.000002,1.570307,-0.300000,1.000000,1.100000,0.000000,0.000000,-1.571000,0.016902,0.993761,-0.002242,0.993907
18.050000,-0.316926,0.006242,1.102273,-0.012194,0.001186,0.015403,0.000573,0.000002,1.570307,-0.300000,1.000000,1.100000,0.000000,0.000000,-1.571000,0.016926,0.993758,-0.002273,0.993905
18.052000,-0.316950,0.006244,1.102303,-0.012160,0.001184,0.015362,0.000576,0.000003,1.570307,-0.300000,1.000000,1.100000,0.000000,0.000000,-1.571000,0.016950,0.993756,-0.002303,0.993903
18.054000,-0.316975,0.006246,1.102334,-0.012127,0.001182,0.015321,0.000579,0.000003,1.570307,-0.300000,1.000000,1.100000,0.000000,0.000000,-1.571000,0.016975,0.993754,-0.002334,0.993901
18.056000,-0.316999,0.006249,1.102365,-0.012093,0.001180,0.015281,0.000582,0.000003,1.570307,-0.300000,1.000000,1.100000,0.000000,0.000000,-1.571000,0.016999,0.993751,-0.002365,0.993900
18.058000,-0.317023,0.006251,1.102395,-0.012059,0.001177,0.015241,0.000586,0.000004,1.570307,-0.300000,1.000000,1.100000,0.000000,0.000000,-1.571000,0.017023,0.993749,-0.002395,0.993898
18.060000,-0.317047,0.006253,1.102426,-0.012025,0.001175,0.015201,0.000590,0.000004,1.570307,-0.300000,1.000000,1.100000,0.000000,0.000000,-1.571000,0.017047,0.993747,-0.002426,0.993896
18.062000,-0.317071,0.006256,1.102456,-0.011991,0.001173,0.015162,0.000595,0.000004,1.570307,-0.300000,1.000000,1.100000,0.000000,0.000000,-1.571000,0.017071,0.993744,-0.002456,0.993894
18.064000,-0.317095,0.006258,1.102486,-0.011957,0.001171,0.015123,0.000599,0.000004,1.570307,-0.300000,1.000000,1.100000,0.000000,0.000000,-1.571000,0.017095,0.993742,-0.002486,0.993892
18.066000,-0.317119,0.006260,1.102517,-0.011923,0.001169,0.015084,0.000605,0.000005,1.570307,-0.300000,1.000000,1.100000,0.000000,0.000000,-1.571000,0.017119,0.993740,-0.002517,0.993890
18.068000,-0.317143,0.006263,1.102547,-0.011889,0.001167,0.015046,0.000610,0.000005,1.570307,-0.300000,1.000000,1.100000,0.000000,0.000000,-1.571000,0.017143,0.993737,-0.002547,0.993888
18.070000,-0.317167,0.006265,1.102577,-0.011855,0.001165,0.015009,0.000616,0.000005,1.570307,-0.300000,1.000000,1.100000,0.000000,0.000000,-1.571000,0.017167,0.993735,-0.002577,0.993887
18.072000,-0.317190,0.006267,1.102607,-0.011821,0.001163,0.014972,0.000622,0.000006,1.570307,-0.300000,1.000000,1.100000,0.000000,0.000000,-1.571000,0.017190,0.993733,-0.002607,0.993885
18.074000,-0.317214,0.006270,1.102637,-0.011787,0.001161,0.014935,0.000628,0.000006,1.570307,-0.300000,1.000000,1.100000,0.000000,0.000000,-1.571000,0.017214,0.993730,-0.002637,0.993883
18.076000,-0.317237,0.006272,1.102667,-0.011753,0.001159,0.014899,0.000634,0.000007,1.570307,-0.300000,1.000000,1.100000,0.000000,0.000000,-1.571000,0.017237,0.993728,-0.002667,0.993881
18.078000,-0.317261,0.006274,1.102696,-0.011719,0.001157,0.014863,0.000641,0.000008,1.570308,-0.300000,1.000000,1.100000,0.000000,0.000000,-1.571000,0.017261,0.993726,-0.002696,0.993879
18.080000,-0.317284,0.006277,1.102726,-0.011685,0.001155,0.014827,0.000647,0.000009,1.570308,-0.300000,1.000000,1.100000,0.000000,0.000000,-1.571000,0.017284,0.993723,-0.002726,0.993877
18.082000,-0.317308,0.006279,1.102756,-0.011650,0.001153,0.014791,0.000654,0.000010,1.570308,-0.300000,1.000000,1.100000,0.000000,0.000000,-1.571000,0.017308,0.993721,-0.002756,0.993876
18.084000,-0.317331,0.006281,1.102785,-0.011616,0.001151,0.014756,0.000661,0.000011,1.570308,-0.300000,1.000000,1.100000,0.000000,0.000000,-1.571000,0.017331,0.993719,-0.002785,0.993874
18.086000,-0.317354,0.006284,1.102815,-0.011581,0.001149,0.014721,0.000668,0.000012,1.570308,-0.300000,1.000000,1.100000,0.000000,0.000000,-1.571000,0.017354,0.993716,-0.002815,0.993872
18.088000,-0.317377,0.006286,1.102844,-0.011547,0.001147,0.014686,0.000676,0.000014,1.570308,-0.300000,1.000000,1.100000,0.000000,0.000000,-1.571000,0.017377,0.993714,-0.002844,0.993870
18.090000,-0.317400,0.006288,1.102873,-0.011512,0.001145,0.014651,0.000683,0.000016,1.570308,-0.300000,1.000000,1.100000,0.000000,0.000000,-1.571000,0.017400,0.993712,-0.002873,0.993868
18.092000,-0.317423,0.006290,1.102903,-0.011477,0.001143,0.014617,0.000690,0.000018,1.570308,-0.300000,1.000000,1.100000,0.000000,0.000000,-1.571000,0.017423,0.993710,-0.002903,0.993866
18.094000,-0.317446,0.006293,1.102932,-0.011443,0.001142,0.014582,0.000697,0.000020,1.570308,-0.300000,1.000000,1.100000,0.000000,0.000000,-1.571000,0.017446,0.993707,-0.002932,0.993865
18.096000,-0.317469,0.006295,1.102961,-0.011408,0.001140,0.014548,0.000704,0.000022,1.570308,-0.300000,1.000000,1.100000,0.000000,0.000000,-1.571000,0.017469,0.993705,-0.002961,0.993863
18.098000,-0.317492,0.006297,1.102990,-0.011373,0.001138,0.014514,0.000712,0.000024,1.570308,-0.300000,1.000000,1.100000,0.000000,0.000000,-1.571000,0.017492,0.993703,-0.002990,0.993861
18.100000,-0.317515,0.006300,1.103019,-0.011338,0.001137,0.014480,0.000719,0.000027,1.570308,-0.300000,1.000000,1.100000,0.000000,0.000000,-1.571000,0.017515,0.993700,-0.003019,0.993859
18.102000,-0.317537,0.006302,1.103048,-0.011303,0.001135,0.014446,0.000726,0.000030,1.570308,-0.300000,1.000000,1.100000,0.000000,0.000000,-1.571000,0.017537,0.993698,-0.003048,0.993858
18.104000,-0.317560,0.006304,1.103077,-0.011267,0.001133,0.014413,0.000733,0.000033,1.570308,-0.300000,1.000000,1.100000,0.000000,0.000000,-1.571000,0.017560,0.993696,-0.003077,0.993856
18.106000,-0.317582,0.006306,1.103106,-0.011232,0.001132,0.014379,0.000740,0.000036,1.570308,-0.300000,1.000000,1.100000,0.000000,0.000000,-1.571000,0.017582,0.993694,-0.003106,0.993854
18.108000,-0.317605,0.006309,1.103135,-0.011197,0.001131,0.014346,0.000746,0.000039,1.570308,-0.300000,1.000000,1.100000,0.000000,0.000000,-1.571000,0.017605,0.993691,-0.003135,0.993852
18.110000,-0.317627,0.006311,1.103163,-0.011161,0.001129,0.014312,0.000753,0.000042,1.570308,-0.300000,1.000000,1.100000,0.000000,0.000000,-1.571000,0.017627,0.993689,-0.003163,0.993850
18.112000,-0.317649,0.006313,1.103192,-0.011126,0.001128,0.014279,0.000759,0.000046,1.570308,-0.300000,1.000000,1.100000,0.000000,0.000000,-1.571000,0.017649,0.993687,-0.003192,0.993849
18.114000,-0.317672,0.006315,1.103220,-0.011090,0.001127,0.014246,0.000765,0.000050,1.570308,-0.300000,1.000000,1.100000,0.000000,0.000000,-1.571000,0.017672,0.993685,-0.003220,0.993847
18.116000,-0.317694,0.006318,1.103249,-0.011055,0.001126,0.014213,0.000771,0.000053,1.570308,-0.300000,1.000000,1.100000,0.000000,0.000000,-1.571000,0.017694,0.993682,-0.003249,0.993845
18.118000,-0.317716,0.006320,1.103277,-0.011019,0.001125,0.014180,0.000777,0.000057,1.570308,-0.300000,1.000000,1.100000,0.000000,0.000000,-1.571000,0.017716,0.993680,-0.003277,0.993843
18.120000,-0.317738,0.006322,1.103306,-0.010984,0.001124,0.014147,0.000782,0.000061,1.570308,-0.300000,1.000000,1.100000,0.000000,0.000000,-1.571000,0.017738,0.993678,-0.003306,0.993842
18.122000,-0.317760,0.006324,1.103334,-0.010948,0.001123,0.014115,0.000787,0.000066,1.570308,-0.300000,1.000000,1.100000,0.000000,0.000000,-1.571000,0.017760,0.993676,-0.003334,0.993840
18.124000,-0.317782,0.006327,1.103362,-0.010912,0.001122,0.014082,0.000792,0.000070,1.570308,-0.300000,1.000000,1.100000,0.000000,0.000000,-1.571000,0.017782,0.993673,-0.003362,0.993838
18.126000,-0.317803,0.006329,1.103390,-0.010876,0.001121,0.014049,0.000796,0.000074,1.570308,-0.300000,1.000000,1.100000,0.000000,0.000000,-1.571000,0.017803,0.993671,-0.003390,0.993836
18.128000,-0.317825,0.006331,1.103418,-0.010841,0.001121,0.014017,0.000801,0.000079,1.570308,-0.300000,1.000000,1.100000,0.000000,0.000000,-1.571000,0.017825,0.993669,-0.003418,0.993835
18.130000,-0.317847,0.006333,1.103446,-0.010805,0.001120,0.013985,0.000805,0.000083,1.570308,-0.300000,1.000000,1.100000,0.000000,0.000000,-1.571000,0.017847,0.993667,-0.003446,0.993833
18.132000,-0.317868,0.006336,1.103474,-0.010769,0.001120,0.013952,0.000808,0.000088,1.570308,-0.300000,1.000000,1.100000,0.000000,0.000000,-1.571000,0.017868,0.993664,-0.003474,0.993831
18.134000,-0.317890,0.006338,1.103502,-0.010733,0.001120,0.013920,0.000811,0.000093,1.570308,-0.300000,1.000000,1.100000,0.000000,0.000000,-1.571000,0.017890,0.993662,-0.003502,0.993829
18.136000,-0.317911,0.006340,1.103530,-0.010698,0.001119,0.013888,0.000814,0.000097,1.570308,-0.300000,1.000000,1.100000,0.000000,0.000000,-1.571000,0.017911,0.993660,-0.003530,0.993828
18.138000,-0.317933,0.006342,1.103558,-0.010662,0.001119,0.013856,0.000817,0.000102,1.570308,-0.300000,1.000000,1.100000,0.000000,0.000000,-1.571000,0.017933,0.993658,-0.003558,0.993826
18.140000,-0.317954,0.006345,1.103585,-0.010626,0.001119,0.013824,0.000819,0.000107,1.570308,-0.300000,1.000000,1.100000,0.000000,0.000000,-1.571000,0.017954,0.993655,-0.003585,0.993824
18.142000,-0.317975,0.006347,1.103613,-0.010590,0.001119,0.013792,0.000821,0.000111,1.570308,-0.300000,1.000000,1.100000,0.000000,0.000000,-1.571000,0.017975,0.993653,-0.003613,0.993822
18.144000,-0.317996,0.006349,1.103641,-0.010555,0.001119,0.013760,0.000822,0.000116,1.570308,-0.300000,1.000000,1.100000,0.000000,0.000000,-1.571000,0.017996,0.993651,-0.003641,0.993820
18.146000,-0.318017,0.006351,1.103668,-0.010519,0.001119,0.013728,0.000823,0.000121,1.570308,-0.300000,1.000000,1.100000,0.000000,0.000000,-1.571000,0.018017,0.993649,-0.003668,0.993819
18.148000,-0.318038,0.006354,1.103695,-0.010483,0.001120,0.013696,0.000825,0.000126,1.570308,-0.300000,1.000000,1.100000,0.000000,0.000000,-1.571000,0.018038,0.993646,-0.003695,0.993817
18.150000,-0.318059,0.006356,1.103723,-0.010448,0.001120,0.013663,0.000825,0.000130,1.570308,-0.300000,1.000000,1.100000,0.000000,0.000000,-1.571000,0.018059,0.993644,-0.003723,0.993815
18.152000,-0.318080,0.006358,1.103750,-0.010412,0.001121,0.013631,0.000826,0.000135,1.570308,-0.300000,1.000000,1.100000,0.000000,0.000000,-1.571000,0.018080,0.993642,-0.003750,0.993813
18.154000,-0.318101,0.006360,1.103777,-0.010377,0.001121,0.013599,0.000826,0.000140,1.570308,-0.300000,1.000000,1.100000,0.000000,0.000000,-1.571000,0.018101,0.993640,-0.003777,0.993812
18.156000,-0.318122,0.006363,1.103805,-0.010341,0.001122,0.013567,0.000827,0.000144,1.570309,-0.300000,1.000000,1.100000,0.000000,0.000000,-1.571000,0.018122,0.993637,-0.003805,0.993810
18.158000,-0.318142,0.006365,1.103832,-0.010306,0.001123,0.013536,0.000827,0.000149,1.570309,-0.300000,1.000000,1.100000,0.000000,0.000000,-1.571000,0.018142,0.993635,-0.003832,0.993808
18.160000,-0.318163,0.006367,1.103859,-0.010271,0.001123,0.013504,0.000827,0.000153,1.570309,-0.300000,1.000000,1.100000,0.000000,0.000000,-1.571000,0.018163,0.993633,-0.003859,0.993806
18.162000,-0.318183,0.006369,1.103886,-0.010236,0.001124,0.013472,0.000826,0.000158,1.570309,-0.300000,1.000000,1.100000,0.000000,0.000000,-1.571000,0.018183,0.993631,-0.003886,0.993805
18.164000,-0.318204,0.006372,1.103913,-0.010200,0.001125,0.013441,0.000826,0.000162,1.570309,-0.300000,1.000000,1.100000,0.000000,0.000000,-1.571000,0.018204,0.993628,-0.003913,0.993803
18.166000,-0.318224,0.006374,1.103940,-0.010165,0.001126,0.013409,0.000826,0.000166,1.570309,-0.300000,1.000000,1.100000,0.000000,0.000000,-1.571000,0.018224,0.993626,-0.003940,0.993801
18.168000,-0.318245,0.006376,1.103966,-0.010130,0.001128,0.013378,0.000825,0.000171,1.570309,-0.300000,1.000000,1.100000,0.000000,0.000000,-1.571000,0.018245,0.993624,-0.003966,0.993799
18.170000,-0.318265,0.006378,1.103993,-0.010095,0.001129,0.013347,0.000825,0.000175,1.570309,-0.300000,1.000000,1.100000,0.000000,0.000000,-1.571000,0.018265,0.993622,-0.003993,0.993798
18.172000,-0.318285,0.006381,1.104020,-0.010061,0.001130,0.013315,0.000824,0.000179,1.570308,-0.300000,1.000000,1.100000,0.000000,0.000000,-1.571000,0.018285,0.993619,-0.004020,0.993796
18.174000,-0.318305,0.006383,1.104046,-0.010026,0.001132,0.013284,0.000823,0.000183,1.570308,-0.300000,1.000000,1.100000,0.000000,0.000000,-1.571000,0.018305,0.993617,-0.004046,0.993794
18.176000,-0.318325,0.006385,1.104073,-0.009991,0.001133,0.013253,0.000823,0.000186,1.570308,-0.300000,1.000000,1.100000,0.000000,0.000000,-1.571000,0.018325,0.993615,-0.004073,0.993792
18.178000,-0.318345,0.006387,1.104099,-0.009956,0.001135,0.013222,0.000822,0.000190,1.570308,-0.300000,1.000000,1.100000,0.000000,0.000000,-1.571000,0.018345,0.993613,-0.004099,0.993790
18.180000,-0.318365,0.006390,1.104126,-0.009922,0.001136,0.013191,0.000821,0.000193,1.570308,-0.300000,1.000000,1.100000,0.000000,0.000000,-1.571000,0.018365,0.993610,-0.004126,0.993789
18.182000,-0.318385,0.006392,1.104152,-0.009887,0.001138,0.013161,0.000819,0.000197,1.570308,-0.300000,1.000000,1.100000,0.000000,0.000000,-1.571000,0.018385,0.993608,-0.004152,0.993787
18.184000,-0.318404,0.006394,1.104178,-0.009853,0.001140,0.013130,0.000818,0.000200,1.570308,-0.300000,1.000000,1.100000,0.000000,0.000000,-1.571000,0.018404,0.993606,-0.004178,0.993785
18.186000,-0.318424,0.006397,1.104205,-0.009819,0.001142,0.013099,0.000817,0.000203,1.570308,-0.300000,1.000000,1.100000,0.000000,0.000000,-1.571000,0.018424,0.993603,-0.004205,0.993783
18.188000,-0.318444,0.006399,1.104231,-0.009785,0.001143,0.013068,0.000816,0.000206,1.570308,-0.300000,1.000000,1.100000,0.000000,0.000000,-1.571000,0.018444,0.993601,-0.004231,0.993781
18.190000,-0.318463,0.006401,1.104257,-0.009751,0.001145,0.013038,0.000814,0.000209,1.570308,-0.300000,1.000000,1.100000,0.000000,0.000000,-1.571000,0.018463,0.993599,-0.004257,0.993780
18.192000,-0.318483,0.006403,1.104283,-0.009717,0.001147,0.013007,0.000812,0.000212,1.570308,-0.300000,1.000000,1.100000,0.000000,0.000000,-1.571000,0.018483,0.993597,-0.004283,0.993778
18.194000,-0.318502,0.006406,1.104309,-0.009683,0.001149,0.012977,0.000811,0.000214,1.570308,-0.300000,1.000000,1.100000,0.000000,0.000000,-1.571000,0.018502,0.993594,-0.004309,0.993776
18.196000,-0.318521,0.006408,1.104335,-0.009649,0.001151,0.012947,0.000809,0.000217,1.570308,-0.300000,1.000000,1.100000,0.000000,0.000000,-1.571000,0.018521,0.993592,-0.004335,0.993774
18.198000,-0.318541,0.006410,1.104361,-0.009615,0.001154,0.012916,0.000807,0.000219,1.570308,-0.300000,1.000000,1.100000,0.000000,0.000000,-1.571000,0.018541,0.993590,-0.004361,0.993772
18.200000,-0.318560,0.006413,1.104387,-0.009582,0.001156,0.012886,0.000805,0.000221,1.570308,-0.300000,1.000000,1.100000,0.000000,0.000000,-1.571000,0.018560,0.993587,-0.004387,0.993770
18.202000,-0.318579,0.006415,1.104412,-0.009548,0.001158,0.012856,0.000803,0.000223,1.570308,-0.300000,1.000000,1.100000,0.000000,0.000000,-1.571000,0.018579,0.993585,-0.004412,0.993769
18.204000,-0.318598,0.006417,1.104438,-0.009515,0.001160,0.012826,0.000801,0.000225,1.570308,-0.300000,1.000000,1.100000,0.000000,0.000000,-1.571000,0.018598,0.993583,-0.004438,0.993767
18.206000,-0.318617,0.006420,1.104464,-0.009481,0.001162,0.012796,0.000799,0.000227,1.570308,-0.300000,1.000000,1.100000,0.000000,0.000000,-1.571000,0.018617,0.993580,-0.004464,0.993765
18.208000,-0.318636,0.006422,1.104489,-0.009448,0.001165,0.012766,0.000797,0.000229,1.570308,-0.300000,1.000000,1.100000,0.000000,0.000000,-1.571000,0.018636,0.993578,-0.004489,0.993763
18.210000,-0.318655,0.006424,1.104515,-0.009415,0.001167,0.012736,0.000795,0.000230,1.570308,-0.300000,1.000000,1.100000,0.000000,0.000000,-1.571000,0.018655,0.993576,-0.004515,0.993761
18.212000,-0.318674,0.006427,1.104540,-0.009382,0.001169,0.012706,0.000793,0.000232,1.570308,-0.300000,1.000000,1.100000,0.000000,0.000000,-1.571000,0.018674,0.993573,-0.004540,0.993759
18.214000,-0.318692,0.006429,1.104566,-0.009349,0.001172,0.012676,0.000790,0.000233,1.570308,-0.300000,1.000000,1.100000,0.000000,0.000000,-1.571000,0.018692,0.993571,-0.004566,0.993757
18.216000,-0.318711,0.006431,1.104591,-0.009316,0.001174,0.012646,0.000788,0.000234,1.570308,-0.300000,1.000000,1.100000,0.000000,0.000000,-1.571000,0.018711,0.993569,-0.004591,0.993755
18.218000,-0.318730,0.006434,1.104616,-0.009284,0.001176,0.012616,0.000786,0.000234,1.570308,-0.300000,1.000000,1.100000,0.000000,0.000000,-1.571000,0.018730,0.993566,-0.004616,0.993754
18.220000,-0.318748,0.006436,1.104641,-0.009251,0.001179,0.012587,0.000784,0.000235,1.570308,-0.300000,1.000000,1.100000,0.000000,0.000000,-1.571000,0.018748,0.993564,-0.004641,0.993752
18.222000,-0.318767,0.006438,1.104667,-0.009219,0.001181,0.012557,0.000781,0.000235,1.570308,-0.300000,1.000000,1.100000,0.000000,0.000000,-1.571000,0.018767,0.993562,-0.004667,0.993750
18.224000,-0.318785,0.006441,1.104692,-0.009186,0.001184,0.012527,0.000779,0.000235,1.570309,-0.300000,1.000000,1.100000,0.000000,0.000000,-1.571000,0.018785,0.993559,-0.004692,0.993748
18.226000,-0.318804,0.006443,1.104717,-0.009154,0.001186,0.012498,0.000776,0.000234,1.570309,-0.300000,1.000000,1.100000,0.000000,0.000000,-1.571000,0.018804,0.993557,-0.004717,0.993746
18.228000,-0.318822,0.006446,1.104742,-0.009122,0.001188,0.012468,0.000774,0.000234,1.570309,-0.300000,1.000000,1.100000,0.000000,0.000000,-1.571000,0.018822,0.993554,-0.004742,0.993744
18.230000,-0.318840,0.006448,1.104767,-0.009090,0.001191,0.012439,0.000772,0.000233,1.570309,-0.300000,1.000000,1.100000,0.000000,0.000000,-1.571000,0.018840,0.993552,-0.004767,0.993742
18.232000,-0.318858,0.006450,1.104792,-0.009058,0.001193,0.012410,0.000769,0.000232,1.570309,-0.300000,1.000000,1.100000,0.000000,0.000000,-1.571000,0.018858,0.993550,-0.004792,0.993740
18.234000,-0.318876,0.006453,1.104816,-0.009026,0.001195,0.012380,0.000767,0.000230,1.570309,-0.300000,1.000000,1.100000,0.000000,0.000000,-1.571000,0.018876,0.993547,-0.004816,0.993738
18.236000,-0.318894,0.006455,1.104841,-0.008994,0.001198,0.012351,0.000764,0.000229,1.570308,-0.300000,1.000000,1.100000,0.000000,0.000000,-1.571000,0.018894,0.993545,-0.004841,0.993736
18.238000,-0.318912,0.006457,1.104866,-0.008963,0.001200,0.012322,0.000762,0.000227,1.570308,-0.300000,1.000000,1.100000,0.000000,0.000000,-1.571000,0.018912,0.993543,-0.004866,0.993734
18.240000,-0.318930,0.006460,1.104890,-0.008931,0.001202,0.012293,0.000760,0.000225,1.570308,-0.300000,1.000000,1.100000,0.000000,0.000000,-1.571000,0.018930,0.993540,-0.004890,0.993732
18.242000,-0.318948,0.006462,1.104915,-0.008900,0.001204,0.012264,0.000757,0.000222,1.570308,-0.300000,1.000000,1.100000,0.000000,0.000000,-1.571000,0.018948,0.993538,-0.004915,0.993731
18.244000,-0.318966,0.006465,1.104939,-0.008868,0.001206,0.012235,0.000755,0.000220,1.570308,-0.300000,1.000000,1.100000,0.000000,0.000000,-1.571000,0.018966,0.993535,-0.004939,0.993729
18.246000,-0.318983,0.006467,1.104964,-0.008837,0.001208,0.012206,0.000752,0.000217,1.570308,-0.300000,1.000000,1.100000,0.000000,0.000000,-1.571000,0.018983,0.993533,-0.004964,0.993727
18.248000,-0.319001,0.006470,1.104988,-0.008806,0.001210,0.012177,0.000750,0.000214,1.570308,-0.300000,1.000000,1.100000,0.000000,0.000000,-1.571000,0.019001,0.993530,-0.004988,0.993725
18.250000,-0.319019,0.006472,1.105013,-0.008775,0.001212,0.012148,0.000747,0.000211,1.570308,-0.300000,1.000000,1.100000,0.000000,0.000000,-1.571000,0.019019,0.993528,-0.005013,0.993723
18.252000,-0.319036,0.006474,1.105037,-0.008744,0.001214,0.012120,0.000745,0.000208,1.570308,-0.300000,1.000000,1.100000,0.000000,0.000000,-1.571000,0.019036,0.993526,-0.005037,0.993721
18.254000,-0.319054,0.006477,1.105061,-0.008714,0.001216,0.012092,0.000742,0.000204,1.570308,-0.300000,1.000000,1.100000,0.000000,0.000000,-1.571000,0.019054,0.993523,-0.005061,0.993719
18.256000,-0.319071,0.006479,1.105085,-0.008683,0.001218,0.012064,0.000740,0.000201,1.570308,-0.300000,1.000000,1.100000,0.000000,0.000000,-1.571000,0.019071,0.993521,-0.005085,0.993717
18.258000,-0.319088,0.006482,1.105109,-0.008652,0.001219,0.012036,0.000737,0.000197,1.570308,-0.300000,1.000000,1.100000,0.000000,0.000000,-1.571000,0.019088,0.993518,-0.005109,0.993715
18.260000,-0.319106,0.006484,1.105133,-0.008622,0.001221,0.012009,0.000735,0.000193,1.570308,-0.300000,1.000000,1.100000,0.000000,0.000000,-1.571000,0.019106,0.993516,-0.005133,0.993713
18.262000,-0.319123,0.006487,1.105157,-0.008592,0.001222,0.011982,0.000732,0.000189,1.570308,-0.300000,1.000000,1.100000,0.000000,0.000000,-1.571000,0.019123,0.993513,-0.005157,0.993711
18.264000,-0.319140,0.006489,1.105181,-0.008561,0.001224,0.011955,0.000730,0.000184,1.570308,-0.300000,1.000000,1.100000,0.000000,0.000000,-1.571000,0.019140,0.993511,-0.005181,0.993709
18.266000,-0.319157,0.006491,1.105205,-0.008531,0.001225,0.011928,0.000728,0.000180,1.570308,-0.300000,1.000000,1.100000,0.000000,0.000000,-1.571000,0.019157,0.993509,-0.005205,0.993707
18.268000,-0.319174,0.006494,1.105229,-0.008501,0.001226,0.011902,0.000725,0.000176,1.570308,-0.300000,1.000000,1.100000,0.000000,0.000000,-1.571000,0.019174,0.993506,-0.005229,0.993705
18.270000,-0.319191,0.006496,1.105253,-0.008471,0.001227,0.011875,0.000723,0.000171,1.570308,-0.300000,1.000000,1.100000,0.000000,0.000000,-1.571000,0.019191,0.993504,-0.005253,0.993703
18.272000,-0.319208,0.006499,1.105277,-0.008441,0.001229,0.011849,0.000721,0.000166,1.570308,-0.300000,1.000000,1.100000,0.000000,0.000000,-1.571000,0.019208,0.993501,-0.005277,0.993701
18.274000,-0.319225,0.006501,1.105300,-0.008412,0.001229,0.011823,0.000718,0.000162,1.570308,-0.300000,1.000000,1.100000,0.000000,0.000000,-1.571000,0.019225,0.993499,-0.005300,0.993699
18.276000,-0.319242,0.006504,1.105324,-0.008382,0.001230,0.011797,0.000716,0.000157,1.570308,-0.300000,1.000000,1.100000,0.000000,0.000000,-1.571000,0.019242,0.993496,-0.005324,0.993697
18.278000,-0.319258,0.006506,1.105348,-0.008352,0.001231,0.011771,0.000714,0.000152,1.570308,-0.300000,1.000000,1.100000,0.000000,0.000000,-1.571000,0.019258,0.993494,-0.005348,0.993695
18.280000,-0.319275,0.006509,1.105371,-0.008323,0.001232,0.011745,0.000712,0.000148,1.570308,-0.300000,1.000000,1.100000,0.000000,0.000000,-1.571000,0.019275,0.993491,-0.005371,0.993693
18.282000,-0.319292,0.006511,1.105395,-0.008294,0.001232,0.011720,0.000709,0.000143,1.570308,-0.300000,1.000000,1.100000,0.000000,0.000000,-1.571000,0.019292,0.993489,-0.005395,0.993691
18.284000,-0.319308,0.006514,1.105418,-0.008264,0.001233,0.011694,0.000707,0.000138,1.570308,-0.300000,1.000000,1.100000,0.000000,0.000000,-1.571000,0.019308,0.993486,-0.005418,0.993689
18.286000,-0.319325,0.006516,1.105441,-0.008235,0.001233,0.011669,0.000705,0.000133,1.570308,-0.300000,1.000000,1.100000,0.000000,0.000000,-1.571000,0.019325,0.993484,-0.005441,0.993687
18.288000,-0.319341,0.006519,1.105465,-0.008206,0.001233,0.011643,0.000703,0.000128,1.570308,-0.300000,1.000000,1.100000,0.000000,0.000000,-1.571000,0.019341,0.993481,-0.005465,0.993685
18.290000,-0.319358,0.006521,1.105488,-0.008177,0.001234,0.011618,0.000700,0.000123,1.570308,-0.300000,1.000000,1.100000,0.000000,0.000000,-1.571000,0.019358,0.993479,-0.005488,0.993683
18.292000,-0.319374,0.006524,1.105511,-0.008148,0.001234,0.011593,0.000698,0.000118,1.570308,-0.300000,1.000000,1.100000,0.000000,0.000000,-1.571000,0.019374,0.993476,-0.005511,0.993681
18.294000,-0.319390,0.006526,1.105534,-0.008120,0.001234,0.011567,0.000696,0.000114,1.570308,-0.300000,1.000000,1.100000,0.000000,0.000000,-1.571000,0.019390,0.993474,-0.005534,0.993679
18.296000,-0.319406,0.006528,1.105557,-0.008091,0.001234,0.011541,0.000694,0.000109,1.570308,-0.300000,1.000000,1.100000,0.000000,0.000000,-1.571000,0.019406,0.993472,-0.005557,0.993677
18.298000,-0.319423,0.006531,1.105581,-0.008062,0.001233,0.011514,0.000691,0.000104,1.570308,-0.300000,1.000000,1.100000,0.000000,0.000000,-1.571000,0.019423,0.993469,-0.005581,0.993675
18.300000,-0.319439,0.006533,1.105604,-0.008034,0.001233,0.011487,0.000689,0.000099,1.570308,-0.300000,1.000000,1.100000,0.000000,0.000000,-1.571000,0.019439,0.993467,-0.005604,0.993673
18.302000,-0.319455,0.006536,1.105626,-0.008006,0.001233,0.011460,0.000687,0.000094,1.570308,-0.300000,1.000000,1.100000,0.000000,0.000000,-1.571000,0.019455,0.993464,-0.005626,0.993671
18.304000,-0.319471,0.006538,1.105649,-0.007977,0.001232,0.011432,0.000685,0.000090,1.570308,-0.300000,1.000000,1.100000,0.000000,0.000000,-1.571000,0.019471,0.993462,-0.005649,0.993669
18.306000,-0.319487,0.006541,1.105672,-0.007949,0.001232,0.011405,0.000683,0.000085,1.570308,-0.300000,1.000000,1.100000,0.000000,0.000000,-1.571000,0.019487,0.993459,-0.005672,0.993666
18.308000,-0.319502,0.006543,1.105695,-0.007921,0.001231,0.011377,0.000680,0.000080,1.570308,-0.300000,1.000000,1.100000,0.000000,0.000000,-1.571000,0.019502,0.993457,-0.005695,0.993664
18.310000,-0.319518,0.006546,1.105718,-0.007893,0.001230,0.011349,0.000678,0.000076,1.570308,-0.300000,1.000000,1.100000,0.000000,0.000000,-1.571000,0.019518,0.993454,-0.005718,0.993662
18.312000,-0.319534,0.006548,1.105740,-0.007865,0.001230,0.011320,0.000676,0.000071,1.570308,-0.300000,1.000000,1.100000,0.000000,0.000000,-1.571000,0.019534,0.993452,-0.005740,0.993660
18.314000,-0.319550,0.006551,1.105763,-0.007837,0.001229,0.011292,0.000674,0.000067,1.570308,-0.300000,1.000000,1.100000,0.000000,0.000000,-1.571000,0.019550,0.993449,-0.005763,0.993658
18.316000,-0.319565,0.006553,1.105786,-0.007810,0.001228,0.011263,0.000671,0.000062,1.570308,-0.300000,1.000000,1.100000,0.000000,0.000000,-1.571000,0.019565,0.993447,-0.005786,0.993656
18.318000,-0.319581,0.006556,1.105808,-0.007782,0.001227,0.011235,0.000669,0.000058,1.570308,-0.300000,1.000000,1.100000,0.000000,0.000000,-1.571000,0.019581,0.993444,-0.005808,0.993654
18.320000,-0.319597,0.006558,1.105831,-0.007755,0.001225,0.011206,0.000667,0.000054,1.570308,-0.300000,1.000000,1.100000,0.000000,0.000000,-1.571000,0.019597,0.993442,-0.005831,0.993652
18.322000,-0.319612,0.006560,1.105853,-0.007727,0.001224,0.011177,0.000664,0.000050,1.570308,-0.300000,1.000000,1.100000,0.000000,0.000000,-1.571000,0.019612,0.993440,-0.005853,0.993650
18.324000,-0.319627,0.006563,1.105875,-0.007700,0.001223,0.011148,0.000662,0.000046,1.570308,-0.300000,1.000000,1.100000,0.000000,0.000000,-1.571000,0.019627,0.993437,-0.005875,0.993648
18.326000,-0.319643,0.006565,1.105898,-0.007673,0.001221,0.011120,0.000659,0.000042,1.570308,-0.300000,1.000000,1.100000,0.000000,0.000000,-1.571000,0.019643,0.993435,-0.005898,0.993646
18.328000,-0.319658,0.006568,1.105920,-0.007645,0.001220,0.011091,0.000657,0.000038,1.570308,-0.300000,1.000000,1.100000,0.000000,0.000000,-1.571000,0.019658,0.993432,-0.005920,0.993644
18.330000,-0.319673,0.006570,1.105942,-0.007618,0.001218,0.011062,0.000654,0.000035,1.570308,-0.300000,1.000000,1.100000,0.000000,0.000000,-1.571000,0.019673,0.993430,-0.005942,0.993642
18.332000,-0.319689,0.006573,1.105964,-0.007592,0.001217,0.011033,0.000651,0.000031,1.570308,-0.300000,1.000000,1.100000,0.000000,0.000000,-1.571000,0.019689,0.993427,-0.005964,0.993640
18.334000,-0.319704,0.006575,1.105986,-0.007565,0.001215,0.011004,0.000648,0.000028,1.570308,-0.300000,1.000000,1.100000,0.000000,0.000000,-1.571000,0.019704,0.993425,-0.005986,0.993638
18.336000,-0.319719,0.006578,1.106008,-0.007538,0.001213,0.010975,0.000645,0.000025,1.570308,-0.300000,1.000000,1.100000,0.000000,0.000000,-1.571000,0.019719,0.993422,-0.006008,0.993636
18.338000,-0.319734,0.006580,1.106030,-0.007511,0.001212,0.010946,0.000642,0.000022,1.570308,-0.300000,1.000000,1.100000,0.000000,0.000000,-1.571000,0.019734,0.993420,-0.006030,0.993634
18.340000,-0.319749,0.006582,1.106052,-0.007485,0.001210,0.010917,0.000639,0.000019,1.570308,-0.300000,1.000000,1.100000,0.000000,0.000000,-1.571000,0.019749,0.993418,-0.006052,0.993632
18.342000,-0.319764,0.006585,1.106074,-0.007459,0.001208,0.010888,0.000636,0.000016,1.570308,-0.300000,1.000000,1.100000,0.000000,0.000000,-1.571000,0.019764,0.993415,-0.006074,0.993630
18.344000,-0.319779,0.006587,1.106095,-0.007432,0.001206,0.010859,0.000633,0.000014,1.570308,-0.300000,1.000000,1.100000,0.000000,0.000000,-1.571000,0.019779,0.993413,-0.006095,0.993628
18.346000,-0.319794,0.006590,1.106117,-0.007406,0.001204,0.010830,0.000630,0.000011,1.570308,-0.300000,1.000000,1.100000,0.000000,0.000000,-1.571000,0.019794,0.993410,-0.006117,0.993626
18.348000,-0.319808,0.006592,1.106139,-0.007380,0.001202,0.010801,0.000627,0.000009,1.570308,-0.300000,1.000000,1.100000,0.000000,0.000000,-1.571000,0.019808,0.993408,-0.006139,0.993624
18.350000,-0.319823,0.006594,1.106160,-0.007354,0.001200,0.010772,0.000623,0.000007,1.570308,-0.300000,1.000000,1.100000,0.000000,0.000000,-1.571000,0.019823,0.993406,-0.006160,0.993622
18.352000,-0.319838,0.006597,1.106182,-0.007328,0.001198,0.010743,0.000620,0.000005,1.570308,-0.300000,1.000000,1.100000,0.000000,0.000000,-1.571000,0.019838,0.993403,-0.006182,0.993620
18.354000,-0.319852,0.006599,1.106203,-0.007303,0.001196,0.010714,0.000617,0.000003,1.570308,-0.300000,1.000000,1.100000,0.000000,0.000000,-1.571000,0.019852,0.993401,-0.006203,0.993618
18.356000,-0.319867,0.006602,1.106225,-0.007277,0.001193,0.010685,0.000613,0.000002,1.570308,-0.300000,1.000000,1.100000,0.000000,0.000000,-1.571000,0.019867,0.993398,-0.006225,0.993616
18.358000,-0.319882,0.006604,1.106246,-0.007252,0.001191,0.010656,0.000610,-0.000000,1.570308,-0.300000,1.000000,1.100000,0.000000,0.000000,-1.571000,0.019882,0.993396,-0.006246,0.993615
18.360000,-0.319896,0.006606,1.106267,-0.007226,0.001189,0.010628,0.000607,-0.000002,1.570308,-0.300000,1.000000,1.100000,0.000000,0.000000,-1.571000,0.019896,0.993394,-0.006267,0.993613
18.362000,-0.319910,0.006609,1.106289,-0.007201,0.001187,0.010599,0.000603,-0.000003,1.570308,-0.300000,1.000000,1.100000,0.000000,0.000000,-1.571000,0.019910,0.993391,-0.006289,0.993611
18.364000,-0.319925,0.006611,1.106310,-0.007176,0.001185,0.010571,0.000600,-0.000004,1.570308,-0.300000,1.000000,1.100000,0.000000,0.000000,-1.571000,0.019925,0.993389,-0.006310,0.993609
18.366000,-0.319939,0.006614,1.106331,-0.007151,0.001182,0.010543,0.000596,-0.000006,1.570308,-0.300000,1.000000,1.100000,0.000000,0.000000,-1.571000,0.019939,0.993386,-0.006331,0.993607
18.368000,-0.319953,0.006616,1.106352,-0.007126,0.001180,0.010516,0.000593,-0.000007,1.570308,-0.300000,1.000000,1.100000,0.000000,0.000000,-1.571000,0.019953,0.993384,-0.006352,0.993605
18.370000,-0.319968,0.006618,1.106373,-0.007101,0.001178,0.010488,0.000589,-0.000008,1.570308,-0.300000,1.000000,1.100000,0.000000,0.000000,-1.571000,0.019968,0.993382,-0.006373,0.993603
18.372000,-0.319982,0.006621,1.106394,-0.007077,0.001175,0.010461,0.000586,-0.000009,1.570308,-0.300000,1.000000,1.100000,0.000000,0.000000,-1.571000,0.019982,0.993379,-0.006394,0.993601
18.374000,-0.319996,0.006623,1.106415,-0.007052,0.001173,0.010434,0.000583,-0.000010,1.570308,-0.300000,1.000000,1.100000,0.000000,0.000000,-1.571000,0.019996,0.993377,-0.006415,0.993599
18.376000,-0.320010,0.006625,1.106436,-0.007028,0.001171,0.010407,0.000579,-0.000010,1.570308,-0.300000,1.000000,1.100000,0.000000,0.000000,-1.571000,0.020010,0.993375,-0.006436,0.993597
18.378000,-0.320024,0.006628,1.106456,-0.007003,0.001168,0.010381,0.000576,-0.000011,1.570308,-0.300000,1.000000,1.100000,0.000000,0.000000,-1.571000,0.020024,0.993372,-0.006456,0.993595
18.380000,-0.320038,0.006630,1.106477,-0.006979,0.001166,0.010354,0.000572,-0.000012,1.570308,-0.300000,1.000000,1.100000,0.000000,0.000000,-1.571000,0.020038,0.993370,-0.006477,0.993593
18.382000,-0.320052,0.006632,1.106498,-0.006955,0.001163,0.010328,0.000569,-0.000012,1.570308,-0.300000,1.000000,1.100000,0.000000,0.000000,-1.571000,0.020052,0.993368,-0.006498,0.993591
18.384000,-0.320066,0.006635,1.106519,-0.006931,0.001161,0.010302,0.000566,-0.000013,1.570308,-0.300000,1.000000,1.100000,0.000000,0.000000,-1.571000,0.020066,0.993365,-0.006519,0.993589
18.386000,-0.320080,0.006637,1.106539,-0.006907,0.001159,0.010276,0.000562,-0.000013,1.570308,-0.300000,1.000000,1.100000,0.000000,0.000000,-1.571000,0.020080,0.993363,-0.006539,0.993587
18.388000,-0.320094,0.006639,1.106560,-0.006883,0.001156,0.010250,0.000559,-0.000013,1.570308,-0.300000,1.000000,1.100000,0.000000,0.000000,-1.571000,0.020094,0.993361,-0.006560,0.993586
18.390000,-0.320107,0.006642,1.106580,-0.006860,0.001154,0.010224,0.000556,-0.000013,1.570308,-0.300000,1.000000,1.100000,0.000000,0.000000,-1.571000,0.020107,0.993358,-0.006580,0.993584
18.392000,-0.320121,0.006644,1.106601,-0.006836,0.001151,0.010198,0.000552,-0.000013,1.570308,-0.300000,1.000000,1.100000,0.000000,0.000000,-1.571000,0.020121,0.993356,-0.006601,0.993582
18.394000,-0.320135,0.006646,1.106621,-0.006812,0.001149,0.010172,0.000549,-0.000013,1.570308,-0.300000,1.000000,1.100000,0.000000,0.000000,-1.571000,0.020135,0.993354,-0.006621,0.993580
18.396000,-0.320148,0.006648,1.106641,-0.006789,0.001146,0.010146,0.000545,-0.000013,1.570308,-0.300000,1.000000,1.100000,0.000000,0.000000,-1.571000,0.020148,0.993352,-0.006641,0.993578
18.398000,-0.320162,0.006651,1.106662,-0.006766,0.001144,0.010120,0.000542,-0.000013,1.570308,-0.300000,1.000000,1.100000,0.000000,0.000000,-1.571000,0.020162,0.993349,-0.006662,0.993576
18.400000,-0.320175,0.006653,1.106682,-0.006743,0.001142,0.010094,0.000539,-0.000013,1.570308,-0.300000,1.000000,1.100000,0.000000,0.000000,-1.571000,0.020175,0.993347,-0.006682,0.993574
18.402000,-0.320189,0.006655,1.106702,-0.006720,0.001139,0.010068,0.000535,-0.000012,1.570308,-0.300000,1.000000,1.100000,0.000000,0.000000,-1.571000,0.020189,0.993345,-0.006702,0.993572
18.404000,-0.320202,0.006658,1.106722,-0.006697,0.001137,0.010041,0.000532,-0.000012,1.570308,-0.300000,1.000000,1.100000,0.000000,0.000000,-1.571000,0.020202,0.993342,-0.006722,0.993571
18.406000,-0.320216,0.006660,1.106742,-0.006674,0.001135,0.010015,0.000529,-0.000011,1.570308,-0.300000,1.000000,1.100000,0.000000,0.000000,-1.571000,0.020216,0.993340,-0.006742,0.993569
18.408000,-0.320229,0.006662,1.106762,-0.006651,0.001132,0.009988,0.000525,-0.000010,1.570308,-0.300000,1.000000,1.100000,0.000000,0.000000,-1.571000,0.020229,0.993338,-0.006762,0.993567
18.410000,-0.320242,0.006664,1.106782,-0.006629,0.001130,0.009961,0.000522,-0.000010,1.570308,-0.300000,1.000000,1.100000,0.000000,0.000000,-1.571000,0.020242,0.993336,-0.006782,0.993565
18.412000,-0.320255,0.006667,1.106802,-0.006606,0.001128,0.009935,0.000519,-0.000009,1.570308,-0.300000,1.000000,1.100000,0.000000,0.000000,-1.571000,0.020255,0.993333,-0.006802,0.993563
18.414000,-0.320269,0.006669,1.106822,-0.006584,0.001125,0.009908,0.000515,-0.000008,1.570308,-0.300000,1.000000,1.100000,0.000000,0.000000,-1.571000,0.020269,0.993331,-0.006822,0.993561
18.416000,-0.320282,0.006671,1.106842,-0.006562,0.001123,0.009881,0.000512,-0.000007,1.570308,-0.300000,1.000000,1.100000,0.000000,0.000000,-1.571000,0.020282,0.993329,-0.006842,0.993559
18.418000,-0.320295,0.006673,1.106861,-0.006539,0.001121,0.009854,0.000509,-0.000006,1.570308,-0.300000,1.000000,1.100000,0.000000,0.000000,-1.571000,0.020295,0.993327,-0.006861,0.993558
18.420000,-0.320308,0.006676,1.106881,-0.006517,0.001119,0.009827,0.000505,-0.000005,1.570308,-0.300000,1.000000,1.100000,0.000000,0.000000,-1.571000,0.020308,0.993324,-0.006881,0.993556
18.422000,-0.320321,0.006678,1.106901,-0.006495,0.001117,0.009801,0.000502,-0.000004,1.570308,-0.300000,1.000000,1.100000,0.000000,0.000000,-1.571000,0.020321,0.993322,-0.006901,0.993554
18.424000,-0.320334,0.006680,1.106920,-0.006474,0.001115,0.009774,0.000499,-0.000002,1.570308,-0.300000,1.000000,1.100000,0.000000,0.000000,-1.571000,0.020334,0.993320,-0.006920,0.993552
18.426000,-0.320347,0.006682,1.106940,-0.006452,0.001112,0.009747,0.000495,-0.000001,1.570308,-0.300000,1.000000,1.100000,0.000000,0.000000,-1.571000,0.020347,0.993318,-0.006940,0.993550
18.428000,-0.320360,0.006685,1.106959,-0.006430,0.001110,0.009720,0.000492,0.000001,1.570308,-0.300000,1.000000,1.100000,0.000000,0.000000,-1.571000,0.020360,0.993315,-0.006959,0.993548
18.430000,-0.320373,0.006687,1.106979,-0.006409,0.001108,0.009693,0.000489,0.000003,1.570308,-0.300000,1.000000,1.100000,0.000000,0.000000,-1.571000,0.020373,0.993313,-0.006979,0.993547
18.432000,-0.320385,0.006689,1.106998,-0.006387,0.001106,0.009666,0.000487,0.000005,1.570308,-0.300000,1.000000,1.100000,0.000000,0.000000,-1.571000,0.020385,0.993311,-0.006998,0.993545
18.434000,-0.320398,0.006691,1.107017,-0.006366,0.001104,0.009640,0.000484,0.000007,1.570308,-0.300000,1.000000,1.100000,0.000000,0.000000,-1.571000,0.020398,0.993309,-0.007017,0.993543
18.436000,-0.320411,0.006693,1.107037,-0.006345,0.001102,0.009613,0.000482,0.000009,1.570308,-0.300000,1.000000,1.100000,0.000000,0.000000,-1.571000,0.020411,0.993307,-0.007037,0.993541
18.438000,-0.320424,0.006696,1.107056,-0.006323,0.001101,0.009586,0.000481,0.000011,1.570308,-0.300000,1.000000,1.100000,0.000000,0.000000,-1.571000,0.020424,0.993304,-0.007056,0.993539
18.440000,-0.320436,0.006698,1.107075,-0.006302,0.001099,0.009559,0.000479,0.000014,1.570308,-0.300000,1.000000,1.100000,0.000000,0.000000,-1.571000,0.020436,0.993302,-0.007075,0.993538
18.442000,-0.320449,0.006700,1.107094,-0.006281,0.001097,0.009532,0.000478,0.000017,1.570308,-0.300000,1.000000,1.100000,0.000000,0.000000,-1.571000,0.020449,0.993300,-0.007094,0.993536
18.444000,-0.320461,0.006702,1.107113,-0.006260,0.001095,0.009506,0.000478,0.000019,1.570308,-0.300000,1.000000,1.100000,0.000000,0.000000,-1.571000,0.020461,0.993298,-0.007113,0.993534
18.446000,-0.320474,0.006704,1.107132,-0.006239,0.001094,0.009479,0.000478,0.000022,1.570308,-0.300000,1.000000,1.100000,0.000000,0.000000,-1.571000,0.020474,0.993296,-0.007132,0.993532
18.448000,-0.320486,0.006707,1.107151,-0.006218,0.001092,0.009452,0.000478,0.000025,1.570308,-0.300000,1.000000,1.100000,0.000000,0.000000,-1.571000,0.020486,0.993293,-0.007151,0.993530
18.450000,-0.320499,0.006709,1.107170,-0.006197,0.001091,0.009426,0.000479,0.000029,1.570308,-0.300000,1.000000,1.100000,0.000000,0.000000,-1.571000,0.020499,0.993291,-0.007170,0.993529
18.452000,-0.320511,0.006711,1.107189,-0.006177,0.001089,0.009399,0.000480,0.000032,1.570308,-0.300000,1.000000,1.100000,0.000000,0.000000,-1.571000,0.020511,0.993289,-0.007189,0.993527
18.454000,-0.320523,0.006713,1.107208,-0.006156,0.001088,0.009373,0.000482,0.000035,1.570308,-0.300000,1.000000,1.100000,0.000000,0.000000,-1.571000,0.020523,0.993287,-0.007208,0.993525
18.456000,-0.320536,0.006715,1.107226,-0.006135,0.001086,0.009346,0.000484,0.000039,1.570308,-0.300000,1.000000,1.100000,0.000000,0.000000,-1.571000,0.020536,0.993285,-0.007226,0.993523
18.458000,-0.320548,0.006718,1.107245,-0.006114,0.001085,0.009320,0.000487,0.000042,1.570308,-0.300000,1.000000,1.100000,0.000000,0.000000,-1.571000,0.020548,0.993282,-0.007245,0.993521
18.460000,-0.320560,0.006720,1.107264,-0.006093,0.001084,0.009293,0.000490,0.000046,1.570308,-0.300000,1.000000,1.100000,0.000000,0.000000,-1.571000,0.020560,0.993280,-0.007264,0.993520
18.462000,-0.320572,0.006722,1.107282,-0.006072,0.001083,0.009267,0.000493,0.000050,1.570308,-0.300000,1.000000,1.100000,0.000000,0.000000,-1.571000,0.020572,0.993278,-0.007282,0.993518
18.464000,-0.320584,0.006724,1.107301,-0.006051,0.001082,0.009241,0.000497,0.000054,1.570308,-0.300000,1.000000,1.100000,0.000000,0.000000,-1.571000,0.020584,0.993276,-0.007301,0.993516
18.466000,-0.320596,0.006726,1.107319,-0.006030,0.001081,0.009214,0.000502,0.000057,1.570308,-0.300000,1.000000,1.100000,0.000000,0.000000,-1.571000,0.020596,0.993274,-0.007319,0.993514
18.468000,-0.320609,0.006728,1.107338,-0.006009,0.001080,0.009188,0.000506,0.000061,1.570308,-0.300000,1.000000,1.100000,0.000000,0.000000,-1.571000,0.020609,0.993272,-0.007338,0.993513
18.470000,-0.320621,0.006731,1.107356,-0.005988,0.001079,0.009162,0.000511,0.000065,1.570308,-0.300000,1.000000,1.100000,0.000000,0.000000,-1.571000,0.020621,0.993269,-0.007356,0.993511
18.472000,-0.320632,0.006733,1.107374,-0.005967,0.001079,0.009136,0.000517,0.000069,1.570308,-0.300000,1.000000,1.100000,0.000000,0.000000,-1.571000,0.020632,0.993267,-0.007374,0.993509
18.474000,-0.320644,0.006735,1.107392,-0.005946,0.001078,0.009109,0.000523,0.000073,1.570308,-0.300000,1.000000,1.100000,0.000000,0.000000,-1.571000,0.020644,0.993265,-0.007392,0.993507
18.476000,-0.320656,0.006737,1.107411,-0.005925,0.001077,0.009084,0.000529,0.000078,1.570308,-0.300000,1.000000,1.100000,0.000000,0.000000,-1.571000,0.020656,0.993263,-0.007411,0.993505
18.478000,-0.320668,0.006739,1.107429,-0.005903,0.001077,0.009058,0.000535,0.000082,1.570308,-0.300000,1.000000,1.100000,0.000000,0.000000,-1.571000,0.020668,0.993261,-0.007429,0.993504
18.480000,-0.320680,0.006741,1.107447,-0.005882,0.001077,0.009033,0.000542,0.000086,1.570308,-0.300000,1.000000,1.100000,0.000000,0.000000,-1.571000,0.020680,0.993259,-0.007447,0.993502
18.482000,-0.320692,0.006743,1.107465,-0.005860,0.001076,0.009007,0.000549,0.000090,1.570308,-0.300000,1.000000,1.100000,0.000000,0.000000,-1.571000,0.020692,0.993257,-0.007465,0.993500
18.484000,-0.320703,0.006746,1.107483,-0.005839,0.001076,0.008983,0.000556,0.000094,1.570308,-0.300000,1.000000,1.100000,0.000000,0.000000,-1.571000,0.020703,0.993254,-0.007483,0.993498
18.486000,-0.320715,0.006748,1.107501,-0.005817,0.001076,0.008958,0.000564,0.000098,1.570308,-0.300000,1.000000,1.100000,0.000000,0.000000,-1.571000,0.020715,0.993252,-0.007501,0.993497
18.488000,-0.320727,0.006750,1.107519,-0.005795,0.001076,0.008934,0.000572,0.000103,1.570308,-0.300000,1.000000,1.100000,0.000000,0.000000,-1.571000,0.020727,0.993250,-0.007519,0.993495
18.490000,-0.320738,0.006752,1.107537,-0.005773,0.001076,0.008909,0.000580,0.000107,1.570308,-0.300000,1.000000,1.100000,0.000000,0.000000,-1.571000,0.020738,0.993248,-0.007537,0.993493
18.492000,-0.320750,0.006754,1.107554,-0.005751,0.001076,0.008885,0.000588,0.000111,1.570308,-0.300000,1.000000,1.100000,0.000000,0.000000,-1.571000,0.020750,0.993246,-0.007554,0.993491
18.494000,-0.320761,0.006756,1.107572,-0.005729,0.001076,0.008861,0.000596,0.000115,1.570308,-0.300000,1.000000,1.100000,0.000000,0.000000,-1.571000,0.020761,0.993244,-0.007572,0.993489
18.496000,-0.320773,0.006759,1.107590,-0.005707,0.001076,0.008838,0.000604,0.000120,1.570308,-0.300000,1.000000,1.100000,0.000000,0.000000,-1.571000,0.020773,0.993241,-0.007590,0.993488
18.498000,-0.320784,0.006761,1.107608,-0.005684,0.001077,0.008814,0.000613,0.000124,1.570308,-0.300000,1.000000,1.100000,0.000000,0.000000,-1.571000,0.020784,0.993239,-0.007608,0.993486
18.500000,-0.320795,0.006763,1.107625,-0.005662,0.001077,0.008791,0.000621,0.000128,1.570308,-0.300000,1.000000,1.100000,0.000000,0.000000,-1.571000,0.020795,0.993237,-0.007625,0.993484
18.502000,-0.320807,0.006765,1.107643,-0.005639,0.001078,0.008767,0.000630,0.000132,1.570308,-0.300000,1.000000,1.100000,0.000000,0.000000,-1.571000,0.020807,0.993235,-0.007643,0.993482
18.504000,-0.320818,0.006767,1.107660,-0.005616,0.001078,0.008744,0.000639,0.000137,1.570308,-0.300000,1.000000,1.100000,0.000000,0.000000,-1.571000,0.020818,0.993233,-0.007660,0.993481
18.506000,-0.320829,0.006769,1.107678,-0.005593,0.001079,0.008721,0.000647,0.000141,1.570308,-0.300000,1.000000,1.100000,0.000000,0.000000,-1.571000,0.020829,0.993231,-0.007678,0.993479
18.508000,-0.320840,0.006771,1.107695,-0.005570,0.001080,0.008698,0.000656,0.000145,1.570308,-0.300000,1.000000,1.100000,0.000000,0.000000,-1.571000,0.020840,0.993229,-0.007695,0.993477
18.510000,-0.320851,0.006774,1.107712,-0.005547,0.001081,0.008675,0.000665,0.000149,1.570308,-0.300000,1.000000,1.100000,0.000000,0.000000,-1.571000,0.020851,0.993226,-0.007712,0.993475
18.512000,-0.320862,0.006776,1.107730,-0.005523,0.001082,0.008652,0.000674,0.000153,1.570308,-0.300000,1.000000,1.100000,0.000000,0.000000,-1.571000,0.020862,0.993224,-0.007730,0.993473
18.514000,-0.320873,0.006778,1.107747,-0.005500,0.001083,0.008629,0.000682,0.000157,1.570308,-0.300000,1.000000,1.100000,0.000000,0.000000,-1.571000,0.020873,0.993222,-0.007747,0.993472
18.516000,-0.320884,0.006780,1.107764,-0.005476,0.001084,0.008607,0.000691,0.000161,1.570308,-0.300000,1.000000,1.100000,0.000000,0.000000,-1.571000,0.020884,0.993220,-0.007764,0.993470
18.518000,-0.320895,0.006782,1.107782,-0.005453,0.001085,0.008584,0.000699,0.000164,1.570308,-0.300000,1.000000,1.100000,0.000000,0.000000,-1.571000,0.020895,0.993218,-0.007782,0.993468
18.520000,-0.320906,0.006784,1.107799,-0.005429,0.001086,0.008562,0.000706,0.000168,1.570308,-0.300000,1.000000,1.100000,0.000000,0.000000,-1.571000,0.020906,0.993216,-0.007799,0.993466
18.522000,-0.320917,0.006787,1.107816,-0.005405,0.001087,0.008539,0.000714,0.000172,1.570308,-0.300000,1.000000,1.100000,0.000000,0.000000,-1.571000,0.020917,0.993213,-0.007816,0.993464
18.524000,-0.320928,0.006789,1.107833,-0.005381,0.001089,0.008517,0.000721,0.000175,1.570308,-0.300000,1.000000,1.100000,0.000000,0.000000,-1.571000,0.020928,0.993211,-0.007833,0.993462
18.526000,-0.320939,0.006791,1.107850,-0.005357,0.001090,0.008495,0.000727,0.000179,1.570308,-0.300000,1.000000,1.100000,0.000000,0.000000,-1.571000,0.020939,0.993209,-0.007850,0.993461
18.528000,-0.320949,0.006793,1.107867,-0.005333,0.001092,0.008472,0.000733,0.000182,1.570308,-0.300000,1.000000,1.100000,0.000000,0.000000,-1.571000,0.020949,0.993207,-0.007867,0.993459
18.530000,-0.320960,0.006795,1.107884,-0.005308,0.001093,0.008450,0.000738,0.000186,1.570308,-0.300000,1.000000,1.100000,0.000000,0.000000,-1.571000,0.020960,0.993205,-0.007884,0.993457
18.532000,-0.320971,0.006798,1.107901,-0.005284,0.001095,0.008428,0.000743,0.000189,1.570308,-0.300000,1.000000,1.100000,0.000000,0.000000,-1.571000,0.020971,0.993202,-0.007901,0.993455
18.534000,-0.320981,0.006800,1.107918,-0.005265,0.001098,0.008415,0.000747,0.000192,1.570308,-0.300000,1.000000,1.100000,0.000000,0.000000,-1.571000,0.020981,0.993200,-0.007918,0.993453
18.536000,-0.320992,0.006802,1.107934,-0.005250,0.001101,0.008408,0.000751,0.000195,1.570308,-0.300000,1.000000,1.100000,0.000000,0.000000,-1.571000,0.020992,0.993198,-0.007934,0.993452
18.538000,-0.321002,0.006804,1.107951,-0.005236,0.001105,0.008402,0.000754,0.000199,1.570308,-0.300000,1.000000,1.100000,0.000000,0.000000,-1.571000,0.021002,0.993196,-0.007951,0.993450
18.540000,-0.321013,0.006806,1.107968,-0.005221,0.001109,0.008395,0.000756,0.000202,1.570308,-0.300000,1.000000,1.100000,0.000000,0.000000,-1.571000,0.021013,0.993194,-0.007968,0.993448
18.542000,-0.321023,0.006809,1.107985,-0.005206,0.001113,0.008389,0.000758,0.000205,1.570308,-0.300000,1.000000,1.100000,0.000000,0.000000,-1.571000,0.021023,0.993191,-0.007985,0.993446
18.544000,-0.321033,0.006811,1.108001,-0.005191,0.001117,0.008383,0.000759,0.000207,1.570308,-0.300000,1.000000,1.100000,0.000000,0.000000,-1.571000,0.021033,0.993189,-0.008001,0.993444
18.546000,-0.321044,0.006813,1.108018,-0.005176,0.001121,0.008376,0.000759,0.000210,1.570308,-0.300000,1.000000,1.100000,0.000000,0.000000,-1.571000,0.021044,0.993187,-0.008018,0.993442
18.548000,-0.321054,0.006815,1.108035,-0.005161,0.001125,0.008370,0.000759,0.000213,1.570308,-0.300000,1.000000,1.100000,0.000000,0.000000,-1.571000,0.021054,0.993185,-0.008035,0.993440
18.550000,-0.321064,0.006818,1.108052,-0.005147,0.001129,0.008364,0.000757,0.000216,1.570308,-0.300000,1.000000,1.100000,0.000000,0.000000,-1.571000,0.021064,0.993182,-0.008052,0.993438
18.552000,-0.321075,0.006820,1.108068,-0.005132,0.001134,0.008357,0.000756,0.000218,1.570308,-0.300000,1.000000,1.100000,0.000000,0.000000,-1.571000,0.021075,0.993180,-0.008068,0.993436
18.554000,-0.321085,0.006822,1.108085,-0.005117,0.001138,0.008351,0.000753,0.000221,1.570309,-0.300000,1.000000,1.100000,0.000000,0.000000,-1.571000,0.021085,0.993178,-0.008085,0.993435
18.556000,-0.321095,0.006824,1.108102,-0.005102,0.001142,0.008345,0.000750,0.000223,1.570309,-0.300000,1.000000,1.100000,0.000000,0.000000,-1.571000,0.021095,0.993176,-0.008102,0.993433
18.558000,-0.321105,0.006827,1.108119,-0.005087,0.001147,0.008338,0.000747,0.000225,1.570309,-0.300000,1.000000,1.100000,0.000000,0.000000,-1.571000,0.021105,0.993173,-0.008119,0.993431
18.560000,-0.321115,0.006829,1.108135,-0.005073,0.001151,0.008332,0.000742,0.000227,1.570309,-0.300000,1.000000,1.100000,0.000000,0.000000,-1.571000,0.021115,0.993171,-0.008135,0.993429
18.562000,-0.321125,0.006831,1.108152,-0.005058,0.001155,0.008326,0.000738,0.000229,1.570309,-0.300000,1.000000,1.100000,0.000000,0.000000,-1.571000,0.021125,0.993169,-0.008152,0.993427
18.564000,-0.321136,0.006834,1.108168,-0.005044,0.001160,0.008319,0.000732,0.000230,1.570309,-0.300000,1.000000,1.100000,0.000000,0.000000,-1.571000,0.021136,0.993166,-0.008168,0.993425
18.566000,-0.321146,0.006836,1.108185,-0.005030,0.001164,0.008313,0.000726,0.000231,1.570309,-0.300000,1.000000,1.100000,0.000000,0.000000,-1.571000,0.021146,0.993164,-0.008185,0.993423
18.568000,-0.321156,0.006838,1.108202,-0.005015,0.001169,0.008307,0.000720,0.000232,1.570309,-0.300000,1.000000,1.100000,0.000000,0.000000,-1.571000,0.021156,0.993162,-0.008202,0.993421
18.570000,-0.321166,0.006841,1.108218,-0.005001,0.001174,0.008300,0.000713,0.000233,1.570309,-0.300000,1.000000,1.100000,0.000000,0.000000,-1.571000,0.021166,0.993159,-0.008218,0.993419
18.572000,-0.321176,0.006843,1.108235,-0.004987,0.001178,0.008294,0.000705,0.000233,1.570309,-0.300000,1.000000,1.100000,0.000000,0.000000,-1.571000,0.021176,0.993157,-0.008235,0.993417
18.574000,-0.321186,0.006845,1.108251,-0.004974,0.001183,0.008288,0.000697,0.000234,1.570308,-0.300000,1.000000,1.100000,0.000000,0.000000,-1.571000,0.021186,0.993155,-0.008251,0.993415
18.576000,-0.321196,0.006848,1.108268,-0.004960,0.001187,0.008281,0.000689,0.000233,1.570308,-0.300000,1.000000,1.100000,0.000000,0.000000,-1.571000,0.021196,0.993152,-0.008268,0.993413
18.578000,-0.321205,0.006850,1.108285,-0.004947,0.001192,0.008275,0.000680,0.000233,1.570308,-0.300000,1.000000,1.100000,0.000000,0.000000,-1.571000,0.021205,0.993150,-0.008285,0.993411
18.580000,-0.321215,0.006853,1.108301,-0.004933,0.001196,0.008269,0.000671,0.000232,1.570308,-0.300000,1.000000,1.100000,0.000000,0.000000,-1.571000,0.021215,0.993147,-0.008301,0.993409
18.582000,-0.321225,0.006855,1.108318,-0.004920,0.001201,0.008262,0.000662,0.000232,1.570308,-0.300000,1.000000,1.100000,0.000000,0.000000,-1.571000,0.021225,0.993145,-0.008318,0.993407
18.584000,-0.321235,0.006857,1.108334,-0.004907,0.001205,0.008256,0.000652,0.000230,1.570308,-0.300000,1.000000,1.100000,0.000000,0.000000,-1.571000,0.021235,0.993143,-0.008334,0.993405
18.586000,-0.321245,0.006860,1.108351,-0.004894,0.001210,0.008250,0.000642,0.000229,1.570308,-0.300000,1.000000,1.100000,0.000000,0.000000,-1.571000,0.021245,0.993140,-0.008351,0.993403
18.588000,-0.321255,0.006862,1.108367,-0.004882,0.001214,0.008243,0.000631,0.000227,1.570308,-0.300000,1.000000,1.100000,0.000000,0.000000,-1.571000,0.021255,0.993138,-0.008367,0.993400
18.590000,-0.321264,0.006865,1.108384,-0.004870,0.001219,0.008237,0.000621,0.000225,1.570308,-0.300000,1.000000,1.100000,0.000000,0.000000,-1.571000,0.021264,0.993135,-0.008384,0.993398
18.592000,-0.321274,0.006867,1.108400,-0.004858,0.001223,0.008231,0.000610,0.000223,1.570308,-0.300000,1.000000,1.100000,0.000000,0.000000,-1.571000,0.021274,0.993133,-0.008400,0.993396
18.594000,-0.321284,0.006869,1.108417,-0.004846,0.001228,0.008225,0.000599,0.000220,1.570308,-0.300000,1.000000,1.100000,0.000000,0.000000,-1.571000,0.021284,0.993131,-0.008417,0.993394
18.596000,-0.321293,0.006872,1.108433,-0.004834,0.001232,0.008218,0.000588,0.000217,1.570308,-0.300000,1.000000,1.100000,0.000000,0.000000,-1.571000,0.021293,0.993128,-0.008433,0.993392
18.598000,-0.321303,0.006874,1.108449,-0.004822,0.001236,0.008212,0.000576,0.000214,1.570308,-0.300000,1.000000,1.100000,0.000000,0.000000,-1.571000,0.021303,0.993126,-0.008449,0.993390
18.600000,-0.321313,0.006877,1.108466,-0.004811,0.001240,0.008206,0.000565,0.000211,1.570308,-0.300000,1.000000,1.100000,0.000000,0.000000,-1.571000,0.021313,0.993123,-0.008466,0.993388
18.602000,-0.321322,0.006879,1.108482,-0.004800,0.001244,0.008199,0.000553,0.000207,1.570308,-0.300000,1.000000,1.100000,0.000000,0.000000,-1.571000,0.021322,0.993121,-0.008482,0.993386
18.604000,-0.321332,0.006882,1.108499,-0.004789,0.001248,0.008193,0.000542,0.000204,1.570308,-0.300000,1.000000,1.100000,0.000000,0.000000,-1.571000,0.021332,0.993118,-0.008499,0.993384
18.606000,-0.321341,0.006884,1.108515,-0.004779,0.001252,0.008187,0.000530,0.000200,1.570308,-0.300000,1.000000,1.100000,0.000000,0.000000,-1.571000,0.021341,0.993116,-0.008515,0.993381
18.608000,-0.321351,0.006887,1.108531,-0.004769,0.001256,0.008181,0.000518,0.000196,1.570308,-0.300000,1.000000,1.100000,0.000000,0.000000,-1.571000,0.021351,0.993113,-0.008531,0.993379
18.610000,-0.321361,0.006889,1.108548,-0.004758,0.001260,0.008174,0.000506,0.000191,1.570308,-0.300000,1.000000,1.100000,0.000000,0.000000,-1.571000,0.021361,0.993111,-0.008548,0.993377
18.612000,-0.321370,0.006892,1.108564,-0.004749,0.001264,0.008168,0.000494,0.000187,1.570308,-0.300000,1.000000,1.100000,0.000000,0.000000,-1.571000,0.021370,0.993108,-0.008564,0.993375
18.614000,-0.321379,0.006894,1.108580,-0.004739,0.001267,0.008162,0.000483,0.000182,1.570308,-0.300000,1.000000,1.100000,0.000000,0.000000,-1.571000,0.021379,0.993106,-0.008580,0.993373
18.616000,-0.321389,0.006897,1.108597,-0.004730,0.001271,0.008155,0.000471,0.000177,1.570308,-0.300000,1.000000,1.100000,0.000000,0.000000,-1.571000,0.021389,0.993103,-0.008597,0.993370
18.618000,-0.321398,0.006900,1.108613,-0.004720,0.001274,0.008149,0.000460,0.000172,1.570308,-0.300000,1.000000,1.100000,0.000000,0.000000,-1.571000,0.021398,0.993100,-0.008613,0.993368
18.620000,-0.321408,0.006902,1.108629,-0.004711,0.001278,0.008143,0.000448,0.000167,1.570308,-0.300000,1.000000,1.100000,0.000000,0.000000,-1.571000,0.021408,0.993098,-0.008629,0.993366
18.622000,-0.321417,0.006905,1.108646,-0.004703,0.001281,0.008137,0.000437,0.000162,1.570308,-0.300000,1.000000,1.100000,0.000000,0.000000,-1.571000,0.021417,0.993095,-0.008646,0.993364
18.624000,-0.321427,0.006907,1.108662,-0.004694,0.001284,0.008130,0.000426,0.000157,1.570308,-0.300000,1.000000,1.100000,0.000000,0.000000,-1.571000,0.021427,0.993093,-0.008662,0.993362
18.626000,-0.321436,0.006910,1.108678,-0.004686,0.001287,0.008124,0.000415,0.000152,1.570308,-0.300000,1.000000,1.100000,0.000000,0.000000,-1.571000,0.021436,0.993090,-0.008678,0.993359
18.628000,-0.321445,0.006912,1.108694,-0.004678,0.001290,0.008118,0.000405,0.000147,1.570308,-0.300000,1.000000,1.100000,0.000000,0.000000,-1.571000,0.021445,0.993088,-0.008694,0.993357
18.630000,-0.321455,0.006915,1.108711,-0.004670,0.001293,0.008112,0.000395,0.000141,1.570308,-0.300000,1.000000,1.100000,0.000000,0.000000,-1.571000,0.021455,0.993085,-0.008711,0.993355
18.632000,-0.321464,0.006918,1.108727,-0.004662,0.001296,0.008105,0.000385,0.000136,1.570308,-0.300000,1.000000,1.100000,0.000000,0.000000,-1.571000,0.021464,0.993082,-0.008727,0.993353
18.634000,-0.321473,0.006920,1.108743,-0.004655,0.001298,0.008099,0.000376,0.000131,1.570308,-0.300000,1.000000,1.100000,0.000000,0.000000,-1.571000,0.021473,0.993080,-0.008743,0.993350
18.636000,-0.321483,0.006923,1.108759,-0.004647,0.001301,0.008093,0.000367,0.000125,1.570308,-0.300000,1.000000,1.100000,0.000000,0.000000,-1.571000,0.021483,0.993077,-0.008759,0.993348
18.638000,-0.321492,0.006925,1.108775,-0.004640,0.001303,0.008086,0.000358,0.000120,1.570308,-0.300000,1.000000,1.100000,0.000000,0.000000,-1.571000,0.021492,0.993075,-0.008775,0.993346
18.640000,-0.321501,0.006928,1.108792,-0.004633,0.001306,0.008080,0.000350,0.000115,1.570308,-0.300000,1.000000,1.100000,0.000000,0.000000,-1.571000,0.021501,0.993072,-0.008792,0.993344
18.642000,-0.321510,0.006931,1.108808,-0.004626,0.001308,0.008073,0.000343,0.000109,1.570308,-0.300000,1.000000,1.100000,0.000000,0.000000,-1.571000,0.021510,0.993069,-0.008808,0.993341
18.644000,-0.321520,0.006933,1.108824,-0.004620,0.001310,0.008066,0.000336,0.000104,1.570308,-0.300000,1.000000,1.100000,0.000000,0.000000,-1.571000,0.021520,0.993067,-0.008824,0.993339
18.646000,-0.321529,0.006936,1.108840,-0.004613,0.001312,0.008058,0.000329,0.000099,1.570308,-0.300000,1.000000,1.100000,0.000000,0.000000,-1.571000,0.021529,0.993064,-0.008840,0.993337
18.648000,-0.321538,0.006938,1.108856,-0.004607,0.001314,0.008051,0.000323,0.000094,1.570308,-0.300000,1.000000,1.100000,0.000000,0.000000,-1.571000,0.021538,0.993062,-0.008856,0.993335
18.650000,-0.321547,0.006941,1.108872,-0.004601,0.001316,0.008043,0.000317,0.000089,1.570308,-0.300000,1.000000,1.100000,0.000000,0.000000,-1.571000,0.021547,0.993059,-0.008872,0.993332
18.652000,-0.321557,0.006944,1.108888,-0.004594,0.001317,0.008035,0.000312,0.000084,1.570308,-0.300000,1.000000,1.100000,0.000000,0.000000,-1.571000,0.021557,0.993056,-0.008888,0.993330
18.654000,-0.321566,0.006946,1.108904,-0.004588,0.001319,0.008028,0.000307,0.000079,1.570308,-0.300000,1.000000,1.100000,0.000000,0.000000,-1.571000,0.021566,0.993054,-0.008904,0.993328
18.656000,-0.321575,0.006949,1.108920,-0.004582,0.001321,0.008019,0.000303,0.000075,1.570308,-0.300000,1.000000,1.100000,0.000000,0.000000,-1.571000,0.021575,0.993051,-0.008920,0.993325
18.658000,-0.321584,0.006952,1.108936,-0.004576,0.001322,0.008011,0.000300,0.000070,1.570308,-0.300000,1.000000,1.100000,0.000000,0.000000,-1.571000,0.021584,0.993048,-0.008936,0.993323
18.660000,-0.321593,0.006954,1.108952,-0.004570,0.001323,0.008003,0.000297,0.000066,1.570308,-0.300000,1.000000,1.100000,0.000000,0.000000,-1.571000,0.021593,0.993046,-0.008952,0.993321
18.662000,-0.321602,0.006957,1.108968,-0.004565,0.001325,0.007995,0.000294,0.000061,1.570308,-0.300000,1.000000,1.100000,0.000000,0.000000,-1.571000,0.021602,0.993043,-0.008968,0.993318
18.664000,-0.321611,0.006960,1.108984,-0.004559,0.001326,0.007986,0.000292,0.000057,1.570308,-0.300000,1.000000,1.100000,0.000000,0.000000,-1.571000,0.021611,0.993040,-0.008984,0.993316
18.666000,-0.321621,0.006962,1.109000,-0.004553,0.001327,0.007978,0.000290,0.000053,1.570308,-0.300000,1.000000,1.100000,0.000000,0.000000,-1.571000,0.021621,0.993038,-0.009000,0.993314
18.668000,-0.321630,0.006965,1.109016,-0.004548,0.001328,0.007969,0.000289,0.000049,1.570308,-0.300000,1.000000,1.100000,0.000000,0.000000,-1.571000,0.021630,0.993035,-0.009016,0.993312
18.670000,-0.321639,0.006968,1.109032,-0.004542,0.001329,0.007961,0.000288,0.000045,1.570308,-0.300000,1.000000,1.100000,0.000000,0.000000,-1.571000,0.021639,0.993032,-0.009032,0.993309
18.672000,-0.321648,0.006970,1.109048,-0.004536,0.001330,0.007952,0.000288,0.000042,1.570308,-0.300000,1.000000,1.100000,0.000000,0.000000,-1.571000,0.021648,0.993030,-0.009048,0.993307
18.674000,-0.321657,0.006973,1.109064,-0.004531,0.001331,0.007943,0.000288,0.000038,1.570308,-0.300000,1.000000,1.100000,0.000000,0.000000,-1.571000,0.021657,0.993027,-0.009064,0.993305
18.676000,-0.321666,0.006976,1.109080,-0.004525,0.001331,0.007934,0.000289,0.000035,1.570308,-0.300000,1.000000,1.100000,0.000000,0.000000,-1.571000,0.021666,0.993024,-0.009080,0.993302
18.678000,-0.321675,0.006978,1.109096,-0.004519,0.001332,0.007925,0.000290,0.000032,1.570308,-0.300000,1.000000,1.100000,0.000000,0.000000,-1.571000,0.021675,0.993022,-0.009096,0.993300
18.680000,-0.321684,0.006981,1.109111,-0.004514,0.001333,0.007917,0.000291,0.000029,1.570308,-0.300000,1.000000,1.100000,0.000000,0.000000,-1.571000,0.021684,0.993019,-0.009111,0.993298
18.682000,-0.321693,0.006984,1.109127,-0.004508,0.001333,0.007908,0.000293,0.000026,1.570308,-0.300000,1.000000,1.100000,0.000000,0.000000,-1.571000,0.021693,0.993016,-0.009127,0.993295
18.684000,-0.321702,0.006986,1.109143,-0.004502,0.001334,0.007899,0.000294,0.000023,1.570308,-0.300000,1.000000,1.100000,0.000000,0.000000,-1.571000,0.021702,0.993014,-0.009143,0.993293
18.686000,-0.321711,0.006989,1.109159,-0.004496,0.001334,0.007890,0.000297,0.000021,1.570308,-0.300000,1.000000,1.100000,0.000000,0.000000,-1.571000,0.021711,0.993011,-0.009159,0.993291
18.688000,-0.321720,0.006992,1.109175,-0.004491,0.001334,0.007881,0.000299,0.000018,1.570308,-0.300000,1.000000,1.100000,0.000000,0.000000,-1.571000,0.021720,0.993008,-0.009175,0.993288
18.690000,-0.321729,0.006994,1.109190,-0.004485,0.001335,0.007872,0.000302,0.000016,1.570308,-0.300000,1.000000,1.100000,0.000000,0.000000,-1.571000,0.021729,0.993006,-0.009190,0.993286
18.692000,-0.321738,0.006997,1.109206,-0.004479,0.001335,0.007863,0.000305,0.000014,1.570308,-0.300000,1.000000,1.100000,0.000000,0.000000,-1.571000,0.021738,0.993003,-0.009206,0.993284
18.694000,-0.321747,0.007000,1.109222,-0.004473,0.001335,0.007854,0.000308,0.000012,1.570308,-0.300000,1.000000,1.100000,0.000000,0.000000,-1.571000,0.021747,0.993000,-0.009222,0.993281
18.696000,-0.321756,0.007002,1.109238,-0.004467,0.001336,0.007845,0.000312,0.000010,1.570308,-0.300000,1.000000,1.100000,0.000000,0.000000,-1.571000,0.021756,0.992998,-0.009238,0.993279
18.698000,-0.321765,0.007005,1.109253,-0.004461,0.001336,0.007835,0.000315,0.000008,1.570308,-0.300000,1.000000,1.100000,0.000000,0.000000,-1.571000,0.021765,0.992995,-0.009253,0.993277
18.700000,-0.321774,0.007008,1.109269,-0.004454,0.001336,0.007826,0.000320,0.000006,1.570308,-0.300000,1.000000,1.100000,0.000000,0.000000,-1.571000,0.021774,0.992992,-0.009269,0.993274
18.702000,-0.321783,0.007010,1.109285,-0.004448,0.001336,0.007817,0.000324,0.000005,1.570308,-0.300000,1.000000,1.100000,0.000000,0.000000,-1.571000,0.021783,0.992990,-0.009285,0.993272
18.704000,-0.321791,0.007013,1.109300,-0.004442,0.001336,0.007808,0.000329,0.000004,1.570308,-0.300000,1.000000,1.100000,0.000000,0.000000,-1.571000,0.021791,0.992987,-0.009300,0.993270
18.706000,-0.321800,0.007016,1.109316,-0.004435,0.001336,0.007799,0.000334,0.000002,1.570308,-0.300000,1.000000,1.100000,0.000000,0.000000,-1.571000,0.021800,0.992984,-0.009316,0.993267
18.708000,-0.321809,0.007018,1.109331,-0.004429,0.001336,0.007790,0.000339,0.000001,1.570308,-0.300000,1.000000,1.100000,0.000000,0.000000,-1.571000,0.021809,0.992982,-0.009331,0.993265
18.710000,-0.321818,0.007021,1.109347,-0.004422,0.001336,0.007781,0.000344,-0.000000,1.570308,-0.300000,1.000000,1.100000,0.000000,0.000000,-1.571000,0.021818,0.992979,-0.009347,0.993263
18.712000,-0.321827,0.007024,1.109362,-0.004415,0.001336,0.007771,0.000350,-0.000001,1.570308,-0.300000,1.000000,1.100000,0.000000,0.000000,-1.571000,0.021827,0.992976,-0.009362,0.993260
18.714000,-0.321836,0.007026,1.109378,-0.004408,0.001336,0.007762,0.000356,-0.000002,1.570308,-0.300000,1.000000,1.100000,0.000000,0.000000,-1.571000,0.021836,0.992974,-0.009378,0.993258
18.716000,-0.321844,0.007029,1.109393,-0.004401,0.001336,0.007753,0.000363,-0.000003,1.570308,-0.300000,1.000000,1.100000,0.000000,0.000000,-1.571000,0.021844,0.992971,-0.009393,0.993256
18.718000,-0.321853,0.007032,1.109409,-0.004394,0.001336,0.007744,0.000369,-0.000003,1.570308,-0.300000,1.000000,1.100000,0.000000,0.000000,-1.571000,0.021853,0.992968,-0.009409,0.993253
18.720000,-0.321862,0.007034,1.109424,-0.004387,0.001336,0.007734,0.000376,-0.000004,1.570308,-0.300000,1.000000,1.100000,0.000000,0.000000,-1.571000,0.021862,0.992966,-0.009424,0.993251
18.722000,-0.321871,0.007037,1.109440,-0.004380,0.001336,0.007723,0.000383,-0.000004,1.570308,-0.300000,1.000000,1.100000,0.000000,0.000000,-1.571000,0.021871,0.992963,-0.009440,0.993249
18.724000,-0.321880,0.007040,1.109455,-0.004372,0.001336,0.007712,0.000390,-0.000004,1.570308,-0.300000,1.000000,1.100000,0.000000,0.000000,-1.571000,0.021880,0.992960,-0.009455,0.993246
18.726000,-0.321888,0.007042,1.109471,-0.004364,0.001336,0.007701,0.000397,-0.000005,1.570308,-0.300000,1.000000,1.100000,0.000000,0.000000,-1.571000,0.021888,0.992958,-0.009471,0.993244
18.728000,-0.321897,0.007045,1.109486,-0.004356,0.001336,0.007689,0.000405,-0.000005,1.570308,-0.300000,1.000000,1.100000,0.000000,0.000000,-1.571000,0.021897,0.992955,-0.009486,0.993242
18.730000,-0.321906,0.007048,1.109501,-0.004349,0.001336,0.007677,0.000412,-0.000005,1.570308,-0.300000,1.000000,1.100000,0.000000,0.000000,-1.571000,0.021906,0.992952,-0.009501,0.993239
18.732000,-0.321914,0.007050,1.109517,-0.004340,0.001335,0.007665,0.000420,-0.000005,1.570308,-0.300000,1.000000,1.100000,0.000000,0.000000,-1.571000,0.021914,0.992950,-0.009517,0.993237
18.734000,-0.321923,0.007053,1.109532,-0.004332,0.001335,0.007652,0.000428,-0.000005,1.570308,-0.300000,1.000000,1.100000,0.000000,0.000000,-1.571000,0.021923,0.992947,-0.009532,0.993235
18.736000,-0.321932,0.007056,1.109547,-0.004324,0.001335,0.007639,0.000436,-0.000005,1.570308,-0.300000,1.000000,1.100000,0.000000,0.000000,-1.571000,0.021932,0.992944,-0.009547,0.993232
18.738000,-0.321940,0.007058,1.109563,-0.004315,0.001335,0.007626,0.000444,-0.000005,1.570308,-0.300000,1.000000,1.100000,0.000000,0.000000,-1.571000,0.021940,0.992942,-0.009563,0.993230
18.740000,-0.321949,0.007061,1.109578,-0.004306,0.001335,0.007613,0.000452,-0.000004,1.570308,-0.300000,1.000000,1.100000,0.000000,0.000000,-1.571000,0.021949,0.992939,-0.009578,0.993228
18.742000,-0.321958,0.007064,1.109593,-0.004298,0.001335,0.007599,0.000460,-0.000004,1.570308,-0.300000,1.000000,1.100000,0.000000,0.000000,-1.571000,0.021958,0.992936,-0.009593,0.993225
18.744000,-0.321966,0.007066,1.109608,-0.004288,0.001335,0.007586,0.000469,-0.000004,1.570307,-0.300000,1.000000,1.100000,0.000000,0.000000,-1.571000,0.021966,0.992934,-0.009608,0.993223
18.746000,-0.321975,0.007069,1.109623,-0.004279,0.001335,0.007573,0.000477,-0.000003,1.570307,-0.300000,1.000000,1.100000,0.000000,0.000000,-1.571000,0.021975,0.992931,-0.009623,0.993221
18.748000,-0.321983,0.007072,1.109639,-0.004270,0.001335,0.007560,0.000485,-0.000003,1.570307,-0.300000,1.000000,1.100000,0.000000,0.000000,-1.571000,0.021983,0.992928,-0.009639,0.993218
18.750000,-0.321992,0.007074,1.109654,-0.004260,0.001335,0.007547,0.000494,-0.000002,1.570307,-0.300000,1.000000,1.100000,0.000000,0.000000,-1.571000,0.021992,0.992926,-0.009654,0.993216
18.752000,-0.322000,0.007077,1.109669,-0.004251,0.001335,0.007534,0.000502,-0.000002,1.570307,-0.300000,1.000000,1.100000,0.000000,0.000000,-1.571000,0.022000,0.992923,-0.009669,0.993214
18.754000,-0.322009,0.007080,1.109684,-0.004241,0.001335,0.007521,0.000511,-0.000001,1.570307,-0.300000,1.000000,1.100000,0.000000,0.000000,-1.571000,0.022009,0.992920,-0.009684,0.993211
18.756000,-0.322017,0.007082,1.109699,-0.004231,0.001335,0.007508,0.000520,-0.000000,1.570307,-0.300000,1.000000,1.100000,0.000000,0.000000,-1.571000,0.022017,0.992918,-0.009699,0.993209
18.758000,-0.322026,0.007085,1.109714,-0.004220,0.001335,0.007496,0.000528,0.000001,1.570307,-0.300000,1.000000,1.100000,0.000000,0.000000,-1.571000,0.022026,0.992915,-0.009714,0.993207
18.760000,-0.322034,0.007088,1.109729,-0.004210,0.001335,0.007483,0.000537,0.000001,1.570307,-0.300000,1.000000,1.100000,0.000000,0.000000,-1.571000,0.022034,0.992912,-0.009729,0.993204
18.762000,-0.322043,0.007090,1.109744,-0.004199,0.001335,0.007470,0.000545,0.000002,1.570307,-0.300000,1.000000,1.100000,0.000000,0.000000,-1.571000,0.022043,0.992910,-0.009744,0.993202
18.764000,-0.322051,0.007093,1.109759,-0.004189,0.001335,0.007457,0.000554,0.000003,1.570307,-0.300000,1.000000,1.100000,0.000000,0.000000,-1.571000,0.022051,0.992907,-0.009759,0.993200
18.766000,-0.322059,0.007096,1.109774,-0.004178,0.001335,0.007445,0.000562,0.000004,1.570307,-0.300000,1.000000,1.100000,0.000000,0.000000,-1.571000,0.022059,0.992904,-0.009774,0.993197
18.768000,-0.322068,0.007098,1.109788,-0.004167,0.001335,0.007432,0.000571,0.000005,1.570307,-0.300000,1.000000,1.100000,0.000000,0.000000,-1.571000,0.022068,0.992902,-0.009788,0.993195
18.770000,-0.322076,0.007101,1.109803,-0.004156,0.001335,0.007420,0.000579,0.000006,1.570307,-0.300000,1.000000,1.100000,0.000000,0.000000,-1.571000,0.022076,0.992899,-0.009803,0.993193
18.772000,-0.322084,0.007104,1.109818,-0.004144,0.001335,0.007407,0.000588,0.000006,1.570307,-0.300000,1.000000,1.100000,0.000000,0.000000,-1.571000,0.022084,0.992896,-0.009818,0.993190
18.774000,-0.322092,0.007106,1.109833,-0.004133,0.001335,0.007395,0.000596,0.000007,1.570307,-0.300000,1.000000,1.100000,0.000000,0.000000,-1.571000,0.022092,0.992894,-0.009833,0.993188
18.776000,-0.322101,0.007109,1.109848,-0.004121,0.001335,0.007382,0.000604,0.000008,1.570307,-0.300000,1.000000,1.100000,0.000000,0.000000,-1.571000,0.022101,0.992891,-0.009848,0.993186
18.778000,-0.322109,0.007112,1.109862,-0.004109,0.001335,0.007370,0.000612,0.000009,1.570307,-0.300000,1.000000,1.100000,0.000000,0.000000,-1.571000,0.022109,0.992888,-0.009862,0.993183
18.780000,-0.322117,0.007114,1.109877,-0.004097,0.001336,0.007357,0.000620,0.000009,1.570307,-0.300000,1.000000,1.100000,0.000000,0.000000,-1.571000,0.022117,0.992886,-0.009877,0.993181
18.782000,-0.322125,0.007117,1.109892,-0.004085,0.001336,0.007345,0.000627,0.000010,1.570307,-0.300000,1.000000,1.100000,0.000000,0.000000,-1.571000,0.022125,0.992883,-0.009892,0.993179
18.784000,-0.322133,0.007120,1.109906,-0.004073,0.001336,0.007332,0.000635,0.000010,1.570307,-0.300000,1.000000,1.100000,0.000000,0.000000,-1.571000,0.022133,0.992880,-0.009906,0.993176
18.786000,-0.322142,0.007122,1.109921,-0.004060,0.001336,0.007320,0.000642,0.000011,1.570307,-0.300000,1.000000,1.100000,0.000000,0.000000,-1.571000,0.022142,0.992878,-0.009921,0.993174
18.788000,-0.322150,0.007125,1.109936,-0.004047,0.001336,0.007308,0.000649,0.000011,1.570307,-0.300000,1.000000,1.100000,0.000000,0.000000,-1.571000,0.022150,0.992875,-0.009936,0.993172
18.790000,-0.322158,0.007128,1.109950,-0.004035,0.001337,0.007295,0.000656,0.000012,1.570307,-0.300000,1.000000,1.100000,0.000000,0.000000,-1.571000,0.022158,0.992872,-0.009950,0.993169
18.792000,-0.322166,0.007130,1.109965,-0.004022,0.001337,0.007283,0.000663,0.000012,1.570307,-0.300000,1.000000,1.100000,0.000000,0.000000,-1.571000,0.022166,0.992870,-0.009965,0.993167
18.794000,-0.322174,0.007133,1.109979,-0.004009,0.001337,0.007270,0.000670,0.000012,1.570307,-0.300000,1.000000,1.100000,0.000000,0.000000,-1.571000,0.022174,0.992867,-0.009979,0.993165
18.796000,-0.322182,0.007136,1.109994,-0.003996,0.001337,0.007258,0.000676,0.000012,1.570307,-0.300000,1.000000,1.100000,0.000000,0.000000,-1.571000,0.022182,0.992864,-0.009994,0.993162
18.798000,-0.322190,0.007138,1.110008,-0.003982,0.001337,0.007246,0.000682,0.000012,1.570307,-0.300000,1.000000,1.100000,0.000000,0.000000,-1.571000,0.022190,0.992862,-0.010008,0.993160
18.800000,-0.322198,0.007141,1.110023,-0.003969,0.001338,0.007233,0.000688,0.000012,1.570307,-0.300000,1.000000,1.100000,0.000000,0.000000,-1.571000,0.022198,0.992859,-0.010023,0.993158
18.802000,-0.322206,0.007144,1.110037,-0.003955,0.001338,0.007221,0.000694,0.000011,1.570307,-0.300000,1.000000,1.100000,0.000000,0.000000,-1.571000,0.022206,0.992856,-0.010037,0.993155
18.804000,-0.322214,0.007146,1.110052,-0.003942,0.001338,0.007209,0.000700,0.000011,1.570306,-0.300000,1.000000,1.100000,0.000000,0.000000,-1.571000,0.022214,0.992854,-0.010052,0.993153
18.806000,-0.322221,0.007149,1.110066,-0.003928,0.001338,0.007196,0.000705,0.000011,1.570306,-0.300000,1.000000,1.100000,0.000000,0.000000,-1.571000,0.022221,0.992851,-0.010066,0.993151
18.808000,-0.322229,0.007152,1.110081,-0.003914,0.001338,0.007184,0.000710,0.000010,1.570306,-0.300000,1.000000,1.100000,0.000000,0.000000,-1.571000,0.022229,0.992848,-0.010081,0.993148
18.810000,-0.322237,0.007155,1.110095,-0.003900,0.001339,0.007172,0.000715,0.000010,1.570306,-0.300000,1.000000,1.100000,0.000000,0.000000,-1.571000,0.022237,0.992845,-0.010095,0.993146
18.812000,-0.322245,0.007157,1.110109,-0.003886,0.001339,0.007159,0.000719,0.000009,1.570306,-0.300000,1.000000,1.100000,0.000000,0.000000,-1.571000,0.022245,0.992843,-0.010109,0.993143
18.814000,-0.322253,0.007160,1.110124,-0.003872,0.001339,0.007147,0.000724,0.000008,1.570306,-0.300000,1.000000,1.100000,0.000000,0.000000,-1.571000,0.022253,0.992840,-0.010124,0.993141
18.816000,-0.322260,0.007163,1.110138,-0.003858,0.001339,0.007135,0.000728,0.000008,1.570306,-0.300000,1.000000,1.100000,0.000000,0.000000,-1.571000,0.022260,0.992837,-0.010138,0.993139
18.818000,-0.322268,0.007165,1.110152,-0.003844,0.001339,0.007122,0.000732,0.000007,1.570306,-0.300000,1.000000,1.100000,0.000000,0.000000,-1.571000,0.022268,0.992835,-0.010152,0.993136
18.820000,-0.322276,0.007168,1.110166,-0.003829,0.001339,0.007110,0.000735,0.000006,1.570306,-0.300000,1.000000,1.100000,0.000000,0.000000,-1.571000,0.022276,0.992832,-0.010166,0.993134
18.822000,-0.322283,0.007171,1.110181,-0.003815,0.001340,0.007098,0.000739,0.000005,1.570306,-0.300000,1.000000,1.100000,0.000000,0.000000,-1.571000,0.022283,0.992829,-0.010181,0.993132
18.824000,-0.322291,0.007173,1.110195,-0.003800,0.001340,0.007085,0.000742,0.000005,1.570306,-0.300000,1.000000,1.100000,0.000000,0.000000,-1.571000,0.022291,0.992827,-0.010195,0.993129
18.826000,-0.322299,0.007176,1.110209,-0.003786,0.001340,0.007073,0.000744,0.000004,1.570306,-0.300000,1.000000,1.100000,0.000000,0.000000,-1.571000,0.022299,0.992824,-0.010209,0.993127
18.828000,-0.322306,0.007179,1.110223,-0.003771,0.001340,0.007061,0.000747,0.000003,1.570306,-0.300000,1.000000,1.100000,0.000000,0.000000,-1.571000,0.022306,0.992821,-0.010223,0.993125
18.830000,-0.322314,0.007181,1.110237,-0.003757,0.001340,0.007048,0.000749,0.000002,1.570306,-0.300000,1.000000,1.100000,0.000000,0.000000,-1.571000,0.022314,0.992819,-0.010237,0.993122
18.832000,-0.322321,0.007184,1.110251,-0.003742,0.001340,0.007036,0.000750,0.000001,1.570306,-0.300000,1.000000,1.100000,0.000000,0.000000,-1.571000,0.022321,0.992816,-0.010251,0.993120
18.834000,-0.322329,0.007187,1.110265,-0.003727,0.001340,0.007024,0.000752,-0.000000,1.570306,-0.300000,1.000000,1.100000,0.000000,0.000000,-1.571000,0.022329,0.992813,-0.010265,0.993117
18.836000,-0.322336,0.007189,1.110279,-0.003713,0.001340,0.007012,0.000753,-0.000001,1.570306,-0.300000,1.000000,1.100000,0.000000,0.000000,-1.571000,0.022336,0.992811,-0.010279,0.993115
18.838000,-0.322343,0.007192,1.110293,-0.003698,0.001340,0.006999,0.000754,-0.000002,1.570306,-0.300000,1.000000,1.100000,0.000000,0.000000,-1.571000,0.022343,0.992808,-0.010293,0.993113
18.840000,-0.322351,0.007195,1.110307,-0.003683,0.001340,0.006987,0.000754,-0.000003,1.570306,-0.300000,1.000000,1.100000,0.000000,0.000000,-1.571000,0.022351,0.992805,-0.010307,0.993110
18.842000,-0.322358,0.007197,1.110321,-0.003668,0.001340,0.006975,0.000754,-0.000004,1.570306,-0.300000,1.000000,1.100000,0.000000,0.000000,-1.571000,0.022358,0.992803,-0.010321,0.993108
18.844000,-0.322365,0.007200,1.110335,-0.003653,0.001340,0.006962,0.000754,-0.000005,1.570306,-0.300000,1.000000,1.100000,0.000000,0.000000,-1.571000,0.022365,0.992800,-0.010335,0.993106
18.846000,-0.322373,0.007203,1.110349,-0.003639,0.001340,0.006950,0.000753,-0.000006,1.570306,-0.300000,1.000000,1.100000,0.000000,0.000000,-1.571000,0.022373,0.992797,-0.010349,0.993103
18.848000,-0.322380,0.007205,1.110363,-0.003624,0.001339,0.006938,0.000752,-0.000007,1.570306,-0.300000,1.000000,1.100000,0.000000,0.000000,-1.571000,0.022380,0.992795,-0.010363,0.993101
18.850000,-0.322387,0.007208,1.110377,-0.003609,0.001339,0.006926,0.000751,-0.000007,1.570306,-0.300000,1.000000,1.100000,0.000000,0.000000,-1.571000,0.022387,0.992792,-0.010377,0.993099
18.852000,-0.322394,0.007211,1.110391,-0.003595,0.001339,0.006913,0.000749,-0.000008,1.570306,-0.300000,1.000000,1.100000,0.000000,0.000000,-1.571000,0.022394,0.992789,-0.010391,0.993096
18.854000,-0.322402,0.007213,1.110404,-0.003580,0.001339,0.006901,0.000747,-0.000009,1.570306,-0.300000,1.000000,1.100000,0.000000,0.000000,-1.571000,0.022402,0.992787,-0.010404,0.993094
18.856000,-0.322409,0.007216,1.110418,-0.003565,0.001339,0.006889,0.000745,-0.000010,1.570306,-0.300000,1.000000,1.100000,0.000000,0.000000,-1.571000,0.022409,0.992784,-0.010418,0.993091
18.858000,-0.322416,0.007219,1.110432,-0.003551,0.001339,0.006876,0.000743,-0.000010,1.570306,-0.300000,1.000000,1.100000,0.000000,0.000000,-1.571000,0.022416,0.992781,-0.010432,0.993089
18.860000,-0.322423,0.007221,1.110446,-0.003536,0.001338,0.006864,0.000740,-0.000011,1.570306,-0.300000,1.000000,1.100000,0.000000,0.000000,-1.571000,0.022423,0.992779,-0.010446,0.993087
18.862000,-0.322430,0.007224,1.110459,-0.003522,0.001338,0.006852,0.000737,-0.000011,1.570306,-0.300000,1.000000,1.100000,0.000000,0.000000,-1.571000,0.022430,0.992776,-0.010459,0.993084
18.864000,-0.322437,0.007227,1.110473,-0.003507,0.001338,0.006840,0.000733,-0.000012,1.570306,-0.300000,1.000000,1.100000,0.000000,0.000000,-1.571000,0.022437,0.992773,-0.010473,0.993082
18.866000,-0.322444,0.007230,1.110487,-0.003493,0.001338,0.006827,0.000730,-0.000012,1.570306,-0.300000,1.000000,1.100000,0.000000,0.000000,-1.571000,0.022444,0.992770,-0.010487,0.993080
18.868000,-0.322451,0.007232,1.110500,-0.003479,0.001337,0.006815,0.000726,-0.000012,1.570306,-0.300000,1.000000,1.100000,0.000000,0.000000,-1.571000,0.022451,0.992768,-0.010500,0.993077
18.870000,-0.322458,0.007235,1.110514,-0.003464,0.001337,0.006803,0.000722,-0.000012,1.570306,-0.300000,1.000000,1.100000,0.000000,0.000000,-1.571000,0.022458,0.992765,-0.010514,0.993075
18.872000,-0.322465,0.007238,1.110528,-0.003450,0.001337,0.006791,0.000718,-0.000012,1.570306,-0.300000,1.000000,1.100000,0.000000,0.000000,-1.571000,0.022465,0.992762,-0.010528,0.993072
18.874000,-0.322472,0.007240,1.110541,-0.003436,0.001337,0.006778,0.000714,-0.000012,1.570306,-0.300000,1.000000,1.100000,0.000000,0.000000,-1.571000,0.022472,0.992760,-0.010541,0.993070
18.876000,-0.322478,0.007243,1.110555,-0.003422,0.001336,0.006765,0.000709,-0.000012,1.570306,-0.300000,1.000000,1.100000,0.000000,0.000000,-1.571000,0.022478,0.992757,-0.010555,0.993068
18.878000,-0.322485,0.007246,1.110568,-0.003408,0.001336,0.006752,0.000705,-0.000012,1.570306,-0.300000,1.000000,1.100000,0.000000,0.000000,-1.571000,0.022485,0.992754,-0.010568,0.993065
18.880000,-0.322492,0.007248,1.110582,-0.003395,0.001336,0.006739,0.000700,-0.000012,1.570306,-0.300000,1.000000,1.100000,0.000000,0.000000,-1.571000,0.022492,0.992752,-0.010582,0.993063
18.882000,-0.322499,0.007251,1.110595,-0.003381,0.001336,0.006726,0.000695,-0.000011,1.570306,-0.300000,1.000000,1.100000,0.000000,0.000000,-1.571000,0.022499,0.992749,-0.010595,0.993061
18.884000,-0.322506,0.007254,1.110609,-0.003367,0.001335,0.006712,0.000690,-0.000011,1.570307,-0.300000,1.000000,1.100000,0.000000,0.000000,-1.571000,0.022506,0.992746,-0.010609,0.993058
18.886000,-0.322512,0.007256,1.110622,-0.003354,0.001335,0.006699,0.000685,-0.000011,1.570307,-0.300000,1.000000,1.100000,0.000000,0.000000,-1.571000,0.022512,0.992744,-0.010622,0.993056
18.888000,-0.322519,0.007259,1.110635,-0.003340,0.001335,0.006685,0.000680,-0.000010,1.570307,-0.300000,1.000000,1.100000,0.000000,0.000000,-1.571000,0.022519,0.992741,-0.010635,0.993053
18.890000,-0.322526,0.007262,1.110649,-0.003327,0.001335,0.006671,0.000675,-0.000010,1.570307,-0.300000,1.000000,1.100000,0.000000,0.000000,-1.571000,0.022526,0.992738,-0.010649,0.993051
18.892000,-0.322532,0.007264,1.110662,-0.003314,0.001335,0.006657,0.000670,-0.000010,1.570307,-0.300000,1.000000,1.100000,0.000000,0.000000,-1.571000,0.022532,0.992736,-0.010662,0.993049
18.894000,-0.322539,0.007267,1.110675,-0.003301,0.001334,0.006643,0.000665,-0.000009,1.570307,-0.300000,1.000000,1.100000,0.000000,0.000000,-1.571000,0.022539,0.992733,-0.010675,0.993046
18.896000,-0.322545,0.007270,1.110689,-0.003288,0.001334,0.006628,0.000660,-0.000009,1.570307,-0.300000,1.000000,1.100000,0.000000,0.000000,-1.571000,0.022545,0.992730,-0.010689,0.993044
18.898000,-0.322552,0.007272,1.110702,-0.003275,0.001334,0.006614,0.000656,-0.000008,1.570307,-0.300000,1.000000,1.100000,0.000000,0.000000,-1.571000,0.022552,0.992728,-0.010702,0.993042
18.900000,-0.322559,0.007275,1.110715,-0.003262,0.001334,0.006599,0.000651,-0.000008,1.570307,-0.300000,1.000000,1.100000,0.000000,0.000000,-1.571000,0.022559,0.992725,-0.010715,0.993039
18.902000,-0.322565,0.007278,1.110728,-0.003249,0.001334,0.006585,0.000646,-0.000007,1.570307,-0.300000,1.000000,1.100000,0.000000,0.000000,-1.571000,0.022565,0.992722,-0.010728,0.993037
18.904000,-0.322572,0.007280,1.110741,-0.003237,0.001334,0.006570,0.000642,-0.000007,1.570307,-0.300000,1.000000,1.100000,0.000000,0.000000,-1.571000,0.022572,0.992720,-0.010741,0.993034
18.906000,-0.322578,0.007283,1.110754,-0.003224,0.001334,0.006556,0.000637,-0.000006,1.570307,-0.300000,1.000000,1.100000,0.000000,0.000000,-1.571000,0.022578,0.992717,-0.010754,0.993032
18.908000,-0.322584,0.007286,1.110768,-0.003212,0.001333,0.006541,0.000633,-0.000005,1.570307,-0.300000,1.000000,1.100000,0.000000,0.000000,-1.571000,0.022584,0.992714,-0.010768,0.993030
18.910000,-0.322591,0.007288,1.110781,-0.003199,0.001333,0.006526,0.000629,-0.000005,1.570307,-0.300000,1.000000,1.100000,0.000000,0.000000,-1.571000,0.022591,0.992712,-0.010781,0.993027
18.912000,-0.322597,0.007291,1.110794,-0.003187,0.001333,0.006511,0.000625,-0.000004,1.570307,-0.300000,1.000000,1.100000,0.000000,0.000000,-1.571000,0.022597,0.992709,-0.010794,0.993025
18.914000,-0.322604,0.007294,1.110807,-0.003175,0.001333,0.006496,0.000622,-0.000004,1.570307,-0.300000,1.000000,1.100000,0.000000,0.000000,-1.571000,0.022604,0.992706,-0.010807,0.993023
18.916000,-0.322610,0.007296,1.110820,-0.003163,0.001333,0.006481,0.000618,-0.000003,1.570307,-0.300000,1.000000,1.100000,0.000000,0.000000,-1.571000,0.022610,0.992704,-0.010820,0.993020
18.918000,-0.322616,0.007299,1.110833,-0.003151,0.001333,0.006466,0.000615,-0.000003,1.570307,-0.300000,1.000000,1.100000,0.000000,0.000000,-1.571000,0.022616,0.992701,-0.010833,0.993018
18.920000,-0.322623,0.007302,1.110845,-0.003139,0.001333,0.006451,0.000612,-0.000002,1.570307,-0.300000,1.000000,1.100000,0.000000,0.000000,-1.571000,0.022623,0.992698,-0.010845,0.993015
18.922000,-0.322629,0.007304,1.110858,-0.003127,0.001333,0.006436,0.000609,-0.000002,1.570307,-0.300000,1.000000,1.100000,0.000000,0.000000,-1.571000,0.022629,0.992696,-0.010858,0.993013
18.924000,-0.322635,0.007307,1.110871,-0.003115,0.001333,0.006421,0.000606,-0.000001,1.570307,-0.300000,1.000000,1.100000,0.000000,0.000000,-1.571000,0.022635,0.992693,-0.010871,0.993011
18.926000,-0.322641,0.007310,1.110884,-0.003103,0.001333,0.006406,0.000604,-0.000001,1.570307,-0.300000,1.000000,1.100000,0.000000,0.000000,-1.571000,0.022641,0.992690,-0.010884,0.993008
18.928000,-0.322647,0.007312,1.110897,-0.003091,0.001333,0.006391,0.000601,-0.000000,1.570307,-0.300000,1.000000,1.100000,0.000000,0.000000,-1.571000,0.022647,0.992688,-0.010897,0.993006
18.930000,-0.322654,0.007315,1.110910,-0.003079,0.001333,0.006376,0.000599,0.000001,1.570307,-0.300000,1.000000,1.100000,0.000000,0.000000,-1.571000,0.022654,0.992685,-0.010910,0.993003
18.932000,-0.322660,0.007318,1.110922,-0.003068,0.001333,0.006361,0.000597,0.000001,1.570307,-0.300000,1.000000,1.100000,0.000000,0.000000,-1.571000,0.022660,0.992682,-0.010922,0.993001
18.934000,-0.322666,0.007320,1.110935,-0.003056,0.001333,0.006346,0.000596,0.000002,1.570307,-0.300000,1.000000,1.100000,0.000000,0.000000,-1.571000,0.022666,0.992680,-0.010935,0.992999
18.936000,-0.322672,0.007323,1.110948,-0.003044,0.001333,0.006331,0.000595,0.000002,1.570307,-0.300000,1.000000,1.100000,0.000000,0.000000,-1.571000,0.022672,0.992677,-0.010948,0.992996
18.938000,-0.322678,0.007326,1.110960,-0.003033,0.001333,0.006316,0.000593,0.000003,1.570307,-0.300000,1.000000,1.100000,0.000000,0.000000,-1.571000,0.022678,0.992674,-0.010960,0.992994
18.940000,-0.322684,0.007328,1.110973,-0.003021,0.001333,0.006300,0.000593,0.000003,1.570307,-0.300000,1.000000,1.100000,0.000000,0.000000,-1.571000,0.022684,0.992672,-0.010973,0.992992
18.942000,-0.322690,0.007331,1.110985,-0.003009,0.001333,0.006285,0.000592,0.000003,1.570307,-0.300000,1.000000,1.100000,0.000000,0.000000,-1.571000,0.022690,0.992669,-0.010985,0.992989
18.944000,-0.322696,0.007334,1.110998,-0.002998,0.001333,0.006270,0.000592,0.000004,1.570307,-0.300000,1.000000,1.100000,0.000000,0.000000,-1.571000,0.022696,0.992666,-0.010998,0.992987
18.946000,-0.322702,0.007336,1.111011,-0.002986,0.001333,0.006255,0.000592,0.000004,1.570307,-0.300000,1.000000,1.100000,0.000000,0.000000,-1.571000,0.022702,0.992664,-0.011011,0.992984
18.948000,-0.322708,0.007339,1.111023,-0.002975,0.001333,0.006240,0.000592,0.000005,1.570307,-0.300000,1.000000,1.100000,0.000000,0.000000,-1.571000,0.022708,0.992661,-0.011023,0.992982
18.950000,-0.322714,0.007342,1.111035,-0.002963,0.001333,0.006224,0.000592,0.000005,1.570307,-0.300000,1.000000,1.100000,0.000000,0.000000,-1.571000,0.022714,0.992658,-0.011035,0.992980
18.952000,-0.322720,0.007344,1.111048,-0.002951,0.001333,0.006209,0.000593,0.000006,1.570307,-0.300000,1.000000,1.100000,0.000000,0.000000,-1.571000,0.022720,0.992656,-0.011048,0.992977
18.954000,-0.322726,0.007347,1.111060,-0.002940,0.001333,0.006194,0.000593,0.000006,1.570307,-0.300000,1.000000,1.100000,0.000000,0.000000,-1.571000,0.022726,0.992653,-0.011060,0.992975
18.956000,-0.322732,0.007350,1.111073,-0.002928,0.001334,0.006179,0.000594,0.000007,1.570307,-0.300000,1.000000,1.100000,0.000000,0.000000,-1.571000,0.022732,0.992650,-0.011073,0.992972
18.958000,-0.322737,0.007352,1.111085,-0.002917,0.001334,0.006163,0.000595,0.000007,1.570307,-0.300000,1.000000,1.100000,0.000000,0.000000,-1.571000,0.022737,0.992648,-0.011085,0.992970
18.960000,-0.322743,0.007355,1.111097,-0.002905,0.001334,0.006148,0.000597,0.000007,1.570307,-0.300000,1.000000,1.100000,0.000000,0.000000,-1.571000,0.022743,0.992645,-0.011097,0.992968
18.962000,-0.322749,0.007358,1.111110,-0.002893,0.001334,0.006133,0.000599,0.000008,1.570307,-0.300000,1.000000,1.100000,0.000000,0.000000,-1.571000,0.022749,0.992642,-0.011110,0.992965
18.964000,-0.322755,0.007360,1.111122,-0.002881,0.001334,0.006118,0.000601,0.000008,1.570307,-0.300000,1.000000,1.100000,0.000000,0.000000,-1.571000,0.022755,0.992640,-0.011122,0.992963
18.966000,-0.322761,0.007363,1.111134,-0.002870,0.001334,0.006102,0.000603,0.000008,1.570307,-0.300000,1.000000,1.100000,0.000000,0.000000,-1.571000,0.022761,0.992637,-0.011134,0.992960
18.968000,-0.322766,0.007366,1.111146,-0.002858,0.001334,0.006087,0.000606,0.000009,1.570307,-0.300000,1.000000,1.100000,0.000000,0.000000,-1.571000,0.022766,0.992634,-0.011146,0.992958
18.970000,-0.322772,0.007368,1.111158,-0.002846,0.001335,0.006072,0.000609,0.000009,1.570307,-0.300000,1.000000,1.100000,0.000000,0.000000,-1.571000,0.022772,0.992632,-0.011158,0.992956
18.972000,-0.322778,0.007371,1.111170,-0.002834,0.001335,0.006057,0.000612,0.000009,1.570307,-0.300000,1.000000,1.100000,0.000000,0.000000,-1.571000,0.022778,0.992629,-0.011170,0.992953
18.974000,-0.322783,0.007374,1.111183,-0.002822,0.001335,0.006043,0.000616,0.000010,1.570307,-0.300000,1.000000,1.100000,0.000000,0.000000,-1.571000,0.022783,0.992626,-0.011183,0.992951
18.976000,-0.322789,0.007376,1.111195,-0.002810,0.001335,0.006028,0.000620,0.000010,1.570307,-0.300000,1.000000,1.100000,0.000000,0.000000,-1.571000,0.022789,0.992624,-0.011195,0.992948
18.978000,-0.322795,0.007379,1.111207,-0.002798,0.001335,0.006014,0.000625,0.000010,1.570307,-0.300000,1.000000,1.100000,0.000000,0.000000,-1.571000,0.022795,0.992621,-0.011207,0.992946
18.980000,-0.322800,0.007382,1.111219,-0.002785,0.001336,0.006000,0.000630,0.000011,1.570307,-0.300000,1.000000,1.100000,0.000000,0.000000,-1.571000,0.022800,0.992618,-0.011219,0.992944
18.982000,-0.322806,0.007384,1.111231,-0.002773,0.001336,0.005986,0.000635,0.000011,1.570307,-0.300000,1.000000,1.100000,0.000000,0.000000,-1.571000,0.022806,0.992616,-0.011231,0.992941
18.984000,-0.322811,0.007387,1.111243,-0.002761,0.001336,0.005972,0.000641,0.000011,1.570307,-0.300000,1.000000,1.100000,0.000000,0.000000,-1.571000,0.022811,0.992613,-0.011243,0.992939
18.986000,-0.322817,0.007390,1.111255,-0.002748,0.001336,0.005959,0.000647,0.000011,1.570307,-0.300000,1.000000,1.100000,0.000000,0.000000,-1.571000,0.022817,0.992610,-0.011255,0.992936
18.988000,-0.322822,0.007392,1.111266,-0.002735,0.001336,0.005945,0.000654,0.000011,1.570307,-0.300000,1.000000,1.100000,0.000000,0.000000,-1.571000,0.022822,0.992608,-0.011266,0.992934
18.990000,-0.322828,0.007395,1.111278,-0.002722,0.001337,0.005932,0.000661,0.000011,1.570306,-0.300000,1.000000,1.100000,0.000000,0.000000,-1.571000,0.022828,0.992605,-0.011278,0.992932
18.992000,-0.322833,0.007398,1.111290,-0.002710,0.001337,0.005919,0.000668,0.000011,1.570306,-0.300000,1.000000,1.100000,0.000000,0.000000,-1.571000,0.022833,0.992602,-0.011290,0.992929
18.994000,-0.322838,0.007400,1.111302,-0.002696,0.001337,0.005905,0.000675,0.000012,1.570306,-0.300000,1.000000,1.100000,0.000000,0.000000,-1.571000,0.022838,0.992600,-0.011302,0.992927
18.996000,-0.322844,0.007403,1.111314,-0.002683,0.001337,0.005892,0.000683,0.000012,1.570306,-0.300000,1.000000,1.100000,0.000000,0.000000,-1.571000,0.022844,0.992597,-0.011314,0.992924
18.998000,-0.322849,0.007406,1.111326,-0.002670,0.001337,0.005879,0.000691,0.000012,1.570306,-0.300000,1.000000,1.100000,0.000000,0.000000,-1.571000,0.022849,0.992594,-0.011326,0.992922
19.000000,-0.322854,0.007408,1.111337,-0.002656,0.001338,0.005866,0.000700,0.000012,1.570306,-0.300000,1.000000,1.100000,0.000000,0.000000,-1.571000,0.022854,0.992592,-0.011337,0.992919
19.002000,-0.322860,0.007411,1.111349,-0.002642,0.001338,0.005854,0.000709,0.000012,1.570306,-0.300000,1.000000,1.100000,0.000000,0.000000,-1.571000,0.022860,0.992589,-0.011349,0.992917
19.004000,-0.322865,0.007414,1.111361,-0.002628,0.001338,0.005841,0.000718,0.000011,1.570306,-0.300000,1.000000,1.100000,0.000000,0.000000,-1.571000,0.022865,0.992586,-0.011361,0.992915
19.006000,-0.322870,0.007416,1.111372,-0.002614,0.001338,0.005828,0.000727,0.000011,1.570306,-0.300000,1.000000,1.100000,0.000000,0.000000,-1.571000,0.022870,0.992584,-0.011372,0.992912
19.008000,-0.322875,0.007419,1.111384,-0.002600,0.001339,0.005815,0.000737,0.000011,1.570306,-0.300000,1.000000,1.100000,0.000000,0.000000,-1.571000,0.022875,0.992581,-0.011384,0.992910
19.010000,-0.322881,0.007422,1.111396,-0.002586,0.001339,0.005803,0.000747,0.000011,1.570306,-0.300000,1.000000,1.100000,0.000000,0.000000,-1.571000,0.022881,0.992578,-0.011396,0.992907
19.012000,-0.322886,0.007424,1.111407,-0.002571,0.001339,0.005790,0.000757,0.000011,1.570306,-0.300000,1.000000,1.100000,0.000000,0.000000,-1.571000,0.022886,0.992576,-0.011407,0.992905
19.014000,-0.322891,0.007427,1.111419,-0.002556,0.001339,0.005777,0.000767,0.000011,1.570306,-0.300000,1.000000,1.100000,0.000000,0.000000,-1.571000,0.022891,0.992573,-0.011419,0.992903
19.016000,-0.322896,0.007430,1.111430,-0.002541,0.001339,0.005765,0.000777,0.000011,1.570306,-0.300000,1.000000,1.100000,0.000000,0.000000,-1.571000,0.022896,0.992570,-0.011430,0.992900
19.018000,-0.322901,0.007432,1.111442,-0.002526,0.001340,0.005752,0.000788,0.000011,1.570306,-0.300000,1.000000,1.100000,0.000000,0.000000,-1.571000,0.022901,0.992568,-0.011442,0.992898
19.020000,-0.322906,0.007435,1.111453,-0.002510,0.001340,0.005740,0.000798,0.000011,1.570306,-0.300000,1.000000,1.100000,0.000000,0.000000,-1.571000,0.022906,0.992565,-0.011453,0.992895
19.022000,-0.322911,0.007438,1.111465,-0.002495,0.001340,0.005727,0.000809,0.000011,1.570306,-0.300000,1.000000,1.100000,0.000000,0.000000,-1.571000,0.022911,0.992562,-0.011465,0.992893
19.024000,-0.322916,0.007440,1.111476,-0.002479,0.001340,0.005715,0.000820,0.000011,1.570306,-0.300000,1.000000,1.100000,0.000000,0.000000,-1.571000,0.022916,0.992560,-0.011476,0.992890
19.026000,-0.322921,0.007443,1.111488,-0.002463,0.001340,0.005702,0.000831,0.000011,1.570306,-0.300000,1.000000,1.100000,0.000000,0.000000,-1.571000,0.022921,0.992557,-0.011488,0.992888
19.028000,-0.322926,0.007446,1.111499,-0.002446,0.001341,0.005690,0.000841,0.000011,1.570306,-0.300000,1.000000,1.100000,0.000000,0.000000,-1.571000,0.022926,0.992554,-0.011499,0.992885
19.030000,-0.322931,0.007449,1.111510,-0.002430,0.001341,0.005677,0.000853,0.000011,1.570306,-0.300000,1.000000,1.100000,0.000000,0.000000,-1.571000,0.022931,0.992551,-0.011510,0.992883
19.032000,-0.322936,0.007451,1.111522,-0.002413,0.001341,0.005665,0.000864,0.000011,1.570306,-0.300000,1.000000,1.100000,0.000000,0.000000,-1.571000,0.022936,0.992549,-0.011522,0.992881
19.034000,-0.322940,0.007454,1.111533,-0.002396,0.001341,0.005653,0.000875,0.000011,1.570306,-0.300000,1.000000,1.100000,0.000000,0.000000,-1.571000,0.022940,0.992546,-0.011533,0.992878
19.036000,-0.322945,0.007457,1.111544,-0.002379,0.001342,0.005640,0.000886,0.000012,1.570306,-0.300000,1.000000,1.100000,0.000000,0.000000,-1.571000,0.022945,0.992543,-0.011544,0.992876
19.038000,-0.322950,0.007459,1.111556,-0.002361,0.001342,0.005628,0.000897,0.000012,1.570306,-0.300000,1.000000,1.100000,0.000000,0.000000,-1.571000,0.022950,0.992541,-0.011556,0.992873
19.040000,-0.322955,0.007462,1.111567,-0.002344,0.001342,0.005615,0.000908,0.000012,1.570306,-0.300000,1.000000,1.100000,0.000000,0.000000,-1.571000,0.022955,0.992538,-0.011567,0.992871
19.042000,-0.322959,0.007465,1.111578,-0.002326,0.001342,0.005603,0.000919,0.000012,1.570306,-0.300000,1.000000,1.100000,0.000000,0.000000,-1.571000,0.022959,0.992535,-0.011578,0.992868
19.044000,-0.322964,0.007467,1.111589,-0.002308,0.001342,0.005591,0.000930,0.000012,1.570306,-0.300000,1.000000,1.100000,0.000000,0.000000,-1.571000,0.022964,0.992533,-0.011589,0.992866
19.046000,-0.322968,0.007470,1.111600,-0.002290,0.001343,0.005578,0.000941,0.000012,1.570306,-0.300000,1.000000,1.100000,0.000000,0.000000,-1.571000,0.022968,0.992530,-0.011600,0.992864
19.048000,-0.322973,0.007473,1.111611,-0.002271,0.001343,0.005566,0.000951,0.000012,1.570306,-0.300000,1.000000,1.100000,0.000000,0.000000,-1.571000,0.022973,0.992527,-0.011611,0.992861
19.050000,-0.322978,0.007475,1.111623,-0.002252,0.001343,0.005554,0.000962,0.000012,1.570306,-0.300000,1.000000,1.100000,0.000000,0.000000,-1.571000,0.022978,0.992525,-0.011623,0.992859
19.052000,-0.322982,0.007478,1.111634,-0.002233,0.001343,0.005541,0.000972,0.000012,1.570306,-0.300000,1.000000,1.100000,0.000000,0.000000,-1.571000,0.022982,0.992522,-0.011634,0.992856
19.054000,-0.322986,0.007481,1.111645,-0.002214,0.001344,0.005529,0.000982,0.000012,1.570306,-0.300000,1.000000,1.100000,0.000000,0.000000,-1.571000,0.022986,0.992519,-0.011645,0.992854
19.056000,-0.322991,0.007483,1.111656,-0.002195,0.001344,0.005517,0.000991,0.000012,1.570307,-0.300000,1.000000,1.100000,0.000000,0.000000,-1.571000,0.022991,0.992517,-0.011656,0.992851
19.058000,-0.322995,0.007486,1.111667,-0.002176,0.001344,0.005504,0.001001,0.000011,1.570307,-0.300000,1.000000,1.100000,0.000000,0.000000,-1.571000,0.022995,0.992514,-0.011667,0.992849
19.060000,-0.323000,0.007489,1.111678,-0.002156,0.001344,0.005492,0.001010,0.000011,1.570307,-0.300000,1.000000,1.100000,0.000000,0.000000,-1.571000,0.023000,0.992511,-0.011678,0.992846
19.062000,-0.323004,0.007491,1.111689,-0.002136,0.001344,0.005480,0.001018,0.000011,1.570307,-0.300000,1.000000,1.100000,0.000000,0.000000,-1.571000,0.023004,0.992509,-0.011689,0.992844
19.064000,-0.323008,0.007494,1.111700,-0.002116,0.001345,0.005467,0.001027,0.000010,1.570307,-0.300000,1.000000,1.100000,0.000000,0.000000,-1.571000,0.023008,0.992506,-0.011700,0.992841
19.066000,-0.323012,0.007497,1.111711,-0.002096,0.001345,0.005455,0.001035,0.000010,1.570307,-0.300000,1.000000,1.100000,0.000000,0.000000,-1.571000,0.023012,0.992503,-0.011711,0.992839
19.068000,-0.323016,0.007500,1.111721,-0.002076,0.001345,0.005443,0.001043,0.000010,1.570307,-0.300000,1.000000,1.100000,0.000000,0.000000,-1.571000,0.023016,0.992500,-0.011721,0.992836
19.070000,-0.323021,0.007502,1.111732,-0.002055,0.001345,0.005430,0.001050,0.000009,1.570307,-0.300000,1.000000,1.100000,0.000000,0.000000,-1.571000,0.023021,0.992498,-0.011732,0.992834
19.072000,-0.323025,0.007505,1.111743,-0.002035,0.001345,0.005418,0.001057,0.000009,1.570307,-0.300000,1.000000,1.100000,0.000000,0.000000,-1.571000,0.023025,0.992495,-0.011743,0.992832
19.074000,-0.323029,0.007508,1.111754,-0.002014,0.001345,0.005406,0.001063,0.000008,1.570307,-0.300000,1.000000,1.100000,0.000000,0.000000,-1.571000,0.023029,0.992492,-0.011754,0.992829
19.076000,-0.323033,0.007510,1.111765,-0.001993,0.001346,0.005393,0.001070,0.000008,1.570307,-0.300000,1.000000,1.100000,0.000000,0.000000,-1.571000,0.023033,0.992490,-0.011765,0.992827
19.078000,-0.323037,0.007513,1.111776,-0.001972,0.001346,0.005381,0.001075,0.000007,1.570307,-0.300000,1.000000,1.100000,0.000000,0.000000,-1.571000,0.023037,0.992487,-0.011776,0.992824
19.080000,-0.323041,0.007516,1.111786,-0.001951,0.001346,0.005369,0.001081,0.000007,1.570308,-0.300000,1.000000,1.100000,0.000000,0.000000,-1.571000,0.023041,0.992484,-0.011786,0.992822
19.082000,-0.323044,0.007518,1.111797,-0.001930,0.001346,0.005356,0.001086,0.000006,1.570308,-0.300000,1.000000,1.100000,0.000000,0.000000,-1.571000,0.023044,0.992482,-0.011797,0.992819
19.084000,-0.323048,0.007521,1.111808,-0.001908,0.001346,0.005344,0.001090,0.000005,1.570308,-0.300000,1.000000,1.100000,0.000000,0.000000,-1.571000,0.023048,0.992479,-0.011808,0.992817
19.086000,-0.323052,0.007524,1.111818,-0.001887,0.001346,0.005332,0.001095,0.000005,1.570308,-0.300000,1.000000,1.100000,0.000000,0.000000,-1.571000,0.023052,0.992476,-0.011818,0.992814
19.088000,-0.323056,0.007526,1.111829,-0.001866,0.001346,0.005320,0.001098,0.000004,1.570308,-0.300000,1.000000,1.100000,0.000000,0.000000,-1.571000,0.023056,0.992474,-0.011829,0.992812
19.090000,-0.323059,0.007529,1.111840,-0.001844,0.001346,0.005307,0.001102,0.000003,1.570308,-0.300000,1.000000,1.100000,0.000000,0.000000,-1.571000,0.023059,0.992471,-0.011840,0.992809
19.092000,-0.323063,0.007532,1.111850,-0.001823,0.001346,0.005295,0.001105,0.000003,1.570308,-0.300000,1.000000,1.100000,0.000000,0.000000,-1.571000,0.023063,0.992468,-0.011850,0.992807
19.094000,-0.323067,0.007535,1.111861,-0.001801,0.001346,0.005283,0.001107,0.000002,1.570308,-0.300000,1.000000,1.100000,0.000000,0.000000,-1.571000,0.023067,0.992465,-0.011861,0.992804
19.096000,-0.323070,0.007537,1.111871,-0.001779,0.001346,0.005270,0.001109,0.000001,1.570308,-0.300000,1.000000,1.100000,0.000000,0.000000,-1.571000,0.023070,0.992463,-0.011871,0.992802
19.098000,-0.323074,0.007540,1.111882,-0.001757,0.001346,0.005258,0.001111,0.000000,1.570308,-0.300000,1.000000,1.100000,0.000000,0.000000,-1.571000,0.023074,0.992460,-0.011882,0.992799
19.100000,-0.323077,0.007543,1.111892,-0.001736,0.001346,0.005246,0.001113,-0.000000,1.570308,-0.300000,1.000000,1.100000,0.000000,0.000000,-1.571000,0.023077,0.992457,-0.011892,0.992797
19.102000,-0.323081,0.007545,1.111903,-0.001714,0.001346,0.005234,0.001113,-0.000001,1.570308,-0.300000,1.000000,1.100000,0.000000,0.000000,-1.571000,0.023081,0.992455,-0.011903,0.992794
19.104000,-0.323084,0.007548,1.111913,-0.001692,0.001346,0.005221,0.001114,-0.000002,1.570308,-0.300000,1.000000,1.100000,0.000000,0.000000,-1.571000,0.023084,0.992452,-0.011913,0.992792
19.106000,-0.323087,0.007551,1.111924,-0.001670,0.001346,0.005209,0.001114,-0.000003,1.570308,-0.300000,1.000000,1.100000,0.000000,0.000000,-1.571000,0.023087,0.992449,-0.011924,0.992789
19.108000,-0.323091,0.007553,1.111934,-0.001648,0.001346,0.005197,0.001113,-0.000003,1.570308,-0.300000,1.000000,1.100000,0.000000,0.000000,-1.571000,0.023091,0.992447,-0.011934,0.992787
19.110000,-0.323094,0.007556,1.111945,-0.001627,0.001346,0.005184,0.001113,-0.000004,1.570308,-0.300000,1.000000,1.100000,0.000000,0.000000,-1.571000,0.023094,0.992444,-0.011945,0.992784
19.112000,-0.323097,0.007559,1.111955,-0.001605,0.001346,0.005171,0.001111,-0.000005,1.570309,-0.300000,1.000000,1.100000,0.000000,0.000000,-1.571000,0.023097,0.992441,-0.011955,0.992782
19.114000,-0.323100,0.007561,1.111965,-0.001583,0.001346,0.005158,0.001110,-0.000006,1.570309,-0.300000,1.000000,1.100000,0.000000,0.000000,-1.571000,0.023100,0.992439,-0.011965,0.992779
19.116000,-0.323104,0.007564,1.111975,-0.001561,0.001346,0.005144,0.001108,-0.000007,1.570309,-0.300000,1.000000,1.100000,0.000000,0.000000,-1.571000,0.023104,0.992436,-0.011975,0.992777
19.118000,-0.323107,0.007567,1.111986,-0.001540,0.001346,0.005131,0.001105,-0.000008,1.570309,-0.300000,1.000000,1.100000,0.000000,0.000000,-1.571000,0.023107,0.992433,-0.011986,0.992774
19.120000,-0.323110,0.007570,1.111996,-0.001518,0.001345,0.005117,0.001102,-0.000009,1.570309,-0.300000,1.000000,1.100000,0.000000,0.000000,-1.571000,0.023110,0.992430,-0.011996,0.992772
19.122000,-0.323113,0.007572,1.112006,-0.001496,0.001345,0.005103,0.001099,-0.000009,1.570309,-0.300000,1.000000,1.100000,0.000000,0.000000,-1.571000,0.023113,0.992428,-0.012006,0.992769
19.124000,-0.323116,0.007575,1.112016,-0.001475,0.001345,0.005089,0.001096,-0.000010,1.570309,-0.300000,1.000000,1.100000,0.000000,0.000000,-1.571000,0.023116,0.992425,-0.012016,0.992767
19.126000,-0.323119,0.007578,1.112027,-0.001453,0.001345,0.005075,0.001092,-0.000011,1.570309,-0.300000,1.000000,1.100000,0.000000,0.000000,-1.571000,0.023119,0.992422,-0.012027,0.992764
19.128000,-0.323121,0.007580,1.112037,-0.001432,0.001345,0.005061,0.001088,-0.000011,1.570309,-0.300000,1.000000,1.100000,0.000000,0.000000,-1.571000,0.023121,0.992420,-0.012037,0.992762
19.130000,-0.323124,0.007583,1.112047,-0.001411,0.001344,0.005047,0.001084,-0.000012,1.570309,-0.300000,1.000000,1.100000,0.000000,0.000000,-1.571000,0.023124,0.992417,-0.012047,0.992759
19.132000,-0.323127,0.007586,1.112057,-0.001390,0.001344,0.005032,0.001080,-0.000013,1.570309,-0.300000,1.000000,1.100000,0.000000,0.000000,-1.571000,0.023127,0.992414,-0.012057,0.992757
19.134000,-0.323130,0.007588,1.112067,-0.001368,0.001344,0.005018,0.001075,-0.000013,1.570309,-0.300000,1.000000,1.100000,0.000000,0.000000,-1.571000,0.023130,0.992412,-0.012067,0.992754
19.136000,-0.323133,0.007591,1.112077,-0.001347,0.001344,0.005003,0.001070,-0.000014,1.570309,-0.300000,1.000000,1.100000,0.000000,0.000000,-1.571000,0.023133,0.992409,-0.012077,0.992752
19.138000,-0.323135,0.007594,1.112087,-0.001327,0.001343,0.004989,0.001065,-0.000014,1.570310,-0.300000,1.000000,1.100000,0.000000,0.000000,-1.571000,0.023135,0.992406,-0.012087,0.992749
19.140000,-0.323138,0.007596,1.112097,-0.001306,0.001343,0.004974,0.001060,-0.000014,1.570310,-0.300000,1.000000,1.100000,0.000000,0.000000,-1.571000,0.023138,0.992404,-0.012097,0.992747
19.142000,-0.323140,0.007599,1.112107,-0.001285,0.001343,0.004959,0.001055,-0.000015,1.570310,-0.300000,1.000000,1.100000,0.000000,0.000000,-1.571000,0.023140,0.992401,-0.012107,0.992744
19.144000,-0.323143,0.007602,1.112117,-0.001264,0.001342,0.004944,0.001050,-0.000015,1.570310,-0.300000,1.000000,1.100000,0.000000,0.000000,-1.571000,0.023143,0.992398,-0.012117,0.992742
19.146000,-0.323145,0.007604,1.112127,-0.001244,0.001342,0.004929,0.001044,-0.000015,1.570310,-0.300000,1.000000,1.100000,0.000000,0.000000,-1.571000,0.023145,0.992396,-0.012127,0.992739
19.148000,-0.323148,0.007607,1.112136,-0.001223,0.001342,0.004915,0.001039,-0.000015,1.570310,-0.300000,1.000000,1.100000,0.000000,0.000000,-1.571000,0.023148,0.992393,-0.012136,0.992737
19.150000,-0.323150,0.007610,1.112146,-0.001203,0.001342,0.004900,0.001033,-0.000015,1.570310,-0.300000,1.000000,1.100000,0.000000,0.000000,-1.571000,0.023150,0.992390,-0.012146,0.992734
19.152000,-0.323153,0.007613,1.112156,-0.001183,0.001341,0.004885,0.001028,-0.000016,1.570310,-0.300000,1.000000,1.100000,0.000000,0.000000,-1.571000,0.023153,0.992387,-0.012156,0.992732
19.154000,-0.323155,0.007615,1.112166,-0.001163,0.001341,0.004870,0.001022,-0.000016,1.570310,-0.300000,1.000000,1.100000,0.000000,0.000000,-1.571000,0.023155,0.992385,-0.012166,0.992729
19.156000,-0.323157,0.007618,1.112175,-0.001143,0.001341,0.004855,0.001016,-0.000015,1.570310,-0.300000,1.000000,1.100000,0.000000,0.000000,-1.571000,0.023157,0.992382,-0.012175,0.992727
19.158000,-0.323160,0.007621,1.112185,-0.001123,0.001340,0.004840,0.001010,-0.000015,1.570310,-0.300000,1.000000,1.100000,0.000000,0.000000,-1.571000,0.023160,0.992379,-0.012185,0.992724
19.160000,-0.323162,0.007623,1.112195,-0.001103,0.001340,0.004825,0.001004,-0.000015,1.570310,-0.300000,1.000000,1.100000,0.000000,0.000000,-1.571000,0.023162,0.992377,-0.012195,0.992722
19.162000,-0.323164,0.007626,1.112204,-0.001083,0.001340,0.004809,0.000998,-0.000015,1.570310,-0.300000,1.000000,1.100000,0.000000,0.000000,-1.571000,0.023164,0.992374,-0.012204,0.992719
19.164000,-0.323166,0.007629,1.112214,-0.001064,0.001339,0.004794,0.000992,-0.000015,1.570311,-0.300000,1.000000,1.100000,0.000000,0.000000,-1.571000,0.023166,0.992371,-0.012214,0.992717
19.166000,-0.323168,0.007631,1.112224,-0.001045,0.001339,0.004779,0.000986,-0.000015,1.570311,-0.300000,1.000000,1.100000,0.000000,0.000000,-1.571000,0.023168,0.992369,-0.012224,0.992714
19.168000,-0.323170,0.007634,1.112233,-0.001025,0.001339,0.004764,0.000981,-0.000014,1.570311,-0.300000,1.000000,1.100000,0.000000,0.000000,-1.571000,0.023170,0.992366,-0.012233,0.992712
19.170000,-0.323172,0.007637,1.112243,-0.001006,0.001339,0.004749,0.000975,-0.000014,1.570311,-0.300000,1.000000,1.100000,0.000000,0.000000,-1.571000,0.023172,0.992363,-0.012243,0.992709
19.172000,-0.323174,0.007639,1.112252,-0.000987,0.001338,0.004734,0.000969,-0.000014,1.570311,-0.300000,1.000000,1.100000,0.000000,0.000000,-1.571000,0.023174,0.992361,-0.012252,0.992707
19.174000,-0.323176,0.007642,1.112261,-0.000968,0.001338,0.004719,0.000963,-0.000014,1.570311,-0.300000,1.000000,1.100000,0.000000,0.000000,-1.571000,0.023176,0.992358,-0.012261,0.992704
19.176000,-0.323178,0.007645,1.112271,-0.000949,0.001338,0.004703,0.000957,-0.000013,1.570311,-0.300000,1.000000,1.100000,0.000000,0.000000,-1.571000,0.023178,0.992355,-0.012271,0.992702
19.178000,-0.323180,0.007647,1.112280,-0.000931,0.001337,0.004688,0.000951,-0.000013,1.570311,-0.300000,1.000000,1.100000,0.000000,0.000000,-1.571000,0.023180,0.992353,-0.012280,0.992699
19.180000,-0.323182,0.007650,1.112290,-0.000912,0.001337,0.004673,0.000945,-0.000013,1.570311,-0.300000,1.000000,1.100000,0.000000,0.000000,-1.571000,0.023182,0.992350,-0.012290,0.992697
19.182000,-0.323184,0.007653,1.112299,-0.000893,0.001337,0.004658,0.000940,-0.000012,1.570311,-0.300000,1.000000,1.100000,0.000000,0.000000,-1.571000,0.023184,0.992347,-0.012299,0.992694
19.184000,-0.323185,0.007655,1.112308,-0.000875,0.001337,0.004642,0.000934,-0.000012,1.570311,-0.300000,1.000000,1.100000,0.000000,0.000000,-1.571000,0.023185,0.992345,-0.012308,0.992692
19.186000,-0.323187,0.007658,1.112318,-0.000857,0.001336,0.004627,0.000929,-0.000012,1.570311,-0.300000,1.000000,1.100000,0.000000,0.000000,-1.571000,0.023187,0.992342,-0.012318,0.992689
19.188000,-0.323189,0.007661,1.112327,-0.000839,0.001336,0.004612,0.000924,-0.000011,1.570312,-0.300000,1.000000,1.100000,0.000000,0.000000,-1.571000,0.023189,0.992339,-0.012327,0.992687
19.190000,-0.323190,0.007663,1.112336,-0.000821,0.001336,0.004597,0.000919,-0.000011,1.570312,-0.300000,1.000000,1.100000,0.000000,0.000000,-1.571000,0.023190,0.992337,-0.012336,0.992684
19.192000,-0.323192,0.007666,1.112345,-0.000803,0.001336,0.004581,0.000914,-0.000011,1.570312,-0.300000,1.000000,1.100000,0.000000,0.000000,-1.571000,0.023192,0.992334,-0.012345,0.992682
19.194000,-0.323194,0.007669,1.112354,-0.000785,0.001335,0.004566,0.000909,-0.000010,1.570312,-0.300000,1.000000,1.100000,0.000000,0.000000,-1.571000,0.023194,0.992331,-0.012354,0.992679
19.196000,-0.323195,0.007671,1.112363,-0.000767,0.001335,0.004551,0.000904,-0.000010,1.570312,-0.300000,1.000000,1.100000,0.000000,0.000000,-1.571000,0.023195,0.992329,-0.012363,0.992677
19.198000,-0.323197,0.007674,1.112372,-0.000749,0.001335,0.004536,0.000900,-0.000010,1.570312,-0.300000,1.000000,1.100000,0.000000,0.000000,-1.571000,0.023197,0.992326,-0.012372,0.992674
19.200000,-0.323198,0.007677,1.112382,-0.000732,0.001335,0.004521,0.000896,-0.000009,1.570312,-0.300000,1.000000,1.100000,0.000000,0.000000,-1.571000,0.023198,0.992323,-0.012382,0.992672
19.202000,-0.323200,0.007679,1.112391,-0.000714,0.001335,0.004506,0.000892,-0.000009,1.570312,-0.300000,1.000000,1.100000,0.000000,0.000000,-1.571000,0.023200,0.992321,-0.012391,0.992669
19.204000,-0.323201,0.007682,1.112400,-0.000697,0.001335,0.004492,0.000888,-0.000009,1.570312,-0.300000,1.000000,1.100000,0.000000,0.000000,-1.571000,0.023201,0.992318,-0.012400,0.992667
19.206000,-0.323202,0.007685,1.112408,-0.000679,0.001334,0.004478,0.000884,-0.000008,1.570312,-0.300000,1.000000,1.100000,0.000000,0.000000,-1.571000,0.023202,0.992315,-0.012408,0.992664
19.208000,-0.323204,0.007687,1.112417,-0.000662,0.001334,0.004464,0.000881,-0.000008,1.570312,-0.300000,1.000000,1.100000,0.000000,0.000000,-1.571000,0.023204,0.992313,-0.012417,0.992662
19.210000,-0.323205,0.007690,1.112426,-0.000645,0.001334,0.004450,0.000878,-0.000008,1.570312,-0.300000,1.000000,1.100000,0.000000,0.000000,-1.571000,0.023205,0.992310,-0.012426,0.992659
19.212000,-0.323206,0.007693,1.112435,-0.000628,0.001334,0.004436,0.000875,-0.000008,1.570312,-0.300000,1.000000,1.100000,0.000000,0.000000,-1.571000,0.023206,0.992307,-0.012435,0.992656
19.214000,-0.323207,0.007695,1.112444,-0.000610,0.001334,0.004423,0.000872,-0.000007,1.570312,-0.300000,1.000000,1.100000,0.000000,0.000000,-1.571000,0.023207,0.992305,-0.012444,0.992654
19.216000,-0.323209,0.007698,1.112453,-0.000593,0.001334,0.004409,0.000869,-0.000007,1.570312,-0.300000,1.000000,1.100000,0.000000,0.000000,-1.571000,0.023209,0.992302,-0.012453,0.992651
19.218000,-0.323210,0.007701,1.112462,-0.000576,0.001333,0.004396,0.000867,-0.000007,1.570312,-0.300000,1.000000,1.100000,0.000000,0.000000,-1.571000,0.023210,0.992299,-0.012462,0.992649
19.220000,-0.323211,0.007703,1.112470,-0.000559,0.001333,0.004383,0.000865,-0.000007,1.570312,-0.300000,1.000000,1.100000,0.000000,0.000000,-1.571000,0.023211,0.992297,-0.012470,0.992646
19.222000,-0.323212,0.007706,1.112479,-0.000542,0.001333,0.004369,0.000863,-0.000006,1.570311,-0.300000,1.000000,1.100000,0.000000,0.000000,-1.571000,0.023212,0.992294,-0.012479,0.992644
19.224000,-0.323213,0.007709,1.112488,-0.000526,0.001333,0.004356,0.000861,-0.000006,1.570311,-0.300000,1.000000,1.100000,0.000000,0.000000,-1.571000,0.023213,0.992291,-0.012488,0.992641
19.226000,-0.323214,0.007711,1.112497,-0.000509,0.001333,0.004343,0.000859,-0.000006,1.570311,-0.300000,1.000000,1.100000,0.000000,0.000000,-1.571000,0.023214,0.992289,-0.012497,0.992639
19.228000,-0.323215,0.007714,1.112505,-0.000492,0.001333,0.004330,0.000858,-0.000006,1.570311,-0.300000,1.000000,1.100000,0.000000,0.000000,-1.571000,0.023215,0.992286,-0.012505,0.992636
19.230000,-0.323216,0.007717,1.112514,-0.000475,0.001333,0.004317,0.000857,-0.000006,1.570311,-0.300000,1.000000,1.100000,0.000000,0.000000,-1.571000,0.023216,0.992283,-0.012514,0.992634
19.232000,-0.323217,0.007719,1.112523,-0.000458,0.001332,0.004305,0.000855,-0.000005,1.570311,-0.300000,1.000000,1.100000,0.000000,0.000000,-1.571000,0.023217,0.992281,-0.012523,0.992631
19.234000,-0.323218,0.007722,1.112531,-0.000442,0.001332,0.004292,0.000854,-0.000005,1.570311,-0.300000,1.000000,1.100000,0.000000,0.000000,-1.571000,0.023218,0.992278,-0.012531,0.992629
19.236000,-0.323219,0.007725,1.112540,-0.000425,0.001332,0.004279,0.000854,-0.000005,1.570310,-0.300000,1.000000,1.100000,0.000000,0.000000,-1.571000,0.023219,0.992275,-0.012540,0.992626
19.238000,-0.323220,0.007727,1.112548,-0.000408,0.001332,0.004266,0.000853,-0.000005,1.570310,-0.300000,1.000000,1.100000,0.000000,0.000000,-1.571000,0.023220,0.992273,-0.012548,0.992624
19.240000,-0.323220,0.007730,1.112557,-0.000391,0.001332,0.004254,0.000852,-0.000005,1.570310,-0.300000,1.000000,1.100000,0.000000,0.000000,-1.571000,0.023220,0.992270,-0.012557,0.992621
19.242000,-0.323221,0.007733,1.112565,-0.000375,0.001332,0.004241,0.000852,-0.000004,1.570310,-0.300000,1.000000,1.100000,0.000000,0.000000,-1.571000,0.023221,0.992267,-0.012565,0.992618
19.244000,-0.323222,0.007735,1.112574,-0.000358,0.001332,0.004229,0.000851,-0.000004,1.570310,-0.300000,1.000000,1.100000,0.000000,0.000000,-1.571000,0.023222,0.992265,-0.012574,0.992616
19.246000,-0.323223,0.007738,1.112582,-0.000341,0.001332,0.004216,0.000851,-0.000004,1.570310,-0.300000,1.000000,1.100000,0.000000,0.000000,-1.571000,0.023223,0.992262,-0.012582,0.992613
19.248000,-0.323223,0.007741,1.112591,-0.000325,0.001332,0.004204,0.000850,-0.000003,1.570310,-0.300000,1.000000,1.100000,0.000000,0.000000,-1.571000,0.023223,0.992259,-0.012591,0.992611
19.250000,-0.323224,0.007743,1.112599,-0.000308,0.001332,0.004191,0.000850,-0.000003,1.570310,-0.300000,1.000000,1.100000,0.000000,0.000000,-1.571000,0.023224,0.992257,-0.012599,0.992608
19.252000,-0.323224,0.007746,1.112607,-0.000291,0.001332,0.004179,0.000850,-0.000003,1.570310,-0.300000,1.000000,1.100000,0.000000,0.000000,-1.571000,0.023224,0.992254,-0.012607,0.992606
19.254000,-0.323225,0.007749,1.112616,-0.000275,0.001332,0.004166,0.000850,-0.000002,1.570310,-0.300000,1.000000,1.100000,0.000000,0.000000,-1.571000,0.023225,0.992251,-0.012616,0.992603
19.256000,-0.323226,0.007751,1.112624,-0.000258,0.001331,0.004154,0.000850,-0.000002,1.570310,-0.300000,1.000000,1.100000,0.000000,0.000000,-1.571000,0.023226,0.992249,-0.012624,0.992601
19.258000,-0.323226,0.007754,1.112632,-0.000241,0.001331,0.004141,0.000850,-0.000001,1.570310,-0.300000,1.000000,1.100000,0.000000,0.000000,-1.571000,0.023226,0.992246,-0.012632,0.992598
19.260000,-0.323226,0.007757,1.112640,-0.000225,0.001331,0.004129,0.000850,-0.000001,1.570310,-0.300000,1.000000,1.100000,0.000000,0.000000,-1.571000,0.023226,0.992243,-0.012640,0.992596
19.262000,-0.323227,0.007759,1.112649,-0.000208,0.001331,0.004116,0.000850,-0.000000,1.570309,-0.300000,1.000000,1.100000,0.000000,0.000000,-1.571000,0.023227,0.992241,-0.012649,0.992593
19.264000,-0.323227,0.007762,1.112657,-0.000192,0.001331,0.004104,0.000850,0.000000,1.570309,-0.300000,1.000000,1.100000,0.000000,0.000000,-1.571000,0.023227,0.992238,-0.012657,0.992590
19.266000,-0.323228,0.007765,1.112665,-0.000175,0.001331,0.004092,0.000850,0.000001,1.570309,-0.300000,1.000000,1.100000,0.000000,0.000000,-1.571000,0.023228,0.992235,-0.012665,0.992588
19.268000,-0.323228,0.007767,1.112673,-0.000158,0.001331,0.004079,0.000850,0.000002,1.570309,-0.300000,1.000000,1.100000,0.000000,0.000000,-1.571000,0.023228,0.992233,-0.012673,0.992585
19.270000,-0.323228,0.007770,1.112681,-0.000142,0.001331,0.004067,0.000850,0.000002,1.570309,-0.300000,1.000000,1.100000,0.000000,0.000000,-1.571000,0.023228,0.992230,-0.012681,0.992583
19.272000,-0.323229,0.007773,1.112690,-0.000125,0.001331,0.004055,0.000850,0.000003,1.570309,-0.300000,1.000000,1.100000,0.000000,0.000000,-1.571000,0.023229,0.992227,-0.012690,0.992580
19.274000,-0.323229,0.007775,1.112698,-0.000108,0.001332,0.004042,0.000851,0.000004,1.570309,-0.300000,1.000000,1.100000,0.000000,0.000000,-1.571000,0.023229,0.992225,-0.012698,0.992578
19.276000,-0.323229,0.007778,1.112706,-0.000092,0.001332,0.004030,0.000851,0.000005,1.570309,-0.300000,1.000000,1.100000,0.000000,0.000000,-1.571000,0.023229,0.992222,-0.012706,0.992575
19.278000,-0.323229,0.007781,1.112714,-0.000075,0.001332,0.004018,0.000851,0.000006,1.570309,-0.300000,1.000000,1.100000,0.000000,0.000000,-1.571000,0.023229,0.992219,-0.012714,0.992573
19.280000,-0.323229,0.007783,1.112722,-0.000058,0.001332,0.004005,0.000851,0.000007,1.570309,-0.300000,1.000000,1.100000,0.000000,0.000000,-1.571000,0.023229,0.992217,-0.012722,0.992570
19.282000,-0.323229,0.007786,1.112730,-0.000042,0.001332,0.003993,0.000851,0.000007,1.570309,-0.300000,1.000000,1.100000,0.000000,0.000000,-1.571000,0.023229,0.992214,-0.012730,0.992568
19.284000,-0.323229,0.007789,1.112738,-0.000025,0.001332,0.003981,0.000852,0.000008,1.570309,-0.300000,1.000000,1.100000,0.000000,0.000000,-1.571000,0.023229,0.992211,-0.012738,0.992565
19.286000,-0.323229,0.007791,1.112746,-0.000008,0.001332,0.003968,0.000852,0.000009,1.570309,-0.300000,1.000000,1.100000,0.000000,0.000000,-1.571000,0.023229,0.992209,-0.012746,0.992562
19.288000,-0.323229,0.007794,1.112754,0.000008,0.001332,0.003956,0.000852,0.000010,1.570309,-0.300000,1.000000,1.100000,0.000000,0.000000,-1.571000,0.023229,0.992206,-0.012754,0.992560
19.290000,-0.323229,0.007797,1.112761,0.000025,0.001333,0.003944,0.000852,0.000011,1.570309,-0.300000,1.000000,1.100000,0.000000,0.000000,-1.571000,0.023229,0.992203,-0.012761,0.992557
19.292000,-0.323229,0.007799,1.112769,0.000042,0.001333,0.003931,0.000852,0.000011,1.570309,-0.300000,1.000000,1.100000,0.000000,0.000000,-1.571000,0.023229,0.992201,-0.012769,0.992555
19.294000,-0.323229,0.007802,1.112777,0.000058,0.001333,0.003919,0.000852,0.000012,1.570309,-0.300000,1.000000,1.100000,0.000000,0.000000,-1.571000,0.023229,0.992198,-0.012777,0.992552
19.296000,-0.323229,0.007805,1.112785,0.000075,0.001333,0.003907,0.000852,0.000013,1.570309,-0.300000,1.000000,1.100000,0.000000,0.000000,-1.571000,0.023229,0.992195,-0.012785,0.992550
19.298000,-0.323229,0.007807,1.112793,0.000092,0.001333,0.003894,0.000851,0.000013,1.570309,-0.300000,1.000000,1.100000,0.000000,0.000000,-1.571000,0.023229,0.992193,-0.012793,0.992547
19.300000,-0.323229,0.007810,1.112801,0.000109,0.001334,0.003882,0.000851,0.000014,1.570309,-0.300000,1.000000,1.100000,0.000000,0.000000,-1.571000,0.023229,0.992190,-0.012801,0.992544
19.302000,-0.323228,0.007813,1.112808,0.000125,0.001334,0.003870,0.000850,0.000014,1.570309,-0.300000,1.000000,1.100000,0.000000,0.000000,-1.571000,0.023228,0.992187,-0.012808,0.992542
19.304000,-0.323228,0.007815,1.112816,0.000142,0.001334,0.003857,0.000850,0.000015,1.570309,-0.300000,1.000000,1.100000,0.000000,0.000000,-1.571000,0.023228,0.992185,-0.012816,0.992539
19.306000,-0.323228,0.007818,1.112824,0.000158,0.001335,0.003845,0.000849,0.000015,1.570309,-0.300000,1.000000,1.100000,0.000000,0.000000,-1.571000,0.023228,0.992182,-0.012824,0.992537
19.308000,-0.323227,0.007821,1.112831,0.000175,0.001335,0.003833,0.000848,0.000016,1.570309,-0.300000,1.000000,1.100000,0.000000,0.000000,-1.571000,0.023227,0.992179,-0.012831,0.992534
19.310000,-0.323227,0.007823,1.112839,0.000192,0.001335,0.003821,0.000847,0.000016,1.570309,-0.300000,1.000000,1.100000,0.000000,0.000000,-1.571000,0.023227,0.992177,-0.012839,0.992532
19.312000,-0.323227,0.007826,1.112847,0.000208,0.001335,0.003808,0.000846,0.000016,1.570309,-0.300000,1.000000,1.100000,0.000000,0.000000,-1.571000,0.023227,0.992174,-0.012847,0.992529
19.314000,-0.323226,0.007829,1.112854,0.000225,0.001336,0.003796,0.000845,0.000016,1.570309,-0.300000,1.000000,1.100000,0.000000,0.000000,-1.571000,0.023226,0.992171,-0.012854,0.992526
19.316000,-0.323226,0.007831,1.112862,0.000241,0.001336,0.003784,0.000844,0.000016,1.570309,-0.300000,1.000000,1.100000,0.000000,0.000000,-1.571000,0.023226,0.992169,-0.012862,0.992524
19.318000,-0.323225,0.007834,1.112869,0.000258,0.001336,0.003771,0.000842,0.000015,1.570309,-0.300000,1.000000,1.100000,0.000000,0.000000,-1.571000,0.023225,0.992166,-0.012869,0.992521
19.320000,-0.323225,0.007837,1.112877,0.000274,0.001337,0.003759,0.000841,0.000015,1.570309,-0.300000,1.000000,1.100000,0.000000,0.000000,-1.571000,0.023225,0.992163,-0.012877,0.992519
19.322000,-0.323224,0.007839,1.112884,0.000291,0.001337,0.003747,0.000839,0.000014,1.570309,-0.300000,1.000000,1.100000,0.000000,0.000000,-1.571000,0.023224,0.992161,-0.012884,0.992516
19.324000,-0.323224,0.007842,1.112892,0.000307,0.001337,0.003734,0.000838,0.000013,1.570309,-0.300000,1.000000,1.100000,0.000000,0.000000,-1.571000,0.023224,0.992158,-0.012892,0.992513
19.326000,-0.323223,0.007845,1.112899,0.000324,0.001337,0.003722,0.000836,0.000012,1.570309,-0.300000,1.000000,1.100000,0.000000,0.000000,-1.571000,0.023223,0.992155,-0.012899,0.992511
19.328000,-0.323222,0.007847,1.112907,0.000340,0.001338,0.003710,0.000835,0.000011,1.570309,-0.300000,1.000000,1.100000,0.000000,0.000000,-1.571000,0.023222,0.992153,-0.012907,0.992508
19.330000,-0.323222,0.007850,1.112914,0.000356,0.001338,0.003697,0.000833,0.000010,1.570310,-0.300000,1.000000,1.100000,0.000000,0.000000,-1.571000,0.023222,0.992150,-0.012914,0.992506
19.332000,-0.323221,0.007853,1.112922,0.000373,0.001338,0.003685,0.000831,0.000008,1.570310,-0.300000,1.000000,1.100000,0.000000,0.000000,-1.571000,0.023221,0.992147,-0.012922,0.992503
19.334000,-0.323220,0.007855,1.112929,0.000389,0.001338,0.003673,0.000829,0.000006,1.570310,-0.300000,1.000000,1.100000,0.000000,0.000000,-1.571000,0.023220,0.992145,-0.012929,0.992500
19.336000,-0.323219,0.007858,1.112936,0.000405,0.001338,0.003660,0.000828,0.000004,1.570310,-0.300000,1.000000,1.100000,0.000000,0.000000,-1.571000,0.023219,0.992142,-0.012936,0.992498
19.338000,-0.323218,0.007861,1.112944,0.000422,0.001338,0.003648,0.000826,0.000002,1.570311,-0.300000,1.000000,1.100000,0.000000,0.000000,-1.571000,0.023218,0.992139,-0.012944,0.992495
19.340000,-0.323218,0.007863,1.112951,0.000438,0.001338,0.003636,0.000824,0.000000,1.570311,-0.300000,1.000000,1.100000,0.000000,0.000000,-1.571000,0.023218,0.992137,-0.012951,0.992493
19.342000,-0.323217,0.007866,1.112958,0.000454,0.001338,0.003623,0.000822,-0.000002,1.570312,-0.300000,1.000000,1.100000,0.000000,0.000000,-1.571000,0.023217,0.992134,-0.012958,0.992490
19.344000,-0.323216,0.007869,1.112965,0.000470,0.001338,0.003611,0.000820,-0.000005,1.570312,-0.300000,1.000000,1.100000,0.000000,0.000000,-1.571000,0.023216,0.992131,-0.012965,0.992487
19.346000,-0.323215,0.007871,1.112973,0.000486,0.001338,0.003598,0.000818,-0.000008,1.570313,-0.300000,1.000000,1.100000,0.000000,0.000000,-1.571000,0.023215,0.992129,-0.012973,0.992485
19.348000,-0.323214,0.007874,1.112980,0.000502,0.001338,0.003585,0.000816,-0.000011,1.570314,-0.300000,1.000000,1.100000,0.000000,0.000000,-1.571000,0.023214,0.992126,-0.012980,0.992482
19.350000,-0.323213,0.007877,1.112987,0.000518,0.001338,0.003571,0.000814,-0.000014,1.570314,-0.300000,1.000000,1.100000,0.000000,0.000000,-1.571000,0.023213,0.992123,-0.012987,0.992480
19.352000,-0.323212,0.007880,1.112994,0.000534,0.001337,0.003558,0.000812,-0.000017,1.570315,-0.300000,1.000000,1.100000,0.000000,0.000000,-1.571000,0.023212,0.992120,-0.012994,0.992477
19.354000,-0.323211,0.007882,1.113001,0.000550,0.001337,0.003544,0.000810,-0.000021,1.570316,-0.300000,1.000000,1.100000,0.000000,0.000000,-1.571000,0.023211,0.992118,-0.013001,0.992474
19.356000,-0.323209,0.007885,1.113008,0.000566,0.001337,0.003530,0.000808,-0.000024,1.570317,-0.300000,1.000000,1.100000,0.000000,0.000000,-1.571000,0.023209,0.992115,-0.013008,0.992472
19.358000,-0.323208,0.007888,1.113015,0.000582,0.001336,0.003516,0.000806,-0.000028,1.570318,-0.300000,1.000000,1.100000,0.000000,0.000000,-1.571000,0.023208,0.992112,-0.013015,0.992469
19.360000,-0.323207,0.007890,1.113022,0.000597,0.001336,0.003502,0.000803,-0.000032,1.570318,-0.300000,1.000000,1.100000,0.000000,0.000000,-1.571000,0.023207,0.992110,-0.013022,0.992467
19.362000,-0.323206,0.007893,1.113029,0.000613,0.001335,0.003488,0.000801,-0.000036,1.570319,-0.300000,1.000000,1.100000,0.000000,0.000000,-1.571000,0.023206,0.992107,-0.013029,0.992464
19.364000,-0.323205,0.007896,1.113036,0.000629,0.001334,0.003473,0.000798,-0.000040,1.570320,-0.300000,1.000000,1.100000,0.000000,0.000000,-1.571000,0.023205,0.992104,-0.013036,0.992461
19.366000,-0.323203,0.007898,1.113043,0.000644,0.001333,0.003459,0.000795,-0.000044,1.570321,-0.300000,1.000000,1.100000,0.000000,0.000000,-1.571000,0.023203,0.992102,-0.013043,0.992459
19.368000,-0.323202,0.007901,1.113050,0.000660,0.001333,0.003444,0.000792,-0.000048,1.570322,-0.300000,1.000000,1.100000,0.000000,0.000000,-1.571000,0.023202,0.992099,-0.013050,0.992456
19.370000,-0.323201,0.007904,1.113057,0.000675,0.001332,0.003430,0.000789,-0.000052,1.570323,-0.300000,1.000000,1.100000,0.000000,0.000000,-1.571000,0.023201,0.992096,-0.013057,0.992454
19.372000,-0.323199,0.007906,1.113064,0.000691,0.001330,0.003415,0.000786,-0.000057,1.570324,-0.300000,1.000000,1.100000,0.000000,0.000000,-1.571000,0.023199,0.992094,-0.013064,0.992451
19.374000,-0.323198,0.007909,1.113070,0.000706,0.001329,0.003401,0.000783,-0.000061,1.570325,-0.300000,1.000000,1.100000,0.000000,0.000000,-1.571000,0.023198,0.992091,-0.013070,0.992448
19.376000,-0.323196,0.007912,1.113077,0.000722,0.001328,0.003386,0.000779,-0.000065,1.570326,-0.300000,1.000000,1.100000,0.000000,0.000000,-1.571000,0.023196,0.992088,-0.013077,0.992446
19.378000,-0.323195,0.007914,1.113084,0.000737,0.001327,0.003371,0.000776,-0.000070,1.570328,-0.300000,1.000000,1.100000,0.000000,0.000000,-1.571000,0.023195,0.992086,-0.013084,0.992443
19.380000,-0.323193,0.007917,1.113091,0.000752,0.001325,0.003356,0.000772,-0.000074,1.570329,-0.300000,1.000000,1.100000,0.000000,0.000000,-1.571000,0.023193,0.992083,-0.013091,0.992441
19.382000,-0.323192,0.007919,1.113097,0.000767,0.001324,0.003341,0.000768,-0.000078,1.570330,-0.300000,1.000000,1.100000,0.000000,0.000000,-1.571000,0.023192,0.992081,-0.013097,0.992438
19.384000,-0.323190,0.007922,1.113104,0.000782,0.001322,0.003326,0.000764,-0.000083,1.570331,-0.300000,1.000000,1.100000,0.000000,0.000000,-1.571000,0.023190,0.992078,-0.013104,0.992435
19.386000,-0.323189,0.007925,1.113111,0.000797,0.001321,0.003311,0.000760,-0.000087,1.570332,-0.300000,1.000000,1.100000,0.000000,0.000000,-1.571000,0.023189,0.992075,-0.013111,0.992433
19.388000,-0.323187,0.007927,1.113117,0.000812,0.001319,0.003296,0.000755,-0.000091,1.570333,-0.300000,1.000000,1.100000,0.000000,0.000000,-1.571000,0.023187,0.992073,-0.013117,0.992430
19.390000,-0.323186,0.007930,1.113124,0.000827,0.001317,0.003281,0.000751,-0.000095,1.570334,-0.300000,1.000000,1.100000,0.000000,0.000000,-1.571000,0.023186,0.992070,-0.013124,0.992428
19.392000,-0.323184,0.007933,1.113130,0.000841,0.001315,0.003266,0.000747,-0.000100,1.570335,-0.300000,1.000000,1.100000,0.000000,0.000000,-1.571000,0.023184,0.992067,-0.013130,0.992425
19.394000,-0.323182,0.007935,1.113137,0.000856,0.001313,0.003251,0.000742,-0.000104,1.570336,-0.300000,1.000000,1.100000,0.000000,0.000000,-1.571000,0.023182,0.992065,-0.013137,0.992422
19.396000,-0.323180,0.007938,1.113143,0.000870,0.001311,0.003236,0.000737,-0.000108,1.570337,-0.300000,1.000000,1.100000,0.000000,0.000000,-1.571000,0.023180,0.992062,-0.013143,0.992420
19.398000,-0.323179,0.007941,1.113150,0.000885,0.001309,0.003221,0.000732,-0.000112,1.570338,-0.300000,1.000000,1.100000,0.000000,0.000000,-1.571000,0.023179,0.992059,-0.013150,0.992417
19.400000,-0.323177,0.007943,1.113156,0.000899,0.001307,0.003206,0.000727,-0.000116,1.570339,-0.300000,1.000000,1.100000,0.000000,0.000000,-1.571000,0.023177,0.992057,-0.013156,0.992415
19.402000,-0.323175,0.007946,1.113163,0.000913,0.001305,0.003191,0.000722,-0.000120,1.570340,-0.300000,1.000000,1.100000,0.000000,0.000000,-1.571000,0.023175,0.992054,-0.013163,0.992412
19.404000,-0.323173,0.007948,1.113169,0.000927,0.001302,0.003176,0.000717,-0.000124,1.570341,-0.300000,1.000000,1.100000,0.000000,0.000000,-1.571000,0.023173,0.992052,-0.013169,0.992410
19.406000,-0.323171,0.007951,1.113175,0.000942,0.001300,0.003160,0.000712,-0.000127,1.570342,-0.300000,1.000000,1.100000,0.000000,0.000000,-1.571000,0.023171,0.992049,-0.013175,0.992407
19.408000,-0.323169,0.007954,1.113182,0.000955,0.001297,0.003145,0.000707,-0.000131,1.570343,-0.300000,1.000000,1.100000,0.000000,0.000000,-1.571000,0.023169,0.992046,-0.013182,0.992405
19.410000,-0.323168,0.007956,1.113188,0.000969,0.001295,0.003130,0.000702,-0.000135,1.570344,-0.300000,1.000000,1.100000,0.000000,0.000000,-1.571000,0.023168,0.992044,-0.013188,0.992402
19.412000,-0.323166,0.007959,1.113194,0.000983,0.001292,0.003115,0.000696,-0.000138,1.570345,-0.300000,1.000000,1.100000,0.000000,0.000000,-1.571000,0.023166,0.992041,-0.013194,0.992399
19.414000,-0.323164,0.007961,1.113200,0.000997,0.001289,0.003100,0.000691,-0.000142,1.570346,-0.300000,1.000000,1.100000,0.000000,0.000000,-1.571000,0.023164,0.992039,-0.013200,0.992397
19.416000,-0.323162,0.007964,1.113206,0.001010,0.001286,0.003085,0.000686,-0.000145,1.570347,-0.300000,1.000000,1.100000,0.000000,0.000000,-1.571000,0.023162,0.992036,-0.013206,0.992394
19.418000,-0.323160,0.007966,1.113213,0.001023,0.001284,0.003069,0.000680,-0.000148,1.570348,-0.300000,1.000000,1.100000,0.000000,0.000000,-1.571000,0.023160,0.992034,-0.013213,0.992392
19.420000,-0.323157,0.007969,1.113219,0.001037,0.001281,0.003054,0.000675,-0.000151,1.570349,-0.300000,1.000000,1.100000,0.000000,0.000000,-1.571000,0.023157,0.992031,-0.013219,0.992389
19.422000,-0.323155,0.007972,1.113225,0.001050,0.001278,0.003039,0.000669,-0.000154,1.570349,-0.300000,1.000000,1.100000,0.000000,0.000000,-1.571000,0.023155,0.992028,-0.013225,0.992387
19.424000,-0.323153,0.007974,1.113231,0.001063,0.001275,0.003024,0.000664,-0.000157,1.570350,-0.300000,1.000000,1.100000,0.000000,0.000000,-1.571000,0.023153,0.992026,-0.013231,0.992384
19.426000,-0.323151,0.007977,1.113237,0.001076,0.001272,0.003009,0.000658,-0.000160,1.570351,-0.300000,1.000000,1.100000,0.000000,0.000000,-1.571000,0.023151,0.992023,-0.013237,0.992382
19.428000,-0.323149,0.007979,1.113243,0.001089,0.001268,0.002994,0.000653,-0.000162,1.570352,-0.300000,1.000000,1.100000,0.000000,0.000000,-1.571000,0.023149,0.992021,-0.013243,0.992379
19.430000,-0.323147,0.007982,1.113249,0.001102,0.001265,0.002980,0.000647,-0.000165,1.570353,-0.300000,1.000000,1.100000,0.000000,0.000000,-1.571000,0.023147,0.992018,-0.013249,0.992377
19.432000,-0.323145,0.007984,1.113255,0.001114,0.001262,0.002966,0.000642,-0.000167,1.570353,-0.300000,1.000000,1.100000,0.000000,0.000000,-1.571000,0.023145,0.992016,-0.013255,0.992374
19.434000,-0.323142,0.007987,1.113261,0.001127,0.001259,0.002952,0.000637,-0.000169,1.570354,-0.300000,1.000000,1.100000,0.000000,0.000000,-1.571000,0.023142,0.992013,-0.013261,0.992372
19.436000,-0.323140,0.007989,1.113267,0.001139,0.001255,0.002938,0.000631,-0.000171,1.570355,-0.300000,1.000000,1.100000,0.000000,0.000000,-1.571000,0.023140,0.992011,-0.013267,0.992369
19.438000,-0.323138,0.007992,1.113272,0.001152,0.001252,0.002924,0.000626,-0.000173,1.570355,-0.300000,1.000000,1.100000,0.000000,0.000000,-1.571000,0.023138,0.992008,-0.013272,0.992367
19.440000,-0.323135,0.007994,1.113278,0.001164,0.001249,0.002911,0.000621,-0.000175,1.570356,-0.300000,1.000000,1.100000,0.000000,0.000000,-1.571000,0.023135,0.992006,-0.013278,0.992364
19.442000,-0.323133,0.007997,1.113284,0.001176,0.001245,0.002897,0.000616,-0.000176,1.570357,-0.300000,1.000000,1.100000,0.000000,0.000000,-1.571000,0.023133,0.992003,-0.013284,0.992362
19.444000,-0.323131,0.007999,1.113290,0.001188,0.001242,0.002884,0.000612,-0.000178,1.570357,-0.300000,1.000000,1.100000,0.000000,0.000000,-1.571000,0.023131,0.992001,-0.013290,0.992359
19.446000,-0.323128,0.008002,1.113296,0.001200,0.001238,0.002869,0.000607,-0.000179,1.570358,-0.300000,1.000000,1.100000,0.000000,0.000000,-1.571000,0.023128,0.991998,-0.013296,0.992357
19.448000,-0.323126,0.008004,1.113301,0.001212,0.001235,0.002854,0.000603,-0.000180,1.570359,-0.300000,1.000000,1.100000,0.000000,0.000000,-1.571000,0.023126,0.991996,-0.013301,0.992354
19.450000,-0.323123,0.008007,1.113307,0.001224,0.001231,0.002838,0.000598,-0.000181,1.570359,-0.300000,1.000000,1.100000,0.000000,0.000000,-1.571000,0.023123,0.991993,-0.013307,0.992352
19.452000,-0.323121,0.008009,1.113313,0.001235,0.001228,0.002822,0.000594,-0.000182,1.570360,-0.300000,1.000000,1.100000,0.000000,0.000000,-1.571000,0.023121,0.991991,-0.013313,0.992350
19.454000,-0.323118,0.008012,1.113318,0.001247,0.001224,0.002806,0.000591,-0.000183,1.570361,-0.300000,1.000000,1.100000,0.000000,0.000000,-1.571000,0.023118,0.991988,-0.013318,0.992347
19.456000,-0.323116,0.008014,1.113324,0.001258,0.001220,0.002789,0.000587,-0.000184,1.570361,-0.300000,1.000000,1.100000,0.000000,0.000000,-1.571000,0.023116,0.991986,-0.013324,0.992345
19.458000,-0.323113,0.008016,1.113329,0.001270,0.001217,0.002771,0.000584,-0.000184,1.570362,-0.300000,1.000000,1.100000,0.000000,0.000000,-1.571000,0.023113,0.991984,-0.013329,0.992342
19.460000,-0.323111,0.008019,1.113335,0.001281,0.001213,0.002753,0.000580,-0.000185,1.570363,-0.300000,1.000000,1.100000,0.000000,0.000000,-1.571000,0.023111,0.991981,-0.013335,0.992340
19.462000,-0.323108,0.008021,1.113340,0.001293,0.001210,0.002735,0.000577,-0.000185,1.570363,-0.300000,1.000000,1.100000,0.000000,0.000000,-1.571000,0.023108,0.991979,-0.013340,0.992337
19.464000,-0.323106,0.008024,1.113346,0.001304,0.001206,0.002717,0.000575,-0.000185,1.570364,-0.300000,1.000000,1.100000,0.000000,0.000000,-1.571000,0.023106,0.991976,-0.013346,0.992335
19.466000,-0.323103,0.008026,1.113351,0.001315,0.001202,0.002698,0.000572,-0.000185,1.570365,-0.300000,1.000000,1.100000,0.000000,0.000000,-1.571000,0.023103,0.991974,-0.013351,0.992333
19.468000,-0.323100,0.008029,1.113357,0.001326,0.001199,0.002679,0.000570,-0.000185,1.570365,-0.300000,1.000000,1.100000,0.000000,0.000000,-1.571000,0.023100,0.991971,-0.013357,0.992330
19.470000,-0.323098,0.008031,1.113362,0.001338,0.001195,0.002660,0.000568,-0.000185,1.570366,-0.300000,1.000000,1.100000,0.000000,0.000000,-1.571000,0.023098,0.991969,-0.013362,0.992328
19.472000,-0.323095,0.008033,1.113367,0.001349,0.001191,0.002640,0.000566,-0.000185,1.570366,-0.300000,1.000000,1.100000,0.000000,0.000000,-1.571000,0.023095,0.991967,-0.013367,0.992326
19.474000,-0.323092,0.008036,1.113373,0.001360,0.001188,0.002621,0.000564,-0.000185,1.570367,-0.300000,1.000000,1.100000,0.000000,0.000000,-1.571000,0.023092,0.991964,-0.013373,0.992323
19.476000,-0.323090,0.008038,1.113378,0.001371,0.001184,0.002601,0.000562,-0.000185,1.570367,-0.300000,1.000000,1.100000,0.000000,0.000000,-1.571000,0.023090,0.991962,-0.013378,0.992321
19.478000,-0.323087,0.008040,1.113383,0.001382,0.001181,0.002581,0.000561,-0.000185,1.570368,-0.300000,1.000000,1.100000,0.000000,0.000000,-1.571000,0.023087,0.991960,-0.013383,0.992318
19.480000,-0.323084,0.008043,1.113388,0.001393,0.001177,0.002561,0.000560,-0.000184,1.570368,-0.300000,1.000000,1.100000,0.000000,0.000000,-1.571000,0.023084,0.991957,-0.013388,0.992316
19.482000,-0.323081,0.008045,1.113393,0.001404,0.001173,0.002541,0.000559,-0.000184,1.570369,-0.300000,1.000000,1.100000,0.000000,0.000000,-1.571000,0.023081,0.991955,-0.013393,0.992314
19.484000,-0.323078,0.008047,1.113398,0.001415,0.001170,0.002521,0.000558,-0.000184,1.570369,-0.300000,1.000000,1.100000,0.000000,0.000000,-1.571000,0.023078,0.991953,-0.013398,0.992311
19.486000,-0.323076,0.008050,1.113403,0.001426,0.001166,0.002500,0.000558,-0.000183,1.570369,-0.300000,1.000000,1.100000,0.000000,0.000000,-1.571000,0.023076,0.991950,-0.013403,0.992309
19.488000,-0.323073,0.008052,1.113408,0.001436,0.001162,0.002480,0.000558,-0.000183,1.570370,-0.300000,1.000000,1.100000,0.000000,0.000000,-1.571000,0.023073,0.991948,-0.013408,0.992307
19.490000,-0.323070,0.008054,1.113413,0.001447,0.001159,0.002459,0.000558,-0.000182,1.570370,-0.300000,1.000000,1.100000,0.000000,0.000000,-1.571000,0.023070,0.991946,-0.013413,0.992304
19.492000,-0.323067,0.008057,1.113418,0.001458,0.001155,0.002439,0.000558,-0.000182,1.570371,-0.300000,1.000000,1.100000,0.000000,0.000000,-1.571000,0.023067,0.991943,-0.013418,0.992302
19.494000,-0.323064,0.008059,1.113423,0.001469,0.001152,0.002418,0.000558,-0.000181,1.570371,-0.300000,1.000000,1.100000,0.000000,0.000000,-1.571000,0.023064,0.991941,-0.013423,0.992300
19.496000,-0.323061,0.008061,1.113428,0.001480,0.001148,0.002397,0.000558,-0.000181,1.570371,-0.300000,1.000000,1.100000,0.000000,0.000000,-1.571000,0.023061,0.991939,-0.013428,0.992298
19.498000,-0.323058,0.008064,1.113432,0.001491,0.001145,0.002377,0.000559,-0.000180,1.570371,-0.300000,1.000000,1.100000,0.000000,0.000000,-1.571000,0.023058,0.991936,-0.013432,0.992295
19.500000,-0.323055,0.008066,1.113437,0.001502,0.001141,0.002356,0.000559,-0.000180,1.570372,-0.300000,1.000000,1.100000,0.000000,0.000000,-1.571000,0.023055,0.991934,-0.013437,0.992293
19.502000,-0.323052,0.008068,1.113442,0.001513,0.001138,0.002335,0.000560,-0.000179,1.570372,-0.300000,1.000000,1.100000,0.000000,0.000000,-1.571000,0.023052,0.991932,-0.013442,0.992291
19.504000,-0.323049,0.008070,1.113446,0.001524,0.001134,0.002314,0.000561,-0.000179,1.570372,-0.300000,1.000000,1.100000,0.000000,0.000000,-1.571000,0.023049,0.991930,-0.013446,0.992288
19.506000,-0.323046,0.008073,1.113451,0.001535,0.001131,0.002293,0.000562,-0.000178,1.570372,-0.300000,1.000000,1.100000,0.000000,0.000000,-1.571000,0.023046,0.991927,-0.013451,0.992286
19.508000,-0.323043,0.008075,1.113456,0.001546,0.001127,0.002272,0.000563,-0.000178,1.570372,-0.300000,1.000000,1.100000,0.000000,0.000000,-1.571000,0.023043,0.991925,-0.013456,0.992284
19.510000,-0.323040,0.008077,1.113460,0.001557,0.001124,0.002251,0.000564,-0.000177,1.570373,-0.300000,1.000000,1.100000,0.000000,0.000000,-1.571000,0.023040,0.991923,-0.013460,0.992282
19.512000,-0.323037,0.008080,1.113465,0.001568,0.001120,0.002230,0.000565,-0.000177,1.570373,-0.300000,1.000000,1.100000,0.000000,0.000000,-1.571000,0.023037,0.991920,-0.013465,0.992279
19.514000,-0.323033,0.008082,1.113469,0.001579,0.001117,0.002209,0.000567,-0.000176,1.570373,-0.300000,1.000000,1.100000,0.000000,0.000000,-1.571000,0.023033,0.991918,-0.013469,0.992277
19.516000,-0.323030,0.008084,1.113473,0.001590,0.001113,0.002188,0.000568,-0.000175,1.570373,-0.300000,1.000000,1.100000,0.000000,0.000000,-1.571000,0.023030,0.991916,-0.013473,0.992275
19.518000,-0.323027,0.008086,1.113478,0.001601,0.001110,0.002167,0.000569,-0.000175,1.570373,-0.300000,1.000000,1.100000,0.000000,0.000000,-1.571000,0.023027,0.991914,-0.013478,0.992273
19.520000,-0.323024,0.008088,1.113482,0.001612,0.001106,0.002146,0.000571,-0.000174,1.570373,-0.300000,1.000000,1.100000,0.000000,0.000000,-1.571000,0.023024,0.991912,-0.013482,0.992270
19.522000,-0.323021,0.008091,1.113486,0.001624,0.001103,0.002124,0.000572,-0.000174,1.570373,-0.300000,1.000000,1.100000,0.000000,0.000000,-1.571000,0.023021,0.991909,-0.013486,0.992268
19.524000,-0.323017,0.008093,1.113490,0.001635,0.001100,0.002103,0.000574,-0.000173,1.570373,-0.300000,1.000000,1.100000,0.000000,0.000000,-1.571000,0.023017,0.991907,-0.013490,0.992266
19.526000,-0.323014,0.008095,1.113495,0.001646,0.001096,0.002082,0.000575,-0.000172,1.570373,-0.300000,1.000000,1.100000,0.000000,0.000000,-1.571000,0.023014,0.991905,-0.013495,0.992264
19.528000,-0.323011,0.008097,1.113499,0.001657,0.001093,0.002061,0.000577,-0.000172,1.570373,-0.300000,1.000000,1.100000,0.000000,0.000000,-1.571000,0.023011,0.991903,-0.013499,0.992261
19.530000,-0.323007,0.008099,1.113503,0.001669,0.001089,0.002040,0.000578,-0.000172,1.570373,-0.300000,1.000000,1.100000,0.000000,0.000000,-1.571000,0.023007,0.991901,-0.013503,0.992259
19.532000,-0.323004,0.008102,1.113507,0.001680,0.001086,0.002018,0.000580,-0.000171,1.570373,-0.300000,1.000000,1.100000,0.000000,0.000000,-1.571000,0.023004,0.991898,-0.013507,0.992257
19.534000,-0.323001,0.008104,1.113511,0.001691,0.001083,0.001997,0.000582,-0.000171,1.570373,-0.300000,1.000000,1.100000,0.000000,0.000000,-1.571000,0.023001,0.991896,-0.013511,0.992255
19.536000,-0.322997,0.008106,1.113515,0.001703,0.001079,0.001976,0.000583,-0.000171,1.570373,-0.300000,1.000000,1.100000,0.000000,0.000000,-1.571000,0.022997,0.991894,-0.013515,0.992253
19.538000,-0.322994,0.008108,1.113519,0.001714,0.001076,0.001955,0.000585,-0.000171,1.570373,-0.300000,1.000000,1.100000,0.000000,0.000000,-1.571000,0.022994,0.991892,-0.013519,0.992251
19.540000,-0.322990,0.008110,1.113523,0.001726,0.001073,0.001933,0.000587,-0.000171,1.570372,-0.300000,1.000000,1.100000,0.000000,0.000000,-1.571000,0.022990,0.991890,-0.013523,0.992248
19.542000,-0.322987,0.008112,1.113527,0.001737,0.001069,0.001912,0.000588,-0.000170,1.570372,-0.300000,1.000000,1.100000,0.000000,0.000000,-1.571000,0.022987,0.991888,-0.013527,0.992246
19.544000,-0.322983,0.008114,1.113530,0.001749,0.001066,0.001891,0.000590,-0.000170,1.570372,-0.300000,1.000000,1.100000,0.000000,0.000000,-1.571000,0.022983,0.991886,-0.013530,0.992244
19.546000,-0.322980,0.008117,1.113534,0.001760,0.001063,0.001870,0.000591,-0.000170,1.570372,-0.300000,1.000000,1.100000,0.000000,0.000000,-1.571000,0.022980,0.991883,-0.013534,0.992242
19.548000,-0.322976,0.008119,1.113538,0.001772,0.001059,0.001848,0.000592,-0.000169,1.570372,-0.300000,1.000000,1.100000,0.000000,0.000000,-1.571000,0.022976,0.991881,-0.013538,0.992240
19.550000,-0.322973,0.008121,1.113541,0.001783,0.001056,0.001827,0.000594,-0.000169,1.570371,-0.300000,1.000000,1.100000,0.000000,0.000000,-1.571000,0.022973,0.991879,-0.013541,0.992238
19.552000,-0.322969,0.008123,1.113545,0.001795,0.001053,0.001806,0.000595,-0.000169,1.570371,-0.300000,1.000000,1.100000,0.000000,0.000000,-1.571000,0.022969,0.991877,-0.013545,0.992235
19.554000,-0.322966,0.008125,1.113549,0.001807,0.001049,0.001785,0.000596,-0.000168,1.570371,-0.300000,1.000000,1.100000,0.000000,0.000000,-1.571000,0.022966,0.991875,-0.013549,0.992233
19.556000,-0.322962,0.008127,1.113552,0.001818,0.001046,0.001763,0.000597,-0.000167,1.570370,-0.300000,1.000000,1.100000,0.000000,0.000000,-1.571000,0.022962,0.991873,-0.013552,0.992231
19.558000,-0.322958,0.008129,1.113556,0.001830,0.001043,0.001742,0.000598,-0.000167,1.570370,-0.300000,1.000000,1.100000,0.000000,0.000000,-1.571000,0.022958,0.991871,-0.013556,0.992229
19.560000,-0.322955,0.008131,1.113559,0.001842,0.001040,0.001721,0.000599,-0.000166,1.570369,-0.300000,1.000000,1.100000,0.000000,0.000000,-1.571000,0.022955,0.991869,-0.013559,0.992227
19.562000,-0.322951,0.008133,1.113563,0.001853,0.001036,0.001700,0.000600,-0.000165,1.570369,-0.300000,1.000000,1.100000,0.000000,0.000000,-1.571000,0.022951,0.991867,-0.013563,0.992225
19.564000,-0.322947,0.008135,1.113566,0.001865,0.001033,0.001678,0.000600,-0.000164,1.570368,-0.300000,1.000000,1.100000,0.000000,0.000000,-1.571000,0.022947,0.991865,-0.013566,0.992223
19.566000,-0.322944,0.008137,1.113569,0.001877,0.001030,0.001657,0.000601,-0.000162,1.570367,-0.300000,1.000000,1.100000,0.000000,0.000000,-1.571000,0.022944,0.991863,-0.013569,0.992221
19.568000,-0.322940,0.008140,1.113573,0.001889,0.001027,0.001636,0.000601,-0.000161,1.570366,-0.300000,1.000000,1.100000,0.000000,0.000000,-1.571000,0.022940,0.991860,-0.013573,0.992219
19.570000,-0.322936,0.008142,1.113576,0.001900,0.001024,0.001614,0.000602,-0.000159,1.570366,-0.300000,1.000000,1.100000,0.000000,0.000000,-1.571000,0.022936,0.991858,-0.013576,0.992216
19.572000,-0.322932,0.008144,1.113579,0.001912,0.001020,0.001593,0.000602,-0.000158,1.570365,-0.300000,1.000000,1.100000,0.000000,0.000000,-1.571000,0.022932,0.991856,-0.013579,0.992214
19.574000,-0.322928,0.008146,1.113582,0.001924,0.001017,0.001571,0.000602,-0.000156,1.570364,-0.300000,1.000000,1.100000,0.000000,0.000000,-1.571000,0.022928,0.991854,-0.013582,0.992212
19.576000,-0.322924,0.008148,1.113585,0.001936,0.001014,0.001549,0.000602,-0.000154,1.570363,-0.300000,1.000000,1.100000,0.000000,0.000000,-1.571000,0.022924,0.991852,-0.013585,0.992210
19.578000,-0.322921,0.008150,1.113588,0.001947,0.001011,0.001527,0.000602,-0.000152,1.570362,-0.300000,1.000000,1.100000,0.000000,0.000000,-1.571000,0.022921,0.991850,-0.013588,0.992208
19.580000,-0.322917,0.008152,1.113591,0.001959,0.001008,0.001505,0.000602,-0.000150,1.570361,-0.300000,1.000000,1.100000,0.000000,0.000000,-1.571000,0.022917,0.991848,-0.013591,0.992206
19.582000,-0.322913,0.008154,1.113594,0.001971,0.001005,0.001482,0.000602,-0.000148,1.570360,-0.300000,1.000000,1.100000,0.000000,0.000000,-1.571000,0.022913,0.991846,-0.013594,0.992204
19.584000,-0.322909,0.008156,1.113597,0.001983,0.001002,0.001460,0.000602,-0.000146,1.570359,-0.300000,1.000000,1.100000,0.000000,0.000000,-1.571000,0.022909,0.991844,-0.013597,0.992202
19.586000,-0.322905,0.008158,1.113600,0.001995,0.001000,0.001438,0.000601,-0.000143,1.570358,-0.300000,1.000000,1.100000,0.000000,0.000000,-1.571000,0.022905,0.991842,-0.013600,0.992200
19.588000,-0.322901,0.008160,1.113603,0.002006,0.000997,0.001416,0.000601,-0.000141,1.570357,-0.300000,1.000000,1.100000,0.000000,0.000000,-1.571000,0.022901,0.991840,-0.013603,0.992198
19.590000,-0.322897,0.008162,1.113606,0.002018,0.000994,0.001394,0.000600,-0.000138,1.570356,-0.300000,1.000000,1.100000,0.000000,0.000000,-1.571000,0.022897,0.991838,-0.013606,0.992196
19.592000,-0.322893,0.008164,1.113608,0.002030,0.000991,0.001372,0.000600,-0.000136,1.570355,-0.300000,1.000000,1.100000,0.000000,0.000000,-1.571000,0.022893,0.991836,-0.013608,0.992194
19.594000,-0.322889,0.008166,1.113611,0.002042,0.000989,0.001350,0.000599,-0.000133,1.570353,-0.300000,1.000000,1.100000,0.000000,0.000000,-1.571000,0.022889,0.991834,-0.013611,0.992192
19.596000,-0.322884,0.008168,1.113614,0.002053,0.000986,0.001328,0.000598,-0.000130,1.570352,-0.300000,1.000000,1.100000,0.000000,0.000000,-1.571000,0.022884,0.991832,-0.013614,0.992190
19.598000,-0.322880,0.008170,1.113616,0.002065,0.000984,0.001306,0.000597,-0.000127,1.570351,-0.300000,1.000000,1.100000,0.000000,0.000000,-1.571000,0.022880,0.991830,-0.013616,0.992188
19.600000,-0.322876,0.008172,1.113619,0.002077,0.000981,0.001284,0.000596,-0.000124,1.570350,-0.300000,1.000000,1.100000,0.000000,0.000000,-1.571000,0.022876,0.991828,-0.013619,0.992186
19.602000,-0.322872,0.008174,1.113622,0.002088,0.000979,0.001263,0.000594,-0.000121,1.570349,-0.300000,1.000000,1.100000,0.000000,0.000000,-1.571000,0.022872,0.991826,-0.013622,0.992184
19.604000,-0.322868,0.008176,1.113624,0.002100,0.000976,0.001241,0.000593,-0.000118,1.570348,-0.300000,1.000000,1.100000,0.000000,0.000000,-1.571000,0.022868,0.991824,-0.013624,0.992182
19.606000,-0.322864,0.008177,1.113627,0.002112,0.000974,0.001219,0.000591,-0.000115,1.570347,-0.300000,1.000000,1.100000,0.000000,0.000000,-1.571000,0.022864,0.991823,-0.013627,0.992180
19.608000,-0.322859,0.008179,1.113629,0.002123,0.000972,0.001198,0.000590,-0.000112,1.570346,-0.300000,1.000000,1.100000,0.000000,0.000000,-1.571000,0.022859,0.991821,-0.013629,0.992178
19.610000,-0.322855,0.008181,1.113631,0.002135,0.000970,0.001176,0.000588,-0.000108,1.570345,-0.300000,1.000000,1.100000,0.000000,0.000000,-1.571000,0.022855,0.991819,-0.013631,0.992176
19.612000,-0.322851,0.008183,1.113634,0.002146,0.000968,0.001154,0.000586,-0.000105,1.570344,-0.300000,1.000000,1.100000,0.000000,0.000000,-1.571000,0.022851,0.991817,-0.013634,0.992174
19.614000,-0.322847,0.008185,1.113636,0.002158,0.000965,0.001133,0.000584,-0.000102,1.570343,-0.300000,1.000000,1.100000,0.000000,0.000000,-1.571000,0.022847,0.991815,-0.013636,0.992172
19.616000,-0.322842,0.008187,1.113638,0.002169,0.000963,0.001111,0.000582,-0.000099,1.570341,-0.300000,1.000000,1.100000,0.000000,0.000000,-1.571000,0.022842,0.991813,-0.013638,0.992170
19.618000,-0.322838,0.008189,1.113640,0.002180,0.000962,0.001090,0.000580,-0.000095,1.570340,-0.300000,1.000000,1.100000,0.000000,0.000000,-1.571000,0.022838,0.991811,-0.013640,0.992168
19.620000,-0.322833,0.008191,1.113642,0.002192,0.000960,0.001068,0.000578,-0.000092,1.570339,-0.300000,1.000000,1.100000,0.000000,0.000000,-1.571000,0.022833,0.991809,-0.013642,0.992166
19.622000,-0.322829,0.008193,1.113645,0.002203,0.000958,0.001047,0.000576,-0.000089,1.570338,-0.300000,1.000000,1.100000,0.000000,0.000000,-1.571000,0.022829,0.991807,-0.013645,0.992164
19.624000,-0.322825,0.008195,1.113647,0.002214,0.000956,0.001025,0.000574,-0.000085,1.570338,-0.300000,1.000000,1.100000,0.000000,0.000000,-1.571000,0.022825,0.991805,-0.013647,0.992162
19.626000,-0.322820,0.008197,1.113649,0.002226,0.000955,0.001004,0.000572,-0.000082,1.570337,-0.300000,1.000000,1.100000,0.000000,0.000000,-1.571000,0.022820,0.991803,-0.013649,0.992160
19.628000,-0.322816,0.008199,1.113651,0.002237,0.000953,0.000982,0.000570,-0.000079,1.570336,-0.300000,1.000000,1.100000,0.000000,0.000000,-1.571000,0.022816,0.991801,-0.013651,0.992158
19.630000,-0.322811,0.008201,1.113653,0.002248,0.000951,0.000961,0.000567,-0.000076,1.570335,-0.300000,1.000000,1.100000,0.000000,0.000000,-1.571000,0.022811,0.991799,-0.013653,0.992156
19.632000,-0.322807,0.008202,1.113654,0.002259,0.000950,0.000940,0.000565,-0.000073,1.570334,-0.300000,1.000000,1.100000,0.000000,0.000000,-1.571000,0.022807,0.991798,-0.013654,0.992154
19.634000,-0.322802,0.008204,1.113656,0.002270,0.000949,0.000918,0.000563,-0.000069,1.570333,-0.300000,1.000000,1.100000,0.000000,0.000000,-1.571000,0.022802,0.991796,-0.013656,0.992152
19.636000,-0.322798,0.008206,1.113658,0.002281,0.000947,0.000897,0.000560,-0.000066,1.570332,-0.300000,1.000000,1.100000,0.000000,0.000000,-1.571000,0.022798,0.991794,-0.013658,0.992150
19.638000,-0.322793,0.008208,1.113660,0.002292,0.000946,0.000875,0.000558,-0.000064,1.570331,-0.300000,1.000000,1.100000,0.000000,0.000000,-1.571000,0.022793,0.991792,-0.013660,0.992148
19.640000,-0.322788,0.008210,1.113662,0.002303,0.000945,0.000854,0.000555,-0.000061,1.570330,-0.300000,1.000000,1.100000,0.000000,0.000000,-1.571000,0.022788,0.991790,-0.013662,0.992146
19.642000,-0.322784,0.008212,1.113663,0.002314,0.000943,0.000833,0.000553,-0.000058,1.570329,-0.300000,1.000000,1.100000,0.000000,0.000000,-1.571000,0.022784,0.991788,-0.013663,0.992144
19.644000,-0.322779,0.008214,1.113665,0.002325,0.000942,0.000811,0.000551,-0.000055,1.570329,-0.300000,1.000000,1.100000,0.000000,0.000000,-1.571000,0.022779,0.991786,-0.013665,0.992142
19.646000,-0.322775,0.008216,1.113667,0.002335,0.000941,0.000790,0.000548,-0.000053,1.570328,-0.300000,1.000000,1.100000,0.000000,0.000000,-1.571000,0.022775,0.991784,-0.013667,0.992140
19.648000,-0.322770,0.008218,1.113668,0.002346,0.000940,0.000768,0.000546,-0.000050,1.570327,-0.300000,1.000000,1.100000,0.000000,0.000000,-1.571000,0.022770,0.991782,-0.013668,0.992138
19.650000,-0.322765,0.008219,1.113670,0.002357,0.000939,0.000747,0.000543,-0.000048,1.570326,-0.300000,1.000000,1.100000,0.000000,0.000000,-1.571000,0.022765,0.991781,-0.013670,0.992136
19.652000,-0.322760,0.008221,1.113671,0.002367,0.000938,0.000726,0.000541,-0.000045,1.570326,-0.300000,1.000000,1.100000,0.000000,0.000000,-1.571000,0.022760,0.991779,-0.013671,0.992134
19.654000,-0.322756,0.008223,1.113672,0.002378,0.000937,0.000704,0.000538,-0.000043,1.570325,-0.300000,1.000000,1.100000,0.000000,0.000000,-1.571000,0.022756,0.991777,-0.013672,0.992132
19.656000,-0.322751,0.008225,1.113674,0.002389,0.000937,0.000683,0.000536,-0.000041,1.570324,-0.300000,1.000000,1.100000,0.000000,0.000000,-1.571000,0.022751,0.991775,-0.013674,0.992130
19.658000,-0.322746,0.008227,1.113675,0.002399,0.000936,0.000662,0.000533,-0.000039,1.570324,-0.300000,1.000000,1.100000,0.000000,0.000000,-1.571000,0.022746,0.991773,-0.013675,0.992128
19.660000,-0.322741,0.008229,1.113676,0.002409,0.000935,0.000640,0.000531,-0.000037,1.570323,-0.300000,1.000000,1.100000,0.000000,0.000000,-1.571000,0.022741,0.991771,-0.013676,0.992126
19.662000,-0.322736,0.008231,1.113678,0.002420,0.000934,0.000619,0.000528,-0.000035,1.570322,-0.300000,1.000000,1.100000,0.000000,0.000000,-1.571000,0.022736,0.991769,-0.013678,0.992124
19.664000,-0.322732,0.008233,1.113679,0.002430,0.000934,0.000598,0.000525,-0.000033,1.570322,-0.300000,1.000000,1.100000,0.000000,0.000000,-1.571000,0.022732,0.991767,-0.013679,0.992122
19.666000,-0.322727,0.008234,1.113680,0.002440,0.000933,0.000576,0.000523,-0.000031,1.570321,-0.300000,1.000000,1.100000,0.000000,0.000000,-1.571000,0.022727,0.991766,-0.013680,0.992120
19.668000,-0.322722,0.008236,1.113681,0.002451,0.000932,0.000555,0.000520,-0.000030,1.570320,-0.300000,1.000000,1.100000,0.000000,0.000000,-1.571000,0.022722,0.991764,-0.013681,0.992118
19.670000,-0.322717,0.008238,1.113682,0.002461,0.000932,0.000534,0.000518,-0.000028,1.570320,-0.300000,1.000000,1.100000,0.000000,0.000000,-1.571000,0.022717,0.991762,-0.013682,0.992116
19.672000,-0.322712,0.008240,1.113683,0.002471,0.000931,0.000512,0.000515,-0.000026,1.570319,-0.300000,1.000000,1.100000,0.000000,0.000000,-1.571000,0.022712,0.991760,-0.013683,0.992114
19.674000,-0.322707,0.008242,1.113684,0.002481,0.000931,0.000491,0.000512,-0.000025,1.570319,-0.300000,1.000000,1.100000,0.000000,0.000000,-1.571000,0.022707,0.991758,-0.013684,0.992112
19.676000,-0.322702,0.008244,1.113685,0.002491,0.000930,0.000470,0.000509,-0.000024,1.570318,-0.300000,1.000000,1.100000,0.000000,0.000000,-1.571000,0.022702,0.991756,-0.013685,0.992110
19.678000,-0.322697,0.008246,1.113686,0.002501,0.000930,0.000448,0.000506,-0.000022,1.570317,-0.300000,1.000000,1.100000,0.000000,0.000000,-1.571000,0.022697,0.991754,-0.013686,0.992109
19.680000,-0.322692,0.008247,1.113687,0.002511,0.000929,0.000427,0.000504,-0.000021,1.570317,-0.300000,1.000000,1.100000,0.000000,0.000000,-1.571000,0.022692,0.991753,-0.013687,0.992107
19.682000,-0.322687,0.008249,1.113688,0.002521,0.000929,0.000406,0.000500,-0.000020,1.570316,-0.300000,1.000000,1.100000,0.000000,0.000000,-1.571000,0.022687,0.991751,-0.013688,0.992105
19.684000,-0.322682,0.008251,1.113689,0.002531,0.000929,0.000384,0.000497,-0.000019,1.570316,-0.300000,1.000000,1.100000,0.000000,0.000000,-1.571000,0.022682,0.991749,-0.013689,0.992103
19.686000,-0.322677,0.008253,1.113689,0.002540,0.000928,0.000363,0.000494,-0.000017,1.570315,-0.300000,1.000000,1.100000,0.000000,0.000000,-1.571000,0.022677,0.991747,-0.013689,0.992101
19.688000,-0.322672,0.008255,1.113690,0.002550,0.000928,0.000342,0.000491,-0.000016,1.570315,-0.300000,1.000000,1.100000,0.000000,0.000000,-1.571000,0.022672,0.991745,-0.013690,0.992099
19.690000,-0.322667,0.008257,1.113691,0.002560,0.000928,0.000320,0.000488,-0.000015,1.570314,-0.300000,1.000000,1.100000,0.000000,0.000000,-1.571000,0.022667,0.991743,-0.013691,0.992097
19.692000,-0.322661,0.008259,1.113691,0.002569,0.000927,0.000299,0.000484,-0.000014,1.570313,-0.300000,1.000000,1.100000,0.000000,0.000000,-1.571000,0.022661,0.991741,-0.013691,0.992095
19.694000,-0.322656,0.008260,1.113692,0.002579,0.000927,0.000278,0.000481,-0.000013,1.570313,-0.300000,1.000000,1.100000,0.000000,0.000000,-1.571000,0.022656,0.991740,-0.013692,0.992093
19.696000,-0.322651,0.008262,1.113692,0.002588,0.000927,0.000256,0.000477,-0.000012,1.570312,-0.300000,1.000000,1.100000,0.000000,0.000000,-1.571000,0.022651,0.991738,-0.013692,0.992091
19.698000,-0.322646,0.008264,1.113693,0.002597,0.000926,0.000235,0.000474,-0.000011,1.570312,-0.300000,1.000000,1.100000,0.000000,0.000000,-1.571000,0.022646,0.991736,-0.013693,0.992089
19.700000,-0.322641,0.008266,1.113693,0.002607,0.000926,0.000214,0.000470,-0.000011,1.570311,-0.300000,1.000000,1.100000,0.000000,0.000000,-1.571000,0.022641,0.991734,-0.013693,0.992087
19.702000,-0.322636,0.008268,1.113694,0.002616,0.000926,0.000192,0.000466,-0.000010,1.570311,-0.300000,1.000000,1.100000,0.000000,0.000000,-1.571000,0.022636,0.991732,-0.013694,0.992085
19.704000,-0.322630,0.008270,1.113694,0.002625,0.000926,0.000171,0.000462,-0.000009,1.570310,-0.300000,1.000000,1.100000,0.000000,0.000000,-1.571000,0.022630,0.991730,-0.013694,0.992083
19.706000,-0.322625,0.008272,1.113694,0.002634,0.000926,0.000150,0.000459,-0.000008,1.570310,-0.300000,1.000000,1.100000,0.000000,0.000000,-1.571000,0.022625,0.991728,-0.013694,0.992081
19.708000,-0.322620,0.008273,1.113695,0.002643,0.000926,0.000128,0.000455,-0.000007,1.570309,-0.300000,1.000000,1.100000,0.000000,0.000000,-1.571000,0.022620,0.991727,-0.013695,0.992079
19.710000,-0.322614,0.008275,1.113695,0.002652,0.000925,0.000107,0.000451,-0.000006,1.570308,-0.300000,1.000000,1.100000,0.000000,0.000000,-1.571000,0.022614,0.991725,-0.013695,0.992077
19.712000,-0.322609,0.008277,1.113695,0.002660,0.000925,0.000086,0.000447,-0.000005,1.570308,-0.300000,1.000000,1.100000,0.000000,0.000000,-1.571000,0.022609,0.991723,-0.013695,0.992075
19.714000,-0.322604,0.008279,1.113695,0.002669,0.000925,0.000065,0.000443,-0.000004,1.570308,-0.300000,1.000000,1.100000,0.000000,0.000000,-1.571000,0.022604,0.991721,-0.013695,0.992073
19.716000,-0.322598,0.008281,1.113695,0.002678,0.000925,0.000043,0.000439,-0.000004,1.570307,-0.300000,1.000000,1.100000,0.000000,0.000000,-1.571000,0.022598,0.991719,-0.013695,0.992071
19.718000,-0.322593,0.008283,1.113695,0.002686,0.000925,0.000022,0.000435,-0.000003,1.570307,-0.300000,1.000000,1.100000,0.000000,0.000000,-1.571000,0.022593,0.991717,-0.013695,0.992069
19.720000,-0.322588,0.008285,1.113695,0.002695,0.000925,0.000001,0.000431,-0.000002,1.570306,-0.300000,1.000000,1.100000,0.000000,0.000000,-1.571000,0.022588,0.991715,-0.013695,0.992067
19.722000,-0.322582,0.008286,1.113695,0.002703,0.000925,-0.000021,0.000427,-0.000001,1.570306,-0.300000,1.000000,1.100000,0.000000,0.000000,-1.571000,0.022582,0.991714,-0.013695,0.992065
19.724000,-0.322577,0.008288,1.113695,0.002712,0.000925,-0.000042,0.000422,-0.000000,1.570306,-0.300000,1.000000,1.100000,0.000000,0.000000,-1.571000,0.022577,0.991712,-0.013695,0.992063
19.726000,-0.322571,0.008290,1.113695,0.002720,0.000925,-0.000063,0.000418,0.000001,1.570305,-0.300000,1.000000,1.100000,0.000000,0.000000,-1.571000,0.022571,0.991710,-0.013695,0.992061
19.728000,-0.322566,0.008292,1.113695,0.002728,0.000925,-0.000083,0.000414,0.000001,1.570305,-0.300000,1.000000,1.100000,0.000000,0.000000,-1.571000,0.022566,0.991708,-0.013695,0.992059
19.730000,-0.322561,0.008294,1.113695,0.002736,0.000925,-0.000104,0.000410,0.000002,1.570305,-0.300000,1.000000,1.100000,0.000000,0.000000,-1.571000,0.022561,0.991706,-0.013695,0.992057
19.732000,-0.322555,0.008296,1.113695,0.002744,0.000925,-0.000124,0.000406,0.000003,1.570304,-0.300000,1.000000,1.100000,0.000000,0.000000,-1.571000,0.022555,0.991704,-0.013695,0.992055
19.734000,-0.322550,0.008297,1.113694,0.002752,0.000925,-0.000144,0.000402,0.000003,1.570304,-0.300000,1.000000,1.100000,0.000000,0.000000,-1.571000,0.022550,0.991703,-0.013694,0.992053
19.736000,-0.322544,0.008299,1.113694,0.002760,0.000925,-0.000164,0.000397,0.000004,1.570304,-0.300000,1.000000,1.100000,0.000000,0.000000,-1.571000,0.022544,0.991701,-0.013694,0.992051
19.738000,-0.322538,0.008301,1.113694,0.002768,0.000925,-0.000184,0.000393,0.000004,1.570303,-0.300000,1.000000,1.100000,0.000000,0.000000,-1.571000,0.022538,0.991699,-0.013694,0.992049
19.740000,-0.322533,0.008303,1.113693,0.002775,0.000925,-0.000204,0.000389,0.000005,1.570303,-0.300000,1.000000,1.100000,0.000000,0.000000,-1.571000,0.022533,0.991697,-0.013693,0.992047
19.742000,-0.322527,0.008305,1.113693,0.002783,0.000925,-0.000223,0.000385,0.000005,1.570303,-0.300000,1.000000,1.100000,0.000000,0.000000,-1.571000,0.022527,0.991695,-0.013693,0.992045
19.744000,-0.322522,0.008307,1.113692,0.002791,0.000925,-0.000242,0.000381,0.000005,1.570303,-0.300000,1.000000,1.100000,0.000000,0.000000,-1.571000,0.022522,0.991693,-0.013692,0.992043
19.746000,-0.322516,0.008309,1.113692,0.002798,0.000926,-0.000262,0.000376,0.000005,1.570303,-0.300000,1.000000,1.100000,0.000000,0.000000,-1.571000,0.022516,0.991691,-0.013692,0.992042
19.748000,-0.322511,0.008310,1.113691,0.002805,0.000926,-0.000281,0.000372,0.000005,1.570303,-0.300000,1.000000,1.100000,0.000000,0.000000,-1.571000,0.022511,0.991690,-0.013691,0.992040
19.750000,-0.322505,0.008312,1.113691,0.002813,0.000926,-0.000300,0.000368,0.000005,1.570303,-0.300000,1.000000,1.100000,0.000000,0.000000,-1.571000,0.022505,0.991688,-0.013691,0.992038
19.752000,-0.322499,0.008314,1.113690,0.002820,0.000926,-0.000319,0.000363,0.000005,1.570303,-0.300000,1.000000,1.100000,0.000000,0.000000,-1.571000,0.022499,0.991686,-0.013690,0.992036
19.754000,-0.322494,0.008316,1.113689,0.002827,0.000926,-0.000338,0.000359,0.000005,1.570303,-0.300000,1.000000,1.100000,0.000000,0.000000,-1.571000,0.022494,0.991684,-0.013689,0.992034
19.756000,-0.322488,0.008318,1.113689,0.002834,0.000926,-0.000357,0.000355,0.000006,1.570303,-0.300000,1.000000,1.100000,0.000000,0.000000,-1.571000,0.022488,0.991682,-0.013689,0.992032
19.758000,-0.322482,0.008320,1.113688,0.002841,0.000926,-0.000376,0.000351,0.000006,1.570303,-0.300000,1.000000,1.100000,0.000000,0.000000,-1.571000,0.022482,0.991680,-0.013688,0.992030
19.760000,-0.322477,0.008322,1.113687,0.002848,0.000926,-0.000395,0.000346,0.000006,1.570303,-0.300000,1.000000,1.100000,0.000000,0.000000,-1.571000,0.022477,0.991678,-0.013687,0.992028
19.762000,-0.322471,0.008323,1.113686,0.002854,0.000926,-0.000413,0.000342,0.000006,1.570303,-0.300000,1.000000,1.100000,0.000000,0.000000,-1.571000,0.022471,0.991677,-0.013686,0.992026
19.764000,-0.322465,0.008325,1.113685,0.002861,0.000926,-0.000432,0.000338,0.000006,1.570303,-0.300000,1.000000,1.100000,0.000000,0.000000,-1.571000,0.022465,0.991675,-0.013685,0.992024
19.766000,-0.322459,0.008327,1.113685,0.002868,0.000927,-0.000451,0.000334,0.000006,1.570303,-0.300000,1.000000,1.100000,0.000000,0.000000,-1.571000,0.022459,0.991673,-0.013685,0.992022
19.768000,-0.322454,0.008329,1.113684,0.002874,0.000927,-0.000469,0.000329,0.000006,1.570303,-0.300000,1.000000,1.100000,0.000000,0.000000,-1.571000,0.022454,0.991671,-0.013684,0.992020
19.770000,-0.322448,0.008331,1.113683,0.002881,0.000927,-0.000488,0.000325,0.000006,1.570303,-0.300000,1.000000,1.100000,0.000000,0.000000,-1.571000,0.022448,0.991669,-0.013683,0.992018
19.772000,-0.322442,0.008333,1.113682,0.002887,0.000927,-0.000507,0.000321,0.000006,1.570303,-0.300000,1.000000,1.100000,0.000000,0.000000,-1.571000,0.022442,0.991667,-0.013682,0.992016
19.774000,-0.322436,0.008334,1.113681,0.002893,0.000927,-0.000525,0.000316,0.000006,1.570303,-0.300000,1.000000,1.100000,0.000000,0.000000,-1.571000,0.022436,0.991666,-0.013681,0.992014
19.776000,-0.322431,0.008336,1.113680,0.002899,0.000927,-0.000544,0.000312,0.000006,1.570303,-0.300000,1.000000,1.100000,0.000000,0.000000,-1.571000,0.022431,0.991664,-0.013680,0.992012
19.778000,-0.322425,0.008338,1.113678,0.002906,0.000927,-0.000562,0.000308,0.000006,1.570303,-0.300000,1.000000,1.100000,0.000000,0.000000,-1.571000,0.022425,0.991662,-0.013678,0.992010
19.780000,-0.322419,0.008340,1.113677,0.002912,0.000927,-0.000581,0.000303,0.000006,1.570303,-0.300000,1.000000,1.100000,0.000000,0.000000,-1.571000,0.022419,0.991660,-0.013677,0.992008
19.782000,-0.322413,0.008342,1.113676,0.002917,0.000927,-0.000599,0.000299,0.000006,1.570303,-0.300000,1.000000,1.100000,0.000000,0.000000,-1.571000,0.022413,0.991658,-0.013676,0.992006
19.784000,-0.322407,0.008344,1.113675,0.002923,0.000928,-0.000618,0.000295,0.000006,1.570303,-0.300000,1.000000,1.100000,0.000000,0.000000,-1.571000,0.022407,0.991656,-0.013675,0.992004
19.786000,-0.322401,0.008346,1.113674,0.002929,0.000928,-0.000636,0.000291,0.000006,1.570304,-0.300000,1.000000,1.100000,0.000000,0.000000,-1.571000,0.022401,0.991654,-0.013674,0.992002
19.788000,-0.322396,0.008347,1.113672,0.002935,0.000928,-0.000655,0.000287,0.000006,1.570304,-0.300000,1.000000,1.100000,0.000000,0.000000,-1.571000,0.022396,0.991653,-0.013672,0.992000
19.790000,-0.322390,0.008349,1.113671,0.002940,0.000928,-0.000673,0.000283,0.000006,1.570304,-0.300000,1.000000,1.100000,0.000000,0.000000,-1.571000,0.022390,0.991651,-0.013671,0.991998
19.792000,-0.322384,0.008351,1.113670,0.002946,0.000928,-0.000691,0.000279,0.000006,1.570304,-0.300000,1.000000,1.100000,0.000000,0.000000,-1.571000,0.022384,0.991649,-0.013670,0.991996
19.794000,-0.322378,0.008353,1.113668,0.002951,0.000928,-0.000710,0.000275,0.000006,1.570304,-0.300000,1.000000,1.100000,0.000000,0.000000,-1.571000,0.022378,0.991647,-0.013668,0.991994
19.796000,-0.322372,0.008355,1.113667,0.002957,0.000928,-0.000728,0.000271,0.000006,1.570304,-0.300000,1.000000,1.100000,0.000000,0.000000,-1.571000,0.022372,0.991645,-0.013667,0.991992
19.798000,-0.322366,0.008357,1.113665,0.002962,0.000928,-0.000747,0.000267,0.000006,1.570304,-0.300000,1.000000,1.100000,0.000000,0.000000,-1.571000,0.022366,0.991643,-0.013665,0.991990
19.800000,-0.322360,0.008359,1.113664,0.002967,0.000928,-0.000765,0.000264,0.000005,1.570304,-0.300000,1.000000,1.100000,0.000000,0.000000,-1.571000,0.022360,0.991641,-0.013664,0.991988
19.802000,-0.322354,0.008360,1.113662,0.002972,0.000929,-0.000785,0.000261,0.000005,1.570304,-0.300000,1.000000,1.100000,0.000000,0.000000,-1.571000,0.022354,0.991640,-0.013662,0.991986
19.804000,-0.322348,0.008362,1.113661,0.002977,0.000929,-0.000804,0.000258,0.000005,1.570304,-0.300000,1.000000,1.100000,0.000000,0.000000,-1.571000,0.022348,0.991638,-0.013661,0.991984
19.806000,-0.322342,0.008364,1.113659,0.002982,0.000929,-0.000823,0.000255,0.000005,1.570304,-0.300000,1.000000,1.100000,0.000000,0.000000,-1.571000,0.022342,0.991636,-0.013659,0.991982
19.808000,-0.322336,0.008366,1.113657,0.002987,0.000929,-0.000843,0.000252,0.000005,1.570304,-0.300000,1.000000,1.100000,0.000000,0.000000,-1.571000,0.022336,0.991634,-0.013657,0.991980
19.810000,-0.322330,0.008368,1.113655,0.002992,0.000929,-0.000863,0.000250,0.000005,1.570304,-0.300000,1.000000,1.100000,0.000000,0.000000,-1.571000,0.022330,0.991632,-0.013655,0.991977
19.812000,-0.322324,0.008370,1.113654,0.002997,0.000929,-0.000882,0.000248,0.000005,1.570305,-0.300000,1.000000,1.100000,0.000000,0.000000,-1.571000,0.022324,0.991630,-0.013654,0.991975
19.814000,-0.322318,0.008372,1.113652,0.003002,0.000929,-0.000903,0.000246,0.000004,1.570305,-0.300000,1.000000,1.100000,0.000000,0.000000,-1.571000,0.022318,0.991628,-0.013652,0.991973
19.816000,-0.322312,0.008373,1.113650,0.003007,0.000929,-0.000923,0.000245,0.000004,1.570305,-0.300000,1.000000,1.100000,0.000000,0.000000,-1.571000,0.022312,0.991627,-0.013650,0.991971
19.818000,-0.322306,0.008375,1.113648,0.003012,0.000929,-0.000943,0.000243,0.000004,1.570305,-0.300000,1.000000,1.100000,0.000000,0.000000,-1.571000,0.022306,0.991625,-0.013648,0.991969
19.820000,-0.322300,0.008377,1.113646,0.003016,0.000929,-0.000963,0.000242,0.000004,1.570305,-0.300000,1.000000,1.100000,0.000000,0.000000,-1.571000,0.022300,0.991623,-0.013646,0.991967
19.822000,-0.322294,0.008379,1.113644,0.003021,0.000929,-0.000984,0.000242,0.000004,1.570305,-0.300000,1.000000,1.100000,0.000000,0.000000,-1.571000,0.022294,0.991621,-0.013644,0.991965
19.824000,-0.322288,0.008381,1.113642,0.003026,0.000929,-0.001004,0.000241,0.000003,1.570305,-0.300000,1.000000,1.100000,0.000000,0.000000,-1.571000,0.022288,0.991619,-0.013642,0.991963
19.826000,-0.322282,0.008383,1.113640,0.003031,0.000930,-0.001025,0.000241,0.000003,1.570305,-0.300000,1.000000,1.100000,0.000000,0.000000,-1.571000,0.022282,0.991617,-0.013640,0.991961
19.828000,-0.322276,0.008385,1.113638,0.003035,0.000930,-0.001046,0.000241,0.000003,1.570306,-0.300000,1.000000,1.100000,0.000000,0.000000,-1.571000,0.022276,0.991615,-0.013638,0.991959
19.830000,-0.322270,0.008386,1.113636,0.003040,0.000930,-0.001066,0.000242,0.000002,1.570306,-0.300000,1.000000,1.100000,0.000000,0.000000,-1.571000,0.022270,0.991614,-0.013636,0.991957
19.832000,-0.322264,0.008388,1.113634,0.003045,0.000930,-0.001087,0.000243,0.000002,1.570306,-0.300000,1.000000,1.100000,0.000000,0.000000,-1.571000,0.022264,0.991612,-0.013634,0.991955
19.834000,-0.322258,0.008390,1.113632,0.003050,0.000930,-0.001108,0.000244,0.000001,1.570306,-0.300000,1.000000,1.100000,0.000000,0.000000,-1.571000,0.022258,0.991610,-0.013632,0.991953
19.836000,-0.322252,0.008392,1.113630,0.003054,0.000930,-0.001129,0.000245,0.000001,1.570307,-0.300000,1.000000,1.100000,0.000000,0.000000,-1.571000,0.022252,0.991608,-0.013630,0.991951
19.838000,-0.322246,0.008394,1.113627,0.003059,0.000930,-0.001150,0.000247,0.000000,1.570307,-0.300000,1.000000,1.100000,0.000000,0.000000,-1.571000,0.022246,0.991606,-0.013627,0.991949
19.840000,-0.322239,0.008396,1.113625,0.003064,0.000930,-0.001171,0.000249,-0.000001,1.570307,-0.300000,1.000000,1.100000,0.000000,0.000000,-1.571000,0.022239,0.991604,-0.013625,0.991947
19.842000,-0.322233,0.008398,1.113623,0.003069,0.000930,-0.001192,0.000251,-0.000002,1.570308,-0.300000,1.000000,1.100000,0.000000,0.000000,-1.571000,0.022233,0.991602,-0.013623,0.991945
19.844000,-0.322227,0.008400,1.113620,0.003074,0.000930,-0.001213,0.000253,-0.000003,1.570308,-0.300000,1.000000,1.100000,0.000000,0.000000,-1.571000,0.022227,0.991600,-0.013620,0.991943
19.846000,-0.322221,0.008401,1.113618,0.003079,0.000930,-0.001234,0.000256,-0.000004,1.570309,-0.300000,1.000000,1.100000,0.000000,0.000000,-1.571000,0.022221,0.991599,-0.013618,0.991941
19.848000,-0.322215,0.008403,1.113615,0.003084,0.000930,-0.001255,0.000259,-0.000005,1.570310,-0.300000,1.000000,1.100000,0.000000,0.000000,-1.571000,0.022215,0.991597,-0.013615,0.991939
19.850000,-0.322209,0.008405,1.113613,0.003089,0.000929,-0.001276,0.000262,-0.000006,1.570310,-0.300000,1.000000,1.100000,0.000000,0.000000,-1.571000,0.022209,0.991595,-0.013613,0.991937
19.852000,-0.322203,0.008407,1.113610,0.003094,0.000929,-0.001297,0.000266,-0.000008,1.570311,-0.300000,1.000000,1.100000,0.000000,0.000000,-1.571000,0.022203,0.991593,-0.013610,0.991935
19.854000,-0.322196,0.008409,1.113607,0.003099,0.000929,-0.001318,0.000270,-0.000010,1.570311,-0.300000,1.000000,1.100000,0.000000,0.000000,-1.571000,0.022196,0.991591,-0.013607,0.991933
19.856000,-0.322190,0.008411,1.113605,0.003105,0.000929,-0.001340,0.000273,-0.000012,1.570312,-0.300000,1.000000,1.100000,0.000000,0.000000,-1.571000,0.022190,0.991589,-0.013605,0.991931
19.858000,-0.322184,0.008413,1.113602,0.003110,0.000929,-0.001361,0.000277,-0.000014,1.570313,-0.300000,1.000000,1.100000,0.000000,0.000000,-1.571000,0.022184,0.991587,-0.013602,0.991929
19.860000,-0.322178,0.008414,1.113599,0.003115,0.000928,-0.001382,0.000282,-0.000016,1.570314,-0.300000,1.000000,1.100000,0.000000,0.000000,-1.571000,0.022178,0.991586,-0.013599,0.991927
19.862000,-0.322171,0.008416,1.113596,0.003121,0.000928,-0.001403,0.000286,-0.000018,1.570315,-0.300000,1.000000,1.100000,0.000000,0.000000,-1.571000,0.022171,0.991584,-0.013596,0.991925
19.864000,-0.322165,0.008418,1.113594,0.003127,0.000928,-0.001424,0.000290,-0.000020,1.570315,-0.300000,1.000000,1.100000,0.000000,0.000000,-1.571000,0.022165,0.991582,-0.013594,0.991923
19.866000,-0.322159,0.008420,1.113591,0.003132,0.000927,-0.001446,0.000295,-0.000023,1.570316,-0.300000,1.000000,1.100000,0.000000,0.000000,-1.571000,0.022159,0.991580,-0.013591,0.991921
19.868000,-0.322153,0.008422,1.113588,0.003138,0.000927,-0.001467,0.000300,-0.000026,1.570317,-0.300000,1.000000,1.100000,0.000000,0.000000,-1.571000,0.022153,0.991578,-0.013588,0.991919
19.870000,-0.322146,0.008424,1.113585,0.003144,0.000926,-0.001488,0.000305,-0.000028,1.570318,-0.300000,1.000000,1.100000,0.000000,0.000000,-1.571000,0.022146,0.991576,-0.013585,0.991917
19.872000,-0.322140,0.008425,1.113582,0.003150,0.000926,-0.001509,0.000310,-0.000031,1.570319,-0.300000,1.000000,1.100000,0.000000,0.000000,-1.571000,0.022140,0.991575,-0.013582,0.991915
19.874000,-0.322134,0.008427,1.113579,0.003156,0.000925,-0.001531,0.000315,-0.000034,1.570320,-0.300000,1.000000,1.100000,0.000000,0.000000,-1.571000,0.022134,0.991573,-0.013579,0.991913
19.876000,-0.322127,0.008429,1.113576,0.003162,0.000924,-0.001552,0.000320,-0.000038,1.570321,-0.300000,1.000000,1.100000,0.000000,0.000000,-1.571000,0.022127,0.991571,-0.013576,0.991911
19.878000,-0.322121,0.008431,1.113573,0.003169,0.000924,-0.001573,0.000325,-0.000041,1.570322,-0.300000,1.000000,1.100000,0.000000,0.000000,-1.571000,0.022121,0.991569,-0.013573,0.991909
19.880000,-0.322115,0.008433,1.113569,0.003175,0.000923,-0.001594,0.000330,-0.000044,1.570323,-0.300000,1.000000,1.100000,0.000000,0.000000,-1.571000,0.022115,0.991567,-0.013569,0.991907
19.882000,-0.322108,0.008435,1.113566,0.003182,0.000922,-0.001615,0.000335,-0.000048,1.570324,-0.300000,1.000000,1.100000,0.000000,0.000000,-1.571000,0.022108,0.991565,-0.013566,0.991904
19.884000,-0.322102,0.008437,1.113563,0.003188,0.000921,-0.001635,0.000341,-0.000051,1.570325,-0.300000,1.000000,1.100000,0.000000,0.000000,-1.571000,0.022102,0.991563,-0.013563,0.991902
19.886000,-0.322096,0.008438,1.113560,0.003195,0.000920,-0.001655,0.000346,-0.000055,1.570326,-0.300000,1.000000,1.100000,0.000000,0.000000,-1.571000,0.022096,0.991562,-0.013560,0.991900
19.888000,-0.322089,0.008440,1.113556,0.003202,0.000919,-0.001675,0.000352,-0.000059,1.570327,-0.300000,1.000000,1.100000,0.000000,0.000000,-1.571000,0.022089,0.991560,-0.013556,0.991898
19.890000,-0.322083,0.008442,1.113553,0.003209,0.000918,-0.001695,0.000357,-0.000063,1.570328,-0.300000,1.000000,1.100000,0.000000,0.000000,-1.571000,0.022083,0.991558,-0.013553,0.991896
19.892000,-0.322076,0.008444,1.113549,0.003216,0.000916,-0.001715,0.000363,-0.000067,1.570329,-0.300000,1.000000,1.100000,0.000000,0.000000,-1.571000,0.022076,0.991556,-0.013549,0.991894
19.894000,-0.322070,0.008446,1.113546,0.003223,0.000915,-0.001734,0.000368,-0.000071,1.570331,-0.300000,1.000000,1.100000,0.000000,0.000000,-1.571000,0.022070,0.991554,-0.013546,0.991892
19.896000,-0.322063,0.008448,1.113543,0.003230,0.000914,-0.001754,0.000374,-0.000074,1.570332,-0.300000,1.000000,1.100000,0.000000,0.000000,-1.571000,0.022063,0.991552,-0.013543,0.991890
19.898000,-0.322057,0.008449,1.113539,0.003237,0.000912,-0.001773,0.000379,-0.000078,1.570333,-0.300000,1.000000,1.100000,0.000000,0.000000,-1.571000,0.022057,0.991551,-0.013539,0.991888
19.900000,-0.322051,0.008451,1.113535,0.003245,0.000911,-0.001793,0.000385,-0.000082,1.570334,-0.300000,1.000000,1.100000,0.000000,0.000000,-1.571000,0.022051,0.991549,-0.013535,0.991886
19.902000,-0.322044,0.008453,1.113532,0.003252,0.000909,-0.001812,0.000391,-0.000086,1.570335,-0.300000,1.000000,1.100000,0.000000,0.000000,-1.571000,0.022044,0.991547,-0.013532,0.991884
19.904000,-0.322038,0.008455,1.113528,0.003260,0.000907,-0.001831,0.000396,-0.000090,1.570336,-0.300000,1.000000,1.100000,0.000000,0.000000,-1.571000,0.022038,0.991545,-0.013528,0.991882
19.906000,-0.322031,0.008457,1.113524,0.003268,0.000906,-0.001850,0.000402,-0.000094,1.570337,-0.300000,1.000000,1.100000,0.000000,0.000000,-1.571000,0.022031,0.991543,-0.013524,0.991880
19.908000,-0.322024,0.008458,1.113521,0.003276,0.000904,-0.001869,0.000408,-0.000098,1.570338,-0.300000,1.000000,1.100000,0.000000,0.000000,-1.571000,0.022024,0.991542,-0.013521,0.991878
19.910000,-0.322018,0.008460,1.113517,0.003284,0.000902,-0.001888,0.000413,-0.000102,1.570339,-0.300000,1.000000,1.100000,0.000000,0.000000,-1.571000,0.022018,0.991540,-0.013517,0.991876
19.912000,-0.322011,0.008462,1.113513,0.003292,0.000900,-0.001907,0.000419,-0.000106,1.570340,-0.300000,1.000000,1.100000,0.000000,0.000000,-1.571000,0.022011,0.991538,-0.013513,0.991874
19.914000,-0.322005,0.008464,1.113509,0.003300,0.000898,-0.001925,0.000425,-0.000110,1.570341,-0.300000,1.000000,1.100000,0.000000,0.000000,-1.571000,0.022005,0.991536,-0.013509,0.991872
19.916000,-0.321998,0.008466,1.113505,0.003308,0.000895,-0.001944,0.000430,-0.000114,1.570342,-0.300000,1.000000,1.100000,0.000000,0.000000,-1.571000,0.021998,0.991534,-0.013505,0.991870
19.918000,-0.321991,0.008467,1.113502,0.003317,0.000893,-0.001963,0.000436,-0.000118,1.570343,-0.300000,1.000000,1.100000,0.000000,0.000000,-1.571000,0.021991,0.991533,-0.013502,0.991868
19.920000,-0.321985,0.008469,1.113498,0.003325,0.000891,-0.001981,0.000441,-0.000122,1.570344,-0.300000,1.000000,1.100000,0.000000,0.000000,-1.571000,0.021985,0.991531,-0.013498,0.991866
19.922000,-0.321978,0.008471,1.113494,0.003334,0.000888,-0.002000,0.000447,-0.000126,1.570345,-0.300000,1.000000,1.100000,0.000000,0.000000,-1.571000,0.021978,0.991529,-0.013494,0.991864
19.924000,-0.321971,0.008473,1.113490,0.003343,0.000886,-0.002019,0.000452,-0.000129,1.570346,-0.300000,1.000000,1.100000,0.000000,0.000000,-1.571000,0.021971,0.991527,-0.013490,0.991862
19.926000,-0.321965,0.008475,1.113485,0.003352,0.000883,-0.002037,0.000457,-0.000133,1.570347,-0.300000,1.000000,1.100000,0.000000,0.000000,-1.571000,0.021965,0.991525,-0.013485,0.991860
19.928000,-0.321958,0.008476,1.113481,0.003361,0.000881,-0.002056,0.000462,-0.000136,1.570348,-0.300000,1.000000,1.100000,0.000000,0.000000,-1.571000,0.021958,0.991524,-0.013481,0.991858
19.930000,-0.321951,0.008478,1.113477,0.003370,0.000878,-0.002074,0.000468,-0.000140,1.570349,-0.300000,1.000000,1.100000,0.000000,0.000000,-1.571000,0.021951,0.991522,-0.013477,0.991856
19.932000,-0.321945,0.008480,1.113473,0.003379,0.000875,-0.002093,0.000473,-0.000143,1.570350,-0.300000,1.000000,1.100000,0.000000,0.000000,-1.571000,0.021945,0.991520,-0.013473,0.991854
19.934000,-0.321938,0.008482,1.113469,0.003388,0.000872,-0.002111,0.000478,-0.000146,1.570351,-0.300000,1.000000,1.100000,0.000000,0.000000,-1.571000,0.021938,0.991518,-0.013469,0.991853
19.936000,-0.321931,0.008483,1.113465,0.003397,0.000870,-0.002130,0.000482,-0.000149,1.570351,-0.300000,1.000000,1.100000,0.000000,0.000000,-1.571000,0.021931,0.991517,-0.013465,0.991851
19.938000,-0.321924,0.008485,1.113460,0.003407,0.000867,-0.002148,0.000487,-0.000152,1.570352,-0.300000,1.000000,1.100000,0.000000,0.000000,-1.571000,0.021924,0.991515,-0.013460,0.991849
19.940000,-0.321917,0.008487,1.113456,0.003417,0.000864,-0.002167,0.000492,-0.000155,1.570353,-0.300000,1.000000,1.100000,0.000000,0.000000,-1.571000,0.021917,0.991513,-0.013456,0.991847
19.942000,-0.321911,0.008489,1.113452,0.003426,0.000861,-0.002185,0.000496,-0.000158,1.570354,-0.300000,1.000000,1.100000,0.000000,0.000000,-1.571000,0.021911,0.991511,-0.013452,0.991845
19.944000,-0.321904,0.008490,1.113447,0.003436,0.000857,-0.002203,0.000501,-0.000160,1.570354,-0.300000,1.000000,1.100000,0.000000,0.000000,-1.571000,0.021904,0.991510,-0.013447,0.991843
19.946000,-0.321897,0.008492,1.113443,0.003446,0.000854,-0.002222,0.000505,-0.000162,1.570355,-0.300000,1.000000,1.100000,0.000000,0.000000,-1.571000,0.021897,0.991508,-0.013443,0.991841
19.948000,-0.321890,0.008494,1.113438,0.003456,0.000851,-0.002240,0.000509,-0.000165,1.570356,-0.300000,1.000000,1.100000,0.000000,0.000000,-1.571000,0.021890,0.991506,-0.013438,0.991839
19.950000,-0.321883,0.008495,1.113434,0.003466,0.000848,-0.002258,0.000512,-0.000167,1.570357,-0.300000,1.000000,1.100000,0.000000,0.000000,-1.571000,0.021883,0.991505,-0.013434,0.991837
19.952000,-0.321876,0.008497,1.113429,0.003476,0.000845,-0.002277,0.000515,-0.000169,1.570357,-0.300000,1.000000,1.100000,0.000000,0.000000,-1.571000,0.021876,0.991503,-0.013429,0.991835
19.954000,-0.321869,0.008499,1.113425,0.003486,0.000841,-0.002295,0.000518,-0.000171,1.570358,-0.300000,1.000000,1.100000,0.000000,0.000000,-1.571000,0.021869,0.991501,-0.013425,0.991833
19.956000,-0.321862,0.008500,1.113420,0.003496,0.000838,-0.002314,0.000521,-0.000172,1.570359,-0.300000,1.000000,1.100000,0.000000,0.000000,-1.571000,0.021862,0.991500,-0.013420,0.991831
19.958000,-0.321855,0.008502,1.113415,0.003506,0.000835,-0.002332,0.000523,-0.000174,1.570359,-0.300000,1.000000,1.100000,0.000000,0.000000,-1.571000,0.021855,0.991498,-0.013415,0.991830
19.960000,-0.321848,0.008504,1.113411,0.003516,0.000831,-0.002350,0.000525,-0.000176,1.570360,-0.300000,1.000000,1.100000,0.000000,0.000000,-1.571000,0.021848,0.991496,-0.013411,0.991828
19.962000,-0.321841,0.008505,1.113406,0.003527,0.000828,-0.002369,0.000527,-0.000177,1.570361,-0.300000,1.000000,1.100000,0.000000,0.000000,-1.571000,0.021841,0.991495,-0.013406,0.991826
19.964000,-0.321834,0.008507,1.113401,0.003537,0.000824,-0.002387,0.000528,-0.000178,1.570361,-0.300000,1.000000,1.100000,0.000000,0.000000,-1.571000,0.021834,0.991493,-0.013401,0.991824
19.966000,-0.321827,0.008509,1.113396,0.003547,0.000821,-0.002405,0.000529,-0.000180,1.570362,-0.300000,1.000000,1.100000,0.000000,0.000000,-1.571000,0.021827,0.991491,-0.013396,0.991822
19.968000,-0.321820,0.008510,1.113392,0.003558,0.000817,-0.002424,0.000529,-0.000181,1.570363,-0.300000,1.000000,1.100000,0.000000,0.000000,-1.571000,0.021820,0.991490,-0.013392,0.991820
19.970000,-0.321813,0.008512,1.113387,0.003568,0.000814,-0.002442,0.000529,-0.000182,1.570363,-0.300000,1.000000,1.100000,0.000000,0.000000,-1.571000,0.021813,0.991488,-0.013387,0.991818
19.972000,-0.321805,0.008514,1.113382,0.003578,0.000810,-0.002460,0.000529,-0.000183,1.570364,-0.300000,1.000000,1.100000,0.000000,0.000000,-1.571000,0.021805,0.991486,-0.013382,0.991816
19.974000,-0.321798,0.008515,1.113377,0.003589,0.000806,-0.002479,0.000528,-0.000184,1.570365,-0.300000,1.000000,1.100000,0.000000,0.000000,-1.571000,0.021798,0.991485,-0.013377,0.991815
19.976000,-0.321791,0.008517,1.113372,0.003599,0.000803,-0.002497,0.000527,-0.000185,1.570365,-0.300000,1.000000,1.100000,0.000000,0.000000,-1.571000,0.021791,0.991483,-0.013372,0.991813
19.978000,-0.321784,0.008518,1.113367,0.003609,0.000799,-0.002515,0.000525,-0.000186,1.570366,-0.300000,1.000000,1.100000,0.000000,0.000000,-1.571000,0.021784,0.991482,-0.013367,0.991811
19.980000,-0.321777,0.008520,1.113362,0.003620,0.000796,-0.002534,0.000523,-0.000187,1.570367,-0.300000,1.000000,1.100000,0.000000,0.000000,-1.571000,0.021777,0.991480,-0.013362,0.991809
19.982000,-0.321769,0.008522,1.113357,0.003630,0.000792,-0.002552,0.000521,-0.000187,1.570367,-0.300000,1.000000,1.100000,0.000000,0.000000,-1.571000,0.021769,0.991478,-0.013357,0.991807
19.984000,-0.321762,0.008523,1.113352,0.003640,0.000788,-0.002570,0.000518,-0.000188,1.570368,-0.300000,1.000000,1.100000,0.000000,0.000000,-1.571000,0.021762,0.991477,-0.013352,0.991806
19.986000,-0.321755,0.008525,1.113346,0.003650,0.000785,-0.002588,0.000515,-0.000189,1.570368,-0.300000,1.000000,1.100000,0.000000,0.000000,-1.571000,0.021755,0.991475,-0.013346,0.991804
19.988000,-0.321747,0.008526,1.113341,0.003660,0.000781,-0.002607,0.000512,-0.000189,1.570369,-0.300000,1.000000,1.100000,0.000000,0.000000,-1.571000,0.021747,0.991474,-0.013341,0.991802
19.990000,-0.321740,0.008528,1.113336,0.003670,0.000777,-0.002625,0.000508,-0.000190,1.570369,-0.300000,1.000000,1.100000,0.000000,0.000000,-1.571000,0.021740,0.991472,-0.013336,0.991800
19.992000,-0.321733,0.008529,1.113331,0.003680,0.000773,-0.002643,0.000504,-0.000190,1.570370,-0.300000,1.000000,1.100000,0.000000,0.000000,-1.571000,0.021733,0.991471,-0.013331,0.991798
19.994000,-0.321725,0.008531,1.113325,0.003690,0.000770,-0.002662,0.000500,-0.000190,1.570370,-0.300000,1.000000,1.100000,0.000000,0.000000,-1.571000,0.021725,0.991469,-0.013325,0.991797
19.996000,-0.321718,0.008532,1.113320,0.003700,0.000766,-0.002680,0.000496,-0.000191,1.570371,-0.300000,1.000000,1.100000,0.000000,0.000000,-1.571000,0.021718,0.991468,-0.013320,0.991795
19.998000,-0.321711,0.008534,1.113315,0.003710,0.000762,-0.002698,0.000491,-0.000191,1.570371,-0.300000,1.000000,1.100000,0.000000,0.000000,-1.571000,0.021711,0.991466,-0.013315,0.991793
20.000000,-0.321703,0.008536,1.113309,0.003719,0.000758,-0.002717,0.000486,-0.000191,1.570372,-0.300000,1.000000,1.100000,0.000000,0.000000,-1.571000,0.021703,0.991464,-0.013309,0.991791
20.002000,-0.321696,0.008537,1.113304,0.003729,0.000755,-0.002735,0.000481,-0.000191,1.570372,-0.300000,1.000000,1.100000,0.000000,0.000000,-1.571000,0.021696,0.991463,-0.013304,0.991790
20.004000,-0.321688,0.008539,1.113298,0.003738,0.000751,-0.002753,0.000475,-0.000191,1.570372,-0.300000,1.000000,1.100000,0.000000,0.000000,-1.571000,0.021688,0.991461,-0.013298,0.991788
20.006000,-0.321681,0.008540,1.113293,0.003747,0.000747,-0.002772,0.000470,-0.000191,1.570373,-0.300000,1.000000,1.100000,0.000000,0.000000,-1.571000,0.021681,0.991460,-0.013293,0.991786
20.008000,-0.321673,0.008542,1.113287,0.003756,0.000744,-0.002790,0.000464,-0.000191,1.570373,-0.300000,1.000000,1.100000,0.000000,0.000000,-1.571000,0.021673,0.991458,-0.013287,0.991784
20.010000,-0.321666,0.008543,1.113282,0.003765,0.000740,-0.002808,0.000458,-0.000191,1.570373,-0.300000,1.000000,1.100000,0.000000,0.000000,-1.571000,0.021666,0.991457,-0.013282,0.991783
20.012000,-0.321658,0.008544,1.113276,0.003774,0.000736,-0.002826,0.000452,-0.000191,1.570373,-0.300000,1.000000,1.100000,0.000000,0.000000,-1.571000,0.021658,0.991456,-0.013276,0.991781
20.014000,-0.321651,0.008546,1.113270,0.003783,0.000732,-0.002844,0.000446,-0.000190,1.570373,-0.300000,1.000000,1.100000,0.000000,0.000000,-1.571000,0.021651,0.991454,-0.013270,0.991779
20.016000,-0.321643,0.008547,1.113264,0.003792,0.000729,-0.002861,0.000440,-0.000190,1.570374,-0.300000,1.000000,1.100000,0.000000,0.000000,-1.571000,0.021643,0.991453,-0.013264,0.991778
20.018000,-0.321635,0.008549,1.113259,0.003801,0.000725,-0.002878,0.000434,-0.000190,1.570374,-0.300000,1.000000,1.100000,0.000000,0.000000,-1.571000,0.021635,0.991451,-0.013259,0.991776
20.020000,-0.321628,0.008550,1.113253,0.003809,0.000721,-0.002893,0.000427,-0.000189,1.570374,-0.300000,1.000000,1.100000,0.000000,0.000000,-1.571000,0.021628,0.991450,-0.013253,0.991774
20.022000,-0.321620,0.008552,1.113247,0.003817,0.000717,-0.002909,0.000421,-0.000189,1.570374,-0.300000,1.000000,1.100000,0.000000,0.000000,-1.571000,0.021620,0.991448,-0.013247,0.991772
20.024000,-0.321613,0.008553,1.113241,0.003826,0.000714,-0.002923,0.000414,-0.000188,1.570374,-0.300000,1.000000,1.100000,0.000000,0.000000,-1.571000,0.021613,0.991447,-0.013241,0.991771
20.026000,-0.321605,0.008555,1.113235,0.003834,0.000710,-0.002938,0.000408,-0.000188,1.570374,-0.300000,1.000000,1.100000,0.000000,0.000000,-1.571000,0.021605,0.991445,-0.013235,0.991769
20.028000,-0.321597,0.008556,1.113230,0.003842,0.000706,-0.002952,0.000401,-0.000187,1.570374,-0.300000,1.000000,1.100000,0.000000,0.000000,-1.571000,0.021597,0.991444,-0.013230,0.991767
20.030000,-0.321589,0.008557,1.113224,0.003849,0.000703,-0.002966,0.000394,-0.000187,1.570374,-0.300000,1.000000,1.100000,0.000000,0.000000,-1.571000,0.021589,0.991443,-0.013224,0.991766
20.032000,-0.321582,0.008559,1.113218,0.003857,0.000699,-0.002980,0.000387,-0.000186,1.570374,-0.300000,1.000000,1.100000,0.000000,0.000000,-1.571000,0.021582,0.991441,-0.013218,0.991764
20.034000,-0.321574,0.008560,1.113212,0.003865,0.000695,-0.002994,0.000381,-0.000185,1.570374,-0.300000,1.000000,1.100000,0.000000,0.000000,-1.571000,0.021574,0.991440,-0.013212,0.991763
20.036000,-0.321566,0.008562,1.113206,0.003872,0.000692,-0.003007,0.000374,-0.000184,1.570374,-0.300000,1.000000,1.100000,0.000000,0.000000,-1.571000,0.021566,0.991438,-0.013206,0.991761
20.038000,-0.321559,0.008563,1.113200,0.003879,0.000688,-0.003021,0.000367,-0.000184,1.570374,-0.300000,1.000000,1.100000,0.000000,0.000000,-1.571000,0.021559,0.991437,-0.013200,0.991759
20.040000,-0.321551,0.008564,1.113194,0.003886,0.000685,-0.003034,0.000360,-0.000183,1.570374,-0.300000,1.000000,1.100000,0.000000,0.000000,-1.571000,0.021551,0.991436,-0.013194,0.991758
20.042000,-0.321543,0.008566,1.113187,0.003893,0.000681,-0.003047,0.000353,-0.000182,1.570373,-0.300000,1.000000,1.100000,0.000000,0.000000,-1.571000,0.021543,0.991434,-0.013187,0.991756
20.044000,-0.321535,0.008567,1.113181,0.003900,0.000677,-0.003061,0.000347,-0.000181,1.570373,-0.300000,1.000000,1.100000,0.000000,0.000000,-1.571000,0.021535,0.991433,-0.013181,0.991754
20.046000,-0.321527,0.008568,1.113175,0.003907,0.000674,-0.003074,0.000340,-0.000180,1.570373,-0.300000,1.000000,1.100000,0.000000,0.000000,-1.571000,0.021527,0.991432,-0.013175,0.991753
20.048000,-0.321520,0.008570,1.113169,0.003914,0.000670,-0.003086,0.000333,-0.000179,1.570373,-0.300000,1.000000,1.100000,0.000000,0.000000,-1.571000,0.021520,0.991430,-0.013169,0.991751
20.050000,-0.321512,0.008571,1.113163,0.003920,0.000667,-0.003098,0.000326,-0.000178,1.570373,-0.300000,1.000000,1.100000,0.000000,0.000000,-1.571000,0.021512,0.991429,-0.013163,0.991750
20.052000,-0.321504,0.008572,1.113157,0.003927,0.000663,-0.003111,0.000320,-0.000177,1.570373,-0.300000,1.000000,1.100000,0.000000,0.000000,-1.571000,0.021504,0.991428,-0.013157,0.991748
20.054000,-0.321496,0.008574,1.113150,0.003933,0.000660,-0.003122,0.000313,-0.000176,1.570373,-0.300000,1.000000,1.100000,0.000000,0.000000,-1.571000,0.021496,0.991426,-0.013150,0.991746
20.056000,-0.321488,0.008575,1.113144,0.003939,0.000656,-0.003134,0.000307,-0.000175,1.570373,-0.300000,1.000000,1.100000,0.000000,0.000000,-1.571000,0.021488,0.991425,-0.013144,0.991745
20.058000,-0.321480,0.008576,1.113138,0.003945,0.000653,-0.003145,0.000300,-0.000174,1.570373,-0.300000,1.000000,1.100000,0.000000,0.000000,-1.571000,0.021480,0.991424,-0.013138,0.991743
20.060000,-0.321472,0.008578,1.113132,0.003951,0.000650,-0.003156,0.000294,-0.000174,1.570373,-0.300000,1.000000,1.100000,0.000000,0.000000,-1.571000,0.021472,0.991422,-0.013132,0.991742
20.062000,-0.321464,0.008579,1.113125,0.003956,0.000646,-0.003167,0.000288,-0.000173,1.570373,-0.300000,1.000000,1.100000,0.000000,0.000000,-1.571000,0.021464,0.991421,-0.013125,0.991740
20.064000,-0.321457,0.008580,1.113119,0.003962,0.000643,-0.003178,0.000282,-0.000172,1.570373,-0.300000,1.000000,1.100000,0.000000,0.000000,-1.571000,0.021457,0.991420,-0.013119,0.991739
20.066000,-0.321449,0.008582,1.113113,0.003968,0.000639,-0.003189,0.000276,-0.000171,1.570373,-0.300000,1.000000,1.100000,0.000000,0.000000,-1.571000,0.021449,0.991418,-0.013113,0.991737
20.068000,-0.321441,0.008583,1.113106,0.003973,0.000636,-0.003199,0.000270,-0.000171,1.570373,-0.300000,1.000000,1.100000,0.000000,0.000000,-1.571000,0.021441,0.991417,-0.013106,0.991736
20.070000,-0.321433,0.008584,1.113100,0.003978,0.000633,-0.003210,0.000265,-0.000170,1.570373,-0.300000,1.000000,1.100000,0.000000,0.000000,-1.571000,0.021433,0.991416,-0.013100,0.991734
20.072000,-0.321425,0.008585,1.113093,0.003983,0.000629,-0.003220,0.000259,-0.000170,1.570373,-0.300000,1.000000,1.100000,0.000000,0.000000,-1.571000,0.021425,0.991415,-0.013093,0.991733
20.074000,-0.321417,0.008587,1.113087,0.003988,0.000626,-0.003230,0.000254,-0.000169,1.570372,-0.300000,1.000000,1.100000,0.000000,0.000000,-1.571000,0.021417,0.991413,-0.013087,0.991731
20.076000,-0.321409,0.008588,1.113080,0.003993,0.000623,-0.003240,0.000249,-0.000169,1.570372,-0.300000,1.000000,1.100000,0.000000,0.000000,-1.571000,0.021409,0.991412,-0.013080,0.991730
20.078000,-0.321401,0.008589,1.113074,0.003998,0.000619,-0.003250,0.000244,-0.000168,1.570372,-0.300000,1.000000,1.100000,0.000000,0.000000,-1.571000,0.021401,0.991411,-0.013074,0.991728
20.080000,-0.321393,0.008590,1.113067,0.004003,0.000616,-0.003260,0.000240,-0.000168,1.570372,-0.300000,1.000000,1.100000,0.000000,0.000000,-1.571000,0.021393,0.991410,-0.013067,0.991727
20.082000,-0.321385,0.008592,1.113061,0.004008,0.000613,-0.003270,0.000236,-0.000168,1.570372,-0.300000,1.000000,1.100000,0.000000,0.000000,-1.571000,0.021385,0.991408,-0.013061,0.991725
20.084000,-0.321377,0.008593,1.113054,0.004012,0.000610,-0.003280,0.000231,-0.000167,1.570372,-0.300000,1.000000,1.100000,0.000000,0.000000,-1.571000,0.021377,0.991407,-0.013054,0.991724
20.086000,-0.321369,0.008594,1.113048,0.004017,0.000606,-0.003290,0.000228,-0.000167,1.570372,-0.300000,1.000000,1.100000,0.000000,0.000000,-1.571000,0.021369,0.991406,-0.013048,0.991722
20.088000,-0.321361,0.008595,1.113041,0.004021,0.000603,-0.003300,0.000224,-0.000167,1.570372,-0.300000,1.000000,1.100000,0.000000,0.000000,-1.571000,0.021361,0.991405,-0.013041,0.991721
20.090000,-0.321353,0.008596,1.113034,0.004026,0.000600,-0.003309,0.000221,-0.000167,1.570372,-0.300000,1.000000,1.100000,0.000000,0.000000,-1.571000,0.021353,0.991404,-0.013034,0.991719
20.092000,-0.321345,0.008598,1.113028,0.004030,0.000596,-0.003319,0.000217,-0.000167,1.570372,-0.300000,1.000000,1.100000,0.000000,0.000000,-1.571000,0.021345,0.991402,-0.013028,0.991718
20.094000,-0.321336,0.008599,1.113021,0.004034,0.000593,-0.003329,0.000214,-0.000167,1.570371,-0.300000,1.000000,1.100000,0.000000,0.000000,-1.571000,0.021336,0.991401,-0.013021,0.991716
20.096000,-0.321328,0.008600,1.113015,0.004038,0.000590,-0.003338,0.000211,-0.000167,1.570371,-0.300000,1.000000,1.100000,0.000000,0.000000,-1.571000,0.021328,0.991400,-0.013015,0.991715
20.098000,-0.321320,0.008601,1.113008,0.004042,0.000587,-0.003348,0.000209,-0.000167,1.570371,-0.300000,1.000000,1.100000,0.000000,0.000000,-1.571000,0.021320,0.991399,-0.013008,0.991713
20.100000,-0.321312,0.008602,1.113001,0.004046,0.000583,-0.003357,0.000206,-0.000167,1.570371,-0.300000,1.000000,1.100000,0.000000,0.000000,-1.571000,0.021312,0.991398,-0.013001,0.991712
20.102000,-0.321304,0.008603,1.112994,0.004050,0.000580,-0.003367,0.000204,-0.000168,1.570371,-0.300000,1.000000,1.100000,0.000000,0.000000,-1.571000,0.021304,0.991397,-0.012994,0.991711
20.104000,-0.321296,0.008605,1.112988,0.004054,0.000577,-0.003376,0.000202,-0.000168,1.570371,-0.300000,1.000000,1.100000,0.000000,0.000000,-1.571000,0.021296,0.991395,-0.012988,0.991709
20.106000,-0.321288,0.008606,1.112981,0.004058,0.000574,-0.003386,0.000200,-0.000168,1.570371,-0.300000,1.000000,1.100000,0.000000,0.000000,-1.571000,0.021288,0.991394,-0.012981,0.991708
20.108000,-0.321280,0.008607,1.112974,0.004062,0.000570,-0.003395,0.000199,-0.000168,1.570371,-0.300000,1.000000,1.100000,0.000000,0.000000,-1.571000,0.021280,0.991393,-0.012974,0.991706
20.110000,-0.321272,0.008608,1.112967,0.004066,0.000567,-0.003404,0.000197,-0.000169,1.570370,-0.300000,1.000000,1.100000,0.000000,0.000000,-1.571000,0.021272,0.991392,-0.012967,0.991705
20.112000,-0.321264,0.008609,1.112960,0.004070,0.000564,-0.003414,0.000196,-0.000169,1.570370,-0.300000,1.000000,1.100000,0.000000,0.000000,-1.571000,0.021264,0.991391,-0.012960,0.991704
20.114000,-0.321255,0.008610,1.112954,0.004074,0.000560,-0.003423,0.000195,-0.000169,1.570370,-0.300000,1.000000,1.100000,0.000000,0.000000,-1.571000,0.021255,0.991390,-0.012954,0.991702
20.116000,-0.321247,0.008611,1.112947,0.004078,0.000557,-0.003433,0.000194,-0.000170,1.570370,-0.300000,1.000000,1.100000,0.000000,0.000000,-1.571000,0.021247,0.991389,-0.012947,0.991701
20.118000,-0.321239,0.008612,1.112940,0.004082,0.000554,-0.003442,0.000193,-0.000170,1.570370,-0.300000,1.000000,1.100000,0.000000,0.000000,-1.571000,0.021239,0.991388,-0.012940,0.991699
20.120000,-0.321231,0.008614,1.112933,0.004085,0.000550,-0.003451,0.000192,-0.000171,1.570370,-0.300000,1.000000,1.100000,0.000000,0.000000,-1.571000,0.021231,0.991386,-0.012933,0.991698
20.122000,-0.321223,0.008615,1.112926,0.004089,0.000547,-0.003461,0.000192,-0.000171,1.570370,-0.300000,1.000000,1.100000,0.000000,0.000000,-1.571000,0.021223,0.991385,-0.012926,0.991697
20.124000,-0.321215,0.008616,1.112919,0.004093,0.000544,-0.003470,0.000191,-0.000171,1.570370,-0.300000,1.000000,1.100000,0.000000,0.000000,-1.571000,0.021215,0.991384,-0.012919,0.991695
20.126000,-0.321206,0.008617,1.112912,0.004097,0.000540,-0.003479,0.000191,-0.000172,1.570370,-0.300000,1.000000,1.100000,0.000000,0.000000,-1.571000,0.021206,0.991383,-0.012912,0.991694
20.128000,-0.321198,0.008618,1.112905,0.004100,0.000537,-0.003489,0.000191,-0.000172,1.570370,-0.300000,1.000000,1.100000,0.000000,0.000000,-1.571000,0.021198,0.991382,-0.012905,0.991693
20.130000,-0.321190,0.008619,1.112898,0.004104,0.000534,-0.003498,0.000191,-0.000173,1.570370,-0.300000,1.000000,1.100000,0.000000,0.000000,-1.571000,0.021190,0.991381,-0.012898,0.991691
20.132000,-0.321182,0.008620,1.112891,0.004108,0.000530,-0.003507,0.000191,-0.000173,1.570370,-0.300000,1.000000,1.100000,0.000000,0.000000,-1.571000,0.021182,0.991380,-0.012891,0.991690
20.134000,-0.321174,0.008621,1.112884,0.004112,0.000527,-0.003517,0.000191,-0.000174,1.570370,-0.300000,1.000000,1.100000,0.000000,0.000000,-1.571000,0.021174,0.991379,-0.012884,0.991689
20.136000,-0.321165,0.008622,1.112877,0.004115,0.000523,-0.003526,0.000192,-0.000175,1.570370,-0.300000,1.000000,1.100000,0.000000,0.000000,-1.571000,0.021165,0.991378,-0.012877,0.991687
20.138000,-0.321157,0.008623,1.112870,0.004119,0.000520,-0.003535,0.000192,-0.000175,1.570370,-0.300000,1.000000,1.100000,0.000000,0.000000,-1.571000,0.021157,0.991377,-0.012870,0.991686
20.140000,-0.321149,0.008624,1.112863,0.004123,0.000516,-0.003545,0.000193,-0.000176,1.570370,-0.300000,1.000000,1.100000,0.000000,0.000000,-1.571000,0.021149,0.991376,-0.012863,0.991685
20.142000,-0.321141,0.008625,1.112856,0.004127,0.000513,-0.003554,0.000193,-0.000176,1.570370,-0.300000,1.000000,1.100000,0.000000,0.000000,-1.571000,0.021141,0.991375,-0.012856,0.991683
20.144000,-0.321132,0.008626,1.112849,0.004130,0.000510,-0.003563,0.000194,-0.000177,1.570370,-0.300000,1.000000,1.100000,0.000000,0.000000,-1.571000,0.021132,0.991374,-0.012849,0.991682
20.146000,-0.321124,0.008627,1.112842,0.004134,0.000506,-0.003572,0.000195,-0.000178,1.570370,-0.300000,1.000000,1.100000,0.000000,0.000000,-1.571000,0.021124,0.991373,-0.012842,0.991681
20.148000,-0.321116,0.008628,1.112834,0.004138,0.000503,-0.003582,0.000196,-0.000178,1.570370,-0.300000,1.000000,1.100000,0.000000,0.000000,-1.571000,0.021116,0.991372,-0.012834,0.991680
20.150000,-0.321107,0.008629,1.112827,0.004142,0.000499,-0.003591,0.000197,-0.000179,1.570370,-0.300000,1.000000,1.100000,0.000000,0.000000,-1.571000,0.021107,0.991371,-0.012827,0.991678
20.152000,-0.321099,0.008630,1.112820,0.004146,0.000496,-0.003600,0.000198,-0.000179,1.570370,-0.300000,1.000000,1.100000,0.000000,0.000000,-1.571000,0.021099,0.991370,-0.012820,0.991677
20.154000,-0.321091,0.008631,1.112813,0.004150,0.000492,-0.003609,0.000199,-0.000180,1.570370,-0.300000,1.000000,1.100000,0.000000,0.000000,-1.571000,0.021091,0.991369,-0.012813,0.991676
20.156000,-0.321083,0.008632,1.112806,0.004153,0.000489,-0.003619,0.000200,-0.000180,1.570370,-0.300000,1.000000,1.100000,0.000000,0.000000,-1.571000,0.021083,0.991368,-0.012806,0.991675
20.158000,-0.321074,0.008633,1.112798,0.004157,0.000485,-0.003628,0.000201,-0.000181,1.570370,-0.300000,1.000000,1.100000,0.000000,0.000000,-1.571000,0.021074,0.991367,-0.012798,0.991673
20.160000,-0.321066,0.008634,1.112791,0.004161,0.000481,-0.003637,0.000202,-0.000181,1.570370,-0.300000,1.000000,1.100000,0.000000,0.000000,-1.571000,0.021066,0.991366,-0.012791,0.991672
20.162000,-0.321058,0.008635,1.112784,0.004165,0.000478,-0.003647,0.000203,-0.000182,1.570370,-0.300000,1.000000,1.100000,0.000000,0.000000,-1.571000,0.021058,0.991365,-0.012784,0.991671
20.164000,-0.321049,0.008636,1.112777,0.004169,0.000474,-0.003656,0.000204,-0.000182,1.570370,-0.300000,1.000000,1.100000,0.000000,0.000000,-1.571000,0.021049,0.991364,-0.012777,0.991670
20.166000,-0.321041,0.008637,1.112769,0.004173,0.000471,-0.003665,0.000205,-0.000182,1.570370,-0.300000,1.000000,1.100000,0.000000,0.000000,-1.571000,0.021041,0.991363,-0.012769,0.991668
20.168000,-0.321033,0.008638,1.112762,0.004177,0.000467,-0.003674,0.000207,-0.000183,1.570370,-0.300000,1.000000,1.100000,0.000000,0.000000,-1.571000,0.021033,0.991362,-0.012762,0.991667
20.170000,-0.321024,0.008639,1.112754,0.004181,0.000464,-0.003684,0.000208,-0.000183,1.570370,-0.300000,1.000000,1.100000,0.000000,0.000000,-1.571000,0.021024,0.991361,-0.012754,0.991666
20.172000,-0.321016,0.008640,1.112747,0.004185,0.000460,-0.003693,0.000209,-0.000184,1.570370,-0.300000,1.000000,1.100000,0.000000,0.000000,-1.571000,0.021016,0.991360,-0.012747,0.991665
20.174000,-0.321007,0.008641,1.112740,0.004190,0.000456,-0.003702,0.000211,-0.000184,1.570370,-0.300000,1.000000,1.100000,0.000000,0.000000,-1.571000,0.021007,0.991359,-0.012740,0.991664
20.176000,-0.320999,0.008642,1.112732,0.004194,0.000453,-0.003711,0.000212,-0.000184,1.570370,-0.300000,1.000000,1.100000,0.000000,0.000000,-1.571000,0.020999,0.991358,-0.012732,0.991662
20.178000,-0.320991,0.008643,1.112725,0.004198,0.000449,-0.003721,0.000213,-0.000185,1.570370,-0.300000,1.000000,1.100000,0.000000,0.000000,-1.571000,0.020991,0.991357,-0.012725,0.991661
20.180000,-0.320982,0.008643,1.112717,0.004202,0.000446,-0.003730,0.000215,-0.000185,1.570369,-0.300000,1.000000,1.100000,0.000000,0.000000,-1.571000,0.020982,0.991357,-0.012717,0.991660
20.182000,-0.320974,0.008644,1.112710,0.004206,0.000442,-0.003739,0.000216,-0.000185,1.570369,-0.300000,1.000000,1.100000,0.000000,0.000000,-1.571000,0.020974,0.991356,-0.012710,0.991659
20.184000,-0.320965,0.008645,1.112702,0.004210,0.000438,-0.003748,0.000218,-0.000186,1.570369,-0.300000,1.000000,1.100000,0.000000,0.000000,-1.571000,0.020965,0.991355,-0.012702,0.991658
20.186000,-0.320957,0.008646,1.112695,0.004215,0.000435,-0.003758,0.000219,-0.000186,1.570369,-0.300000,1.000000,1.100000,0.000000,0.000000,-1.571000,0.020957,0.991354,-0.012695,0.991657
20.188000,-0.320949,0.008647,1.112687,0.004219,0.000431,-0.003767,0.000220,-0.000186,1.570369,-0.300000,1.000000,1.100000,0.000000,0.000000,-1.571000,0.020949,0.991353,-0.012687,0.991656
20.190000,-0.320940,0.008648,1.112680,0.004223,0.000427,-0.003776,0.000222,-0.000187,1.570369,-0.300000,1.000000,1.100000,0.000000,0.000000,-1.571000,0.020940,0.991352,-0.012680,0.991654
20.192000,-0.320932,0.008649,1.112672,0.004228,0.000424,-0.003785,0.000223,-0.000187,1.570369,-0.300000,1.000000,1.100000,0.000000,0.000000,-1.571000,0.020932,0.991351,-0.012672,0.991653
20.194000,-0.320923,0.008649,1.112665,0.004232,0.000420,-0.003795,0.000225,-0.000187,1.570369,-0.300000,1.000000,1.100000,0.000000,0.000000,-1.571000,0.020923,0.991351,-0.012665,0.991652
20.196000,-0.320915,0.008650,1.112657,0.004236,0.000416,-0.003804,0.000226,-0.000187,1.570369,-0.300000,1.000000,1.100000,0.000000,0.000000,-1.571000,0.020915,0.991350,-0.012657,0.991651
20.198000,-0.320906,0.008651,1.112649,0.004241,0.000413,-0.003813,0.000228,-0.000187,1.570369,-0.300000,1.000000,1.100000,0.000000,0.000000,-1.571000,0.020906,0.991349,-0.012649,0.991650
20.200000,-0.320898,0.008652,1.112642,0.004245,0.000409,-0.003822,0.000229,-0.000187,1.570369,-0.300000,1.000000,1.100000,0.000000,0.000000,-1.571000,0.020898,0.991348,-0.012642,0.991649
20.202000,-0.320889,0.008653,1.112634,0.004250,0.000405,-0.003832,0.000230,-0.000187,1.570369,-0.300000,1.000000,1.100000,0.000000,0.000000,-1.571000,0.020889,0.991347,-0.012634,0.991648
20.204000,-0.320881,0.008654,1.112626,0.004254,0.000402,-0.003841,0.000232,-0.000187,1.570369,-0.300000,1.000000,1.100000,0.000000,0.000000,-1.571000,0.020881,0.991346,-0.012626,0.991647
20.206000,-0.320872,0.008654,1.112619,0.004259,0.000398,-0.003850,0.000233,-0.000187,1.570369,-0.300000,1.000000,1.100000,0.000000,0.000000,-1.571000,0.020872,0.991346,-0.012619,0.991646
20.208000,-0.320864,0.008655,1.112611,0.004263,0.000394,-0.003859,0.000235,-0.000187,1.570369,-0.300000,1.000000,1.100000,0.000000,0.000000,-1.571000,0.020864,0.991345,-0.012611,0.991645
20.210000,-0.320855,0.008656,1.112603,0.004268,0.000391,-0.003869,0.000236,-0.000187,1.570369,-0.300000,1.000000,1.100000,0.000000,0.000000,-1.571000,0.020855,0.991344,-0.012603,0.991643
20.212000,-0.320847,0.008657,1.112596,0.004273,0.000387,-0.003878,0.000238,-0.000187,1.570369,-0.300000,1.000000,1.100000,0.000000,0.000000,-1.571000,0.020847,0.991343,-0.012596,0.991642
20.214000,-0.320838,0.008658,1.112588,0.004277,0.000383,-0.003887,0.000239,-0.000186,1.570369,-0.300000,1.000000,1.100000,0.000000,0.000000,-1.571000,0.020838,0.991342,-0.012588,0.991641
20.216000,-0.320830,0.008658,1.112580,0.004282,0.000380,-0.003896,0.000241,-0.000186,1.570369,-0.300000,1.000000,1.100000,0.000000,0.000000,-1.571000,0.020830,0.991342,-0.012580,0.991640
20.218000,-0.320821,0.008659,1.112572,0.004287,0.000376,-0.003906,0.000242,-0.000186,1.570369,-0.300000,1.000000,1.100000,0.000000,0.000000,-1.571000,0.020821,0.991341,-0.012572,0.991639
20.220000,-0.320812,0.008660,1.112564,0.004292,0.000372,-0.003915,0.000244,-0.000185,1.570369,-0.300000,1.000000,1.100000,0.000000,0.000000,-1.571000,0.020812,0.991340,-0.012564,0.991638
20.222000,-0.320804,0.008661,1.112557,0.004296,0.000369,-0.003924,0.000245,-0.000185,1.570369,-0.300000,1.000000,1.100000,0.000000,0.000000,-1.571000,0.020804,0.991339,-0.012557,0.991637
20.224000,-0.320795,0.008661,1.112549,0.004301,0.000365,-0.003933,0.000247,-0.000184,1.570369,-0.300000,1.000000,1.100000,0.000000,0.000000,-1.571000,0.020795,0.991339,-0.012549,0.991636
20.226000,-0.320787,0.008662,1.112541,0.004306,0.000362,-0.003943,0.000248,-0.000184,1.570369,-0.300000,1.000000,1.100000,0.000000,0.000000,-1.571000,0.020787,0.991338,-0.012541,0.991635
20.228000,-0.320778,0.008663,1.112533,0.004311,0.000358,-0.003952,0.000250,-0.000183,1.570369,-0.300000,1.000000,1.100000,0.000000,0.000000,-1.571000,0.020778,0.991337,-0.012533,0.991634
20.230000,-0.320769,0.008663,1.112525,0.004316,0.000354,-0.003961,0.000251,-0.000183,1.570369,-0.300000,1.000000,1.100000,0.000000,0.000000,-1.571000,0.020769,0.991337,-0.012525,0.991633
20.232000,-0.320761,0.008664,1.112517,0.004321,0.000351,-0.003970,0.000253,-0.000182,1.570369,-0.300000,1.000000,1.100000,0.000000,0.000000,-1.571000,0.020761,0.991336,-0.012517,0.991632
20.234000,-0.320752,0.008665,1.112509,0.004326,0.000347,-0.003980,0.000254,-0.000181,1.570369,-0.300000,1.000000,1.100000,0.000000,0.000000,-1.571000,0.020752,0.991335,-0.012509,0.991631
20.236000,-0.320743,0.008665,1.112501,0.004331,0.000344,-0.003989,0.000256,-0.000180,1.570369,-0.300000,1.000000,1.100000,0.000000,0.000000,-1.571000,0.020743,0.991335,-0.012501,0.991630
20.238000,-0.320735,0.008666,1.112493,0.004336,0.000340,-0.003998,0.000257,-0.000180,1.570369,-0.300000,1.000000,1.100000,0.000000,0.000000,-1.571000,0.020735,0.991334,-0.012493,0.991629
20.240000,-0.320726,0.008667,1.112485,0.004341,0.000337,-0.004007,0.000259,-0.000179,1.570369,-0.300000,1.000000,1.100000,0.000000,0.000000,-1.571000,0.020726,0.991333,-0.012485,0.991628
20.242000,-0.320717,0.008668,1.112477,0.004346,0.000333,-0.004017,0.000260,-0.000178,1.570369,-0.300000,1.000000,1.100000,0.000000,0.000000,-1.571000,0.020717,0.991332,-0.012477,0.991627
20.244000,-0.320709,0.008668,1.112469,0.004351,0.000330,-0.004026,0.000262,-0.000177,1.570369,-0.300000,1.000000,1.100000,0.000000,0.000000,-1.571000,0.020709,0.991332,-0.012469,0.991626
20.246000,-0.320700,0.008669,1.112461,0.004356,0.000326,-0.004035,0.000264,-0.000177,1.570369,-0.300000,1.000000,1.100000,0.000000,0.000000,-1.571000,0.020700,0.991331,-0.012461,0.991626
20.248000,-0.320691,0.008669,1.112453,0.004361,0.000323,-0.004044,0.000265,-0.000176,1.570369,-0.300000,1.000000,1.100000,0.000000,0.000000,-1.571000,0.020691,0.991331,-0.012453,0.991625
20.250000,-0.320683,0.008670,1.112445,0.004366,0.000319,-0.004054,0.000267,-0.000175,1.570369,-0.300000,1.000000,1.100000,0.000000,0.000000,-1.571000,0.020683,0.991330,-0.012445,0.991624
20.252000,-0.320674,0.008671,1.112437,0.004372,0.000316,-0.004063,0.000269,-0.000175,1.570369,-0.300000,1.000000,1.100000,0.000000,0.000000,-1.571000,0.020674,0.991329,-0.012437,0.991623
20.254000,-0.320665,0.008671,1.112429,0.004377,0.000312,-0.004072,0.000271,-0.000174,1.570369,-0.300000,1.000000,1.100000,0.000000,0.000000,-1.571000,0.020665,0.991329,-0.012429,0.991622
20.256000,-0.320656,0.008672,1.112420,0.004382,0.000309,-0.004081,0.000273,-0.000173,1.570369,-0.300000,1.000000,1.100000,0.000000,0.000000,-1.571000,0.020656,0.991328,-0.012420,0.991621
20.258000,-0.320648,0.008673,1.112412,0.004388,0.000306,-0.004091,0.000276,-0.000173,1.570369,-0.300000,1.000000,1.100000,0.000000,0.000000,-1.571000,0.020648,0.991327,-0.012412,0.991620
20.260000,-0.320639,0.008673,1.112404,0.004393,0.000302,-0.004100,0.000278,-0.000172,1.570369,-0.300000,1.000000,1.100000,0.000000,0.000000,-1.571000,0.020639,0.991327,-0.012404,0.991619
20.262000,-0.320630,0.008674,1.112396,0.004398,0.000299,-0.004110,0.000280,-0.000172,1.570369,-0.300000,1.000000,1.100000,0.000000,0.000000,-1.571000,0.020630,0.991326,-0.012396,0.991618
20.264000,-0.320621,0.008674,1.112388,0.004404,0.000296,-0.004120,0.000283,-0.000171,1.570369,-0.300000,1.000000,1.100000,0.000000,0.000000,-1.571000,0.020621,0.991326,-0.012388,0.991617
20.266000,-0.320612,0.008675,1.112379,0.004410,0.000292,-0.004131,0.000286,-0.000171,1.570369,-0.300000,1.000000,1.100000,0.000000,0.000000,-1.571000,0.020612,0.991325,-0.012379,0.991617
20.268000,-0.320603,0.008676,1.112371,0.004415,0.000289,-0.004141,0.000288,-0.000171,1.570369,-0.300000,1.000000,1.100000,0.000000,0.000000,-1.571000,0.020603,0.991324,-0.012371,0.991616
20.270000,-0.320595,0.008676,1.112363,0.004421,0.000285,-0.004152,0.000291,-0.000170,1.570369,-0.300000,1.000000,1.100000,0.000000,0.000000,-1.571000,0.020595,0.991324,-0.012363,0.991615
20.272000,-0.320586,0.008677,1.112354,0.004427,0.000282,-0.004163,0.000294,-0.000170,1.570369,-0.300000,1.000000,1.100000,0.000000,0.000000,-1.571000,0.020586,0.991323,-0.012354,0.991614
20.274000,-0.320577,0.008677,1.112346,0.004432,0.000279,-0.004174,0.000297,-0.000170,1.570369,-0.300000,1.000000,1.100000,0.000000,0.000000,-1.571000,0.020577,0.991323,-0.012346,0.991613
20.276000,-0.320568,0.008678,1.112338,0.004438,0.000275,-0.004185,0.000300,-0.000170,1.570369,-0.300000,1.000000,1.100000,0.000000,0.000000,-1.571000,0.020568,0.991322,-0.012338,0.991612
20.278000,-0.320559,0.008678,1.112329,0.004444,0.000272,-0.004196,0.000303,-0.000170,1.570369,-0.300000,1.000000,1.100000,0.000000,0.000000,-1.571000,0.020559,0.991322,-0.012329,0.991611
20.280000,-0.320550,0.008679,1.112321,0.004450,0.000269,-0.004207,0.000306,-0.000170,1.570369,-0.300000,1.000000,1.100000,0.000000,0.000000,-1.571000,0.020550,0.991321,-0.012321,0.991611
20.282000,-0.320541,0.008679,1.112312,0.004456,0.000265,-0.004219,0.000309,-0.000170,1.570369,-0.300000,1.000000,1.100000,0.000000,0.000000,-1.571000,0.020541,0.991321,-0.012312,0.991610
20.284000,-0.320532,0.008680,1.112304,0.004462,0.000262,-0.004230,0.000312,-0.000170,1.570369,-0.300000,1.000000,1.100000,0.000000,0.000000,-1.571000,0.020532,0.991320,-0.012304,0.991609
20.286000,-0.320524,0.008680,1.112296,0.004468,0.000259,-0.004242,0.000315,-0.000170,1.570369,-0.300000,1.000000,1.100000,0.000000,0.000000,-1.571000,0.020524,0.991320,-0.012296,0.991608
20.288000,-0.320515,0.008681,1.112287,0.004474,0.000255,-0.004253,0.000318,-0.000171,1.570369,-0.300000,1.000000,1.100000,0.000000,0.000000,-1.571000,0.020515,0.991319,-0.012287,0.991607
20.290000,-0.320506,0.008682,1.112279,0.004481,0.000252,-0.004265,0.000321,-0.000171,1.570369,-0.300000,1.000000,1.100000,0.000000,0.000000,-1.571000,0.020506,0.991318,-0.012279,0.991607
20.292000,-0.320497,0.008682,1.112270,0.004487,0.000249,-0.004277,0.000324,-0.000171,1.570369,-0.300000,1.000000,1.100000,0.000000,0.000000,-1.571000,0.020497,0.991318,-0.012270,0.991606
20.294000,-0.320488,0.008682,1.112261,0.004493,0.000245,-0.004289,0.000327,-0.000172,1.570369,-0.300000,1.000000,1.100000,0.000000,0.000000,-1.571000,0.020488,0.991318,-0.012261,0.991605
20.296000,-0.320479,0.008683,1.112253,0.004500,0.000242,-0.004300,0.000330,-0.000172,1.570369,-0.300000,1.000000,1.100000,0.000000,0.000000,-1.571000,0.020479,0.991317,-0.012253,0.991604
20.298000,-0.320470,0.008683,1.112244,0.004506,0.000239,-0.004312,0.000332,-0.000173,1.570369,-0.300000,1.000000,1.100000,0.000000,0.000000,-1.571000,0.020470,0.991317,-0.012244,0.991603
20.300000,-0.320461,0.008684,1.112236,0.004513,0.000235,-0.004324,0.000335,-0.000173,1.570369,-0.300000,1.000000,1.100000,0.000000,0.000000,-1.571000,0.020461,0.991316,-0.012236,0.991603
20.302000,-0.320452,0.008684,1.112227,0.004519,0.000232,-0.004336,0.000338,-0.000174,1.570369,-0.300000,1.000000,1.100000,0.000000,0.000000,-1.571000,0.020452,0.991316,-0.012227,0.991602
20.304000,-0.320443,0.008685,1.112218,0.004526,0.000228,-0.004348,0.000340,-0.000174,1.570369,-0.300000,1.000000,1.100000,0.000000,0.000000,-1.571000,0.020443,0.991315,-0.012218,0.991601
20.306000,-0.320433,0.008685,1.112209,0.004533,0.000225,-0.004360,0.000342,-0.000175,1.570369,-0.300000,1.000000,1.100000,0.000000,0.000000,-1.571000,0.020433,0.991315,-0.012209,0.991600
20.308000,-0.320424,0.008686,1.112201,0.004539,0.000222,-0.004372,0.000345,-0.000176,1.570369,-0.300000,1.000000,1.100000,0.000000,0.000000,-1.571000,0.020424,0.991314,-0.012201,0.991600
20.310000,-0.320415,0.008686,1.112192,0.004546,0.000218,-0.004384,0.000347,-0.000176,1.570369,-0.300000,1.000000,1.100000,0.000000,0.000000,-1.571000,0.020415,0.991314,-0.012192,0.991599
20.312000,-0.320406,0.008687,1.112183,0.004553,0.000215,-0.004396,0.000349,-0.000177,1.570369,-0.300000,1.000000,1.100000,0.000000,0.000000,-1.571000,0.020406,0.991313,-0.012183,0.991598
20.314000,-0.320397,0.008687,1.112174,0.004560,0.000211,-0.004408,0.000351,-0.000178,1.570369,-0.300000,1.000000,1.100000,0.000000,0.000000,-1.571000,0.020397,0.991313,-0.012174,0.991598
20.316000,-0.320388,0.008687,1.112166,0.004567,0.000208,-0.004421,0.000352,-0.000178,1.570369,-0.300000,1.000000,1.100000,0.000000,0.000000,-1.571000,0.020388,0.991313,-0.012166,0.991597
20.318000,-0.320379,0.008688,1.112157,0.004573,0.000204,-0.004433,0.000354,-0.000179,1.570369,-0.300000,1.000000,1.100000,0.000000,0.000000,-1.571000,0.020379,0.991312,-0.012157,0.991596
20.320000,-0.320370,0.008688,1.112148,0.004580,0.000201,-0.004445,0.000355,-0.000180,1.570369,-0.300000,1.000000,1.100000,0.000000,0.000000,-1.571000,0.020370,0.991312,-0.012148,0.991595
20.322000,-0.320360,0.008689,1.112139,0.004587,0.000197,-0.004457,0.000356,-0.000181,1.570369,-0.300000,1.000000,1.100000,0.000000,0.000000,-1.571000,0.020360,0.991311,-0.012139,0.991595
20.324000,-0.320351,0.008689,1.112130,0.004594,0.000194,-0.004469,0.000357,-0.000181,1.570369,-0.300000,1.000000,1.100000,0.000000,0.000000,-1.571000,0.020351,0.991311,-0.012130,0.991594
20.326000,-0.320342,0.008689,1.112121,0.004601,0.000190,-0.004481,0.000358,-0.000182,1.570369,-0.300000,1.000000,1.100000,0.000000,0.000000,-1.571000,0.020342,0.991311,-0.012121,0.991593
20.328000,-0.320333,0.008690,1.112112,0.004608,0.000187,-0.004493,0.000358,-0.000183,1.570369,-0.300000,1.000000,1.100000,0.000000,0.000000,-1.571000,0.020333,0.991310,-0.012112,0.991593
20.330000,-0.320324,0.008690,1.112103,0.004615,0.000183,-0.004506,0.000359,-0.000184,1.570369,-0.300000,1.000000,1.100000,0.000000,0.000000,-1.571000,0.020324,0.991310,-0.012103,0.991592
20.332000,-0.320314,0.008691,1.112094,0.004622,0.000179,-0.004518,0.000359,-0.000185,1.570369,-0.300000,1.000000,1.100000,0.000000,0.000000,-1.571000,0.020314,0.991309,-0.012094,0.991591
20.334000,-0.320305,0.008691,1.112085,0.004629,0.000176,-0.004530,0.000359,-0.000186,1.570369,-0.300000,1.000000,1.100000,0.000000,0.000000,-1.571000,0.020305,0.991309,-0.012085,0.991591
20.336000,-0.320296,0.008691,1.112076,0.004636,0.000172,-0.004542,0.000359,-0.000186,1.570369,-0.300000,1.000000,1.100000,0.000000,0.000000,-1.571000,0.020296,0.991309,-0.012076,0.991590
20.338000,-0.320287,0.008692,1.112067,0.004643,0.000168,-0.004555,0.000359,-0.000187,1.570369,-0.300000,1.000000,1.100000,0.000000,0.000000,-1.571000,0.020287,0.991308,-0.012067,0.991589
20.340000,-0.320277,0.008692,1.112058,0.004650,0.000165,-0.004567,0.000359,-0.000188,1.570369,-0.300000,1.000000,1.100000,0.000000,0.000000,-1.571000,0.020277,0.991308,-0.012058,0.991589
20.342000,-0.320268,0.008692,1.112048,0.004657,0.000161,-0.004579,0.000358,-0.000189,1.570369,-0.300000,1.000000,1.100000,0.000000,0.000000,-1.571000,0.020268,0.991308,-0.012048,0.991588
20.344000,-0.320259,0.008693,1.112039,0.004664,0.000157,-0.004591,0.000357,-0.000190,1.570369,-0.300000,1.000000,1.100000,0.000000,0.000000,-1.571000,0.020259,0.991307,-0.012039,0.991588
20.346000,-0.320249,0.008693,1.112030,0.004671,0.000154,-0.004603,0.000356,-0.000191,1.570369,-0.300000,1.000000,1.100000,0.000000,0.000000,-1.571000,0.020249,0.991307,-0.012030,0.991587
20.348000,-0.320240,0.008693,1.112021,0.004678,0.000150,-0.004615,0.000354,-0.000192,1.570369,-0.300000,1.000000,1.100000,0.000000,0.000000,-1.571000,0.020240,0.991307,-0.012021,0.991586
20.350000,-0.320231,0.008693,1.112012,0.004685,0.000146,-0.004627,0.000352,-0.000192,1.570368,-0.300000,1.000000,1.100000,0.000000,0.000000,-1.571000,0.020231,0.991307,-0.012012,0.991586
20.352000,-0.320221,0.008694,1.112002,0.004692,0.000142,-0.004638,0.000350,-0.000193,1.570368,-0.300000,1.000000,1.100000,0.000000,0.000000,-1.571000,0.020221,0.991306,-0.012002,0.991585
20.354000,-0.320212,0.008694,1.111993,0.004699,0.000138,-0.004649,0.000347,-0.000194,1.570368,-0.300000,1.000000,1.100000,0.000000,0.000000,-1.571000,0.020212,0.991306,-0.011993,0.991585
20.356000,-0.320202,0.008694,1.111984,0.004706,0.000135,-0.004660,0.000344,-0.000195,1.570367,-0.300000,1.000000,1.100000,0.000000,0.000000,-1.571000,0.020202,0.991306,-0.011984,0.991584
20.358000,-0.320193,0.008695,1.111974,0.004713,0.000131,-0.004671,0.000340,-0.000196,1.570367,-0.300000,1.000000,1.100000,0.000000,0.000000,-1.571000,0.020193,0.991305,-0.011974,0.991583
20.360000,-0.320184,0.008695,1.111965,0.004719,0.000127,-0.004682,0.000336,-0.000197,1.570366,-0.300000,1.000000,1.100000,0.000000,0.000000,-1.571000,0.020184,0.991305,-0.011965,0.991583
20.362000,-0.320174,0.008695,1.111956,0.004726,0.000123,-0.004692,0.000332,-0.000197,1.570366,-0.300000,1.000000,1.100000,0.000000,0.000000,-1.571000,0.020174,0.991305,-0.011956,0.991582
20.364000,-0.320165,0.008695,1.111946,0.004732,0.000119,-0.004703,0.000327,-0.000198,1.570365,-0.300000,1.000000,1.100000,0.000000,0.000000,-1.571000,0.020165,0.991305,-0.011946,0.991582
20.366000,-0.320155,0.008696,1.111937,0.004739,0.000115,-0.004713,0.000322,-0.000199,1.570364,-0.300000,1.000000,1.100000,0.000000,0.000000,-1.571000,0.020155,0.991304,-0.011937,0.991581
20.368000,-0.320146,0.008696,1.111927,0.004745,0.000111,-0.004723,0.000316,-0.000200,1.570364,-0.300000,1.000000,1.100000,0.000000,0.000000,-1.571000,0.020146,0.991304,-0.011927,0.991581
20.370000,-0.320136,0.008696,1.111918,0.004751,0.000108,-0.004734,0.000310,-0.000201,1.570363,-0.300000,1.000000,1.100000,0.000000,0.000000,-1.571000,0.020136,0.991304,-0.011918,0.991580
20.372000,-0.320127,0.008696,1.111908,0.004757,0.000104,-0.004744,0.000303,-0.000202,1.570362,-0.300000,1.000000,1.100000,0.000000,0.000000,-1.571000,0.020127,0.991304,-0.011908,0.991580
20.374000,-0.320117,0.008696,1.111899,0.004763,0.000100,-0.004754,0.000297,-0.000203,1.570361,-0.300000,1.000000,1.100000,0.000000,0.000000,-1.571000,0.020117,0.991304,-0.011899,0.991579
20.376000,-0.320108,0.008697,1.111889,0.004769,0.000096,-0.004764,0.000289,-0.000203,1.570361,-0.300000,1.000000,1.100000,0.000000,0.000000,-1.571000,0.020108,0.991303,-0.011889,0.991579
20.378000,-0.320098,0.008697,1.111880,0.004774,0.000092,-0.004773,0.000282,-0.000204,1.570360,-0.300000,1.000000,1.100000,0.000000,0.000000,-1.571000,0.020098,0.991303,-0.011880,0.991578
20.380000,-0.320089,0.008697,1.111870,0.004780,0.000088,-0.004783,0.000274,-0.000205,1.570359,-0.300000,1.000000,1.100000,0.000000,0.000000,-1.571000,0.020089,0.991303,-0.011870,0.991578
20.382000,-0.320079,0.008697,1.111861,0.004785,0.000084,-0.004793,0.000266,-0.000206,1.570358,-0.300000,1.000000,1.100000,0.000000,0.000000,-1.571000,0.020079,0.991303,-0.011861,0.991577
20.384000,-0.320069,0.008697,1.111851,0.004790,0.000080,-0.004803,0.000258,-0.000207,1.570357,-0.300000,1.000000,1.100000,0.000000,0.000000,-1.571000,0.020069,0.991303,-0.011851,0.991577
20.386000,-0.320060,0.008697,1.111842,0.004795,0.000076,-0.004812,0.000249,-0.000208,1.570356,-0.300000,1.000000,1.100000,0.000000,0.000000,-1.571000,0.020060,0.991303,-0.011842,0.991576
20.388000,-0.320050,0.008698,1.111832,0.004800,0.000071,-0.004822,0.000240,-0.000209,1.570355,-0.300000,1.000000,1.100000,0.000000,0.000000,-1.571000,0.020050,0.991302,-0.011832,0.991576
20.390000,-0.320041,0.008698,1.111822,0.004805,0.000067,-0.004832,0.000231,-0.000210,1.570354,-0.300000,1.000000,1.100000,0.000000,0.000000,-1.571000,0.020041,0.991302,-0.011822,0.991575
20.392000,-0.320031,0.008698,1.111813,0.004809,0.000063,-0.004841,0.000221,-0.000211,1.570353,-0.300000,1.000000,1.100000,0.000000,0.000000,-1.571000,0.020031,0.991302,-0.011813,0.991575
20.394000,-0.320021,0.008698,1.111803,0.004813,0.000059,-0.004851,0.000212,-0.000212,1.570352,-0.300000,1.000000,1.100000,0.000000,0.000000,-1.571000,0.020021,0.991302,-0.011803,0.991574
20.396000,-0.320012,0.008698,1.111793,0.004818,0.000055,-0.004860,0.000202,-0.000213,1.570351,-0.300000,1.000000,1.100000,0.000000,0.000000,-1.571000,0.020012,0.991302,-0.011793,0.991574
20.398000,-0.320002,0.008698,1.111783,0.004822,0.000051,-0.004870,0.000192,-0.000214,1.570350,-0.300000,1.000000,1.100000,0.000000,0.000000,-1.571000,0.020002,0.991302,-0.011783,0.991574
20.400000,-0.319992,0.008698,1.111774,0.004825,0.000047,-0.004879,0.000182,-0.000215,1.570349,-0.300000,1.000000,1.100000,0.000000,0.000000,-1.571000,0.019992,0.991302,-0.011774,0.991573
20.402000,-0.319983,0.008698,1.111764,0.004829,0.000042,-0.004889,0.000172,-0.000216,1.570348,-0.300000,1.000000,1.100000,0.000000,0.000000,-1.571000,0.019983,0.991302,-0.011764,0.991573
20.404000,-0.319973,0.008698,1.111754,0.004832,0.000038,-0.004898,0.000161,-0.000216,1.570347,-0.300000,1.000000,1.100000,0.000000,0.000000,-1.571000,0.019973,0.991302,-0.011754,0.991572
20.406000,-0.319963,0.008699,1.111744,0.004835,0.000034,-0.004907,0.000151,-0.000217,1.570345,-0.300000,1.000000,1.100000,0.000000,0.000000,-1.571000,0.019963,0.991301,-0.011744,0.991572
20.408000,-0.319954,0.008699,1.111734,0.004838,0.000030,-0.004917,0.000140,-0.000218,1.570344,-0.300000,1.000000,1.100000,0.000000,0.000000,-1.571000,0.019954,0.991301,-0.011734,0.991572
20.410000,-0.319944,0.008699,1.111725,0.004841,0.000025,-0.004926,0.000129,-0.000219,1.570343,-0.300000,1.000000,1.100000,0.000000,0.000000,-1.571000,0.019944,0.991301,-0.011725,0.991571
20.412000,-0.319934,0.008699,1.111715,0.004843,0.000021,-0.004936,0.000118,-0.000220,1.570342,-0.300000,1.000000,1.100000,0.000000,0.000000,-1.571000,0.019934,0.991301,-0.011715,0.991571
20.414000,-0.319925,0.008699,1.111705,0.004845,0.000017,-0.004945,0.000107,-0.000221,1.570341,-0.300000,1.000000,1.100000,0.000000,0.000000,-1.571000,0.019925,0.991301,-0.011705,0.991571
20.416000,-0.319915,0.008699,1.111695,0.004848,0.000012,-0.004954,0.000097,-0.000221,1.570340,-0.300000,1.000000,1.100000,0.000000,0.000000,-1.571000,0.019915,0.991301,-0.011695,0.991570
20.418000,-0.319905,0.008699,1.111685,0.004849,0.000008,-0.004964,0.000086,-0.000222,1.570339,-0.300000,1.000000,1.100000,0.000000,0.000000,-1.571000,0.019905,0.991301,-0.011685,0.991570
20.420000,-0.319896,0.008699,1.111675,0.004851,0.000004,-0.004973,0.000075,-0.000223,1.570338,-0.300000,1.000000,1.100000,0.000000,0.000000,-1.571000,0.019896,0.991301,-0.011675,0.991570
20.422000,-0.319886,0.008699,1.111665,0.004852,-0.000001,-0.004982,0.000064,-0.000224,1.570337,-0.300000,1.000000,1.100000,0.000000,0.000000,-1.571000,0.019886,0.991301,-0.011665,0.991569
20.424000,-0.319876,0.008699,1.111655,0.004854,-0.000005,-0.004992,0.000053,-0.000224,1.570336,-0.300000,1.000000,1.100000,0.000000,0.000000,-1.571000,0.019876,0.991301,-0.011655,0.991569
20.426000,-0.319867,0.008699,1.111645,0.004855,-0.000009,-0.005001,0.000042,-0.000225,1.570335,-0.300000,1.000000,1.100000,0.000000,0.000000,-1.571000,0.019867,0.991301,-0.011645,0.991569
20.428000,-0.319857,0.008699,1.111635,0.004855,-0.000014,-0.005010,0.000031,-0.000226,1.570334,-0.300000,1.000000,1.100000,0.000000,0.000000,-1.571000,0.019857,0.991301,-0.011635,0.991568
20.430000,-0.319847,0.008699,1.111625,0.004856,-0.000018,-0.005019,0.000020,-0.000226,1.570333,-0.300000,1.000000,1.100000,0.000000,0.000000,-1.571000,0.019847,0.991301,-0.011625,0.991568
20.432000,-0.319837,0.008699,1.111615,0.004856,-0.000023,-0.005029,0.000010,-0.000227,1.570333,-0.300000,1.000000,1.100000,0.000000,0.000000,-1.571000,0.019837,0.991301,-0.011615,0.991568
20.434000,-0.319828,0.008699,1.111605,0.004856,-0.000027,-0.005038,-0.000001,-0.000227,1.570332,-0.300000,1.000000,1.100000,0.000000,0.000000,-1.571000,0.019828,0.991301,-0.011605,0.991568
20.436000,-0.319818,0.008699,1.111595,0.004856,-0.000032,-0.005047,-0.000011,-0.000227,1.570331,-0.300000,1.000000,1.100000,0.000000,0.000000,-1.571000,0.019818,0.991301,-0.011595,0.991567
20.438000,-0.319808,0.008698,1.111585,0.004856,-0.000036,-0.005057,-0.000022,-0.000228,1.570330,-0.300000,1.000000,1.100000,0.000000,0.000000,-1.571000,0.019808,0.991302,-0.011585,0.991567
20.440000,-0.319799,0.008698,1.111575,0.004856,-0.000041,-0.005066,-0.000032,-0.000228,1.570329,-0.300000,1.000000,1.100000,0.000000,0.000000,-1.571000,0.019799,0.991302,-0.011575,0.991567
20.442000,-0.319789,0.008698,1.111565,0.004855,-0.000045,-0.005075,-0.000042,-0.000227,1.570328,-0.300000,1.000000,1.100000,0.000000,0.000000,-1.571000,0.019789,0.991302,-0.011565,0.991567
20.444000,-0.319779,0.008698,1.111554,0.004854,-0.000049,-0.005084,-0.000052,-0.000227,1.570328,-0.300000,1.000000,1.100000,0.000000,0.000000,-1.571000,0.019779,0.991302,-0.011554,0.991566
20.446000,-0.319769,0.008698,1.111544,0.004853,-0.000054,-0.005094,-0.000062,-0.000227,1.570327,-0.300000,1.000000,1.100000,0.000000,0.000000,-1.571000,0.019769,0.991302,-0.011544,0.991566
20.448000,-0.319760,0.008698,1.111534,0.004852,-0.000058,-0.005103,-0.000072,-0.000226,1.570326,-0.300000,1.000000,1.100000,0.000000,0.000000,-1.571000,0.019760,0.991302,-0.011534,0.991566
20.450000,-0.319750,0.008698,1.111524,0.004850,-0.000063,-0.005112,-0.000081,-0.000225,1.570325,-0.300000,1.000000,1.100000,0.000000,0.000000,-1.571000,0.019750,0.991302,-0.011524,0.991566
20.452000,-0.319740,0.008698,1.111513,0.004849,-0.000067,-0.005121,-0.000091,-0.000224,1.570325,-0.300000,1.000000,1.100000,0.000000,0.000000,-1.571000,0.019740,0.991302,-0.011513,0.991566
20.454000,-0.319731,0.008698,1.111503,0.004847,-0.000072,-0.005131,-0.000100,-0.000223,1.570324,-0.300000,1.000000,1.100000,0.000000,0.000000,-1.571000,0.019731,0.991302,-0.011503,0.991565
20.456000,-0.319721,0.008697,1.111493,0.004845,-0.000076,-0.005140,-0.000109,-0.000221,1.570323,-0.300000,1.000000,1.100000,0.000000,0.000000,-1.571000,0.019721,0.991303,-0.011493,0.991565
20.458000,-0.319711,0.008697,1.111483,0.004843,-0.000080,-0.005149,-0.000118,-0.000220,1.570323,-0.300000,1.000000,1.100000,0.000000,0.000000,-1.571000,0.019711,0.991303,-0.011483,0.991565
20.460000,-0.319702,0.008697,1.111472,0.004840,-0.000085,-0.005158,-0.000127,-0.000218,1.570322,-0.300000,1.000000,1.100000,0.000000,0.000000,-1.571000,0.019702,0.991303,-0.011472,0.991565
20.462000,-0.319692,0.008697,1.111462,0.004838,-0.000089,-0.005168,-0.000135,-0.000216,1.570321,-0.300000,1.000000,1.100000,0.000000,0.000000,-1.571000,0.019692,0.991303,-0.011462,0.991565
20.464000,-0.319682,0.008697,1.111452,0.004835,-0.000093,-0.005177,-0.000143,-0.000214,1.570321,-0.300000,1.000000,1.100000,0.000000,0.000000,-1.571000,0.019682,0.991303,-0.011452,0.991565
20.466000,-0.319673,0.008697,1.111441,0.004832,-0.000097,-0.005186,-0.000151,-0.000212,1.570320,-0.300000,1.000000,1.100000,0.000000,0.000000,-1.571000,0.019673,0.991303,-0.011441,0.991565
20.468000,-0.319663,0.008696,1.111431,0.004829,-0.000101,-0.005195,-0.000159,-0.000209,1.570319,-0.300000,1.000000,1.100000,0.000000,0.000000,-1.571000,0.019663,0.991304,-0.011431,0.991565
20.470000,-0.319653,0.008696,1.111421,0.004826,-0.000105,-0.005205,-0.000167,-0.000206,1.570319,-0.300000,1.000000,1.100000,0.000000,0.000000,-1.571000,0.019653,0.991304,-0.011421,0.991564
20.472000,-0.319644,0.008696,1.111410,0.004823,-0.000109,-0.005214,-0.000175,-0.000203,1.570318,-0.300000,1.000000,1.100000,0.000000,0.000000,-1.571000,0.019644,0.991304,-0.011410,0.991564
20.474000,-0.319634,0.008696,1.111400,0.004819,-0.000113,-0.005223,-0.000182,-0.000200,1.570317,-0.300000,1.000000,1.100000,0.000000,0.000000,-1.571000,0.019634,0.991304,-0.011400,0.991564
20.476000,-0.319624,0.008695,1.111389,0.004816,-0.000117,-0.005232,-0.000189,-0.000197,1.570317,-0.300000,1.000000,1.100000,0.000000,0.000000,-1.571000,0.019624,0.991305,-0.011389,0.991564
20.478000,-0.319615,0.008695,1.111379,0.004812,-0.000121,-0.005242,-0.000196,-0.000194,1.570316,-0.300000,1.000000,1.100000,0.000000,0.000000,-1.571000,0.019615,0.991305,-0.011379,0.991564
20.480000,-0.319605,0.008695,1.111368,0.004808,-0.000125,-0.005251,-0.000203,-0.000190,1.570315,-0.300000,1.000000,1.100000,0.000000,0.000000,-1.571000,0.019605,0.991305,-0.011368,0.991564
20.482000,-0.319595,0.008695,1.111358,0.004804,-0.000129,-0.005260,-0.000209,-0.000187,1.570315,-0.300000,1.000000,1.100000,0.000000,0.000000,-1.571000,0.019595,0.991305,-0.011358,0.991564
20.484000,-0.319586,0.008694,1.111347,0.004800,-0.000132,-0.005269,-0.000215,-0.000183,1.570314,-0.300000,1.000000,1.100000,0.000000,0.000000,-1.571000,0.019586,0.991306,-0.011347,0.991564
20.486000,-0.319576,0.008694,1.111337,0.004796,-0.000136,-0.005279,-0.000221,-0.000179,1.570314,-0.300000,1.000000,1.100000,0.000000,0.000000,-1.571000,0.019576,0.991306,-0.011337,0.991564
20.488000,-0.319567,0.008694,1.111326,0.004791,-0.000139,-0.005288,-0.000226,-0.000175,1.570313,-0.300000,1.000000,1.100000,0.000000,0.000000,-1.571000,0.019567,0.991306,-0.011326,0.991564
20.490000,-0.319557,0.008694,1.111315,0.004787,-0.000143,-0.005297,-0.000232,-0.000171,1.570312,-0.300000,1.000000,1.100000,0.000000,0.000000,-1.571000,0.019557,0.991306,-0.011315,0.991564
20.492000,-0.319548,0.008693,1.111305,0.004782,-0.000146,-0.005307,-0.000236,-0.000167,1.570312,-0.300000,1.000000,1.100000,0.000000,0.000000,-1.571000,0.019548,0.991307,-0.011305,0.991564
20.494000,-0.319538,0.008693,1.111294,0.004778,-0.000149,-0.005316,-0.000241,-0.000163,1.570311,-0.300000,1.000000,1.100000,0.000000,0.000000,-1.571000,0.019538,0.991307,-0.011294,0.991564
20.496000,-0.319528,0.008693,1.111284,0.004773,-0.000152,-0.005326,-0.000246,-0.000158,1.570311,-0.300000,1.000000,1.100000,0.000000,0.000000,-1.571000,0.019528,0.991307,-0.011284,0.991564
20.498000,-0.319519,0.008692,1.111273,0.004768,-0.000156,-0.005336,-0.000250,-0.000154,1.570310,-0.300000,1.000000,1.100000,0.000000,0.000000,-1.571000,0.019519,0.991308,-0.011273,0.991564
20.500000,-0.319509,0.008692,1.111262,0.004763,-0.000159,-0.005347,-0.000254,-0.000149,1.570310,-0.300000,1.000000,1.100000,0.000000,0.000000,-1.571000,0.019509,0.991308,-0.011262,0.991564
20.502000,-0.319500,0.008692,1.111252,0.004758,-0.000161,-0.005357,-0.000257,-0.000145,1.570309,-0.300000,1.000000,1.100000,0.000000,0.000000,-1.571000,0.019500,0.991308,-0.011252,0.991564
20.504000,-0.319490,0.008691,1.111241,0.004753,-0.000164,-0.005368,-0.000261,-0.000140,1.570309,-0.300000,1.000000,1.100000,0.000000,0.000000,-1.571000,0.019490,0.991309,-0.011241,0.991564
20.506000,-0.319481,0.008691,1.111230,0.004748,-0.000167,-0.005379,-0.000264,-0.000136,1.570308,-0.300000,1.000000,1.100000,0.000000,0.000000,-1.571000,0.019481,0.991309,-0.011230,0.991564
20.508000,-0.319471,0.008691,1.111219,0.004743,-0.000170,-0.005390,-0.000267,-0.000131,1.570308,-0.300000,1.000000,1.100000,0.000000,0.000000,-1.571000,0.019471,0.991309,-0.011219,0.991564
20.510000,-0.319462,0.008690,1.111208,0.004737,-0.000172,-0.005401,-0.000270,-0.000127,1.570307,-0.300000,1.000000,1.100000,0.000000,0.000000,-1.571000,0.019462,0.991310,-0.011208,0.991564
20.512000,-0.319452,0.008690,1.111198,0.004732,-0.000175,-0.005412,-0.000272,-0.000122,1.570307,-0.300000,1.000000,1.100000,0.000000,0.000000,-1.571000,0.019452,0.991310,-0.011198,0.991564
20.514000,-0.319443,0.008690,1.111187,0.004727,-0.000177,-0.005423,-0.000275,-0.000117,1.570306,-0.300000,1.000000,1.100000,0.000000,0.000000,-1.571000,0.019443,0.991310,-0.011187,0.991564
20.516000,-0.319433,0.008689,1.111176,0.004721,-0.000179,-0.005435,-0.000277,-0.000113,1.570306,-0.300000,1.000000,1.100000,0.000000,0.000000,-1.571000,0.019433,0.991311,-0.011176,0.991564
20.518000,-0.319424,0.008689,1.111165,0.004716,-0.000181,-0.005446,-0.000279,-0.000108,1.570306,-0.300000,1.000000,1.100000,0.000000,0.000000,-1.571000,0.019424,0.991311,-0.011165,0.991564
20.520000,-0.319415,0.008689,1.111154,0.004711,-0.000184,-0.005458,-0.000280,-0.000104,1.570305,-0.300000,1.000000,1.100000,0.000000,0.000000,-1.571000,0.019415,0.991311,-0.011154,0.991564
20.522000,-0.319405,0.008688,1.111143,0.004705,-0.000186,-0.005469,-0.000281,-0.000099,1.570305,-0.300000,1.000000,1.100000,0.000000,0.000000,-1.571000,0.019405,0.991312,-0.011143,0.991564
20.524000,-0.319396,0.008688,1.111132,0.004700,-0.000187,-0.005481,-0.000282,-0.000094,1.570305,-0.300000,1.000000,1.100000,0.000000,0.000000,-1.571000,0.019396,0.991312,-0.011132,0.991564
20.526000,-0.319386,0.008688,1.111121,0.004694,-0.000189,-0.005493,-0.000283,-0.000090,1.570305,-0.300000,1.000000,1.100000,0.000000,0.000000,-1.571000,0.019386,0.991312,-0.011121,0.991564
20.528000,-0.319377,0.008687,1.111110,0.004688,-0.000191,-0.005504,-0.000284,-0.000086,1.570304,-0.300000,1.000000,1.100000,0.000000,0.000000,-1.571000,0.019377,0.991313,-0.011110,0.991564
20.530000,-0.319368,0.008687,1.111099,0.004683,-0.000193,-0.005516,-0.000284,-0.000081,1.570304,-0.300000,1.000000,1.100000,0.000000,0.000000,-1.571000,0.019368,0.991313,-0.011099,0.991565
20.532000,-0.319358,0.008686,1.111088,0.004677,-0.000194,-0.005528,-0.000285,-0.000077,1.570304,-0.300000,1.000000,1.100000,0.000000,0.000000,-1.571000,0.019358,0.991314,-0.011088,0.991565
20.534000,-0.319349,0.008686,1.111077,0.004672,-0.000196,-0.005540,-0.000285,-0.000072,1.570304,-0.300000,1.000000,1.100000,0.000000,0.000000,-1.571000,0.019349,0.991314,-0.011077,0.991565
20.536000,-0.319340,0.008686,1.111066,0.004666,-0.000197,-0.005552,-0.000284,-0.000068,1.570304,-0.300000,1.000000,1.100000,0.000000,0.000000,-1.571000,0.019340,0.991314,-0.011066,0.991565
20.538000,-0.319330,0.008685,1.111055,0.004661,-0.000198,-0.005564,-0.000284,-0.000064,1.570304,-0.300000,1.000000,1.100000,0.000000,0.000000,-1.571000,0.019330,0.991315,-0.011055,0.991565
20.540000,-0.319321,0.008685,1.111044,0.004655,-0.000200,-0.005576,-0.000283,-0.000060,1.570304,-0.300000,1.000000,1.100000,0.000000,0.000000,-1.571000,0.019321,0.991315,-0.011044,0.991565
20.542000,-0.319312,0.008684,1.111033,0.004650,-0.000201,-0.005588,-0.000282,-0.000056,1.570304,-0.300000,1.000000,1.100000,0.000000,0.000000,-1.571000,0.019312,0.991316,-0.011033,0.991565
20.544000,-0.319302,0.008684,1.111021,0.004644,-0.000202,-0.005600,-0.000281,-0.000052,1.570304,-0.300000,1.000000,1.100000,0.000000,0.000000,-1.571000,0.019302,0.991316,-0.011021,0.991565
20.546000,-0.319293,0.008684,1.111010,0.004639,-0.000203,-0.005612,-0.000280,-0.000048,1.570304,-0.300000,1.000000,1.100000,0.000000,0.000000,-1.571000,0.019293,0.991316,-0.011010,0.991565
20.548000,-0.319284,0.008683,1.110999,0.004633,-0.000204,-0.005624,-0.000279,-0.000044,1.570304,-0.300000,1.000000,1.100000,0.000000,0.000000,-1.571000,0.019284,0.991317,-0.010999,0.991565
20.550000,-0.319275,0.008683,1.110988,0.004628,-0.000205,-0.005636,-0.000278,-0.000041,1.570304,-0.300000,1.000000,1.100000,0.000000,0.000000,-1.571000,0.019275,0.991317,-0.010988,0.991565
20.552000,-0.319265,0.008682,1.110976,0.004622,-0.000205,-0.005649,-0.000276,-0.000037,1.570304,-0.300000,1.000000,1.100000,0.000000,0.000000,-1.571000,0.019265,0.991318,-0.010976,0.991566
20.554000,-0.319256,0.008682,1.110965,0.004617,-0.000206,-0.005661,-0.000275,-0.000034,1.570304,-0.300000,1.000000,1.100000,0.000000,0.000000,-1.571000,0.019256,0.991318,-0.010965,0.991566
20.556000,-0.319247,0.008682,1.110954,0.004611,-0.000207,-0.005673,-0.000273,-0.000030,1.570304,-0.300000,1.000000,1.100000,0.000000,0.000000,-1.571000,0.019247,0.991318,-0.010954,0.991566
20.558000,-0.319238,0.008681,1.110942,0.004606,-0.000207,-0.005685,-0.000271,-0.000027,1.570304,-0.300000,1.000000,1.100000,0.000000,0.000000,-1.571000,0.019238,0.991319,-0.010942,0.991566
20.560000,-0.319228,0.008681,1.110931,0.004601,-0.000208,-0.005697,-0.000269,-0.000024,1.570304,-0.300000,1.000000,1.100000,0.000000,0.000000,-1.571000,0.019228,0.991319,-0.010931,0.991566
20.562000,-0.319219,0.008680,1.110920,0.004595,-0.000208,-0.005709,-0.000267,-0.000021,1.570304,-0.300000,1.000000,1.100000,0.000000,0.000000,-1.571000,0.019219,0.991320,-0.010920,0.991566
20.564000,-0.319210,0.008680,1.110908,0.004590,-0.000209,-0.005722,-0.000265,-0.000018,1.570304,-0.300000,1.000000,1.100000,0.000000,0.000000,-1.571000,0.019210,0.991320,-0.010908,0.991566
20.566000,-0.319201,0.008679,1.110897,0.004585,-0.000209,-0.005734,-0.000263,-0.000016,1.570304,-0.300000,1.000000,1.100000,0.000000,0.000000,-1.571000,0.019201,0.991321,-0.010897,0.991566
20.568000,-0.319192,0.008679,1.110885,0.004580,-0.000209,-0.005746,-0.000261,-0.000013,1.570304,-0.300000,1.000000,1.100000,0.000000,0.000000,-1.571000,0.019192,0.991321,-0.010885,0.991566
20.570000,-0.319183,0.008679,1.110874,0.004575,-0.000210,-0.005758,-0.000259,-0.000011,1.570304,-0.300000,1.000000,1.100000,0.000000,0.000000,-1.571000,0.019183,0.991321,-0.010874,0.991567
20.572000,-0.319173,0.008678,1.110862,0.004570,-0.000210,-0.005771,-0.000257,-0.000009,1.570304,-0.300000,1.000000,1.100000,0.000000,0.000000,-1.571000,0.019173,0.991322,-0.010862,0.991567
20.574000,-0.319164,0.008678,1.110851,0.004565,-0.000210,-0.005783,-0.000255,-0.000006,1.570304,-0.300000,1.000000,1.100000,0.000000,0.000000,-1.571000,0.019164,0.991322,-0.010851,0.991567
20.576000,-0.319155,0.008677,1.110839,0.004560,-0.000210,-0.005795,-0.000253,-0.000004,1.570304,-0.300000,1.000000,1.100000,0.000000,0.000000,-1.571000,0.019155,0.991323,-0.010839,0.991567
20.578000,-0.319146,0.008677,1.110827,0.004555,-0.000210,-0.005807,-0.000250,-0.000003,1.570304,-0.300000,1.000000,1.100000,0.000000,0.000000,-1.571000,0.019146,0.991323,-0.010827,0.991567
20.580000,-0.319137,0.008677,1.110816,0.004550,-0.000210,-0.005820,-0.000248,-0.000001,1.570305,-0.300000,1.000000,1.100000,0.000000,0.000000,-1.571000,0.019137,0.991323,-0.010816,0.991567
20.582000,-0.319128,0.008676,1.110804,0.004545,-0.000210,-0.005832,-0.000246,0.000001,1.570305,-0.300000,1.000000,1.100000,0.000000,0.000000,-1.571000,0.019128,0.991324,-0.010804,0.991567
20.584000,-0.319119,0.008676,1.110792,0.004540,-0.000210,-0.005844,-0.000243,0.000002,1.570305,-0.300000,1.000000,1.100000,0.000000,0.000000,-1.571000,0.019119,0.991324,-0.010792,0.991567
20.586000,-0.319110,0.008675,1.110781,0.004535,-0.000210,-0.005856,-0.000241,0.000003,1.570305,-0.300000,1.000000,1.100000,0.000000,0.000000,-1.571000,0.019110,0.991325,-0.010781,0.991568
20.588000,-0.319101,0.008675,1.110769,0.004531,-0.000210,-0.005869,-0.000239,0.000005,1.570305,-0.300000,1.000000,1.100000,0.000000,0.000000,-1.571000,0.019101,0.991325,-0.010769,0.991568
20.590000,-0.319092,0.008674,1.110757,0.004526,-0.000210,-0.005881,-0.000236,0.000006,1.570305,-0.300000,1.000000,1.100000,0.000000,0.000000,-1.571000,0.019092,0.991326,-0.010757,0.991568
20.592000,-0.319083,0.008674,1.110745,0.004521,-0.000210,-0.005893,-0.000234,0.000006,1.570305,-0.300000,1.000000,1.100000,0.000000,0.000000,-1.571000,0.019083,0.991326,-0.010745,0.991568
20.594000,-0.319074,0.008674,1.110734,0.004517,-0.000210,-0.005905,-0.000231,0.000007,1.570305,-0.300000,1.000000,1.100000,0.000000,0.000000,-1.571000,0.019074,0.991326,-0.010734,0.991568
20.596000,-0.319065,0.008673,1.110722,0.004512,-0.000209,-0.005918,-0.000229,0.000008,1.570305,-0.300000,1.000000,1.100000,0.000000,0.000000,-1.571000,0.019065,0.991327,-0.010722,0.991568
20.598000,-0.319056,0.008673,1.110710,0.004508,-0.000209,-0.005930,-0.000227,0.000008,1.570305,-0.300000,1.000000,1.100000,0.000000,0.000000,-1.571000,0.019056,0.991327,-0.010710,0.991568
20.600000,-0.319047,0.008672,1.110698,0.004503,-0.000209,-0.005942,-0.000224,0.000009,1.570305,-0.300000,1.000000,1.100000,0.000000,0.000000,-1.571000,0.019047,0.991328,-0.010698,0.991568
20.602000,-0.319038,0.008672,1.110686,0.004499,-0.000209,-0.005954,-0.000222,0.000009,1.570305,-0.300000,1.000000,1.100000,0.000000,0.000000,-1.571000,0.019038,0.991328,-0.010686,0.991568
20.604000,-0.319029,0.008671,1.110674,0.004495,-0.000209,-0.005967,-0.000219,0.000009,1.570305,-0.300000,1.000000,1.100000,0.000000,0.000000,-1.571000,0.019029,0.991329,-0.010674,0.991569
20.606000,-0.319020,0.008671,1.110662,0.004490,-0.000209,-0.005979,-0.000217,0.000009,1.570305,-0.300000,1.000000,1.100000,0.000000,0.000000,-1.571000,0.019020,0.991329,-0.010662,0.991569
20.608000,-0.319011,0.008671,1.110650,0.004486,-0.000208,-0.005991,-0.000215,0.000009,1.570305,-0.300000,1.000000,1.100000,0.000000,0.000000,-1.571000,0.019011,0.991329,-0.010650,0.991569
20.610000,-0.319002,0.008670,1.110638,0.004482,-0.000208,-0.006004,-0.000213,0.000009,1.570305,-0.300000,1.000000,1.100000,0.000000,0.000000,-1.571000,0.019002,0.991330,-0.010638,0.991569
20.612000,-0.318993,0.008670,1.110626,0.004478,-0.000208,-0.006016,-0.000211,0.000009,1.570305,-0.300000,1.000000,1.100000,0.000000,0.000000,-1.571000,0.018993,0.991330,-0.010626,0.991569
20.614000,-0.318984,0.008669,1.110614,0.004474,-0.000208,-0.006028,-0.000209,0.000009,1.570306,-0.300000,1.000000,1.100000,0.000000,0.000000,-1.571000,0.018984,0.991331,-0.010614,0.991569
20.616000,-0.318975,0.008669,1.110602,0.004470,-0.000208,-0.006040,-0.000207,0.000009,1.570306,-0.300000,1.000000,1.100000,0.000000,0.000000,-1.571000,0.018975,0.991331,-0.010602,0.991569
20.618000,-0.318966,0.008669,1.110590,0.004466,-0.000208,-0.006053,-0.000205,0.000008,1.570306,-0.300000,1.000000,1.100000,0.000000,0.000000,-1.571000,0.018966,0.991331,-0.010590,0.991569
20.620000,-0.318957,0.008668,1.110578,0.004462,-0.000207,-0.006065,-0.000204,0.000008,1.570306,-0.300000,1.000000,1.100000,0.000000,0.000000,-1.571000,0.018957,0.991332,-0.010578,0.991569
20.622000,-0.318948,0.008668,1.110566,0.004458,-0.000207,-0.006077,-0.000202,0.000007,1.570306,-0.300000,1.000000,1.100000,0.000000,0.000000,-1.571000,0.018948,0.991332,-0.010566,0.991570
20.624000,-0.318939,0.008667,1.110554,0.004454,-0.000207,-0.006089,-0.000201,0.000007,1.570306,-0.300000,1.000000,1.100000,0.000000,0.000000,-1.571000,0.018939,0.991333,-0.010554,0.991570
20.626000,-0.318930,0.008667,1.110541,0.004450,-0.000207,-0.006102,-0.000200,0.000006,1.570306,-0.300000,1.000000,1.100000,0.000000,0.000000,-1.571000,0.018930,0.991333,-0.010541,0.991570
20.628000,-0.318921,0.008667,1.110529,0.004446,-0.000207,-0.006114,-0.000199,0.000006,1.570306,-0.300000,1.000000,1.100000,0.000000,0.000000,-1.571000,0.018921,0.991333,-0.010529,0.991570
20.630000,-0.318912,0.008666,1.110517,0.004442,-0.000207,-0.006126,-0.000198,0.000005,1.570307,-0.300000,1.000000,1.100000,0.000000,0.000000,-1.571000,0.018912,0.991334,-0.010517,0.991570
20.632000,-0.318903,0.008666,1.110505,0.004438,-0.000207,-0.006138,-0.000197,0.000005,1.570307,-0.300000,1.000000,1.100000,0.000000,0.000000,-1.571000,0.018903,0.991334,-0.010505,0.991570
20.634000,-0.318895,0.008665,1.110492,0.004434,-0.000207,-0.006150,-0.000196,0.000004,1.570307,-0.300000,1.000000,1.100000,0.000000,0.000000,-1.571000,0.018895,0.991335,-0.010492,0.991570
20.636000,-0.318886,0.008665,1.110480,0.004430,-0.000206,-0.006161,-0.000196,0.000003,1.570307,-0.300000,1.000000,1.100000,0.000000,0.000000,-1.571000,0.018886,0.991335,-0.010480,0.991570
20.638000,-0.318877,0.008664,1.110468,0.004427,-0.000206,-0.006172,-0.000195,0.000003,1.570307,-0.300000,1.000000,1.100000,0.000000,0.000000,-1.571000,0.018877,0.991336,-0.010468,0.991571
20.640000,-0.318868,0.008664,1.110455,0.004423,-0.000206,-0.006183,-0.000195,0.000002,1.570307,-0.300000,1.000000,1.100000,0.000000,0.000000,-1.571000,0.018868,0.991336,-0.010455,0.991571
20.642000,-0.318859,0.008664,1.110443,0.004419,-0.000206,-0.006194,-0.000195,0.000001,1.570307,-0.300000,1.000000,1.100000,0.000000,0.000000,-1.571000,0.018859,0.991336,-0.010443,0.991571
20.644000,-0.318850,0.008663,1.110431,0.004415,-0.000206,-0.006205,-0.000195,0.000000,1.570307,-0.300000,1.000000,1.100000,0.000000,0.000000,-1.571000,0.018850,0.991337,-0.010431,0.991571
20.646000,-0.318842,0.008663,1.110418,0.004411,-0.000206,-0.006215,-0.000195,-0.000000,1.570307,-0.300000,1.000000,1.100000,0.000000,0.000000,-1.571000,0.018842,0.991337,-0.010418,0.991571
20.648000,-0.318833,0.008662,1.110406,0.004407,-0.000206,-0.006226,-0.000195,-0.000001,1.570307,-0.300000,1.000000,1.100000,0.000000,0.000000,-1.571000,0.018833,0.991338,-0.010406,0.991571
20.650000,-0.318824,0.008662,1.110393,0.004404,-0.000206,-0.006236,-0.000195,-0.000002,1.570307,-0.300000,1.000000,1.100000,0.000000,0.000000,-1.571000,0.018824,0.991338,-0.010393,0.991571
20.652000,-0.318815,0.008662,1.110381,0.004400,-0.000206,-0.006246,-0.000195,-0.000003,1.570307,-0.300000,1.000000,1.100000,0.000000,0.000000,-1.571000,0.018815,0.991338,-0.010381,0.991571
20.654000,-0.318806,0.008661,1.110368,0.004396,-0.000206,-0.006257,-0.000195,-0.000003,1.570308,-0.300000,1.000000,1.100000,0.000000,0.000000,-1.571000,0.018806,0.991339,-0.010368,0.991571
20.656000,-0.318798,0.008661,1.110356,0.004392,-0.000206,-0.006267,-0.000196,-0.000004,1.570308,-0.300000,1.000000,1.100000,0.000000,0.000000,-1.571000,0.018798,0.991339,-0.010356,0.991572
20.658000,-0.318789,0.008660,1.110343,0.004388,-0.000207,-0.006277,-0.000196,-0.000005,1.570308,-0.300000,1.000000,1.100000,0.000000,0.000000,-1.571000,0.018789,0.991340,-0.010343,0.991572
20.660000,-0.318780,0.008660,1.110331,0.004385,-0.000207,-0.006287,-0.000197,-0.000005,1.570307,-0.300000,1.000000,1.100000,0.000000,0.000000,-1.571000,0.018780,0.991340,-0.010331,0.991572
20.662000,-0.318771,0.008659,1.110318,0.004381,-0.000207,-0.006296,-0.000197,-0.000006,1.570307,-0.300000,1.000000,1.100000,0.000000,0.000000,-1.571000,0.018771,0.991341,-0.010318,0.991572
20.664000,-0.318762,0.008659,1.110305,0.004377,-0.000207,-0.006306,-0.000198,-0.000006,1.570307,-0.300000,1.000000,1.100000,0.000000,0.000000,-1.571000,0.018762,0.991341,-0.010305,0.991572
20.666000,-0.318754,0.008659,1.110293,0.004373,-0.000207,-0.006316,-0.000198,-0.000007,1.570307,-0.300000,1.000000,1.100000,0.000000,0.000000,-1.571000,0.018754,0.991341,-0.010293,0.991572
20.668000,-0.318745,0.008658,1.110280,0.004369,-0.000207,-0.006326,-0.000199,-0.000008,1.570307,-0.300000,1.000000,1.100000,0.000000,0.000000,-1.571000,0.018745,0.991342,-0.010280,0.991572
20.670000,-0.318736,0.008658,1.110267,0.004365,-0.000207,-0.006335,-0.000199,-0.000008,1.570307,-0.300000,1.000000,1.100000,0.000000,0.000000,-1.571000,0.018736,0.991342,-0.010267,0.991572
20.672000,-0.318728,0.008657,1.110255,0.004361,-0.000207,-0.006345,-0.000200,-0.000008,1.570307,-0.300000,1.000000,1.100000,0.000000,0.000000,-1.571000,0.018728,0.991343,-0.010255,0.991572
20.674000,-0.318719,0.008657,1.110242,0.004357,-0.000208,-0.006355,-0.000201,-0.000009,1.570307,-0.300000,1.000000,1.100000,0.000000,0.000000,-1.571000,0.018719,0.991343,-0.010242,0.991573
20.676000,-0.318710,0.008657,1.110229,0.004353,-0.000208,-0.006364,-0.000201,-0.000009,1.570307,-0.300000,1.000000,1.100000,0.000000,0.000000,-1.571000,0.018710,0.991343,-0.010229,0.991573
20.678000,-0.318701,0.008656,1.110217,0.004349,-0.000208,-0.006374,-0.000202,-0.000009,1.570307,-0.300000,1.000000,1.100000,0.000000,0.000000,-1.571000,0.018701,0.991344,-0.010217,0.991573
20.680000,-0.318693,0.008656,1.110204,0.004345,-0.000208,-0.006383,-0.000202,-0.000010,1.570307,-0.300000,1.000000,1.100000,0.000000,0.000000,-1.571000,0.018693,0.991344,-0.010204,0.991573
20.682000,-0.318684,0.008655,1.110191,0.004341,-0.000208,-0.006393,-0.000203,-0.000010,1.570307,-0.300000,1.000000,1.100000,0.000000,0.000000,-1.571000,0.018684,0.991345,-0.010191,0.991573
20.684000,-0.318675,0.008655,1.110178,0.004337,-0.000208,-0.006402,-0.000204,-0.000010,1.570307,-0.300000,1.000000,1.100000,0.000000,0.000000,-1.571000,0.018675,0.991345,-0.010178,0.991573
20.686000,-0.318667,0.008655,1.110165,0.004334,-0.000209,-0.006411,-0.000204,-0.000010,1.570307,-0.300000,1.000000,1.100000,0.000000,0.000000,-1.571000,0.018667,0.991345,-0.010165,0.991573
20.688000,-0.318658,0.008654,1.110153,0.004330,-0.000209,-0.006421,-0.000204,-0.000010,1.570307,-0.300000,1.000000,1.100000,0.000000,0.000000,-1.571000,0.018658,0.991346,-0.010153,0.991573
20.690000,-0.318649,0.008654,1.110140,0.004326,-0.000209,-0.006430,-0.000205,-0.000009,1.570307,-0.300000,1.000000,1.100000,0.000000,0.000000,-1.571000,0.018649,0.991346,-0.010140,0.991574
20.692000,-0.318641,0.008653,1.110127,0.004321,-0.000209,-0.006440,-0.000205,-0.000009,1.570307,-0.300000,1.000000,1.100000,0.000000,0.000000,-1.571000,0.018641,0.991347,-0.010127,0.991574
20.694000,-0.318632,0.008653,1.110114,0.004317,-0.000209,-0.006449,-0.000205,-0.000009,1.570307,-0.300000,1.000000,1.100000,0.000000,0.000000,-1.571000,0.018632,0.991347,-0.010114,0.991574
20.696000,-0.318623,0.008652,1.110101,0.004313,-0.000210,-0.006458,-0.000205,-0.000009,1.570307,-0.300000,1.000000,1.100000,0.000000,0.000000,-1.571000,0.018623,0.991348,-0.010101,0.991574
20.698000,-0.318615,0.008652,1.110088,0.004309,-0.000210,-0.006468,-0.000205,-0.000009,1.570307,-0.300000,1.000000,1.100000,0.000000,0.000000,-1.571000,0.018615,0.991348,-0.010088,0.991574
20.700000,-0.318606,0.008652,1.110075,0.004305,-0.000210,-0.006477,-0.000205,-0.000008,1.570308,-0.300000,1.000000,1.100000,0.000000,0.000000,-1.571000,0.018606,0.991348,-0.010075,0.991574
20.702000,-0.318598,0.008651,1.110062,0.004301,-0.000210,-0.006487,-0.000205,-0.000008,1.570308,-0.300000,1.000000,1.100000,0.000000,0.000000,-1.571000,0.018598,0.991349,-0.010062,0.991574
20.704000,-0.318589,0.008651,1.110049,0.004297,-0.000210,-0.006496,-0.000204,-0.000008,1.570308,-0.300000,1.000000,1.100000,0.000000,0.000000,-1.571000,0.018589,0.991349,-0.010049,0.991574
20.706000,-0.318580,0.008650,1.110036,0.004293,-0.000210,-0.006505,-0.000204,-0.000007,1.570308,-0.300000,1.000000,1.100000,0.000000,0.000000,-1.571000,0.018580,0.991350,-0.010036,0.991575
20.708000,-0.318572,0.008650,1.110023,0.004289,-0.000211,-0.006515,-0.000203,-0.000007,1.570308,-0.300000,1.000000,1.100000,0.000000,0.000000,-1.571000,0.018572,0.991350,-0.010023,0.991575
20.710000,-0.318563,0.008649,1.110010,0.004285,-0.000211,-0.006524,-0.000202,-0.000007,1.570308,-0.300000,1.000000,1.100000,0.000000,0.000000,-1.571000,0.018563,0.991351,-0.010010,0.991575
20.712000,-0.318555,0.008649,1.109997,0.004281,-0.000211,-0.006533,-0.000201,-0.000006,1.570308,-0.300000,1.000000,1.100000,0.000000,0.000000,-1.571000,0.018555,0.991351,-0.009997,0.991575
20.714000,-0.318546,0.008649,1.109984,0.004278,-0.000211,-0.006542,-0.000200,-0.000006,1.570308,-0.300000,1.000000,1.100000,0.000000,0.000000,-1.571000,0.018546,0.991351,-0.009984,0.991575
20.716000,-0.318538,0.008648,1.109971,0.004274,-0.000211,-0.006552,-0.000199,-0.000006,1.570308,-0.300000,1.000000,1.100000,0.000000,0.000000,-1.571000,0.018538,0.991352,-0.009971,0.991575
20.718000,-0.318529,0.008648,1.109958,0.004270,-0.000211,-0.006561,-0.000198,-0.000005,1.570308,-0.300000,1.000000,1.100000,0.000000,0.000000,-1.571000,0.018529,0.991352,-0.009958,0.991575
20.720000,-0.318521,0.008647,1.109945,0.004266,-0.000211,-0.006570,-0.000197,-0.000005,1.570308,-0.300000,1.000000,1.100000,0.000000,0.000000,-1.571000,0.018521,0.991353,-0.009945,0.991575
20.722000,-0.318512,0.008647,1.109932,0.004262,-0.000211,-0.006580,-0.000196,-0.000004,1.570308,-0.300000,1.000000,1.100000,0.000000,0.000000,-1.571000,0.018512,0.991353,-0.009932,0.991576
20.724000,-0.318504,0.008647,1.109918,0.004258,-0.000211,-0.006589,-0.000194,-0.000004,1.570308,-0.300000,1.000000,1.100000,0.000000,0.000000,-1.571000,0.018504,0.991353,-0.009918,0.991576
20.726000,-0.318495,0.008646,1.109905,0.004254,-0.000211,-0.006598,-0.000193,-0.000004,1.570308,-0.300000,1.000000,1.100000,0.000000,0.000000,-1.571000,0.018495,0.991354,-0.009905,0.991576
20.728000,-0.318486,0.008646,1.109892,0.004251,-0.000212,-0.006608,-0.000191,-0.000003,1.570308,-0.300000,1.000000,1.100000,0.000000,0.000000,-1.571000,0.018486,0.991354,-0.009892,0.991576
20.730000,-0.318478,0.008645,1.109879,0.004247,-0.000212,-0.006618,-0.000189,-0.000003,1.570308,-0.300000,1.000000,1.100000,0.000000,0.000000,-1.571000,0.018478,0.991355,-0.009879,0.991576
20.732000,-0.318470,0.008645,1.109865,0.004243,-0.000212,-0.006628,-0.000187,-0.000003,1.570308,-0.300000,1.000000,1.100000,0.000000,0.000000,-1.571000,0.018470,0.991355,-0.009865,0.991576
20.734000,-0.318461,0.008644,1.109852,0.004240,-0.000212,-0.006638,-0.000186,-0.000002,1.570308,-0.300000,1.000000,1.100000,0.000000,0.000000,-1.571000,0.018461,0.991356,-0.009852,0.991576
20.736000,-0.318453,0.008644,1.109839,0.004236,-0.000212,-0.006649,-0.000184,-0.000002,1.570308,-0.300000,1.000000,1.100000,0.000000,0.000000,-1.571000,0.018453,0.991356,-0.009839,0.991577
20.738000,-0.318444,0.008644,1.109826,0.004232,-0.000212,-0.006660,-0.000181,-0.000002,1.570308,-0.300000,1.000000,1.100000,0.000000,0.000000,-1.571000,0.018444,0.991356,-0.009826,0.991577
20.740000,-0.318436,0.008643,1.109812,0.004229,-0.000212,-0.006671,-0.000179,-0.000001,1.570308,-0.300000,1.000000,1.100000,0.000000,0.000000,-1.571000,0.018436,0.991357,-0.009812,0.991577
20.742000,-0.318427,0.008643,1.109799,0.004225,-0.000212,-0.006681,-0.000177,-0.000001,1.570308,-0.300000,1.000000,1.100000,0.000000,0.000000,-1.571000,0.018427,0.991357,-0.009799,0.991577
20.744000,-0.318419,0.008642,1.109785,0.004222,-0.000212,-0.006693,-0.000174,-0.000001,1.570308,-0.300000,1.000000,1.100000,0.000000,0.000000,-1.571000,0.018419,0.991358,-0.009785,0.991577
20.746000,-0.318410,0.008642,1.109772,0.004218,-0.000212,-0.006704,-0.000172,-0.000000,1.570308,-0.300000,1.000000,1.100000,0.000000,0.000000,-1.571000,0.018410,0.991358,-0.009772,0.991577
20.748000,-0.318402,0.008641,1.109759,0.004215,-0.000212,-0.006715,-0.000169,0.000000,1.570308,-0.300000,1.000000,1.100000,0.000000,0.000000,-1.571000,0.018402,0.991359,-0.009759,0.991577
20.750000,-0.318393,0.008641,1.109745,0.004212,-0.000212,-0.006726,-0.000167,0.000000,1.570308,-0.300000,1.000000,1.100000,0.000000,0.000000,-1.571000,0.018393,0.991359,-0.009745,0.991577
20.752000,-0.318385,0.008641,1.109732,0.004208,-0.000212,-0.006738,-0.000164,0.000001,1.570308,-0.300000,1.000000,1.100000,0.000000,0.000000,-1.571000,0.018385,0.991359,-0.009732,0.991578
20.754000,-0.318377,0.008640,1.109718,0.004205,-0.000212,-0.006749,-0.000161,0.000001,1.570308,-0.300000,1.000000,1.100000,0.000000,0.000000,-1.571000,0.018377,0.991360,-0.009718,0.991578
20.756000,-0.318368,0.008640,1.109705,0.004202,-0.000212,-0.006761,-0.000158,0.000001,1.570308,-0.300000,1.000000,1.100000,0.000000,0.000000,-1.571000,0.018368,0.991360,-0.009705,0.991578
20.758000,-0.318360,0.008639,1.109691,0.004199,-0.000212,-0.006773,-0.000155,0.000002,1.570308,-0.300000,1.000000,1.100000,0.000000,0.000000,-1.571000,0.018360,0.991361,-0.009691,0.991578
20.760000,-0.318351,0.008639,1.109678,0.004196,-0.000212,-0.006785,-0.000152,0.000002,1.570308,-0.300000,1.000000,1.100000,0.000000,0.000000,-1.571000,0.018351,0.991361,-0.009678,0.991578
20.762000,-0.318343,0.008638,1.109664,0.004193,-0.000212,-0.006796,-0.000149,0.000002,1.570308,-0.300000,1.000000,1.100000,0.000000,0.000000,-1.571000,0.018343,0.991362,-0.009664,0.991578
20.764000,-0.318335,0.008638,1.109650,0.004190,-0.000212,-0.006808,-0.000146,0.000002,1.570308,-0.300000,1.000000,1.100000,0.000000,0.000000,-1.571000,0.018335,0.991362,-0.009650,0.991578
20.766000,-0.318326,0.008638,1.109637,0.004187,-0.000212,-0.006820,-0.000142,0.000003,1.570308,-0.300000,1.000000,1.100000,0.000000,0.000000,-1.571000,0.018326,0.991362,-0.009637,0.991579
20.768000,-0.318318,0.008637,1.109623,0.004185,-0.000212,-0.006832,-0.000139,0.000003,1.570308,-0.300000,1.000000,1.100000,0.000000,0.000000,-1.571000,0.018318,0.991363,-0.009623,0.991579
20.770000,-0.318310,0.008637,1.109609,0.004182,-0.000212,-0.006844,-0.000135,0.000003,1.570308,-0.300000,1.000000,1.100000,0.000000,0.000000,-1.571000,0.018310,0.991363,-0.009609,0.991579
20.772000,-0.318301,0.008636,1.109596,0.004179,-0.000211,-0.006856,-0.000132,0.000003,1.570308,-0.300000,1.000000,1.100000,0.000000,0.000000,-1.571000,0.018301,0.991364,-0.009596,0.991579
20.774000,-0.318293,0.008636,1.109582,0.004177,-0.000211,-0.006868,-0.000128,0.000004,1.570308,-0.300000,1.000000,1.100000,0.000000,0.000000,-1.571000,0.018293,0.991364,-0.009582,0.991579
20.776000,-0.318284,0.008636,1.109568,0.004174,-0.000211,-0.006880,-0.000125,0.000004,1.570308,-0.300000,1.000000,1.100000,0.000000,0.000000,-1.571000,0.018284,0.991364,-0.009568,0.991579
20.778000,-0.318276,0.008635,1.109555,0.004172,-0.000211,-0.006892,-0.000121,0.000005,1.570308,-0.300000,1.000000,1.100000,0.000000,0.000000,-1.571000,0.018276,0.991365,-0.009555,0.991579
20.780000,-0.318268,0.008635,1.109541,0.004169,-0.000211,-0.006904,-0.000117,0.000005,1.570308,-0.300000,1.000000,1.100000,0.000000,0.000000,-1.571000,0.018268,0.991365,-0.009541,0.991580
20.782000,-0.318259,0.008634,1.109527,0.004167,-0.000211,-0.006916,-0.000114,0.000005,1.570308,-0.300000,1.000000,1.100000,0.000000,0.000000,-1.571000,0.018259,0.991366,-0.009527,0.991580
20.784000,-0.318251,0.008634,1.109513,0.004165,-0.000211,-0.006928,-0.000110,0.000006,1.570308,-0.300000,1.000000,1.100000,0.000000,0.000000,-1.571000,0.018251,0.991366,-0.009513,0.991580
20.786000,-0.318243,0.008633,1.109499,0.004163,-0.000211,-0.006940,-0.000106,0.000006,1.570308,-0.300000,1.000000,1.100000,0.000000,0.000000,-1.571000,0.018243,0.991367,-0.009499,0.991580
20.788000,-0.318234,0.008633,1.109485,0.004161,-0.000211,-0.006952,-0.000102,0.000007,1.570308,-0.300000,1.000000,1.100000,0.000000,0.000000,-1.571000,0.018234,0.991367,-0.009485,0.991580
20.790000,-0.318226,0.008633,1.109471,0.004159,-0.000211,-0.006965,-0.000099,0.000008,1.570308,-0.300000,1.000000,1.100000,0.000000,0.000000,-1.571000,0.018226,0.991367,-0.009471,0.991580
20.792000,-0.318218,0.008632,1.109457,0.004157,-0.000210,-0.006977,-0.000095,0.000008,1.570308,-0.300000,1.000000,1.100000,0.000000,0.000000,-1.571000,0.018218,0.991368,-0.009457,0.991580
20.794000,-0.318210,0.008632,1.109443,0.004155,-0.000210,-0.006989,-0.000091,0.000009,1.570308,-0.300000,1.000000,1.100000,0.000000,0.000000,-1.571000,0.018210,0.991368,-0.009443,0.991580
20.796000,-0.318201,0.008631,1.109429,0.004153,-0.000210,-0.007001,-0.000087,0.000009,1.570308,-0.300000,1.000000,1.100000,0.000000,0.000000,-1.571000,0.018201,0.991369,-0.009429,0.991581
20.798000,-0.318193,0.008631,1.109415,0.004152,-0.000210,-0.007013,-0.000083,0.000010,1.570308,-0.300000,1.000000,1.100000,0.000000,0.000000,-1.571000,0.018193,0.991369,-0.009415,0.991581
20.800000,-0.318185,0.008630,1.109401,0.004150,-0.000210,-0.007025,-0.000079,0.000011,1.570308,-0.300000,1.000000,1.100000,0.000000,0.000000,-1.571000,0.018185,0.991370,-0.009401,0.991581
20.802000,-0.318176,0.008630,1.109387,0.004148,-0.000209,-0.007038,-0.000076,0.000011,1.570308,-0.300000,1.000000,1.100000,0.000000,0.000000,-1.571000,0.018176,0.991370,-0.009387,0.991581
20.804000,-0.318168,0.008630,1.109373,0.004147,-0.000209,-0.007050,-0.000072,0.000012,1.570308,-0.300000,1.000000,1.100000,0.000000,0.000000,-1.571000,0.018168,0.991370,-0.009373,0.991581
20.806000,-0.318160,0.008629,1.109359,0.004146,-0.000209,-0.007062,-0.000068,0.000013,1.570308,-0.300000,1.000000,1.100000,0.000000,0.000000,-1.571000,0.018160,0.991371,-0.009359,0.991581
20.808000,-0.318151,0.008629,1.109345,0.004144,-0.000209,-0.007074,-0.000064,0.000013,1.570308,-0.300000,1.000000,1.100000,0.000000,0.000000,-1.571000,0.018151,0.991371,-0.009345,0.991581
20.810000,-0.318143,0.008628,1.109331,0.004143,-0.000208,-0.007085,-0.000060,0.000014,1.570308,-0.300000,1.000000,1.100000,0.000000,0.000000,-1.571000,0.018143,0.991372,-0.009331,0.991582
20.812000,-0.318135,0.008628,1.109317,0.004142,-0.000208,-0.007096,-0.000056,0.000014,1.570308,-0.300000,1.000000,1.100000,0.000000,0.000000,-1.571000,0.018135,0.991372,-0.009317,0.991582
20.814000,-0.318127,0.008628,1.109302,0.004141,-0.000208,-0.007107,-0.000052,0.000014,1.570308,-0.300000,1.000000,1.100000,0.000000,0.000000,-1.571000,0.018127,0.991372,-0.009302,0.991582
20.816000,-0.318118,0.008627,1.109288,0.004140,-0.000208,-0.007117,-0.000048,0.000015,1.570308,-0.300000,1.000000,1.100000,0.000000,0.000000,-1.571000,0.018118,0.991373,-0.009288,0.991582
20.818000,-0.318110,0.008627,1.109274,0.004139,-0.000207,-0.007127,-0.000044,0.000015,1.570308,-0.300000,1.000000,1.100000,0.000000,0.000000,-1.571000,0.018110,0.991373,-0.009274,0.991582
20.820000,-0.318102,0.008626,1.109260,0.004138,-0.000207,-0.007136,-0.000040,0.000015,1.570308,-0.300000,1.000000,1.100000,0.000000,0.000000,-1.571000,0.018102,0.991374,-0.009260,0.991582
20.822000,-0.318093,0.008626,1.109245,0.004137,-0.000207,-0.007145,-0.000036,0.000015,1.570308,-0.300000,1.000000,1.100000,0.000000,0.000000,-1.571000,0.018093,0.991374,-0.009245,0.991582
20.824000,-0.318085,0.008625,1.109231,0.004137,-0.000206,-0.007154,-0.000032,0.000015,1.570308,-0.300000,1.000000,1.100000,0.000000,0.000000,-1.571000,0.018085,0.991375,-0.009231,0.991582
20.826000,-0.318077,0.008625,1.109217,0.004136,-0.000206,-0.007163,-0.000029,0.000015,1.570308,-0.300000,1.000000,1.100000,0.000000,0.000000,-1.571000,0.018077,0.991375,-0.009217,0.991583
20.828000,-0.318069,0.008625,1.109202,0.004135,-0.000206,-0.007171,-0.000025,0.000015,1.570308,-0.300000,1.000000,1.100000,0.000000,0.000000,-1.571000,0.018069,0.991375,-0.009202,0.991583
20.830000,-0.318060,0.008624,1.109188,0.004135,-0.000206,-0.007179,-0.000021,0.000015,1.570308,-0.300000,1.000000,1.100000,0.000000,0.000000,-1.571000,0.018060,0.991376,-0.009188,0.991583
20.832000,-0.318052,0.008624,1.109174,0.004134,-0.000205,-0.007187,-0.000017,0.000015,1.570308,-0.300000,1.000000,1.100000,0.000000,0.000000,-1.571000,0.018052,0.991376,-0.009174,0.991583
20.834000,-0.318044,0.008623,1.109159,0.004134,-0.000205,-0.007195,-0.000013,0.000014,1.570308,-0.300000,1.000000,1.100000,0.000000,0.000000,-1.571000,0.018044,0.991377,-0.009159,0.991583
20.836000,-0.318036,0.008623,1.109145,0.004134,-0.000205,-0.007203,-0.000009,0.000014,1.570308,-0.300000,1.000000,1.100000,0.000000,0.000000,-1.571000,0.018036,0.991377,-0.009145,0.991583
20.838000,-0.318027,0.008623,1.109130,0.004134,-0.000204,-0.007210,-0.000006,0.000014,1.570308,-0.300000,1.000000,1.100000,0.000000,0.000000,-1.571000,0.018027,0.991377,-0.009130,0.991583
20.840000,-0.318019,0.008622,1.109116,0.004134,-0.000204,-0.007218,-0.000002,0.000013,1.570308,-0.300000,1.000000,1.100000,0.000000,0.000000,-1.571000,0.018019,0.991378,-0.009116,0.991583
20.842000,-0.318011,0.008622,1.109102,0.004134,-0.000204,-0.007225,0.000001,0.000013,1.570308,-0.300000,1.000000,1.100000,0.000000,0.000000,-1.571000,0.018011,0.991378,-0.009102,0.991584
20.844000,-0.318003,0.008621,1.109087,0.004134,-0.000204,-0.007232,0.000005,0.000012,1.570308,-0.300000,1.000000,1.100000,0.000000,0.000000,-1.571000,0.018003,0.991379,-0.009087,0.991584
20.846000,-0.317994,0.008621,1.109073,0.004134,-0.000203,-0.007240,0.000008,0.000012,1.570308,-0.300000,1.000000,1.100000,0.000000,0.000000,-1.571000,0.017994,0.991379,-0.009073,0.991584
20.848000,-0.317986,0.008621,1.109058,0.004134,-0.000203,-0.007247,0.000012,0.000011,1.570308,-0.300000,1.000000,1.100000,0.000000,0.000000,-1.571000,0.017986,0.991379,-0.009058,0.991584
20.850000,-0.317978,0.008620,1.109044,0.004134,-0.000203,-0.007254,0.000015,0.000011,1.570308,-0.300000,1.000000,1.100000,0.000000,0.000000,-1.571000,0.017978,0.991380,-0.009044,0.991584
20.852000,-0.317969,0.008620,1.109029,0.004135,-0.000203,-0.007261,0.000018,0.000010,1.570308,-0.300000,1.000000,1.100000,0.000000,0.000000,-1.571000,0.017969,0.991380,-0.009029,0.991584
20.854000,-0.317961,0.008619,1.109015,0.004135,-0.000203,-0.007267,0.000021,0.000010,1.570308,-0.300000,1.000000,1.100000,0.000000,0.000000,-1.571000,0.017961,0.991381,-0.009015,0.991584
20.856000,-0.317953,0.008619,1.109000,0.004135,-0.000202,-0.007274,0.000025,0.000009,1.570308,-0.300000,1.000000,1.100000,0.000000,0.000000,-1.571000,0.017953,0.991381,-0.009000,0.991584
20.858000,-0.317945,0.008619,1.108985,0.004136,-0.000202,-0.007281,0.000028,0.000008,1.570308,-0.300000,1.000000,1.100000,0.000000,0.000000,-1.571000,0.017945,0.991381,-0.008985,0.991585
20.860000,-0.317936,0.008618,1.108971,0.004136,-0.000202,-0.007288,0.000031,0.000008,1.570308,-0.300000,1.000000,1.100000,0.000000,0.000000,-1.571000,0.017936,0.991382,-0.008971,0.991585
20.862000,-0.317928,0.008618,1.108956,0.004137,-0.000202,-0.007294,0.000033,0.000007,1.570308,-0.300000,1.000000,1.100000,0.000000,0.000000,-1.571000,0.017928,0.991382,-0.008956,0.991585
20.864000,-0.317920,0.008617,1.108942,0.004138,-0.000202,-0.007301,0.000036,0.000006,1.570308,-0.300000,1.000000,1.100000,0.000000,0.000000,-1.571000,0.017920,0.991383,-0.008942,0.991585
20.866000,-0.317912,0.008617,1.108927,0.004138,-0.000202,-0.007308,0.000039,0.000006,1.570308,-0.300000,1.000000,1.100000,0.000000,0.000000,-1.571000,0.017912,0.991383,-0.008927,0.991585
20.868000,-0.317903,0.008617,1.108912,0.004139,-0.000201,-0.007314,0.000041,0.000005,1.570308,-0.300000,1.000000,1.100000,0.000000,0.000000,-1.571000,0.017903,0.991383,-0.008912,0.991585
20.870000,-0.317895,0.008616,1.108898,0.004140,-0.000201,-0.007321,0.000044,0.000004,1.570308,-0.300000,1.000000,1.100000,0.000000,0.000000,-1.571000,0.017895,0.991384,-0.008898,0.991585
20.872000,-0.317887,0.008616,1.108883,0.004141,-0.000201,-0.007327,0.000046,0.000003,1.570308,-0.300000,1.000000,1.100000,0.000000,0.000000,-1.571000,0.017887,0.991384,-0.008883,0.991585
20.874000,-0.317878,0.008615,1.108869,0.004142,-0.000201,-0.007334,0.000049,0.000002,1.570308,-0.300000,1.000000,1.100000,0.000000,0.000000,-1.571000,0.017878,0.991385,-0.008869,0.991586
20.876000,-0.317870,0.008615,1.108854,0.004143,-0.000201,-0.007340,0.000051,0.000002,1.570308,-0.300000,1.000000,1.100000,0.000000,0.000000,-1.571000,0.017870,0.991385,-0.008854,0.991586
20.878000,-0.317862,0.008614,1.108839,0.004144,-0.000201,-0.007346,0.000053,0.000001,1.570308,-0.300000,1.000000,1.100000,0.000000,0.000000,-1.571000,0.017862,0.991386,-0.008839,0.991586
20.880000,-0.317854,0.008614,1.108824,0.004145,-0.000201,-0.007353,0.000055,-0.000000,1.570308,-0.300000,1.000000,1.100000,0.000000,0.000000,-1.571000,0.017854,0.991386,-0.008824,0.991586
20.882000,-0.317845,0.008614,1.108810,0.004146,-0.000201,-0.007359,0.000057,-0.000001,1.570308,-0.300000,1.000000,1.100000,0.000000,0.000000,-1.571000,0.017845,0.991386,-0.008810,0.991586
20.884000,-0.317837,0.008613,1.108795,0.004147,-0.000201,-0.007366,0.000058,-0.000002,1.570308,-0.300000,1.000000,1.100000,0.000000,0.000000,-1.571000,0.017837,0.991387,-0.008795,0.991586
20.886000,-0.317829,0.008613,1.108780,0.004148,-0.000201,-0.007372,0.000060,-0.000003,1.570308,-0.300000,1.000000,1.100000,0.000000,0.000000,-1.571000,0.017829,0.991387,-0.008780,0.991586
20.888000,-0.317820,0.008612,1.108766,0.004149,-0.000201,-0.007378,0.000061,-0.000004,1.570308,-0.300000,1.000000,1.100000,0.000000,0.000000,-1.571000,0.017820,0.991388,-0.008766,0.991586
20.890000,-0.317812,0.008612,1.108751,0.004151,-0.000201,-0.007385,0.000062,-0.000004,1.570308,-0.300000,1.000000,1.100000,0.000000,0.000000,-1.571000,0.017812,0.991388,-0.008751,0.991587
20.892000,-0.317804,0.008612,1.108736,0.004152,-0.000201,-0.007391,0.000063,-0.000005,1.570308,-0.300000,1.000000,1.100000,0.000000,0.000000,-1.571000,0.017804,0.991388,-0.008736,0.991587
20.894000,-0.317795,0.008611,1.108721,0.004153,-0.000202,-0.007397,0.000064,-0.000006,1.570308,-0.300000,1.000000,1.100000,0.000000,0.000000,-1.571000,0.017795,0.991389,-0.008721,0.991587
20.896000,-0.317787,0.008611,1.108706,0.004154,-0.000202,-0.007404,0.000064,-0.000007,1.570308,-0.300000,1.000000,1.100000,0.000000,0.000000,-1.571000,0.017787,0.991389,-0.008706,0.991587
20.898000,-0.317779,0.008610,1.108692,0.004156,-0.000202,-0.007410,0.000065,-0.000007,1.570308,-0.300000,1.000000,1.100000,0.000000,0.000000,-1.571000,0.017779,0.991390,-0.008692,0.991587
20.900000,-0.317771,0.008610,1.108677,0.004157,-0.000202,-0.007416,0.000065,-0.000008,1.570308,-0.300000,1.000000,1.100000,0.000000,0.000000,-1.571000,0.017771,0.991390,-0.008677,0.991587
20.902000,-0.317762,0.008610,1.108662,0.004158,-0.000202,-0.007423,0.000066,-0.000008,1.570308,-0.300000,1.000000,1.100000,0.000000,0.000000,-1.571000,0.017762,0.991390,-0.008662,0.991587
20.904000,-0.317754,0.008609,1.108647,0.004159,-0.000202,-0.007429,0.000066,-0.000009,1.570308,-0.300000,1.000000,1.100000,0.000000,0.000000,-1.571000,0.017754,0.991391,-0.008647,0.991587
20.906000,-0.317746,0.008609,1.108632,0.004161,-0.000202,-0.007435,0.000066,-0.000009,1.570308,-0.300000,1.000000,1.100000,0.000000,0.000000,-1.571000,0.017746,0.991391,-0.008632,0.991588
20.908000,-0.317737,0.008608,1.108617,0.004162,-0.000203,-0.007442,0.000066,-0.000009,1.570308,-0.300000,1.000000,1.100000,0.000000,0.000000,-1.571000,0.017737,0.991392,-0.008617,0.991588
20.910000,-0.317729,0.008608,1.108602,0.004163,-0.000203,-0.007448,0.000066,-0.000009,1.570308,-0.300000,1.000000,1.100000,0.000000,0.000000,-1.571000,0.017729,0.991392,-0.008602,0.991588
20.912000,-0.317721,0.008608,1.108587,0.004165,-0.000203,-0.007454,0.000065,-0.000010,1.570308,-0.300000,1.000000,1.100000,0.000000,0.000000,-1.571000,0.017721,0.991392,-0.008587,0.991588
20.914000,-0.317712,0.008607,1.108573,0.004166,-0.000203,-0.007460,0.000065,-0.000010,1.570308,-0.300000,1.000000,1.100000,0.000000,0.000000,-1.571000,0.017712,0.991393,-0.008573,0.991588
20.916000,-0.317704,0.008607,1.108558,0.004167,-0.000203,-0.007467,0.000064,-0.000010,1.570308,-0.300000,1.000000,1.100000,0.000000,0.000000,-1.571000,0.017704,0.991393,-0.008558,0.991588
20.918000,-0.317696,0.008606,1.108543,0.004168,-0.000204,-0.007473,0.000064,-0.000010,1.570308,-0.300000,1.000000,1.100000,0.000000,0.000000,-1.571000,0.017696,0.991394,-0.008543,0.991588
20.920000,-0.317687,0.008606,1.108528,0.004170,-0.000204,-0.007479,0.000063,-0.000010,1.570308,-0.300000,1.000000,1.100000,0.000000,0.000000,-1.571000,0.017687,0.991394,-0.008528,0.991588
20.922000,-0.317679,0.008606,1.108513,0.004171,-0.000204,-0.007485,0.000062,-0.000010,1.570308,-0.300000,1.000000,1.100000,0.000000,0.000000,-1.571000,0.017679,0.991394,-0.008513,0.991589
20.924000,-0.317671,0.008605,1.108498,0.004172,-0.000204,-0.007492,0.000061,-0.000010,1.570308,-0.300000,1.000000,1.100000,0.000000,0.000000,-1.571000,0.017671,0.991395,-0.008498,0.991589
20.926000,-0.317662,0.008605,1.108483,0.004173,-0.000204,-0.007498,0.000060,-0.000010,1.570308,-0.300000,1.000000,1.100000,0.000000,0.000000,-1.571000,0.017662,0.991395,-0.008483,0.991589
20.928000,-0.317654,0.008604,1.108468,0.004174,-0.000205,-0.007504,0.000059,-0.000010,1.570308,-0.300000,1.000000,1.100000,0.000000,0.000000,-1.571000,0.017654,0.991396,-0.008468,0.991589
20.930000,-0.317646,0.008604,1.108453,0.004176,-0.000205,-0.007510,0.000058,-0.000009,1.570308,-0.300000,1.000000,1.100000,0.000000,0.000000,-1.571000,0.017646,0.991396,-0.008453,0.991589
20.932000,-0.317637,0.008604,1.108438,0.004177,-0.000205,-0.007517,0.000057,-0.000009,1.570308,-0.300000,1.000000,1.100000,0.000000,0.000000,-1.571000,0.017637,0.991396,-0.008438,0.991589
20.934000,-0.317629,0.008603,1.108423,0.004178,-0.000205,-0.007523,0.000056,-0.000009,1.570308,-0.300000,1.000000,1.100000,0.000000,0.000000,-1.571000,0.017629,0.991397,-0.008423,0.991589
20.936000,-0.317620,0.008603,1.108408,0.004179,-0.000205,-0.007529,0.000054,-0.000009,1.570309,-0.300000,1.000000,1.100000,0.000000,0.000000,-1.571000,0.017620,0.991397,-0.008408,0.991589
20.938000,-0.317612,0.008602,1.108393,0.004180,-0.000205,-0.007535,0.000053,-0.000009,1.570309,-0.300000,1.000000,1.100000,0.000000,0.000000,-1.571000,0.017612,0.991398,-0.008393,0.991590
20.940000,-0.317604,0.008602,1.108378,0.004181,-0.000206,-0.007542,0.000051,-0.000009,1.570309,-0.300000,1.000000,1.100000,0.000000,0.000000,-1.571000,0.017604,0.991398,-0.008378,0.991590
20.942000,-0.317595,0.008602,1.108362,0.004182,-0.000206,-0.007548,0.000050,-0.000008,1.570309,-0.300000,1.000000,1.100000,0.000000,0.000000,-1.571000,0.017595,0.991398,-0.008362,0.991590
20.944000,-0.317587,0.008601,1.108347,0.004183,-0.000206,-0.007554,0.000048,-0.000008,1.570309,-0.300000,1.000000,1.100000,0.000000,0.000000,-1.571000,0.017587,0.991399,-0.008347,0.991590
20.946000,-0.317579,0.008601,1.108332,0.004184,-0.000206,-0.007560,0.000047,-0.000008,1.570309,-0.300000,1.000000,1.100000,0.000000,0.000000,-1.571000,0.017579,0.991399,-0.008332,0.991590
20.948000,-0.317570,0.008600,1.108317,0.004185,-0.000206,-0.007567,0.000045,-0.000008,1.570309,-0.300000,1.000000,1.100000,0.000000,0.000000,-1.571000,0.017570,0.991400,-0.008317,0.991590
20.950000,-0.317562,0.008600,1.108302,0.004186,-0.000206,-0.007573,0.000044,-0.000007,1.570309,-0.300000,1.000000,1.100000,0.000000,0.000000,-1.571000,0.017562,0.991400,-0.008302,0.991590
20.952000,-0.317554,0.008599,1.108287,0.004187,-0.000207,-0.007579,0.000043,-0.000007,1.570309,-0.300000,1.000000,1.100000,0.000000,0.000000,-1.571000,0.017554,0.991401,-0.008287,0.991591
20.954000,-0.317545,0.008599,1.108272,0.004187,-0.000207,-0.007586,0.000041,-0.000007,1.570309,-0.300000,1.000000,1.100000,0.000000,0.000000,-1.571000,0.017545,0.991401,-0.008272,0.991591
20.956000,-0.317537,0.008599,1.108256,0.004188,-0.000207,-0.007592,0.000040,-0.000006,1.570309,-0.300000,1.000000,1.100000,0.000000,0.000000,-1.571000,0.017537,0.991401,-0.008256,0.991591
20.958000,-0.317528,0.008598,1.108241,0.004189,-0.000207,-0.007598,0.000038,-0.000006,1.570309,-0.300000,1.000000,1.100000,0.000000,0.000000,-1.571000,0.017528,0.991402,-0.008241,0.991591
20.960000,-0.317520,0.008598,1.108226,0.004190,-0.000207,-0.007604,0.000037,-0.000006,1.570309,-0.300000,1.000000,1.100000,0.000000,0.000000,-1.571000,0.017520,0.991402,-0.008226,0.991591
20.962000,-0.317512,0.008597,1.108211,0.004190,-0.000207,-0.007611,0.000036,-0.000006,1.570309,-0.300000,1.000000,1.100000,0.000000,0.000000,-1.571000,0.017512,0.991403,-0.008211,0.991591
20.964000,-0.317503,0.008597,1.108196,0.004191,-0.000207,-0.007617,0.000035,-0.000005,1.570309,-0.300000,1.000000,1.100000,0.000000,0.000000,-1.571000,0.017503,0.991403,-0.008196,0.991591
20.966000,-0.317495,0.008597,1.108180,0.004192,-0.000207,-0.007623,0.000034,-0.000005,1.570309,-0.300000,1.000000,1.100000,0.000000,0.000000,-1.571000,0.017495,0.991403,-0.008180,0.991592
20.968000,-0.317486,0.008596,1.108165,0.004192,-0.000208,-0.007630,0.000033,-0.000005,1.570309,-0.300000,1.000000,1.100000,0.000000,0.000000,-1.571000,0.017486,0.991404,-0.008165,0.991592
20.970000,-0.317478,0.008596,1.108150,0.004193,-0.000208,-0.007637,0.000032,-0.000004,1.570309,-0.300000,1.000000,1.100000,0.000000,0.000000,-1.571000,0.017478,0.991404,-0.008150,0.991592
20.972000,-0.317470,0.008595,1.108135,0.004194,-0.000208,-0.007643,0.000032,-0.000004,1.570309,-0.300000,1.000000,1.100000,0.000000,0.000000,-1.571000,0.017470,0.991405,-0.008135,0.991592
20.974000,-0.317461,0.008595,1.108119,0.004194,-0.000208,-0.007650,0.000031,-0.000004,1.570309,-0.300000,1.000000,1.100000,0.000000,0.000000,-1.571000,0.017461,0.991405,-0.008119,0.991592
20.976000,-0.317453,0.008594,1.108104,0.004195,-0.000208,-0.007657,0.000031,-0.000004,1.570309,-0.300000,1.000000,1.100000,0.000000,0.000000,-1.571000,0.017453,0.991406,-0.008104,0.991592
20.978000,-0.317445,0.008594,1.108089,0.004196,-0.000208,-0.007663,0.000031,-0.000003,1.570309,-0.300000,1.000000,1.100000,0.000000,0.000000,-1.571000,0.017445,0.991406,-0.008089,0.991592
20.980000,-0.317436,0.008594,1.108073,0.004196,-0.000208,-0.007670,0.000031,-0.000003,1.570309,-0.300000,1.000000,1.100000,0.000000,0.000000,-1.571000,0.017436,0.991406,-0.008073,0.991593
20.982000,-0.317428,0.008593,1.108058,0.004197,-0.000208,-0.007676,0.000031,-0.000003,1.570309,-0.300000,1.000000,1.100000,0.000000,0.000000,-1.571000,0.017428,0.991407,-0.008058,0.991593
20.984000,-0.317419,0.008593,1.108043,0.004197,-0.000208,-0.007683,0.000031,-0.000003,1.570309,-0.300000,1.000000,1.100000,0.000000,0.000000,-1.571000,0.017419,0.991407,-0.008043,0.991593
20.986000,-0.317411,0.008592,1.108027,0.004198,-0.000208,-0.007689,0.000032,-0.000003,1.570309,-0.300000,1.000000,1.100000,0.000000,0.000000,-1.571000,0.017411,0.991408,-0.008027,0.991593
20.988000,-0.317403,0.008592,1.108012,0.004199,-0.000208,-0.007696,0.000033,-0.000002,1.570309,-0.300000,1.000000,1.100000,0.000000,0.000000,-1.571000,0.017403,0.991408,-0.008012,0.991593
20.990000,-0.317394,0.008592,1.107996,0.004199,-0.000208,-0.007702,0.000034,-0.000002,1.570309,-0.300000,1.000000,1.100000,0.000000,0.000000,-1.571000,0.017394,0.991408,-0.007996,0.991593
20.992000,-0.317386,0.008591,1.107981,0.004200,-0.000208,-0.007709,0.000035,-0.000002,1.570309,-0.300000,1.000000,1.100000,0.000000,0.000000,-1.571000,0.017386,0.991409,-0.007981,0.991593
20.994000,-0.317377,0.008591,1.107966,0.004201,-0.000208,-0.007715,0.000037,-0.000002,1.570309,-0.300000,1.000000,1.100000,0.000000,0.000000,-1.571000,0.017377,0.991409,-0.007966,0.991594
20.996000,-0.317369,0.008590,1.107950,0.004201,-0.000208,-0.007721,0.000038,-0.000002,1.570309,-0.300000,1.000000,1.100000,0.000000,0.000000,-1.571000,0.017369,0.991410,-0.007950,0.991594
20.998000,-0.317361,0.008590,1.107935,0.004202,-0.000208,-0.007728,0.000040,-0.000001,1.570309,-0.300000,1.000000,1.100000,0.000000,0.000000,-1.571000,0.017361,0.991410,-0.007935,0.991594
21.000000,-0.317352,0.008589,1.107919,0.004203,-0.000208,-0.007734,0.000042,-0.000001,1.570309,-0.300000,1.000000,1.100000,0.000000,0.000000,-1.571000,0.017352,0.991411,-0.007919,0.991594
21.002000,-0.317344,0.008589,1.107904,0.004204,-0.000208,-0.007740,0.000044,-0.000001,1.570309,-0.300000,1.000000,1.100000,0.000000,0.000000,-1.571000,0.017344,0.991411,-0.007904,0.991594
21.004000,-0.317335,0.008589,1.107888,0.004205,-0.000208,-0.007747,0.000046,-0.000001,1.570309,-0.300000,1.000000,1.100000,0.000000,0.000000,-1.571000,0.017335,0.991411,-0.007888,0.991594
21.006000,-0.317327,0.008588,1.107873,0.004205,-0.000208,-0.007753,0.000048,-0.000001,1.570309,-0.300000,1.000000,1.100000,0.000000,0.000000,-1.571000,0.017327,0.991412,-0.007873,0.991594
21.008000,-0.317319,0.008588,1.107857,0.004206,-0.000209,-0.007760,0.000051,-0.000001,1.570309,-0.300000,1.000000,1.100000,0.000000,0.000000,-1.571000,0.017319,0.991412,-0.007857,0.991595
21.010000,-0.317310,0.008587,1.107842,0.004207,-0.000209,-0.007766,0.000053,-0.000001,1.570309,-0.300000,1.000000,1.100000,0.000000,0.000000,-1.571000,0.017310,0.991413,-0.007842,0.991595
21.012000,-0.317302,0.008587,1.107826,0.004208,-0.000209,-0.007772,0.000056,-0.000001,1.570309,-0.300000,1.000000,1.100000,0.000000,0.000000,-1.571000,0.017302,0.991413,-0.007826,0.991595
21.014000,-0.317293,0.008587,1.107811,0.004210,-0.000209,-0.007778,0.000059,-0.000000,1.570309,-0.300000,1.000000,1.100000,0.000000,0.000000,-1.571000,0.017293,0.991413,-0.007811,0.991595
21.016000,-0.317285,0.008586,1.107795,0.004211,-0.000209,-0.007785,0.000062,-0.000000,1.570309,-0.300000,1.000000,1.100000,0.000000,0.000000,-1.571000,0.017285,0.991414,-0.007795,0.991595
21.018000,-0.317276,0.008586,1.107779,0.004212,-0.000209,-0.007791,0.000065,-0.000000,1.570309,-0.300000,1.000000,1.100000,0.000000,0.000000,-1.571000,0.017276,0.991414,-0.007779,0.991595
21.020000,-0.317268,0.008585,1.107764,0.004213,-0.000209,-0.007797,0.000068,-0.000000,1.570309,-0.300000,1.000000,1.100000,0.000000,0.000000,-1.571000,0.017268,0.991415,-0.007764,0.991595
21.022000,-0.317260,0.008585,1.107748,0.004215,-0.000209,-0.007804,0.000071,-0.000000,1.570309,-0.300000,1.000000,1.100000,0.000000,0.000000,-1.571000,0.017260,0.991415,-0.007748,0.991596
21.024000,-0.317251,0.008584,1.107733,0.004216,-0.000209,-0.007810,0.000075,-0.000000,1.570309,-0.300000,1.000000,1.100000,0.000000,0.000000,-1.571000,0.017251,0.991416,-0.007733,0.991596
21.026000,-0.317243,0.008584,1.107717,0.004218,-0.000209,-0.007816,0.000078,-0.000000,1.570309,-0.300000,1.000000,1.100000,0.000000,0.000000,-1.571000,0.017243,0.991416,-0.007717,0.991596
21.028000,-0.317234,0.008584,1.107701,0.004219,-0.000209,-0.007822,0.000082,0.000000,1.570309,-0.300000,1.000000,1.100000,0.000000,0.000000,-1.571000,0.017234,0.991416,-0.007701,0.991596
21.030000,-0.317226,0.008583,1.107686,0.004221,-0.000209,-0.007829,0.000085,0.000000,1.570309,-0.300000,1.000000,1.100000,0.000000,0.000000,-1.571000,0.017226,0.991417,-0.007686,0.991596
21.032000,-0.317217,0.008583,1.107670,0.004222,-0.000209,-0.007835,0.000089,0.000000,1.570309,-0.300000,1.000000,1.100000,0.000000,0.000000,-1.571000,0.017217,0.991417,-0.007670,0.991596
21.034000,-0.317209,0.008582,1.107654,0.004224,-0.000209,-0.007841,0.000092,0.000000,1.570309,-0.300000,1.000000,1.100000,0.000000,0.000000,-1.571000,0.017209,0.991418,-0.007654,0.991597
21.036000,-0.317200,0.008582,1.107639,0.004226,-0.000209,-0.007848,0.000096,0.000001,1.570309,-0.300000,1.000000,1.100000,0.000000,0.000000,-1.571000,0.017200,0.991418,-0.007639,0.991597
21.038000,-0.317192,0.008582,1.107623,0.004228,-0.000209,-0.007854,0.000100,0.000001,1.570309,-0.300000,1.000000,1.100000,0.000000,0.000000,-1.571000,0.017192,0.991418,-0.007623,0.991597
21.040000,-0.317184,0.008581,1.107607,0.004230,-0.000209,-0.007860,0.000104,0.000001,1.570309,-0.300000,1.000000,1.100000,0.000000,0.000000,-1.571000,0.017184,0.991419,-0.007607,0.991597
21.042000,-0.317175,0.008581,1.107591,0.004232,-0.000209,-0.007866,0.000107,0.000001,1.570309,-0.300000,1.000000,1.100000,0.000000,0.000000,-1.571000,0.017175,0.991419,-0.007591,0.991597
21.044000,-0.317167,0.008580,1.107576,0.004234,-0.000208,-0.007873,0.000111,0.000002,1.570309,-0.300000,1.000000,1.100000,0.000000,0.000000,-1.571000,0.017167,0.991420,-0.007576,0.991597
21.046000,-0.317158,0.008580,1.107560,0.004236,-0.000208,-0.007879,0.000115,0.000002,1.570309,-0.300000,1.000000,1.100000,0.000000,0.000000,-1.571000,0.017158,0.991420,-0.007560,0.991597
21.048000,-0.317150,0.008579,1.107544,0.004238,-0.000208,-0.007885,0.000119,0.000003,1.570309,-0.300000,1.000000,1.100000,0.000000,0.000000,-1.571000,0.017150,0.991421,-0.007544,0.991598
21.050000,-0.317141,0.008579,1.107528,0.004241,-0.000208,-0.007891,0.000123,0.000003,1.570309,-0.300000,1.000000,1.100000,0.000000,0.000000,-1.571000,0.017141,0.991421,-0.007528,0.991598
21.052000,-0.317133,0.008579,1.107513,0.004243,-0.000208,-0.007898,0.000127,0.000003,1.570309,-0.300000,1.000000,1.100000,0.000000,0.000000,-1.571000,0.017133,0.991421,-0.007513,0.991598
21.054000,-0.317124,0.008578,1.107497,0.004246,-0.000208,-0.007904,0.000131,0.000004,1.570309,-0.300000,1.000000,1.100000,0.000000,0.000000,-1.571000,0.017124,0.991422,-0.007497,0.991598
21.056000,-0.317116,0.008578,1.107481,0.004248,-0.000208,-0.007910,0.000135,0.000005,1.570309,-0.300000,1.000000,1.100000,0.000000,0.000000,-1.571000,0.017116,0.991422,-0.007481,0.991598
21.058000,-0.317107,0.008577,1.107465,0.004251,-0.000208,-0.007916,0.000139,0.000005,1.570309,-0.300000,1.000000,1.100000,0.000000,0.000000,-1.571000,0.017107,0.991423,-0.007465,0.991598
21.060000,-0.317099,0.008577,1.107449,0.004254,-0.000208,-0.007923,0.000143,0.000006,1.570309,-0.300000,1.000000,1.100000,0.000000,0.000000,-1.571000,0.017099,0.991423,-0.007449,0.991598
21.062000,-0.317090,0.008577,1.107434,0.004257,-0.000208,-0.007929,0.000147,0.000006,1.570309,-0.300000,1.000000,1.100000,0.000000,0.000000,-1.571000,0.017090,0.991423,-0.007434,0.991599
21.064000,-0.317082,0.008576,1.107418,0.004259,-0.000208,-0.007935,0.000151,0.000007,1.570309,-0.300000,1.000000,1.100000,0.000000,0.000000,-1.571000,0.017082,0.991424,-0.007418,0.991599
21.066000,-0.317073,0.008576,1.107402,0.004262,-0.000208,-0.007941,0.000155,0.000008,1.570309,-0.300000,1.000000,1.100000,0.000000,0.000000,-1.571000,0.017073,0.991424,-0.007402,0.991599
21.068000,-0.317065,0.008575,1.107386,0.004266,-0.000207,-0.007948,0.000159,0.000008,1.570309,-0.300000,1.000000,1.100000,0.000000,0.000000,-1.571000,0.017065,0.991425,-0.007386,0.991599
21.070000,-0.317056,0.008575,1.107370,0.004269,-0.000207,-0.007954,0.000163,0.000009,1.570309,-0.300000,1.000000,1.100000,0.000000,0.000000,-1.571000,0.017056,0.991425,-0.007370,0.991599
21.072000,-0.317048,0.008574,1.107354,0.004272,-0.000207,-0.007960,0.000167,0.000010,1.570309,-0.300000,1.000000,1.100000,0.000000,0.000000,-1.571000,0.017048,0.991426,-0.007354,0.991599
21.074000,-0.317039,0.008574,1.107338,0.004275,-0.000207,-0.007966,0.000172,0.000010,1.570309,-0.300000,1.000000,1.100000,0.000000,0.000000,-1.571000,0.017039,0.991426,-0.007338,0.991600
21.076000,-0.317030,0.008574,1.107322,0.004279,-0.000207,-0.007973,0.000176,0.000011,1.570309,-0.300000,1.000000,1.100000,0.000000,0.000000,-1.571000,0.017030,0.991426,-0.007322,0.991600
21.078000,-0.317022,0.008573,1.107306,0.004282,-0.000206,-0.007979,0.000180,0.000012,1.570309,-0.300000,1.000000,1.100000,0.000000,0.000000,-1.571000,0.017022,0.991427,-0.007306,0.991600
21.080000,-0.317013,0.008573,1.107290,0.004286,-0.000206,-0.007985,0.000184,0.000012,1.570309,-0.300000,1.000000,1.100000,0.000000,0.000000,-1.571000,0.017013,0.991427,-0.007290,0.991600
21.082000,-0.317005,0.008572,1.107274,0.004289,-0.000206,-0.007991,0.000188,0.000013,1.570309,-0.300000,1.000000,1.100000,0.000000,0.000000,-1.571000,0.017005,0.991428,-0.007274,0.991600
21.084000,-0.316996,0.008572,1.107258,0.004293,-0.000206,-0.007998,0.000192,0.000013,1.570309,-0.300000,1.000000,1.100000,0.000000,0.000000,-1.571000,0.016996,0.991428,-0.007258,0.991600
21.086000,-0.316988,0.008572,1.107242,0.004297,-0.000205,-0.008004,0.000196,0.000013,1.570309,-0.300000,1.000000,1.100000,0.000000,0.000000,-1.571000,0.016988,0.991428,-0.007242,0.991600
21.088000,-0.316979,0.008571,1.107226,0.004301,-0.000205,-0.008010,0.000200,0.000014,1.570308,-0.300000,1.000000,1.100000,0.000000,0.000000,-1.571000,0.016979,0.991429,-0.007226,0.991601
21.090000,-0.316970,0.008571,1.107210,0.004305,-0.000205,-0.008016,0.000204,0.000014,1.570308,-0.300000,1.000000,1.100000,0.000000,0.000000,-1.571000,0.016970,0.991429,-0.007210,0.991601
21.092000,-0.316962,0.008570,1.107194,0.004309,-0.000205,-0.008023,0.000209,0.000014,1.570308,-0.300000,1.000000,1.100000,0.000000,0.000000,-1.571000,0.016962,0.991430,-0.007194,0.991601
21.094000,-0.316953,0.008570,1.107178,0.004313,-0.000204,-0.008029,0.000213,0.000015,1.570308,-0.300000,1.000000,1.100000,0.000000,0.000000,-1.571000,0.016953,0.991430,-0.007178,0.991601
21.096000,-0.316945,0.008570,1.107162,0.004317,-0.000204,-0.008035,0.000217,0.000015,1.570308,-0.300000,1.000000,1.100000,0.000000,0.000000,-1.571000,0.016945,0.991430,-0.007162,0.991601
21.098000,-0.316936,0.008569,1.107146,0.004321,-0.000204,-0.008041,0.000220,0.000015,1.570308,-0.300000,1.000000,1.100000,0.000000,0.000000,-1.571000,0.016936,0.991431,-0.007146,0.991601
21.100000,-0.316927,0.008569,1.107130,0.004325,-0.000204,-0.008048,0.000224,0.000015,1.570308,-0.300000,1.000000,1.100000,0.000000,0.000000,-1.571000,0.016927,0.991431,-0.007130,0.991601
21.102000,-0.316919,0.008568,1.107114,0.004330,-0.000203,-0.008054,0.000228,0.000015,1.570308,-0.300000,1.000000,1.100000,0.000000,0.000000,-1.571000,0.016919,0.991432,-0.007114,0.991602
21.104000,-0.316910,0.008568,1.107098,0.004334,-0.000203,-0.008060,0.000232,0.000015,1.570308,-0.300000,1.000000,1.100000,0.000000,0.000000,-1.571000,0.016910,0.991432,-0.007098,0.991602
21.106000,-0.316901,0.008568,1.107082,0.004339,-0.000203,-0.008066,0.000235,0.000014,1.570308,-0.300000,1.000000,1.100000,0.000000,0.000000,-1.571000,0.016901,0.991432,-0.007082,0.991602
21.108000,-0.316893,0.008567,1.107065,0.004344,-0.000202,-0.008073,0.000239,0.000014,1.570308,-0.300000,1.000000,1.100000,0.000000,0.000000,-1.571000,0.016893,0.991433,-0.007065,0.991602
21.110000,-0.316884,0.008567,1.107049,0.004348,-0.000202,-0.008079,0.000242,0.000014,1.570308,-0.300000,1.000000,1.100000,0.000000,0.000000,-1.571000,0.016884,0.991433,-0.007049,0.991602
21.112000,-0.316875,0.008566,1.107033,0.004353,-0.000202,-0.008085,0.000245,0.000014,1.570308,-0.300000,1.000000,1.100000,0.000000,0.000000,-1.571000,0.016875,0.991434,-0.007033,0.991602
21.114000,-0.316866,0.008566,1.107017,0.004358,-0.000202,-0.008091,0.000248,0.000013,1.570308,-0.300000,1.000000,1.100000,0.000000,0.000000,-1.571000,0.016866,0.991434,-0.007017,0.991602
21.116000,-0.316858,0.008565,1.107001,0.004363,-0.000201,-0.008098,0.000251,0.000013,1.570308,-0.300000,1.000000,1.100000,0.000000,0.000000,-1.571000,0.016858,0.991435,-0.007001,0.991603
21.118000,-0.316849,0.008565,1.106985,0.004368,-0.000201,-0.008104,0.000254,0.000012,1.570308,-0.300000,1.000000,1.100000,0.000000,0.000000,-1.571000,0.016849,0.991435,-0.006985,0.991603
21.120000,-0.316840,0.008565,1.106968,0.004373,-0.000201,-0.008110,0.000257,0.000012,1.570308,-0.300000,1.000000,1.100000,0.000000,0.000000,-1.571000,0.016840,0.991435,-0.006968,0.991603
21.122000,-0.316831,0.008564,1.106952,0.004378,-0.000201,-0.008116,0.000260,0.000011,1.570308,-0.300000,1.000000,1.100000,0.000000,0.000000,-1.571000,0.016831,0.991436,-0.006952,0.991603
21.124000,-0.316823,0.008564,1.106936,0.004383,-0.000200,-0.008123,0.000262,0.000011,1.570308,-0.300000,1.000000,1.100000,0.000000,0.000000,-1.571000,0.016823,0.991436,-0.006936,0.991603
21.126000,-0.316814,0.008563,1.106920,0.004388,-0.000200,-0.008129,0.000265,0.000010,1.570308,-0.300000,1.000000,1.100000,0.000000,0.000000,-1.571000,0.016814,0.991437,-0.006920,0.991603
21.128000,-0.316805,0.008563,1.106903,0.004393,-0.000200,-0.008135,0.000267,0.000010,1.570308,-0.300000,1.000000,1.100000,0.000000,0.000000,-1.571000,0.016805,0.991437,-0.006903,0.991603
21.130000,-0.316796,0.008563,1.106887,0.004398,-0.000200,-0.008141,0.000268,0.000009,1.570308,-0.300000,1.000000,1.100000,0.000000,0.000000,-1.571000,0.016796,0.991437,-0.006887,0.991604
21.132000,-0.316788,0.008562,1.106871,0.004404,-0.000200,-0.008148,0.000270,0.000008,1.570308,-0.300000,1.000000,1.100000,0.000000,0.000000,-1.571000,0.016788,0.991438,-0.006871,0.991604
21.134000,-0.316779,0.008562,1.106854,0.004409,-0.000199,-0.008154,0.000271,0.000008,1.570308,-0.300000,1.000000,1.100000,0.000000,0.000000,-1.571000,0.016779,0.991438,-0.006854,0.991604
21.136000,-0.316770,0.008561,1.106838,0.004414,-0.000199,-0.008160,0.000272,0.000007,1.570308,-0.300000,1.000000,1.100000,0.000000,0.000000,-1.571000,0.016770,0.991439,-0.006838,0.991604
21.138000,-0.316761,0.008561,1.106822,0.004420,-0.000199,-0.008167,0.000272,0.000006,1.570308,-0.300000,1.000000,1.100000,0.000000,0.000000,-1.571000,0.016761,0.991439,-0.006822,0.991604
21.140000,-0.316752,0.008561,1.106805,0.004425,-0.000199,-0.008173,0.000273,0.000006,1.570308,-0.300000,1.000000,1.100000,0.000000,0.000000,-1.571000,0.016752,0.991439,-0.006805,0.991604
21.142000,-0.316743,0.008560,1.106789,0.004430,-0.000199,-0.008179,0.000273,0.000005,1.570308,-0.300000,1.000000,1.100000,0.000000,0.000000,-1.571000,0.016743,0.991440,-0.006789,0.991604
21.144000,-0.316735,0.008560,1.106773,0.004436,-0.000199,-0.008185,0.000272,0.000004,1.570308,-0.300000,1.000000,1.100000,0.000000,0.000000,-1.571000,0.016735,0.991440,-0.006773,0.991604
21.146000,-0.316726,0.008559,1.106756,0.004441,-0.000199,-0.008192,0.000271,0.000003,1.570308,-0.300000,1.000000,1.100000,0.000000,0.000000,-1.571000,0.016726,0.991441,-0.006756,0.991605
21.148000,-0.316717,0.008559,1.106740,0.004446,-0.000199,-0.008198,0.000270,0.000002,1.570308,-0.300000,1.000000,1.100000,0.000000,0.000000,-1.571000,0.016717,0.991441,-0.006740,0.991605
21.150000,-0.316708,0.008559,1.106724,0.004452,-0.000199,-0.008204,0.000269,0.000002,1.570308,-0.300000,1.000000,1.100000,0.000000,0.000000,-1.571000,0.016708,0.991441,-0.006724,0.991605
21.152000,-0.316699,0.008558,1.106707,0.004457,-0.000199,-0.008210,0.000267,0.000001,1.570309,-0.300000,1.000000,1.100000,0.000000,0.000000,-1.571000,0.016699,0.991442,-0.006707,0.991605
21.154000,-0.316690,0.008558,1.106691,0.004462,-0.000199,-0.008217,0.000265,-0.000000,1.570309,-0.300000,1.000000,1.100000,0.000000,0.000000,-1.571000,0.016690,0.991442,-0.006691,0.991605
21.156000,-0.316681,0.008557,1.106674,0.004467,-0.000199,-0.008223,0.000263,-0.000001,1.570309,-0.300000,1.000000,1.100000,0.000000,0.000000,-1.571000,0.016681,0.991443,-0.006674,0.991605
21.158000,-0.316672,0.008557,1.106658,0.004472,-0.000199,-0.008229,0.000260,-0.000002,1.570309,-0.300000,1.000000,1.100000,0.000000,0.000000,-1.571000,0.016672,0.991443,-0.006658,0.991605
21.160000,-0.316663,0.008557,1.106641,0.004477,-0.000199,-0.008235,0.000257,-0.000003,1.570309,-0.300000,1.000000,1.100000,0.000000,0.000000,-1.571000,0.016663,0.991443,-0.006641,0.991606
21.162000,-0.316654,0.008556,1.106625,0.004482,-0.000199,-0.008242,0.000254,-0.000004,1.570309,-0.300000,1.000000,1.100000,0.000000,0.000000,-1.571000,0.016654,0.991444,-0.006625,0.991606
21.164000,-0.316645,0.008556,1.106608,0.004487,-0.000199,-0.008248,0.000251,-0.000005,1.570309,-0.300000,1.000000,1.100000,0.000000,0.000000,-1.571000,0.016645,0.991444,-0.006608,0.991606
21.166000,-0.316636,0.008556,1.106592,0.004492,-0.000199,-0.008254,0.000247,-0.000005,1.570309,-0.300000,1.000000,1.100000,0.000000,0.000000,-1.571000,0.016636,0.991444,-0.006592,0.991606
21.168000,-0.316627,0.008555,1.106575,0.004497,-0.000199,-0.008260,0.000243,-0.000006,1.570309,-0.300000,1.000000,1.100000,0.000000,0.000000,-1.571000,0.016627,0.991445,-0.006575,0.991606
21.170000,-0.316618,0.008555,1.106559,0.004502,-0.000199,-0.008267,0.000239,-0.000007,1.570309,-0.300000,1.000000,1.100000,0.000000,0.000000,-1.571000,0.016618,0.991445,-0.006559,0.991606
21.172000,-0.316609,0.008554,1.106542,0.004506,-0.000199,-0.008273,0.000235,-0.000008,1.570309,-0.300000,1.000000,1.100000,0.000000,0.000000,-1.571000,0.016609,0.991446,-0.006542,0.991606
21.174000,-0.316600,0.008554,1.106526,0.004511,-0.000200,-0.008279,0.000230,-0.000008,1.570309,-0.300000,1.000000,1.100000,0.000000,0.000000,-1.571000,0.016600,0.991446,-0.006526,0.991607
21.176000,-0.316591,0.008554,1.106509,0.004516,-0.000200,-0.008285,0.000225,-0.000009,1.570309,-0.300000,1.000000,1.100000,0.000000,0.000000,-1.571000,0.016591,0.991446,-0.006509,0.991607
21.178000,-0.316582,0.008553,1.106493,0.004520,-0.000200,-0.008292,0.000221,-0.000009,1.570309,-0.300000,1.000000,1.100000,0.000000,0.000000,-1.571000,0.016582,0.991447,-0.006493,0.991607
21.180000,-0.316573,0.008553,1.106476,0.004524,-0.000200,-0.008298,0.000216,-0.000010,1.570309,-0.300000,1.000000,1.100000,0.000000,0.000000,-1.571000,0.016573,0.991447,-0.006476,0.991607
21.182000,-0.316564,0.008552,1.106459,0.004528,-0.000200,-0.008304,0.000211,-0.000010,1.570309,-0.300000,1.000000,1.100000,0.000000,0.000000,-1.571000,0.016564,0.991448,-0.006459,0.991607
21.184000,-0.316555,0.008552,1.106443,0.004533,-0.000200,-0.008310,0.000206,-0.000011,1.570309,-0.300000,1.000000,1.100000,0.000000,0.000000,-1.571000,0.016555,0.991448,-0.006443,0.991607
21.186000,-0.316546,0.008552,1.106426,0.004537,-0.000201,-0.008317,0.000200,-0.000011,1.570309,-0.300000,1.000000,1.100000,0.000000,0.000000,-1.571000,0.016546,0.991448,-0.006426,0.991607
21.188000,-0.316537,0.008551,1.106409,0.004540,-0.000201,-0.008323,0.000195,-0.000011,1.570309,-0.300000,1.000000,1.100000,0.000000,0.000000,-1.571000,0.016537,0.991449,-0.006409,0.991608
21.190000,-0.316528,0.008551,1.106393,0.004544,-0.000201,-0.008329,0.000190,-0.000012,1.570309,-0.300000,1.000000,1.100000,0.000000,0.000000,-1.571000,0.016528,0.991449,-0.006393,0.991608
21.192000,-0.316519,0.008550,1.106376,0.004548,-0.000201,-0.008335,0.000184,-0.000012,1.570309,-0.300000,1.000000,1.100000,0.000000,0.000000,-1.571000,0.016519,0.991450,-0.006376,0.991608
21.194000,-0.316510,0.008550,1.106359,0.004551,-0.000202,-0.008341,0.000178,-0.000012,1.570309,-0.300000,1.000000,1.100000,0.000000,0.000000,-1.571000,0.016510,0.991450,-0.006359,0.991608
21.196000,-0.316500,0.008550,1.106343,0.004555,-0.000202,-0.008348,0.000173,-0.000012,1.570309,-0.300000,1.000000,1.100000,0.000000,0.000000,-1.571000,0.016500,0.991450,-0.006343,0.991608
21.198000,-0.316491,0.008549,1.106326,0.004558,-0.000202,-0.008354,0.000167,-0.000012,1.570309,-0.300000,1.000000,1.100000,0.000000,0.000000,-1.571000,0.016491,0.991451,-0.006326,0.991608
21.200000,-0.316482,0.008549,1.106309,0.004562,-0.000202,-0.008360,0.000162,-0.000012,1.570309,-0.300000,1.000000,1.100000,0.000000,0.000000,-1.571000,0.016482,0.991451,-0.006309,0.991608
21.202000,-0.316473,0.008548,1.106293,0.004565,-0.000203,-0.008366,0.000156,-0.000012,1.570309,-0.300000,1.000000,1.100000,0.000000,0.000000,-1.571000,0.016473,0.991452,-0.006293,0.991609
21.204000,-0.316464,0.008548,1.106276,0.004568,-0.000203,-0.008373,0.000150,-0.000012,1.570309,-0.300000,1.000000,1.100000,0.000000,0.000000,-1.571000,0.016464,0.991452,-0.006276,0.991609
21.206000,-0.316455,0.008547,1.106259,0.004571,-0.000203,-0.008379,0.000144,-0.000012,1.570309,-0.300000,1.000000,1.100000,0.000000,0.000000,-1.571000,0.016455,0.991453,-0.006259,0.991609
21.208000,-0.316446,0.008547,1.106242,0.004573,-0.000203,-0.008385,0.000138,-0.000011,1.570309,-0.300000,1.000000,1.100000,0.000000,0.000000,-1.571000,0.016446,0.991453,-0.006242,0.991609
21.210000,-0.316437,0.008547,1.106226,0.004576,-0.000204,-0.008392,0.000132,-0.000011,1.570309,-0.300000,1.000000,1.100000,0.000000,0.000000,-1.571000,0.016437,0.991453,-0.006226,0.991609
21.212000,-0.316427,0.008546,1.106209,0.004579,-0.000204,-0.008399,0.000126,-0.000011,1.570309,-0.300000,1.000000,1.100000,0.000000,0.000000,-1.571000,0.016427,0.991454,-0.006209,0.991609
21.214000,-0.316418,0.008546,1.106192,0.004581,-0.000204,-0.008406,0.000120,-0.000011,1.570309,-0.300000,1.000000,1.100000,0.000000,0.000000,-1.571000,0.016418,0.991454,-0.006192,0.991609
21.216000,-0.316409,0.008545,1.106175,0.004583,-0.000204,-0.008413,0.000115,-0.000010,1.570309,-0.300000,1.000000,1.100000,0.000000,0.000000,-1.571000,0.016409,0.991455,-0.006175,0.991610
21.218000,-0.316400,0.008545,1.106158,0.004586,-0.000204,-0.008421,0.000109,-0.000010,1.570309,-0.300000,1.000000,1.100000,0.000000,0.000000,-1.571000,0.016400,0.991455,-0.006158,0.991610
21.220000,-0.316391,0.008545,1.106141,0.004588,-0.000205,-0.008428,0.000103,-0.000009,1.570310,-0.300000,1.000000,1.100000,0.000000,0.000000,-1.571000,0.016391,0.991455,-0.006141,0.991610
21.222000,-0.316382,0.008544,1.106125,0.004590,-0.000205,-0.008436,0.000097,-0.000009,1.570310,-0.300000,1.000000,1.100000,0.000000,0.000000,-1.571000,0.016382,0.991456,-0.006125,0.991610
21.224000,-0.316372,0.008544,1.106108,0.004592,-0.000205,-0.008444,0.000090,-0.000008,1.570310,-0.300000,1.000000,1.100000,0.000000,0.000000,-1.571000,0.016372,0.991456,-0.006108,0.991610
21.226000,-0.316363,0.008543,1.106091,0.004593,-0.000205,-0.008452,0.000084,-0.000007,1.570310,-0.300000,1.000000,1.100000,0.000000,0.000000,-1.571000,0.016363,0.991457,-0.006091,0.991610
21.228000,-0.316354,0.008543,1.106074,0.004595,-0.000205,-0.008460,0.000078,-0.000007,1.570310,-0.300000,1.000000,1.100000,0.000000,0.000000,-1.571000,0.016354,0.991457,-0.006074,0.991610
21.230000,-0.316345,0.008543,1.106057,0.004596,-0.000205,-0.008469,0.000072,-0.000006,1.570310,-0.300000,1.000000,1.100000,0.000000,0.000000,-1.571000,0.016345,0.991457,-0.006057,0.991611
21.232000,-0.316336,0.008542,1.106040,0.004598,-0.000205,-0.008477,0.000065,-0.000006,1.570310,-0.300000,1.000000,1.100000,0.000000,0.000000,-1.571000,0.016336,0.991458,-0.006040,0.991611
21.234000,-0.316326,0.008542,1.106023,0.004599,-0.000206,-0.008486,0.000058,-0.000005,1.570310,-0.300000,1.000000,1.100000,0.000000,0.000000,-1.571000,0.016326,0.991458,-0.006023,0.991611
21.236000,-0.316317,0.008541,1.106006,0.004600,-0.000206,-0.008494,0.000051,-0.000004,1.570310,-0.300000,1.000000,1.100000,0.000000,0.000000,-1.571000,0.016317,0.991459,-0.006006,0.991611
21.238000,-0.316308,0.008541,1.105989,0.004601,-0.000206,-0.008503,0.000044,-0.000004,1.570310,-0.300000,1.000000,1.100000,0.000000,0.000000,-1.571000,0.016308,0.991459,-0.005989,0.991611
21.240000,-0.316299,0.008541,1.105972,0.004602,-0.000206,-0.008511,0.000037,-0.000003,1.570310,-0.300000,1.000000,1.100000,0.000000,0.000000,-1.571000,0.016299,0.991459,-0.005972,0.991611
21.242000,-0.316290,0.008540,1.105955,0.004603,-0.000206,-0.008520,0.000030,-0.000002,1.570310,-0.300000,1.000000,1.100000,0.000000,0.000000,-1.571000,0.016290,0.991460,-0.005955,0.991612
21.244000,-0.316280,0.008540,1.105938,0.004603,-0.000206,-0.008529,0.000022,-0.000002,1.570310,-0.300000,1.000000,1.100000,0.000000,0.000000,-1.571000,0.016280,0.991460,-0.005938,0.991612
21.246000,-0.316271,0.008539,1.105921,0.004604,-0.000206,-0.008538,0.000014,-0.000001,1.570310,-0.300000,1.000000,1.100000,0.000000,0.000000,-1.571000,0.016271,0.991461,-0.005921,0.991612
21.248000,-0.316262,0.008539,1.105904,0.004604,-0.000206,-0.008547,0.000006,-0.000000,1.570310,-0.300000,1.000000,1.100000,0.000000,0.000000,-1.571000,0.016262,0.991461,-0.005904,0.991612
21.250000,-0.316253,0.008538,1.105887,0.004604,-0.000206,-0.008555,-0.000002,0.000000,1.570310,-0.300000,1.000000,1.100000,0.000000,0.000000,-1.571000,0.016253,0.991462,-0.005887,0.991612
21.252000,-0.316244,0.008538,1.105870,0.004604,-0.000206,-0.008564,-0.000010,0.000001,1.570310,-0.300000,1.000000,1.100000,0.000000,0.000000,-1.571000,0.016244,0.991462,-0.005870,0.991612
21.254000,-0.316234,0.008538,1.105852,0.004604,-0.000206,-0.008573,-0.000019,0.000001,1.570310,-0.300000,1.000000,1.100000,0.000000,0.000000,-1.571000,0.016234,0.991462,-0.005852,0.991613
21.256000,-0.316225,0.008537,1.105835,0.004603,-0.000206,-0.008582,-0.000027,0.000002,1.570310,-0.300000,1.000000,1.100000,0.000000,0.000000,-1.571000,0.016225,0.991463,-0.005835,0.991613
21.258000,-0.316216,0.008537,1.105818,0.004603,-0.000206,-0.008591,-0.000036,0.000002,1.570310,-0.300000,1.000000,1.100000,0.000000,0.000000,-1.571000,0.016216,0.991463,-0.005818,0.991613
21.260000,-0.316207,0.008536,1.105801,0.004602,-0.000206,-0.008600,-0.000045,0.000003,1.570310,-0.300000,1.000000,1.100000,0.000000,0.000000,-1.571000,0.016207,0.991464,-0.005801,0.991613
21.262000,-0.316198,0.008536,1.105784,0.004601,-0.000206,-0.008609,-0.000054,0.000003,1.570310,-0.300000,1.000000,1.100000,0.000000,0.000000,-1.571000,0.016198,0.991464,-0.005784,0.991613
21.264000,-0.316188,0.008536,1.105766,0.004600,-0.000206,-0.008618,-0.000063,0.000003,1.570310,-0.300000,1.000000,1.100000,0.000000,0.000000,-1.571000,0.016188,0.991464,-0.005766,0.991613
21.266000,-0.316179,0.008535,1.105749,0.004599,-0.000206,-0.008628,-0.000072,0.000004,1.570310,-0.300000,1.000000,1.100000,0.000000,0.000000,-1.571000,0.016179,0.991465,-0.005749,0.991614
21.268000,-0.316170,0.008535,1.105732,0.004597,-0.000205,-0.008637,-0.000082,0.000004,1.570311,-0.300000,1.000000,1.100000,0.000000,0.000000,-1.571000,0.016170,0.991465,-0.005732,0.991614
21.270000,-0.316161,0.008534,1.105715,0.004595,-0.000205,-0.008646,-0.000091,0.000004,1.570311,-0.300000,1.000000,1.100000,0.000000,0.000000,-1.571000,0.016161,0.991466,-0.005715,0.991614
21.272000,-0.316152,0.008534,1.105697,0.004594,-0.000205,-0.008655,-0.000101,0.000005,1.570311,-0.300000,1.000000,1.100000,0.000000,0.000000,-1.571000,0.016152,0.991466,-0.005697,0.991614
21.274000,-0.316142,0.008534,1.105680,0.004592,-0.000205,-0.008664,-0.000110,0.000005,1.570311,-0.300000,1.000000,1.100000,0.000000,0.000000,-1.571000,0.016142,0.991466,-0.005680,0.991614
21.276000,-0.316133,0.008533,1.105663,0.004589,-0.000205,-0.008673,-0.000120,0.000005,1.570311,-0.300000,1.000000,1.100000,0.000000,0.000000,-1.571000,0.016133,0.991467,-0.005663,0.991614
21.278000,-0.316124,0.008533,1.105645,0.004587,-0.000205,-0.008682,-0.000129,0.000005,1.570311,-0.300000,1.000000,1.100000,0.000000,0.000000,-1.571000,0.016124,0.991467,-0.005645,0.991614
21.280000,-0.316115,0.008532,1.105628,0.004584,-0.000205,-0.008692,-0.000139,0.000006,1.570311,-0.300000,1.000000,1.100000,0.000000,0.000000,-1.571000,0.016115,0.991468,-0.005628,0.991615
21.282000,-0.316106,0.008532,1.105611,0.004582,-0.000205,-0.008701,-0.000149,0.000006,1.570311,-0.300000,1.000000,1.100000,0.000000,0.000000,-1.571000,0.016106,0.991468,-0.005611,0.991615
21.284000,-0.316097,0.008531,1.105593,0.004579,-0.000205,-0.008710,-0.000159,0.000006,1.570311,-0.300000,1.000000,1.100000,0.000000,0.000000,-1.571000,0.016097,0.991469,-0.005593,0.991615
21.286000,-0.316087,0.008531,1.105576,0.004576,-0.000205,-0.008719,-0.000169,0.000007,1.570311,-0.300000,1.000000,1.100000,0.000000,0.000000,-1.571000,0.016087,0.991469,-0.005576,0.991615
21.288000,-0.316078,0.008531,1.105558,0.004572,-0.000204,-0.008728,-0.000178,0.000007,1.570311,-0.300000,1.000000,1.100000,0.000000,0.000000,-1.571000,0.016078,0.991469,-0.005558,0.991615
21.290000,-0.316069,0.008530,1.105541,0.004569,-0.000204,-0.008738,-0.000188,0.000007,1.570311,-0.300000,1.000000,1.100000,0.000000,0.000000,-1.571000,0.016069,0.991470,-0.005541,0.991615
21.292000,-0.316060,0.008530,1.105523,0.004565,-0.000204,-0.008747,-0.000198,0.000008,1.570311,-0.300000,1.000000,1.100000,0.000000,0.000000,-1.571000,0.016060,0.991470,-0.005523,0.991616
21.294000,-0.316051,0.008529,1.105506,0.004561,-0.000204,-0.008756,-0.000208,0.000008,1.570311,-0.300000,1.000000,1.100000,0.000000,0.000000,-1.571000,0.016051,0.991471,-0.005506,0.991616
21.296000,-0.316042,0.008529,1.105488,0.004557,-0.000204,-0.008765,-0.000218,0.000008,1.570311,-0.300000,1.000000,1.100000,0.000000,0.000000,-1.571000,0.016042,0.991471,-0.005488,0.991616
21.298000,-0.316033,0.008529,1.105471,0.004553,-0.000204,-0.008774,-0.000227,0.000009,1.570311,-0.300000,1.000000,1.100000,0.000000,0.000000,-1.571000,0.016033,0.991471,-0.005471,0.991616
21.300000,-0.316023,0.008528,1.105453,0.004548,-0.000204,-0.008784,-0.000237,0.000009,1.570311,-0.300000,1.000000,1.100000,0.000000,0.000000,-1.571000,0.016023,0.991472,-0.005453,0.991616
21.302000,-0.316014,0.008528,1.105436,0.004543,-0.000203,-0.008793,-0.000247,0.000009,1.570311,-0.300000,1.000000,1.100000,0.000000,0.000000,-1.571000,0.016014,0.991472,-0.005436,0.991616
21.304000,-0.316005,0.008527,1.105418,0.004538,-0.000203,-0.008801,-0.000257,0.000010,1.570311,-0.300000,1.000000,1.100000,0.000000,0.000000,-1.571000,0.016005,0.991473,-0.005418,0.991617
21.306000,-0.315996,0.008527,1.105400,0.004533,-0.000203,-0.008809,-0.000266,0.000010,1.570311,-0.300000,1.000000,1.100000,0.000000,0.000000,-1.571000,0.015996,0.991473,-0.005400,0.991617
21.308000,-0.315987,0.008527,1.105383,0.004528,-0.000203,-0.008816,-0.000276,0.000010,1.570311,-0.300000,1.000000,1.100000,0.000000,0.000000,-1.571000,0.015987,0.991473,-0.005383,0.991617
21.310000,-0.315978,0.008526,1.105365,0.004523,-0.000203,-0.008824,-0.000285,0.000010,1.570311,-0.300000,1.000000,1.100000,0.000000,0.000000,-1.571000,0.015978,0.991474,-0.005365,0.991617
21.312000,-0.315969,0.008526,1.105347,0.004517,-0.000202,-0.008830,-0.000294,0.000010,1.570310,-0.300000,1.000000,1.100000,0.000000,0.000000,-1.571000,0.015969,0.991474,-0.005347,0.991617
21.314000,-0.315960,0.008525,1.105330,0.004511,-0.000202,-0.008837,-0.000304,0.000010,1.570310,-0.300000,1.000000,1.100000,0.000000,0.000000,-1.571000,0.015960,0.991475,-0.005330,0.991617
21.316000,-0.315951,0.008525,1.105312,0.004505,-0.000202,-0.008843,-0.000313,0.000010,1.570310,-0.300000,1.000000,1.100000,0.000000,0.000000,-1.571000,0.015951,0.991475,-0.005312,0.991618
21.318000,-0.315942,0.008525,1.105294,0.004499,-0.000202,-0.008849,-0.000322,0.000010,1.570310,-0.300000,1.000000,1.100000,0.000000,0.000000,-1.571000,0.015942,0.991475,-0.005294,0.991618
21.320000,-0.315933,0.008524,1.105277,0.004493,-0.000202,-0.008854,-0.000330,0.000010,1.570310,-0.300000,1.000000,1.100000,0.000000,0.000000,-1.571000,0.015933,0.991476,-0.005277,0.991618
21.322000,-0.315924,0.008524,1.105259,0.004486,-0.000201,-0.008860,-0.000339,0.000010,1.570310,-0.300000,1.000000,1.100000,0.000000,0.000000,-1.571000,0.015924,0.991476,-0.005259,0.991618
21.324000,-0.315915,0.008523,1.105241,0.004480,-0.000201,-0.008865,-0.000347,0.000010,1.570310,-0.300000,1.000000,1.100000,0.000000,0.000000,-1.571000,0.015915,0.991477,-0.005241,0.991618
21.326000,-0.315906,0.008523,1.105223,0.004473,-0.000201,-0.008870,-0.000355,0.000009,1.570310,-0.300000,1.000000,1.100000,0.000000,0.000000,-1.571000,0.015906,0.991477,-0.005223,0.991618
21.328000,-0.315897,0.008523,1.105206,0.004466,-0.000201,-0.008875,-0.000363,0.000009,1.570310,-0.300000,1.000000,1.100000,0.000000,0.000000,-1.571000,0.015897,0.991477,-0.005206,0.991619
21.330000,-0.315888,0.008522,1.105188,0.004459,-0.000201,-0.008879,-0.000371,0.000009,1.570310,-0.300000,1.000000,1.100000,0.000000,0.000000,-1.571000,0.015888,0.991478,-0.005188,0.991619
21.332000,-0.315879,0.008522,1.105170,0.004451,-0.000200,-0.008884,-0.000379,0.000008,1.570310,-0.300000,1.000000,1.100000,0.000000,0.000000,-1.571000,0.015879,0.991478,-0.005170,0.991619
21.334000,-0.315871,0.008521,1.105152,0.004444,-0.000200,-0.008888,-0.000386,0.000008,1.570309,-0.300000,1.000000,1.100000,0.000000,0.000000,-1.571000,0.015871,0.991479,-0.005152,0.991619
21.336000,-0.315862,0.008521,1.105135,0.004436,-0.000200,-0.008893,-0.000393,0.000007,1.570309,-0.300000,1.000000,1.100000,0.000000,0.000000,-1.571000,0.015862,0.991479,-0.005135,0.991619
21.338000,-0.315853,0.008521,1.105117,0.004428,-0.000200,-0.008897,-0.000400,0.000007,1.570309,-0.300000,1.000000,1.100000,0.000000,0.000000,-1.571000,0.015853,0.991479,-0.005117,0.991619
21.340000,-0.315844,0.008520,1.105099,0.004421,-0.000200,-0.008901,-0.000407,0.000006,1.570309,-0.300000,1.000000,1.100000,0.000000,0.000000,-1.571000,0.015844,0.991480,-0.005099,0.991620
21.342000,-0.315835,0.008520,1.105081,0.004413,-0.000200,-0.008905,-0.000414,0.000006,1.570309,-0.300000,1.000000,1.100000,0.000000,0.000000,-1.571000,0.015835,0.991480,-0.005081,0.991620
21.344000,-0.315826,0.008519,1.105063,0.004404,-0.000200,-0.008909,-0.000420,0.000005,1.570309,-0.300000,1.000000,1.100000,0.000000,0.000000,-1.571000,0.015826,0.991481,-0.005063,0.991620
21.346000,-0.315818,0.008519,1.105046,0.004396,-0.000199,-0.008913,-0.000426,0.000005,1.570309,-0.300000,1.000000,1.100000,0.000000,0.000000,-1.571000,0.015818,0.991481,-0.005046,0.991620
21.348000,-0.315809,0.008519,1.105028,0.004388,-0.000199,-0.008917,-0.000432,0.000004,1.570309,-0.300000,1.000000,1.100000,0.000000,0.000000,-1.571000,0.015809,0.991481,-0.005028,0.991620
21.350000,-0.315800,0.008518,1.105010,0.004379,-0.000199,-0.008921,-0.000437,0.000003,1.570309,-0.300000,1.000000,1.100000,0.000000,0.000000,-1.571000,0.015800,0.991482,-0.005010,0.991620
21.352000,-0.315791,0.008518,1.104992,0.004371,-0.000199,-0.008924,-0.000443,0.000003,1.570309,-0.300000,1.000000,1.100000,0.000000,0.000000,-1.571000,0.015791,0.991482,-0.004992,0.991621
21.354000,-0.315783,0.008517,1.104974,0.004362,-0.000199,-0.008928,-0.000448,0.000002,1.570309,-0.300000,1.000000,1.100000,0.000000,0.000000,-1.571000,0.015783,0.991483,-0.004974,0.991621
21.356000,-0.315774,0.008517,1.104956,0.004353,-0.000199,-0.008932,-0.000453,0.000001,1.570309,-0.300000,1.000000,1.100000,0.000000,0.000000,-1.571000,0.015774,0.991483,-0.004956,0.991621
21.358000,-0.315765,0.008517,1.104938,0.004344,-0.000199,-0.008935,-0.000457,0.000000,1.570309,-0.300000,1.000000,1.100000,0.000000,0.000000,-1.571000,0.015765,0.991483,-0.004938,0.991621
21.360000,-0.315756,0.008516,1.104921,0.004335,-0.000199,-0.008939,-0.000461,-0.000000,1.570309,-0.300000,1.000000,1.100000,0.000000,0.000000,-1.571000,0.015756,0.991484,-0.004921,0.991621
21.362000,-0.315748,0.008516,1.104903,0.004326,-0.000199,-0.008943,-0.000465,-0.000001,1.570309,-0.300000,1.000000,1.100000,0.000000,0.000000,-1.571000,0.015748,0.991484,-0.004903,0.991621
21.364000,-0.315739,0.008515,1.104885,0.004317,-0.000199,-0.008946,-0.000469,-0.000002,1.570309,-0.300000,1.000000,1.100000,0.000000,0.000000,-1.571000,0.015739,0.991485,-0.004885,0.991622
21.366000,-0.315731,0.008515,1.104867,0.004308,-0.000199,-0.008950,-0.000473,-0.000003,1.570309,-0.300000,1.000000,1.100000,0.000000,0.000000,-1.571000,0.015731,0.991485,-0.004867,0.991622
21.368000,-0.315722,0.008515,1.104849,0.004299,-0.000199,-0.008953,-0.000476,-0.000004,1.570309,-0.300000,1.000000,1.100000,0.000000,0.000000,-1.571000,0.015722,0.991485,-0.004849,0.991622
21.370000,-0.315713,0.008514,1.104831,0.004289,-0.000199,-0.008956,-0.000479,-0.000004,1.570309,-0.300000,1.000000,1.100000,0.000000,0.000000,-1.571000,0.015713,0.991486,-0.004831,0.991622
21.372000,-0.315705,0.008514,1.104813,0.004280,-0.000199,-0.008960,-0.000481,-0.000005,1.570309,-0.300000,1.000000,1.100000,0.000000,0.000000,-1.571000,0.015705,0.991486,-0.004813,0.991622
21.374000,-0.315696,0.008513,1.104795,0.004270,-0.000200,-0.008963,-0.000483,-0.000006,1.570309,-0.300000,1.000000,1.100000,0.000000,0.000000,-1.571000,0.015696,0.991487,-0.004795,0.991622
21.376000,-0.315688,0.008513,1.104777,0.004261,-0.000200,-0.008967,-0.000485,-0.000007,1.570308,-0.300000,1.000000,1.100000,0.000000,0.000000,-1.571000,0.015688,0.991487,-0.004777,0.991623
21.378000,-0.315679,0.008513,1.104759,0.004251,-0.000200,-0.008970,-0.000486,-0.000008,1.570308,-0.300000,1.000000,1.100000,0.000000,0.000000,-1.571000,0.015679,0.991487,-0.004759,0.991623
21.380000,-0.315671,0.008512,1.104741,0.004242,-0.000200,-0.008973,-0.000487,-0.000009,1.570308,-0.300000,1.000000,1.100000,0.000000,0.000000,-1.571000,0.015671,0.991488,-0.004741,0.991623
21.382000,-0.315662,0.008512,1.104724,0.004232,-0.000200,-0.008977,-0.000488,-0.000009,1.570308,-0.300000,1.000000,1.100000,0.000000,0.000000,-1.571000,0.015662,0.991488,-0.004724,0.991623
21.384000,-0.315654,0.008511,1.104706,0.004223,-0.000200,-0.008980,-0.000488,-0.000010,1.570308,-0.300000,1.000000,1.100000,0.000000,0.000000,-1.571000,0.015654,0.991489,-0.004706,0.991623
21.386000,-0.315645,0.008511,1.104688,0.004213,-0.000200,-0.008983,-0.000488,-0.000011,1.570308,-0.300000,1.000000,1.100000,0.000000,0.000000,-1.571000,0.015645,0.991489,-0.004688,0.991624
21.388000,-0.315637,0.008511,1.104670,0.004204,-0.000201,-0.008987,-0.000488,-0.000012,1.570308,-0.300000,1.000000,1.100000,0.000000,0.000000,-1.571000,0.015637,0.991489,-0.004670,0.991624
21.390000,-0.315629,0.008510,1.104652,0.004194,-0.000201,-0.008990,-0.000487,-0.000012,1.570308,-0.300000,1.000000,1.100000,0.000000,0.000000,-1.571000,0.015629,0.991490,-0.004652,0.991624
21.392000,-0.315620,0.008510,1.104634,0.004185,-0.000201,-0.008993,-0.000486,-0.000013,1.570308,-0.300000,1.000000,1.100000,0.000000,0.000000,-1.571000,0.015620,0.991490,-0.004634,0.991624
21.394000,-0.315612,0.008509,1.104616,0.004175,-0.000201,-0.008997,-0.000485,-0.000013,1.570308,-0.300000,1.000000,1.100000,0.000000,0.000000,-1.571000,0.015612,0.991491,-0.004616,0.991624
21.396000,-0.315603,0.008509,1.104598,0.004166,-0.000202,-0.009000,-0.000483,-0.000014,1.570308,-0.300000,1.000000,1.100000,0.000000,0.000000,-1.571000,0.015603,0.991491,-0.004598,0.991624
21.398000,-0.315595,0.008509,1.104580,0.004156,-0.000202,-0.009003,-0.000481,-0.000014,1.570308,-0.300000,1.000000,1.100000,0.000000,0.000000,-1.571000,0.015595,0.991491,-0.004580,0.991625
21.400000,-0.315587,0.008508,1.104562,0.004147,-0.000202,-0.009006,-0.000479,-0.000015,1.570308,-0.300000,1.000000,1.100000,0.000000,0.000000,-1.571000,0.015587,0.991492,-0.004562,0.991625
21.402000,-0.315579,0.008508,1.104544,0.004137,-0.000202,-0.009010,-0.000476,-0.000015,1.570308,-0.300000,1.000000,1.100000,0.000000,0.000000,-1.571000,0.015579,0.991492,-0.004544,0.991625
21.404000,-0.315570,0.008507,1.104526,0.004128,-0.000203,-0.009013,-0.000473,-0.000015,1.570308,-0.300000,1.000000,1.100000,0.000000,0.000000,-1.571000,0.015570,0.991493,-0.004526,0.991625
21.406000,-0.315562,0.008507,1.104508,0.004119,-0.000203,-0.009016,-0.000470,-0.000015,1.570308,-0.300000,1.000000,1.100000,0.000000,0.000000,-1.571000,0.015562,0.991493,-0.004508,0.991625
21.408000,-0.315554,0.008507,1.104490,0.004110,-0.000203,-0.009020,-0.000467,-0.000015,1.570308,-0.300000,1.000000,1.100000,0.000000,0.000000,-1.571000,0.015554,0.991493,-0.004490,0.991626
21.410000,-0.315546,0.008506,1.104471,0.004100,-0.000204,-0.009023,-0.000463,-0.000015,1.570307,-0.300000,1.000000,1.100000,0.000000,0.000000,-1.571000,0.015546,0.991494,-0.004471,0.991626
21.412000,-0.315537,0.008506,1.104453,0.004091,-0.000204,-0.009026,-0.000459,-0.000015,1.570307,-0.300000,1.000000,1.100000,0.000000,0.000000,-1.571000,0.015537,0.991494,-0.004453,0.991626
21.414000,-0.315529,0.008505,1.104435,0.004082,-0.000204,-0.009029,-0.000455,-0.000015,1.570307,-0.300000,1.000000,1.100000,0.000000,0.000000,-1.571000,0.015529,0.991495,-0.004435,0.991626
21.416000,-0.315521,0.008505,1.104417,0.004073,-0.000205,-0.009033,-0.000451,-0.000015,1.570307,-0.300000,1.000000,1.100000,0.000000,0.000000,-1.571000,0.015521,0.991495,-0.004417,0.991626
21.418000,-0.315513,0.008504,1.104399,0.004065,-0.000205,-0.009036,-0.000446,-0.000015,1.570307,-0.300000,1.000000,1.100000,0.000000,0.000000,-1.571000,0.015513,0.991496,-0.004399,0.991627
21.420000,-0.315505,0.008504,1.104381,0.004056,-0.000205,-0.009039,-0.000442,-0.000014,1.570307,-0.300000,1.000000,1.100000,0.000000,0.000000,-1.571000,0.015505,0.991496,-0.004381,0.991627
21.422000,-0.315497,0.008504,1.104363,0.004047,-0.000205,-0.009042,-0.000437,-0.000014,1.570307,-0.300000,1.000000,1.100000,0.000000,0.000000,-1.571000,0.015497,0.991496,-0.004363,0.991627
21.424000,-0.315489,0.008503,1.104345,0.004039,-0.000206,-0.009046,-0.000432,-0.000014,1.570307,-0.300000,1.000000,1.100000,0.000000,0.000000,-1.571000,0.015489,0.991497,-0.004345,0.991627
21.426000,-0.315481,0.008503,1.104327,0.004030,-0.000206,-0.009049,-0.000427,-0.000013,1.570307,-0.300000,1.000000,1.100000,0.000000,0.000000,-1.571000,0.015481,0.991497,-0.004327,0.991627
21.428000,-0.315473,0.008502,1.104309,0.004022,-0.000206,-0.009052,-0.000422,-0.000013,1.570307,-0.300000,1.000000,1.100000,0.000000,0.000000,-1.571000,0.015473,0.991498,-0.004309,0.991628
21.430000,-0.315465,0.008502,1.104291,0.004014,-0.000206,-0.009055,-0.000417,-0.000012,1.570307,-0.300000,1.000000,1.100000,0.000000,0.000000,-1.571000,0.015465,0.991498,-0.004291,0.991628
21.432000,-0.315457,0.008502,1.104273,0.004006,-0.000207,-0.009059,-0.000411,-0.000011,1.570307,-0.300000,1.000000,1.100000,0.000000,0.000000,-1.571000,0.015457,0.991498,-0.004273,0.991628
21.434000,-0.315449,0.008501,1.104254,0.003998,-0.000207,-0.009062,-0.000406,-0.000011,1.570307,-0.300000,1.000000,1.100000,0.000000,0.000000,-1.571000,0.015449,0.991499,-0.004254,0.991628
21.436000,-0.315441,0.008501,1.104236,0.003990,-0.000207,-0.009065,-0.000401,-0.000010,1.570307,-0.300000,1.000000,1.100000,0.000000,0.000000,-1.571000,0.015441,0.991499,-0.004236,0.991628
21.438000,-0.315433,0.008500,1.104218,0.003982,-0.000207,-0.009068,-0.000395,-0.000009,1.570306,-0.300000,1.000000,1.100000,0.000000,0.000000,-1.571000,0.015433,0.991500,-0.004218,0.991629
21.440000,-0.315425,0.008500,1.104200,0.003974,-0.000207,-0.009072,-0.000390,-0.000008,1.570306,-0.300000,1.000000,1.100000,0.000000,0.000000,-1.571000,0.015425,0.991500,-0.004200,0.991629
21.442000,-0.315417,0.008500,1.104182,0.003967,-0.000208,-0.009075,-0.000384,-0.000007,1.570306,-0.300000,1.000000,1.100000,0.000000,0.000000,-1.571000,0.015417,0.991500,-0.004182,0.991629
21.444000,-0.315409,0.008499,1.104164,0.003959,-0.000208,-0.009078,-0.000378,-0.000006,1.570306,-0.300000,1.000000,1.100000,0.000000,0.000000,-1.571000,0.015409,0.991501,-0.004164,0.991629
21.446000,-0.315401,0.008499,1.104146,0.003952,-0.000208,-0.009081,-0.000373,-0.000005,1.570306,-0.300000,1.000000,1.100000,0.000000,0.000000,-1.571000,0.015401,0.991501,-0.004146,0.991630
21.448000,-0.315393,0.008498,1.104127,0.003944,-0.000208,-0.009084,-0.000367,-0.000004,1.570306,-0.300000,1.000000,1.100000,0.000000,0.000000,-1.571000,0.015393,0.991502,-0.004127,0.991630
21.450000,-0.315385,0.008498,1.104109,0.003937,-0.000208,-0.009088,-0.000361,-0.000003,1.570306,-0.300000,1.000000,1.100000,0.000000,0.000000,-1.571000,0.015385,0.991502,-0.004109,0.991630
21.452000,-0.315377,0.008497,1.104091,0.003930,-0.000208,-0.009091,-0.000355,-0.000002,1.570306,-0.300000,1.000000,1.100000,0.000000,0.000000,-1.571000,0.015377,0.991503,-0.004091,0.991630
21.454000,-0.315369,0.008497,1.104073,0.003923,-0.000208,-0.009094,-0.000350,-0.000001,1.570306,-0.300000,1.000000,1.100000,0.000000,0.000000,-1.571000,0.015369,0.991503,-0.004073,0.991630
21.456000,-0.315362,0.008497,1.104055,0.003916,-0.000208,-0.009098,-0.000344,0.000000,1.570306,-0.300000,1.000000,1.100000,0.000000,0.000000,-1.571000,0.015362,0.991503,-0.004055,0.991631
21.458000,-0.315354,0.008496,1.104036,0.003910,-0.000208,-0.009101,-0.000338,0.000001,1.570306,-0.300000,1.000000,1.100000,0.000000,0.000000,-1.571000,0.015354,0.991504,-0.004036,0.991631
21.460000,-0.315346,0.008496,1.104018,0.003903,-0.000208,-0.009105,-0.000332,0.000002,1.570306,-0.300000,1.000000,1.100000,0.000000,0.000000,-1.571000,0.015346,0.991504,-0.004018,0.991631
21.462000,-0.315338,0.008495,1.104000,0.003897,-0.000208,-0.009109,-0.000326,0.000003,1.570306,-0.300000,1.000000,1.100000,0.000000,0.000000,-1.571000,0.015338,0.991505,-0.004000,0.991631
21.464000,-0.315330,0.008495,1.103982,0.003890,-0.000208,-0.009114,-0.000321,0.000004,1.570306,-0.300000,1.000000,1.100000,0.000000,0.000000,-1.571000,0.015330,0.991505,-0.003982,0.991632
21.466000,-0.315323,0.008495,1.103964,0.003884,-0.000208,-0.009118,-0.000315,0.000005,1.570305,-0.300000,1.000000,1.100000,0.000000,0.000000,-1.571000,0.015323,0.991505,-0.003964,0.991632
21.468000,-0.315315,0.008494,1.103945,0.003878,-0.000208,-0.009123,-0.000309,0.000006,1.570305,-0.300000,1.000000,1.100000,0.000000,0.000000,-1.571000,0.015315,0.991506,-0.003945,0.991632
21.470000,-0.315307,0.008494,1.103927,0.003872,-0.000208,-0.009128,-0.000304,0.000007,1.570305,-0.300000,1.000000,1.100000,0.000000,0.000000,-1.571000,0.015307,0.991506,-0.003927,0.991632
21.472000,-0.315299,0.008493,1.103909,0.003866,-0.000207,-0.009132,-0.000299,0.000008,1.570305,-0.300000,1.000000,1.100000,0.000000,0.000000,-1.571000,0.015299,0.991507,-0.003909,0.991632
21.474000,-0.315292,0.008493,1.103891,0.003860,-0.000207,-0.009138,-0.000293,0.000009,1.570305,-0.300000,1.000000,1.100000,0.000000,0.000000,-1.571000,0.015292,0.991507,-0.003891,0.991633
21.476000,-0.315284,0.008492,1.103872,0.003854,-0.000207,-0.009143,-0.000288,0.000009,1.570305,-0.300000,1.000000,1.100000,0.000000,0.000000,-1.571000,0.015284,0.991508,-0.003872,0.991633
21.478000,-0.315276,0.008492,1.103854,0.003849,-0.000207,-0.009148,-0.000283,0.000010,1.570305,-0.300000,1.000000,1.100000,0.000000,0.000000,-1.571000,0.015276,0.991508,-0.003854,0.991633
21.480000,-0.315269,0.008492,1.103836,0.003843,-0.000207,-0.009153,-0.000278,0.000011,1.570305,-0.300000,1.000000,1.100000,0.000000,0.000000,-1.571000,0.015269,0.991508,-0.003836,0.991633
21.482000,-0.315261,0.008491,1.103817,0.003838,-0.000206,-0.009159,-0.000273,0.000011,1.570305,-0.300000,1.000000,1.100000,0.000000,0.000000,-1.571000,0.015261,0.991509,-0.003817,0.991634
21.484000,-0.315253,0.008491,1.103799,0.003832,-0.000206,-0.009164,-0.000269,0.000012,1.570305,-0.300000,1.000000,1.100000,0.000000,0.000000,-1.571000,0.015253,0.991509,-0.003799,0.991634
21.486000,-0.315246,0.008490,1.103781,0.003827,-0.000206,-0.009169,-0.000264,0.000013,1.570305,-0.300000,1.000000,1.100000,0.000000,0.000000,-1.571000,0.015246,0.991510,-0.003781,0.991634
21.488000,-0.315238,0.008490,1.103762,0.003822,-0.000206,-0.009174,-0.000260,0.000013,1.570305,-0.300000,1.000000,1.100000,0.000000,0.000000,-1.571000,0.015238,0.991510,-0.003762,0.991634
21.490000,-0.315230,0.008490,1.103744,0.003817,-0.000205,-0.009178,-0.000255,0.000013,1.570305,-0.300000,1.000000,1.100000,0.000000,0.000000,-1.571000,0.015230,0.991510,-0.003744,0.991634
21.492000,-0.315223,0.008489,1.103726,0.003812,-0.000205,-0.009183,-0.000251,0.000014,1.570305,-0.300000,1.000000,1.100000,0.000000,0.000000,-1.571000,0.015223,0.991511,-0.003726,0.991635
21.494000,-0.315215,0.008489,1.103707,0.003807,-0.000205,-0.009187,-0.000247,0.000014,1.570304,-0.300000,1.000000,1.100000,0.000000,0.000000,-1.571000,0.015215,0.991511,-0.003707,0.991635
21.496000,-0.315207,0.008488,1.103689,0.003802,-0.000205,-0.009191,-0.000244,0.000014,1.570304,-0.300000,1.000000,1.100000,0.000000,0.000000,-1.571000,0.015207,0.991512,-0.003689,0.991635
21.498000,-0.315200,0.008488,1.103671,0.003797,-0.000204,-0.009196,-0.000240,0.000014,1.570304,-0.300000,1.000000,1.100000,0.000000,0.000000,-1.571000,0.015200,0.991512,-0.003671,0.991635
21.500000,-0.315192,0.008488,1.103652,0.003793,-0.000204,-0.009200,-0.000236,0.000014,1.570304,-0.300000,1.000000,1.100000,0.000000,0.000000,-1.571000,0.015192,0.991512,-0.003652,0.991636
21.502000,-0.315185,0.008487,1.103634,0.003788,-0.000204,-0.009204,-0.000233,0.000014,1.570304,-0.300000,1.000000,1.100000,0.000000,0.000000,-1.571000,0.015185,0.991513,-0.003634,0.991636
21.504000,-0.315177,0.008487,1.103615,0.003784,-0.000204,-0.009208,-0.000230,0.000014,1.570304,-0.300000,1.000000,1.100000,0.000000,0.000000,-1.571000,0.015177,0.991513,-0.003615,0.991636
21.506000,-0.315169,0.008486,1.103597,0.003779,-0.000203,-0.009212,-0.000227,0.000014,1.570304,-0.300000,1.000000,1.100000,0.000000,0.000000,-1.571000,0.015169,0.991514,-0.003597,0.991636
21.508000,-0.315162,0.008486,1.103578,0.003775,-0.000203,-0.009215,-0.000224,0.000014,1.570304,-0.300000,1.000000,1.100000,0.000000,0.000000,-1.571000,0.015162,0.991514,-0.003578,0.991636
21.510000,-0.315154,0.008486,1.103560,0.003770,-0.000203,-0.009219,-0.000221,0.000014,1.570304,-0.300000,1.000000,1.100000,0.000000,0.000000,-1.571000,0.015154,0.991514,-0.003560,0.991637
21.512000,-0.315147,0.008485,1.103542,0.003766,-0.000202,-0.009223,-0.000219,0.000013,1.570304,-0.300000,1.000000,1.100000,0.000000,0.000000,-1.571000,0.015147,0.991515,-0.003542,0.991637
21.514000,-0.315139,0.008485,1.103523,0.003762,-0.000202,-0.009227,-0.000216,0.000013,1.570304,-0.300000,1.000000,1.100000,0.000000,0.000000,-1.571000,0.015139,0.991515,-0.003523,0.991637
21.516000,-0.315132,0.008484,1.103505,0.003758,-0.000202,-0.009230,-0.000214,0.000012,1.570304,-0.300000,1.000000,1.100000,0.000000,0.000000,-1.571000,0.015132,0.991516,-0.003505,0.991637
21.518000,-0.315124,0.008484,1.103486,0.003753,-0.000202,-0.009234,-0.000212,0.000012,1.570304,-0.300000,1.000000,1.100000,0.000000,0.000000,-1.571000,0.015124,0.991516,-0.003486,0.991638
21.520000,-0.315117,0.008483,1.103468,0.003749,-0.000201,-0.009237,-0.000210,0.000012,1.570304,-0.300000,1.000000,1.100000,0.000000,0.000000,-1.571000,0.015117,0.991517,-0.003468,0.991638
21.522000,-0.315109,0.008483,1.103449,0.003745,-0.000201,-0.009241,-0.000208,0.000011,1.570304,-0.300000,1.000000,1.100000,0.000000,0.000000,-1.571000,0.015109,0.991517,-0.003449,0.991638
21.524000,-0.315102,0.008483,1.103431,0.003741,-0.000201,-0.009244,-0.000206,0.000011,1.570305,-0.300000,1.000000,1.100000,0.000000,0.000000,-1.571000,0.015102,0.991517,-0.003431,0.991638
21.526000,-0.315094,0.008482,1.103412,0.003737,-0.000201,-0.009248,-0.000205,0.000010,1.570305,-0.300000,1.000000,1.100000,0.000000,0.000000,-1.571000,0.015094,0.991518,-0.003412,0.991638
21.528000,-0.315087,0.008482,1.103394,0.003733,-0.000201,-0.009251,-0.000203,0.000009,1.570305,-0.300000,1.000000,1.100000,0.000000,0.000000,-1.571000,0.015087,0.991518,-0.003394,0.991639
21.530000,-0.315079,0.008481,1.103375,0.003729,-0.000200,-0.009255,-0.000202,0.000009,1.570305,-0.300000,1.000000,1.100000,0.000000,0.000000,-1.571000,0.015079,0.991519,-0.003375,0.991639
21.532000,-0.315072,0.008481,1.103357,0.003725,-0.000200,-0.009258,-0.000201,0.000008,1.570305,-0.300000,1.000000,1.100000,0.000000,0.000000,-1.571000,0.015072,0.991519,-0.003357,0.991639
21.534000,-0.315065,0.008481,1.103338,0.003721,-0.000200,-0.009262,-0.000200,0.000008,1.570305,-0.300000,1.000000,1.100000,0.000000,0.000000,-1.571000,0.015065,0.991519,-0.003338,0.991639
21.536000,-0.315057,0.008480,1.103320,0.003717,-0.000200,-0.009265,-0.000200,0.000007,1.570305,-0.300000,1.000000,1.100000,0.000000,0.000000,-1.571000,0.015057,0.991520,-0.003320,0.991640
21.538000,-0.315050,0.008480,1.103301,0.003713,-0.000200,-0.009268,-0.000199,0.000006,1.570305,-0.300000,1.000000,1.100000,0.000000,0.000000,-1.571000,0.015050,0.991520,-0.003301,0.991640
21.540000,-0.315042,0.008479,1.103283,0.003709,-0.000200,-0.009272,-0.000199,0.000005,1.570306,-0.300000,1.000000,1.100000,0.000000,0.000000,-1.571000,0.015042,0.991521,-0.003283,0.991640
21.542000,-0.315035,0.008479,1.103264,0.003706,-0.000200,-0.009275,-0.000198,0.000005,1.570306,-0.300000,1.000000,1.100000,0.000000,0.000000,-1.571000,0.015035,0.991521,-0.003264,0.991640
21.544000,-0.315027,0.008479,1.103246,0.003702,-0.000200,-0.009278,-0.000198,0.000004,1.570306,-0.300000,1.000000,1.100000,0.000000,0.000000,-1.571000,0.015027,0.991521,-0.003246,0.991641
21.546000,-0.315020,0.008478,1.103227,0.003698,-0.000199,-0.009282,-0.000198,0.000003,1.570306,-0.300000,1.000000,1.100000,0.000000,0.000000,-1.571000,0.015020,0.991522,-0.003227,0.991641
21.548000,-0.315013,0.008478,1.103208,0.003694,-0.000199,-0.009285,-0.000198,0.000002,1.570306,-0.300000,1.000000,1.100000,0.000000,0.000000,-1.571000,0.015013,0.991522,-0.003208,0.991641
21.550000,-0.315005,0.008477,1.103190,0.003690,-0.000199,-0.009288,-0.000198,0.000002,1.570306,-0.300000,1.000000,1.100000,0.000000,0.000000,-1.571000,0.015005,0.991523,-0.003190,0.991641
21.552000,-0.314998,0.008477,1.103171,0.003686,-0.000199,-0.009292,-0.000198,0.000001,1.570306,-0.300000,1.000000,1.100000,0.000000,0.000000,-1.571000,0.014998,0.991523,-0.003171,0.991641
21.554000,-0.314991,0.008477,1.103153,0.003682,-0.000199,-0.009295,-0.000199,0.000000,1.570306,-0.300000,1.000000,1.100000,0.000000,0.000000,-1.571000,0.014991,0.991523,-0.003153,0.991642
21.556000,-0.314983,0.008476,1.103134,0.003675,-0.000199,-0.009290,-0.000199,-0.000001,1.570306,-0.300000,1.000000,1.100000,0.000000,0.000000,-1.571000,0.014983,0.991524,-0.003134,0.991642
21.558000,-0.314976,0.008476,1.103115,0.003671,-0.000199,-0.009293,-0.000199,-0.000001,1.570306,-0.300000,1.000000,1.100000,0.000000,0.000000,-1.571000,0.014976,0.991524,-0.003115,0.991642
21.560000,-0.314968,0.008475,1.103097,0.003667,-0.000199,-0.009296,-0.000200,-0.000002,1.570306,-0.300000,1.000000,1.100000,0.000000,0.000000,-1.571000,0.014968,0.991525,-0.003097,0.991642
21.562000,-0.314961,0.008475,1.103078,0.003663,-0.000199,-0.009299,-0.000200,-0.000003,1.570306,-0.300000,1.000000,1.100000,0.000000,0.000000,-1.571000,0.014961,0.991525,-0.003078,0.991643
21.564000,-0.314954,0.008475,1.103060,0.003659,-0.000199,-0.009303,-0.000201,-0.000004,1.570306,-0.300000,1.000000,1.100000,0.000000,0.000000,-1.571000,0.014954,0.991525,-0.003060,0.991643
21.566000,-0.314947,0.008474,1.103041,0.003652,-0.000199,-0.009297,-0.000202,-0.000004,1.570306,-0.300000,1.000000,1.100000,0.000000,0.000000,-1.571000,0.014947,0.991526,-0.003041,0.991643
21.568000,-0.314939,0.008474,1.103022,0.003648,-0.000199,-0.009301,-0.000202,-0.000005,1.570306,-0.300000,1.000000,1.100000,0.000000,0.000000,-1.571000,0.014939,0.991526,-0.003022,0.991643
21.570000,-0.314932,0.008473,1.103004,0.003644,-0.000199,-0.009304,-0.000203,-0.000005,1.570306,-0.300000,1.000000,1.100000,0.000000,0.000000,-1.571000,0.014932,0.991527,-0.003004,0.991643
21.572000,-0.314925,0.008473,1.102985,0.003640,-0.000199,-0.009307,-0.000204,-0.000006,1.570306,-0.300000,1.000000,1.100000,0.000000,0.000000,-1.571000,0.014925,0.991527,-0.002985,0.991644
21.574000,-0.314917,0.008473,1.102967,0.003636,-0.000200,-0.009310,-0.000205,-0.000006,1.570306,-0.300000,1.000000,1.100000,0.000000,0.000000,-1.571000,0.014917,0.991527,-0.002967,0.991644
21.576000,-0.314910,0.008472,1.102948,0.003632,-0.000200,-0.009314,-0.000205,-0.000007,1.570306,-0.300000,1.000000,1.100000,0.000000,0.000000,-1.571000,0.014910,0.991528,-0.002948,0.991644
21.578000,-0.314903,0.008472,1.102929,0.003624,-0.000200,-0.009308,-0.000206,-0.000007,1.570306,-0.300000,1.000000,1.100000,0.000000,0.000000,-1.571000,0.014903,0.991528,-0.002929,0.991644
21.580000,-0.314896,0.008471,1.102911,0.003621,-0.000200,-0.009312,-0.000207,-0.000008,1.570307,-0.300000,1.000000,1.100000,0.000000,0.000000,-1.571000,0.014896,0.991529,-0.002911,0.991645
21.582000,-0.314888,0.008471,1.102892,0.003616,-0.000200,-0.009315,-0.000208,-0.000008,1.570307,-0.300000,1.000000,1.100000,0.000000,0.000000,-1.571000,0.014888,0.991529,-0.002892,0.991645
21.584000,-0.314881,0.008471,1.102873,0.003612,-0.000200,-0.009318,-0.000209,-0.000008,1.570307,-0.300000,1.000000,1.100000,0.000000,0.000000,-1.571000,0.014881,0.991529,-0.002873,0.991645
21.586000,-0.314874,0.008470,1.102855,0.003608,-0.000200,-0.009321,-0.000210,-0.000009,1.570307,-0.300000,1.000000,1.100000,0.000000,0.000000,-1.571000,0.014874,0.991530,-0.002855,0.991645
21.588000,-0.314867,0.008470,1.102836,0.003604,-0.000200,-0.009325,-0.000211,-0.000009,1.570307,-0.300000,1.000000,1.100000,0.000000,0.000000,-1.571000,0.014867,0.991530,-0.002836,0.991646
21.590000,-0.314860,0.008469,1.102818,0.003596,-0.000200,-0.009318,-0.000211,-0.000009,1.570307,-0.300000,1.000000,1.100000,0.000000,0.000000,-1.571000,0.014860,0.991531,-0.002818,0.991646
21.592000,-0.314852,0.008469,1.102799,0.003593,-0.000201,-0.009322,-0.000212,-0.000009,1.570307,-0.300000,1.000000,1.100000,0.000000,0.000000,-1.571000,0.014852,0.991531,-0.002799,0.991646
21.594000,-0.314845,0.008469,1.102780,0.003588,-0.000201,-0.009326,-0.000213,-0.000009,1.570307,-0.300000,1.000000,1.100000,0.000000,0.000000,-1.571000,0.014845,0.991531,-0.002780,0.991646
21.596000,-0.314838,0.008468,1.102762,0.003584,-0.000201,-0.009329,-0.000214,-0.000009,1.570307,-0.300000,1.000000,1.100000,0.000000,0.000000,-1.571000,0.014838,0.991532,-0.002762,0.991647
21.598000,-0.314831,0.008468,1.102743,0.003580,-0.000201,-0.009332,-0.000215,-0.000009,1.570307,-0.300000,1.000000,1.100000,0.000000,0.000000,-1.571000,0.014831,0.991532,-0.002743,0.991647
21.600000,-0.314824,0.008467,1.102724,0.003576,-0.000201,-0.009335,-0.000216,-0.000009,1.570307,-0.300000,1.000000,1.100000,0.000000,0.000000,-1.571000,0.014824,0.991533,-0.002724,0.991647
21.602000,-0.314817,0.008467,1.102706,0.003568,-0.000201,-0.009329,-0.000217,-0.000009,1.570307,-0.300000,1.000000,1.100000,0.000000,0.000000,-1.571000,0.014817,0.991533,-0.002706,0.991647
21.604000,-0.314809,0.008467,1.102687,0.003564,-0.000201,-0.009333,-0.000218,-0.000009,1.570307,-0.300000,1.000000,1.100000,0.000000,0.000000,-1.571000,0.014809,0.991533,-0.002687,0.991648
21.606000,-0.314802,0.008466,1.102668,0.003560,-0.000202,-0.009336,-0.000219,-0.000009,1.570307,-0.300000,1.000000,1.100000,0.000000,0.000000,-1.571000,0.014802,0.991534,-0.002668,0.991648
21.608000,-0.314795,0.008466,1.102650,0.003555,-0.000202,-0.009340,-0.000220,-0.000009,1.570307,-0.300000,1.000000,1.100000,0.000000,0.000000,-1.571000,0.014795,0.991534,-0.002650,0.991648
21.610000,-0.314788,0.008465,1.102631,0.003551,-0.000202,-0.009343,-0.000221,-0.000008,1.570307,-0.300000,1.000000,1.100000,0.000000,0.000000,-1.571000,0.014788,0.991535,-0.002631,0.991648
21.612000,-0.314781,0.008465,1.102612,0.003547,-0.000202,-0.009346,-0.000222,-0.000008,1.570307,-0.300000,1.000000,1.100000,0.000000,0.000000,-1.571000,0.014781,0.991535,-0.002612,0.991649
21.614000,-0.314774,0.008465,1.102593,0.003539,-0.000202,-0.009340,-0.000223,-0.000008,1.570307,-0.300000,1.000000,1.100000,0.000000,0.000000,-1.571000,0.014774,0.991535,-0.002593,0.991649
21.616000,-0.314767,0.008464,1.102575,0.003535,-0.000202,-0.009344,-0.000224,-0.000007,1.570307,-0.300000,1.000000,1.100000,0.000000,0.000000,-1.571000,0.014767,0.991536,-0.002575,0.991649
21.618000,-0.314760,0.008464,1.102556,0.003530,-0.000202,-0.009347,-0.000225,-0.000007,1.570307,-0.300000,1.000000,1.100000,0.000000,0.000000,-1.571000,0.014760,0.991536,-0.002556,0.991649
21.620000,-0.314753,0.008463,1.102537,0.003526,-0.000203,-0.009350,-0.000226,-0.000006,1.570307,-0.300000,1.000000,1.100000,0.000000,0.000000,-1.571000,0.014753,0.991537,-0.002537,0.991650
21.622000,-0.314746,0.008463,1.102519,0.003521,-0.000203,-0.009354,-0.000227,-0.000006,1.570307,-0.300000,1.000000,1.100000,0.000000,0.000000,-1.571000,0.014746,0.991537,-0.002519,0.991650
21.624000,-0.314739,0.008463,1.102500,0.003517,-0.000203,-0.009357,-0.000228,-0.000005,1.570307,-0.300000,1.000000,1.100000,0.000000,0.000000,-1.571000,0.014739,0.991537,-0.002500,0.991650
21.626000,-0.314732,0.008462,1.102481,0.003513,-0.000203,-0.009360,-0.000230,-0.000004,1.570307,-0.300000,1.000000,1.100000,0.000000,0.000000,-1.571000,0.014732,0.991538,-0.002481,0.991650
21.628000,-0.314725,0.008462,1.102463,0.003505,-0.000203,-0.009355,-0.000231,-0.000003,1.570307,-0.300000,1.000000,1.100000,0.000000,0.000000,-1.571000,0.014725,0.991538,-0.002463,0.991651
21.630000,-0.314718,0.008461,1.102444,0.003500,-0.000203,-0.009358,-0.000232,-0.000003,1.570307,-0.300000,1.000000,1.100000,0.000000,0.000000,-1.571000,0.014718,0.991539,-0.002444,0.991651
21.632000,-0.314711,0.008461,1.102425,0.003496,-0.000203,-0.009361,-0.000233,-0.000002,1.570307,-0.300000,1.000000,1.100000,0.000000,0.000000,-1.571000,0.014711,0.991539,-0.002425,0.991651
21.634000,-0.314704,0.008461,1.102406,0.003491,-0.000203,-0.009364,-0.000234,-0.000001,1.570307,-0.300000,1.000000,1.100000,0.000000,0.000000,-1.571000,0.014704,0.991539,-0.002406,0.991651
21.636000,-0.314697,0.008460,1.102388,0.003487,-0.000203,-0.009368,-0.000235,-0.000000,1.570307,-0.300000,1.000000,1.100000,0.000000,0.000000,-1.571000,0.014697,0.991540,-0.002388,0.991652
21.638000,-0.314690,0.008460,1.102369,0.003482,-0.000203,-0.009371,-0.000236,0.000001,1.570307,-0.300000,1.000000,1.100000,0.000000,0.000000,-1.571000,0.014690,0.991540,-0.002369,0.991652
21.640000,-0.314683,0.008459,1.102350,0.003474,-0.000203,-0.009365,-0.000237,0.000002,1.570307,-0.300000,1.000000,1.100000,0.000000,0.000000,-1.571000,0.014683,0.991541,-0.002350,0.991652
21.642000,-0.314676,0.008459,1.102331,0.003469,-0.000203,-0.009369,-0.000238,0.000003,1.570307,-0.300000,1.000000,1.100000,0.000000,0.000000,-1.571000,0.014676,0.991541,-0.002331,0.991652
21.644000,-0.314669,0.008459,1.102313,0.003465,-0.000203,-0.009372,-0.000239,0.000003,1.570307,-0.300000,1.000000,1.100000,0.000000,0.000000,-1.571000,0.014669,0.991541,-0.002313,0.991653
21.646000,-0.314662,0.008458,1.102294,0.003460,-0.000202,-0.009375,-0.000240,0.000004,1.570307,-0.300000,1.000000,1.100000,0.000000,0.000000,-1.571000,0.014662,0.991542,-0.002294,0.991653
21.648000,-0.314655,0.008458,1.102275,0.003455,-0.000202,-0.009378,-0.000241,0.000005,1.570307,-0.300000,1.000000,1.100000,0.000000,0.000000,-1.571000,0.014655,0.991542,-0.002275,0.991653
21.650000,-0.314648,0.008457,1.102256,0.003451,-0.000202,-0.009382,-0.000242,0.000006,1.570307,-0.300000,1.000000,1.100000,0.000000,0.000000,-1.571000,0.014648,0.991543,-0.002256,0.991653
21.652000,-0.314641,0.008457,1.102238,0.003446,-0.000202,-0.009385,-0.000243,0.000006,1.570307,-0.300000,1.000000,1.100000,0.000000,0.000000,-1.571000,0.014641,0.991543,-0.002238,0.991654
21.654000,-0.314634,0.008457,1.102219,0.003438,-0.000202,-0.009379,-0.000244,0.000007,1.570307,-0.300000,1.000000,1.100000,0.000000,0.000000,-1.571000,0.014634,0.991543,-0.002219,0.991654
21.656000,-0.314627,0.008456,1.102200,0.003433,-0.000202,-0.009383,-0.000245,0.000008,1.570307,-0.300000,1.000000,1.100000,0.000000,0.000000,-1.571000,0.014627,0.991544,-0.002200,0.991654
21.658000,-0.314621,0.008456,1.102181,0.003428,-0.000202,-0.009386,-0.000246,0.000008,1.570307,-0.300000,1.000000,1.100000,0.000000,0.000000,-1.571000,0.014621,0.991544,-0.002181,0.991654
21.660000,-0.314614,0.008455,1.102163,0.003423,-0.000201,-0.009389,-0.000248,0.000009,1.570307,-0.300000,1.000000,1.100000,0.000000,0.000000,-1.571000,0.014614,0.991545,-0.002163,0.991655
21.662000,-0.314607,0.008455,1.102144,0.003419,-0.000201,-0.009392,-0.000249,0.000009,1.570307,-0.300000,1.000000,1.100000,0.000000,0.000000,-1.571000,0.014607,0.991545,-0.002144,0.991655
21.664000,-0.314600,0.008455,1.102125,0.003414,-0.000201,-0.009396,-0.000250,0.000010,1.570307,-0.300000,1.000000,1.100000,0.000000,0.000000,-1.571000,0.014600,0.991545,-0.002125,0.991655
21.666000,-0.314593,0.008454,1.102106,0.003405,-0.000201,-0.009390,-0.000251,0.000010,1.570307,-0.300000,1.000000,1.100000,0.000000,0.000000,-1.571000,0.014593,0.991546,-0.002106,0.991655
21.668000,-0.314586,0.008454,1.102087,0.003401,-0.000200,-0.009393,-0.000252,0.000010,1.570307,-0.300000,1.000000,1.100000,0.000000,0.000000,-1.571000,0.014586,0.991546,-0.002087,0.991656
21.670000,-0.314580,0.008453,1.102069,0.003396,-0.000200,-0.009397,-0.000253,0.000011,1.570307,-0.300000,1.000000,1.100000,0.000000,0.000000,-1.571000,0.014580,0.991547,-0.002069,0.991656
21.672000,-0.314573,0.008453,1.102050,0.003391,-0.000200,-0.009400,-0.000254,0.000011,1.570307,-0.300000,1.000000,1.100000,0.000000,0.000000,-1.571000,0.014573,0.991547,-0.002050,0.991656
21.674000,-0.314566,0.008453,1.102031,0.003386,-0.000200,-0.009403,-0.000255,0.000011,1.570307,-0.300000,1.000000,1.100000,0.000000,0.000000,-1.571000,0.014566,0.991547,-0.002031,0.991657
21.676000,-0.314559,0.008452,1.102012,0.003381,-0.000200,-0.009406,-0.000256,0.000011,1.570307,-0.300000,1.000000,1.100000,0.000000,0.000000,-1.571000,0.014559,0.991548,-0.002012,0.991657
21.678000,-0.314553,0.008452,1.101993,0.003376,-0.000199,-0.009410,-0.000257,0.000011,1.570307,-0.300000,1.000000,1.100000,0.000000,0.000000,-1.571000,0.014553,0.991548,-0.001993,0.991657
21.680000,-0.314546,0.008451,1.101975,0.003367,-0.000199,-0.009404,-0.000258,0.000011,1.570307,-0.300000,1.000000,1.100000,0.000000,0.000000,-1.571000,0.014546,0.991549,-0.001975,0.991657
21.682000,-0.314539,0.008451,1.101956,0.003363,-0.000199,-0.009408,-0.000259,0.000011,1.570307,-0.300000,1.000000,1.100000,0.000000,0.000000,-1.571000,0.014539,0.991549,-0.001956,0.991658
21.684000,-0.314532,0.008451,1.101937,0.003358,-0.000199,-0.009411,-0.000260,0.000011,1.570307,-0.300000,1.000000,1.100000,0.000000,0.000000,-1.571000,0.014532,0.991549,-0.001937,0.991658
21.686000,-0.314526,0.008450,1.101918,0.003352,-0.000198,-0.009414,-0.000261,0.000011,1.570308,-0.300000,1.000000,1.100000,0.000000,0.000000,-1.571000,0.014526,0.991550,-0.001918,0.991658
21.688000,-0.314519,0.008450,1.101899,0.003347,-0.000198,-0.009417,-0.000262,0.000010,1.570308,-0.300000,1.000000,1.100000,0.000000,0.000000,-1.571000,0.014519,0.991550,-0.001899,0.991658
21.690000,-0.314512,0.008449,1.101880,0.003342,-0.000198,-0.009420,-0.000264,0.000010,1.570308,-0.300000,1.000000,1.100000,0.000000,0.000000,-1.571000,0.014512,0.991551,-0.001880,0.991659
21.692000,-0.314506,0.008449,1.101862,0.003337,-0.000198,-0.009424,-0.000265,0.000010,1.570308,-0.300000,1.000000,1.100000,0.000000,0.000000,-1.571000,0.014506,0.991551,-0.001862,0.991659
21.694000,-0.314499,0.008449,1.101843,0.003328,-0.000197,-0.009418,-0.000266,0.000010,1.570308,-0.300000,1.000000,1.100000,0.000000,0.000000,-1.571000,0.014499,0.991551,-0.001843,0.991659
21.696000,-0.314492,0.008448,1.101824,0.003323,-0.000197,-0.009421,-0.000267,0.000009,1.570308,-0.300000,1.000000,1.100000,0.000000,0.000000,-1.571000,0.014492,0.991552,-0.001824,0.991659
21.698000,-0.314486,0.008448,1.101805,0.003318,-0.000197,-0.009425,-0.000268,0.000009,1.570308,-0.300000,1.000000,1.100000,0.000000,0.000000,-1.571000,0.014486,0.991552,-0.001805,0.991660
21.700000,-0.314479,0.008447,1.101786,0.003313,-0.000197,-0.009428,-0.000269,0.000009,1.570308,-0.300000,1.000000,1.100000,0.000000,0.000000,-1.571000,0.014479,0.991553,-0.001786,0.991660
21.702000,-0.314472,0.008447,1.101767,0.003308,-0.000197,-0.009431,-0.000270,0.000008,1.570308,-0.300000,1.000000,1.100000,0.000000,0.000000,-1.571000,0.014472,0.991553,-0.001767,0.991660
21.704000,-0.314466,0.008447,1.101748,0.003302,-0.000196,-0.009434,-0.000271,0.000008,1.570308,-0.300000,1.000000,1.100000,0.000000,0.000000,-1.571000,0.014466,0.991553,-0.001748,0.991660
21.706000,-0.314459,0.008446,1.101730,0.003297,-0.000196,-0.009438,-0.000272,0.000008,1.570308,-0.300000,1.000000,1.100000,0.000000,0.000000,-1.571000,0.014459,0.991554,-0.001730,0.991661
21.708000,-0.314453,0.008446,1.101711,0.003288,-0.000196,-0.009431,-0.000273,0.000008,1.570308,-0.300000,1.000000,1.100000,0.000000,0.000000,-1.571000,0.014453,0.991554,-0.001711,0.991661
21.710000,-0.314446,0.008445,1.101692,0.003283,-0.000196,-0.009436,-0.000274,0.000008,1.570308,-0.300000,1.000000,1.100000,0.000000,0.000000,-1.571000,0.014446,0.991555,-0.001692,0.991661
21.712000,-0.314439,0.008445,1.101673,0.003278,-0.000196,-0.009439,-0.000275,0.000007,1.570308,-0.300000,1.000000,1.100000,0.000000,0.000000,-1.571000,0.014439,0.991555,-0.001673,0.991662
21.714000,-0.314433,0.008445,1.101654,0.003273,-0.000195,-0.009443,-0.000276,0.000007,1.570308,-0.300000,1.000000,1.100000,0.000000,0.000000,-1.571000,0.014433,0.991555,-0.001654,0.991662
21.716000,-0.314426,0.008444,1.101635,0.003267,-0.000195,-0.009447,-0.000277,0.000007,1.570308,-0.300000,1.000000,1.100000,0.000000,0.000000,-1.571000,0.014426,0.991556,-0.001635,0.991662
21.718000,-0.314420,0.008444,1.101616,0.003258,-0.000195,-0.009442,-0.000278,0.000007,1.570308,-0.300000,1.000000,1.100000,0.000000,0.000000,-1.571000,0.014420,0.991556,-0.001616,0.991662
21.720000,-0.314413,0.008443,1.101597,0.003253,-0.000195,-0.009447,-0.000280,0.000007,1.570308,-0.300000,1.000000,1.100000,0.000000,0.000000,-1.571000,0.014413,0.991557,-0.001597,0.991663
21.722000,-0.314407,0.008443,1.101579,0.003248,-0.000195,-0.009452,-0.000281,0.000007,1.570308,-0.300000,1.000000,1.100000,0.000000,0.000000,-1.571000,0.014407,0.991557,-0.001579,0.991663
21.724000,-0.314400,0.008443,1.101560,0.003242,-0.000195,-0.009457,-0.000281,0.000007,1.570308,-0.300000,1.000000,1.100000,0.000000,0.000000,-1.571000,0.014400,0.991557,-0.001560,0.991663
21.726000,-0.314394,0.008442,1.101541,0.003234,-0.000194,-0.009453,-0.000282,0.000007,1.570308,-0.300000,1.000000,1.100000,0.000000,0.000000,-1.571000,0.014394,0.991558,-0.001541,0.991663
21.728000,-0.314387,0.008442,1.101522,0.003228,-0.000194,-0.009458,-0.000283,0.000007,1.570308,-0.300000,1.000000,1.100000,0.000000,0.000000,-1.571000,0.014387,0.991558,-0.001522,0.991664
21.730000,-0.314381,0.008442,1.101503,0.003223,-0.000194,-0.009462,-0.000284,0.000007,1.570308,-0.300000,1.000000,1.100000,0.000000,0.000000,-1.571000,0.014381,0.991558,-0.001503,0.991664
21.732000,-0.314375,0.008441,1.101484,0.003217,-0.000194,-0.009466,-0.000284,0.000007,1.570308,-0.300000,1.000000,1.100000,0.000000,0.000000,-1.571000,0.014375,0.991559,-0.001484,0.991664
21.734000,-0.314368,0.008441,1.101465,0.003209,-0.000194,-0.009461,-0.000284,0.000007,1.570308,-0.300000,1.000000,1.100000,0.000000,0.000000,-1.571000,0.014368,0.991559,-0.001465,0.991664
21.736000,-0.314362,0.008440,1.101446,0.003203,-0.000193,-0.009464,-0.000284,0.000007,1.570308,-0.300000,1.000000,1.100000,0.000000,0.000000,-1.571000,0.014362,0.991560,-0.001446,0.991665
21.738000,-0.314355,0.008440,1.101427,0.003197,-0.000193,-0.009467,-0.000284,0.000007,1.570308,-0.300000,1.000000,1.100000,0.000000,0.000000,-1.571000,0.014355,0.991560,-0.001427,0.991665
21.740000,-0.314349,0.008440,1.101408,0.003192,-0.000193,-0.009470,-0.000283,0.000007,1.570308,-0.300000,1.000000,1.100000,0.000000,0.000000,-1.571000,0.014349,0.991560,-0.001408,0.991665
21.742000,-0.314343,0.008439,1.101389,0.003186,-0.000193,-0.009472,-0.000282,0.000007,1.570308,-0.300000,1.000000,1.100000,0.000000,0.000000,-1.571000,0.014343,0.991561,-0.001389,0.991665
21.744000,-0.314336,0.008439,1.101370,0.003181,-0.000193,-0.009475,-0.000281,0.000007,1.570308,-0.300000,1.000000,1.100000,0.000000,0.000000,-1.571000,0.014336,0.991561,-0.001370,0.991666
21.746000,-0.314330,0.008438,1.101351,0.003175,-0.000193,-0.009477,-0.000279,0.000007,1.570308,-0.300000,1.000000,1.100000,0.000000,0.000000,-1.571000,0.014330,0.991562,-0.001351,0.991666
21.748000,-0.314323,0.008438,1.101332,0.003170,-0.000193,-0.009479,-0.000278,0.000007,1.570308,-0.300000,1.000000,1.100000,0.000000,0.000000,-1.571000,0.014323,0.991562,-0.001332,0.991666
21.750000,-0.314317,0.008438,1.101313,0.003164,-0.000192,-0.009480,-0.000276,0.000007,1.570308,-0.300000,1.000000,1.100000,0.000000,0.000000,-1.571000,0.014317,0.991562,-0.001313,0.991667
21.752000,-0.314311,0.008437,1.101294,0.003159,-0.000192,-0.009482,-0.000274,0.000006,1.570308,-0.300000,1.000000,1.100000,0.000000,0.000000,-1.571000,0.014311,0.991563,-0.001294,0.991667
21.754000,-0.314305,0.008437,1.101276,0.003154,-0.000192,-0.009484,-0.000271,0.000006,1.570308,-0.300000,1.000000,1.100000,0.000000,0.000000,-1.571000,0.014305,0.991563,-0.001276,0.991667
21.756000,-0.314298,0.008437,1.101257,0.003148,-0.000192,-0.009485,-0.000268,0.000006,1.570308,-0.300000,1.000000,1.100000,0.000000,0.000000,-1.571000,0.014298,0.991563,-0.001257,0.991667
21.758000,-0.314292,0.008436,1.101238,0.003143,-0.000192,-0.009486,-0.000266,0.000006,1.570308,-0.300000,1.000000,1.100000,0.000000,0.000000,-1.571000,0.014292,0.991564,-0.001238,0.991668
21.760000,-0.314286,0.008436,1.101219,0.003138,-0.000192,-0.009487,-0.000262,0.000005,1.570308,-0.300000,1.000000,1.100000,0.000000,0.000000,-1.571000,0.014286,0.991564,-0.001219,0.991668
21.762000,-0.314279,0.008435,1.101200,0.003133,-0.000192,-0.009489,-0.000259,0.000005,1.570308,-0.300000,1.000000,1.100000,0.000000,0.000000,-1.571000,0.014279,0.991565,-0.001200,0.991668
21.764000,-0.314273,0.008435,1.101181,0.003128,-0.000192,-0.009490,-0.000255,0.000005,1.570308,-0.300000,1.000000,1.100000,0.000000,0.000000,-1.571000,0.014273,0.991565,-0.001181,0.991668
21.766000,-0.314267,0.008435,1.101162,0.003123,-0.000192,-0.009491,-0.000251,0.000004,1.570308,-0.300000,1.000000,1.100000,0.000000,0.000000,-1.571000,0.014267,0.991565,-0.001162,0.991669
21.768000,-0.314261,0.008434,1.101143,0.003118,-0.000191,-0.009491,-0.000247,0.000004,1.570308,-0.300000,1.000000,1.100000,0.000000,0.000000,-1.571000,0.014261,0.991566,-0.001143,0.991669
21.770000,-0.314254,0.008434,1.101124,0.003113,-0.000191,-0.009492,-0.000243,0.000003,1.570308,-0.300000,1.000000,1.100000,0.000000,0.000000,-1.571000,0.014254,0.991566,-0.001124,0.991669
21.772000,-0.314248,0.008433,1.101105,0.003108,-0.000191,-0.009493,-0.000239,0.000003,1.570308,-0.300000,1.000000,1.100000,0.000000,0.000000,-1.571000,0.014248,0.991567,-0.001105,0.991670
21.774000,-0.314242,0.008433,1.101086,0.003104,-0.000191,-0.009494,-0.000234,0.000002,1.570308,-0.300000,1.000000,1.100000,0.000000,0.000000,-1.571000,0.014242,0.991567,-0.001086,0.991670
21.776000,-0.314236,0.008433,1.101067,0.003099,-0.000191,-0.009494,-0.000229,0.000002,1.570308,-0.300000,1.000000,1.100000,0.000000,0.000000,-1.571000,0.014236,0.991567,-0.001067,0.991670
21.778000,-0.314230,0.008432,1.101048,0.003095,-0.000191,-0.009495,-0.000224,0.000001,1.570308,-0.300000,1.000000,1.100000,0.000000,0.000000,-1.571000,0.014230,0.991568,-0.001048,0.991670
21.780000,-0.314223,0.008432,1.101029,0.003090,-0.000191,-0.009496,-0.000219,0.000001,1.570308,-0.300000,1.000000,1.100000,0.000000,0.000000,-1.571000,0.014223,0.991568,-0.001029,0.991671
21.782000,-0.314217,0.008432,1.101010,0.003086,-0.000191,-0.009496,-0.000214,0.000000,1.570308,-0.300000,1.000000,1.100000,0.000000,0.000000,-1.571000,0.014217,0.991568,-0.001010,0.991671
21.784000,-0.314211,0.008431,1.100991,0.003082,-0.000191,-0.009497,-0.000209,-0.000000,1.570308,-0.300000,1.000000,1.100000,0.000000,0.000000,-1.571000,0.014211,0.991569,-0.000991,0.991671
21.786000,-0.314205,0.008431,1.100972,0.003078,-0.000191,-0.009497,-0.000204,-0.000001,1.570308,-0.300000,1.000000,1.100000,0.000000,0.000000,-1.571000,0.014205,0.991569,-0.000972,0.991671
21.788000,-0.314199,0.008430,1.100953,0.003074,-0.000191,-0.009498,-0.000199,-0.000001,1.570308,-0.300000,1.000000,1.100000,0.000000,0.000000,-1.571000,0.014199,0.991570,-0.000953,0.991672
21.790000,-0.314193,0.008430,1.100934,0.003070,-0.000191,-0.009498,-0.000193,-0.000002,1.570308,-0.300000,1.000000,1.100000,0.000000,0.000000,-1.571000,0.014193,0.991570,-0.000934,0.991672
21.792000,-0.314186,0.008430,1.100915,0.003066,-0.000191,-0.009498,-0.000188,-0.000002,1.570308,-0.300000,1.000000,1.100000,0.000000,0.000000,-1.571000,0.014186,0.991570,-0.000915,0.991672
21.794000,-0.314180,0.008429,1.100896,0.003062,-0.000191,-0.009499,-0.000182,-0.000003,1.570308,-0.300000,1.000000,1.100000,0.000000,0.000000,-1.571000,0.014180,0.991571,-0.000896,0.991673
21.796000,-0.314174,0.008429,1.100877,0.003059,-0.000191,-0.009499,-0.000177,-0.000003,1.570308,-0.300000,1.000000,1.100000,0.000000,0.000000,-1.571000,0.014174,0.991571,-0.000877,0.991673
21.798000,-0.314168,0.008428,1.100858,0.003055,-0.000191,-0.009500,-0.000171,-0.000004,1.570308,-0.300000,1.000000,1.100000,0.000000,0.000000,-1.571000,0.014168,0.991572,-0.000858,0.991673
21.800000,-0.314162,0.008428,1.100839,0.003052,-0.000191,-0.009500,-0.000165,-0.000004,1.570308,-0.300000,1.000000,1.100000,0.000000,0.000000,-1.571000,0.014162,0.991572,-0.000839,0.991673
21.802000,-0.314156,0.008428,1.100820,0.003049,-0.000191,-0.009500,-0.000160,-0.000004,1.570308,-0.300000,1.000000,1.100000,0.000000,0.000000,-1.571000,0.014156,0.991572,-0.000820,0.991674
21.804000,-0.314150,0.008427,1.100801,0.003046,-0.000192,-0.009501,-0.000154,-0.000005,1.570308,-0.300000,1.000000,1.100000,0.000000,0.000000,-1.571000,0.014150,0.991573,-0.000801,0.991674
21.806000,-0.314144,0.008427,1.100782,0.003043,-0.000192,-0.009501,-0.000148,-0.000005,1.570308,-0.300000,1.000000,1.100000,0.000000,0.000000,-1.571000,0.014144,0.991573,-0.000782,0.991674
21.808000,-0.314138,0.008427,1.100763,0.003040,-0.000192,-0.009501,-0.000142,-0.000005,1.570308,-0.300000,1.000000,1.100000,0.000000,0.000000,-1.571000,0.014138,0.991573,-0.000763,0.991675
21.810000,-0.314132,0.008426,1.100744,0.003037,-0.000192,-0.009502,-0.000136,-0.000005,1.570308,-0.300000,1.000000,1.100000,0.000000,0.000000,-1.571000,0.014132,0.991574,-0.000744,0.991675
21.812000,-0.314126,0.008426,1.100725,0.003035,-0.000192,-0.009502,-0.000130,-0.000006,1.570308,-0.300000,1.000000,1.100000,0.000000,0.000000,-1.571000,0.014126,0.991574,-0.000725,0.991675
21.814000,-0.314119,0.008425,1.100706,0.003032,-0.000192,-0.009502,-0.000125,-0.000006,1.570309,-0.300000,1.000000,1.100000,0.000000,0.000000,-1.571000,0.014119,0.991575,-0.000706,0.991675
21.816000,-0.314113,0.008425,1.100687,0.003030,-0.000192,-0.009502,-0.000119,-0.000006,1.570309,-0.300000,1.000000,1.100000,0.000000,0.000000,-1.571000,0.014113,0.991575,-0.000687,0.991676
21.818000,-0.314107,0.008425,1.100668,0.003027,-0.000192,-0.009503,-0.000113,-0.000006,1.570309,-0.300000,1.000000,1.100000,0.000000,0.000000,-1.571000,0.014107,0.991575,-0.000668,0.991676
21.820000,-0.314101,0.008424,1.100649,0.003025,-0.000192,-0.009503,-0.000107,-0.000006,1.570309,-0.300000,1.000000,1.100000,0.000000,0.000000,-1.571000,0.014101,0.991576,-0.000649,0.991676
21.822000,-0.314095,0.008424,1.100630,0.003023,-0.000193,-0.009503,-0.000101,-0.000006,1.570309,-0.300000,1.000000,1.100000,0.000000,0.000000,-1.571000,0.014095,0.991576,-0.000630,0.991677
21.824000,-0.314089,0.008423,1.100611,0.003021,-0.000193,-0.009504,-0.000095,-0.000006,1.570309,-0.300000,1.000000,1.100000,0.000000,0.000000,-1.571000,0.014089,0.991577,-0.000611,0.991677
21.826000,-0.314083,0.008423,1.100592,0.003019,-0.000193,-0.009504,-0.000089,-0.000006,1.570309,-0.300000,1.000000,1.100000,0.000000,0.000000,-1.571000,0.014083,0.991577,-0.000592,0.991677
21.828000,-0.314077,0.008423,1.100573,0.003018,-0.000193,-0.009504,-0.000083,-0.000006,1.570309,-0.300000,1.000000,1.100000,0.000000,0.000000,-1.571000,0.014077,0.991577,-0.000573,0.991677
21.830000,-0.314071,0.008422,1.100554,0.003016,-0.000193,-0.009504,-0.000078,-0.000006,1.570309,-0.300000,1.000000,1.100000,0.000000,0.000000,-1.571000,0.014071,0.991578,-0.000554,0.991678
21.832000,-0.314065,0.008422,1.100535,0.003014,-0.000193,-0.009505,-0.000072,-0.000005,1.570309,-0.300000,1.000000,1.100000,0.000000,0.000000,-1.571000,0.014065,0.991578,-0.000535,0.991678
21.834000,-0.314059,0.008422,1.100516,0.003013,-0.000193,-0.009505,-0.000066,-0.000005,1.570309,-0.300000,1.000000,1.100000,0.000000,0.000000,-1.571000,0.014059,0.991578,-0.000516,0.991678
21.836000,-0.314053,0.008421,1.100497,0.003012,-0.000193,-0.009505,-0.000060,-0.000005,1.570309,-0.300000,1.000000,1.100000,0.000000,0.000000,-1.571000,0.014053,0.991579,-0.000497,0.991679
21.838000,-0.314047,0.008421,1.100478,0.003011,-0.000193,-0.009505,-0.000055,-0.000005,1.570309,-0.300000,1.000000,1.100000,0.000000,0.000000,-1.571000,0.014047,0.991579,-0.000478,0.991679
21.840000,-0.314041,0.008420,1.100459,0.003010,-0.000193,-0.009506,-0.000049,-0.000005,1.570309,-0.300000,1.000000,1.100000,0.000000,0.000000,-1.571000,0.014041,0.991580,-0.000459,0.991679
21.842000,-0.314035,0.008420,1.100440,0.003009,-0.000194,-0.009506,-0.000044,-0.000005,1.570309,-0.300000,1.000000,1.100000,0.000000,0.000000,-1.571000,0.014035,0.991580,-0.000440,0.991679
21.844000,-0.314029,0.008420,1.100421,0.003008,-0.000194,-0.009506,-0.000038,-0.000005,1.570309,-0.300000,1.000000,1.100000,0.000000,0.000000,-1.571000,0.014029,0.991580,-0.000421,0.991680
21.846000,-0.314023,0.008419,1.100402,0.003007,-0.000194,-0.009506,-0.000033,-0.000004,1.570309,-0.300000,1.000000,1.100000,0.000000,0.000000,-1.571000,0.014023,0.991581,-0.000402,0.991680
21.848000,-0.314017,0.008419,1.100383,0.003007,-0.000194,-0.009507,-0.000028,-0.000004,1.570309,-0.300000,1.000000,1.100000,0.000000,0.000000,-1.571000,0.014017,0.991581,-0.000383,0.991680
21.850000,-0.314011,0.008418,1.100364,0.003006,-0.000194,-0.009507,-0.000023,-0.000004,1.570309,-0.300000,1.000000,1.100000,0.000000,0.000000,-1.571000,0.014011,0.991582,-0.000364,0.991681
21.852000,-0.314005,0.008418,1.100345,0.003006,-0.000194,-0.009507,-0.000018,-0.000004,1.570309,-0.300000,1.000000,1.100000,0.000000,0.000000,-1.571000,0.014005,0.991582,-0.000345,0.991681
21.854000,-0.313999,0.008418,1.100326,0.003005,-0.000194,-0.009507,-0.000013,-0.000004,1.570309,-0.300000,1.000000,1.100000,0.000000,0.000000,-1.571000,0.013999,0.991582,-0.000326,0.991681
21.856000,-0.313993,0.008417,1.100307,0.003005,-0.000194,-0.009508,-0.000008,-0.000004,1.570309,-0.300000,1.000000,1.100000,0.000000,0.000000,-1.571000,0.013993,0.991583,-0.000307,0.991681
21.858000,-0.313987,0.008417,1.100288,0.003005,-0.000194,-0.009508,-0.000004,-0.000004,1.570309,-0.300000,1.000000,1.100000,0.000000,0.000000,-1.571000,0.013987,0.991583,-0.000288,0.991682
21.860000,-0.313981,0.008417,1.100269,0.003005,-0.000194,-0.009508,0.000000,-0.000003,1.570309,-0.300000,1.000000,1.100000,0.000000,0.000000,-1.571000,0.013981,0.991583,-0.000269,0.991682
21.862000,-0.313975,0.008416,1.100250,0.003005,-0.000194,-0.009508,0.000004,-0.000003,1.570309,-0.300000,1.000000,1.100000,0.000000,0.000000,-1.571000,0.013975,0.991584,-0.000250,0.991682
21.864000,-0.313969,0.008416,1.100230,0.003005,-0.000194,-0.009508,0.000008,-0.000003,1.570309,-0.300000,1.000000,1.100000,0.000000,0.000000,-1.571000,0.013969,0.991584,-0.000230,0.991683
21.866000,-0.313963,0.008415,1.100211,0.003005,-0.000194,-0.009509,0.000012,-0.000003,1.570309,-0.300000,1.000000,1.100000,0.000000,0.000000,-1.571000,0.013963,0.991585,-0.000211,0.991683
21.868000,-0.313957,0.008415,1.100192,0.003005,-0.000195,-0.009509,0.000015,-0.000003,1.570309,-0.300000,1.000000,1.100000,0.000000,0.000000,-1.571000,0.013957,0.991585,-0.000192,0.991683
21.870000,-0.313951,0.008415,1.100173,0.003006,-0.000195,-0.009509,0.000019,-0.000003,1.570309,-0.300000,1.000000,1.100000,0.000000,0.000000,-1.571000,0.013951,0.991585,-0.000173,0.991684
21.872000,-0.313945,0.008414,1.100154,0.003006,-0.000195,-0.009509,0.000022,-0.000003,1.570309,-0.300000,1.000000,1.100000,0.000000,0.000000,-1.571000,0.013945,0.991586,-0.000154,0.991684
21.874000,-0.313939,0.008414,1.100135,0.003007,-0.000195,-0.009510,0.000025,-0.000002,1.570309,-0.300000,1.000000,1.100000,0.000000,0.000000,-1.571000,0.013939,0.991586,-0.000135,0.991684
21.876000,-0.313933,0.008413,1.100116,0.003007,-0.000195,-0.009510,0.000028,-0.000002,1.570309,-0.300000,1.000000,1.100000,0.000000,0.000000,-1.571000,0.013933,0.991587,-0.000116,0.991684
21.878000,-0.313927,0.008413,1.100097,0.003008,-0.000195,-0.009510,0.000030,-0.000002,1.570309,-0.300000,1.000000,1.100000,0.000000,0.000000,-1.571000,0.013927,0.991587,-0.000097,0.991685
21.880000,-0.313921,0.008413,1.100078,0.003008,-0.000195,-0.009510,0.000033,-0.000002,1.570309,-0.300000,1.000000,1.100000,0.000000,0.000000,-1.571000,0.013921,0.991587,-0.000078,0.991685
21.882000,-0.313915,0.008412,1.100059,0.003009,-0.000195,-0.009510,0.000035,-0.000002,1.570309,-0.300000,1.000000,1.100000,0.000000,0.000000,-1.571000,0.013915,0.991588,-0.000059,0.991685
21.884000,-0.313909,0.008412,1.100040,0.003010,-0.000195,-0.009511,0.000038,-0.000001,1.570309,-0.300000,1.000000,1.100000,0.000000,0.000000,-1.571000,0.013909,0.991588,-0.000040,0.991686
21.886000,-0.313903,0.008411,1.100021,0.003010,-0.000195,-0.009511,0.000040,-0.000001,1.570309,-0.300000,1.000000,1.100000,0.000000,0.000000,-1.571000,0.013903,0.991589,-0.000021,0.991686
21.888000,-0.313897,0.008411,1.100002,0.003011,-0.000195,-0.009511,0.000042,-0.000001,1.570309,-0.300000,1.000000,1.100000,0.000000,0.000000,-1.571000,0.013897,0.991589,-0.000002,0.991686
21.890000,-0.313891,0.008411,1.099983,0.003012,-0.000195,-0.009511,0.000045,-0.000001,1.570309,-0.300000,1.000000,1.100000,0.000000,0.000000,-1.571000,0.013891,0.991589,0.000017,0.991687
21.892000,-0.313885,0.008410,1.099964,0.003013,-0.000195,-0.009512,0.000047,-0.000000,1.570309,-0.300000,1.000000,1.100000,0.000000,0.000000,-1.571000,0.013885,0.991590,0.000036,0.991687
21.894000,-0.313879,0.008410,1.099945,0.003014,-0.000195,-0.009512,0.000049,0.000000,1.570309,-0.300000,1.000000,1.100000,0.000000,0.000000,-1.571000,0.013879,0.991590,0.000055,0.991687
21.896000,-0.313873,0.008410,1.099926,0.003015,-0.000195,-0.009512,0.000051,0.000001,1.570309,-0.300000,1.000000,1.100000,0.000000,0.000000,-1.571000,0.013873,0.991590,0.000074,0.991688
21.898000,-0.313867,0.008409,1.099907,0.003016,-0.000195,-0.009512,0.000053,0.000001,1.570309,-0.300000,1.000000,1.100000,0.000000,0.000000,-1.571000,0.013867,0.991591,0.000093,0.991688
21.900000,-0.313860,0.008409,1.099888,0.003017,-0.000195,-0.009512,0.000055,0.000002,1.570309,-0.300000,1.000000,1.100000,0.000000,0.000000,-1.571000,0.013860,0.991591,0.000112,0.991688
21.902000,-0.313854,0.008408,1.099869,0.003018,-0.000195,-0.009513,0.000056,0.000002,1.570309,-0.300000,1.000000,1.100000,0.000000,0.000000,-1.571000,0.013854,0.991592,0.000131,0.991688
21.904000,-0.313848,0.008408,1.099850,0.003019,-0.000195,-0.009513,0.000058,0.000003,1.570309,-0.300000,1.000000,1.100000,0.000000,0.000000,-1.571000,0.013848,0.991592,0.000150,0.991689
21.906000,-0.313842,0.008408,1.099831,0.003020,-0.000195,-0.009513,0.000060,0.000003,1.570309,-0.300000,1.000000,1.100000,0.000000,0.000000,-1.571000,0.013842,0.991592,0.000169,0.991689
21.908000,-0.313836,0.008407,1.099812,0.003021,-0.000195,-0.009513,0.000062,0.000004,1.570309,-0.300000,1.000000,1.100000,0.000000,0.000000,-1.571000,0.013836,0.991593,0.000188,0.991689
21.910000,-0.313830,0.008407,1.099793,0.003023,-0.000195,-0.009514,0.000064,0.000004,1.570309,-0.300000,1.000000,1.100000,0.000000,0.000000,-1.571000,0.013830,0.991593,0.000207,0.991690
21.912000,-0.313824,0.008406,1.099774,0.003024,-0.000195,-0.009514,0.000065,0.000005,1.570309,-0.300000,1.000000,1.100000,0.000000,0.000000,-1.571000,0.013824,0.991594,0.000226,0.991690
21.914000,-0.313818,0.008406,1.099755,0.003025,-0.000194,-0.009514,0.000067,0.000005,1.570309,-0.300000,1.000000,1.100000,0.000000,0.000000,-1.571000,0.013818,0.991594,0.000245,0.991690
21.916000,-0.313812,0.008406,1.099736,0.003026,-0.000194,-0.009514,0.000069,0.000005,1.570309,-0.300000,1.000000,1.100000,0.000000,0.000000,-1.571000,0.013812,0.991594,0.000264,0.991691
21.918000,-0.313806,0.008405,1.099717,0.003028,-0.000194,-0.009515,0.000070,0.000006,1.570309,-0.300000,1.000000,1.100000,0.000000,0.000000,-1.571000,0.013806,0.991595,0.000283,0.991691
21.920000,-0.313800,0.008405,1.099698,0.003029,-0.000194,-0.009515,0.000072,0.000006,1.570309,-0.300000,1.000000,1.100000,0.000000,0.000000,-1.571000,0.013800,0.991595,0.000302,0.991691
21.922000,-0.313794,0.008404,1.099679,0.003031,-0.000194,-0.009515,0.000074,0.000006,1.570309,-0.300000,1.000000,1.100000,0.000000,0.000000,-1.571000,0.013794,0.991596,0.000321,0.991692
21.924000,-0.313788,0.008404,1.099660,0.003032,-0.000194,-0.009515,0.000075,0.000007,1.570309,-0.300000,1.000000,1.100000,0.000000,0.000000,-1.571000,0.013788,0.991596,0.000340,0.991692
21.926000,-0.313782,0.008404,1.099641,0.003033,-0.000194,-0.009515,0.000077,0.000007,1.570309,-0.300000,1.000000,1.100000,0.000000,0.000000,-1.571000,0.013782,0.991596,0.000359,0.991692
21.928000,-0.313776,0.008403,1.099622,0.003035,-0.000194,-0.009516,0.000079,0.000007,1.570309,-0.300000,1.000000,1.100000,0.000000,0.000000,-1.571000,0.013776,0.991597,0.000378,0.991692
21.930000,-0.313770,0.008403,1.099603,0.003037,-0.000194,-0.009516,0.000080,0.000007,1.570309,-0.300000,1.000000,1.100000,0.000000,0.000000,-1.571000,0.013770,0.991597,0.000397,0.991693
21.932000,-0.313764,0.008403,1.099584,0.003038,-0.000193,-0.009516,0.000082,0.000007,1.570309,-0.300000,1.000000,1.100000,0.000000,0.000000,-1.571000,0.013764,0.991597,0.000416,0.991693
21.934000,-0.313758,0.008402,1.099565,0.003040,-0.000193,-0.009516,0.000084,0.000007,1.570309,-0.300000,1.000000,1.100000,0.000000,0.000000,-1.571000,0.013758,0.991598,0.000435,0.991693
21.936000,-0.313751,0.008402,1.099546,0.003041,-0.000193,-0.009517,0.000085,0.000007,1.570309,-0.300000,1.000000,1.100000,0.000000,0.000000,-1.571000,0.013751,0.991598,0.000454,0.991694
21.938000,-0.313745,0.008401,1.099527,0.003043,-0.000193,-0.009517,0.000087,0.000007,1.570309,-0.300000,1.000000,1.100000,0.000000,0.000000,-1.571000,0.013745,0.991599,0.000473,0.991694
21.940000,-0.313739,0.008401,1.099508,0.003045,-0.000193,-0.009517,0.000089,0.000006,1.570310,-0.300000,1.000000,1.100000,0.000000,0.000000,-1.571000,0.013739,0.991599,0.000492,0.991694
21.942000,-0.313733,0.008401,1.099488,0.003047,-0.000193,-0.009517,0.000091,0.000006,1.570310,-0.300000,1.000000,1.100000,0.000000,0.000000,-1.571000,0.013733,0.991599,0.000512,0.991695
21.944000,-0.313727,0.008400,1.099469,0.003048,-0.000193,-0.009518,0.000093,0.000006,1.570310,-0.300000,1.000000,1.100000,0.000000,0.000000,-1.571000,0.013727,0.991600,0.000531,0.991695
21.946000,-0.313721,0.008400,1.099450,0.003050,-0.000192,-0.009518,0.000095,0.000006,1.570310,-0.300000,1.000000,1.100000,0.000000,0.000000,-1.571000,0.013721,0.991600,0.000550,0.991695
21.948000,-0.313715,0.008399,1.099431,0.003052,-0.000192,-0.009518,0.000098,0.000005,1.570310,-0.300000,1.000000,1.100000,0.000000,0.000000,-1.571000,0.013715,0.991601,0.000569,0.991696
21.950000,-0.313709,0.008399,1.099412,0.003054,-0.000192,-0.009518,0.000100,0.000005,1.570310,-0.300000,1.000000,1.100000,0.000000,0.000000,-1.571000,0.013709,0.991601,0.000588,0.991696
21.952000,-0.313703,0.008399,1.099393,0.003056,-0.000192,-0.009519,0.000102,0.000005,1.570310,-0.300000,1.000000,1.100000,0.000000,0.000000,-1.571000,0.013703,0.991601,0.000607,0.991696
21.954000,-0.313697,0.008398,1.099374,0.003058,-0.000192,-0.009519,0.000104,0.000004,1.570310,-0.300000,1.000000,1.100000,0.000000,0.000000,-1.571000,0.013697,0.991602,0.000626,0.991697
21.956000,-0.313690,0.008398,1.099355,0.003057,-0.000192,-0.009510,0.000107,0.000004,1.570310,-0.300000,1.000000,1.100000,0.000000,0.000000,-1.571000,0.013690,0.991602,0.000645,0.991697
21.958000,-0.313684,0.008398,1.099336,0.003059,-0.000192,-0.009510,0.000109,0.000003,1.570310,-0.300000,1.000000,1.100000,0.000000,0.000000,-1.571000,0.013684,0.991602,0.000664,0.991697
21.960000,-0.313678,0.008397,1.099317,0.003061,-0.000192,-0.009511,0.000112,0.000003,1.570310,-0.300000,1.000000,1.100000,0.000000,0.000000,-1.571000,0.013678,0.991603,0.000683,0.991697
21.962000,-0.313672,0.008397,1.099298,0.003064,-0.000192,-0.009511,0.000114,0.000003,1.570310,-0.300000,1.000000,1.100000,0.000000,0.000000,-1.571000,0.013672,0.991603,0.000702,0.991698
21.964000,-0.313666,0.008396,1.099279,0.003066,-0.000192,-0.009511,0.000117,0.000002,1.570310,-0.300000,1.000000,1.100000,0.000000,0.000000,-1.571000,0.013666,0.991604,0.000721,0.991698
21.966000,-0.313660,0.008396,1.099260,0.003068,-0.000192,-0.009511,0.000119,0.000002,1.570310,-0.300000,1.000000,1.100000,0.000000,0.000000,-1.571000,0.013660,0.991604,0.000740,0.991698
21.968000,-0.313654,0.008396,1.099241,0.003071,-0.000192,-0.009512,0.000122,0.000002,1.570310,-0.300000,1.000000,1.100000,0.000000,0.000000,-1.571000,0.013654,0.991604,0.000759,0.991699
21.970000,-0.313648,0.008395,1.099222,0.003073,-0.000191,-0.009512,0.000124,0.000002,1.570310,-0.300000,1.000000,1.100000,0.000000,0.000000,-1.571000,0.013648,0.991605,0.000778,0.991699
21.972000,-0.313641,0.008395,1.099203,0.003075,-0.000191,-0.009512,0.000127,0.000001,1.570310,-0.300000,1.000000,1.100000,0.000000,0.000000,-1.571000,0.013641,0.991605,0.000797,0.991699
21.974000,-0.313635,0.008394,1.099184,0.003075,-0.000191,-0.009504,0.000129,0.000001,1.570310,-0.300000,1.000000,1.100000,0.000000,0.000000,-1.571000,0.013635,0.991606,0.000816,0.991700
21.976000,-0.313629,0.008394,1.099165,0.003078,-0.000191,-0.009506,0.000132,0.000001,1.570310,-0.300000,1.000000,1.100000,0.000000,0.000000,-1.571000,0.013629,0.991606,0.000835,0.991700
21.978000,-0.313623,0.008394,1.099146,0.003080,-0.000191,-0.009507,0.000135,0.000001,1.570310,-0.300000,1.000000,1.100000,0.000000,0.000000,-1.571000,0.013623,0.991606,0.000854,0.991700
21.980000,-0.313617,0.008393,1.099127,0.003083,-0.000191,-0.009508,0.000137,0.000001,1.570310,-0.300000,1.000000,1.100000,0.000000,0.000000,-1.571000,0.013617,0.991607,0.000873,0.991701
21.982000,-0.313611,0.008393,1.099108,0.003086,-0.000191,-0.009510,0.000140,0.000001,1.570310,-0.300000,1.000000,1.100000,0.000000,0.000000,-1.571000,0.013611,0.991607,0.000892,0.991701
21.984000,-0.313604,0.008393,1.099089,0.003085,-0.000191,-0.009503,0.000142,0.000001,1.570310,-0.300000,1.000000,1.100000,0.000000,0.000000,-1.571000,0.013604,0.991607,0.000911,0.991701
21.986000,-0.313598,0.008392,1.099070,0.003088,-0.000191,-0.009505,0.000145,0.000001,1.570310,-0.300000,1.000000,1.100000,0.000000,0.000000,-1.571000,0.013598,0.991608,0.000930,0.991702
21.988000,-0.313592,0.008392,1.099051,0.003091,-0.000191,-0.009507,0.000148,0.000001,1.570310,-0.300000,1.000000,1.100000,0.000000,0.000000,-1.571000,0.013592,0.991608,0.000949,0.991702
21.990000,-0.313586,0.008391,1.099032,0.003091,-0.000191,-0.009500,0.000150,0.000001,1.570310,-0.300000,1.000000,1.100000,0.000000,0.000000,-1.571000,0.013586,0.991609,0.000968,0.991702
21.992000,-0.313580,0.008391,1.099013,0.003094,-0.000191,-0.009503,0.000153,0.000001,1.570310,-0.300000,1.000000,1.100000,0.000000,0.000000,-1.571000,0.013580,0.991609,0.000987,0.991702
21.994000,-0.313573,0.008391,1.098994,0.003097,-0.000191,-0.009505,0.000156,0.000002,1.570310,-0.300000,1.000000,1.100000,0.000000,0.000000,-1.571000,0.013573,0.991609,0.001006,0.991703
21.996000,-0.313567,0.008390,1.098975,0.003097,-0.000190,-0.009499,0.000158,0.000002,1.570310,-0.300000,1.000000,1.100000,0.000000,0.000000,-1.571000,0.013567,0.991610,0.001025,0.991703
21.998000,-0.313561,0.008390,1.098956,0.003100,-0.000190,-0.009501,0.000161,0.000002,1.570310,-0.300000,1.000000,1.100000,0.000000,0.000000,-1.571000,0.013561,0.991610,0.001044,0.991703
22.000000,-0.313555,0.008389,1.098937,0.003104,-0.000190,-0.009504,0.000164,0.000003,1.570310,-0.300000,1.000000,1.100000,0.000000,0.000000,-1.571000,0.013555,0.991611,0.001063,0.991704
22.002000,-0.313549,0.008389,1.098918,0.003104,-0.000190,-0.009497,0.000167,0.000003,1.570310,-0.300000,1.000000,1.100000,0.000000,0.000000,-1.571000,0.013549,0.991611,0.001082,0.991704
22.004000,-0.313542,0.008389,1.098899,0.003107,-0.000190,-0.009500,0.000169,0.000003,1.570310,-0.300000,1.000000,1.100000,0.000000,0.000000,-1.571000,0.013542,0.991611,0.001101,0.991704
22.006000,-0.313536,0.008388,1.098880,0.003107,-0.000190,-0.009493,0.000172,0.000004,1.570310,-0.300000,1.000000,1.100000,0.000000,0.000000,-1.571000,0.013536,0.991612,0.001120,0.991705
22.008000,-0.313530,0.008388,1.098861,0.003111,-0.000190,-0.009497,0.000175,0.000004,1.570310,-0.300000,1.000000,1.100000,0.000000,0.000000,-1.571000,0.013530,0.991612,0.001139,0.991705
22.010000,-0.313524,0.008388,1.098842,0.003114,-0.000190,-0.009500,0.000177,0.000004,1.570310,-0.300000,1.000000,1.100000,0.000000,0.000000,-1.571000,0.013524,0.991612,0.001158,0.991705
22.012000,-0.313518,0.008387,1.098823,0.003115,-0.000189,-0.009494,0.000180,0.000005,1.570310,-0.300000,1.000000,1.100000,0.000000,0.000000,-1.571000,0.013518,0.991613,0.001177,0.991706
22.014000,-0.313511,0.008387,1.098804,0.003119,-0.000189,-0.009497,0.000183,0.000005,1.570310,-0.300000,1.000000,1.100000,0.000000,0.000000,-1.571000,0.013511,0.991613,0.001196,0.991706
22.016000,-0.313505,0.008386,1.098785,0.003119,-0.000189,-0.009490,0.000185,0.000005,1.570310,-0.300000,1.000000,1.100000,0.000000,0.000000,-1.571000,0.013505,0.991614,0.001215,0.991706
22.018000,-0.313499,0.008386,1.098766,0.003123,-0.000189,-0.009494,0.000188,0.000005,1.570310,-0.300000,1.000000,1.100000,0.000000,0.000000,-1.571000,0.013499,0.991614,0.001234,0.991707
22.020000,-0.313493,0.008386,1.098747,0.003124,-0.000189,-0.009487,0.000191,0.000005,1.570310,-0.300000,1.000000,1.100000,0.000000,0.000000,-1.571000,0.013493,0.991614,0.001253,0.991707
22.022000,-0.313486,0.008385,1.098728,0.003128,-0.000189,-0.009491,0.000194,0.000006,1.570310,-0.300000,1.000000,1.100000,0.000000,0.000000,-1.571000,0.013486,0.991615,0.001272,0.991707
22.024000,-0.313480,0.008385,1.098709,0.003131,-0.000189,-0.009494,0.000196,0.000006,1.570310,-0.300000,1.000000,1.100000,0.000000,0.000000,-1.571000,0.013480,0.991615,0.001291,0.991708
22.026000,-0.313474,0.008385,1.098690,0.003132,-0.000188,-0.009488,0.000199,0.000006,1.570310,-0.300000,1.000000,1.100000,0.000000,0.000000,-1.571000,0.013474,0.991615,0.001310,0.991708
22.028000,-0.313468,0.008384,1.098671,0.003136,-0.000188,-0.009491,0.000202,0.000006,1.570310,-0.300000,1.000000,1.100000,0.000000,0.000000,-1.571000,0.013468,0.991616,0.001329,0.991708
22.030000,-0.313461,0.008384,1.098652,0.003137,-0.000188,-0.009485,0.000205,0.000006,1.570310,-0.300000,1.000000,1.100000,0.000000,0.000000,-1.571000,0.013461,0.991616,0.001348,0.991708
22.032000,-0.313455,0.008383,1.098633,0.003141,-0.000188,-0.009489,0.000207,0.000006,1.570310,-0.300000,1.000000,1.100000,0.000000,0.000000,-1.571000,0.013455,0.991617,0.001367,0.991709
22.034000,-0.313449,0.008383,1.098614,0.003142,-0.000187,-0.009482,0.000210,0.000005,1.570310,-0.300000,1.000000,1.100000,0.000000,0.000000,-1.571000,0.013449,0.991617,0.001386,0.991709
22.036000,-0.313442,0.008383,1.098595,0.003147,-0.000187,-0.009486,0.000213,0.000005,1.570310,-0.300000,1.000000,1.100000,0.000000,0.000000,-1.571000,0.013442,0.991617,0.001405,0.991709
22.038000,-0.313436,0.008382,1.098576,0.003148,-0.000187,-0.009480,0.000215,0.000005,1.570310,-0.300000,1.000000,1.100000,0.000000,0.000000,-1.571000,0.013436,0.991618,0.001424,0.991710
22.040000,-0.313430,0.008382,1.098557,0.003152,-0.000187,-0.009484,0.000218,0.000005,1.570310,-0.300000,1.000000,1.100000,0.000000,0.000000,-1.571000,0.013430,0.991618,0.001443,0.991710
22.042000,-0.313423,0.008382,1.098538,0.003156,-0.000187,-0.009487,0.000221,0.000004,1.570310,-0.300000,1.000000,1.100000,0.000000,0.000000,-1.571000,0.013423,0.991618,0.001462,0.991710
22.044000,-0.313417,0.008381,1.098519,0.003158,-0.000187,-0.009481,0.000224,0.000004,1.570310,-0.300000,1.000000,1.100000,0.000000,0.000000,-1.571000,0.013417,0.991619,0.001481,0.991711
22.046000,-0.313411,0.008381,1.098500,0.003162,-0.000187,-0.009484,0.000226,0.000004,1.570310,-0.300000,1.000000,1.100000,0.000000,0.000000,-1.571000,0.013411,0.991619,0.001500,0.991711
22.048000,-0.313405,0.008380,1.098481,0.003164,-0.000186,-0.009479,0.000229,0.000004,1.570310,-0.300000,1.000000,1.100000,0.000000,0.000000,-1.571000,0.013405,0.991620,0.001519,0.991711
22.050000,-0.313398,0.008380,1.098462,0.003168,-0.000186,-0.009482,0.000232,0.000003,1.570310,-0.300000,1.000000,1.100000,0.000000,0.000000,-1.571000,0.013398,0.991620,0.001538,0.991712
22.052000,-0.313392,0.008380,1.098443,0.003170,-0.000186,-0.009476,0.000235,0.000003,1.570310,-0.300000,1.000000,1.100000,0.000000,0.000000,-1.571000,0.013392,0.991620,0.001557,0.991712
22.054000,-0.313385,0.008379,1.098424,0.003174,-0.000186,-0.009480,0.000237,0.000003,1.570310,-0.300000,1.000000,1.100000,0.000000,0.000000,-1.571000,0.013385,0.991621,0.001576,0.991712
22.056000,-0.313379,0.008379,1.098405,0.003176,-0.000186,-0.009474,0.000240,0.000003,1.570310,-0.300000,1.000000,1.100000,0.000000,0.000000,-1.571000,0.013379,0.991621,0.001595,0.991713
22.058000,-0.313373,0.008379,1.098387,0.003181,-0.000186,-0.009477,0.000243,0.000002,1.570310,-0.300000,1.000000,1.100000,0.000000,0.000000,-1.571000,0.013373,0.991621,0.001613,0.991713
22.060000,-0.313366,0.008378,1.098368,0.003183,-0.000185,-0.009472,0.000245,0.000002,1.570310,-0.300000,1.000000,1.100000,0.000000,0.000000,-1.571000,0.013366,0.991622,0.001632,0.991713
22.062000,-0.313360,0.008378,1.098349,0.003187,-0.000185,-0.009475,0.000248,0.000002,1.570310,-0.300000,1.000000,1.100000,0.000000,0.000000,-1.571000,0.013360,0.991622,0.001651,0.991714
22.064000,-0.313354,0.008377,1.098330,0.003189,-0.000185,-0.009469,0.000251,0.000002,1.570311,-0.300000,1.000000,1.100000,0.000000,0.000000,-1.571000,0.013354,0.991623,0.001670,0.991714
22.066000,-0.313347,0.008377,1.098311,0.003194,-0.000185,-0.009472,0.000253,0.000002,1.570311,-0.300000,1.000000,1.100000,0.000000,0.000000,-1.571000,0.013347,0.991623,0.001689,0.991714
22.068000,-0.313341,0.008377,1.098292,0.003196,-0.000185,-0.009467,0.000256,0.000001,1.570311,-0.300000,1.000000,1.100000,0.000000,0.000000,-1.571000,0.013341,0.991623,0.001708,0.991714
22.070000,-0.313334,0.008376,1.098273,0.003201,-0.000185,-0.009470,0.000258,0.000001,1.570311,-0.300000,1.000000,1.100000,0.000000,0.000000,-1.571000,0.013334,0.991624,0.001727,0.991715
22.072000,-0.313328,0.008376,1.098254,0.003203,-0.000185,-0.009464,0.000261,0.000001,1.570311,-0.300000,1.000000,1.100000,0.000000,0.000000,-1.571000,0.013328,0.991624,0.001746,0.991715
22.074000,-0.313322,0.008376,1.098235,0.003209,-0.000185,-0.009468,0.000263,0.000001,1.570311,-0.300000,1.000000,1.100000,0.000000,0.000000,-1.571000,0.013322,0.991624,0.001765,0.991715
22.076000,-0.313315,0.008375,1.098216,0.003211,-0.000185,-0.009462,0.000266,0.000001,1.570311,-0.300000,1.000000,1.100000,0.000000,0.000000,-1.571000,0.013315,0.991625,0.001784,0.991716
22.078000,-0.313309,0.008375,1.098197,0.003216,-0.000185,-0.009465,0.000268,0.000000,1.570311,-0.300000,1.000000,1.100000,0.000000,0.000000,-1.571000,0.013309,0.991625,0.001803,0.991716
22.080000,-0.313302,0.008375,1.098178,0.003218,-0.000184,-0.009460,0.000270,0.000000,1.570311,-0.300000,1.000000,1.100000,0.000000,0.000000,-1.571000,0.013302,0.991625,0.001822,0.991716
22.082000,-0.313296,0.008374,1.098159,0.003224,-0.000184,-0.009463,0.000273,0.000000,1.570311,-0.300000,1.000000,1.100000,0.000000,0.000000,-1.571000,0.013296,0.991626,0.001841,0.991717
22.084000,-0.313289,0.008374,1.098140,0.003226,-0.000184,-0.009457,0.000275,-0.000000,1.570311,-0.300000,1.000000,1.100000,0.000000,0.000000,-1.571000,0.013289,0.991626,0.001860,0.991717
22.086000,-0.313283,0.008373,1.098121,0.003231,-0.000184,-0.009461,0.000277,-0.000000,1.570311,-0.300000,1.000000,1.100000,0.000000,0.000000,-1.571000,0.013283,0.991627,0.001879,0.991717
22.088000,-0.313277,0.008373,1.098102,0.003234,-0.000184,-0.009455,0.000279,-0.000001,1.570311,-0.300000,1.000000,1.100000,0.000000,0.000000,-1.571000,0.013277,0.991627,0.001898,0.991718
22.090000,-0.313270,0.008373,1.098084,0.003239,-0.000184,-0.009458,0.000281,-0.000001,1.570311,-0.300000,1.000000,1.100000,0.000000,0.000000,-1.571000,0.013270,0.991627,0.001916,0.991718
22.092000,-0.313264,0.008372,1.098065,0.003242,-0.000184,-0.009453,0.000282,-0.000001,1.570311,-0.300000,1.000000,1.100000,0.000000,0.000000,-1.571000,0.013264,0.991628,0.001935,0.991718
22.094000,-0.313257,0.008372,1.098046,0.003247,-0.000184,-0.009456,0.000284,-0.000001,1.570311,-0.300000,1.000000,1.100000,0.000000,0.000000,-1.571000,0.013257,0.991628,0.001954,0.991719
22.096000,-0.313251,0.008372,1.098027,0.003250,-0.000184,-0.009451,0.000286,-0.000001,1.570311,-0.300000,1.000000,1.100000,0.000000,0.000000,-1.571000,0.013251,0.991628,0.001973,0.991719
22.098000,-0.313244,0.008371,1.098008,0.003252,-0.000184,-0.009444,0.000287,-0.000002,1.570311,-0.300000,1.000000,1.100000,0.000000,0.000000,-1.571000,0.013244,0.991629,0.001992,0.991719
22.100000,-0.313238,0.008371,1.097989,0.003258,-0.000184,-0.009448,0.000289,-0.000002,1.570311,-0.300000,1.000000,1.100000,0.000000,0.000000,-1.571000,0.013238,0.991629,0.002011,0.991720
22.102000,-0.313231,0.008370,1.097970,0.003260,-0.000184,-0.009442,0.000290,-0.000002,1.570311,-0.300000,1.000000,1.100000,0.000000,0.000000,-1.571000,0.013231,0.991630,0.002030,0.991720
22.104000,-0.313225,0.008370,1.097951,0.003266,-0.000184,-0.009446,0.000292,-0.000002,1.570311,-0.300000,1.000000,1.100000,0.000000,0.000000,-1.571000,0.013225,0.991630,0.002049,0.991720
22.106000,-0.313218,0.008370,1.097932,0.003269,-0.000184,-0.009440,0.000293,-0.000003,1.570311,-0.300000,1.000000,1.100000,0.000000,0.000000,-1.571000,0.013218,0.991630,0.002068,0.991721
22.108000,-0.313211,0.008369,1.097913,0.003275,-0.000184,-0.009444,0.000294,-0.000003,1.570311,-0.300000,1.000000,1.100000,0.000000,0.000000,-1.571000,0.013211,0.991631,0.002087,0.991721
22.110000,-0.313205,0.008369,1.097895,0.003277,-0.000183,-0.009437,0.000295,-0.000003,1.570311,-0.300000,1.000000,1.100000,0.000000,0.000000,-1.571000,0.013205,0.991631,0.002105,0.991721
22.112000,-0.313198,0.008369,1.097876,0.003283,-0.000184,-0.009441,0.000296,-0.000003,1.570310,-0.300000,1.000000,1.100000,0.000000,0.000000,-1.571000,0.013198,0.991631,0.002124,0.991721
22.114000,-0.313192,0.008368,1.097857,0.003286,-0.000183,-0.009436,0.000297,-0.000004,1.570310,-0.300000,1.000000,1.100000,0.000000,0.000000,-1.571000,0.013192,0.991632,0.002143,0.991722
22.116000,-0.313185,0.008368,1.097838,0.003292,-0.000184,-0.009439,0.000297,-0.000004,1.570310,-0.300000,1.000000,1.100000,0.000000,0.000000,-1.571000,0.013185,0.991632,0.002162,0.991722
22.118000,-0.313179,0.008368,1.097819,0.003295,-0.000183,-0.009434,0.000297,-0.000004,1.570310,-0.300000,1.000000,1.100000,0.000000,0.000000,-1.571000,0.013179,0.991632,0.002181,0.991722
22.120000,-0.313172,0.008367,1.097800,0.003301,-0.000184,-0.009437,0.000298,-0.000005,1.570310,-0.300000,1.000000,1.100000,0.000000,0.000000,-1.571000,0.013172,0.991633,0.002200,0.991723
22.122000,-0.313165,0.008367,1.097781,0.003303,-0.000183,-0.009431,0.000297,-0.000005,1.570310,-0.300000,1.000000,1.100000,0.000000,0.000000,-1.571000,0.013165,0.991633,0.002219,0.991723
22.124000,-0.313159,0.008366,1.097762,0.003309,-0.000184,-0.009435,0.000297,-0.000005,1.570310,-0.300000,1.000000,1.100000,0.000000,0.000000,-1.571000,0.013159,0.991634,0.002238,0.991723
22.126000,-0.313152,0.008366,1.097744,0.003312,-0.000183,-0.009429,0.000296,-0.000006,1.570310,-0.300000,1.000000,1.100000,0.000000,0.000000,-1.571000,0.013152,0.991634,0.002256,0.991724
22.128000,-0.313145,0.008366,1.097725,0.003314,-0.000183,-0.009423,0.000295,-0.000006,1.570310,-0.300000,1.000000,1.100000,0.000000,0.000000,-1.571000,0.013145,0.991634,0.002275,0.991724
22.130000,-0.313139,0.008365,1.097706,0.003320,-0.000184,-0.009427,0.000294,-0.000006,1.570310,-0.300000,1.000000,1.100000,0.000000,0.000000,-1.571000,0.013139,0.991635,0.002294,0.991724
22.132000,-0.313132,0.008365,1.097687,0.003323,-0.000183,-0.009421,0.000292,-0.000007,1.570309,-0.300000,1.000000,1.100000,0.000000,0.000000,-1.571000,0.013132,0.991635,0.002313,0.991725
22.134000,-0.313126,0.008365,1.097668,0.003329,-0.000184,-0.009424,0.000290,-0.000007,1.570309,-0.300000,1.000000,1.100000,0.000000,0.000000,-1.571000,0.013126,0.991635,0.002332,0.991725
22.136000,-0.313119,0.008364,1.097649,0.003331,-0.000184,-0.009418,0.000287,-0.000007,1.570309,-0.300000,1.000000,1.100000,0.000000,0.000000,-1.571000,0.013119,0.991636,0.002351,0.991725
22.138000,-0.313112,0.008364,1.097630,0.003337,-0.000184,-0.009422,0.000285,-0.000008,1.570309,-0.300000,1.000000,1.100000,0.000000,0.000000,-1.571000,0.013112,0.991636,0.002370,0.991726
22.140000,-0.313106,0.008363,1.097612,0.003339,-0.000184,-0.009416,0.000282,-0.000008,1.570309,-0.300000,1.000000,1.100000,0.000000,0.000000,-1.571000,0.013106,0.991637,0.002388,0.991726
22.142000,-0.313099,0.008363,1.097593,0.003345,-0.000184,-0.009419,0.000278,-0.000009,1.570309,-0.300000,1.000000,1.100000,0.000000,0.000000,-1.571000,0.013099,0.991637,0.002407,0.991726
22.144000,-0.313092,0.008363,1.097574,0.003347,-0.000184,-0.009411,0.000275,-0.000009,1.570309,-0.300000,1.000000,1.100000,0.000000,0.000000,-1.571000,0.013092,0.991637,0.002426,0.991727
22.146000,-0.313085,0.008362,1.097555,0.003353,-0.000184,-0.009414,0.000271,-0.000010,1.570309,-0.300000,1.000000,1.100000,0.000000,0.000000,-1.571000,0.013085,0.991638,0.002445,0.991727
22.148000,-0.313079,0.008362,1.097536,0.003358,-0.000184,-0.009415,0.000267,-0.000010,1.570309,-0.300000,1.000000,1.100000,0.000000,0.000000,-1.571000,0.013079,0.991638,0.002464,0.991727
22.150000,-0.313072,0.008362,1.097517,0.003363,-0.000185,-0.009415,0.000262,-0.000010,1.570309,-0.300000,1.000000,1.100000,0.000000,0.000000,-1.571000,0.013072,0.991638,0.002483,0.991728
22.152000,-0.313065,0.008361,1.097499,0.003365,-0.000185,-0.009407,0.000257,-0.000011,1.570309,-0.300000,1.000000,1.100000,0.000000,0.000000,-1.571000,0.013065,0.991639,0.002501,0.991728
22.154000,-0.313059,0.008361,1.097480,0.003370,-0.000185,-0.009407,0.000252,-0.000011,1.570309,-0.300000,1.000000,1.100000,0.000000,0.000000,-1.571000,0.013059,0.991639,0.002520,0.991728
22.156000,-0.313052,0.008361,1.097461,0.003375,-0.000185,-0.009407,0.000247,-0.000012,1.570309,-0.300000,1.000000,1.100000,0.000000,0.000000,-1.571000,0.013052,0.991639,0.002539,0.991729
22.158000,-0.313045,0.008360,1.097442,0.003380,-0.000185,-0.009407,0.000242,-0.000012,1.570309,-0.300000,1.000000,1.100000,0.000000,0.000000,-1.571000,0.013045,0.991640,0.002558,0.991729
22.160000,-0.313038,0.008360,1.097423,0.003385,-0.000185,-0.009406,0.000236,-0.000013,1.570309,-0.300000,1.000000,1.100000,0.000000,0.000000,-1.571000,0.013038,0.991640,0.002577,0.991729
22.162000,-0.313031,0.008359,1.097405,0.003389,-0.000186,-0.009405,0.000231,-0.000013,1.570309,-0.300000,1.000000,1.100000,0.000000,0.000000,-1.571000,0.013031,0.991641,0.002595,0.991730
22.164000,-0.313025,0.008359,1.097386,0.003394,-0.000186,-0.009404,0.000225,-0.000014,1.570309,-0.300000,1.000000,1.100000,0.000000,0.000000,-1.571000,0.013025,0.991641,0.002614,0.991730
22.166000,-0.313018,0.008359,1.097367,0.003398,-0.000186,-0.009403,0.000219,-0.000014,1.570309,-0.300000,1.000000,1.100000,0.000000,0.000000,-1.571000,0.013018,0.991641,0.002633,0.991730
22.168000,-0.313011,0.008358,1.097348,0.003402,-0.000187,-0.009402,0.000212,-0.000015,1.570309,-0.300000,1.000000,1.100000,0.000000,0.000000,-1.571000,0.013011,0.991642,0.002652,0.991731
22.170000,-0.313004,0.008358,1.097329,0.003403,-0.000187,-0.009391,0.000206,-0.000015,1.570309,-0.300000,1.000000,1.100000,0.000000,0.000000,-1.571000,0.013004,0.991642,0.002671,0.991731
22.172000,-0.312997,0.008358,1.097311,0.003407,-0.000187,-0.009390,0.000200,-0.000016,1.570309,-0.300000,1.000000,1.100000,0.000000,0.000000,-1.571000,0.012997,0.991642,0.002689,0.991731
22.174000,-0.312991,0.008357,1.097292,0.003411,-0.000187,-0.009388,0.000193,-0.000016,1.570309,-0.300000,1.000000,1.100000,0.000000,0.000000,-1.571000,0.012991,0.991643,0.002708,0.991732
22.176000,-0.312984,0.008357,1.097273,0.003415,-0.000188,-0.009386,0.000187,-0.000016,1.570309,-0.300000,1.000000,1.100000,0.000000,0.000000,-1.571000,0.012984,0.991643,0.002727,0.991732
22.178000,-0.312977,0.008356,1.097254,0.003419,-0.000188,-0.009384,0.000180,-0.000017,1.570309,-0.300000,1.000000,1.100000,0.000000,0.000000,-1.571000,0.012977,0.991644,0.002746,0.991732
22.180000,-0.312970,0.008356,1.097236,0.003422,-0.000188,-0.009382,0.000174,-0.000017,1.570309,-0.300000,1.000000,1.100000,0.000000,0.000000,-1.571000,0.012970,0.991644,0.002764,0.991733
22.182000,-0.312963,0.008356,1.097217,0.003425,-0.000189,-0.009380,0.000167,-0.000017,1.570309,-0.300000,1.000000,1.100000,0.000000,0.000000,-1.571000,0.012963,0.991644,0.002783,0.991733
22.184000,-0.312956,0.008355,1.097198,0.003429,-0.000189,-0.009378,0.000160,-0.000017,1.570309,-0.300000,1.000000,1.100000,0.000000,0.000000,-1.571000,0.012956,0.991645,0.002802,0.991733
22.186000,-0.312950,0.008355,1.097179,0.003432,-0.000189,-0.009376,0.000153,-0.000017,1.570309,-0.300000,1.000000,1.100000,0.000000,0.000000,-1.571000,0.012950,0.991645,0.002821,0.991734
22.188000,-0.312943,0.008355,1.097160,0.003435,-0.000190,-0.009374,0.000146,-0.000018,1.570309,-0.300000,1.000000,1.100000,0.000000,0.000000,-1.571000,0.012943,0.991645,0.002840,0.991734
22.190000,-0.312936,0.008354,1.097142,0.003438,-0.000190,-0.009372,0.000139,-0.000018,1.570309,-0.300000,1.000000,1.100000,0.000000,0.000000,-1.571000,0.012936,0.991646,0.002858,0.991734
22.192000,-0.312929,0.008354,1.097123,0.003440,-0.000190,-0.009369,0.000132,-0.000018,1.570309,-0.300000,1.000000,1.100000,0.000000,0.000000,-1.571000,0.012929,0.991646,0.002877,0.991735
22.194000,-0.312922,0.008353,1.097104,0.003443,-0.000191,-0.009367,0.000125,-0.000018,1.570309,-0.300000,1.000000,1.100000,0.000000,0.000000,-1.571000,0.012922,0.991647,0.002896,0.991735
22.196000,-0.312915,0.008353,1.097086,0.003445,-0.000191,-0.009364,0.000118,-0.000018,1.570309,-0.300000,1.000000,1.100000,0.000000,0.000000,-1.571000,0.012915,0.991647,0.002914,0.991735
22.198000,-0.312908,0.008353,1.097067,0.003448,-0.000191,-0.009362,0.000111,-0.000018,1.570309,-0.300000,1.000000,1.100000,0.000000,0.000000,-1.571000,0.012908,0.991647,0.002933,0.991736
22.200000,-0.312901,0.008352,1.097048,0.003450,-0.000192,-0.009359,0.000105,-0.000018,1.570309,-0.300000,1.000000,1.100000,0.000000,0.000000,-1.571000,0.012901,0.991648,0.002952,0.991736
22.202000,-0.312895,0.008352,1.097029,0.003452,-0.000192,-0.009357,0.000098,-0.000018,1.570309,-0.300000,1.000000,1.100000,0.000000,0.000000,-1.571000,0.012895,0.991648,0.002971,0.991736
22.204000,-0.312888,0.008351,1.097011,0.003454,-0.000192,-0.009354,0.000091,-0.000018,1.570309,-0.300000,1.000000,1.100000,0.000000,0.000000,-1.571000,0.012888,0.991649,0.002989,0.991737
22.206000,-0.312881,0.008351,1.096992,0.003455,-0.000193,-0.009352,0.000084,-0.000018,1.570309,-0.300000,1.000000,1.100000,0.000000,0.000000,-1.571000,0.012881,0.991649,0.003008,0.991737
22.208000,-0.312874,0.008351,1.096973,0.003457,-0.000193,-0.009349,0.000077,-0.000018,1.570309,-0.300000,1.000000,1.100000,0.000000,0.000000,-1.571000,0.012874,0.991649,0.003027,0.991737
22.210000,-0.312867,0.008350,1.096955,0.003458,-0.000193,-0.009347,0.000070,-0.000018,1.570309,-0.300000,1.000000,1.100000,0.000000,0.000000,-1.571000,0.012867,0.991650,0.003045,0.991738
22.212000,-0.312860,0.008350,1.096936,0.003460,-0.000194,-0.009344,0.000064,-0.000018,1.570309,-0.300000,1.000000,1.100000,0.000000,0.000000,-1.571000,0.012860,0.991650,0.003064,0.991738
22.214000,-0.312853,0.008350,1.096917,0.003461,-0.000194,-0.009341,0.000057,-0.000017,1.570309,-0.300000,1.000000,1.100000,0.000000,0.000000,-1.571000,0.012853,0.991650,0.003083,0.991739
22.216000,-0.312846,0.008349,1.096899,0.003462,-0.000194,-0.009339,0.000051,-0.000017,1.570309,-0.300000,1.000000,1.100000,0.000000,0.000000,-1.571000,0.012846,0.991651,0.003101,0.991739
22.218000,-0.312839,0.008349,1.096880,0.003463,-0.000195,-0.009336,0.000045,-0.000017,1.570309,-0.300000,1.000000,1.100000,0.000000,0.000000,-1.571000,0.012839,0.991651,0.003120,0.991739
22.220000,-0.312832,0.008348,1.096861,0.003464,-0.000195,-0.009333,0.000038,-0.000017,1.570309,-0.300000,1.000000,1.100000,0.000000,0.000000,-1.571000,0.012832,0.991652,0.003139,0.991740
22.222000,-0.312825,0.008348,1.096843,0.003465,-0.000195,-0.009331,0.000033,-0.000017,1.570309,-0.300000,1.000000,1.100000,0.000000,0.000000,-1.571000,0.012825,0.991652,0.003157,0.991740
22.224000,-0.312818,0.008348,1.096824,0.003465,-0.000196,-0.009328,0.000027,-0.000017,1.570309,-0.300000,1.000000,1.100000,0.000000,0.000000,-1.571000,0.012818,0.991652,0.003176,0.991740
22.226000,-0.312811,0.008347,1.096805,0.003466,-0.000196,-0.009325,0.000021,-0.000017,1.570309,-0.300000,1.000000,1.100000,0.000000,0.000000,-1.571000,0.012811,0.991653,0.003195,0.991741
22.228000,-0.312805,0.008347,1.096787,0.003466,-0.000196,-0.009323,0.000016,-0.000017,1.570309,-0.300000,1.000000,1.100000,0.000000,0.000000,-1.571000,0.012805,0.991653,0.003213,0.991741
22.230000,-0.312798,0.008346,1.096768,0.003466,-0.000197,-0.009320,0.000011,-0.000017,1.570309,-0.300000,1.000000,1.100000,0.000000,0.000000,-1.571000,0.012798,0.991654,0.003232,0.991741
22.232000,-0.312791,0.008346,1.096749,0.003467,-0.000197,-0.009317,0.000005,-0.000017,1.570309,-0.300000,1.000000,1.100000,0.000000,0.000000,-1.571000,0.012791,0.991654,0.003251,0.991742
22.234000,-0.312784,0.008346,1.096731,0.003467,-0.000197,-0.009314,0.000001,-0.000017,1.570309,-0.300000,1.000000,1.100000,0.000000,0.000000,-1.571000,0.012784,0.991654,0.003269,0.991742
22.236000,-0.312777,0.008345,1.096712,0.003467,-0.000198,-0.009312,-0.000004,-0.000017,1.570309,-0.300000,1.000000,1.100000,0.000000,0.000000,-1.571000,0.012777,0.991655,0.003288,0.991743
22.238000,-0.312770,0.008345,1.096693,0.003467,-0.000198,-0.009310,-0.000008,-0.000017,1.570308,-0.300000,1.000000,1.100000,0.000000,0.000000,-1.571000,0.012770,0.991655,0.003307,0.991743
22.240000,-0.312763,0.008344,1.096675,0.003466,-0.000198,-0.009307,-0.000013,-0.000016,1.570308,-0.300000,1.000000,1.100000,0.000000,0.000000,-1.571000,0.012763,0.991656,0.003325,0.991743
22.242000,-0.312756,0.008344,1.096656,0.003466,-0.000199,-0.009306,-0.000017,-0.000016,1.570308,-0.300000,1.000000,1.100000,0.000000,0.000000,-1.571000,0.012756,0.991656,0.003344,0.991744
22.244000,-0.312749,0.008344,1.096638,0.003466,-0.000199,-0.009304,-0.000020,-0.000016,1.570308,-0.300000,1.000000,1.100000,0.000000,0.000000,-1.571000,0.012749,0.991656,0.003362,0.991744
22.246000,-0.312742,0.008343,1.096619,0.003465,-0.000199,-0.009302,-0.000024,-0.000016,1.570308,-0.300000,1.000000,1.100000,0.000000,0.000000,-1.571000,0.012742,0.991657,0.003381,0.991744
22.248000,-0.312735,0.008343,1.096600,0.003465,-0.000200,-0.009301,-0.000027,-0.000016,1.570308,-0.300000,1.000000,1.100000,0.000000,0.000000,-1.571000,0.012735,0.991657,0.003400,0.991745
22.250000,-0.312728,0.008342,1.096582,0.003464,-0.000200,-0.009300,-0.000030,-0.000016,1.570308,-0.300000,1.000000,1.100000,0.000000,0.000000,-1.571000,0.012728,0.991658,0.003418,0.991745
22.252000,-0.312721,0.008342,1.096563,0.003464,-0.000200,-0.009299,-0.000033,-0.000016,1.570308,-0.300000,1.000000,1.100000,0.000000,0.000000,-1.571000,0.012721,0.991658,0.003437,0.991746
22.254000,-0.312714,0.008342,1.096545,0.003463,-0.000201,-0.009298,-0.000036,-0.000016,1.570308,-0.300000,1.000000,1.100000,0.000000,0.000000,-1.571000,0.012714,0.991658,0.003455,0.991746
22.256000,-0.312707,0.008341,1.096526,0.003462,-0.000201,-0.009297,-0.000038,-0.000016,1.570308,-0.300000,1.000000,1.100000,0.000000,0.000000,-1.571000,0.012707,0.991659,0.003474,0.991746
22.258000,-0.312701,0.008341,1.096507,0.003462,-0.000201,-0.009296,-0.000040,-0.000016,1.570308,-0.300000,1.000000,1.100000,0.000000,0.000000,-1.571000,0.012701,0.991659,0.003493,0.991747
22.260000,-0.312694,0.008340,1.096489,0.003461,-0.000202,-0.009296,-0.000042,-0.000016,1.570308,-0.300000,1.000000,1.100000,0.000000,0.000000,-1.571000,0.012694,0.991660,0.003511,0.991747
22.262000,-0.312687,0.008340,1.096470,0.003460,-0.000202,-0.009295,-0.000044,-0.000015,1.570308,-0.300000,1.000000,1.100000,0.000000,0.000000,-1.571000,0.012687,0.991660,0.003530,0.991747
22.264000,-0.312680,0.008340,1.096452,0.003459,-0.000202,-0.009295,-0.000046,-0.000015,1.570308,-0.300000,1.000000,1.100000,0.000000,0.000000,-1.571000,0.012680,0.991660,0.003548,0.991748
22.266000,-0.312673,0.008339,1.096433,0.003458,-0.000203,-0.009294,-0.000047,-0.000015,1.570308,-0.300000,1.000000,1.100000,0.000000,0.000000,-1.571000,0.012673,0.991661,0.003567,0.991748
22.268000,-0.312666,0.008339,1.096414,0.003457,-0.000203,-0.009294,-0.000048,-0.000015,1.570308,-0.300000,1.000000,1.100000,0.000000,0.000000,-1.571000,0.012666,0.991661,0.003586,0.991749
22.270000,-0.312659,0.008338,1.096396,0.003456,-0.000203,-0.009293,-0.000049,-0.000014,1.570308,-0.300000,1.000000,1.100000,0.000000,0.000000,-1.571000,0.012659,0.991662,0.003604,0.991749
22.272000,-0.312652,0.008338,1.096377,0.003455,-0.000203,-0.009293,-0.000050,-0.000014,1.570308,-0.300000,1.000000,1.100000,0.000000,0.000000,-1.571000,0.012652,0.991662,0.003623,0.991749
22.274000,-0.312645,0.008338,1.096359,0.003454,-0.000204,-0.009293,-0.000050,-0.000013,1.570308,-0.300000,1.000000,1.100000,0.000000,0.000000,-1.571000,0.012645,0.991662,0.003641,0.991750
22.276000,-0.312638,0.008337,1.096340,0.003453,-0.000204,-0.009293,-0.000051,-0.000013,1.570308,-0.300000,1.000000,1.100000,0.000000,0.000000,-1.571000,0.012638,0.991663,0.003660,0.991750
22.278000,-0.312631,0.008337,1.096321,0.003452,-0.000204,-0.009293,-0.000051,-0.000012,1.570308,-0.300000,1.000000,1.100000,0.000000,0.000000,-1.571000,0.012631,0.991663,0.003679,0.991750
22.280000,-0.312625,0.008336,1.096303,0.003451,-0.000204,-0.009293,-0.000051,-0.000012,1.570308,-0.300000,1.000000,1.100000,0.000000,0.000000,-1.571000,0.012625,0.991664,0.003697,0.991751
22.282000,-0.312618,0.008336,1.096284,0.003450,-0.000205,-0.009292,-0.000051,-0.000012,1.570308,-0.300000,1.000000,1.100000,0.000000,0.000000,-1.571000,0.012618,0.991664,0.003716,0.991751
22.284000,-0.312611,0.008336,1.096266,0.003449,-0.000205,-0.009292,-0.000051,-0.000011,1.570307,-0.300000,1.000000,1.100000,0.000000,0.000000,-1.571000,0.012611,0.991664,0.003734,0.991752
22.286000,-0.312604,0.008335,1.096247,0.003448,-0.000205,-0.009292,-0.000051,-0.000011,1.570307,-0.300000,1.000000,1.100000,0.000000,0.000000,-1.571000,0.012604,0.991665,0.003753,0.991752
22.288000,-0.312597,0.008335,1.096229,0.003447,-0.000205,-0.009292,-0.000051,-0.000010,1.570307,-0.300000,1.000000,1.100000,0.000000,0.000000,-1.571000,0.012597,0.991665,0.003771,0.991752
22.290000,-0.312590,0.008334,1.096210,0.003446,-0.000205,-0.009292,-0.000050,-0.000010,1.570307,-0.300000,1.000000,1.100000,0.000000,0.000000,-1.571000,0.012590,0.991666,0.003790,0.991753
22.292000,-0.312583,0.008334,1.096191,0.003445,-0.000206,-0.009292,-0.000050,-0.000009,1.570307,-0.300000,1.000000,1.100000,0.000000,0.000000,-1.571000,0.012583,0.991666,0.003809,0.991753
22.294000,-0.312576,0.008333,1.096173,0.003444,-0.000206,-0.009293,-0.000049,-0.000009,1.570307,-0.300000,1.000000,1.100000,0.000000,0.000000,-1.571000,0.012576,0.991667,0.003827,0.991754
22.296000,-0.312569,0.008333,1.096154,0.003443,-0.000206,-0.009293,-0.000048,-0.000008,1.570307,-0.300000,1.000000,1.100000,0.000000,0.000000,-1.571000,0.012569,0.991667,0.003846,0.991754
22.298000,-0.312562,0.008333,1.096136,0.003442,-0.000206,-0.009293,-0.000048,-0.000008,1.570307,-0.300000,1.000000,1.100000,0.000000,0.000000,-1.571000,0.012562,0.991667,0.003864,0.991754
22.300000,-0.312556,0.008332,1.096117,0.003441,-0.000206,-0.009293,-0.000047,-0.000007,1.570307,-0.300000,1.000000,1.100000,0.000000,0.000000,-1.571000,0.012556,0.991668,0.003883,0.991755
22.302000,-0.312549,0.008332,1.096098,0.003441,-0.000206,-0.009293,-0.000046,-0.000006,1.570307,-0.300000,1.000000,1.100000,0.000000,0.000000,-1.571000,0.012549,0.991668,0.003902,0.991755
22.304000,-0.312542,0.008331,1.096080,0.003440,-0.000207,-0.009293,-0.000045,-0.000006,1.570307,-0.300000,1.000000,1.100000,0.000000,0.000000,-1.571000,0.012542,0.991669,0.003920,0.991756
22.306000,-0.312535,0.008331,1.096061,0.003439,-0.000207,-0.009293,-0.000044,-0.000005,1.570307,-0.300000,1.000000,1.100000,0.000000,0.000000,-1.571000,0.012535,0.991669,0.003939,0.991756
22.308000,-0.312528,0.008331,1.096043,0.003438,-0.000207,-0.009293,-0.000043,-0.000004,1.570307,-0.300000,1.000000,1.100000,0.000000,0.000000,-1.571000,0.012528,0.991669,0.003957,0.991756
22.310000,-0.312521,0.008330,1.096024,0.003437,-0.000207,-0.009293,-0.000042,-0.000003,1.570307,-0.300000,1.000000,1.100000,0.000000,0.000000,-1.571000,0.012521,0.991670,0.003976,0.991757
22.312000,-0.312514,0.008330,1.096006,0.003436,-0.000207,-0.009294,-0.000041,-0.000003,1.570307,-0.300000,1.000000,1.100000,0.000000,0.000000,-1.571000,0.012514,0.991670,0.003994,0.991757
22.314000,-0.312507,0.008329,1.095987,0.003436,-0.000207,-0.009294,-0.000039,-0.000002,1.570307,-0.300000,1.000000,1.100000,0.000000,0.000000,-1.571000,0.012507,0.991671,0.004013,0.991758
22.316000,-0.312501,0.008329,1.095968,0.003435,-0.000207,-0.009294,-0.000038,-0.000001,1.570307,-0.300000,1.000000,1.100000,0.000000,0.000000,-1.571000,0.012501,0.991671,0.004032,0.991758
22.318000,-0.312494,0.008329,1.095950,0.003434,-0.000207,-0.009294,-0.000037,0.000000,1.570307,-0.300000,1.000000,1.100000,0.000000,0.000000,-1.571000,0.012494,0.991671,0.004050,0.991758
22.320000,-0.312487,0.008328,1.095931,0.003433,-0.000207,-0.009294,-0.000036,0.000001,1.570307,-0.300000,1.000000,1.100000,0.000000,0.000000,-1.571000,0.012487,0.991672,0.004069,0.991759
22.322000,-0.312480,0.008328,1.095913,0.003433,-0.000207,-0.009294,-0.000034,0.000002,1.570307,-0.300000,1.000000,1.100000,0.000000,0.000000,-1.571000,0.012480,0.991672,0.004087,0.991759
22.324000,-0.312473,0.008327,1.095894,0.003432,-0.000207,-0.009295,-0.000033,0.000003,1.570307,-0.300000,1.000000,1.100000,0.000000,0.000000,-1.571000,0.012473,0.991673,0.004106,0.991760
22.326000,-0.312466,0.008327,1.095875,0.003431,-0.000207,-0.009295,-0.000032,0.000004,1.570307,-0.300000,1.000000,1.100000,0.000000,0.000000,-1.571000,0.012466,0.991673,0.004125,0.991760
22.328000,-0.312459,0.008326,1.095857,0.003431,-0.000207,-0.009295,-0.000031,0.000005,1.570306,-0.300000,1.000000,1.100000,0.000000,0.000000,-1.571000,0.012459,0.991674,0.004143,0.991760
22.330000,-0.312453,0.008326,1.095838,0.003430,-0.000207,-0.009295,-0.000031,0.000006,1.570306,-0.300000,1.000000,1.100000,0.000000,0.000000,-1.571000,0.012453,0.991674,0.004162,0.991761
22.332000,-0.312446,0.008326,1.095820,0.003429,-0.000207,-0.009295,-0.000030,0.000007,1.570306,-0.300000,1.000000,1.100000,0.000000,0.000000,-1.571000,0.012446,0.991674,0.004180,0.991761
22.334000,-0.312439,0.008325,1.095801,0.003429,-0.000206,-0.009296,-0.000030,0.000008,1.570306,-0.300000,1.000000,1.100000,0.000000,0.000000,-1.571000,0.012439,0.991675,0.004199,0.991762
22.336000,-0.312432,0.008325,1.095782,0.003428,-0.000206,-0.009296,-0.000030,0.000009,1.570306,-0.300000,1.000000,1.100000,0.000000,0.000000,-1.571000,0.012432,0.991675,0.004218,0.991762
22.338000,-0.312425,0.008324,1.095764,0.003428,-0.000206,-0.009296,-0.000030,0.000010,1.570306,-0.300000,1.000000,1.100000,0.000000,0.000000,-1.571000,0.012425,0.991676,0.004236,0.991762
22.340000,-0.312418,0.008324,1.095745,0.003427,-0.000206,-0.009296,-0.000030,0.000011,1.570306,-0.300000,1.000000,1.100000,0.000000,0.000000,-1.571000,0.012418,0.991676,0.004255,0.991763
22.342000,-0.312411,0.008324,1.095727,0.003426,-0.000206,-0.009296,-0.000031,0.000012,1.570306,-0.300000,1.000000,1.100000,0.000000,0.000000,-1.571000,0.012411,0.991676,0.004273,0.991763
22.344000,-0.312405,0.008323,1.095708,0.003426,-0.000205,-0.009297,-0.000032,0.000013,1.570306,-0.300000,1.000000,1.100000,0.000000,0.000000,-1.571000,0.012405,0.991677,0.004292,0.991764
22.346000,-0.312398,0.008323,1.095690,0.003425,-0.000205,-0.009297,-0.000033,0.000014,1.570306,-0.300000,1.000000,1.100000,0.000000,0.000000,-1.571000,0.012398,0.991677,0.004310,0.991764
22.348000,-0.312391,0.008322,1.095671,0.003425,-0.000205,-0.009297,-0.000034,0.000015,1.570306,-0.300000,1.000000,1.100000,0.000000,0.000000,-1.571000,0.012391,0.991678,0.004329,0.991765
22.350000,-0.312384,0.008322,1.095652,0.003424,-0.000204,-0.009297,-0.000036,0.000016,1.570306,-0.300000,1.000000,1.100000,0.000000,0.000000,-1.571000,0.012384,0.991678,0.004348,0.991765
22.352000,-0.312377,0.008322,1.095634,0.003423,-0.000204,-0.009297,-0.000038,0.000016,1.570306,-0.300000,1.000000,1.100000,0.000000,0.000000,-1.571000,0.012377,0.991678,0.004366,0.991765
22.354000,-0.312370,0.008321,1.095615,0.003422,-0.000204,-0.009298,-0.000041,0.000017,1.570306,-0.300000,1.000000,1.100000,0.000000,0.000000,-1.571000,0.012370,0.991679,0.004385,0.991766
22.356000,-0.312363,0.008321,1.095597,0.003422,-0.000204,-0.009298,-0.000043,0.000018,1.570306,-0.300000,1.000000,1.100000,0.000000,0.000000,-1.571000,0.012363,0.991679,0.004403,0.991766
22.358000,-0.312357,0.008320,1.095578,0.003421,-0.000203,-0.009298,-0.000046,0.000018,1.570306,-0.300000,1.000000,1.100000,0.000000,0.000000,-1.571000,0.012357,0.991680,0.004422,0.991767
22.360000,-0.312350,0.008320,1.095559,0.003420,-0.000203,-0.009298,-0.000049,0.000019,1.570306,-0.300000,1.000000,1.100000,0.000000,0.000000,-1.571000,0.012350,0.991680,0.004441,0.991767
22.362000,-0.312343,0.008320,1.095541,0.003419,-0.000202,-0.009299,-0.000053,0.000019,1.570306,-0.300000,1.000000,1.100000,0.000000,0.000000,-1.571000,0.012343,0.991680,0.004459,0.991767
22.364000,-0.312336,0.008319,1.095522,0.003418,-0.000202,-0.009299,-0.000057,0.000020,1.570306,-0.300000,1.000000,1.100000,0.000000,0.000000,-1.571000,0.012336,0.991681,0.004478,0.991768
22.366000,-0.312329,0.008319,1.095504,0.003417,-0.000202,-0.009299,-0.000061,0.000020,1.570306,-0.300000,1.000000,1.100000,0.000000,0.000000,-1.571000,0.012329,0.991681,0.004496,0.991768
22.368000,-0.312322,0.008318,1.095485,0.003415,-0.000201,-0.009299,-0.000065,0.000020,1.570306,-0.300000,1.000000,1.100000,0.000000,0.000000,-1.571000,0.012322,0.991682,0.004515,0.991769
22.370000,-0.312316,0.008318,1.095466,0.003414,-0.000201,-0.009300,-0.000070,0.000020,1.570306,-0.300000,1.000000,1.100000,0.000000,0.000000,-1.571000,0.012316,0.991682,0.004534,0.991769
22.372000,-0.312309,0.008317,1.095448,0.003413,-0.000200,-0.009300,-0.000075,0.000020,1.570306,-0.300000,1.000000,1.100000,0.000000,0.000000,-1.571000,0.012309,0.991683,0.004552,0.991769
22.374000,-0.312302,0.008317,1.095429,0.003411,-0.000200,-0.009300,-0.000080,0.000020,1.570306,-0.300000,1.000000,1.100000,0.000000,0.000000,-1.571000,0.012302,0.991683,0.004571,0.991770
22.376000,-0.312295,0.008317,1.095411,0.003410,-0.000200,-0.009300,-0.000086,0.000020,1.570306,-0.300000,1.000000,1.100000,0.000000,0.000000,-1.571000,0.012295,0.991683,0.004589,0.991770
22.378000,-0.312288,0.008316,1.095392,0.003408,-0.000199,-0.009300,-0.000092,0.000020,1.570306,-0.300000,1.000000,1.100000,0.000000,0.000000,-1.571000,0.012288,0.991684,0.004608,0.991771
22.380000,-0.312282,0.008316,1.095373,0.003406,-0.000199,-0.009301,-0.000098,0.000019,1.570306,-0.300000,1.000000,1.100000,0.000000,0.000000,-1.571000,0.012282,0.991684,0.004627,0.991771
22.382000,-0.312275,0.008315,1.095355,0.003404,-0.000199,-0.009301,-0.000104,0.000019,1.570306,-0.300000,1.000000,1.100000,0.000000,0.000000,-1.571000,0.012275,0.991685,0.004645,0.991771
22.384000,-0.312268,0.008315,1.095336,0.003402,-0.000198,-0.009301,-0.000110,0.000018,1.570306,-0.300000,1.000000,1.100000,0.000000,0.000000,-1.571000,0.012268,0.991685,0.004664,0.991772
22.386000,-0.312261,0.008315,1.095318,0.003400,-0.000198,-0.009301,-0.000117,0.000018,1.570306,-0.300000,1.000000,1.100000,0.000000,0.000000,-1.571000,0.012261,0.991685,0.004682,0.991772
22.388000,-0.312254,0.008314,1.095299,0.003398,-0.000197,-0.009302,-0.000124,0.000017,1.570306,-0.300000,1.000000,1.100000,0.000000,0.000000,-1.571000,0.012254,0.991686,0.004701,0.991773
22.390000,-0.312248,0.008314,1.095280,0.003395,-0.000197,-0.009302,-0.000131,0.000016,1.570306,-0.300000,1.000000,1.100000,0.000000,0.000000,-1.571000,0.012248,0.991686,0.004720,0.991773
22.392000,-0.312241,0.008314,1.095262,0.003393,-0.000197,-0.009302,-0.000138,0.000016,1.570306,-0.300000,1.000000,1.100000,0.000000,0.000000,-1.571000,0.012241,0.991686,0.004738,0.991773
22.394000,-0.312234,0.008313,1.095243,0.003390,-0.000197,-0.009302,-0.000146,0.000015,1.570306,-0.300000,1.000000,1.100000,0.000000,0.000000,-1.571000,0.012234,0.991687,0.004757,0.991774
22.396000,-0.312227,0.008313,1.095225,0.003387,-0.000196,-0.009303,-0.000153,0.000014,1.570306,-0.300000,1.000000,1.100000,0.000000,0.000000,-1.571000,0.012227,0.991687,0.004775,0.991774
22.398000,-0.312220,0.008312,1.095206,0.003384,-0.000196,-0.009303,-0.000161,0.000013,1.570306,-0.300000,1.000000,1.100000,0.000000,0.000000,-1.571000,0.012220,0.991688,0.004794,0.991775
22.400000,-0.312214,0.008312,1.095187,0.003381,-0.000196,-0.009303,-0.000169,0.000012,1.570306,-0.300000,1.000000,1.100000,0.000000,0.000000,-1.571000,0.012214,0.991688,0.004813,0.991775
22.402000,-0.312207,0.008312,1.095169,0.003377,-0.000195,-0.009303,-0.000177,0.000011,1.570306,-0.300000,1.000000,1.100000,0.000000,0.000000,-1.571000,0.012207,0.991688,0.004831,0.991775
22.404000,-0.312200,0.008311,1.095150,0.003374,-0.000195,-0.009303,-0.000185,0.000011,1.570306,-0.300000,1.000000,1.100000,0.000000,0.000000,-1.571000,0.012200,0.991689,0.004850,0.991776
22.406000,-0.312193,0.008311,1.095131,0.003370,-0.000195,-0.009304,-0.000193,0.000010,1.570306,-0.300000,1.000000,1.100000,0.000000,0.000000,-1.571000,0.012193,0.991689,0.004869,0.991776
22.408000,-0.312187,0.008310,1.095113,0.003366,-0.000195,-0.009304,-0.000201,0.000009,1.570306,-0.300000,1.000000,1.100000,0.000000,0.000000,-1.571000,0.012187,0.991690,0.004887,0.991777
22.410000,-0.312180,0.008310,1.095094,0.003362,-0.000195,-0.009304,-0.000209,0.000008,1.570306,-0.300000,1.000000,1.100000,0.000000,0.000000,-1.571000,0.012180,0.991690,0.004906,0.991777
22.412000,-0.312173,0.008310,1.095076,0.003358,-0.000195,-0.009304,-0.000217,0.000007,1.570306,-0.300000,1.000000,1.100000,0.000000,0.000000,-1.571000,0.012173,0.991690,0.004924,0.991777
22.414000,-0.312167,0.008309,1.095057,0.003354,-0.000194,-0.009305,-0.000225,0.000006,1.570306,-0.300000,1.000000,1.100000,0.000000,0.000000,-1.571000,0.012167,0.991691,0.004943,0.991778
22.416000,-0.312160,0.008309,1.095038,0.003349,-0.000194,-0.009305,-0.000234,0.000006,1.570306,-0.300000,1.000000,1.100000,0.000000,0.000000,-1.571000,0.012160,0.991691,0.004962,0.991778
22.418000,-0.312153,0.008308,1.095020,0.003345,-0.000194,-0.009305,-0.000242,0.000005,1.570306,-0.300000,1.000000,1.100000,0.000000,0.000000,-1.571000,0.012153,0.991692,0.004980,0.991779
22.420000,-0.312146,0.008308,1.095001,0.003340,-0.000194,-0.009305,-0.000251,0.000004,1.570306,-0.300000,1.000000,1.100000,0.000000,0.000000,-1.571000,0.012146,0.991692,0.004999,0.991779
22.422000,-0.312140,0.008308,1.094983,0.003335,-0.000194,-0.009305,-0.000259,0.000004,1.570306,-0.300000,1.000000,1.100000,0.000000,0.000000,-1.571000,0.012140,0.991692,0.005017,0.991779
22.424000,-0.312133,0.008307,1.094964,0.003330,-0.000194,-0.009306,-0.000268,0.000003,1.570306,-0.300000,1.000000,1.100000,0.000000,0.000000,-1.571000,0.012133,0.991693,0.005036,0.991780
22.426000,-0.312126,0.008307,1.094945,0.003325,-0.000194,-0.009306,-0.000276,0.000002,1.570306,-0.300000,1.000000,1.100000,0.000000,0.000000,-1.571000,0.012126,0.991693,0.005055,0.991780
22.428000,-0.312120,0.008307,1.094927,0.003319,-0.000194,-0.009306,-0.000285,0.000002,1.570306,-0.300000,1.000000,1.100000,0.000000,0.000000,-1.571000,0.012120,0.991693,0.005073,0.991781
22.430000,-0.312113,0.008306,1.094908,0.003314,-0.000194,-0.009306,-0.000293,0.000001,1.570306,-0.300000,1.000000,1.100000,0.000000,0.000000,-1.571000,0.012113,0.991694,0.005092,0.991781
22.432000,-0.312107,0.008306,1.094890,0.003308,-0.000194,-0.009307,-0.000302,0.000001,1.570306,-0.300000,1.000000,1.100000,0.000000,0.000000,-1.571000,0.012107,0.991694,0.005110,0.991781
22.434000,-0.312100,0.008305,1.094871,0.003302,-0.000194,-0.009307,-0.000310,0.000000,1.570306,-0.300000,1.000000,1.100000,0.000000,0.000000,-1.571000,0.012100,0.991695,0.005129,0.991782
22.436000,-0.312093,0.008305,1.094852,0.003296,-0.000194,-0.009307,-0.000319,-0.000000,1.570306,-0.300000,1.000000,1.100000,0.000000,0.000000,-1.571000,0.012093,0.991695,0.005148,0.991782
22.438000,-0.312087,0.008305,1.094834,0.003289,-0.000194,-0.009307,-0.000328,-0.000001,1.570306,-0.300000,1.000000,1.100000,0.000000,0.000000,-1.571000,0.012087,0.991695,0.005166,0.991783
22.440000,-0.312080,0.008304,1.094815,0.003283,-0.000194,-0.009307,-0.000336,-0.000001,1.570306,-0.300000,1.000000,1.100000,0.000000,0.000000,-1.571000,0.012080,0.991696,0.005185,0.991783
22.442000,-0.312074,0.008304,1.094796,0.003276,-0.000194,-0.009308,-0.000345,-0.000002,1.570306,-0.300000,1.000000,1.100000,0.000000,0.000000,-1.571000,0.012074,0.991696,0.005204,0.991783
22.444000,-0.312067,0.008303,1.094778,0.003270,-0.000194,-0.009308,-0.000353,-0.000002,1.570306,-0.300000,1.000000,1.100000,0.000000,0.000000,-1.571000,0.012067,0.991697,0.005222,0.991784
22.446000,-0.312061,0.008303,1.094759,0.003263,-0.000194,-0.009308,-0.000361,-0.000003,1.570306,-0.300000,1.000000,1.100000,0.000000,0.000000,-1.571000,0.012061,0.991697,0.005241,0.991784
22.448000,-0.312054,0.008303,1.094741,0.003256,-0.000194,-0.009308,-0.000370,-0.000003,1.570306,-0.300000,1.000000,1.100000,0.000000,0.000000,-1.571000,0.012054,0.991697,0.005259,0.991785
22.450000,-0.312048,0.008302,1.094722,0.003248,-0.000194,-0.009309,-0.000378,-0.000003,1.570306,-0.300000,1.000000,1.100000,0.000000,0.000000,-1.571000,0.012048,0.991698,0.005278,0.991785
22.452000,-0.312041,0.008302,1.094703,0.003241,-0.000194,-0.009309,-0.000386,-0.000004,1.570306,-0.300000,1.000000,1.100000,0.000000,0.000000,-1.571000,0.012041,0.991698,0.005297,0.991785
22.454000,-0.312035,0.008301,1.094685,0.003233,-0.000194,-0.009309,-0.000394,-0.000004,1.570306,-0.300000,1.000000,1.100000,0.000000,0.000000,-1.571000,0.012035,0.991699,0.005315,0.991786
22.456000,-0.312028,0.008301,1.094666,0.003225,-0.000194,-0.009309,-0.000401,-0.000005,1.570306,-0.300000,1.000000,1.100000,0.000000,0.000000,-1.571000,0.012028,0.991699,0.005334,0.991786
22.458000,-0.312022,0.008301,1.094648,0.003218,-0.000194,-0.009309,-0.000409,-0.000005,1.570306,-0.300000,1.000000,1.100000,0.000000,0.000000,-1.571000,0.012022,0.991699,0.005352,0.991787
22.460000,-0.312015,0.008300,1.094629,0.003209,-0.000194,-0.009310,-0.000416,-0.000006,1.570305,-0.300000,1.000000,1.100000,0.000000,0.000000,-1.571000,0.012015,0.991700,0.005371,0.991787
22.462000,-0.312009,0.008300,1.094610,0.003201,-0.000195,-0.009310,-0.000423,-0.000006,1.570305,-0.300000,1.000000,1.100000,0.000000,0.000000,-1.571000,0.012009,0.991700,0.005390,0.991787
22.464000,-0.312002,0.008300,1.094592,0.003193,-0.000195,-0.009310,-0.000430,-0.000006,1.570305,-0.300000,1.000000,1.100000,0.000000,0.000000,-1.571000,0.012002,0.991700,0.005408,0.991788
22.466000,-0.311996,0.008299,1.094573,0.003185,-0.000195,-0.009310,-0.000436,-0.000007,1.570305,-0.300000,1.000000,1.100000,0.000000,0.000000,-1.571000,0.011996,0.991701,0.005427,0.991788
22.468000,-0.311990,0.008299,1.094554,0.003176,-0.000195,-0.009311,-0.000442,-0.000007,1.570305,-0.300000,1.000000,1.100000,0.000000,0.000000,-1.571000,0.011990,0.991701,0.005446,0.991789
22.470000,-0.311983,0.008298,1.094536,0.003167,-0.000195,-0.009311,-0.000448,-0.000008,1.570305,-0.300000,1.000000,1.100000,0.000000,0.000000,-1.571000,0.011983,0.991702,0.005464,0.991789
22.472000,-0.311977,0.008298,1.094517,0.003158,-0.000195,-0.009311,-0.000453,-0.000008,1.570305,-0.300000,1.000000,1.100000,0.000000,0.000000,-1.571000,0.011977,0.991702,0.005483,0.991790
22.474000,-0.311971,0.008298,1.094499,0.003150,-0.000195,-0.009311,-0.000459,-0.000009,1.570305,-0.300000,1.000000,1.100000,0.000000,0.000000,-1.571000,0.011971,0.991702,0.005501,0.991790
22.476000,-0.311965,0.008297,1.094480,0.003141,-0.000196,-0.009311,-0.000463,-0.000009,1.570305,-0.300000,1.000000,1.100000,0.000000,0.000000,-1.571000,0.011965,0.991703,0.005520,0.991790
22.478000,-0.311958,0.008297,1.094461,0.003131,-0.000196,-0.009312,-0.000468,-0.000010,1.570305,-0.300000,1.000000,1.100000,0.000000,0.000000,-1.571000,0.011958,0.991703,0.005539,0.991791
22.480000,-0.311952,0.008296,1.094443,0.003122,-0.000196,-0.009312,-0.000472,-0.000010,1.570305,-0.300000,1.000000,1.100000,0.000000,0.000000,-1.571000,0.011952,0.991704,0.005557,0.991791
22.482000,-0.311946,0.008296,1.094424,0.003113,-0.000196,-0.009312,-0.000475,-0.000010,1.570305,-0.300000,1.000000,1.100000,0.000000,0.000000,-1.571000,0.011946,0.991704,0.005576,0.991792
22.484000,-0.311940,0.008296,1.094405,0.003104,-0.000196,-0.009312,-0.000479,-0.000011,1.570305,-0.300000,1.000000,1.100000,0.000000,0.000000,-1.571000,0.011940,0.991704,0.005595,0.991792
22.486000,-0.311933,0.008295,1.094387,0.003094,-0.000196,-0.009313,-0.000481,-0.000011,1.570305,-0.300000,1.000000,1.100000,0.000000,0.000000,-1.571000,0.011933,0.991705,0.005613,0.991792
22.488000,-0.311927,0.008295,1.094368,0.003085,-0.000197,-0.009313,-0.000484,-0.000012,1.570305,-0.300000,1.000000,1.100000,0.000000,0.000000,-1.571000,0.011927,0.991705,0.005632,0.991793
22.490000,-0.311921,0.008294,1.094350,0.003075,-0.000197,-0.009313,-0.000485,-0.000012,1.570305,-0.300000,1.000000,1.100000,0.000000,0.000000,-1.571000,0.011921,0.991706,0.005650,0.991793
22.492000,-0.311915,0.008294,1.094331,0.003066,-0.000197,-0.009313,-0.000487,-0.000012,1.570305,-0.300000,1.000000,1.100000,0.000000,0.000000,-1.571000,0.011915,0.991706,0.005669,0.991794
22.494000,-0.311909,0.008294,1.094312,0.003056,-0.000197,-0.009313,-0.000488,-0.000013,1.570305,-0.300000,1.000000,1.100000,0.000000,0.000000,-1.571000,0.011909,0.991706,0.005688,0.991794
22.496000,-0.311903,0.008293,1.094294,0.003047,-0.000198,-0.009314,-0.000488,-0.000013,1.570305,-0.300000,1.000000,1.100000,0.000000,0.000000,-1.571000,0.011903,0.991707,0.005706,0.991795
22.498000,-0.311897,0.008293,1.094275,0.003037,-0.000198,-0.009314,-0.000489,-0.000013,1.570305,-0.300000,1.000000,1.100000,0.000000,0.000000,-1.571000,0.011897,0.991707,0.005725,0.991795
22.500000,-0.311891,0.008292,1.094256,0.003028,-0.000198,-0.009314,-0.000488,-0.000013,1.570305,-0.300000,1.000000,1.100000,0.000000,0.000000,-1.571000,0.011891,0.991708,0.005744,0.991795
22.502000,-0.311885,0.008292,1.094238,0.003018,-0.000198,-0.009314,-0.000487,-0.000013,1.570305,-0.300000,1.000000,1.100000,0.000000,0.000000,-1.571000,0.011885,0.991708,0.005762,0.991796
22.504000,-0.311878,0.008292,1.094219,0.003008,-0.000199,-0.009315,-0.000486,-0.000013,1.570306,-0.300000,1.000000,1.100000,0.000000,0.000000,-1.571000,0.011878,0.991708,0.005781,0.991796
22.506000,-0.311872,0.008291,1.094201,0.002999,-0.000199,-0.009315,-0.000485,-0.000013,1.570306,-0.300000,1.000000,1.100000,0.000000,0.000000,-1.571000,0.011872,0.991709,0.005799,0.991797
22.508000,-0.311866,0.008291,1.094182,0.002989,-0.000199,-0.009315,-0.000483,-0.000013,1.570306,-0.300000,1.000000,1.100000,0.000000,0.000000,-1.571000,0.011866,0.991709,0.005818,0.991797
22.510000,-0.311861,0.008290,1.094163,0.002980,-0.000199,-0.009315,-0.000480,-0.000013,1.570306,-0.300000,1.000000,1.100000,0.000000,0.000000,-1.571000,0.011861,0.991710,0.005837,0.991798
22.512000,-0.311855,0.008290,1.094145,0.002971,-0.000200,-0.009316,-0.000478,-0.000012,1.570306,-0.300000,1.000000,1.100000,0.000000,0.000000,-1.571000,0.011855,0.991710,0.005855,0.991798
22.514000,-0.311849,0.008290,1.094126,0.002961,-0.000200,-0.009317,-0.000475,-0.000012,1.570306,-0.300000,1.000000,1.100000,0.000000,0.000000,-1.571000,0.011849,0.991710,0.005874,0.991799
22.516000,-0.311843,0.008289,1.094107,0.002952,-0.000200,-0.009318,-0.000471,-0.000012,1.570306,-0.300000,1.000000,1.100000,0.000000,0.000000,-1.571000,0.011843,0.991711,0.005893,0.991799
22.518000,-0.311837,0.008289,1.094089,0.002943,-0.000200,-0.009319,-0.000468,-0.000011,1.570306,-0.300000,1.000000,1.100000,0.000000,0.000000,-1.571000,0.011837,0.991711,0.005911,0.991799
22.520000,-0.311831,0.008288,1.094070,0.002934,-0.000201,-0.009321,-0.000464,-0.000011,1.570306,-0.300000,1.000000,1.100000,0.000000,0.000000,-1.571000,0.011831,0.991712,0.005930,0.991800
22.522000,-0.311825,0.008288,1.094051,0.002924,-0.000201,-0.009322,-0.000459,-0.000011,1.570306,-0.300000,1.000000,1.100000,0.000000,0.000000,-1.571000,0.011825,0.991712,0.005949,0.991800
22.524000,-0.311819,0.008288,1.094033,0.002916,-0.000201,-0.009324,-0.000455,-0.000010,1.570307,-0.300000,1.000000,1.100000,0.000000,0.000000,-1.571000,0.011819,0.991712,0.005967,0.991801
22.526000,-0.311813,0.008287,1.094014,0.002907,-0.000201,-0.009326,-0.000450,-0.000010,1.570307,-0.300000,1.000000,1.100000,0.000000,0.000000,-1.571000,0.011813,0.991713,0.005986,0.991801
22.528000,-0.311808,0.008287,1.093996,0.002898,-0.000201,-0.009328,-0.000445,-0.000010,1.570307,-0.300000,1.000000,1.100000,0.000000,0.000000,-1.571000,0.011808,0.991713,0.006004,0.991802
22.530000,-0.311802,0.008286,1.093977,0.002889,-0.000202,-0.009330,-0.000440,-0.000009,1.570307,-0.300000,1.000000,1.100000,0.000000,0.000000,-1.571000,0.011802,0.991714,0.006023,0.991802
22.532000,-0.311796,0.008286,1.093958,0.002881,-0.000202,-0.009332,-0.000435,-0.000009,1.570307,-0.300000,1.000000,1.100000,0.000000,0.000000,-1.571000,0.011796,0.991714,0.006042,0.991803
22.534000,-0.311790,0.008286,1.093940,0.002872,-0.000202,-0.009335,-0.000429,-0.000008,1.570307,-0.300000,1.000000,1.100000,0.000000,0.000000,-1.571000,0.011790,0.991714,0.006060,0.991803
22.536000,-0.311785,0.008285,1.093921,0.002864,-0.000202,-0.009337,-0.000423,-0.000008,1.570307,-0.300000,1.000000,1.100000,0.000000,0.000000,-1.571000,0.011785,0.991715,0.006079,0.991803
22.538000,-0.311779,0.008285,1.093902,0.002855,-0.000202,-0.009340,-0.000418,-0.000007,1.570307,-0.300000,1.000000,1.100000,0.000000,0.000000,-1.571000,0.011779,0.991715,0.006098,0.991804
22.540000,-0.311773,0.008284,1.093883,0.002847,-0.000202,-0.009342,-0.000412,-0.000006,1.570307,-0.300000,1.000000,1.100000,0.000000,0.000000,-1.571000,0.011773,0.991716,0.006117,0.991804
22.542000,-0.311768,0.008284,1.093865,0.002839,-0.000202,-0.009345,-0.000406,-0.000006,1.570307,-0.300000,1.000000,1.100000,0.000000,0.000000,-1.571000,0.011768,0.991716,0.006135,0.991805
22.544000,-0.311762,0.008284,1.093846,0.002831,-0.000202,-0.009348,-0.000400,-0.000005,1.570307,-0.300000,1.000000,1.100000,0.000000,0.000000,-1.571000,0.011762,0.991716,0.006154,0.991805
22.546000,-0.311756,0.008283,1.093827,0.002823,-0.000203,-0.009350,-0.000393,-0.000004,1.570307,-0.300000,1.000000,1.100000,0.000000,0.000000,-1.571000,0.011756,0.991717,0.006173,0.991806
22.548000,-0.311751,0.008283,1.093809,0.002816,-0.000203,-0.009353,-0.000387,-0.000004,1.570307,-0.300000,1.000000,1.100000,0.000000,0.000000,-1.571000,0.011751,0.991717,0.006191,0.991806
22.550000,-0.311745,0.008282,1.093790,0.002808,-0.000203,-0.009356,-0.000381,-0.000003,1.570307,-0.300000,1.000000,1.100000,0.000000,0.000000,-1.571000,0.011745,0.991718,0.006210,0.991807
22.552000,-0.311739,0.008282,1.093771,0.002801,-0.000203,-0.009359,-0.000374,-0.000002,1.570307,-0.300000,1.000000,1.100000,0.000000,0.000000,-1.571000,0.011739,0.991718,0.006229,0.991807
22.554000,-0.311734,0.008282,1.093753,0.002794,-0.000203,-0.009362,-0.000368,-0.000001,1.570307,-0.300000,1.000000,1.100000,0.000000,0.000000,-1.571000,0.011734,0.991718,0.006247,0.991807
22.556000,-0.311728,0.008281,1.093734,0.002786,-0.000203,-0.009365,-0.000361,-0.000000,1.570307,-0.300000,1.000000,1.100000,0.000000,0.000000,-1.571000,0.011728,0.991719,0.006266,0.991808
22.558000,-0.311723,0.008281,1.093715,0.002779,-0.000203,-0.009367,-0.000355,0.000001,1.570307,-0.300000,1.000000,1.100000,0.000000,0.000000,-1.571000,0.011723,0.991719,0.006285,0.991808
22.560000,-0.311717,0.008280,1.093696,0.002772,-0.000203,-0.009369,-0.000348,0.000002,1.570307,-0.300000,1.000000,1.100000,0.000000,0.000000,-1.571000,0.011717,0.991720,0.006304,0.991809
22.562000,-0.311712,0.008280,1.093678,0.002766,-0.000203,-0.009370,-0.000341,0.000003,1.570307,-0.300000,1.000000,1.100000,0.000000,0.000000,-1.571000,0.011712,0.991720,0.006322,0.991809
22.564000,-0.311706,0.008280,1.093659,0.002759,-0.000203,-0.009370,-0.000335,0.000004,1.570307,-0.300000,1.000000,1.100000,0.000000,0.000000,-1.571000,0.011706,0.991720,0.006341,0.991810
22.566000,-0.311701,0.008279,1.093640,0.002752,-0.000203,-0.009370,-0.000328,0.000005,1.570307,-0.300000,1.000000,1.100000,0.000000,0.000000,-1.571000,0.011701,0.991721,0.006360,0.991810
22.568000,-0.311695,0.008279,1.093621,0.002746,-0.000202,-0.009370,-0.000322,0.000006,1.570307,-0.300000,1.000000,1.100000,0.000000,0.000000,-1.571000,0.011695,0.991721,0.006379,0.991811
22.570000,-0.311690,0.008278,1.093603,0.002740,-0.000202,-0.009368,-0.000315,0.000007,1.570307,-0.300000,1.000000,1.100000,0.000000,0.000000,-1.571000,0.011690,0.991722,0.006397,0.991811
22.572000,-0.311684,0.008278,1.093584,0.002734,-0.000202,-0.009367,-0.000309,0.000008,1.570307,-0.300000,1.000000,1.100000,0.000000,0.000000,-1.571000,0.011684,0.991722,0.006416,0.991812
22.574000,-0.311679,0.008278,1.093565,0.002728,-0.000202,-0.009365,-0.000303,0.000009,1.570307,-0.300000,1.000000,1.100000,0.000000,0.000000,-1.571000,0.011679,0.991722,0.006435,0.991812
22.576000,-0.311673,0.008277,1.093546,0.002722,-0.000202,-0.009363,-0.000297,0.000010,1.570307,-0.300000,1.000000,1.100000,0.000000,0.000000,-1.571000,0.011673,0.991723,0.006454,0.991813
22.578000,-0.311668,0.008277,1.093528,0.002716,-0.000202,-0.009360,-0.000291,0.000011,1.570307,-0.300000,1.000000,1.100000,0.000000,0.000000,-1.571000,0.011668,0.991723,0.006472,0.991813
22.580000,-0.311662,0.008276,1.093509,0.002710,-0.000201,-0.009357,-0.000285,0.000011,1.570307,-0.300000,1.000000,1.100000,0.000000,0.000000,-1.571000,0.011662,0.991724,0.006491,0.991813
22.582000,-0.311657,0.008276,1.093490,0.002705,-0.000201,-0.009354,-0.000279,0.000012,1.570307,-0.300000,1.000000,1.100000,0.000000,0.000000,-1.571000,0.011657,0.991724,0.006510,0.991814
22.584000,-0.311652,0.008276,1.093472,0.002699,-0.000201,-0.009350,-0.000273,0.000013,1.570307,-0.300000,1.000000,1.100000,0.000000,0.000000,-1.571000,0.011652,0.991724,0.006528,0.991814
22.586000,-0.311646,0.008275,1.093453,0.002694,-0.000201,-0.009347,-0.000268,0.000014,1.570307,-0.300000,1.000000,1.100000,0.000000,0.000000,-1.571000,0.011646,0.991725,0.006547,0.991815
22.588000,-0.311641,0.008275,1.093434,0.002689,-0.000200,-0.009343,-0.000262,0.000014,1.570307,-0.300000,1.000000,1.100000,0.000000,0.000000,-1.571000,0.011641,0.991725,0.006566,0.991815
22.590000,-0.311635,0.008274,1.093416,0.002684,-0.000200,-0.009339,-0.000257,0.000015,1.570307,-0.300000,1.000000,1.100000,0.000000,0.000000,-1.571000,0.011635,0.991726,0.006584,0.991816
22.592000,-0.311630,0.008274,1.093397,0.002679,-0.000200,-0.009335,-0.000252,0.000015,1.570307,-0.300000,1.000000,1.100000,0.000000,0.000000,-1.571000,0.011630,0.991726,0.006603,0.991816
22.594000,-0.311625,0.008274,1.093378,0.002674,-0.000200,-0.009330,-0.000247,0.000016,1.570308,-0.300000,1.000000,1.100000,0.000000,0.000000,-1.571000,0.011625,0.991726,0.006622,0.991817
22.596000,-0.311619,0.008273,1.093360,0.002669,-0.000199,-0.009326,-0.000242,0.000016,1.570308,-0.300000,1.000000,1.100000,0.000000,0.000000,-1.571000,0.011619,0.991727,0.006640,0.991817
22.598000,-0.311614,0.008273,1.093341,0.002664,-0.000199,-0.009321,-0.000238,0.000017,1.570308,-0.300000,1.000000,1.100000,0.000000,0.000000,-1.571000,0.011614,0.991727,0.006659,0.991818
22.600000,-0.311609,0.008272,1.093322,0.002659,-0.000199,-0.009316,-0.000233,0.000017,1.570308,-0.300000,1.000000,1.100000,0.000000,0.000000,-1.571000,0.011609,0.991728,0.006678,0.991818
22.602000,-0.311603,0.008272,1.093304,0.002655,-0.000198,-0.009312,-0.000229,0.000017,1.570308,-0.300000,1.000000,1.100000,0.000000,0.000000,-1.571000,0.011603,0.991728,0.006696,0.991819
22.604000,-0.311598,0.008272,1.093285,0.002650,-0.000198,-0.009307,-0.000225,0.000017,1.570308,-0.300000,1.000000,1.100000,0.000000,0.000000,-1.571000,0.011598,0.991728,0.006715,0.991819
22.606000,-0.311593,0.008271,1.093266,0.002646,-0.000198,-0.009302,-0.000222,0.000017,1.570308,-0.300000,1.000000,1.100000,0.000000,0.000000,-1.571000,0.011593,0.991729,0.006734,0.991819
22.608000,-0.311587,0.008271,1.093248,0.002642,-0.000197,-0.009297,-0.000218,0.000017,1.570308,-0.300000,1.000000,1.100000,0.000000,0.000000,-1.571000,0.011587,0.991729,0.006752,0.991820
22.610000,-0.311582,0.008270,1.093229,0.002637,-0.000197,-0.009291,-0.000215,0.000016,1.570308,-0.300000,1.000000,1.100000,0.000000,0.000000,-1.571000,0.011582,0.991730,0.006771,0.991820
22.612000,-0.311577,0.008270,1.093211,0.002633,-0.000197,-0.009286,-0.000212,0.000016,1.570308,-0.300000,1.000000,1.100000,0.000000,0.000000,-1.571000,0.011577,0.991730,0.006789,0.991821
22.614000,-0.311572,0.008270,1.093192,0.002629,-0.000196,-0.009281,-0.000209,0.000015,1.570308,-0.300000,1.000000,1.100000,0.000000,0.000000,-1.571000,0.011572,0.991730,0.006808,0.991821
22.616000,-0.311566,0.008269,1.093174,0.002625,-0.000196,-0.009276,-0.000207,0.000015,1.570308,-0.300000,1.000000,1.100000,0.000000,0.000000,-1.571000,0.011566,0.991731,0.006826,0.991822
22.618000,-0.311561,0.008269,1.093155,0.002621,-0.000196,-0.009270,-0.000204,0.000014,1.570308,-0.300000,1.000000,1.100000,0.000000,0.000000,-1.571000,0.011561,0.991731,0.006845,0.991822
22.620000,-0.311556,0.008268,1.093136,0.002617,-0.000195,-0.009265,-0.000202,0.000014,1.570308,-0.300000,1.000000,1.100000,0.000000,0.000000,-1.571000,0.011556,0.991732,0.006864,0.991823
22.622000,-0.311551,0.008268,1.093118,0.002613,-0.000195,-0.009260,-0.000200,0.000013,1.570309,-0.300000,1.000000,1.100000,0.000000,0.000000,-1.571000,0.011551,0.991732,0.006882,0.991823
22.624000,-0.311545,0.008268,1.093099,0.002609,-0.000195,-0.009254,-0.000198,0.000012,1.570309,-0.300000,1.000000,1.100000,0.000000,0.000000,-1.571000,0.011545,0.991732,0.006901,0.991824
22.626000,-0.311540,0.008267,1.093081,0.002605,-0.000195,-0.009249,-0.000196,0.000012,1.570309,-0.300000,1.000000,1.100000,0.000000,0.000000,-1.571000,0.011540,0.991733,0.006919,0.991824
22.628000,-0.311535,0.008267,1.093062,0.002601,-0.000194,-0.009243,-0.000194,0.000011,1.570309,-0.300000,1.000000,1.100000,0.000000,0.000000,-1.571000,0.011535,0.991733,0.006938,0.991825
22.630000,-0.311530,0.008266,1.093044,0.002598,-0.000194,-0.009237,-0.000193,0.000010,1.570309,-0.300000,1.000000,1.100000,0.000000,0.000000,-1.571000,0.011530,0.991734,0.006956,0.991825
22.632000,-0.311525,0.008266,1.093026,0.002594,-0.000194,-0.009232,-0.000191,0.000009,1.570309,-0.300000,1.000000,1.100000,0.000000,0.000000,-1.571000,0.011525,0.991734,0.006974,0.991825
22.634000,-0.311520,0.008266,1.093007,0.002590,-0.000194,-0.009226,-0.000190,0.000008,1.570309,-0.300000,1.000000,1.100000,0.000000,0.000000,-1.571000,0.011520,0.991734,0.006993,0.991826
22.636000,-0.311514,0.008265,1.092989,0.002586,-0.000194,-0.009221,-0.000189,0.000007,1.570309,-0.300000,1.000000,1.100000,0.000000,0.000000,-1.571000,0.011514,0.991735,0.007011,0.991826
22.638000,-0.311509,0.008265,1.092970,0.002583,-0.000194,-0.009215,-0.000188,0.000006,1.570309,-0.300000,1.000000,1.100000,0.000000,0.000000,-1.571000,0.011509,0.991735,0.007030,0.991827
22.640000,-0.311504,0.008265,1.092952,0.002579,-0.000193,-0.009209,-0.000187,0.000005,1.570309,-0.300000,1.000000,1.100000,0.000000,0.000000,-1.571000,0.011504,0.991735,0.007048,0.991827
22.642000,-0.311499,0.008264,1.092933,0.002575,-0.000193,-0.009204,-0.000186,0.000004,1.570309,-0.300000,1.000000,1.100000,0.000000,0.000000,-1.571000,0.011499,0.991736,0.007067,0.991828
22.644000,-0.311494,0.008264,1.092915,0.002572,-0.000193,-0.009198,-0.000186,0.000003,1.570309,-0.300000,1.000000,1.100000,0.000000,0.000000,-1.571000,0.011494,0.991736,0.007085,0.991828
22.646000,-0.311489,0.008263,1.092897,0.002568,-0.000193,-0.009192,-0.000185,0.000002,1.570309,-0.300000,1.000000,1.100000,0.000000,0.000000,-1.571000,0.011489,0.991737,0.007103,0.991829
22.648000,-0.311483,0.008263,1.092878,0.002564,-0.000193,-0.009187,-0.000185,0.000001,1.570309,-0.300000,1.000000,1.100000,0.000000,0.000000,-1.571000,0.011483,0.991737,0.007122,0.991829
22.650000,-0.311478,0.008263,1.092860,0.002561,-0.000193,-0.009181,-0.000184,-0.000000,1.570309,-0.300000,1.000000,1.100000,0.000000,0.000000,-1.571000,0.011478,0.991737,0.007140,0.991830
22.652000,-0.311473,0.008262,1.092841,0.002557,-0.000193,-0.009175,-0.000184,-0.000001,1.570309,-0.300000,1.000000,1.100000,0.000000,0.000000,-1.571000,0.011473,0.991738,0.007159,0.991830
22.654000,-0.311468,0.008262,1.092823,0.002554,-0.000193,-0.009169,-0.000184,-0.000002,1.570309,-0.300000,1.000000,1.100000,0.000000,0.000000,-1.571000,0.011468,0.991738,0.007177,0.991830
22.656000,-0.311463,0.008261,1.092805,0.002550,-0.000193,-0.009164,-0.000184,-0.000003,1.570309,-0.300000,1.000000,1.100000,0.000000,0.000000,-1.571000,0.011463,0.991739,0.007195,0.991831
22.658000,-0.311458,0.008261,1.092786,0.002546,-0.000193,-0.009158,-0.000184,-0.000003,1.570309,-0.300000,1.000000,1.100000,0.000000,0.000000,-1.571000,0.011458,0.991739,0.007214,0.991831
22.660000,-0.311453,0.008261,1.092768,0.002543,-0.000193,-0.009152,-0.000184,-0.000004,1.570310,-0.300000,1.000000,1.100000,0.000000,0.000000,-1.571000,0.011453,0.991739,0.007232,0.991832
22.662000,-0.311448,0.008260,1.092750,0.002539,-0.000193,-0.009146,-0.000185,-0.000004,1.570310,-0.300000,1.000000,1.100000,0.000000,0.000000,-1.571000,0.011448,0.991740,0.007250,0.991832
22.664000,-0.311443,0.008260,1.092732,0.002535,-0.000194,-0.009141,-0.000185,-0.000005,1.570310,-0.300000,1.000000,1.100000,0.000000,0.000000,-1.571000,0.011443,0.991740,0.007268,0.991833
22.666000,-0.311438,0.008259,1.092713,0.002532,-0.000194,-0.009135,-0.000186,-0.000005,1.570310,-0.300000,1.000000,1.100000,0.000000,0.000000,-1.571000,0.011438,0.991741,0.007287,0.991833
22.668000,-0.311433,0.008259,1.092695,0.002528,-0.000194,-0.009130,-0.000186,-0.000006,1.570310,-0.300000,1.000000,1.100000,0.000000,0.000000,-1.571000,0.011433,0.991741,0.007305,0.991834
22.670000,-0.311427,0.008259,1.092677,0.002525,-0.000194,-0.009125,-0.000187,-0.000006,1.570310,-0.300000,1.000000,1.100000,0.000000,0.000000,-1.571000,0.011427,0.991741,0.007323,0.991834
22.672000,-0.311422,0.008258,1.092659,0.002521,-0.000194,-0.009120,-0.000188,-0.000006,1.570310,-0.300000,1.000000,1.100000,0.000000,0.000000,-1.571000,0.011422,0.991742,0.007341,0.991835
22.674000,-0.311417,0.008258,1.092640,0.002517,-0.000194,-0.009115,-0.000188,-0.000006,1.570310,-0.300000,1.000000,1.100000,0.000000,0.000000,-1.571000,0.011417,0.991742,0.007360,0.991835
22.676000,-0.311412,0.008258,1.092622,0.002513,-0.000194,-0.009110,-0.000189,-0.000006,1.570310,-0.300000,1.000000,1.100000,0.000000,0.000000,-1.571000,0.011412,0.991742,0.007378,0.991836
22.678000,-0.311407,0.008257,1.092604,0.002510,-0.000194,-0.009106,-0.000190,-0.000006,1.570310,-0.300000,1.000000,1.100000,0.000000,0.000000,-1.571000,0.011407,0.991743,0.007396,0.991836
22.680000,-0.311402,0.008257,1.092586,0.002506,-0.000194,-0.009102,-0.000191,-0.000006,1.570310,-0.300000,1.000000,1.100000,0.000000,0.000000,-1.571000,0.011402,0.991743,0.007414,0.991836
22.682000,-0.311397,0.008256,1.092568,0.002502,-0.000195,-0.009098,-0.000192,-0.000006,1.570310,-0.300000,1.000000,1.100000,0.000000,0.000000,-1.571000,0.011397,0.991744,0.007432,0.991837
22.684000,-0.311392,0.008256,1.092549,0.002498,-0.000195,-0.009094,-0.000193,-0.000006,1.570310,-0.300000,1.000000,1.100000,0.000000,0.000000,-1.571000,0.011392,0.991744,0.007451,0.991837
22.686000,-0.311387,0.008256,1.092531,0.002495,-0.000195,-0.009090,-0.000194,-0.000005,1.570310,-0.300000,1.000000,1.100000,0.000000,0.000000,-1.571000,0.011387,0.991744,0.007469,0.991838
22.688000,-0.311382,0.008255,1.092513,0.002491,-0.000195,-0.009086,-0.000196,-0.000005,1.570310,-0.300000,1.000000,1.100000,0.000000,0.000000,-1.571000,0.011382,0.991745,0.007487,0.991838
22.690000,-0.311377,0.008255,1.092495,0.002487,-0.000195,-0.009082,-0.000197,-0.000004,1.570310,-0.300000,1.000000,1.100000,0.000000,0.000000,-1.571000,0.011377,0.991745,0.007505,0.991839
22.692000,-0.311372,0.008254,1.092477,0.002483,-0.000195,-0.009079,-0.000198,-0.000004,1.570310,-0.300000,1.000000,1.100000,0.000000,0.000000,-1.571000,0.011372,0.991746,0.007523,0.991839
22.694000,-0.311367,0.008254,1.092458,0.002479,-0.000195,-0.009075,-0.000199,-0.000003,1.570310,-0.300000,1.000000,1.100000,0.000000,0.000000,-1.571000,0.011367,0.991746,0.007542,0.991840
22.696000,-0.311363,0.008254,1.092440,0.002475,-0.000195,-0.009072,-0.000200,-0.000003,1.570311,-0.300000,1.000000,1.100000,0.000000,0.000000,-1.571000,0.011363,0.991746,0.007560,0.991840
22.698000,-0.311358,0.008253,1.092422,0.002471,-0.000195,-0.009068,-0.000202,-0.000002,1.570311,-0.300000,1.000000,1.100000,0.000000,0.000000,-1.571000,0.011358,0.991747,0.007578,0.991841
22.700000,-0.311353,0.008253,1.092404,0.002467,-0.000195,-0.009065,-0.000203,-0.000001,1.570311,-0.300000,1.000000,1.100000,0.000000,0.000000,-1.571000,0.011353,0.991747,0.007596,0.991841
22.702000,-0.311348,0.008252,1.092386,0.002463,-0.000195,-0.009062,-0.000204,-0.000000,1.570311,-0.300000,1.000000,1.100000,0.000000,0.000000,-1.571000,0.011348,0.991748,0.007614,0.991842
22.704000,-0.311343,0.008252,1.092368,0.002459,-0.000195,-0.009059,-0.000206,0.000000,1.570311,-0.300000,1.000000,1.100000,0.000000,0.000000,-1.571000,0.011343,0.991748,0.007632,0.991842
22.706000,-0.311338,0.008252,1.092350,0.002455,-0.000195,-0.009055,-0.000207,0.000001,1.570311,-0.300000,1.000000,1.100000,0.000000,0.000000,-1.571000,0.011338,0.991748,0.007650,0.991843
22.708000,-0.311333,0.008251,1.092332,0.002451,-0.000195,-0.009052,-0.000208,0.000002,1.570311,-0.300000,1.000000,1.100000,0.000000,0.000000,-1.571000,0.011333,0.991749,0.007668,0.991843
22.710000,-0.311328,0.008251,1.092314,0.002447,-0.000195,-0.009049,-0.000210,0.000003,1.570311,-0.300000,1.000000,1.100000,0.000000,0.000000,-1.571000,0.011328,0.991749,0.007686,0.991844
22.712000,-0.311323,0.008251,1.092295,0.002443,-0.000195,-0.009046,-0.000211,0.000004,1.570311,-0.300000,1.000000,1.100000,0.000000,0.000000,-1.571000,0.011323,0.991749,0.007705,0.991844
22.714000,-0.311318,0.008250,1.092277,0.002439,-0.000195,-0.009043,-0.000213,0.000005,1.570311,-0.300000,1.000000,1.100000,0.000000,0.000000,-1.571000,0.011318,0.991750,0.007723,0.991845
22.716000,-0.311313,0.008250,1.092259,0.002435,-0.000195,-0.009040,-0.000214,0.000005,1.570311,-0.300000,1.000000,1.100000,0.000000,0.000000,-1.571000,0.011313,0.991750,0.007741,0.991845
22.718000,-0.311309,0.008249,1.092241,0.002431,-0.000195,-0.009037,-0.000215,0.000006,1.570311,-0.300000,1.000000,1.100000,0.000000,0.000000,-1.571000,0.011309,0.991751,0.007759,0.991845
22.720000,-0.311304,0.008249,1.092223,0.002426,-0.000195,-0.009034,-0.000217,0.000007,1.570311,-0.300000,1.000000,1.100000,0.000000,0.000000,-1.571000,0.011304,0.991751,0.007777,0.991846
22.722000,-0.311299,0.008249,1.092205,0.002422,-0.000195,-0.009031,-0.000218,0.000008,1.570311,-0.300000,1.000000,1.100000,0.000000,0.000000,-1.571000,0.011299,0.991751,0.007795,0.991846
22.724000,-0.311294,0.008248,1.092187,0.002418,-0.000194,-0.009028,-0.000220,0.000008,1.570311,-0.300000,1.000000,1.100000,0.000000,0.000000,-1.571000,0.011294,0.991752,0.007813,0.991847
22.726000,-0.311289,0.008248,1.092169,0.002414,-0.000194,-0.009025,-0.000221,0.000009,1.570311,-0.300000,1.000000,1.100000,0.000000,0.000000,-1.571000,0.011289,0.991752,0.007831,0.991847
22.728000,-0.311284,0.008247,1.092151,0.002409,-0.000194,-0.009022,-0.000223,0.000010,1.570311,-0.300000,1.000000,1.100000,0.000000,0.000000,-1.571000,0.011284,0.991753,0.007849,0.991848
22.730000,-0.311280,0.008247,1.092133,0.002405,-0.000194,-0.009019,-0.000224,0.000010,1.570311,-0.300000,1.000000,1.100000,0.000000,0.000000,-1.571000,0.011280,0.991753,0.007867,0.991848
22.732000,-0.311275,0.008247,1.092115,0.002400,-0.000194,-0.009016,-0.000226,0.000011,1.570311,-0.300000,1.000000,1.100000,0.000000,0.000000,-1.571000,0.011275,0.991753,0.007885,0.991849
22.734000,-0.311270,0.008246,1.092097,0.002396,-0.000193,-0.009014,-0.000227,0.000011,1.570312,-0.300000,1.000000,1.100000,0.000000,0.000000,-1.571000,0.011270,0.991754,0.007903,0.991849
22.736000,-0.311265,0.008246,1.092079,0.002392,-0.000193,-0.009011,-0.000229,0.000011,1.570312,-0.300000,1.000000,1.100000,0.000000,0.000000,-1.571000,0.011265,0.991754,0.007921,0.991850
22.738000,-0.311260,0.008245,1.092061,0.002387,-0.000193,-0.009008,-0.000230,0.000012,1.570312,-0.300000,1.000000,1.100000,0.000000,0.000000,-1.571000,0.011260,0.991755,0.007939,0.991850
22.740000,-0.311256,0.008245,1.092043,0.002383,-0.000193,-0.009005,-0.000231,0.000012,1.570312,-0.300000,1.000000,1.100000,0.000000,0.000000,-1.571000,0.011256,0.991755,0.007957,0.991851
22.742000,-0.311251,0.008245,1.092025,0.002378,-0.000193,-0.009002,-0.000233,0.000012,1.570312,-0.300000,1.000000,1.100000,0.000000,0.000000,-1.571000,0.011251,0.991755,0.007975,0.991851
22.744000,-0.311246,0.008244,1.092007,0.002373,-0.000192,-0.008999,-0.000234,0.000012,1.570312,-0.300000,1.000000,1.100000,0.000000,0.000000,-1.571000,0.011246,0.991756,0.007993,0.991852
22.746000,-0.311241,0.008244,1.091989,0.002369,-0.000192,-0.008996,-0.000236,0.000013,1.570312,-0.300000,1.000000,1.100000,0.000000,0.000000,-1.571000,0.011241,0.991756,0.008011,0.991852
22.748000,-0.311237,0.008244,1.091971,0.002364,-0.000192,-0.008994,-0.000237,0.000013,1.570312,-0.300000,1.000000,1.100000,0.000000,0.000000,-1.571000,0.011237,0.991756,0.008029,0.991853
22.750000,-0.311232,0.008243,1.091953,0.002360,-0.000192,-0.008991,-0.000239,0.000013,1.570312,-0.300000,1.000000,1.100000,0.000000,0.000000,-1.571000,0.011232,0.991757,0.008047,0.991853
22.752000,-0.311227,0.008243,1.091935,0.002355,-0.000191,-0.008988,-0.000240,0.000012,1.570312,-0.300000,1.000000,1.100000,0.000000,0.000000,-1.571000,0.011227,0.991757,0.008065,0.991854
22.754000,-0.311223,0.008242,1.091917,0.002350,-0.000191,-0.008985,-0.000242,0.000012,1.570312,-0.300000,1.000000,1.100000,0.000000,0.000000,-1.571000,0.011223,0.991758,0.008083,0.991854
22.756000,-0.311218,0.008242,1.091899,0.002345,-0.000191,-0.008982,-0.000243,0.000012,1.570312,-0.300000,1.000000,1.100000,0.000000,0.000000,-1.571000,0.011218,0.991758,0.008101,0.991854
22.758000,-0.311213,0.008242,1.091881,0.002341,-0.000191,-0.008979,-0.000245,0.000012,1.570312,-0.300000,1.000000,1.100000,0.000000,0.000000,-1.571000,0.011213,0.991758,0.008119,0.991855
22.760000,-0.311208,0.008241,1.091863,0.002336,-0.000190,-0.008977,-0.000246,0.000012,1.570312,-0.300000,1.000000,1.100000,0.000000,0.000000,-1.571000,0.011208,0.991759,0.008137,0.991855
22.762000,-0.311204,0.008241,1.091845,0.002331,-0.000190,-0.008974,-0.000248,0.000011,1.570312,-0.300000,1.000000,1.100000,0.000000,0.000000,-1.571000,0.011204,0.991759,0.008155,0.991856
22.764000,-0.311199,0.008241,1.091827,0.002326,-0.000190,-0.008971,-0.000249,0.000011,1.570312,-0.300000,1.000000,1.100000,0.000000,0.000000,-1.571000,0.011199,0.991759,0.008173,0.991856
22.766000,-0.311194,0.008240,1.091809,0.002321,-0.000190,-0.008968,-0.000251,0.000011,1.570312,-0.300000,1.000000,1.100000,0.000000,0.000000,-1.571000,0.011194,0.991760,0.008191,0.991857
22.768000,-0.311190,0.008240,1.091791,0.002316,-0.000189,-0.008965,-0.000252,0.000010,1.570312,-0.300000,1.000000,1.100000,0.000000,0.000000,-1.571000,0.011190,0.991760,0.008209,0.991857
22.770000,-0.311185,0.008239,1.091773,0.002311,-0.000189,-0.008963,-0.000254,0.000010,1.570312,-0.300000,1.000000,1.100000,0.000000,0.000000,-1.571000,0.011185,0.991761,0.008227,0.991858
22.772000,-0.311181,0.008239,1.091755,0.002306,-0.000189,-0.008960,-0.000255,0.000010,1.570312,-0.300000,1.000000,1.100000,0.000000,0.000000,-1.571000,0.011181,0.991761,0.008245,0.991858
22.774000,-0.311176,0.008239,1.091737,0.002301,-0.000189,-0.008957,-0.000257,0.000009,1.570312,-0.300000,1.000000,1.100000,0.000000,0.000000,-1.571000,0.011176,0.991761,0.008263,0.991859
22.776000,-0.311171,0.008238,1.091719,0.002296,-0.000189,-0.008954,-0.000258,0.000009,1.570311,-0.300000,1.000000,1.100000,0.000000,0.000000,-1.571000,0.011171,0.991762,0.008281,0.991859
22.778000,-0.311167,0.008238,1.091702,0.002291,-0.000189,-0.008951,-0.000260,0.000008,1.570311,-0.300000,1.000000,1.100000,0.000000,0.000000,-1.571000,0.011167,0.991762,0.008298,0.991860
22.780000,-0.311162,0.008237,1.091684,0.002286,-0.000188,-0.008949,-0.000261,0.000008,1.570311,-0.300000,1.000000,1.100000,0.000000,0.000000,-1.571000,0.011162,0.991763,0.008316,0.991860
22.782000,-0.311158,0.008237,1.091666,0.002281,-0.000188,-0.008946,-0.000263,0.000008,1.570311,-0.300000,1.000000,1.100000,0.000000,0.000000,-1.571000,0.011158,0.991763,0.008334,0.991861
22.784000,-0.311153,0.008237,1.091648,0.002276,-0.000188,-0.008943,-0.000264,0.000007,1.570311,-0.300000,1.000000,1.100000,0.000000,0.000000,-1.571000,0.011153,0.991763,0.008352,0.991861
22.786000,-0.311149,0.008236,1.091630,0.002271,-0.000188,-0.008940,-0.000266,0.000007,1.570311,-0.300000,1.000000,1.100000,0.000000,0.000000,-1.571000,0.011149,0.991764,0.008370,0.991862
22.788000,-0.311144,0.008236,1.091612,0.002265,-0.000188,-0.008937,-0.000267,0.000006,1.570310,-0.300000,1.000000,1.100000,0.000000,0.000000,-1.571000,0.011144,0.991764,0.008388,0.991862
22.790000,-0.311140,0.008236,1.091594,0.002260,-0.000188,-0.008935,-0.000269,0.000006,1.570310,-0.300000,1.000000,1.100000,0.000000,0.000000,-1.571000,0.011140,0.991764,0.008406,0.991863
22.792000,-0.311135,0.008235,1.091576,0.002255,-0.000188,-0.008932,-0.000270,0.000005,1.570310,-0.300000,1.000000,1.100000,0.000000,0.000000,-1.571000,0.011135,0.991765,0.008424,0.991863
22.794000,-0.311131,0.008235,1.091559,0.002250,-0.000187,-0.008930,-0.000272,0.000005,1.570310,-0.300000,1.000000,1.100000,0.000000,0.000000,-1.571000,0.011131,0.991765,0.008441,0.991864
22.796000,-0.311126,0.008234,1.091541,0.002244,-0.000187,-0.008927,-0.000273,0.000004,1.570310,-0.300000,1.000000,1.100000,0.000000,0.000000,-1.571000,0.011126,0.991766,0.008459,0.991864
22.798000,-0.311122,0.008234,1.091523,0.002239,-0.000187,-0.008925,-0.000275,0.000004,1.570310,-0.300000,1.000000,1.100000,0.000000,0.000000,-1.571000,0.011122,0.991766,0.008477,0.991864
22.800000,-0.311117,0.008234,1.091505,0.002233,-0.000187,-0.008924,-0.000276,0.000003,1.570310,-0.300000,1.000000,1.100000,0.000000,0.000000,-1.571000,0.011117,0.991766,0.008495,0.991865
22.802000,-0.311113,0.008233,1.091487,0.002228,-0.000187,-0.008922,-0.000278,0.000003,1.570310,-0.300000,1.000000,1.100000,0.000000,0.000000,-1.571000,0.011113,0.991767,0.008513,0.991865
22.804000,-0.311108,0.008233,1.091469,0.002223,-0.000187,-0.008921,-0.000279,0.000003,1.570310,-0.300000,1.000000,1.100000,0.000000,0.000000,-1.571000,0.011108,0.991767,0.008531,0.991866
22.806000,-0.311104,0.008233,1.091451,0.002217,-0.000187,-0.008920,-0.000280,0.000002,1.570310,-0.300000,1.000000,1.100000,0.000000,0.000000,-1.571000,0.011104,0.991767,0.008549,0.991866
22.808000,-0.311099,0.008232,1.091434,0.002212,-0.000187,-0.008919,-0.000282,0.000002,1.570310,-0.300000,1.000000,1.100000,0.000000,0.000000,-1.571000,0.011099,0.991768,0.008566,0.991867
22.810000,-0.311095,0.008232,1.091416,0.002206,-0.000187,-0.008918,-0.000283,0.000002,1.570310,-0.300000,1.000000,1.100000,0.000000,0.000000,-1.571000,0.011095,0.991768,0.008584,0.991867
22.812000,-0.311090,0.008231,1.091398,0.002201,-0.000187,-0.008917,-0.000284,0.000001,1.570309,-0.300000,1.000000,1.100000,0.000000,0.000000,-1.571000,0.011090,0.991769,0.008602,0.991868
22.814000,-0.311086,0.008231,1.091380,0.002195,-0.000187,-0.008916,-0.000286,0.000001,1.570309,-0.300000,1.000000,1.100000,0.000000,0.000000,-1.571000,0.011086,0.991769,0.008620,0.991868
22.816000,-0.311082,0.008231,1.091362,0.002189,-0.000187,-0.008915,-0.000287,0.000001,1.570309,-0.300000,1.000000,1.100000,0.000000,0.000000,-1.571000,0.011082,0.991769,0.008638,0.991869
22.818000,-0.311077,0.008230,1.091344,0.002184,-0.000187,-0.008915,-0.000288,0.000000,1.570309,-0.300000,1.000000,1.100000,0.000000,0.000000,-1.571000,0.011077,0.991770,0.008656,0.991869
22.820000,-0.311073,0.008230,1.091327,0.002178,-0.000187,-0.008914,-0.000289,0.000000,1.570309,-0.300000,1.000000,1.100000,0.000000,0.000000,-1.571000,0.011073,0.991770,0.008673,0.991870
22.822000,-0.311069,0.008230,1.091309,0.002172,-0.000187,-0.008914,-0.000290,-0.000000,1.570309,-0.300000,1.000000,1.100000,0.000000,0.000000,-1.571000,0.011069,0.991770,0.008691,0.991870
22.824000,-0.311064,0.008229,1.091291,0.002167,-0.000187,-0.008913,-0.000291,-0.000001,1.570309,-0.300000,1.000000,1.100000,0.000000,0.000000,-1.571000,0.011064,0.991771,0.008709,0.991871
22.826000,-0.311060,0.008229,1.091273,0.002161,-0.000187,-0.008913,-0.000292,-0.000001,1.570309,-0.300000,1.000000,1.100000,0.000000,0.000000,-1.571000,0.011060,0.991771,0.008727,0.991871
22.828000,-0.311056,0.008228,1.091255,0.002155,-0.000187,-0.008913,-0.000293,-0.000001,1.570309,-0.300000,1.000000,1.100000,0.000000,0.000000,-1.571000,0.011056,0.991772,0.008745,0.991872
22.830000,-0.311051,0.008228,1.091238,0.002150,-0.000187,-0.008913,-0.000293,-0.000002,1.570309,-0.300000,1.000000,1.100000,0.000000,0.000000,-1.571000,0.011051,0.991772,0.008762,0.991872
22.832000,-0.311047,0.008228,1.091220,0.002144,-0.000187,-0.008912,-0.000294,-0.000002,1.570309,-0.300000,1.000000,1.100000,0.000000,0.000000,-1.571000,0.011047,0.991772,0.008780,0.991873
22.834000,-0.311043,0.008227,1.091202,0.002138,-0.000187,-0.008912,-0.000294,-0.000002,1.570309,-0.300000,1.000000,1.100000,0.000000,0.000000,-1.571000,0.011043,0.991773,0.008798,0.991873
22.836000,-0.311039,0.008227,1.091184,0.002132,-0.000187,-0.008912,-0.000295,-0.000003,1.570309,-0.300000,1.000000,1.100000,0.000000,0.000000,-1.571000,0.011039,0.991773,0.008816,0.991874
22.838000,-0.311034,0.008227,1.091166,0.002126,-0.000187,-0.008912,-0.000295,-0.000003,1.570309,-0.300000,1.000000,1.100000,0.000000,0.000000,-1.571000,0.011034,0.991773,0.008834,0.991874
22.840000,-0.311030,0.008226,1.091148,0.002121,-0.000187,-0.008912,-0.000294,-0.000003,1.570309,-0.300000,1.000000,1.100000,0.000000,0.000000,-1.571000,0.011030,0.991774,0.008852,0.991875
22.842000,-0.311026,0.008226,1.091131,0.002115,-0.000187,-0.008912,-0.000294,-0.000004,1.570309,-0.300000,1.000000,1.100000,0.000000,0.000000,-1.571000,0.011026,0.991774,0.008869,0.991875
22.844000,-0.311022,0.008226,1.091113,0.002109,-0.000187,-0.008912,-0.000293,-0.000004,1.570309,-0.300000,1.000000,1.100000,0.000000,0.000000,-1.571000,0.011022,0.991774,0.008887,0.991876
22.846000,-0.311017,0.008225,1.091095,0.002103,-0.000187,-0.008912,-0.000292,-0.000004,1.570309,-0.300000,1.000000,1.100000,0.000000,0.000000,-1.571000,0.011017,0.991775,0.008905,0.991876
22.848000,-0.311013,0.008225,1.091077,0.002098,-0.000187,-0.008912,-0.000291,-0.000005,1.570309,-0.300000,1.000000,1.100000,0.000000,0.000000,-1.571000,0.011013,0.991775,0.008923,0.991877
22.850000,-0.311009,0.008224,1.091059,0.002092,-0.000187,-0.008912,-0.000289,-0.000005,1.570309,-0.300000,1.000000,1.100000,0.000000,0.000000,-1.571000,0.011009,0.991776,0.008941,0.991877
22.852000,-0.311005,0.008224,1.091041,0.002086,-0.000188,-0.008912,-0.000287,-0.000006,1.570309,-0.300000,1.000000,1.100000,0.000000,0.000000,-1.571000,0.011005,0.991776,0.008959,0.991878
22.854000,-0.311001,0.008224,1.091024,0.002081,-0.000188,-0.008912,-0.000285,-0.000006,1.570309,-0.300000,1.000000,1.100000,0.000000,0.000000,-1.571000,0.011001,0.991776,0.008976,0.991878
22.856000,-0.310996,0.008223,1.091006,0.002075,-0.000188,-0.008912,-0.000282,-0.000006,1.570309,-0.300000,1.000000,1.100000,0.000000,0.000000,-1.571000,0.010996,0.991777,0.008994,0.991878
22.858000,-0.310992,0.008223,1.090988,0.002070,-0.000188,-0.008912,-0.000279,-0.000007,1.570308,-0.300000,1.000000,1.100000,0.000000,0.000000,-1.571000,0.010992,0.991777,0.009012,0.991879
22.860000,-0.310988,0.008222,1.090970,0.002064,-0.000188,-0.008913,-0.000276,-0.000007,1.570308,-0.300000,1.000000,1.100000,0.000000,0.000000,-1.571000,0.010988,0.991778,0.009030,0.991879
22.862000,-0.310984,0.008222,1.090952,0.002059,-0.000188,-0.008913,-0.000273,-0.000008,1.570308,-0.300000,1.000000,1.100000,0.000000,0.000000,-1.571000,0.010984,0.991778,0.009048,0.991880
22.864000,-0.310980,0.008222,1.090934,0.002053,-0.000188,-0.008913,-0.000269,-0.000008,1.570308,-0.300000,1.000000,1.100000,0.000000,0.000000,-1.571000,0.010980,0.991778,0.009066,0.991880
22.866000,-0.310976,0.008221,1.090917,0.002048,-0.000188,-0.008913,-0.000266,-0.000009,1.570308,-0.300000,1.000000,1.100000,0.000000,0.000000,-1.571000,0.010976,0.991779,0.009083,0.991881
22.868000,-0.310972,0.008221,1.090899,0.002043,-0.000189,-0.008913,-0.000262,-0.000009,1.570308,-0.300000,1.000000,1.100000,0.000000,0.000000,-1.571000,0.010972,0.991779,0.009101,0.991881
22.870000,-0.310968,0.008221,1.090881,0.002038,-0.000189,-0.008913,-0.000257,-0.000010,1.570308,-0.300000,1.000000,1.100000,0.000000,0.000000,-1.571000,0.010968,0.991779,0.009119,0.991882
22.872000,-0.310964,0.008220,1.090863,0.002033,-0.000189,-0.008913,-0.000253,-0.000010,1.570308,-0.300000,1.000000,1.100000,0.000000,0.000000,-1.571000,0.010964,0.991780,0.009137,0.991882
22.874000,-0.310960,0.008220,1.090845,0.002028,-0.000189,-0.008914,-0.000248,-0.000011,1.570308,-0.300000,1.000000,1.100000,0.000000,0.000000,-1.571000,0.010960,0.991780,0.009155,0.991883
22.876000,-0.310956,0.008219,1.090828,0.002023,-0.000189,-0.008914,-0.000243,-0.000011,1.570308,-0.300000,1.000000,1.100000,0.000000,0.000000,-1.571000,0.010956,0.991781,0.009172,0.991883
22.878000,-0.310952,0.008219,1.090810,0.002018,-0.000190,-0.008914,-0.000238,-0.000011,1.570308,-0.300000,1.000000,1.100000,0.000000,0.000000,-1.571000,0.010952,0.991781,0.009190,0.991884
22.880000,-0.310947,0.008219,1.090792,0.002014,-0.000190,-0.008914,-0.000233,-0.000012,1.570308,-0.300000,1.000000,1.100000,0.000000,0.000000,-1.571000,0.010947,0.991781,0.009208,0.991884
22.882000,-0.310943,0.008218,1.090774,0.002009,-0.000190,-0.008914,-0.000228,-0.000012,1.570308,-0.300000,1.000000,1.100000,0.000000,0.000000,-1.571000,0.010943,0.991782,0.009226,0.991885
22.884000,-0.310939,0.008218,1.090756,0.002005,-0.000190,-0.008915,-0.000223,-0.000013,1.570308,-0.300000,1.000000,1.100000,0.000000,0.000000,-1.571000,0.010939,0.991782,0.009244,0.991885
22.886000,-0.310935,0.008218,1.090738,0.002000,-0.000191,-0.008915,-0.000217,-0.000013,1.570308,-0.300000,1.000000,1.100000,0.000000,0.000000,-1.571000,0.010935,0.991782,0.009262,0.991886
22.888000,-0.310931,0.008217,1.090721,0.001996,-0.000191,-0.008915,-0.000212,-0.000014,1.570308,-0.300000,1.000000,1.100000,0.000000,0.000000,-1.571000,0.010931,0.991783,0.009279,0.991886
22.890000,-0.310927,0.008217,1.090703,0.001992,-0.000191,-0.008915,-0.000206,-0.000014,1.570308,-0.300000,1.000000,1.100000,0.000000,0.000000,-1.571000,0.010927,0.991783,0.009297,0.991887
22.892000,-0.310923,0.008216,1.090685,0.001988,-0.000191,-0.008915,-0.000200,-0.000014,1.570308,-0.300000,1.000000,1.100000,0.000000,0.000000,-1.571000,0.010923,0.991784,0.009315,0.991887
22.894000,-0.310920,0.008216,1.090667,0.001984,-0.000192,-0.008916,-0.000195,-0.000015,1.570308,-0.300000,1.000000,1.100000,0.000000,0.000000,-1.571000,0.010920,0.991784,0.009333,0.991888
22.896000,-0.310916,0.008216,1.090649,0.001980,-0.000192,-0.008916,-0.000189,-0.000015,1.570307,-0.300000,1.000000,1.100000,0.000000,0.000000,-1.571000,0.010916,0.991784,0.009351,0.991888
22.898000,-0.310912,0.008215,1.090631,0.001977,-0.000192,-0.008916,-0.000183,-0.000015,1.570307,-0.300000,1.000000,1.100000,0.000000,0.000000,-1.571000,0.010912,0.991785,0.009369,0.991889
22.900000,-0.310908,0.008215,1.090614,0.001973,-0.000193,-0.008916,-0.000177,-0.000016,1.570307,-0.300000,1.000000,1.100000,0.000000,0.000000,-1.571000,0.010908,0.991785,0.009386,0.991889
22.902000,-0.310904,0.008215,1.090596,0.001970,-0.000193,-0.008916,-0.000171,-0.000016,1.570307,-0.300000,1.000000,1.100000,0.000000,0.000000,-1.571000,0.010904,0.991785,0.009404,0.991890
22.904000,-0.310900,0.008214,1.090578,0.001966,-0.000193,-0.008917,-0.000165,-0.000016,1.570307,-0.300000,1.000000,1.100000,0.000000,0.000000,-1.571000,0.010900,0.991786,0.009422,0.991891
22.906000,-0.310896,0.008214,1.090560,0.001963,-0.000194,-0.008917,-0.000159,-0.000016,1.570307,-0.300000,1.000000,1.100000,0.000000,0.000000,-1.571000,0.010896,0.991786,0.009440,0.991891
22.908000,-0.310892,0.008213,1.090542,0.001960,-0.000194,-0.008917,-0.000153,-0.000016,1.570307,-0.300000,1.000000,1.100000,0.000000,0.000000,-1.571000,0.010892,0.991787,0.009458,0.991892
22.910000,-0.310888,0.008213,1.090524,0.001957,-0.000194,-0.008917,-0.000146,-0.000016,1.570307,-0.300000,1.000000,1.100000,0.000000,0.000000,-1.571000,0.010888,0.991787,0.009476,0.991892
22.912000,-0.310884,0.008213,1.090507,0.001954,-0.000194,-0.008917,-0.000140,-0.000016,1.570307,-0.300000,1.000000,1.100000,0.000000,0.000000,-1.571000,0.010884,0.991787,0.009493,0.991893
22.914000,-0.310880,0.008212,1.090489,0.001952,-0.000195,-0.008918,-0.000134,-0.000016,1.570307,-0.300000,1.000000,1.100000,0.000000,0.000000,-1.571000,0.010880,0.991788,0.009511,0.991893
22.916000,-0.310876,0.008212,1.090471,0.001949,-0.000195,-0.008918,-0.000128,-0.000016,1.570307,-0.300000,1.000000,1.100000,0.000000,0.000000,-1.571000,0.010876,0.991788,0.009529,0.991894
22.918000,-0.310872,0.008211,1.090453,0.001946,-0.000195,-0.008918,-0.000122,-0.000016,1.570307,-0.300000,1.000000,1.100000,0.000000,0.000000,-1.571000,0.010872,0.991789,0.009547,0.991894
22.920000,-0.310869,0.008211,1.090435,0.001944,-0.000196,-0.008918,-0.000115,-0.000016,1.570307,-0.300000,1.000000,1.100000,0.000000,0.000000,-1.571000,0.010869,0.991789,0.009565,0.991895
22.922000,-0.310865,0.008211,1.090417,0.001942,-0.000196,-0.008919,-0.000109,-0.000015,1.570307,-0.300000,1.000000,1.100000,0.000000,0.000000,-1.571000,0.010865,0.991789,0.009583,0.991895
22.924000,-0.310861,0.008210,1.090400,0.001940,-0.000196,-0.008919,-0.000103,-0.000015,1.570307,-0.300000,1.000000,1.100000,0.000000,0.000000,-1.571000,0.010861,0.991790,0.009600,0.991896
22.926000,-0.310857,0.008210,1.090382,0.001938,-0.000197,-0.008919,-0.000097,-0.000015,1.570307,-0.300000,1.000000,1.100000,0.000000,0.000000,-1.571000,0.010857,0.991790,0.009618,0.991896
22.928000,-0.310853,0.008209,1.090364,0.001936,-0.000197,-0.008919,-0.000090,-0.000014,1.570307,-0.300000,1.000000,1.100000,0.000000,0.000000,-1.571000,0.010853,0.991791,0.009636,0.991897
22.930000,-0.310849,0.008209,1.090346,0.001934,-0.000197,-0.008919,-0.000084,-0.000014,1.570307,-0.300000,1.000000,1.100000,0.000000,0.000000,-1.571000,0.010849,0.991791,0.009654,0.991897
22.932000,-0.310845,0.008209,1.090328,0.001933,-0.000197,-0.008920,-0.000078,-0.000014,1.570307,-0.300000,1.000000,1.100000,0.000000,0.000000,-1.571000,0.010845,0.991791,0.009672,0.991898
22.934000,-0.310841,0.008208,1.090310,0.001931,-0.000198,-0.008920,-0.000072,-0.000014,1.570306,-0.300000,1.000000,1.100000,0.000000,0.000000,-1.571000,0.010841,0.991792,0.009690,0.991898
22.936000,-0.310838,0.008208,1.090293,0.001930,-0.000198,-0.008920,-0.000066,-0.000013,1.570306,-0.300000,1.000000,1.100000,0.000000,0.000000,-1.571000,0.010838,0.991792,0.009707,0.991899
22.938000,-0.310834,0.008207,1.090275,0.001928,-0.000198,-0.008920,-0.000060,-0.000013,1.570306,-0.300000,1.000000,1.100000,0.000000,0.000000,-1.571000,0.010834,0.991793,0.009725,0.991899
22.940000,-0.310830,0.008207,1.090257,0.001927,-0.000198,-0.008921,-0.000054,-0.000012,1.570306,-0.300000,1.000000,1.100000,0.000000,0.000000,-1.571000,0.010830,0.991793,0.009743,0.991900
22.942000,-0.310826,0.008207,1.090239,0.001926,-0.000199,-0.008921,-0.000048,-0.000012,1.570306,-0.300000,1.000000,1.100000,0.000000,0.000000,-1.571000,0.010826,0.991793,0.009761,0.991900
22.944000,-0.310822,0.008206,1.090221,0.001925,-0.000199,-0.008921,-0.000043,-0.000012,1.570306,-0.300000,1.000000,1.100000,0.000000,0.000000,-1.571000,0.010822,0.991794,0.009779,0.991901
22.946000,-0.310818,0.008206,1.090203,0.001925,-0.000199,-0.008921,-0.000037,-0.000011,1.570306,-0.300000,1.000000,1.100000,0.000000,0.000000,-1.571000,0.010818,0.991794,0.009797,0.991902
22.948000,-0.310814,0.008205,1.090185,0.001924,-0.000199,-0.008921,-0.000032,-0.000011,1.570306,-0.300000,1.000000,1.100000,0.000000,0.000000,-1.571000,0.010814,0.991795,0.009815,0.991902
22.950000,-0.310811,0.008205,1.090168,0.001923,-0.000200,-0.008922,-0.000026,-0.000011,1.570306,-0.300000,1.000000,1.100000,0.000000,0.000000,-1.571000,0.010811,0.991795,0.009832,0.991903
22.952000,-0.310807,0.008205,1.090150,0.001923,-0.000200,-0.008922,-0.000021,-0.000010,1.570306,-0.300000,1.000000,1.100000,0.000000,0.000000,-1.571000,0.010807,0.991795,0.009850,0.991903
22.954000,-0.310803,0.008204,1.090132,0.001922,-0.000200,-0.008922,-0.000016,-0.000010,1.570306,-0.300000,1.000000,1.100000,0.000000,0.000000,-1.571000,0.010803,0.991796,0.009868,0.991904
22.956000,-0.310799,0.008204,1.090114,0.001922,-0.000200,-0.008922,-0.000012,-0.000009,1.570306,-0.300000,1.000000,1.100000,0.000000,0.000000,-1.571000,0.010799,0.991796,0.009886,0.991904
22.958000,-0.310795,0.008203,1.090096,0.001922,-0.000200,-0.008923,-0.000007,-0.000009,1.570306,-0.300000,1.000000,1.100000,0.000000,0.000000,-1.571000,0.010795,0.991797,0.009904,0.991905
22.960000,-0.310791,0.008203,1.090078,0.001922,-0.000201,-0.008923,-0.000003,-0.000009,1.570306,-0.300000,1.000000,1.100000,0.000000,0.000000,-1.571000,0.010791,0.991797,0.009922,0.991905
22.962000,-0.310788,0.008203,1.090061,0.001922,-0.000201,-0.008923,0.000002,-0.000008,1.570306,-0.300000,1.000000,1.100000,0.000000,0.000000,-1.571000,0.010788,0.991797,0.009939,0.991906
22.964000,-0.310784,0.008202,1.090043,0.001922,-0.000201,-0.008923,0.000006,-0.000008,1.570306,-0.300000,1.000000,1.100000,0.000000,0.000000,-1.571000,0.010784,0.991798,0.009957,0.991906
22.966000,-0.310780,0.008202,1.090025,0.001922,-0.000201,-0.008923,0.000009,-0.000008,1.570306,-0.300000,1.000000,1.100000,0.000000,0.000000,-1.571000,0.010780,0.991798,0.009975,0.991907
22.968000,-0.310776,0.008201,1.090007,0.001922,-0.000201,-0.008924,0.000013,-0.000007,1.570306,-0.300000,1.000000,1.100000,0.000000,0.000000,-1.571000,0.010776,0.991799,0.009993,0.991907
22.970000,-0.310772,0.008201,1.089989,0.001922,-0.000201,-0.008924,0.000016,-0.000007,1.570306,-0.300000,1.000000,1.100000,0.000000,0.000000,-1.571000,0.010772,0.991799,0.010011,0.991908
22.972000,-0.310768,0.008201,1.089971,0.001923,-0.000201,-0.008924,0.000019,-0.000007,1.570306,-0.300000,1.000000,1.100000,0.000000,0.000000,-1.571000,0.010768,0.991799,0.010029,0.991908
22.974000,-0.310764,0.008200,1.089953,0.001923,-0.000202,-0.008924,0.000022,-0.000006,1.570305,-0.300000,1.000000,1.100000,0.000000,0.000000,-1.571000,0.010764,0.991800,0.010047,0.991909
22.976000,-0.310761,0.008200,1.089936,0.001924,-0.000202,-0.008925,0.000025,-0.000006,1.570305,-0.300000,1.000000,1.100000,0.000000,0.000000,-1.571000,0.010761,0.991800,0.010064,0.991910
22.978000,-0.310757,0.008199,1.089918,0.001924,-0.000202,-0.008925,0.000027,-0.000006,1.570305,-0.300000,1.000000,1.100000,0.000000,0.000000,-1.571000,0.010757,0.991801,0.010082,0.991910
22.980000,-0.310753,0.008199,1.089900,0.001925,-0.000202,-0.008925,0.000030,-0.000005,1.570305,-0.300000,1.000000,1.100000,0.000000,0.000000,-1.571000,0.010753,0.991801,0.010100,0.991911
22.982000,-0.310749,0.008199,1.089882,0.001925,-0.000202,-0.008925,0.000032,-0.000005,1.570305,-0.300000,1.000000,1.100000,0.000000,0.000000,-1.571000,0.010749,0.991801,0.010118,0.991911
22.984000,-0.310745,0.008198,1.089864,0.001926,-0.000202,-0.008925,0.000033,-0.000005,1.570305,-0.300000,1.000000,1.100000,0.000000,0.000000,-1.571000,0.010745,0.991802,0.010136,0.991912
22.986000,-0.310741,0.008198,1.089846,0.001926,-0.000202,-0.008926,0.000035,-0.000004,1.570305,-0.300000,1.000000,1.100000,0.000000,0.000000,-1.571000,0.010741,0.991802,0.010154,0.991912
22.988000,-0.310737,0.008197,1.089829,0.001927,-0.000202,-0.008926,0.000036,-0.000004,1.570305,-0.300000,1.000000,1.100000,0.000000,0.000000,-1.571000,0.010737,0.991803,0.010171,0.991913
22.990000,-0.310734,0.008197,1.089811,0.001928,-0.000202,-0.008926,0.000038,-0.000004,1.570305,-0.300000,1.000000,1.100000,0.000000,0.000000,-1.571000,0.010734,0.991803,0.010189,0.991913
22.992000,-0.310730,0.008197,1.089793,0.001929,-0.000202,-0.008925,0.000039,-0.000004,1.570305,-0.300000,1.000000,1.100000,0.000000,0.000000,-1.571000,0.010730,0.991803,0.010207,0.991914
22.994000,-0.310726,0.008196,1.089775,0.001929,-0.000203,-0.008924,0.000040,-0.000003,1.570305,-0.300000,1.000000,1.100000,0.000000,0.000000,-1.571000,0.010726,0.991804,0.010225,0.991914
22.996000,-0.310722,0.008196,1.089757,0.001930,-0.000203,-0.008923,0.000041,-0.000003,1.570305,-0.300000,1.000000,1.100000,0.000000,0.000000,-1.571000,0.010722,0.991804,0.010243,0.991915
22.998000,-0.310718,0.008195,1.089739,0.001931,-0.000203,-0.008921,0.000041,-0.000003,1.570305,-0.300000,1.000000,1.100000,0.000000,0.000000,-1.571000,0.010718,0.991805,0.010261,0.991916
23.000000,-0.310714,0.008195,1.089721,0.001932,-0.000203,-0.008918,0.000042,-0.000003,1.570305,-0.300000,1.000000,1.100000,0.000000,0.000000,-1.571000,0.010714,0.991805,0.010279,0.991916
23.002000,-0.310710,0.008195,1.089704,0.001933,-0.000203,-0.008916,0.000042,-0.000002,1.570305,-0.300000,1.000000,1.100000,0.000000,0.000000,-1.571000,0.010710,0.991805,0.010296,0.991917
23.004000,-0.310707,0.008194,1.089686,0.001933,-0.000203,-0.008913,0.000042,-0.000002,1.570305,-0.300000,1.000000,1.100000,0.000000,0.000000,-1.571000,0.010707,0.991806,0.010314,0.991917
23.006000,-0.310703,0.008194,1.089668,0.001934,-0.000203,-0.008910,0.000043,-0.000002,1.570305,-0.300000,1.000000,1.100000,0.000000,0.000000,-1.571000,0.010703,0.991806,0.010332,0.991918
23.008000,-0.310699,0.008193,1.089650,0.001935,-0.000203,-0.008906,0.000043,-0.000002,1.570305,-0.300000,1.000000,1.100000,0.000000,0.000000,-1.571000,0.010699,0.991807,0.010350,0.991918
23.010000,-0.310695,0.008193,1.089632,0.001936,-0.000203,-0.008903,0.000043,-0.000002,1.570305,-0.300000,1.000000,1.100000,0.000000,0.000000,-1.571000,0.010695,0.991807,0.010368,0.991919
23.012000,-0.310691,0.008193,1.089615,0.001937,-0.000203,-0.008899,0.000042,-0.000001,1.570305,-0.300000,1.000000,1.100000,0.000000,0.000000,-1.571000,0.010691,0.991807,0.010385,0.991919
23.014000,-0.310687,0.008192,1.089597,0.001938,-0.000203,-0.008895,0.000042,-0.000001,1.570305,-0.300000,1.000000,1.100000,0.000000,0.000000,-1.571000,0.010687,0.991808,0.010403,0.991920
23.016000,-0.310683,0.008192,1.089579,0.001938,-0.000203,-0.008891,0.000042,-0.000001,1.570305,-0.300000,1.000000,1.100000,0.000000,0.000000,-1.571000,0.010683,0.991808,0.010421,0.991921
23.018000,-0.310679,0.008191,1.089561,0.001939,-0.000203,-0.008886,0.000041,-0.000001,1.570305,-0.300000,1.000000,1.100000,0.000000,0.000000,-1.571000,0.010679,0.991809,0.010439,0.991921
23.020000,-0.310676,0.008191,1.089543,0.001940,-0.000203,-0.008882,0.000041,-0.000001,1.570305,-0.300000,1.000000,1.100000,0.000000,0.000000,-1.571000,0.010676,0.991809,0.010457,0.991922
23.022000,-0.310672,0.008191,1.089526,0.001941,-0.000203,-0.008877,0.000040,-0.000000,1.570305,-0.300000,1.000000,1.100000,0.000000,0.000000,-1.571000,0.010672,0.991809,0.010474,0.991922
23.024000,-0.310668,0.008190,1.089508,0.001942,-0.000203,-0.008872,0.000040,0.000000,1.570305,-0.300000,1.000000,1.100000,0.000000,0.000000,-1.571000,0.010668,0.991810,0.010492,0.991923
23.026000,-0.310664,0.008190,1.089490,0.001942,-0.000203,-0.008868,0.000039,0.000000,1.570305,-0.300000,1.000000,1.100000,0.000000,0.000000,-1.571000,0.010664,0.991810,0.010510,0.991923
23.028000,-0.310660,0.008189,1.089472,0.001943,-0.000203,-0.008863,0.000038,0.000001,1.570305,-0.300000,1.000000,1.100000,0.000000,0.000000,-1.571000,0.010660,0.991811,0.010528,0.991924
23.030000,-0.310656,0.008189,1.089455,0.001944,-0.000203,-0.008858,0.000038,0.000001,1.570305,-0.300000,1.000000,1.100000,0.000000,0.000000,-1.571000,0.010656,0.991811,0.010545,0.991924
23.032000,-0.310652,0.008189,1.089437,0.001945,-0.000203,-0.008853,0.000037,0.000002,1.570305,-0.300000,1.000000,1.100000,0.000000,0.000000,-1.571000,0.010652,0.991811,0.010563,0.991925
23.034000,-0.310648,0.008188,1.089419,0.001945,-0.000203,-0.008848,0.000036,0.000002,1.570305,-0.300000,1.000000,1.100000,0.000000,0.000000,-1.571000,0.010648,0.991812,0.010581,0.991925
23.036000,-0.310645,0.008188,1.089402,0.001946,-0.000203,-0.008842,0.000035,0.000002,1.570305,-0.300000,1.000000,1.100000,0.000000,0.000000,-1.571000,0.010645,0.991812,0.010598,0.991926
23.038000,-0.310641,0.008187,1.089384,0.001947,-0.000203,-0.008837,0.000034,0.000003,1.570305,-0.300000,1.000000,1.100000,0.000000,0.000000,-1.571000,0.010641,0.991813,0.010616,0.991927
23.040000,-0.310637,0.008187,1.089366,0.001947,-0.000203,-0.008832,0.000033,0.000004,1.570305,-0.300000,1.000000,1.100000,0.000000,0.000000,-1.571000,0.010637,0.991813,0.010634,0.991927
23.042000,-0.310633,0.008186,1.089349,0.001948,-0.000203,-0.008826,0.000032,0.000004,1.570305,-0.300000,1.000000,1.100000,0.000000,0.000000,-1.571000,0.010633,0.991814,0.010651,0.991928
23.044000,-0.310629,0.008186,1.089331,0.001949,-0.000203,-0.008821,0.000031,0.000005,1.570305,-0.300000,1.000000,1.100000,0.000000,0.000000,-1.571000,0.010629,0.991814,0.010669,0.991928
23.046000,-0.310625,0.008186,1.089313,0.001949,-0.000203,-0.008816,0.000031,0.000005,1.570305,-0.300000,1.000000,1.100000,0.000000,0.000000,-1.571000,0.010625,0.991814,0.010687,0.991929
23.048000,-0.310621,0.008185,1.089296,0.001950,-0.000202,-0.008810,0.000030,0.000006,1.570305,-0.300000,1.000000,1.100000,0.000000,0.000000,-1.571000,0.010621,0.991815,0.010704,0.991929
23.050000,-0.310617,0.008185,1.089278,0.001951,-0.000202,-0.008805,0.000029,0.000006,1.570306,-0.300000,1.000000,1.100000,0.000000,0.000000,-1.571000,0.010617,0.991815,0.010722,0.991930
23.052000,-0.310613,0.008184,1.089261,0.001951,-0.000202,-0.008799,0.000028,0.000007,1.570306,-0.300000,1.000000,1.100000,0.000000,0.000000,-1.571000,0.010613,0.991816,0.010739,0.991930
23.054000,-0.310609,0.008184,1.089243,0.001952,-0.000202,-0.008793,0.000027,0.000008,1.570306,-0.300000,1.000000,1.100000,0.000000,0.000000,-1.571000,0.010609,0.991816,0.010757,0.991931
23.056000,-0.310606,0.008184,1.089225,0.001952,-0.000202,-0.008788,0.000025,0.000008,1.570306,-0.300000,1.000000,1.100000,0.000000,0.000000,-1.571000,0.010606,0.991816,0.010775,0.991932
23.058000,-0.310602,0.008183,1.089208,0.001953,-0.000202,-0.008782,0.000024,0.000009,1.570306,-0.300000,1.000000,1.100000,0.000000,0.000000,-1.571000,0.010602,0.991817,0.010792,0.991932
23.060000,-0.310598,0.008183,1.089190,0.001953,-0.000202,-0.008777,0.000023,0.000010,1.570306,-0.300000,1.000000,1.100000,0.000000,0.000000,-1.571000,0.010598,0.991817,0.010810,0.991933
23.062000,-0.310594,0.008182,1.089173,0.001954,-0.000201,-0.008771,0.000022,0.000010,1.570306,-0.300000,1.000000,1.100000,0.000000,0.000000,-1.571000,0.010594,0.991818,0.010827,0.991933
23.064000,-0.310590,0.008182,1.089155,0.001954,-0.000201,-0.008765,0.000021,0.000011,1.570306,-0.300000,1.000000,1.100000,0.000000,0.000000,-1.571000,0.010590,0.991818,0.010845,0.991934
23.066000,-0.310586,0.008182,1.089138,0.001954,-0.000201,-0.008760,0.000020,0.000011,1.570306,-0.300000,1.000000,1.100000,0.000000,0.000000,-1.571000,0.010586,0.991818,0.010862,0.991934
23.068000,-0.310582,0.008181,1.089120,0.001955,-0.000201,-0.008754,0.000019,0.000012,1.570306,-0.300000,1.000000,1.100000,0.000000,0.000000,-1.571000,0.010582,0.991819,0.010880,0.991935
23.070000,-0.310578,0.008181,1.089103,0.001955,-0.000201,-0.008748,0.000018,0.000012,1.570306,-0.300000,1.000000,1.100000,0.000000,0.000000,-1.571000,0.010578,0.991819,0.010897,0.991935
23.072000,-0.310574,0.008180,1.089085,0.001955,-0.000200,-0.008743,0.000017,0.000013,1.570307,-0.300000,1.000000,1.100000,0.000000,0.000000,-1.571000,0.010574,0.991820,0.010915,0.991936
23.074000,-0.310570,0.008180,1.089068,0.001956,-0.000200,-0.008737,0.000016,0.000013,1.570307,-0.300000,1.000000,1.100000,0.000000,0.000000,-1.571000,0.010570,0.991820,0.010932,0.991937
23.076000,-0.310566,0.008180,1.089050,0.001956,-0.000200,-0.008731,0.000015,0.000013,1.570307,-0.300000,1.000000,1.100000,0.000000,0.000000,-1.571000,0.010566,0.991820,0.010950,0.991937
23.078000,-0.310563,0.008179,1.089033,0.001956,-0.000200,-0.008726,0.000014,0.000014,1.570307,-0.300000,1.000000,1.100000,0.000000,0.000000,-1.571000,0.010563,0.991821,0.010967,0.991938
23.080000,-0.310559,0.008179,1.089015,0.001957,-0.000199,-0.008720,0.000013,0.000014,1.570307,-0.300000,1.000000,1.100000,0.000000,0.000000,-1.571000,0.010559,0.991821,0.010985,0.991938
23.082000,-0.310555,0.008178,1.088998,0.001957,-0.000199,-0.008714,0.000011,0.000014,1.570307,-0.300000,1.000000,1.100000,0.000000,0.000000,-1.571000,0.010555,0.991822,0.011002,0.991939
23.084000,-0.310551,0.008178,1.088980,0.001957,-0.000199,-0.008709,0.000010,0.000014,1.570307,-0.300000,1.000000,1.100000,0.000000,0.000000,-1.571000,0.010551,0.991822,0.011020,0.991939
23.086000,-0.310547,0.008178,1.088963,0.001957,-0.000198,-0.008704,0.000009,0.000014,1.570307,-0.300000,1.000000,1.100000,0.000000,0.000000,-1.571000,0.010547,0.991822,0.011037,0.991940
23.088000,-0.310543,0.008177,1.088946,0.001957,-0.000198,-0.008699,0.000008,0.000014,1.570307,-0.300000,1.000000,1.100000,0.000000,0.000000,-1.571000,0.010543,0.991823,0.011054,0.991940
23.090000,-0.310539,0.008177,1.088928,0.001958,-0.000198,-0.008694,0.000007,0.000014,1.570307,-0.300000,1.000000,1.100000,0.000000,0.000000,-1.571000,0.010539,0.991823,0.011072,0.991941
23.092000,-0.310535,0.008176,1.088911,0.001958,-0.000198,-0.008690,0.000006,0.000014,1.570307,-0.300000,1.000000,1.100000,0.000000,0.000000,-1.571000,0.010535,0.991824,0.011089,0.991941
23.094000,-0.310531,0.008176,1.088893,0.001958,-0.000197,-0.008685,0.000005,0.000014,1.570307,-0.300000,1.000000,1.100000,0.000000,0.000000,-1.571000,0.010531,0.991824,0.011107,0.991942
23.096000,-0.310527,0.008176,1.088876,0.001958,-0.000197,-0.008681,0.000004,0.000014,1.570307,-0.300000,1.000000,1.100000,0.000000,0.000000,-1.571000,0.010527,0.991824,0.011124,0.991943
23.098000,-0.310523,0.008175,1.088859,0.001958,-0.000197,-0.008677,0.000002,0.000014,1.570307,-0.300000,1.000000,1.100000,0.000000,0.000000,-1.571000,0.010523,0.991825,0.011141,0.991943
23.100000,-0.310519,0.008175,1.088841,0.001958,-0.000196,-0.008673,0.000001,0.000014,1.570307,-0.300000,1.000000,1.100000,0.000000,0.000000,-1.571000,0.010519,0.991825,0.011159,0.991944
23.102000,-0.310516,0.008174,1.088824,0.001958,-0.000196,-0.008669,0.000000,0.000014,1.570307,-0.300000,1.000000,1.100000,0.000000,0.000000,-1.571000,0.010516,0.991826,0.011176,0.991944
23.104000,-0.310512,0.008174,1.088807,0.001958,-0.000196,-0.008666,-0.000000,0.000014,1.570307,-0.300000,1.000000,1.100000,0.000000,0.000000,-1.571000,0.010512,0.991826,0.011193,0.991945
23.106000,-0.310508,0.008174,1.088789,0.001958,-0.000196,-0.008662,-0.000001,0.000013,1.570307,-0.300000,1.000000,1.100000,0.000000,0.000000,-1.571000,0.010508,0.991826,0.011211,0.991945
23.108000,-0.310504,0.008173,1.088772,0.001958,-0.000195,-0.008658,-0.000002,0.000013,1.570307,-0.300000,1.000000,1.100000,0.000000,0.000000,-1.571000,0.010504,0.991827,0.011228,0.991946
23.110000,-0.310500,0.008173,1.088755,0.001958,-0.000195,-0.008655,-0.000002,0.000013,1.570307,-0.300000,1.000000,1.100000,0.000000,0.000000,-1.571000,0.010500,0.991827,0.011245,0.991946
23.112000,-0.310496,0.008173,1.088737,0.001958,-0.000195,-0.008651,-0.000003,0.000013,1.570307,-0.300000,1.000000,1.100000,0.000000,0.000000,-1.571000,0.010496,0.991827,0.011263,0.991947
23.114000,-0.310492,0.008172,1.088720,0.001958,-0.000195,-0.008648,-0.000003,0.000012,1.570307,-0.300000,1.000000,1.100000,0.000000,0.000000,-1.571000,0.010492,0.991828,0.011280,0.991947
23.116000,-0.310488,0.008172,1.088703,0.001958,-0.000194,-0.008645,-0.000003,0.000012,1.570307,-0.300000,1.000000,1.100000,0.000000,0.000000,-1.571000,0.010488,0.991828,0.011297,0.991948
23.118000,-0.310484,0.008171,1.088686,0.001958,-0.000194,-0.008641,-0.000003,0.000012,1.570307,-0.300000,1.000000,1.100000,0.000000,0.000000,-1.571000,0.010484,0.991829,0.011314,0.991949
23.120000,-0.310480,0.008171,1.088668,0.001958,-0.000194,-0.008638,-0.000003,0.000012,1.570307,-0.300000,1.000000,1.100000,0.000000,0.000000,-1.571000,0.010480,0.991829,0.011332,0.991949
23.122000,-0.310476,0.008171,1.088651,0.001958,-0.000194,-0.008635,-0.000002,0.000011,1.570308,-0.300000,1.000000,1.100000,0.000000,0.000000,-1.571000,0.010476,0.991829,0.011349,0.991950
23.124000,-0.310472,0.008170,1.088634,0.001958,-0.000193,-0.008632,-0.000001,0.000011,1.570308,-0.300000,1.000000,1.100000,0.000000,0.000000,-1.571000,0.010472,0.991830,0.011366,0.991950
23.126000,-0.310469,0.008170,1.088617,0.001958,-0.000193,-0.008629,-0.000001,0.000011,1.570308,-0.300000,1.000000,1.100000,0.000000,0.000000,-1.571000,0.010469,0.991830,0.011383,0.991951
23.128000,-0.310465,0.008169,1.088599,0.001958,-0.000193,-0.008626,0.000000,0.000010,1.570308,-0.300000,1.000000,1.100000,0.000000,0.000000,-1.571000,0.010465,0.991831,0.011401,0.991951
23.130000,-0.310461,0.008169,1.088582,0.001958,-0.000193,-0.008623,0.000001,0.000010,1.570308,-0.300000,1.000000,1.100000,0.000000,0.000000,-1.571000,0.010461,0.991831,0.011418,0.991952
23.132000,-0.310457,0.008169,1.088565,0.001958,-0.000193,-0.008620,0.000003,0.000010,1.570308,-0.300000,1.000000,1.100000,0.000000,0.000000,-1.571000,0.010457,0.991831,0.011435,0.991952
23.134000,-0.310453,0.008168,1.088548,0.001958,-0.000192,-0.008617,0.000004,0.000009,1.570308,-0.300000,1.000000,1.100000,0.000000,0.000000,-1.571000,0.010453,0.991832,0.011452,0.991953
23.136000,-0.310449,0.008168,1.088530,0.001958,-0.000192,-0.008614,0.000006,0.000009,1.570308,-0.300000,1.000000,1.100000,0.000000,0.000000,-1.571000,0.010449,0.991832,0.011470,0.991953
23.138000,-0.310445,0.008167,1.088513,0.001958,-0.000192,-0.008611,0.000007,0.000009,1.570308,-0.300000,1.000000,1.100000,0.000000,0.000000,-1.571000,0.010445,0.991833,0.011487,0.991954
23.140000,-0.310441,0.008167,1.088496,0.001958,-0.000192,-0.008608,0.000009,0.000008,1.570308,-0.300000,1.000000,1.100000,0.000000,0.000000,-1.571000,0.010441,0.991833,0.011504,0.991955
23.142000,-0.310437,0.008167,1.088479,0.001958,-0.000192,-0.008605,0.000011,0.000008,1.570308,-0.300000,1.000000,1.100000,0.000000,0.000000,-1.571000,0.010437,0.991833,0.011521,0.991955
23.144000,-0.310433,0.008166,1.088461,0.001958,-0.000192,-0.008602,0.000013,0.000007,1.570308,-0.300000,1.000000,1.100000,0.000000,0.000000,-1.571000,0.010433,0.991834,0.011539,0.991956
23.146000,-0.310429,0.008166,1.088444,0.001959,-0.000192,-0.008599,0.000015,0.000007,1.570308,-0.300000,1.000000,1.100000,0.000000,0.000000,-1.571000,0.010429,0.991834,0.011556,0.991956
23.148000,-0.310425,0.008166,1.088427,0.001959,-0.000191,-0.008596,0.000017,0.000006,1.570308,-0.300000,1.000000,1.100000,0.000000,0.000000,-1.571000,0.010425,0.991834,0.011573,0.991957
23.150000,-0.310422,0.008165,1.088410,0.001959,-0.000191,-0.008593,0.000019,0.000006,1.570308,-0.300000,1.000000,1.100000,0.000000,0.000000,-1.571000,0.010422,0.991835,0.011590,0.991957
23.152000,-0.310418,0.008165,1.088393,0.001960,-0.000191,-0.008590,0.000022,0.000006,1.570308,-0.300000,1.000000,1.100000,0.000000,0.000000,-1.571000,0.010418,0.991835,0.011607,0.991958
23.154000,-0.310414,0.008164,1.088376,0.001960,-0.000191,-0.008587,0.000024,0.000005,1.570308,-0.300000,1.000000,1.100000,0.000000,0.000000,-1.571000,0.010414,0.991836,0.011624,0.991958
23.156000,-0.310410,0.008164,1.088358,0.001961,-0.000191,-0.008584,0.000027,0.000005,1.570308,-0.300000,1.000000,1.100000,0.000000,0.000000,-1.571000,0.010410,0.991836,0.011642,0.991959
23.158000,-0.310406,0.008164,1.088341,0.001961,-0.000191,-0.008582,0.000030,0.000004,1.570308,-0.300000,1.000000,1.100000,0.000000,0.000000,-1.571000,0.010406,0.991836,0.011659,0.991959
23.160000,-0.310402,0.008163,1.088324,0.001962,-0.000191,-0.008579,0.000033,0.000004,1.570308,-0.300000,1.000000,1.100000,0.000000,0.000000,-1.571000,0.010402,0.991837,0.011676,0.991960
23.162000,-0.310398,0.008163,1.088307,0.001963,-0.000191,-0.008576,0.000036,0.000003,1.570308,-0.300000,1.000000,1.100000,0.000000,0.000000,-1.571000,0.010398,0.991837,0.011693,0.991961
23.164000,-0.310394,0.008163,1.088290,0.001963,-0.000191,-0.008573,0.000039,0.000003,1.570308,-0.300000,1.000000,1.100000,0.000000,0.000000,-1.571000,0.010394,0.991837,0.011710,0.991961
23.166000,-0.310390,0.008162,1.088273,0.001964,-0.000191,-0.008570,0.000042,0.000002,1.570308,-0.300000,1.000000,1.100000,0.000000,0.000000,-1.571000,0.010390,0.991838,0.011727,0.991962
23.168000,-0.310386,0.008162,1.088255,0.001965,-0.000191,-0.008567,0.000045,0.000001,1.570308,-0.300000,1.000000,1.100000,0.000000,0.000000,-1.571000,0.010386,0.991838,0.011745,0.991962
23.170000,-0.310382,0.008161,1.088238,0.001966,-0.000191,-0.008565,0.000049,0.000001,1.570308,-0.300000,1.000000,1.100000,0.000000,0.000000,-1.571000,0.010382,0.991839,0.011762,0.991963
23.172000,-0.310378,0.008161,1.088221,0.001967,-0.000191,-0.008562,0.000052,0.000000,1.570308,-0.300000,1.000000,1.100000,0.000000,0.000000,-1.571000,0.010378,0.991839,0.011779,0.991963
23.174000,-0.310374,0.008161,1.088204,0.001968,-0.000191,-0.008559,0.000055,-0.000000,1.570308,-0.300000,1.000000,1.100000,0.000000,0.000000,-1.571000,0.010374,0.991839,0.011796,0.991964
23.176000,-0.310371,0.008160,1.088187,0.001969,-0.000191,-0.008556,0.000059,-0.000001,1.570308,-0.300000,1.000000,1.100000,0.000000,0.000000,-1.571000,0.010371,0.991840,0.011813,0.991964
23.178000,-0.310367,0.008160,1.088170,0.001970,-0.000191,-0.008553,0.000063,-0.000001,1.570308,-0.300000,1.000000,1.100000,0.000000,0.000000,-1.571000,0.010367,0.991840,0.011830,0.991965
23.180000,-0.310363,0.008159,1.088153,0.001971,-0.000191,-0.008550,0.000066,-0.000002,1.570308,-0.300000,1.000000,1.100000,0.000000,0.000000,-1.571000,0.010363,0.991841,0.011847,0.991965
23.182000,-0.310359,0.008159,1.088136,0.001973,-0.000191,-0.008548,0.000070,-0.000002,1.570308,-0.300000,1.000000,1.100000,0.000000,0.000000,-1.571000,0.010359,0.991841,0.011864,0.991966
23.184000,-0.310355,0.008159,1.088119,0.001974,-0.000191,-0.008545,0.000074,-0.000003,1.570308,-0.300000,1.000000,1.100000,0.000000,0.000000,-1.571000,0.010355,0.991841,0.011881,0.991966
23.186000,-0.310351,0.008158,1.088102,0.001975,-0.000191,-0.008542,0.000078,-0.000003,1.570308,-0.300000,1.000000,1.100000,0.000000,0.000000,-1.571000,0.010351,0.991842,0.011898,0.991967
23.188000,-0.310347,0.008158,1.088084,0.001977,-0.000191,-0.008539,0.000082,-0.000004,1.570308,-0.300000,1.000000,1.100000,0.000000,0.000000,-1.571000,0.010347,0.991842,0.011916,0.991968
23.190000,-0.310343,0.008158,1.088067,0.001979,-0.000191,-0.008536,0.000086,-0.000004,1.570308,-0.300000,1.000000,1.100000,0.000000,0.000000,-1.571000,0.010343,0.991842,0.011933,0.991968
23.192000,-0.310339,0.008157,1.088050,0.001980,-0.000191,-0.008534,0.000090,-0.000004,1.570308,-0.300000,1.000000,1.100000,0.000000,0.000000,-1.571000,0.010339,0.991843,0.011950,0.991969
23.194000,-0.310335,0.008157,1.088033,0.001982,-0.000191,-0.008531,0.000094,-0.000005,1.570308,-0.300000,1.000000,1.100000,0.000000,0.000000,-1.571000,0.010335,0.991843,0.011967,0.991969
23.196000,-0.310331,0.008156,1.088016,0.001984,-0.000191,-0.008528,0.000098,-0.000005,1.570308,-0.300000,1.000000,1.100000,0.000000,0.000000,-1.571000,0.010331,0.991844,0.011984,0.991970
23.198000,-0.310327,0.008156,1.087999,0.001986,-0.000191,-0.008525,0.000102,-0.000005,1.570308,-0.300000,1.000000,1.100000,0.000000,0.000000,-1.571000,0.010327,0.991844,0.012001,0.991970
23.200000,-0.310323,0.008156,1.087982,0.001988,-0.000191,-0.008522,0.000106,-0.000005,1.570308,-0.300000,1.000000,1.100000,0.000000,0.000000,-1.571000,0.010323,0.991844,0.012018,0.991971
23.202000,-0.310319,0.008155,1.087965,0.001990,-0.000191,-0.008520,0.000110,-0.000006,1.570308,-0.300000,1.000000,1.100000,0.000000,0.000000,-1.571000,0.010319,0.991845,0.012035,0.991971
23.204000,-0.310315,0.008155,1.087948,0.001992,-0.000192,-0.008517,0.000114,-0.000006,1.570308,-0.300000,1.000000,1.100000,0.000000,0.000000,-1.571000,0.010315,0.991845,0.012052,0.991972
23.206000,-0.310311,0.008155,1.087931,0.001994,-0.000192,-0.008514,0.000118,-0.000006,1.570308,-0.300000,1.000000,1.100000,0.000000,0.000000,-1.571000,0.010311,0.991845,0.012069,0.991973
23.208000,-0.310307,0.008154,1.087914,0.001997,-0.000192,-0.008511,0.000122,-0.000006,1.570308,-0.300000,1.000000,1.100000,0.000000,0.000000,-1.571000,0.010307,0.991846,0.012086,0.991973
23.210000,-0.310303,0.008154,1.087897,0.001999,-0.000192,-0.008508,0.000126,-0.000006,1.570308,-0.300000,1.000000,1.100000,0.000000,0.000000,-1.571000,0.010303,0.991846,0.012103,0.991974
23.212000,-0.310299,0.008153,1.087880,0.002002,-0.000192,-0.008506,0.000131,-0.000006,1.570308,-0.300000,1.000000,1.100000,0.000000,0.000000,-1.571000,0.010299,0.991847,0.012120,0.991974
23.214000,-0.310295,0.008153,1.087863,0.002004,-0.000192,-0.008503,0.000135,-0.000006,1.570308,-0.300000,1.000000,1.100000,0.000000,0.000000,-1.571000,0.010295,0.991847,0.012137,0.991975
23.216000,-0.310291,0.008153,1.087846,0.002007,-0.000192,-0.008500,0.000139,-0.000005,1.570308,-0.300000,1.000000,1.100000,0.000000,0.000000,-1.571000,0.010291,0.991847,0.012154,0.991975
23.218000,-0.310287,0.008152,1.087829,0.002010,-0.000192,-0.008497,0.000143,-0.000005,1.570308,-0.300000,1.000000,1.100000,0.000000,0.000000,-1.571000,0.010287,0.991848,0.012171,0.991976
23.220000,-0.310283,0.008152,1.087812,0.002012,-0.000192,-0.008494,0.000147,-0.000005,1.570308,-0.300000,1.000000,1.100000,0.000000,0.000000,-1.571000,0.010283,0.991848,0.012188,0.991976
23.222000,-0.310279,0.008151,1.087795,0.002015,-0.000193,-0.008492,0.000151,-0.000005,1.570308,-0.300000,1.000000,1.100000,0.000000,0.000000,-1.571000,0.010279,0.991849,0.012205,0.991977
23.224000,-0.310275,0.008151,1.087778,0.002018,-0.000193,-0.008489,0.000156,-0.000004,1.570308,-0.300000,1.000000,1.100000,0.000000,0.000000,-1.571000,0.010275,0.991849,0.012222,0.991977
23.226000,-0.310271,0.008151,1.087761,0.002021,-0.000193,-0.008486,0.000160,-0.000004,1.570308,-0.300000,1.000000,1.100000,0.000000,0.000000,-1.571000,0.010271,0.991849,0.012239,0.991978
23.228000,-0.310267,0.008150,1.087744,0.002025,-0.000193,-0.008483,0.000164,-0.000003,1.570308,-0.300000,1.000000,1.100000,0.000000,0.000000,-1.571000,0.010267,0.991850,0.012256,0.991979
23.230000,-0.310263,0.008150,1.087727,0.002028,-0.000193,-0.008480,0.000168,-0.000003,1.570308,-0.300000,1.000000,1.100000,0.000000,0.000000,-1.571000,0.010263,0.991850,0.012273,0.991979
23.232000,-0.310259,0.008150,1.087710,0.002031,-0.000193,-0.008478,0.000173,-0.000002,1.570308,-0.300000,1.000000,1.100000,0.000000,0.000000,-1.571000,0.010259,0.991850,0.012290,0.991980
23.234000,-0.310255,0.008149,1.087693,0.002035,-0.000193,-0.008475,0.000177,-0.000002,1.570308,-0.300000,1.000000,1.100000,0.000000,0.000000,-1.571000,0.010255,0.991851,0.012307,0.991980
23.236000,-0.310251,0.008149,1.087676,0.002038,-0.000193,-0.008472,0.000181,-0.000001,1.570308,-0.300000,1.000000,1.100000,0.000000,0.000000,-1.571000,0.010251,0.991851,0.012324,0.991981
23.238000,-0.310247,0.008148,1.087659,0.002042,-0.000193,-0.008469,0.000185,-0.000000,1.570308,-0.300000,1.000000,1.100000,0.000000,0.000000,-1.571000,0.010247,0.991852,0.012341,0.991981
23.240000,-0.310242,0.008148,1.087642,0.002045,-0.000193,-0.008466,0.000190,0.000000,1.570308,-0.300000,1.000000,1.100000,0.000000,0.000000,-1.571000,0.010242,0.991852,0.012358,0.991982
23.242000,-0.310238,0.008148,1.087625,0.002049,-0.000193,-0.008464,0.000194,0.000001,1.570308,-0.300000,1.000000,1.100000,0.000000,0.000000,-1.571000,0.010238,0.991852,0.012375,0.991982
23.244000,-0.310234,0.008147,1.087608,0.002053,-0.000193,-0.008461,0.000198,0.000002,1.570308,-0.300000,1.000000,1.100000,0.000000,0.000000,-1.571000,0.010234,0.991853,0.012392,0.991983
23.246000,-0.310230,0.008147,1.087592,0.002057,-0.000193,-0.008458,0.000202,0.000003,1.570308,-0.300000,1.000000,1.100000,0.000000,0.000000,-1.571000,0.010230,0.991853,0.012408,0.991984
23.248000,-0.310226,0.008146,1.087575,0.002061,-0.000193,-0.008455,0.000207,0.000003,1.570308,-0.300000,1.000000,1.100000,0.000000,0.000000,-1.571000,0.010226,0.991854,0.012425,0.991984
23.250000,-0.310222,0.008146,1.087558,0.002065,-0.000193,-0.008452,0.000211,0.000004,1.570308,-0.300000,1.000000,1.100000,0.000000,0.000000,-1.571000,0.010222,0.991854,0.012442,0.991985
23.252000,-0.310218,0.008146,1.087541,0.002069,-0.000193,-0.008450,0.000215,0.000005,1.570308,-0.300000,1.000000,1.100000,0.000000,0.000000,-1.571000,0.010218,0.991854,0.012459,0.991985
23.254000,-0.310214,0.008145,1.087524,0.002073,-0.000193,-0.008447,0.000219,0.000006,1.570308,-0.300000,1.000000,1.100000,0.000000,0.000000,-1.571000,0.010214,0.991855,0.012476,0.991986
23.256000,-0.310209,0.008145,1.087507,0.002078,-0.000192,-0.008444,0.000223,0.000006,1.570308,-0.300000,1.000000,1.100000,0.000000,0.000000,-1.571000,0.010209,0.991855,0.012493,0.991986
23.258000,-0.310205,0.008144,1.087490,0.002082,-0.000192,-0.008441,0.000227,0.000007,1.570308,-0.300000,1.000000,1.100000,0.000000,0.000000,-1.571000,0.010205,0.991856,0.012510,0.991987
23.260000,-0.310201,0.008144,1.087473,0.002086,-0.000192,-0.008439,0.000230,0.000008,1.570308,-0.300000,1.000000,1.100000,0.000000,0.000000,-1.571000,0.010201,0.991856,0.012527,0.991987
23.262000,-0.310197,0.008144,1.087456,0.002091,-0.000192,-0.008436,0.000234,0.000008,1.570308,-0.300000,1.000000,1.100000,0.000000,0.000000,-1.571000,0.010197,0.991856,0.012544,0.991988
23.264000,-0.310193,0.008143,1.087440,0.002095,-0.000192,-0.008433,0.000238,0.000009,1.570308,-0.300000,1.000000,1.100000,0.000000,0.000000,-1.571000,0.010193,0.991857,0.012560,0.991989
23.266000,-0.310189,0.008143,1.087423,0.002100,-0.000192,-0.008430,0.000241,0.000009,1.570308,-0.300000,1.000000,1.100000,0.000000,0.000000,-1.571000,0.010189,0.991857,0.012577,0.991989
23.268000,-0.310184,0.008143,1.087406,0.002105,-0.000192,-0.008427,0.000244,0.000010,1.570308,-0.300000,1.000000,1.100000,0.000000,0.000000,-1.571000,0.010184,0.991857,0.012594,0.991990
23.270000,-0.310180,0.008142,1.087389,0.002110,-0.000191,-0.008425,0.000248,0.000010,1.570308,-0.300000,1.000000,1.100000,0.000000,0.000000,-1.571000,0.010180,0.991858,0.012611,0.991990
23.272000,-0.310176,0.008142,1.087372,0.002115,-0.000191,-0.008422,0.000251,0.000010,1.570308,-0.300000,1.000000,1.100000,0.000000,0.000000,-1.571000,0.010176,0.991858,0.012628,0.991991
23.274000,-0.310172,0.008141,1.087355,0.002120,-0.000191,-0.008419,0.000254,0.000011,1.570308,-0.300000,1.000000,1.100000,0.000000,0.000000,-1.571000,0.010172,0.991859,0.012645,0.991991
23.276000,-0.310167,0.008141,1.087338,0.002125,-0.000191,-0.008416,0.000256,0.000011,1.570308,-0.300000,1.000000,1.100000,0.000000,0.000000,-1.571000,0.010167,0.991859,0.012662,0.991992
23.278000,-0.310163,0.008141,1.087322,0.002130,-0.000191,-0.008413,0.000259,0.000011,1.570308,-0.300000,1.000000,1.100000,0.000000,0.000000,-1.571000,0.010163,0.991859,0.012678,0.991992
23.280000,-0.310159,0.008140,1.087305,0.002135,-0.000190,-0.008411,0.000261,0.000011,1.570308,-0.300000,1.000000,1.100000,0.000000,0.000000,-1.571000,0.010159,0.991860,0.012695,0.991993
23.282000,-0.310155,0.008140,1.087288,0.002140,-0.000190,-0.008408,0.000264,0.000011,1.570308,-0.300000,1.000000,1.100000,0.000000,0.000000,-1.571000,0.010155,0.991860,0.012712,0.991994
23.284000,-0.310150,0.008140,1.087271,0.002145,-0.000190,-0.008405,0.000266,0.000011,1.570308,-0.300000,1.000000,1.100000,0.000000,0.000000,-1.571000,0.010150,0.991860,0.012729,0.991994
23.286000,-0.310146,0.008139,1.087254,0.002150,-0.000190,-0.008402,0.000268,0.000011,1.570308,-0.300000,1.000000,1.100000,0.000000,0.000000,-1.571000,0.010146,0.991861,0.012746,0.991995
23.288000,-0.310142,0.008139,1.087238,0.002155,-0.000189,-0.008400,0.000270,0.000011,1.570308,-0.300000,1.000000,1.100000,0.000000,0.000000,-1.571000,0.010142,0.991861,0.012762,0.991995
23.290000,-0.310137,0.008138,1.087221,0.002161,-0.000189,-0.008397,0.000272,0.000011,1.570308,-0.300000,1.000000,1.100000,0.000000,0.000000,-1.571000,0.010137,0.991862,0.012779,0.991996
23.292000,-0.310133,0.008138,1.087204,0.002166,-0.000189,-0.008394,0.000273,0.000011,1.570308,-0.300000,1.000000,1.100000,0.000000,0.000000,-1.571000,0.010133,0.991862,0.012796,0.991996
23.294000,-0.310129,0.008138,1.087187,0.002171,-0.000189,-0.008391,0.000275,0.000010,1.570308,-0.300000,1.000000,1.100000,0.000000,0.000000,-1.571000,0.010129,0.991862,0.012813,0.991997
23.296000,-0.310124,0.008137,1.087170,0.002177,-0.000189,-0.008388,0.000276,0.000010,1.570308,-0.300000,1.000000,1.100000,0.000000,0.000000,-1.571000,0.010124,0.991863,0.012830,0.991997
23.298000,-0.310120,0.008137,1.087154,0.002182,-0.000188,-0.008386,0.000277,0.000010,1.570308,-0.300000,1.000000,1.100000,0.000000,0.000000,-1.571000,0.010120,0.991863,0.012846,0.991998
23.300000,-0.310116,0.008136,1.087137,0.002188,-0.000188,-0.008383,0.000278,0.000009,1.570308,-0.300000,1.000000,1.100000,0.000000,0.000000,-1.571000,0.010116,0.991864,0.012863,0.991998
23.302000,-0.310111,0.008136,1.087120,0.002193,-0.000188,-0.008380,0.000279,0.000009,1.570308,-0.300000,1.000000,1.100000,0.000000,0.000000,-1.571000,0.010111,0.991864,0.012880,0.991999
23.304000,-0.310107,0.008136,1.087103,0.002199,-0.000188,-0.008377,0.000279,0.000008,1.570308,-0.300000,1.000000,1.100000,0.000000,0.000000,-1.571000,0.010107,0.991864,0.012897,0.992000
23.306000,-0.310102,0.008135,1.087087,0.002204,-0.000188,-0.008375,0.000279,0.000008,1.570308,-0.300000,1.000000,1.100000,0.000000,0.000000,-1.571000,0.010102,0.991865,0.012913,0.992000
23.308000,-0.310098,0.008135,1.087070,0.002210,-0.000188,-0.008372,0.000279,0.000007,1.570308,-0.300000,1.000000,1.100000,0.000000,0.000000,-1.571000,0.010098,0.991865,0.012930,0.992001
23.310000,-0.310094,0.008135,1.087053,0.002215,-0.000188,-0.008369,0.000279,0.000007,1.570309,-0.300000,1.000000,1.100000,0.000000,0.000000,-1.571000,0.010094,0.991865,0.012947,0.992001
23.312000,-0.310089,0.008134,1.087036,0.002220,-0.000187,-0.008366,0.000278,0.000006,1.570309,-0.300000,1.000000,1.100000,0.000000,0.000000,-1.571000,0.010089,0.991866,0.012964,0.992002
23.314000,-0.310085,0.008134,1.087020,0.002226,-0.000187,-0.008363,0.000277,0.000005,1.570309,-0.300000,1.000000,1.100000,0.000000,0.000000,-1.571000,0.010085,0.991866,0.012980,0.992002
23.316000,-0.310080,0.008133,1.087003,0.002231,-0.000187,-0.008361,0.000276,0.000005,1.570309,-0.300000,1.000000,1.100000,0.000000,0.000000,-1.571000,0.010080,0.991867,0.012997,0.992003
23.318000,-0.310076,0.008133,1.086986,0.002237,-0.000187,-0.008358,0.000275,0.000004,1.570309,-0.300000,1.000000,1.100000,0.000000,0.000000,-1.571000,0.010076,0.991867,0.013014,0.992003
23.320000,-0.310071,0.008133,1.086970,0.002242,-0.000187,-0.008355,0.000273,0.000003,1.570309,-0.300000,1.000000,1.100000,0.000000,0.000000,-1.571000,0.010071,0.991867,0.013030,0.992004
23.322000,-0.310067,0.008132,1.086953,0.002247,-0.000187,-0.008352,0.000271,0.000003,1.570309,-0.300000,1.000000,1.100000,0.000000,0.000000,-1.571000,0.010067,0.991868,0.013047,0.992005
23.324000,-0.310062,0.008132,1.086936,0.002253,-0.000187,-0.008349,0.000269,0.000002,1.570309,-0.300000,1.000000,1.100000,0.000000,0.000000,-1.571000,0.010062,0.991868,0.013064,0.992005
23.326000,-0.310058,0.008132,1.086919,0.002258,-0.000187,-0.008347,0.000267,0.000001,1.570309,-0.300000,1.000000,1.100000,0.000000,0.000000,-1.571000,0.010058,0.991868,0.013081,0.992006
23.328000,-0.310053,0.008131,1.086903,0.002263,-0.000187,-0.008344,0.000264,0.000000,1.570309,-0.300000,1.000000,1.100000,0.000000,0.000000,-1.571000,0.010053,0.991869,0.013097,0.992006
23.330000,-0.310049,0.008131,1.086886,0.002268,-0.000187,-0.008341,0.000261,-0.000000,1.570309,-0.300000,1.000000,1.100000,0.000000,0.000000,-1.571000,0.010049,0.991869,0.013114,0.992007
23.332000,-0.310044,0.008131,1.086869,0.002274,-0.000187,-0.008338,0.000258,-0.000001,1.570309,-0.300000,1.000000,1.100000,0.000000,0.000000,-1.571000,0.010044,0.991869,0.013131,0.992007
23.334000,-0.310040,0.008130,1.086853,0.002279,-0.000187,-0.008336,0.000255,-0.000002,1.570309,-0.300000,1.000000,1.100000,0.000000,0.000000,-1.571000,0.010040,0.991870,0.013147,0.992008
23.336000,-0.310035,0.008130,1.086836,0.002284,-0.000187,-0.008333,0.000251,-0.000003,1.570309,-0.300000,1.000000,1.100000,0.000000,0.000000,-1.571000,0.010035,0.991870,0.013164,0.992008
23.338000,-0.310031,0.008129,1.086819,0.002288,-0.000187,-0.008330,0.000247,-0.000004,1.570309,-0.300000,1.000000,1.100000,0.000000,0.000000,-1.571000,0.010031,0.991871,0.013181,0.992009
23.340000,-0.310026,0.008129,1.086803,0.002293,-0.000187,-0.008327,0.000244,-0.000004,1.570309,-0.300000,1.000000,1.100000,0.000000,0.000000,-1.571000,0.010026,0.991871,0.013197,0.992009
23.342000,-0.310021,0.008129,1.086786,0.002298,-0.000187,-0.008324,0.000240,-0.000005,1.570309,-0.300000,1.000000,1.100000,0.000000,0.000000,-1.571000,0.010021,0.991871,0.013214,0.992010
23.344000,-0.310017,0.008128,1.086769,0.002303,-0.000187,-0.008322,0.000235,-0.000006,1.570309,-0.300000,1.000000,1.100000,0.000000,0.000000,-1.571000,0.010017,0.991872,0.013231,0.992011
23.346000,-0.310012,0.008128,1.086753,0.002307,-0.000187,-0.008319,0.000231,-0.000007,1.570309,-0.300000,1.000000,1.100000,0.000000,0.000000,-1.571000,0.010012,0.991872,0.013247,0.992011
23.348000,-0.310008,0.008128,1.086736,0.002312,-0.000188,-0.008316,0.000227,-0.000008,1.570309,-0.300000,1.000000,1.100000,0.000000,0.000000,-1.571000,0.010008,0.991872,0.013264,0.992012
23.350000,-0.310003,0.008127,1.086720,0.002316,-0.000188,-0.008313,0.000222,-0.000009,1.570309,-0.300000,1.000000,1.100000,0.000000,0.000000,-1.571000,0.010003,0.991873,0.013280,0.992012
23.352000,-0.309998,0.008127,1.086703,0.002321,-0.000188,-0.008310,0.000218,-0.000009,1.570309,-0.300000,1.000000,1.100000,0.000000,0.000000,-1.571000,0.009998,0.991873,0.013297,0.992013
23.354000,-0.309994,0.008126,1.086686,0.002325,-0.000188,-0.008308,0.000213,-0.000010,1.570309,-0.300000,1.000000,1.100000,0.000000,0.000000,-1.571000,0.009994,0.991874,0.013314,0.992013
23.356000,-0.309989,0.008126,1.086670,0.002329,-0.000188,-0.008305,0.000208,-0.000011,1.570309,-0.300000,1.000000,1.100000,0.000000,0.000000,-1.571000,0.009989,0.991874,0.013330,0.992014
23.358000,-0.309984,0.008126,1.086653,0.002333,-0.000188,-0.008302,0.000203,-0.000012,1.570309,-0.300000,1.000000,1.100000,0.000000,0.000000,-1.571000,0.009984,0.991874,0.013347,0.992014
23.360000,-0.309980,0.008125,1.086636,0.002337,-0.000189,-0.008299,0.000198,-0.000012,1.570309,-0.300000,1.000000,1.100000,0.000000,0.000000,-1.571000,0.009980,0.991875,0.013364,0.992015
23.362000,-0.309975,0.008125,1.086620,0.002341,-0.000189,-0.008296,0.000193,-0.000013,1.570309,-0.300000,1.000000,1.100000,0.000000,0.000000,-1.571000,0.009975,0.991875,0.013380,0.992016
23.364000,-0.309970,0.008124,1.086603,0.002345,-0.000189,-0.008294,0.000188,-0.000013,1.570310,-0.300000,1.000000,1.100000,0.000000,0.000000,-1.571000,0.009970,0.991876,0.013397,0.992016
23.366000,-0.309966,0.008124,1.086587,0.002348,-0.000189,-0.008291,0.000183,-0.000014,1.570310,-0.300000,1.000000,1.100000,0.000000,0.000000,-1.571000,0.009966,0.991876,0.013413,0.992017
23.368000,-0.309961,0.008124,1.086570,0.002352,-0.000190,-0.008288,0.000178,-0.000014,1.570310,-0.300000,1.000000,1.100000,0.000000,0.000000,-1.571000,0.009961,0.991876,0.013430,0.992017
23.370000,-0.309956,0.008123,1.086554,0.002355,-0.000190,-0.008285,0.000173,-0.000015,1.570310,-0.300000,1.000000,1.100000,0.000000,0.000000,-1.571000,0.009956,0.991877,0.013446,0.992018
23.372000,-0.309951,0.008123,1.086537,0.002359,-0.000190,-0.008282,0.000168,-0.000015,1.570310,-0.300000,1.000000,1.100000,0.000000,0.000000,-1.571000,0.009951,0.991877,0.013463,0.992018
23.374000,-0.309947,0.008123,1.086520,0.002362,-0.000191,-0.008280,0.000163,-0.000016,1.570310,-0.300000,1.000000,1.100000,0.000000,0.000000,-1.571000,0.009947,0.991877,0.013480,0.992019
23.376000,-0.309942,0.008122,1.086504,0.002365,-0.000191,-0.008277,0.000157,-0.000016,1.570310,-0.300000,1.000000,1.100000,0.000000,0.000000,-1.571000,0.009942,0.991878,0.013496,0.992019
23.378000,-0.309937,0.008122,1.086487,0.002368,-0.000191,-0.008274,0.000152,-0.000016,1.570310,-0.300000,1.000000,1.100000,0.000000,0.000000,-1.571000,0.009937,0.991878,0.013513,0.992020
23.380000,-0.309933,0.008121,1.086471,0.002371,-0.000192,-0.008271,0.000147,-0.000017,1.570310,-0.300000,1.000000,1.100000,0.000000,0.000000,-1.571000,0.009933,0.991879,0.013529,0.992021
23.382000,-0.309928,0.008121,1.086454,0.002374,-0.000192,-0.008269,0.000141,-0.000017,1.570310,-0.300000,1.000000,1.100000,0.000000,0.000000,-1.571000,0.009928,0.991879,0.013546,0.992021
23.384000,-0.309923,0.008121,1.086438,0.002377,-0.000192,-0.008267,0.000136,-0.000017,1.570310,-0.300000,1.000000,1.100000,0.000000,0.000000,-1.571000,0.009923,0.991879,0.013562,0.992022
23.386000,-0.309918,0.008120,1.086421,0.002379,-0.000193,-0.008265,0.000131,-0.000017,1.570310,-0.300000,1.000000,1.100000,0.000000,0.000000,-1.571000,0.009918,0.991880,0.013579,0.992022
23.388000,-0.309913,0.008120,1.086405,0.002382,-0.000193,-0.008263,0.000125,-0.000017,1.570310,-0.300000,1.000000,1.100000,0.000000,0.000000,-1.571000,0.009913,0.991880,0.013595,0.992023
23.390000,-0.309909,0.008120,1.086388,0.002384,-0.000193,-0.008262,0.000120,-0.000017,1.570310,-0.300000,1.000000,1.100000,0.000000,0.000000,-1.571000,0.009909,0.991880,0.013612,0.992023
23.392000,-0.309904,0.008119,1.086372,0.002387,-0.000194,-0.008260,0.000114,-0.000017,1.570310,-0.300000,1.000000,1.100000,0.000000,0.000000,-1.571000,0.009904,0.991881,0.013628,0.992024
23.394000,-0.309899,0.008119,1.086355,0.002389,-0.000194,-0.008259,0.000109,-0.000017,1.570310,-0.300000,1.000000,1.100000,0.000000,0.000000,-1.571000,0.009899,0.991881,0.013645,0.992024
23.396000,-0.309894,0.008118,1.086339,0.002391,-0.000194,-0.008258,0.000103,-0.000017,1.570310,-0.300000,1.000000,1.100000,0.000000,0.000000,-1.571000,0.009894,0.991882,0.013661,0.992025
23.398000,-0.309890,0.008118,1.086322,0.002393,-0.000195,-0.008257,0.000098,-0.000017,1.570310,-0.300000,1.000000,1.100000,0.000000,0.000000,-1.571000,0.009890,0.991882,0.013678,0.992026
23.400000,-0.309885,0.008118,1.086306,0.002395,-0.000195,-0.008256,0.000093,-0.000017,1.570310,-0.300000,1.000000,1.100000,0.000000,0.000000,-1.571000,0.009885,0.991882,0.013694,0.992026
23.402000,-0.309880,0.008117,1.086289,0.002397,-0.000195,-0.008255,0.000087,-0.000016,1.570310,-0.300000,1.000000,1.100000,0.000000,0.000000,-1.571000,0.009880,0.991883,0.013711,0.992027
23.404000,-0.309875,0.008117,1.086273,0.002398,-0.000196,-0.008255,0.000082,-0.000016,1.570310,-0.300000,1.000000,1.100000,0.000000,0.000000,-1.571000,0.009875,0.991883,0.013727,0.992027
23.406000,-0.309870,0.008116,1.086256,0.002400,-0.000196,-0.008254,0.000076,-0.000016,1.570310,-0.300000,1.000000,1.100000,0.000000,0.000000,-1.571000,0.009870,0.991884,0.013744,0.992028
23.408000,-0.309866,0.008116,1.086239,0.002401,-0.000196,-0.008254,0.000071,-0.000015,1.570311,-0.300000,1.000000,1.100000,0.000000,0.000000,-1.571000,0.009866,0.991884,0.013761,0.992028
23.410000,-0.309861,0.008116,1.086223,0.002403,-0.000197,-0.008253,0.000066,-0.000015,1.570311,-0.300000,1.000000,1.100000,0.000000,0.000000,-1.571000,0.009861,0.991884,0.013777,0.992029
23.412000,-0.309856,0.008115,1.086206,0.002404,-0.000197,-0.008253,0.000060,-0.000015,1.570311,-0.300000,1.000000,1.100000,0.000000,0.000000,-1.571000,0.009856,0.991885,0.013794,0.992030
23.414000,-0.309851,0.008115,1.086190,0.002405,-0.000197,-0.008253,0.000055,-0.000014,1.570311,-0.300000,1.000000,1.100000,0.000000,0.000000,-1.571000,0.009851,0.991885,0.013810,0.992030
23.416000,-0.309846,0.008114,1.086173,0.002406,-0.000197,-0.008252,0.000050,-0.000014,1.570311,-0.300000,1.000000,1.100000,0.000000,0.000000,-1.571000,0.009846,0.991886,0.013827,0.992031
23.418000,-0.309842,0.008114,1.086157,0.002407,-0.000198,-0.008252,0.000045,-0.000014,1.570311,-0.300000,1.000000,1.100000,0.000000,0.000000,-1.571000,0.009842,0.991886,0.013843,0.992031
23.420000,-0.309837,0.008114,1.086140,0.002408,-0.000198,-0.008252,0.000040,-0.000013,1.570311,-0.300000,1.000000,1.100000,0.000000,0.000000,-1.571000,0.009837,0.991886,0.013860,0.992032
23.422000,-0.309832,0.008113,1.086124,0.002409,-0.000198,-0.008252,0.000035,-0.000013,1.570311,-0.300000,1.000000,1.100000,0.000000,0.000000,-1.571000,0.009832,0.991887,0.013876,0.992033
23.424000,-0.309827,0.008113,1.086107,0.002409,-0.000198,-0.008252,0.000030,-0.000012,1.570311,-0.300000,1.000000,1.100000,0.000000,0.000000,-1.571000,0.009827,0.991887,0.013893,0.992033
23.426000,-0.309822,0.008112,1.086091,0.002410,-0.000199,-0.008252,0.000025,-0.000012,1.570311,-0.300000,1.000000,1.100000,0.000000,0.000000,-1.571000,0.009822,0.991888,0.013909,0.992034
23.428000,-0.309817,0.008112,1.086074,0.002410,-0.000199,-0.008252,0.000021,-0.000011,1.570311,-0.300000,1.000000,1.100000,0.000000,0.000000,-1.571000,0.009817,0.991888,0.013926,0.992034
23.430000,-0.309813,0.008112,1.086058,0.002411,-0.000199,-0.008252,0.000016,-0.000011,1.570311,-0.300000,1.000000,1.100000,0.000000,0.000000,-1.571000,0.009813,0.991888,0.013942,0.992035
23.432000,-0.309808,0.008111,1.086041,0.002411,-0.000199,-0.008252,0.000011,-0.000011,1.570311,-0.300000,1.000000,1.100000,0.000000,0.000000,-1.571000,0.009808,0.991889,0.013959,0.992035
23.434000,-0.309803,0.008111,1.086025,0.002411,-0.000200,-0.008252,0.000007,-0.000010,1.570311,-0.300000,1.000000,1.100000,0.000000,0.000000,-1.571000,0.009803,0.991889,0.013975,0.992036
23.436000,-0.309798,0.008110,1.086008,0.002411,-0.000200,-0.008252,0.000003,-0.000010,1.570311,-0.300000,1.000000,1.100000,0.000000,0.000000,-1.571000,0.009798,0.991890,0.013992,0.992037
23.438000,-0.309793,0.008110,1.085992,0.002411,-0.000200,-0.008252,-0.000001,-0.000009,1.570311,-0.300000,1.000000,1.100000,0.000000,0.000000,-1.571000,0.009793,0.991890,0.014008,0.992037
23.440000,-0.309789,0.008110,1.085975,0.002411,-0.000200,-0.008252,-0.000005,-0.000009,1.570311,-0.300000,1.000000,1.100000,0.000000,0.000000,-1.571000,0.009789,0.991890,0.014025,0.992038
23.442000,-0.309784,0.008109,1.085959,0.002411,-0.000200,-0.008252,-0.000009,-0.000008,1.570311,-0.300000,1.000000,1.100000,0.000000,0.000000,-1.571000,0.009784,0.991891,0.014041,0.992038
23.444000,-0.309779,0.008109,1.085942,0.002411,-0.000200,-0.008252,-0.000012,-0.000008,1.570311,-0.300000,1.000000,1.100000,0.000000,0.000000,-1.571000,0.009779,0.991891,0.014058,0.992039
23.446000,-0.309774,0.008108,1.085926,0.002411,-0.000201,-0.008252,-0.000015,-0.000008,1.570311,-0.300000,1.000000,1.100000,0.000000,0.000000,-1.571000,0.009774,0.991892,0.014074,0.992040
23.448000,-0.309769,0.008108,1.085909,0.002411,-0.000201,-0.008252,-0.000018,-0.000007,1.570311,-0.300000,1.000000,1.100000,0.000000,0.000000,-1.571000,0.009769,0.991892,0.014091,0.992040
23.450000,-0.309764,0.008108,1.085893,0.002410,-0.000201,-0.008251,-0.000021,-0.000007,1.570311,-0.300000,1.000000,1.100000,0.000000,0.000000,-1.571000,0.009764,0.991892,0.014107,0.992041
23.452000,-0.309760,0.008107,1.085876,0.002410,-0.000201,-0.008250,-0.000024,-0.000006,1.570311,-0.300000,1.000000,1.100000,0.000000,0.000000,-1.571000,0.009760,0.991893,0.014124,0.992041
23.454000,-0.309755,0.008107,1.085860,0.002409,-0.000201,-0.008248,-0.000026,-0.000006,1.570311,-0.300000,1.000000,1.100000,0.000000,0.000000,-1.571000,0.009755,0.991893,0.014140,0.992042
23.456000,-0.309750,0.008106,1.085843,0.002409,-0.000201,-0.008246,-0.000028,-0.000006,1.570311,-0.300000,1.000000,1.100000,0.000000,0.000000,-1.571000,0.009750,0.991894,0.014157,0.992042
23.458000,-0.309745,0.008106,1.085827,0.002408,-0.000201,-0.008244,-0.000030,-0.000005,1.570312,-0.300000,1.000000,1.100000,0.000000,0.000000,-1.571000,0.009745,0.991894,0.014173,0.992043
23.460000,-0.309740,0.008106,1.085810,0.002408,-0.000201,-0.008241,-0.000032,-0.000005,1.570312,-0.300000,1.000000,1.100000,0.000000,0.000000,-1.571000,0.009740,0.991894,0.014190,0.992044
23.462000,-0.309736,0.008105,1.085794,0.002407,-0.000202,-0.008238,-0.000034,-0.000005,1.570312,-0.300000,1.000000,1.100000,0.000000,0.000000,-1.571000,0.009736,0.991895,0.014206,0.992044
23.464000,-0.309731,0.008105,1.085777,0.002406,-0.000202,-0.008235,-0.000035,-0.000004,1.570312,-0.300000,1.000000,1.100000,0.000000,0.000000,-1.571000,0.009731,0.991895,0.014223,0.992045
23.466000,-0.309726,0.008104,1.085761,0.002406,-0.000202,-0.008232,-0.000037,-0.000004,1.570312,-0.300000,1.000000,1.100000,0.000000,0.000000,-1.571000,0.009726,0.991896,0.014239,0.992045
23.468000,-0.309721,0.008104,1.085745,0.002405,-0.000202,-0.008228,-0.000038,-0.000004,1.570312,-0.300000,1.000000,1.100000,0.000000,0.000000,-1.571000,0.009721,0.991896,0.014255,0.992046
23.470000,-0.309716,0.008104,1.085728,0.002404,-0.000202,-0.008224,-0.000039,-0.000003,1.570311,-0.300000,1.000000,1.100000,0.000000,0.000000,-1.571000,0.009716,0.991896,0.014272,0.992047
23.472000,-0.309711,0.008103,1.085712,0.002403,-0.000202,-0.008220,-0.000040,-0.000003,1.570311,-0.300000,1.000000,1.100000,0.000000,0.000000,-1.571000,0.009711,0.991897,0.014288,0.992047
23.474000,-0.309707,0.008103,1.085695,0.002403,-0.000202,-0.008216,-0.000040,-0.000003,1.570311,-0.300000,1.000000,1.100000,0.000000,0.000000,-1.571000,0.009707,0.991897,0.014305,0.992048
23.476000,-0.309702,0.008102,1.085679,0.002402,-0.000202,-0.008212,-0.000041,-0.000002,1.570311,-0.300000,1.000000,1.100000,0.000000,0.000000,-1.571000,0.009702,0.991898,0.014321,0.992048
23.478000,-0.309697,0.008102,1.085662,0.002401,-0.000202,-0.008207,-0.000041,-0.000002,1.570311,-0.300000,1.000000,1.100000,0.000000,0.000000,-1.571000,0.009697,0.991898,0.014338,0.992049
23.480000,-0.309692,0.008102,1.085646,0.002400,-0.000202,-0.008202,-0.000041,-0.000002,1.570311,-0.300000,1.000000,1.100000,0.000000,0.000000,-1.571000,0.009692,0.991898,0.014354,0.992050
23.482000,-0.309687,0.008101,1.085630,0.002399,-0.000202,-0.008198,-0.000041,-0.000001,1.570311,-0.300000,1.000000,1.100000,0.000000,0.000000,-1.571000,0.009687,0.991899,0.014370,0.992050
23.484000,-0.309683,0.008101,1.085613,0.002399,-0.000202,-0.008193,-0.000041,-0.000001,1.570311,-0.300000,1.000000,1.100000,0.000000,0.000000,-1.571000,0.009683,0.991899,0.014387,0.992051
23.486000,-0.309678,0.008100,1.085597,0.002398,-0.000202,-0.008188,-0.000041,-0.000001,1.570310,-0.300000,1.000000,1.100000,0.000000,0.000000,-1.571000,0.009678,0.991900,0.014403,0.992051
23.488000,-0.309673,0.008100,1.085580,0.002397,-0.000202,-0.008183,-0.000040,-0.000001,1.570310,-0.300000,1.000000,1.100000,0.000000,0.000000,-1.571000,0.009673,0.991900,0.014420,0.992052
23.490000,-0.309668,0.008100,1.085564,0.002396,-0.000202,-0.008178,-0.000040,-0.000000,1.570310,-0.300000,1.000000,1.100000,0.000000,0.000000,-1.571000,0.009668,0.991900,0.014436,0.992053
23.492000,-0.309664,0.008099,1.085548,0.002395,-0.000202,-0.008173,-0.000039,0.000000,1.570310,-0.300000,1.000000,1.100000,0.000000,0.000000,-1.571000,0.009664,0.991901,0.014452,0.992053
23.494000,-0.309659,0.008099,1.085531,0.002395,-0.000202,-0.008167,-0.000038,0.000000,1.570310,-0.300000,1.000000,1.100000,0.000000,0.000000,-1.571000,0.009659,0.991901,0.014469,0.992054
23.496000,-0.309654,0.008098,1.085515,0.002394,-0.000202,-0.008162,-0.000037,0.000001,1.570310,-0.300000,1.000000,1.100000,0.000000,0.000000,-1.571000,0.009654,0.991902,0.014485,0.992054
23.498000,-0.309649,0.008098,1.085499,0.002393,-0.000202,-0.008157,-0.000036,0.000001,1.570310,-0.300000,1.000000,1.100000,0.000000,0.000000,-1.571000,0.009649,0.991902,0.014501,0.992055
23.500000,-0.309644,0.008098,1.085482,0.002392,-0.000202,-0.008152,-0.000035,0.000002,1.570310,-0.300000,1.000000,1.100000,0.000000,0.000000,-1.571000,0.009644,0.991902,0.014518,0.992056
23.502000,-0.309640,0.008097,1.085466,0.002392,-0.000202,-0.008146,-0.000034,0.000002,1.570310,-0.300000,1.000000,1.100000,0.000000,0.000000,-1.571000,0.009640,0.991903,0.014534,0.992056
23.504000,-0.309635,0.008097,1.085450,0.002391,-0.000202,-0.008141,-0.000033,0.000003,1.570310,-0.300000,1.000000,1.100000,0.000000,0.000000,-1.571000,0.009635,0.991903,0.014550,0.992057
23.506000,-0.309630,0.008096,1.085434,0.002390,-0.000202,-0.008135,-0.000032,0.000003,1.570310,-0.300000,1.000000,1.100000,0.000000,0.000000,-1.571000,0.009630,0.991904,0.014566,0.992057
23.508000,-0.309625,0.008096,1.085417,0.002390,-0.000202,-0.008130,-0.000031,0.000004,1.570310,-0.300000,1.000000,1.100000,0.000000,0.000000,-1.571000,0.009625,0.991904,0.014583,0.992058
23.510000,-0.309620,0.008096,1.085401,0.002389,-0.000202,-0.008124,-0.000030,0.000004,1.570309,-0.300000,1.000000,1.100000,0.000000,0.000000,-1.571000,0.009620,0.991904,0.014599,0.992059
23.512000,-0.309616,0.008095,1.085385,0.002389,-0.000202,-0.008119,-0.000029,0.000005,1.570309,-0.300000,1.000000,1.100000,0.000000,0.000000,-1.571000,0.009616,0.991905,0.014615,0.992059
23.514000,-0.309611,0.008095,1.085369,0.002388,-0.000202,-0.008113,-0.000027,0.000006,1.570309,-0.300000,1.000000,1.100000,0.000000,0.000000,-1.571000,0.009611,0.991905,0.014631,0.992060
23.516000,-0.309606,0.008094,1.085352,0.002388,-0.000202,-0.008107,-0.000026,0.000006,1.570309,-0.300000,1.000000,1.100000,0.000000,0.000000,-1.571000,0.009606,0.991906,0.014648,0.992060
23.518000,-0.309601,0.008094,1.085336,0.002387,-0.000201,-0.008102,-0.000025,0.000007,1.570309,-0.300000,1.000000,1.100000,0.000000,0.000000,-1.571000,0.009601,0.991906,0.014664,0.992061
23.520000,-0.309597,0.008094,1.085320,0.002387,-0.000201,-0.008096,-0.000023,0.000008,1.570309,-0.300000,1.000000,1.100000,0.000000,0.000000,-1.571000,0.009597,0.991906,0.014680,0.992062
23.522000,-0.309592,0.008093,1.085304,0.002386,-0.000201,-0.008090,-0.000022,0.000009,1.570309,-0.300000,1.000000,1.100000,0.000000,0.000000,-1.571000,0.009592,0.991907,0.014696,0.992062
23.524000,-0.309587,0.008093,1.085288,0.002386,-0.000201,-0.008085,-0.000020,0.000009,1.570309,-0.300000,1.000000,1.100000,0.000000,0.000000,-1.571000,0.009587,0.991907,0.014712,0.992063
23.526000,-0.309582,0.008092,1.085271,0.002385,-0.000201,-0.008079,-0.000019,0.000010,1.570309,-0.300000,1.000000,1.100000,0.000000,0.000000,-1.571000,0.009582,0.991908,0.014729,0.992063
23.528000,-0.309577,0.008092,1.085255,0.002385,-0.000201,-0.008073,-0.000017,0.000011,1.570309,-0.300000,1.000000,1.100000,0.000000,0.000000,-1.571000,0.009577,0.991908,0.014745,0.992064
23.530000,-0.309573,0.008092,1.085239,0.002385,-0.000200,-0.008068,-0.000016,0.000012,1.570309,-0.300000,1.000000,1.100000,0.000000,0.000000,-1.571000,0.009573,0.991908,0.014761,0.992064
23.532000,-0.309568,0.008091,1.085223,0.002384,-0.000200,-0.008062,-0.000015,0.000012,1.570309,-0.300000,1.000000,1.100000,0.000000,0.000000,-1.571000,0.009568,0.991909,0.014777,0.992065
23.534000,-0.309563,0.008091,1.085207,0.002384,-0.000200,-0.008056,-0.000013,0.000013,1.570309,-0.300000,1.000000,1.100000,0.000000,0.000000,-1.571000,0.009563,0.991909,0.014793,0.992066
23.536000,-0.309558,0.008090,1.085191,0.002384,-0.000200,-0.008051,-0.000012,0.000014,1.570309,-0.300000,1.000000,1.100000,0.000000,0.000000,-1.571000,0.009558,0.991910,0.014809,0.992066
23.538000,-0.309554,0.008090,1.085175,0.002384,-0.000199,-0.008045,-0.000010,0.000014,1.570309,-0.300000,1.000000,1.100000,0.000000,0.000000,-1.571000,0.009554,0.991910,0.014825,0.992067
23.540000,-0.309549,0.008090,1.085159,0.002383,-0.000199,-0.008039,-0.000008,0.000015,1.570309,-0.300000,1.000000,1.100000,0.000000,0.000000,-1.571000,0.009549,0.991910,0.014841,0.992067
23.542000,-0.309544,0.008089,1.085143,0.002383,-0.000199,-0.008033,-0.000007,0.000016,1.570309,-0.300000,1.000000,1.100000,0.000000,0.000000,-1.571000,0.009544,0.991911,0.014857,0.992068
23.544000,-0.309539,0.008089,1.085127,0.002383,-0.000199,-0.008028,-0.000005,0.000016,1.570309,-0.300000,1.000000,1.100000,0.000000,0.000000,-1.571000,0.009539,0.991911,0.014873,0.992069
23.546000,-0.309535,0.008088,1.085111,0.002383,-0.000198,-0.008022,-0.000004,0.000017,1.570309,-0.300000,1.000000,1.100000,0.000000,0.000000,-1.571000,0.009535,0.991912,0.014889,0.992069
23.548000,-0.309530,0.008088,1.085094,0.002383,-0.000198,-0.008016,-0.000002,0.000017,1.570309,-0.300000,1.000000,1.100000,0.000000,0.000000,-1.571000,0.009530,0.991912,0.014906,0.992070
23.550000,-0.309525,0.008088,1.085078,0.002383,-0.000198,-0.008010,-0.000001,0.000017,1.570309,-0.300000,1.000000,1.100000,0.000000,0.000000,-1.571000,0.009525,0.991912,0.014922,0.992070
23.552000,-0.309520,0.008087,1.085062,0.002383,-0.000197,-0.008005,0.000001,0.000018,1.570308,-0.300000,1.000000,1.100000,0.000000,0.000000,-1.571000,0.009520,0.991913,0.014938,0.992071
23.554000,-0.309516,0.008087,1.085046,0.002383,-0.000197,-0.007999,0.000002,0.000018,1.570308,-0.300000,1.000000,1.100000,0.000000,0.000000,-1.571000,0.009516,0.991913,0.014954,0.992072
23.556000,-0.309511,0.008086,1.085030,0.002383,-0.000196,-0.007993,0.000004,0.000018,1.570308,-0.300000,1.000000,1.100000,0.000000,0.000000,-1.571000,0.009511,0.991914,0.014970,0.992072
23.558000,-0.309506,0.008086,1.085014,0.002383,-0.000196,-0.007987,0.000006,0.000018,1.570308,-0.300000,1.000000,1.100000,0.000000,0.000000,-1.571000,0.009506,0.991914,0.014986,0.992073
23.560000,-0.309501,0.008086,1.084999,0.002383,-0.000196,-0.007981,0.000007,0.000018,1.570308,-0.300000,1.000000,1.100000,0.000000,0.000000,-1.571000,0.009501,0.991914,0.015001,0.992073
23.562000,-0.309496,0.008085,1.084983,0.002383,-0.000195,-0.007976,0.000009,0.000018,1.570308,-0.300000,1.000000,1.100000,0.000000,0.000000,-1.571000,0.009496,0.991915,0.015017,0.992074
23.564000,-0.309492,0.008085,1.084967,0.002384,-0.000195,-0.007970,0.000010,0.000018,1.570308,-0.300000,1.000000,1.100000,0.000000,0.000000,-1.571000,0.009492,0.991915,0.015033,0.992075
23.566000,-0.309487,0.008084,1.084951,0.002384,-0.000195,-0.007964,0.000012,0.000018,1.570308,-0.300000,1.000000,1.100000,0.000000,0.000000,-1.571000,0.009487,0.991916,0.015049,0.992075
23.568000,-0.309482,0.008084,1.084935,0.002384,-0.000194,-0.007958,0.000014,0.000018,1.570308,-0.300000,1.000000,1.100000,0.000000,0.000000,-1.571000,0.009482,0.991916,0.015065,0.992076
23.570000,-0.309477,0.008084,1.084919,0.002384,-0.000194,-0.007953,0.000015,0.000018,1.570308,-0.300000,1.000000,1.100000,0.000000,0.000000,-1.571000,0.009477,0.991916,0.015081,0.992076
23.572000,-0.309473,0.008083,1.084903,0.002385,-0.000194,-0.007947,0.000017,0.000018,1.570308,-0.300000,1.000000,1.100000,0.000000,0.000000,-1.571000,0.009473,0.991917,0.015097,0.992077
23.574000,-0.309468,0.008083,1.084887,0.002385,-0.000193,-0.007941,0.000018,0.000017,1.570308,-0.300000,1.000000,1.100000,0.000000,0.000000,-1.571000,0.009468,0.991917,0.015113,0.992077
23.576000,-0.309463,0.008082,1.084871,0.002385,-0.000193,-0.007935,0.000020,0.000017,1.570308,-0.300000,1.000000,1.100000,0.000000,0.000000,-1.571000,0.009463,0.991918,0.015129,0.992078
23.578000,-0.309458,0.008082,1.084855,0.002386,-0.000193,-0.007929,0.000022,0.000017,1.570308,-0.300000,1.000000,1.100000,0.000000,0.000000,-1.571000,0.009458,0.991918,0.015145,0.992079
23.580000,-0.309454,0.008082,1.084839,0.002386,-0.000192,-0.007924,0.000023,0.000016,1.570308,-0.300000,1.000000,1.100000,0.000000,0.000000,-1.571000,0.009454,0.991918,0.015161,0.992079
23.582000,-0.309449,0.008081,1.084824,0.002387,-0.000192,-0.007918,0.000025,0.000016,1.570308,-0.300000,1.000000,1.100000,0.000000,0.000000,-1.571000,0.009449,0.991919,0.015176,0.992080
23.584000,-0.309444,0.008081,1.084808,0.002387,-0.000192,-0.007912,0.000026,0.000015,1.570308,-0.300000,1.000000,1.100000,0.000000,0.000000,-1.571000,0.009444,0.991919,0.015192,0.992080
23.586000,-0.309439,0.008081,1.084792,0.002388,-0.000191,-0.007906,0.000028,0.000015,1.570308,-0.300000,1.000000,1.100000,0.000000,0.000000,-1.571000,0.009439,0.991919,0.015208,0.992081
23.588000,-0.309434,0.008080,1.084776,0.002388,-0.000191,-0.007900,0.000029,0.000015,1.570308,-0.300000,1.000000,1.100000,0.000000,0.000000,-1.571000,0.009434,0.991920,0.015224,0.992082
23.590000,-0.309430,0.008080,1.084760,0.002389,-0.000191,-0.007895,0.000031,0.000014,1.570308,-0.300000,1.000000,1.100000,0.000000,0.000000,-1.571000,0.009430,0.991920,0.015240,0.992082
23.592000,-0.309425,0.008079,1.084745,0.002389,-0.000191,-0.007889,0.000032,0.000014,1.570308,-0.300000,1.000000,1.100000,0.000000,0.000000,-1.571000,0.009425,0.991921,0.015255,0.992083
23.594000,-0.309420,0.008079,1.084729,0.002390,-0.000190,-0.007883,0.000034,0.000013,1.570308,-0.300000,1.000000,1.100000,0.000000,0.000000,-1.571000,0.009420,0.991921,0.015271,0.992083
23.596000,-0.309415,0.008079,1.084713,0.002391,-0.000190,-0.007877,0.000035,0.000013,1.570308,-0.300000,1.000000,1.100000,0.000000,0.000000,-1.571000,0.009415,0.991921,0.015287,0.992084
23.598000,-0.309411,0.008078,1.084697,0.002391,-0.000190,-0.007871,0.000036,0.000012,1.570308,-0.300000,1.000000,1.100000,0.000000,0.000000,-1.571000,0.009411,0.991922,0.015303,0.992084
23.600000,-0.309406,0.008078,1.084682,0.002392,-0.000190,-0.007866,0.000038,0.000012,1.570308,-0.300000,1.000000,1.100000,0.000000,0.000000,-1.571000,0.009406,0.991922,0.015318,0.992085
23.602000,-0.309401,0.008078,1.084666,0.002393,-0.000189,-0.007860,0.000039,0.000011,1.570308,-0.300000,1.000000,1.100000,0.000000,0.000000,-1.571000,0.009401,0.991922,0.015334,0.992086
23.604000,-0.309396,0.008077,1.084650,0.002394,-0.000189,-0.007854,0.000040,0.000010,1.570308,-0.300000,1.000000,1.100000,0.000000,0.000000,-1.571000,0.009396,0.991923,0.015350,0.992086
23.606000,-0.309391,0.008077,1.084634,0.002394,-0.000189,-0.007848,0.000041,0.000010,1.570308,-0.300000,1.000000,1.100000,0.000000,0.000000,-1.571000,0.009391,0.991923,0.015366,0.992087
23.608000,-0.309387,0.008076,1.084619,0.002395,-0.000189,-0.007842,0.000042,0.000009,1.570307,-0.300000,1.000000,1.100000,0.000000,0.000000,-1.571000,0.009387,0.991924,0.015381,0.992087
23.610000,-0.309382,0.008076,1.084603,0.002396,-0.000189,-0.007837,0.000043,0.000009,1.570307,-0.300000,1.000000,1.100000,0.000000,0.000000,-1.571000,0.009382,0.991924,0.015397,0.992088
23.612000,-0.309377,0.008076,1.084587,0.002397,-0.000188,-0.007831,0.000044,0.000008,1.570307,-0.300000,1.000000,1.100000,0.000000,0.000000,-1.571000,0.009377,0.991924,0.015413,0.992088
23.614000,-0.309372,0.008075,1.084572,0.002398,-0.000188,-0.007825,0.000045,0.000007,1.570307,-0.300000,1.000000,1.100000,0.000000,0.000000,-1.571000,0.009372,0.991925,0.015428,0.992089
23.616000,-0.309367,0.008075,1.084556,0.002399,-0.000188,-0.007819,0.000045,0.000007,1.570307,-0.300000,1.000000,1.100000,0.000000,0.000000,-1.571000,0.009367,0.991925,0.015444,0.992090
23.618000,-0.309363,0.008074,1.084541,0.002399,-0.000188,-0.007813,0.000046,0.000006,1.570307,-0.300000,1.000000,1.100000,0.000000,0.000000,-1.571000,0.009363,0.991926,0.015459,0.992090
23.620000,-0.309358,0.008074,1.084525,0.002400,-0.000188,-0.007808,0.000047,0.000006,1.570307,-0.300000,1.000000,1.100000,0.000000,0.000000,-1.571000,0.009358,0.991926,0.015475,0.992091
23.622000,-0.309353,0.008074,1.084509,0.002401,-0.000188,-0.007802,0.000047,0.000005,1.570307,-0.300000,1.000000,1.100000,0.000000,0.000000,-1.571000,0.009353,0.991926,0.015491,0.992091
23.624000,-0.309348,0.008073,1.084494,0.002402,-0.000188,-0.007796,0.000048,0.000004,1.570307,-0.300000,1.000000,1.100000,0.000000,0.000000,-1.571000,0.009348,0.991927,0.015506,0.992092
23.626000,-0.309343,0.008073,1.084478,0.002403,-0.000188,-0.007790,0.000048,0.000004,1.570307,-0.300000,1.000000,1.100000,0.000000,0.000000,-1.571000,0.009343,0.991927,0.015522,0.992092
23.628000,-0.309339,0.008073,1.084463,0.002404,-0.000187,-0.007784,0.000048,0.000003,1.570307,-0.300000,1.000000,1.100000,0.000000,0.000000,-1.571000,0.009339,0.991927,0.015537,0.992093
23.630000,-0.309334,0.008072,1.084447,0.002405,-0.000187,-0.007779,0.000048,0.000002,1.570307,-0.300000,1.000000,1.100000,0.000000,0.000000,-1.571000,0.009334,0.991928,0.015553,0.992094
23.632000,-0.309329,0.008072,1.084431,0.002406,-0.000187,-0.007773,0.000048,0.000001,1.570307,-0.300000,1.000000,1.100000,0.000000,0.000000,-1.571000,0.009329,0.991928,0.015569,0.992094
23.634000,-0.309324,0.008071,1.084416,0.002407,-0.000187,-0.007767,0.000048,0.000001,1.570307,-0.300000,1.000000,1.100000,0.000000,0.000000,-1.571000,0.009324,0.991929,0.015584,0.992095
23.636000,-0.309319,0.008071,1.084400,0.002408,-0.000187,-0.007761,0.000048,0.000000,1.570307,-0.300000,1.000000,1.100000,0.000000,0.000000,-1.571000,0.009319,0.991929,0.015600,0.992095
23.638000,-0.309315,0.008071,1.084385,0.002409,-0.000187,-0.007755,0.000048,-0.000001,1.570307,-0.300000,1.000000,1.100000,0.000000,0.000000,-1.571000,0.009315,0.991929,0.015615,0.992096
23.640000,-0.309310,0.008070,1.084369,0.002410,-0.000187,-0.007749,0.000048,-0.000001,1.570307,-0.300000,1.000000,1.100000,0.000000,0.000000,-1.571000,0.009310,0.991930,0.015631,0.992096
23.642000,-0.309305,0.008070,1.084354,0.002411,-0.000187,-0.007744,0.000048,-0.000002,1.570307,-0.300000,1.000000,1.100000,0.000000,0.000000,-1.571000,0.009305,0.991930,0.015646,0.992097
23.644000,-0.309300,0.008070,1.084338,0.002412,-0.000187,-0.007738,0.000047,-0.000003,1.570307,-0.300000,1.000000,1.100000,0.000000,0.000000,-1.571000,0.009300,0.991930,0.015662,0.992098
23.646000,-0.309295,0.008069,1.084323,0.002413,-0.000187,-0.007732,0.000047,-0.000004,1.570307,-0.300000,1.000000,1.100000,0.000000,0.000000,-1.571000,0.009295,0.991931,0.015677,0.992098
23.648000,-0.309290,0.008069,1.084307,0.002413,-0.000188,-0.007726,0.000046,-0.000004,1.570307,-0.300000,1.000000,1.100000,0.000000,0.000000,-1.571000,0.009290,0.991931,0.015693,0.992099
23.650000,-0.309286,0.008068,1.084292,0.002414,-0.000188,-0.007720,0.000046,-0.000005,1.570307,-0.300000,1.000000,1.100000,0.000000,0.000000,-1.571000,0.009286,0.991932,0.015708,0.992099
23.652000,-0.309281,0.008068,1.084277,0.002415,-0.000188,-0.007715,0.000045,-0.000006,1.570307,-0.300000,1.000000,1.100000,0.000000,0.000000,-1.571000,0.009281,0.991932,0.015723,0.992100
23.654000,-0.309276,0.008068,1.084261,0.002416,-0.000188,-0.007709,0.000044,-0.000007,1.570307,-0.300000,1.000000,1.100000,0.000000,0.000000,-1.571000,0.009276,0.991932,0.015739,0.992100
23.656000,-0.309271,0.008067,1.084246,0.002417,-0.000188,-0.007703,0.000044,-0.000007,1.570307,-0.300000,1.000000,1.100000,0.000000,0.000000,-1.571000,0.009271,0.991933,0.015754,0.992101
23.658000,-0.309266,0.008067,1.084230,0.002418,-0.000188,-0.007697,0.000043,-0.000008,1.570307,-0.300000,1.000000,1.100000,0.000000,0.000000,-1.571000,0.009266,0.991933,0.015770,0.992102
23.660000,-0.309261,0.008067,1.084215,0.002419,-0.000188,-0.007691,0.000042,-0.000009,1.570307,-0.300000,1.000000,1.100000,0.000000,0.000000,-1.571000,0.009261,0.991933,0.015785,0.992102
23.662000,-0.309257,0.008066,1.084200,0.002420,-0.000189,-0.007686,0.000041,-0.000009,1.570307,-0.300000,1.000000,1.100000,0.000000,0.000000,-1.571000,0.009257,0.991934,0.015800,0.992103
23.664000,-0.309252,0.008066,1.084184,0.002420,-0.000189,-0.007680,0.000040,-0.000010,1.570307,-0.300000,1.000000,1.100000,0.000000,0.000000,-1.571000,0.009252,0.991934,0.015816,0.992103
23.666000,-0.309247,0.008065,1.084169,0.002421,-0.000189,-0.007674,0.000040,-0.000010,1.570307,-0.300000,1.000000,1.100000,0.000000,0.000000,-1.571000,0.009247,0.991935,0.015831,0.992104
23.668000,-0.309242,0.008065,1.084154,0.002422,-0.000189,-0.007668,0.000039,-0.000011,1.570307,-0.300000,1.000000,1.100000,0.000000,0.000000,-1.571000,0.009242,0.991935,0.015846,0.992105
23.670000,-0.309237,0.008065,1.084138,0.002423,-0.000189,-0.007662,0.000038,-0.000011,1.570307,-0.300000,1.000000,1.100000,0.000000,0.000000,-1.571000,0.009237,0.991935,0.015862,0.992105
23.672000,-0.309232,0.008064,1.084123,0.002423,-0.000190,-0.007657,0.000037,-0.000012,1.570307,-0.300000,1.000000,1.100000,0.000000,0.000000,-1.571000,0.009232,0.991936,0.015877,0.992106
23.674000,-0.309228,0.008064,1.084108,0.002424,-0.000190,-0.007651,0.000036,-0.000012,1.570307,-0.300000,1.000000,1.100000,0.000000,0.000000,-1.571000,0.009228,0.991936,0.015892,0.992106
23.676000,-0.309223,0.008064,1.084092,0.002425,-0.000190,-0.007645,0.000035,-0.000012,1.570307,-0.300000,1.000000,1.100000,0.000000,0.000000,-1.571000,0.009223,0.991936,0.015908,0.992107
23.678000,-0.309218,0.008063,1.084077,0.002425,-0.000190,-0.007639,0.000034,-0.000013,1.570307,-0.300000,1.000000,1.100000,0.000000,0.000000,-1.571000,0.009218,0.991937,0.015923,0.992107
23.680000,-0.309213,0.008063,1.084062,0.002426,-0.000190,-0.007633,0.000033,-0.000013,1.570307,-0.300000,1.000000,1.100000,0.000000,0.000000,-1.571000,0.009213,0.991937,0.015938,0.992108
23.682000,-0.309208,0.008062,1.084047,0.002427,-0.000191,-0.007627,0.000032,-0.000013,1.570306,-0.300000,1.000000,1.100000,0.000000,0.000000,-1.571000,0.009208,0.991938,0.015953,0.992109
23.684000,-0.309203,0.008062,1.084031,0.002427,-0.000191,-0.007622,0.000031,-0.000013,1.570306,-0.300000,1.000000,1.100000,0.000000,0.000000,-1.571000,0.009203,0.991938,0.015969,0.992109
23.686000,-0.309198,0.008062,1.084016,0.002428,-0.000191,-0.007616,0.000030,-0.000013,1.570306,-0.300000,1.000000,1.100000,0.000000,0.000000,-1.571000,0.009198,0.991938,0.015984,0.992110
23.688000,-0.309194,0.008061,1.084001,0.002429,-0.000191,-0.007610,0.000029,-0.000013,1.570306,-0.300000,1.000000,1.100000,0.000000,0.000000,-1.571000,0.009194,0.991939,0.015999,0.992110
23.690000,-0.309189,0.008061,1.083986,0.002429,-0.000192,-0.007605,0.000028,-0.000013,1.570306,-0.300000,1.000000,1.100000,0.000000,0.000000,-1.571000,0.009189,0.991939,0.016014,0.992111
23.692000,-0.309184,0.008061,1.083970,0.002430,-0.000192,-0.007601,0.000027,-0.000013,1.570306,-0.300000,1.000000,1.100000,0.000000,0.000000,-1.571000,0.009184,0.991939,0.016030,0.992111
23.694000,-0.309179,0.008060,1.083955,0.002430,-0.000192,-0.007597,0.000026,-0.000013,1.570306,-0.300000,1.000000,1.100000,0.000000,0.000000,-1.571000,0.009179,0.991940,0.016045,0.992112
23.696000,-0.309174,0.008060,1.083940,0.002431,-0.000193,-0.007593,0.000025,-0.000013,1.570306,-0.300000,1.000000,1.100000,0.000000,0.000000,-1.571000,0.009174,0.991940,0.016060,0.992113
23.698000,-0.309169,0.008059,1.083925,0.002431,-0.000193,-0.007590,0.000024,-0.000013,1.570306,-0.300000,1.000000,1.100000,0.000000,0.000000,-1.571000,0.009169,0.991941,0.016075,0.992113
23.700000,-0.309164,0.008059,1.083910,0.002432,-0.000193,-0.007587,0.000022,-0.000012,1.570306,-0.300000,1.000000,1.100000,0.000000,0.000000,-1.571000,0.009164,0.991941,0.016090,0.992114
23.702000,-0.309160,0.008059,1.083894,0.002432,-0.000193,-0.007584,0.000021,-0.000012,1.570306,-0.300000,1.000000,1.100000,0.000000,0.000000,-1.571000,0.009160,0.991941,0.016106,0.992114
23.704000,-0.309155,0.008058,1.083879,0.002432,-0.000194,-0.007582,0.000020,-0.000012,1.570306,-0.300000,1.000000,1.100000,0.000000,0.000000,-1.571000,0.009155,0.991942,0.016121,0.992115
23.706000,-0.309150,0.008058,1.083864,0.002433,-0.000194,-0.007579,0.000019,-0.000011,1.570306,-0.300000,1.000000,1.100000,0.000000,0.000000,-1.571000,0.009150,0.991942,0.016136,0.992116
23.708000,-0.309145,0.008057,1.083849,0.002433,-0.000194,-0.007578,0.000018,-0.000011,1.570306,-0.300000,1.000000,1.100000,0.000000,0.000000,-1.571000,0.009145,0.991943,0.016151,0.992116
23.710000,-0.309140,0.008057,1.083834,0.002434,-0.000194,-0.007576,0.000017,-0.000010,1.570306,-0.300000,1.000000,1.100000,0.000000,0.000000,-1.571000,0.009140,0.991943,0.016166,0.992117
23.712000,-0.309135,0.008057,1.083819,0.002434,-0.000194,-0.007574,0.000016,-0.000010,1.570306,-0.300000,1.000000,1.100000,0.000000,0.000000,-1.571000,0.009135,0.991943,0.016181,0.992117
23.714000,-0.309130,0.008056,1.083804,0.002434,-0.000195,-0.007573,0.000015,-0.000009,1.570306,-0.300000,1.000000,1.100000,0.000000,0.000000,-1.571000,0.009130,0.991944,0.016196,0.992118
23.716000,-0.309125,0.008056,1.083788,0.002434,-0.000195,-0.007572,0.000014,-0.000009,1.570306,-0.300000,1.000000,1.100000,0.000000,0.000000,-1.571000,0.009125,0.991944,0.016212,0.992119
23.718000,-0.309121,0.008055,1.083773,0.002435,-0.000195,-0.007570,0.000013,-0.000008,1.570306,-0.300000,1.000000,1.100000,0.000000,0.000000,-1.571000,0.009121,0.991945,0.016227,0.992119
23.720000,-0.309116,0.008055,1.083758,0.002435,-0.000195,-0.007569,0.000012,-0.000007,1.570306,-0.300000,1.000000,1.100000,0.000000,0.000000,-1.571000,0.009116,0.991945,0.016242,0.992120
23.722000,-0.309111,0.008055,1.083743,0.002435,-0.000195,-0.007569,0.000011,-0.000006,1.570306,-0.300000,1.000000,1.100000,0.000000,0.000000,-1.571000,0.009111,0.991945,0.016257,0.992120
23.724000,-0.309106,0.008054,1.083728,0.002435,-0.000195,-0.007568,0.000009,-0.000005,1.570306,-0.300000,1.000000,1.100000,0.000000,0.000000,-1.571000,0.009106,0.991946,0.016272,0.992121
23.726000,-0.309101,0.008054,1.083713,0.002436,-0.000195,-0.007567,0.000008,-0.000005,1.570306,-0.300000,1.000000,1.100000,0.000000,0.000000,-1.571000,0.009101,0.991946,0.016287,0.992122
23.728000,-0.309096,0.008054,1.083698,0.002436,-0.000195,-0.007567,0.000007,-0.000004,1.570306,-0.300000,1.000000,1.100000,0.000000,0.000000,-1.571000,0.009096,0.991946,0.016302,0.992122
23.730000,-0.309091,0.008053,1.083682,0.002436,-0.000196,-0.007566,0.000006,-0.000003,1.570306,-0.300000,1.000000,1.100000,0.000000,0.000000,-1.571000,0.009091,0.991947,0.016318,0.992123
23.732000,-0.309086,0.008053,1.083667,0.002436,-0.000196,-0.007566,0.000005,-0.000002,1.570306,-0.300000,1.000000,1.100000,0.000000,0.000000,-1.571000,0.009086,0.991947,0.016333,0.992123
23.734000,-0.309082,0.008052,1.083652,0.002436,-0.000196,-0.007565,0.000004,-0.000001,1.570306,-0.300000,1.000000,1.100000,0.000000,0.000000,-1.571000,0.009082,0.991948,0.016348,0.992124
23.736000,-0.309077,0.008052,1.083637,0.002436,-0.000196,-0.007565,0.000003,0.000000,1.570306,-0.300000,1.000000,1.100000,0.000000,0.000000,-1.571000,0.009077,0.991948,0.016363,0.992124
23.738000,-0.309072,0.008052,1.083622,0.002436,-0.000196,-0.007565,0.000002,0.000001,1.570306,-0.300000,1.000000,1.100000,0.000000,0.000000,-1.571000,0.009072,0.991948,0.016378,0.992125
23.740000,-0.309067,0.008051,1.083607,0.002436,-0.000196,-0.007564,0.000001,0.000002,1.570306,-0.300000,1.000000,1.100000,0.000000,0.000000,-1.571000,0.009067,0.991949,0.016393,0.992126
23.742000,-0.309062,0.008051,1.083592,0.002436,-0.000196,-0.007564,-0.000000,0.000003,1.570306,-0.300000,1.000000,1.100000,0.000000,0.000000,-1.571000,0.009062,0.991949,0.016408,0.992126
23.744000,-0.309057,0.008050,1.083577,0.002436,-0.000195,-0.007564,-0.000002,0.000004,1.570306,-0.300000,1.000000,1.100000,0.000000,0.000000,-1.571000,0.009057,0.991950,0.016423,0.992127
23.746000,-0.309052,0.008050,1.083561,0.002436,-0.000195,-0.007564,-0.000003,0.000005,1.570306,-0.300000,1.000000,1.100000,0.000000,0.000000,-1.571000,0.009052,0.991950,0.016439,0.992127
23.748000,-0.309048,0.008050,1.083546,0.002436,-0.000195,-0.007564,-0.000004,0.000006,1.570306,-0.300000,1.000000,1.100000,0.000000,0.000000,-1.571000,0.009048,0.991950,0.016454,0.992128
23.750000,-0.309043,0.008049,1.083531,0.002436,-0.000195,-0.007564,-0.000005,0.000006,1.570306,-0.300000,1.000000,1.100000,0.000000,0.000000,-1.571000,0.009043,0.991951,0.016469,0.992129
23.752000,-0.309038,0.008049,1.083516,0.002436,-0.000195,-0.007564,-0.000006,0.000007,1.570306,-0.300000,1.000000,1.100000,0.000000,0.000000,-1.571000,0.009038,0.991951,0.016484,0.992129
23.754000,-0.309033,0.008048,1.083501,0.002436,-0.000195,-0.007564,-0.000007,0.000008,1.570306,-0.300000,1.000000,1.100000,0.000000,0.000000,-1.571000,0.009033,0.991952,0.016499,0.992130
23.756000,-0.309028,0.008048,1.083486,0.002436,-0.000195,-0.007564,-0.000008,0.000008,1.570306,-0.300000,1.000000,1.100000,0.000000,0.000000,-1.571000,0.009028,0.991952,0.016514,0.992130
23.758000,-0.309023,0.008048,1.083471,0.002436,-0.000195,-0.007564,-0.000009,0.000009,1.570306,-0.300000,1.000000,1.100000,0.000000,0.000000,-1.571000,0.009023,0.991952,0.016529,0.992131
23.760000,-0.309018,0.008047,1.083456,0.002435,-0.000194,-0.007564,-0.000010,0.000010,1.570306,-0.300000,1.000000,1.100000,0.000000,0.000000,-1.571000,0.009018,0.991953,0.016544,0.992132
23.762000,-0.309013,0.008047,1.083440,0.002435,-0.000194,-0.007564,-0.000012,0.000010,1.570306,-0.300000,1.000000,1.100000,0.000000,0.000000,-1.571000,0.009013,0.991953,0.016560,0.992132
23.764000,-0.309009,0.008047,1.083425,0.002435,-0.000194,-0.007564,-0.000013,0.000011,1.570306,-0.300000,1.000000,1.100000,0.000000,0.000000,-1.571000,0.009009,0.991953,0.016575,0.992133
23.766000,-0.309004,0.008046,1.083410,0.002435,-0.000194,-0.007564,-0.000014,0.000011,1.570306,-0.300000,1.000000,1.100000,0.000000,0.000000,-1.571000,0.009004,0.991954,0.016590,0.992133
23.768000,-0.308999,0.008046,1.083395,0.002434,-0.000194,-0.007564,-0.000015,0.000011,1.570305,-0.300000,1.000000,1.100000,0.000000,0.000000,-1.571000,0.008999,0.991954,0.016605,0.992134
23.770000,-0.308994,0.008045,1.083380,0.002434,-0.000193,-0.007565,-0.000016,0.000011,1.570305,-0.300000,1.000000,1.100000,0.000000,0.000000,-1.571000,0.008994,0.991955,0.016620,0.992135
23.772000,-0.308989,0.008045,1.083365,0.002434,-0.000193,-0.007565,-0.000017,0.000012,1.570305,-0.300000,1.000000,1.100000,0.000000,0.000000,-1.571000,0.008989,0.991955,0.016635,0.992135
23.774000,-0.308984,0.008045,1.083350,0.002433,-0.000193,-0.007565,-0.000018,0.000012,1.570305,-0.300000,1.000000,1.100000,0.000000,0.000000,-1.571000,0.008984,0.991955,0.016650,0.992136
23.776000,-0.308979,0.008044,1.083335,0.002433,-0.000193,-0.007565,-0.000019,0.000012,1.570305,-0.300000,1.000000,1.100000,0.000000,0.000000,-1.571000,0.008979,0.991956,0.016665,0.992136
23.778000,-0.308974,0.008044,1.083319,0.002433,-0.000192,-0.007565,-0.000020,0.000012,1.570305,-0.300000,1.000000,1.100000,0.000000,0.000000,-1.571000,0.008974,0.991956,0.016681,0.992137
23.780000,-0.308970,0.008043,1.083304,0.002432,-0.000192,-0.007565,-0.000022,0.000012,1.570305,-0.300000,1.000000,1.100000,0.000000,0.000000,-1.571000,0.008970,0.991957,0.016696,0.992138
23.782000,-0.308965,0.008043,1.083289,0.002432,-0.000192,-0.007566,-0.000023,0.000012,1.570305,-0.300000,1.000000,1.100000,0.000000,0.000000,-1.571000,0.008965,0.991957,0.016711,0.992138
23.784000,-0.308960,0.008043,1.083274,0.002431,-0.000192,-0.007566,-0.000024,0.000012,1.570305,-0.300000,1.000000,1.100000,0.000000,0.000000,-1.571000,0.008960,0.991957,0.016726,0.992139
23.786000,-0.308955,0.008042,1.083259,0.002431,-0.000192,-0.007566,-0.000025,0.000011,1.570305,-0.300000,1.000000,1.100000,0.000000,0.000000,-1.571000,0.008955,0.991958,0.016741,0.992139
23.788000,-0.308950,0.008042,1.083244,0.002430,-0.000191,-0.007566,-0.000026,0.000011,1.570305,-0.300000,1.000000,1.100000,0.000000,0.000000,-1.571000,0.008950,0.991958,0.016756,0.992140
23.790000,-0.308945,0.008042,1.083229,0.002430,-0.000191,-0.007566,-0.000027,0.000011,1.570305,-0.300000,1.000000,1.100000,0.000000,0.000000,-1.571000,0.008945,0.991958,0.016771,0.992141
23.792000,-0.308940,0.008041,1.083213,0.002429,-0.000191,-0.007567,-0.000028,0.000011,1.570305,-0.300000,1.000000,1.100000,0.000000,0.000000,-1.571000,0.008940,0.991959,0.016787,0.992141
23.794000,-0.308936,0.008041,1.083198,0.002429,-0.000191,-0.007567,-0.000029,0.000010,1.570305,-0.300000,1.000000,1.100000,0.000000,0.000000,-1.571000,0.008936,0.991959,0.016802,0.992142
23.796000,-0.308931,0.008040,1.083183,0.002428,-0.000190,-0.007567,-0.000030,0.000010,1.570305,-0.300000,1.000000,1.100000,0.000000,0.000000,-1.571000,0.008931,0.991960,0.016817,0.992142
23.798000,-0.308926,0.008040,1.083168,0.002428,-0.000190,-0.007567,-0.000032,0.000010,1.570305,-0.300000,1.000000,1.100000,0.000000,0.000000,-1.571000,0.008926,0.991960,0.016832,0.992143
23.800000,-0.308921,0.008040,1.083153,0.002427,-0.000190,-0.007567,-0.000033,0.000010,1.570305,-0.300000,1.000000,1.100000,0.000000,0.000000,-1.571000,0.008921,0.991960,0.016847,0.992144
23.802000,-0.308916,0.008039,1.083138,0.002426,-0.000190,-0.007568,-0.000034,0.000009,1.570305,-0.300000,1.000000,1.100000,0.000000,0.000000,-1.571000,0.008916,0.991961,0.016862,0.992144
23.804000,-0.308911,0.008039,1.083123,0.002426,-0.000190,-0.007568,-0.000035,0.000009,1.570305,-0.300000,1.000000,1.100000,0.000000,0.000000,-1.571000,0.008911,0.991961,0.016877,0.992145
23.806000,-0.308906,0.008038,1.083108,0.002425,-0.000190,-0.007568,-0.000036,0.000009,1.570305,-0.300000,1.000000,1.100000,0.000000,0.000000,-1.571000,0.008906,0.991962,0.016892,0.992145
23.808000,-0.308902,0.008038,1.083092,0.002424,-0.000189,-0.007568,-0.000037,0.000009,1.570305,-0.300000,1.000000,1.100000,0.000000,0.000000,-1.571000,0.008902,0.991962,0.016908,0.992146
23.810000,-0.308897,0.008038,1.083077,0.002424,-0.000189,-0.007568,-0.000038,0.000009,1.570305,-0.300000,1.000000,1.100000,0.000000,0.000000,-1.571000,0.008897,0.991962,0.016923,0.992147
23.812000,-0.308892,0.008037,1.083062,0.002423,-0.000189,-0.007569,-0.000039,0.000008,1.570306,-0.300000,1.000000,1.100000,0.000000,0.000000,-1.571000,0.008892,0.991963,0.016938,0.992147
23.814000,-0.308887,0.008037,1.083047,0.002422,-0.000189,-0.007569,-0.000040,0.000008,1.570306,-0.300000,1.000000,1.100000,0.000000,0.000000,-1.571000,0.008887,0.991963,0.016953,0.992148
23.816000,-0.308882,0.008037,1.083032,0.002421,-0.000189,-0.007569,-0.000041,0.000008,1.570306,-0.300000,1.000000,1.100000,0.000000,0.000000,-1.571000,0.008882,0.991963,0.016968,0.992148
23.818000,-0.308877,0.008036,1.083017,0.002420,-0.000189,-0.007569,-0.000041,0.000008,1.570306,-0.300000,1.000000,1.100000,0.000000,0.000000,-1.571000,0.008877,0.991964,0.016983,0.992149
23.820000,-0.308873,0.008036,1.083002,0.002420,-0.000188,-0.007569,-0.000042,0.000008,1.570306,-0.300000,1.000000,1.100000,0.000000,0.000000,-1.571000,0.008873,0.991964,0.016998,0.992149
23.822000,-0.308868,0.008035,1.082986,0.002419,-0.000188,-0.007570,-0.000043,0.000007,1.570306,-0.300000,1.000000,1.100000,0.000000,0.000000,-1.571000,0.008868,0.991965,0.017014,0.992150
23.824000,-0.308863,0.008035,1.082971,0.002418,-0.000188,-0.007570,-0.000043,0.000007,1.570306,-0.300000,1.000000,1.100000,0.000000,0.000000,-1.571000,0.008863,0.991965,0.017029,0.992151
23.826000,-0.308858,0.008035,1.082956,0.002417,-0.000188,-0.007570,-0.000044,0.000007,1.570306,-0.300000,1.000000,1.100000,0.000000,0.000000,-1.571000,0.008858,0.991965,0.017044,0.992151
23.828000,-0.308853,0.008034,1.082941,0.002416,-0.000188,-0.007570,-0.000044,0.000007,1.570306,-0.300000,1.000000,1.100000,0.000000,0.000000,-1.571000,0.008853,0.991966,0.017059,0.992152
23.830000,-0.308848,0.008034,1.082926,0.002415,-0.000188,-0.007571,-0.000044,0.000006,1.570306,-0.300000,1.000000,1.100000,0.000000,0.000000,-1.571000,0.008848,0.991966,0.017074,0.992152
23.832000,-0.308844,0.008034,1.082911,0.002415,-0.000188,-0.007571,-0.000044,0.000006,1.570307,-0.300000,1.000000,1.100000,0.000000,0.000000,-1.571000,0.008844,0.991966,0.017089,0.992153
23.834000,-0.308839,0.008033,1.082896,0.002414,-0.000187,-0.007571,-0.000045,0.000006,1.570307,-0.300000,1.000000,1.100000,0.000000,0.000000,-1.571000,0.008839,0.991967,0.017104,0.992154
23.836000,-0.308834,0.008033,1.082880,0.002413,-0.000187,-0.007571,-0.000045,0.000006,1.570307,-0.300000,1.000000,1.100000,0.000000,0.000000,-1.571000,0.008834,0.991967,0.017120,0.992154
23.838000,-0.308829,0.008032,1.082865,0.002412,-0.000187,-0.007571,-0.000045,0.000005,1.570307,-0.300000,1.000000,1.100000,0.000000,0.000000,-1.571000,0.008829,0.991968,0.017135,0.992155
23.840000,-0.308824,0.008032,1.082850,0.002411,-0.000187,-0.007572,-0.000045,0.000005,1.570307,-0.300000,1.000000,1.100000,0.000000,0.000000,-1.571000,0.008824,0.991968,0.017150,0.992155
23.842000,-0.308819,0.008032,1.082835,0.002410,-0.000187,-0.007572,-0.000044,0.000005,1.570307,-0.300000,1.000000,1.100000,0.000000,0.000000,-1.571000,0.008819,0.991968,0.017165,0.992156
23.844000,-0.308815,0.008031,1.082820,0.002409,-0.000187,-0.007572,-0.000044,0.000005,1.570307,-0.300000,1.000000,1.100000,0.000000,0.000000,-1.571000,0.008815,0.991969,0.017180,0.992157
23.846000,-0.308810,0.008031,1.082805,0.002408,-0.000187,-0.007572,-0.000044,0.000005,1.570307,-0.300000,1.000000,1.100000,0.000000,0.000000,-1.571000,0.008810,0.991969,0.017195,0.992157
23.848000,-0.308805,0.008031,1.082790,0.002408,-0.000187,-0.007573,-0.000044,0.000005,1.570307,-0.300000,1.000000,1.100000,0.000000,0.000000,-1.571000,0.008805,0.991969,0.017210,0.992158
23.850000,-0.308800,0.008030,1.082774,0.002407,-0.000187,-0.007573,-0.000044,0.000004,1.570307,-0.300000,1.000000,1.100000,0.000000,0.000000,-1.571000,0.008800,0.991970,0.017226,0.992158
23.852000,-0.308795,0.008030,1.082759,0.002406,-0.000187,-0.007573,-0.000043,0.000004,1.570307,-0.300000,1.000000,1.100000,0.000000,0.000000,-1.571000,0.008795,0.991970,0.017241,0.992159
23.854000,-0.308791,0.008029,1.082744,0.002405,-0.000186,-0.007573,-0.000043,0.000004,1.570307,-0.300000,1.000000,1.100000,0.000000,0.000000,-1.571000,0.008791,0.991971,0.017256,0.992160
23.856000,-0.308786,0.008029,1.082729,0.002404,-0.000186,-0.007573,-0.000043,0.000004,1.570307,-0.300000,1.000000,1.100000,0.000000,0.000000,-1.571000,0.008786,0.991971,0.017271,0.992160
23.858000,-0.308781,0.008029,1.082714,0.002403,-0.000186,-0.007574,-0.000042,0.000004,1.570307,-0.300000,1.000000,1.100000,0.000000,0.000000,-1.571000,0.008781,0.991971,0.017286,0.992161
23.860000,-0.308776,0.008028,1.082699,0.002403,-0.000186,-0.007574,-0.000042,0.000004,1.570307,-0.300000,1.000000,1.100000,0.000000,0.000000,-1.571000,0.008776,0.991972,0.017301,0.992161
23.862000,-0.308771,0.008028,1.082684,0.002402,-0.000186,-0.007574,-0.000042,0.000005,1.570307,-0.300000,1.000000,1.100000,0.000000,0.000000,-1.571000,0.008771,0.991972,0.017316,0.992162
23.864000,-0.308767,0.008028,1.082668,0.002401,-0.000186,-0.007574,-0.000041,0.000005,1.570307,-0.300000,1.000000,1.100000,0.000000,0.000000,-1.571000,0.008767,0.991972,0.017332,0.992163
23.866000,-0.308762,0.008027,1.082653,0.002400,-0.000186,-0.007575,-0.000041,0.000005,1.570307,-0.300000,1.000000,1.100000,0.000000,0.000000,-1.571000,0.008762,0.991973,0.017347,0.992163
23.868000,-0.308757,0.008027,1.082638,0.002399,-0.000186,-0.007575,-0.000040,0.000005,1.570307,-0.300000,1.000000,1.100000,0.000000,0.000000,-1.571000,0.008757,0.991973,0.017362,0.992164
23.870000,-0.308752,0.008026,1.082623,0.002399,-0.000186,-0.007575,-0.000040,0.000005,1.570307,-0.300000,1.000000,1.100000,0.000000,0.000000,-1.571000,0.008752,0.991974,0.017377,0.992164
23.872000,-0.308747,0.008026,1.082608,0.002398,-0.000186,-0.007575,-0.000039,0.000006,1.570307,-0.300000,1.000000,1.100000,0.000000,0.000000,-1.571000,0.008747,0.991974,0.017392,0.992165
23.874000,-0.308743,0.008026,1.082593,0.002397,-0.000186,-0.007575,-0.000039,0.000006,1.570307,-0.300000,1.000000,1.100000,0.000000,0.000000,-1.571000,0.008743,0.991974,0.017407,0.992166
23.876000,-0.308738,0.008025,1.082577,0.002396,-0.000185,-0.007576,-0.000038,0.000006,1.570307,-0.300000,1.000000,1.100000,0.000000,0.000000,-1.571000,0.008738,0.991975,0.017423,0.992166
23.878000,-0.308733,0.008025,1.082562,0.002395,-0.000185,-0.007576,-0.000038,0.000007,1.570307,-0.300000,1.000000,1.100000,0.000000,0.000000,-1.571000,0.008733,0.991975,0.017438,0.992167
23.880000,-0.308728,0.008025,1.082547,0.002395,-0.000185,-0.007576,-0.000037,0.000007,1.570307,-0.300000,1.000000,1.100000,0.000000,0.000000,-1.571000,0.008728,0.991975,0.017453,0.992167
23.882000,-0.308723,0.008024,1.082532,0.002394,-0.000185,-0.007576,-0.000037,0.000007,1.570307,-0.300000,1.000000,1.100000,0.000000,0.000000,-1.571000,0.008723,0.991976,0.017468,0.992168
23.884000,-0.308719,0.008024,1.082517,0.002393,-0.000185,-0.007577,-0.000036,0.000007,1.570307,-0.300000,1.000000,1.100000,0.000000,0.000000,-1.571000,0.008719,0.991976,0.017483,0.992168
23.886000,-0.308714,0.008024,1.082502,0.002393,-0.000185,-0.007577,-0.000036,0.000007,1.570307,-0.300000,1.000000,1.100000,0.000000,0.000000,-1.571000,0.008714,0.991976,0.017498,0.992169
23.888000,-0.308709,0.008023,1.082487,0.002392,-0.000185,-0.007577,-0.000035,0.000007,1.570307,-0.300000,1.000000,1.100000,0.000000,0.000000,-1.571000,0.008709,0.991977,0.017513,0.992170
23.890000,-0.308704,0.008023,1.082471,0.002391,-0.000184,-0.007577,-0.000035,0.000008,1.570307,-0.300000,1.000000,1.100000,0.000000,0.000000,-1.571000,0.008704,0.991977,0.017529,0.992170
23.892000,-0.308699,0.008022,1.082456,0.002390,-0.000184,-0.007578,-0.000034,0.000008,1.570307,-0.300000,1.000000,1.100000,0.000000,0.000000,-1.571000,0.008699,0.991978,0.017544,0.992171
23.894000,-0.308695,0.008022,1.082441,0.002390,-0.000184,-0.007578,-0.000034,0.000008,1.570307,-0.300000,1.000000,1.100000,0.000000,0.000000,-1.571000,0.008695,0.991978,0.017559,0.992171
23.896000,-0.308690,0.008022,1.082426,0.002389,-0.000184,-0.007578,-0.000033,0.000008,1.570307,-0.300000,1.000000,1.100000,0.000000,0.000000,-1.571000,0.008690,0.991978,0.017574,0.992172
23.898000,-0.308685,0.008021,1.082411,0.002389,-0.000184,-0.007578,-0.000033,0.000007,1.570307,-0.300000,1.000000,1.100000,0.000000,0.000000,-1.571000,0.008685,0.991979,0.017589,0.992173
23.900000,-0.308680,0.008021,1.082396,0.002388,-0.000184,-0.007579,-0.000032,0.000007,1.570307,-0.300000,1.000000,1.100000,0.000000,0.000000,-1.571000,0.008680,0.991979,0.017604,0.992173
23.902000,-0.308676,0.008021,1.082380,0.002387,-0.000184,-0.007579,-0.000032,0.000007,1.570307,-0.300000,1.000000,1.100000,0.000000,0.000000,-1.571000,0.008676,0.991979,0.017620,0.992174
23.904000,-0.308671,0.008020,1.082365,0.002387,-0.000183,-0.007579,-0.000031,0.000007,1.570307,-0.300000,1.000000,1.100000,0.000000,0.000000,-1.571000,0.008671,0.991980,0.017635,0.992174
23.906000,-0.308666,0.008020,1.082350,0.002386,-0.000183,-0.007579,-0.000030,0.000007,1.570307,-0.300000,1.000000,1.100000,0.000000,0.000000,-1.571000,0.008666,0.991980,0.017650,0.992175
23.908000,-0.308661,0.008019,1.082335,0.002385,-0.000183,-0.007579,-0.000030,0.000006,1.570307,-0.300000,1.000000,1.100000,0.000000,0.000000,-1.571000,0.008661,0.991981,0.017665,0.992176
23.910000,-0.308656,0.008019,1.082320,0.002385,-0.000183,-0.007580,-0.000029,0.000006,1.570308,-0.300000,1.000000,1.100000,0.000000,0.000000,-1.571000,0.008656,0.991981,0.017680,0.992176
23.912000,-0.308652,0.008019,1.082305,0.002384,-0.000183,-0.007580,-0.000029,0.000006,1.570308,-0.300000,1.000000,1.100000,0.000000,0.000000,-1.571000,0.008652,0.991981,0.017695,0.992177
23.914000,-0.308647,0.008018,1.082290,0.002384,-0.000183,-0.007580,-0.000028,0.000005,1.570308,-0.300000,1.000000,1.100000,0.000000,0.000000,-1.571000,0.008647,0.991982,0.017710,0.992177
23.916000,-0.308642,0.008018,1.082274,0.002383,-0.000183,-0.007580,-0.000028,0.000005,1.570308,-0.300000,1.000000,1.100000,0.000000,0.000000,-1.571000,0.008642,0.991982,0.017726,0.992178
23.918000,-0.308637,0.008018,1.082259,0.002383,-0.000183,-0.007581,-0.000027,0.000005,1.570308,-0.300000,1.000000,1.100000,0.000000,0.000000,-1.571000,0.008637,0.991982,0.017741,0.992179
23.920000,-0.308633,0.008017,1.082244,0.002382,-0.000183,-0.007581,-0.000027,0.000004,1.570308,-0.300000,1.000000,1.100000,0.000000,0.000000,-1.571000,0.008633,0.991983,0.017756,0.992179
23.922000,-0.308628,0.008017,1.082229,0.002382,-0.000182,-0.007581,-0.000026,0.000004,1.570308,-0.300000,1.000000,1.100000,0.000000,0.000000,-1.571000,0.008628,0.991983,0.017771,0.992180
23.924000,-0.308623,0.008017,1.082214,0.002381,-0.000182,-0.007581,-0.000025,0.000004,1.570308,-0.300000,1.000000,1.100000,0.000000,0.000000,-1.571000,0.008623,0.991983,0.017786,0.992180
23.926000,-0.308618,0.008016,1.082199,0.002381,-0.000182,-0.007582,-0.000025,0.000004,1.570308,-0.300000,1.000000,1.100000,0.000000,0.000000,-1.571000,0.008618,0.991984,0.017801,0.992181
23.928000,-0.308614,0.008016,1.082183,0.002380,-0.000182,-0.007582,-0.000024,0.000003,1.570308,-0.300000,1.000000,1.100000,0.000000,0.000000,-1.571000,0.008614,0.991984,0.017817,0.992182
23.930000,-0.308609,0.008015,1.082168,0.002380,-0.000182,-0.007582,-0.000024,0.000003,1.570308,-0.300000,1.000000,1.100000,0.000000,0.000000,-1.571000,0.008609,0.991985,0.017832,0.992182
23.932000,-0.308604,0.008015,1.082153,0.002379,-0.000182,-0.007582,-0.000023,0.000003,1.570308,-0.300000,1.000000,1.100000,0.000000,0.000000,-1.571000,0.008604,0.991985,0.017847,0.992183
23.934000,-0.308599,0.008015,1.082138,0.002379,-0.000182,-0.007582,-0.000023,0.000003,1.570308,-0.300000,1.000000,1.100000,0.000000,0.000000,-1.571000,0.008599,0.991985,0.017862,0.992183
23.936000,-0.308595,0.008014,1.082123,0.002378,-0.000182,-0.007583,-0.000022,0.000003,1.570308,-0.300000,1.000000,1.100000,0.000000,0.000000,-1.571000,0.008595,0.991986,0.017877,0.992184
23.938000,-0.308590,0.008014,1.082108,0.002378,-0.000182,-0.007583,-0.000021,0.000003,1.570308,-0.300000,1.000000,1.100000,0.000000,0.000000,-1.571000,0.008590,0.991986,0.017892,0.992185
23.940000,-0.308585,0.008014,1.082092,0.002377,-0.000182,-0.007583,-0.000021,0.000003,1.570308,-0.300000,1.000000,1.100000,0.000000,0.000000,-1.571000,0.008585,0.991986,0.017908,0.992185
23.942000,-0.308580,0.008013,1.082077,0.002377,-0.000182,-0.007583,-0.000020,0.000003,1.570308,-0.300000,1.000000,1.100000,0.000000,0.000000,-1.571000,0.008580,0.991987,0.017923,0.992186
23.944000,-0.308576,0.008013,1.082062,0.002377,-0.000182,-0.007584,-0.000020,0.000003,1.570308,-0.300000,1.000000,1.100000,0.000000,0.000000,-1.571000,0.008576,0.991987,0.017938,0.992186
23.946000,-0.308571,0.008013,1.082047,0.002376,-0.000182,-0.007584,-0.000020,0.000003,1.570308,-0.300000,1.000000,1.100000,0.000000,0.000000,-1.571000,0.008571,0.991987,0.017953,0.992187
23.948000,-0.308566,0.008012,1.082032,0.002376,-0.000182,-0.007584,-0.000020,0.000003,1.570308,-0.300000,1.000000,1.100000,0.000000,0.000000,-1.571000,0.008566,0.991988,0.017968,0.992188
23.950000,-0.308561,0.008012,1.082017,0.002375,-0.000182,-0.007584,-0.000020,0.000003,1.570308,-0.300000,1.000000,1.100000,0.000000,0.000000,-1.571000,0.008561,0.991988,0.017983,0.992188
23.952000,-0.308557,0.008011,1.082001,0.002375,-0.000182,-0.007584,-0.000020,0.000003,1.570308,-0.300000,1.000000,1.100000,0.000000,0.000000,-1.571000,0.008557,0.991989,0.017999,0.992189
23.954000,-0.308552,0.008011,1.081986,0.002375,-0.000182,-0.007584,-0.000020,0.000003,1.570308,-0.300000,1.000000,1.100000,0.000000,0.000000,-1.571000,0.008552,0.991989,0.018014,0.992189
23.956000,-0.308547,0.008011,1.081971,0.002374,-0.000181,-0.007582,-0.000021,0.000003,1.570308,-0.300000,1.000000,1.100000,0.000000,0.000000,-1.571000,0.008547,0.991989,0.018029,0.992190
23.958000,-0.308542,0.008010,1.081956,0.002374,-0.000181,-0.007581,-0.000022,0.000003,1.570308,-0.300000,1.000000,1.100000,0.000000,0.000000,-1.571000,0.008542,0.991990,0.018044,0.992191
23.960000,-0.308538,0.008010,1.081941,0.002373,-0.000181,-0.007579,-0.000023,0.000003,1.570308,-0.300000,1.000000,1.100000,0.000000,0.000000,-1.571000,0.008538,0.991990,0.018059,0.992191
23.962000,-0.308533,0.008010,1.081926,0.002373,-0.000181,-0.007577,-0.000024,0.000003,1.570308,-0.300000,1.000000,1.100000,0.000000,0.000000,-1.571000,0.008533,0.991990,0.018074,0.992192
23.964000,-0.308528,0.008009,1.081910,0.002372,-0.000181,-0.007574,-0.000026,0.000003,1.570308,-0.300000,1.000000,1.100000,0.000000,0.000000,-1.571000,0.008528,0.991991,0.018090,0.992192
23.966000,-0.308523,0.008009,1.081895,0.002372,-0.000181,-0.007571,-0.000028,0.000003,1.570308,-0.300000,1.000000,1.100000,0.000000,0.000000,-1.571000,0.008523,0.991991,0.018105,0.992193
23.968000,-0.308519,0.008009,1.081880,0.002371,-0.000181,-0.007568,-0.000030,0.000003,1.570308,-0.300000,1.000000,1.100000,0.000000,0.000000,-1.571000,0.008519,0.991991,0.018120,0.992193
23.970000,-0.308514,0.008008,1.081865,0.002371,-0.000181,-0.007565,-0.000033,0.000003,1.570308,-0.300000,1.000000,1.100000,0.000000,0.000000,-1.571000,0.008514,0.991992,0.018135,0.992194
23.972000,-0.308509,0.008008,1.081850,0.002370,-0.000181,-0.007561,-0.000036,0.000003,1.570308,-0.300000,1.000000,1.100000,0.000000,0.000000,-1.571000,0.008509,0.991992,0.018150,0.992195
23.974000,-0.308504,0.008007,1.081835,0.002369,-0.000181,-0.007557,-0.000039,0.000003,1.570308,-0.300000,1.000000,1.100000,0.000000,0.000000,-1.571000,0.008504,0.991993,0.018165,0.992195
23.976000,-0.308500,0.008007,1.081820,0.002369,-0.000181,-0.007553,-0.000042,0.000003,1.570308,-0.300000,1.000000,1.100000,0.000000,0.000000,-1.571000,0.008500,0.991993,0.018180,0.992196
23.978000,-0.308495,0.008007,1.081805,0.002368,-0.000181,-0.007549,-0.000046,0.000003,1.570308,-0.300000,1.000000,1.100000,0.000000,0.000000,-1.571000,0.008495,0.991993,0.018195,0.992196
23.980000,-0.308490,0.008006,1.081789,0.002367,-0.000181,-0.007545,-0.000050,0.000002,1.570308,-0.300000,1.000000,1.100000,0.000000,0.000000,-1.571000,0.008490,0.991994,0.018211,0.992197
23.982000,-0.308485,0.008006,1.081774,0.002366,-0.000181,-0.007540,-0.000054,0.000002,1.570308,-0.300000,1.000000,1.100000,0.000000,0.000000,-1.571000,0.008485,0.991994,0.018226,0.992198
23.984000,-0.308481,0.008006,1.081759,0.002365,-0.000181,-0.007536,-0.000058,0.000002,1.570308,-0.300000,1.000000,1.100000,0.000000,0.000000,-1.571000,0.008481,0.991994,0.018241,0.992198
23.986000,-0.308476,0.008005,1.081744,0.002364,-0.000181,-0.007531,-0.000063,0.000001,1.570308,-0.300000,1.000000,1.100000,0.000000,0.000000,-1.571000,0.008476,0.991995,0.018256,0.992199
23.988000,-0.308471,0.008005,1.081729,0.002362,-0.000181,-0.007526,-0.000068,0.000001,1.570308,-0.300000,1.000000,1.100000,0.000000,0.000000,-1.571000,0.008471,0.991995,0.018271,0.992199
23.990000,-0.308466,0.008005,1.081714,0.002361,-0.000181,-0.007521,-0.000073,0.000000,1.570308,-0.300000,1.000000,1.100000,0.000000,0.000000,-1.571000,0.008466,0.991995,0.018286,0.992200
23.992000,-0.308462,0.008004,1.081699,0.002360,-0.000181,-0.007516,-0.000079,-0.000000,1.570308,-0.300000,1.000000,1.100000,0.000000,0.000000,-1.571000,0.008462,0.991996,0.018301,0.992201
23.994000,-0.308457,0.008004,1.081684,0.002358,-0.000181,-0.007511,-0.000084,-0.000000,1.570308,-0.300000,1.000000,1.100000,0.000000,0.000000,-1.571000,0.008457,0.991996,0.018316,0.992201
23.996000,-0.308452,0.008003,1.081669,0.002356,-0.000181,-0.007506,-0.000090,-0.000001,1.570309,-0.300000,1.000000,1.100000,0.000000,0.000000,-1.571000,0.008452,0.991997,0.018331,0.992202
23.998000,-0.308448,0.008003,1.081654,0.002355,-0.000181,-0.007501,-0.000096,-0.000001,1.570309,-0.300000,1.000000,1.100000,0.000000,0.000000,-1.571000,0.008448,0.991997,0.018346,0.992202
24.000000,-0.308443,0.008003,1.081639,0.002353,-0.000181,-0.007496,-0.000103,-0.000002,1.570309,-0.300000,1.000000,1.100000,0.000000,0.000000,-1.571000,0.008443,0.991997,0.018361,0.992203
24.002000,-0.308438,0.008002,1.081624,0.002351,-0.000181,-0.007490,-0.000109,-0.000003,1.570309,-0.300000,1.000000,1.100000,0.000000,0.000000,-1.571000,0.008438,0.991998,0.018376,0.992204
24.004000,-0.308434,0.008002,1.081609,0.002348,-0.000181,-0.007485,-0.000116,-0.000003,1.570309,-0.300000,1.000000,1.100000,0.000000,0.000000,-1.571000,0.008434,0.991998,0.018391,0.992204
24.006000,-0.308429,0.008002,1.081594,0.002346,-0.000181,-0.007481,-0.000123,-0.000004,1.570309,-0.300000,1.000000,1.100000,0.000000,0.000000,-1.571000,0.008429,0.991998,0.018406,0.992205
24.008000,-0.308424,0.008001,1.081579,0.002344,-0.000181,-0.007476,-0.000130,-0.000004,1.570309,-0.300000,1.000000,1.100000,0.000000,0.000000,-1.571000,0.008424,0.991999,0.018421,0.992205
24.010000,-0.308419,0.008001,1.081564,0.002341,-0.000181,-0.007472,-0.000137,-0.000005,1.570309,-0.300000,1.000000,1.100000,0.000000,0.000000,-1.571000,0.008419,0.991999,0.018436,0.992206
24.012000,-0.308415,0.008001,1.081549,0.002338,-0.000181,-0.007468,-0.000144,-0.000006,1.570309,-0.300000,1.000000,1.100000,0.000000,0.000000,-1.571000,0.008415,0.991999,0.018451,0.992207
24.014000,-0.308410,0.008000,1.081534,0.002336,-0.000181,-0.007463,-0.000151,-0.000006,1.570309,-0.300000,1.000000,1.100000,0.000000,0.000000,-1.571000,0.008410,0.992000,0.018466,0.992207
24.016000,-0.308405,0.008000,1.081519,0.002333,-0.000181,-0.007459,-0.000159,-0.000007,1.570309,-0.300000,1.000000,1.100000,0.000000,0.000000,-1.571000,0.008405,0.992000,0.018481,0.992208
24.018000,-0.308401,0.008000,1.081505,0.002329,-0.000181,-0.007456,-0.000166,-0.000007,1.570309,-0.300000,1.000000,1.100000,0.000000,0.000000,-1.571000,0.008401,0.992000,0.018495,0.992208
24.020000,-0.308396,0.007999,1.081490,0.002326,-0.000182,-0.007452,-0.000174,-0.000008,1.570309,-0.300000,1.000000,1.100000,0.000000,0.000000,-1.571000,0.008396,0.992001,0.018510,0.992209
24.022000,-0.308391,0.007999,1.081475,0.002323,-0.000182,-0.007448,-0.000181,-0.000008,1.570309,-0.300000,1.000000,1.100000,0.000000,0.000000,-1.571000,0.008391,0.992001,0.018525,0.992210
24.024000,-0.308387,0.007998,1.081460,0.002319,-0.000182,-0.007444,-0.000189,-0.000009,1.570309,-0.300000,1.000000,1.100000,0.000000,0.000000,-1.571000,0.008387,0.992002,0.018540,0.992210
24.026000,-0.308382,0.007998,1.081445,0.002315,-0.000182,-0.007441,-0.000197,-0.000009,1.570309,-0.300000,1.000000,1.100000,0.000000,0.000000,-1.571000,0.008382,0.992002,0.018555,0.992211
24.028000,-0.308378,0.007998,1.081430,0.002311,-0.000182,-0.007438,-0.000205,-0.000010,1.570309,-0.300000,1.000000,1.100000,0.000000,0.000000,-1.571000,0.008378,0.992002,0.018570,0.992211
24.030000,-0.308373,0.007997,1.081415,0.002307,-0.000182,-0.007434,-0.000213,-0.000010,1.570309,-0.300000,1.000000,1.100000,0.000000,0.000000,-1.571000,0.008373,0.992003,0.018585,0.992212
24.032000,-0.308368,0.007997,1.081400,0.002303,-0.000183,-0.007431,-0.000221,-0.000011,1.570309,-0.300000,1.000000,1.100000,0.000000,0.000000,-1.571000,0.008368,0.992003,0.018600,0.992213
24.034000,-0.308364,0.007997,1.081386,0.002299,-0.000183,-0.007427,-0.000229,-0.000011,1.570309,-0.300000,1.000000,1.100000,0.000000,0.000000,-1.571000,0.008364,0.992003,0.018614,0.992213
24.036000,-0.308359,0.007996,1.081371,0.002294,-0.000183,-0.007424,-0.000237,-0.000011,1.570309,-0.300000,1.000000,1.100000,0.000000,0.000000,-1.571000,0.008359,0.992004,0.018629,0.992214
24.038000,-0.308355,0.007996,1.081356,0.002290,-0.000183,-0.007421,-0.000245,-0.000011,1.570310,-0.300000,1.000000,1.100000,0.000000,0.000000,-1.571000,0.008355,0.992004,0.018644,0.992214
24.040000,-0.308350,0.007995,1.081341,0.002285,-0.000183,-0.007418,-0.000253,-0.000012,1.570310,-0.300000,1.000000,1.100000,0.000000,0.000000,-1.571000,0.008350,0.992005,0.018659,0.992215
24.042000,-0.308345,0.007995,1.081326,0.002280,-0.000184,-0.007415,-0.000261,-0.000012,1.570310,-0.300000,1.000000,1.100000,0.000000,0.000000,-1.571000,0.008345,0.992005,0.018674,0.992216
24.044000,-0.308341,0.007995,1.081311,0.002275,-0.000184,-0.007412,-0.000269,-0.000012,1.570310,-0.300000,1.000000,1.100000,0.000000,0.000000,-1.571000,0.008341,0.992005,0.018689,0.992216
24.046000,-0.308336,0.007994,1.081297,0.002269,-0.000184,-0.007409,-0.000277,-0.000012,1.570310,-0.300000,1.000000,1.100000,0.000000,0.000000,-1.571000,0.008336,0.992006,0.018703,0.992217
24.048000,-0.308332,0.007994,1.081282,0.002264,-0.000184,-0.007406,-0.000285,-0.000012,1.570310,-0.300000,1.000000,1.100000,0.000000,0.000000,-1.571000,0.008332,0.992006,0.018718,0.992218
24.050000,-0.308327,0.007994,1.081267,0.002258,-0.000185,-0.007403,-0.000293,-0.000012,1.570310,-0.300000,1.000000,1.100000,0.000000,0.000000,-1.571000,0.008327,0.992006,0.018733,0.992218
24.052000,-0.308323,0.007993,1.081252,0.002252,-0.000185,-0.007400,-0.000302,-0.000012,1.570310,-0.300000,1.000000,1.100000,0.000000,0.000000,-1.571000,0.008323,0.992007,0.018748,0.992219
24.054000,-0.308318,0.007993,1.081237,0.002246,-0.000185,-0.007397,-0.000310,-0.000012,1.570310,-0.300000,1.000000,1.100000,0.000000,0.000000,-1.571000,0.008318,0.992007,0.018763,0.992219
24.056000,-0.308314,0.007993,1.081223,0.002240,-0.000185,-0.007394,-0.000318,-0.000012,1.570310,-0.300000,1.000000,1.100000,0.000000,0.000000,-1.571000,0.008314,0.992007,0.018777,0.992220
24.058000,-0.308309,0.007992,1.081208,0.002234,-0.000186,-0.007391,-0.000326,-0.000012,1.570310,-0.300000,1.000000,1.100000,0.000000,0.000000,-1.571000,0.008309,0.992008,0.018792,0.992221
24.060000,-0.308305,0.007992,1.081193,0.002228,-0.000186,-0.007388,-0.000334,-0.000012,1.570310,-0.300000,1.000000,1.100000,0.000000,0.000000,-1.571000,0.008305,0.992008,0.018807,0.992221
24.062000,-0.308300,0.007991,1.081178,0.002221,-0.000186,-0.007385,-0.000342,-0.000012,1.570310,-0.300000,1.000000,1.100000,0.000000,0.000000,-1.571000,0.008300,0.992009,0.018822,0.992222
24.064000,-0.308296,0.007991,1.081163,0.002214,-0.000186,-0.007382,-0.000350,-0.000011,1.570310,-0.300000,1.000000,1.100000,0.000000,0.000000,-1.571000,0.008296,0.992009,0.018837,0.992222
24.066000,-0.308292,0.007991,1.081149,0.002207,-0.000186,-0.007379,-0.000358,-0.000011,1.570310,-0.300000,1.000000,1.100000,0.000000,0.000000,-1.571000,0.008292,0.992009,0.018851,0.992223
24.068000,-0.308287,0.007990,1.081134,0.002200,-0.000187,-0.007376,-0.000366,-0.000011,1.570310,-0.300000,1.000000,1.100000,0.000000,0.000000,-1.571000,0.008287,0.992010,0.018866,0.992224
24.070000,-0.308283,0.007990,1.081119,0.002193,-0.000187,-0.007373,-0.000374,-0.000011,1.570310,-0.300000,1.000000,1.100000,0.000000,0.000000,-1.571000,0.008283,0.992010,0.018881,0.992224
24.072000,-0.308278,0.007990,1.081104,0.002186,-0.000187,-0.007370,-0.000381,-0.000011,1.570310,-0.300000,1.000000,1.100000,0.000000,0.000000,-1.571000,0.008278,0.992010,0.018896,0.992225
24.074000,-0.308274,0.007989,1.081090,0.002178,-0.000187,-0.007368,-0.000389,-0.000011,1.570310,-0.300000,1.000000,1.100000,0.000000,0.000000,-1.571000,0.008274,0.992011,0.018910,0.992226
24.076000,-0.308270,0.007989,1.081075,0.002171,-0.000187,-0.007365,-0.000396,-0.000010,1.570310,-0.300000,1.000000,1.100000,0.000000,0.000000,-1.571000,0.008270,0.992011,0.018925,0.992226
24.078000,-0.308265,0.007988,1.081060,0.002163,-0.000188,-0.007362,-0.000403,-0.000010,1.570311,-0.300000,1.000000,1.100000,0.000000,0.000000,-1.571000,0.008265,0.992012,0.018940,0.992227
24.080000,-0.308261,0.007988,1.081046,0.002155,-0.000188,-0.007359,-0.000411,-0.000010,1.570311,-0.300000,1.000000,1.100000,0.000000,0.000000,-1.571000,0.008261,0.992012,0.018954,0.992227
24.082000,-0.308257,0.007988,1.081031,0.002147,-0.000188,-0.007356,-0.000417,-0.000010,1.570311,-0.300000,1.000000,1.100000,0.000000,0.000000,-1.571000,0.008257,0.992012,0.018969,0.992228
24.084000,-0.308252,0.007987,1.081016,0.002139,-0.000188,-0.007353,-0.000424,-0.000010,1.570311,-0.300000,1.000000,1.100000,0.000000,0.000000,-1.571000,0.008252,0.992013,0.018984,0.992229
24.086000,-0.308248,0.007987,1.081001,0.002130,-0.000188,-0.007350,-0.000431,-0.000010,1.570311,-0.300000,1.000000,1.100000,0.000000,0.000000,-1.571000,0.008248,0.992013,0.018999,0.992229
24.088000,-0.308244,0.007987,1.080987,0.002122,-0.000189,-0.007348,-0.000437,-0.000009,1.570311,-0.300000,1.000000,1.100000,0.000000,0.000000,-1.571000,0.008244,0.992013,0.019013,0.992230
24.090000,-0.308240,0.007986,1.080972,0.002113,-0.000189,-0.007345,-0.000443,-0.000009,1.570311,-0.300000,1.000000,1.100000,0.000000,0.000000,-1.571000,0.008240,0.992014,0.019028,0.992231
24.092000,-0.308236,0.007986,1.080957,0.002104,-0.000189,-0.007342,-0.000448,-0.000009,1.570311,-0.300000,1.000000,1.100000,0.000000,0.000000,-1.571000,0.008236,0.992014,0.019043,0.992231
24.094000,-0.308231,0.007985,1.080943,0.002096,-0.000189,-0.007339,-0.000454,-0.000009,1.570311,-0.300000,1.000000,1.100000,0.000000,0.000000,-1.571000,0.008231,0.992015,0.019057,0.992232
24.096000,-0.308227,0.007985,1.080928,0.002087,-0.000189,-0.007336,-0.000459,-0.000009,1.570311,-0.300000,1.000000,1.100000,0.000000,0.000000,-1.571000,0.008227,0.992015,0.019072,0.992232
24.098000,-0.308223,0.007985,1.080913,0.002078,-0.000189,-0.007334,-0.000463,-0.000009,1.570311,-0.300000,1.000000,1.100000,0.000000,0.000000,-1.571000,0.008223,0.992015,0.019087,0.992233
24.100000,-0.308219,0.007984,1.080899,0.002069,-0.000190,-0.007331,-0.000468,-0.000008,1.570311,-0.300000,1.000000,1.100000,0.000000,0.000000,-1.571000,0.008219,0.992016,0.019101,0.992234
24.102000,-0.308215,0.007984,1.080884,0.002059,-0.000190,-0.007328,-0.000472,-0.000008,1.570311,-0.300000,1.000000,1.100000,0.000000,0.000000,-1.571000,0.008215,0.992016,0.019116,0.992234
24.104000,-0.308211,0.007984,1.080869,0.002050,-0.000190,-0.007325,-0.000476,-0.000008,1.570311,-0.300000,1.000000,1.100000,0.000000,0.000000,-1.571000,0.008211,0.992016,0.019131,0.992235
24.106000,-0.308207,0.007983,1.080855,0.002041,-0.000190,-0.007322,-0.000479,-0.000008,1.570311,-0.300000,1.000000,1.100000,0.000000,0.000000,-1.571000,0.008207,0.992017,0.019145,0.992236
24.108000,-0.308202,0.007983,1.080840,0.002031,-0.000190,-0.007320,-0.000482,-0.000008,1.570311,-0.300000,1.000000,1.100000,0.000000,0.000000,-1.571000,0.008202,0.992017,0.019160,0.992236
24.110000,-0.308198,0.007982,1.080825,0.002022,-0.000190,-0.007317,-0.000484,-0.000008,1.570311,-0.300000,1.000000,1.100000,0.000000,0.000000,-1.571000,0.008198,0.992018,0.019175,0.992237
24.112000,-0.308194,0.007982,1.080811,0.002012,-0.000191,-0.007314,-0.000486,-0.000008,1.570311,-0.300000,1.000000,1.100000,0.000000,0.000000,-1.571000,0.008194,0.992018,0.019189,0.992237
24.114000,-0.308190,0.007982,1.080796,0.002003,-0.000191,-0.007311,-0.000488,-0.000008,1.570311,-0.300000,1.000000,1.100000,0.000000,0.000000,-1.571000,0.008190,0.992018,0.019204,0.992238
24.116000,-0.308186,0.007981,1.080782,0.001993,-0.000191,-0.007308,-0.000490,-0.000008,1.570311,-0.300000,1.000000,1.100000,0.000000,0.000000,-1.571000,0.008186,0.992019,0.019218,0.992239
24.118000,-0.308182,0.007981,1.080767,0.001984,-0.000191,-0.007306,-0.000491,-0.000007,1.570311,-0.300000,1.000000,1.100000,0.000000,0.000000,-1.571000,0.008182,0.992019,0.019233,0.992239
24.120000,-0.308178,0.007980,1.080752,0.001974,-0.000191,-0.007303,-0.000491,-0.000007,1.570311,-0.300000,1.000000,1.100000,0.000000,0.000000,-1.571000,0.008178,0.992020,0.019248,0.992240
24.122000,-0.308175,0.007980,1.080738,0.001964,-0.000191,-0.007300,-0.000491,-0.000007,1.570311,-0.300000,1.000000,1.100000,0.000000,0.000000,-1.571000,0.008175,0.992020,0.019262,0.992241
24.124000,-0.308171,0.007980,1.080723,0.001955,-0.000191,-0.007297,-0.000491,-0.000007,1.570311,-0.300000,1.000000,1.100000,0.000000,0.000000,-1.571000,0.008171,0.992020,0.019277,0.992241
24.126000,-0.308167,0.007979,1.080709,0.001945,-0.000192,-0.007294,-0.000491,-0.000007,1.570311,-0.300000,1.000000,1.100000,0.000000,0.000000,-1.571000,0.008167,0.992021,0.019291,0.992242
24.128000,-0.308163,0.007979,1.080694,0.001936,-0.000192,-0.007292,-0.000489,-0.000007,1.570311,-0.300000,1.000000,1.100000,0.000000,0.000000,-1.571000,0.008163,0.992021,0.019306,0.992242
24.130000,-0.308159,0.007979,1.080679,0.001926,-0.000192,-0.007289,-0.000488,-0.000007,1.570311,-0.300000,1.000000,1.100000,0.000000,0.000000,-1.571000,0.008159,0.992021,0.019321,0.992243
24.132000,-0.308155,0.007978,1.080665,0.001916,-0.000192,-0.007286,-0.000486,-0.000007,1.570311,-0.300000,1.000000,1.100000,0.000000,0.000000,-1.571000,0.008155,0.992022,0.019335,0.992244
24.134000,-0.308151,0.007978,1.080650,0.001907,-0.000192,-0.007283,-0.000484,-0.000007,1.570311,-0.300000,1.000000,1.100000,0.000000,0.000000,-1.571000,0.008151,0.992022,0.019350,0.992244
24.136000,-0.308148,0.007977,1.080636,0.001897,-0.000192,-0.007281,-0.000481,-0.000007,1.570311,-0.300000,1.000000,1.100000,0.000000,0.000000,-1.571000,0.008148,0.992023,0.019364,0.992245
24.138000,-0.308144,0.007977,1.080621,0.001888,-0.000192,-0.007278,-0.000478,-0.000007,1.570311,-0.300000,1.000000,1.100000,0.000000,0.000000,-1.571000,0.008144,0.992023,0.019379,0.992246
24.140000,-0.308140,0.007977,1.080607,0.001879,-0.000193,-0.007275,-0.000475,-0.000007,1.570311,-0.300000,1.000000,1.100000,0.000000,0.000000,-1.571000,0.008140,0.992023,0.019393,0.992246
24.142000,-0.308136,0.007976,1.080592,0.001869,-0.000193,-0.007272,-0.000471,-0.000007,1.570311,-0.300000,1.000000,1.100000,0.000000,0.000000,-1.571000,0.008136,0.992024,0.019408,0.992247
24.144000,-0.308133,0.007976,1.080577,0.001860,-0.000193,-0.007269,-0.000467,-0.000007,1.570311,-0.300000,1.000000,1.100000,0.000000,0.000000,-1.571000,0.008133,0.992024,0.019423,0.992248
24.146000,-0.308129,0.007975,1.080563,0.001851,-0.000193,-0.007267,-0.000463,-0.000007,1.570311,-0.300000,1.000000,1.100000,0.000000,0.000000,-1.571000,0.008129,0.992025,0.019437,0.992248
24.148000,-0.308125,0.007975,1.080548,0.001842,-0.000193,-0.007264,-0.000458,-0.000007,1.570311,-0.300000,1.000000,1.100000,0.000000,0.000000,-1.571000,0.008125,0.992025,0.019452,0.992249
24.150000,-0.308121,0.007975,1.080534,0.001833,-0.000193,-0.007261,-0.000454,-0.000007,1.570311,-0.300000,1.000000,1.100000,0.000000,0.000000,-1.571000,0.008121,0.992025,0.019466,0.992249
24.152000,-0.308118,0.007974,1.080519,0.001824,-0.000193,-0.007258,-0.000448,-0.000007,1.570311,-0.300000,1.000000,1.100000,0.000000,0.000000,-1.571000,0.008118,0.992026,0.019481,0.992250
24.154000,-0.308114,0.007974,1.080505,0.001815,-0.000193,-0.007255,-0.000443,-0.000007,1.570311,-0.300000,1.000000,1.100000,0.000000,0.000000,-1.571000,0.008114,0.992026,0.019495,0.992251
24.156000,-0.308111,0.007974,1.080490,0.001807,-0.000194,-0.007253,-0.000438,-0.000008,1.570311,-0.300000,1.000000,1.100000,0.000000,0.000000,-1.571000,0.008111,0.992026,0.019510,0.992251
24.158000,-0.308107,0.007973,1.080476,0.001798,-0.000194,-0.007250,-0.000432,-0.000008,1.570311,-0.300000,1.000000,1.100000,0.000000,0.000000,-1.571000,0.008107,0.992027,0.019524,0.992252
24.160000,-0.308103,0.007973,1.080461,0.001790,-0.000194,-0.007247,-0.000427,-0.000008,1.570311,-0.300000,1.000000,1.100000,0.000000,0.000000,-1.571000,0.008103,0.992027,0.019539,0.992253
24.162000,-0.308100,0.007972,1.080447,0.001781,-0.000194,-0.007244,-0.000421,-0.000008,1.570311,-0.300000,1.000000,1.100000,0.000000,0.000000,-1.571000,0.008100,0.992028,0.019553,0.992253
24.164000,-0.308096,0.007972,1.080432,0.001773,-0.000194,-0.007242,-0.000415,-0.000008,1.570311,-0.300000,1.000000,1.100000,0.000000,0.000000,-1.571000,0.008096,0.992028,0.019568,0.992254
24.166000,-0.308093,0.007972,1.080418,0.001765,-0.000194,-0.007239,-0.000409,-0.000007,1.570311,-0.300000,1.000000,1.100000,0.000000,0.000000,-1.571000,0.008093,0.992028,0.019582,0.992255
24.168000,-0.308089,0.007971,1.080403,0.001757,-0.000194,-0.007236,-0.000402,-0.000007,1.570311,-0.300000,1.000000,1.100000,0.000000,0.000000,-1.571000,0.008089,0.992029,0.019597,0.992255
24.170000,-0.308086,0.007971,1.080389,0.001749,-0.000195,-0.007233,-0.000396,-0.000007,1.570311,-0.300000,1.000000,1.100000,0.000000,0.000000,-1.571000,0.008086,0.992029,0.019611,0.992256
24.172000,-0.308082,0.007970,1.080374,0.001741,-0.000195,-0.007230,-0.000390,-0.000007,1.570311,-0.300000,1.000000,1.100000,0.000000,0.000000,-1.571000,0.008082,0.992030,0.019626,0.992257
24.174000,-0.308079,0.007970,1.080360,0.001734,-0.000195,-0.007228,-0.000383,-0.000007,1.570311,-0.300000,1.000000,1.100000,0.000000,0.000000,-1.571000,0.008079,0.992030,0.019640,0.992257
24.176000,-0.308075,0.007970,1.080346,0.001726,-0.000195,-0.007225,-0.000377,-0.000007,1.570311,-0.300000,1.000000,1.100000,0.000000,0.000000,-1.571000,0.008075,0.992030,0.019654,0.992258
24.178000,-0.308072,0.007969,1.080331,0.001719,-0.000195,-0.007222,-0.000370,-0.000007,1.570311,-0.300000,1.000000,1.100000,0.000000,0.000000,-1.571000,0.008072,0.992031,0.019669,0.992259
24.180000,-0.308068,0.007969,1.080317,0.001712,-0.000195,-0.007219,-0.000363,-0.000006,1.570311,-0.300000,1.000000,1.100000,0.000000,0.000000,-1.571000,0.008068,0.992031,0.019683,0.992259
24.182000,-0.308065,0.007968,1.080302,0.001705,-0.000195,-0.007216,-0.000357,-0.000006,1.570311,-0.300000,1.000000,1.100000,0.000000,0.000000,-1.571000,0.008065,0.992032,0.019698,0.992260
24.184000,-0.308062,0.007968,1.080288,0.001698,-0.000196,-0.007214,-0.000350,-0.000006,1.570311,-0.300000,1.000000,1.100000,0.000000,0.000000,-1.571000,0.008062,0.992032,0.019712,0.992260
24.186000,-0.308058,0.007968,1.080273,0.001691,-0.000196,-0.007211,-0.000343,-0.000006,1.570310,-0.300000,1.000000,1.100000,0.000000,0.000000,-1.571000,0.008058,0.992032,0.019727,0.992261
24.188000,-0.308055,0.007967,1.080259,0.001684,-0.000196,-0.007208,-0.000337,-0.000005,1.570310,-0.300000,1.000000,1.100000,0.000000,0.000000,-1.571000,0.008055,0.992033,0.019741,0.992262
24.190000,-0.308051,0.007967,1.080245,0.001678,-0.000196,-0.007205,-0.000330,-0.000005,1.570310,-0.300000,1.000000,1.100000,0.000000,0.000000,-1.571000,0.008051,0.992033,0.019755,0.992262
24.192000,-0.308048,0.007967,1.080230,0.001671,-0.000196,-0.007202,-0.000323,-0.000005,1.570310,-0.300000,1.000000,1.100000,0.000000,0.000000,-1.571000,0.008048,0.992033,0.019770,0.992263
24.194000,-0.308045,0.007966,1.080216,0.001665,-0.000196,-0.007200,-0.000317,-0.000004,1.570310,-0.300000,1.000000,1.100000,0.000000,0.000000,-1.571000,0.008045,0.992034,0.019784,0.992264
24.196000,-0.308041,0.007966,1.080201,0.001659,-0.000196,-0.007197,-0.000310,-0.000004,1.570310,-0.300000,1.000000,1.100000,0.000000,0.000000,-1.571000,0.008041,0.992034,0.019799,0.992264
24.198000,-0.308038,0.007965,1.080187,0.001653,-0.000196,-0.007194,-0.000304,-0.000004,1.570310,-0.300000,1.000000,1.100000,0.000000,0.000000,-1.571000,0.008038,0.992035,0.019813,0.992265
24.200000,-0.308035,0.007965,1.080173,0.001647,-0.000196,-0.007191,-0.000297,-0.000003,1.570310,-0.300000,1.000000,1.100000,0.000000,0.000000,-1.571000,0.008035,0.992035,0.019827,0.992266
24.202000,-0.308032,0.007965,1.080158,0.001641,-0.000196,-0.007188,-0.000291,-0.000003,1.570310,-0.300000,1.000000,1.100000,0.000000,0.000000,-1.571000,0.008032,0.992035,0.019842,0.992266
24.204000,-0.308028,0.007964,1.080144,0.001635,-0.000196,-0.007186,-0.000284,-0.000003,1.570310,-0.300000,1.000000,1.100000,0.000000,0.000000,-1.571000,0.008028,0.992036,0.019856,0.992267
24.206000,-0.308025,0.007964,1.080129,0.001630,-0.000196,-0.007183,-0.000278,-0.000002,1.570310,-0.300000,1.000000,1.100000,0.000000,0.000000,-1.571000,0.008025,0.992036,0.019871,0.992268
24.208000,-0.308022,0.007963,1.080115,0.001624,-0.000196,-0.007180,-0.000272,-0.000002,1.570310,-0.300000,1.000000,1.100000,0.000000,0.000000,-1.571000,0.008022,0.992037,0.019885,0.992268
24.210000,-0.308019,0.007963,1.080101,0.001619,-0.000196,-0.007177,-0.000266,-0.000002,1.570310,-0.300000,1.000000,1.100000,0.000000,0.000000,-1.571000,0.008019,0.992037,0.019899,0.992269
24.212000,-0.308015,0.007963,1.080086,0.001614,-0.000197,-0.007175,-0.000261,-0.000002,1.570310,-0.300000,1.000000,1.100000,0.000000,0.000000,-1.571000,0.008015,0.992037,0.019914,0.992270
24.214000,-0.308012,0.007962,1.080072,0.001609,-0.000197,-0.007172,-0.000255,-0.000001,1.570310,-0.300000,1.000000,1.100000,0.000000,0.000000,-1.571000,0.008012,0.992038,0.019928,0.992270
24.216000,-0.308009,0.007962,1.080058,0.001604,-0.000197,-0.007169,-0.000250,-0.000001,1.570310,-0.300000,1.000000,1.100000,0.000000,0.000000,-1.571000,0.008009,0.992038,0.019942,0.992271
24.218000,-0.308006,0.007961,1.080043,0.001599,-0.000197,-0.007166,-0.000245,-0.000001,1.570309,-0.300000,1.000000,1.100000,0.000000,0.000000,-1.571000,0.008006,0.992039,0.019957,0.992272
24.220000,-0.308003,0.007961,1.080029,0.001594,-0.000197,-0.007163,-0.000240,-0.000000,1.570309,-0.300000,1.000000,1.100000,0.000000,0.000000,-1.571000,0.008003,0.992039,0.019971,0.992272
24.222000,-0.307999,0.007961,1.080015,0.001589,-0.000197,-0.007161,-0.000235,-0.000000,1.570309,-0.300000,1.000000,1.100000,0.000000,0.000000,-1.571000,0.007999,0.992039,0.019985,0.992273
24.224000,-0.307996,0.007960,1.080000,0.001585,-0.000197,-0.007158,-0.000230,0.000000,1.570309,-0.300000,1.000000,1.100000,0.000000,0.000000,-1.571000,0.007996,0.992040,0.020000,0.992274
24.226000,-0.307993,0.007960,1.079986,0.001580,-0.000197,-0.007155,-0.000226,0.000000,1.570309,-0.300000,1.000000,1.100000,0.000000,0.000000,-1.571000,0.007993,0.992040,0.020014,0.992274
24.228000,-0.307990,0.007959,1.079972,0.001576,-0.000197,-0.007152,-0.000222,0.000001,1.570309,-0.300000,1.000000,1.100000,0.000000,0.000000,-1.571000,0.007990,0.992041,0.020028,0.992275
24.230000,-0.307987,0.007959,1.079957,0.001572,-0.000197,-0.007149,-0.000218,0.000001,1.570309,-0.300000,1.000000,1.100000,0.000000,0.000000,-1.571000,0.007987,0.992041,0.020043,0.992276
24.232000,-0.307984,0.007959,1.079943,0.001567,-0.000197,-0.007147,-0.000214,0.000001,1.570309,-0.300000,1.000000,1.100000,0.000000,0.000000,-1.571000,0.007984,0.992041,0.020057,0.992276
24.234000,-0.307980,0.007958,1.079929,0.001563,-0.000197,-0.007144,-0.000211,0.000001,1.570309,-0.300000,1.000000,1.100000,0.000000,0.000000,-1.571000,0.007980,0.992042,0.020071,0.992277
24.236000,-0.307977,0.007958,1.079915,0.001559,-0.000196,-0.007141,-0.000208,0.000002,1.570309,-0.300000,1.000000,1.100000,0.000000,0.000000,-1.571000,0.007977,0.992042,0.020085,0.992277
24.238000,-0.307974,0.007957,1.079900,0.001555,-0.000196,-0.007138,-0.000205,0.000002,1.570309,-0.300000,1.000000,1.100000,0.000000,0.000000,-1.571000,0.007974,0.992043,0.020100,0.992278
24.240000,-0.307971,0.007957,1.079886,0.001551,-0.000196,-0.007136,-0.000202,0.000002,1.570309,-0.300000,1.000000,1.100000,0.000000,0.000000,-1.571000,0.007971,0.992043,0.020114,0.992279
24.242000,-0.307968,0.007957,1.079872,0.001547,-0.000196,-0.007133,-0.000200,0.000002,1.570309,-0.300000,1.000000,1.100000,0.000000,0.000000,-1.571000,0.007968,0.992043,0.020128,0.992279
24.244000,-0.307965,0.007956,1.079858,0.001543,-0.000196,-0.007130,-0.000197,0.000002,1.570309,-0.300000,1.000000,1.100000,0.000000,0.000000,-1.571000,0.007965,0.992044,0.020142,0.992280
24.246000,-0.307962,0.007956,1.079843,0.001539,-0.000196,-0.007127,-0.000195,0.000003,1.570309,-0.300000,1.000000,1.100000,0.000000,0.000000,-1.571000,0.007962,0.992044,0.020157,0.992281
24.248000,-0.307959,0.007956,1.079829,0.001535,-0.000196,-0.007124,-0.000193,0.000003,1.570309,-0.300000,1.000000,1.100000,0.000000,0.000000,-1.571000,0.007959,0.992044,0.020171,0.992281
24.250000,-0.307956,0.007955,1.079815,0.001532,-0.000196,-0.007122,-0.000192,0.000003,1.570309,-0.300000,1.000000,1.100000,0.000000,0.000000,-1.571000,0.007956,0.992045,0.020185,0.992282
24.252000,-0.307953,0.007955,1.079801,0.001528,-0.000196,-0.007119,-0.000191,0.000003,1.570309,-0.300000,1.000000,1.100000,0.000000,0.000000,-1.571000,0.007953,0.992045,0.020199,0.992283
24.254000,-0.307950,0.007954,1.079786,0.001524,-0.000196,-0.007116,-0.000189,0.000003,1.570309,-0.300000,1.000000,1.100000,0.000000,0.000000,-1.571000,0.007950,0.992046,0.020214,0.992283
24.256000,-0.307947,0.007954,1.079772,0.001521,-0.000196,-0.007113,-0.000188,0.000003,1.570309,-0.300000,1.000000,1.100000,0.000000,0.000000,-1.571000,0.007947,0.992046,0.020228,0.992284
24.258000,-0.307944,0.007954,1.079758,0.001517,-0.000196,-0.007110,-0.000188,0.000004,1.570309,-0.300000,1.000000,1.100000,0.000000,0.000000,-1.571000,0.007944,0.992046,0.020242,0.992285
24.260000,-0.307940,0.007953,1.079744,0.001513,-0.000196,-0.007108,-0.000187,0.000004,1.570309,-0.300000,1.000000,1.100000,0.000000,0.000000,-1.571000,0.007940,0.992047,0.020256,0.992285
24.262000,-0.307937,0.007953,1.079729,0.001509,-0.000196,-0.007105,-0.000186,0.000004,1.570309,-0.300000,1.000000,1.100000,0.000000,0.000000,-1.571000,0.007937,0.992047,0.020271,0.992286
24.264000,-0.307934,0.007952,1.079715,0.001506,-0.000196,-0.007102,-0.000186,0.000004,1.570309,-0.300000,1.000000,1.100000,0.000000,0.000000,-1.571000,0.007934,0.992048,0.020285,0.992287
24.266000,-0.307931,0.007952,1.079701,0.001502,-0.000196,-0.007099,-0.000186,0.000004,1.570309,-0.300000,1.000000,1.100000,0.000000,0.000000,-1.571000,0.007931,0.992048,0.020299,0.992287
24.268000,-0.307928,0.007952,1.079687,0.001499,-0.000196,-0.007096,-0.000186,0.000004,1.570309,-0.300000,1.000000,1.100000,0.000000,0.000000,-1.571000,0.007928,0.992048,0.020313,0.992288
24.270000,-0.307925,0.007951,1.079673,0.001495,-0.000195,-0.007094,-0.000186,0.000004,1.570309,-0.300000,1.000000,1.100000,0.000000,0.000000,-1.571000,0.007925,0.992049,0.020327,0.992289
24.272000,-0.307922,0.007951,1.079658,0.001491,-0.000195,-0.007091,-0.000186,0.000004,1.570309,-0.300000,1.000000,1.100000,0.000000,0.000000,-1.571000,0.007922,0.992049,0.020342,0.992289
24.274000,-0.307920,0.007950,1.079644,0.001488,-0.000195,-0.007088,-0.000186,0.000004,1.570309,-0.300000,1.000000,1.100000,0.000000,0.000000,-1.571000,0.007920,0.992050,0.020356,0.992290
24.276000,-0.307917,0.007950,1.079630,0.001484,-0.000195,-0.007085,-0.000187,0.000004,1.570309,-0.300000,1.000000,1.100000,0.000000,0.000000,-1.571000,0.007917,0.992050,0.020370,0.992291
24.278000,-0.307914,0.007950,1.079616,0.001480,-0.000195,-0.007083,-0.000187,0.000004,1.570309,-0.300000,1.000000,1.100000,0.000000,0.000000,-1.571000,0.007914,0.992050,0.020384,0.992291
24.280000,-0.307911,0.007949,1.079602,0.001477,-0.000195,-0.007080,-0.000188,0.000005,1.570309,-0.300000,1.000000,1.100000,0.000000,0.000000,-1.571000,0.007911,0.992051,0.020398,0.992292
24.282000,-0.307908,0.007949,1.079588,0.001473,-0.000195,-0.007077,-0.000189,0.000005,1.570309,-0.300000,1.000000,1.100000,0.000000,0.000000,-1.571000,0.007908,0.992051,0.020412,0.992293
24.284000,-0.307905,0.007948,1.079573,0.001469,-0.000195,-0.007074,-0.000190,0.000005,1.570309,-0.300000,1.000000,1.100000,0.000000,0.000000,-1.571000,0.007905,0.992052,0.020427,0.992293
24.286000,-0.307902,0.007948,1.079559,0.001466,-0.000195,-0.007071,-0.000191,0.000005,1.570309,-0.300000,1.000000,1.100000,0.000000,0.000000,-1.571000,0.007902,0.992052,0.020441,0.992294
24.288000,-0.307899,0.007948,1.079545,0.001462,-0.000195,-0.007069,-0.000191,0.000005,1.570309,-0.300000,1.000000,1.100000,0.000000,0.000000,-1.571000,0.007899,0.992052,0.020455,0.992295
24.290000,-0.307896,0.007947,1.079531,0.001458,-0.000195,-0.007066,-0.000192,0.000005,1.570309,-0.300000,1.000000,1.100000,0.000000,0.000000,-1.571000,0.007896,0.992053,0.020469,0.992295
24.292000,-0.307893,0.007947,1.079517,0.001454,-0.000194,-0.007063,-0.000194,0.000005,1.570309,-0.300000,1.000000,1.100000,0.000000,0.000000,-1.571000,0.007893,0.992053,0.020483,0.992296
24.294000,-0.307890,0.007947,1.079503,0.001450,-0.000194,-0.007060,-0.000195,0.000006,1.570309,-0.300000,1.000000,1.100000,0.000000,0.000000,-1.571000,0.007890,0.992053,0.020497,0.992297
24.296000,-0.307887,0.007946,1.079489,0.001447,-0.000194,-0.007057,-0.000196,0.000006,1.570309,-0.300000,1.000000,1.100000,0.000000,0.000000,-1.571000,0.007887,0.992054,0.020511,0.992297
24.298000,-0.307884,0.007946,1.079475,0.001443,-0.000194,-0.007055,-0.000197,0.000006,1.570309,-0.300000,1.000000,1.100000,0.000000,0.000000,-1.571000,0.007884,0.992054,0.020525,0.992298
24.300000,-0.307881,0.007945,1.079460,0.001439,-0.000194,-0.007052,-0.000198,0.000006,1.570309,-0.300000,1.000000,1.100000,0.000000,0.000000,-1.571000,0.007881,0.992055,0.020540,0.992299
24.302000,-0.307879,0.007945,1.079446,0.001435,-0.000194,-0.007049,-0.000199,0.000007,1.570309,-0.300000,1.000000,1.100000,0.000000,0.000000,-1.571000,0.007879,0.992055,0.020554,0.992299
24.304000,-0.307876,0.007945,1.079432,0.001431,-0.000194,-0.007046,-0.000201,0.000007,1.570308,-0.300000,1.000000,1.100000,0.000000,0.000000,-1.571000,0.007876,0.992055,0.020568,0.992300
24.306000,-0.307873,0.007944,1.079418,0.001427,-0.000194,-0.007043,-0.000202,0.000008,1.570308,-0.300000,1.000000,1.100000,0.000000,0.000000,-1.571000,0.007873,0.992056,0.020582,0.992300
24.308000,-0.307870,0.007944,1.079404,0.001423,-0.000193,-0.007041,-0.000203,0.000008,1.570308,-0.300000,1.000000,1.100000,0.000000,0.000000,-1.571000,0.007870,0.992056,0.020596,0.992301
24.310000,-0.307867,0.007943,1.079390,0.001419,-0.000193,-0.007038,-0.000205,0.000008,1.570308,-0.300000,1.000000,1.100000,0.000000,0.000000,-1.571000,0.007867,0.992057,0.020610,0.992302
24.312000,-0.307864,0.007943,1.079376,0.001415,-0.000193,-0.007035,-0.000206,0.000009,1.570308,-0.300000,1.000000,1.100000,0.000000,0.000000,-1.571000,0.007864,0.992057,0.020624,0.992302
24.314000,-0.307862,0.007943,1.079362,0.001411,-0.000193,-0.007032,-0.000208,0.000009,1.570308,-0.300000,1.000000,1.100000,0.000000,0.000000,-1.571000,0.007862,0.992057,0.020638,0.992303
24.316000,-0.307859,0.007942,1.079348,0.001407,-0.000193,-0.007030,-0.000209,0.000009,1.570308,-0.300000,1.000000,1.100000,0.000000,0.000000,-1.571000,0.007859,0.992058,0.020652,0.992304
24.318000,-0.307856,0.007942,1.079334,0.001403,-0.000193,-0.007027,-0.000210,0.000010,1.570308,-0.300000,1.000000,1.100000,0.000000,0.000000,-1.571000,0.007856,0.992058,0.020666,0.992304
24.320000,-0.307853,0.007942,1.079320,0.001399,-0.000192,-0.007024,-0.000212,0.000010,1.570308,-0.300000,1.000000,1.100000,0.000000,0.000000,-1.571000,0.007853,0.992058,0.020680,0.992305
24.322000,-0.307850,0.007941,1.079306,0.001395,-0.000192,-0.007021,-0.000213,0.000010,1.570308,-0.300000,1.000000,1.100000,0.000000,0.000000,-1.571000,0.007850,0.992059,0.020694,0.992306
24.324000,-0.307848,0.007941,1.079292,0.001390,-0.000192,-0.007018,-0.000215,0.000010,1.570308,-0.300000,1.000000,1.100000,0.000000,0.000000,-1.571000,0.007848,0.992059,0.020708,0.992306
24.326000,-0.307845,0.007940,1.079278,0.001386,-0.000192,-0.007016,-0.000216,0.000011,1.570308,-0.300000,1.000000,1.100000,0.000000,0.000000,-1.571000,0.007845,0.992060,0.020722,0.992307
24.328000,-0.307842,0.007940,1.079264,0.001382,-0.000192,-0.007013,-0.000218,0.000011,1.570308,-0.300000,1.000000,1.100000,0.000000,0.000000,-1.571000,0.007842,0.992060,0.020736,0.992308
24.330000,-0.307839,0.007940,1.079250,0.001378,-0.000191,-0.007010,-0.000219,0.000011,1.570308,-0.300000,1.000000,1.100000,0.000000,0.000000,-1.571000,0.007839,0.992060,0.020750,0.992308
24.332000,-0.307836,0.007939,1.079236,0.001373,-0.000191,-0.007008,-0.000221,0.000011,1.570308,-0.300000,1.000000,1.100000,0.000000,0.000000,-1.571000,0.007836,0.992061,0.020764,0.992309
24.334000,-0.307834,0.007939,1.079222,0.001369,-0.000191,-0.007006,-0.000222,0.000011,1.570308,-0.300000,1.000000,1.100000,0.000000,0.000000,-1.571000,0.007834,0.992061,0.020778,0.992310
24.336000,-0.307831,0.007938,1.079208,0.001365,-0.000191,-0.007004,-0.000224,0.000011,1.570308,-0.300000,1.000000,1.100000,0.000000,0.000000,-1.571000,0.007831,0.992062,0.020792,0.992310
24.338000,-0.307828,0.007938,1.079194,0.001360,-0.000190,-0.007002,-0.000225,0.000011,1.570308,-0.300000,1.000000,1.100000,0.000000,0.000000,-1.571000,0.007828,0.992062,0.020806,0.992311
24.340000,-0.307826,0.007938,1.079180,0.001356,-0.000190,-0.007001,-0.000227,0.000010,1.570308,-0.300000,1.000000,1.100000,0.000000,0.000000,-1.571000,0.007826,0.992062,0.020820,0.992312
24.342000,-0.307823,0.007937,1.079166,0.001351,-0.000190,-0.006999,-0.000228,0.000010,1.570308,-0.300000,1.000000,1.100000,0.000000,0.000000,-1.571000,0.007823,0.992063,0.020834,0.992312
24.344000,-0.307820,0.007937,1.079152,0.001347,-0.000190,-0.006998,-0.000230,0.000010,1.570308,-0.300000,1.000000,1.100000,0.000000,0.000000,-1.571000,0.007820,0.992063,0.020848,0.992313
24.346000,-0.307817,0.007937,1.079138,0.001342,-0.000190,-0.006997,-0.000231,0.000010,1.570308,-0.300000,1.000000,1.100000,0.000000,0.000000,-1.571000,0.007817,0.992063,0.020862,0.992314
24.348000,-0.307815,0.007936,1.079124,0.001338,-0.000189,-0.006996,-0.000233,0.000010,1.570308,-0.300000,1.000000,1.100000,0.000000,0.000000,-1.571000,0.007815,0.992064,0.020876,0.992314
24.350000,-0.307812,0.007936,1.079110,0.001333,-0.000189,-0.006995,-0.000234,0.000010,1.570308,-0.300000,1.000000,1.100000,0.000000,0.000000,-1.571000,0.007812,0.992064,0.020890,0.992315
24.352000,-0.307809,0.007935,1.079096,0.001329,-0.000189,-0.006994,-0.000236,0.000009,1.570308,-0.300000,1.000000,1.100000,0.000000,0.000000,-1.571000,0.007809,0.992065,0.020904,0.992316
24.354000,-0.307807,0.007935,1.079082,0.001324,-0.000189,-0.006994,-0.000237,0.000009,1.570307,-0.300000,1.000000,1.100000,0.000000,0.000000,-1.571000,0.007807,0.992065,0.020918,0.992316
24.356000,-0.307804,0.007935,1.079068,0.001319,-0.000189,-0.006993,-0.000239,0.000009,1.570307,-0.300000,1.000000,1.100000,0.000000,0.000000,-1.571000,0.007804,0.992065,0.020932,0.992317
24.358000,-0.307802,0.007934,1.079054,0.001315,-0.000189,-0.006993,-0.000240,0.000009,1.570307,-0.300000,1.000000,1.100000,0.000000,0.000000,-1.571000,0.007802,0.992066,0.020946,0.992317
24.360000,-0.307799,0.007934,1.079040,0.001310,-0.000188,-0.006992,-0.000242,0.000009,1.570307,-0.300000,1.000000,1.100000,0.000000,0.000000,-1.571000,0.007799,0.992066,0.020960,0.992318
24.362000,-0.307796,0.007934,1.079026,0.001305,-0.000188,-0.006992,-0.000244,0.000009,1.570307,-0.300000,1.000000,1.100000,0.000000,0.000000,-1.571000,0.007796,0.992066,0.020974,0.992319
24.364000,-0.307794,0.007933,1.079012,0.001301,-0.000188,-0.006991,-0.000245,0.000009,1.570307,-0.300000,1.000000,1.100000,0.000000,0.000000,-1.571000,0.007794,0.992067,0.020988,0.992319
24.366000,-0.307791,0.007933,1.078998,0.001296,-0.000188,-0.006991,-0.000247,0.000009,1.570307,-0.300000,1.000000,1.100000,0.000000,0.000000,-1.571000,0.007791,0.992067,0.021002,0.992320
24.368000,-0.307789,0.007932,1.078984,0.001291,-0.000188,-0.006991,-0.000248,0.000009,1.570307,-0.300000,1.000000,1.100000,0.000000,0.000000,-1.571000,0.007789,0.992068,0.021016,0.992321
24.370000,-0.307786,0.007932,1.078970,0.001286,-0.000187,-0.006991,-0.000250,0.000009,1.570307,-0.300000,1.000000,1.100000,0.000000,0.000000,-1.571000,0.007786,0.992068,0.021030,0.992321
24.372000,-0.307783,0.007932,1.078956,0.001281,-0.000187,-0.006991,-0.000251,0.000009,1.570307,-0.300000,1.000000,1.100000,0.000000,0.000000,-1.571000,0.007783,0.992068,0.021044,0.992322
24.374000,-0.307781,0.007931,1.078942,0.001276,-0.000187,-0.006990,-0.000253,0.000009,1.570307,-0.300000,1.000000,1.100000,0.000000,0.000000,-1.571000,0.007781,0.992069,0.021058,0.992323
24.376000,-0.307778,0.007931,1.078928,0.001271,-0.000187,-0.006990,-0.000254,0.000009,1.570307,-0.300000,1.000000,1.100000,0.000000,0.000000,-1.571000,0.007778,0.992069,0.021072,0.992323
24.378000,-0.307776,0.007931,1.078914,0.001266,-0.000187,-0.006990,-0.000256,0.000009,1.570307,-0.300000,1.000000,1.100000,0.000000,0.000000,-1.571000,0.007776,0.992069,0.021086,0.992324
24.380000,-0.307773,0.007930,1.078900,0.001261,-0.000187,-0.006990,-0.000258,0.000009,1.570307,-0.300000,1.000000,1.100000,0.000000,0.000000,-1.571000,0.007773,0.992070,0.021100,0.992325
24.382000,-0.307771,0.007930,1.078886,0.001256,-0.000186,-0.006990,-0.000259,0.000009,1.570307,-0.300000,1.000000,1.100000,0.000000,0.000000,-1.571000,0.007771,0.992070,0.021114,0.992325
24.384000,-0.307768,0.007929,1.078872,0.001251,-0.000186,-0.006990,-0.000261,0.000010,1.570307,-0.300000,1.000000,1.100000,0.000000,0.000000,-1.571000,0.007768,0.992071,0.021128,0.992326
24.386000,-0.307766,0.007929,1.078858,0.001246,-0.000186,-0.006990,-0.000262,0.000010,1.570307,-0.300000,1.000000,1.100000,0.000000,0.000000,-1.571000,0.007766,0.992071,0.021142,0.992327
24.388000,-0.307763,0.007929,1.078844,0.001241,-0.000186,-0.006990,-0.000264,0.000010,1.570307,-0.300000,1.000000,1.100000,0.000000,0.000000,-1.571000,0.007763,0.992071,0.021156,0.992327
24.390000,-0.307761,0.007928,1.078830,0.001236,-0.000186,-0.006990,-0.000265,0.000010,1.570307,-0.300000,1.000000,1.100000,0.000000,0.000000,-1.571000,0.007761,0.992072,0.021170,0.992328
24.392000,-0.307758,0.007928,1.078816,0.001230,-0.000185,-0.006991,-0.000267,0.000010,1.570307,-0.300000,1.000000,1.100000,0.000000,0.000000,-1.571000,0.007758,0.992072,0.021184,0.992329
24.394000,-0.307756,0.007928,1.078802,0.001225,-0.000185,-0.006991,-0.000269,0.000010,1.570307,-0.300000,1.000000,1.100000,0.000000,0.000000,-1.571000,0.007756,0.992072,0.021198,0.992329
24.396000,-0.307753,0.007927,1.078788,0.001220,-0.000185,-0.006991,-0.000270,0.000010,1.570307,-0.300000,1.000000,1.100000,0.000000,0.000000,-1.571000,0.007753,0.992073,0.021212,0.992330
24.398000,-0.307751,0.007927,1.078774,0.001215,-0.000185,-0.006991,-0.000272,0.000010,1.570307,-0.300000,1.000000,1.100000,0.000000,0.000000,-1.571000,0.007751,0.992073,0.021226,0.992330
24.400000,-0.307749,0.007926,1.078760,0.001209,-0.000185,-0.006991,-0.000273,0.000010,1.570307,-0.300000,1.000000,1.100000,0.000000,0.000000,-1.571000,0.007749,0.992074,0.021240,0.992331
24.402000,-0.307746,0.007926,1.078746,0.001204,-0.000184,-0.006991,-0.000275,0.000010,1.570307,-0.300000,1.000000,1.100000,0.000000,0.000000,-1.571000,0.007746,0.992074,0.021254,0.992332
24.404000,-0.307744,0.007926,1.078732,0.001198,-0.000184,-0.006991,-0.000276,0.000010,1.570307,-0.300000,1.000000,1.100000,0.000000,0.000000,-1.571000,0.007744,0.992074,0.021268,0.992332
24.406000,-0.307741,0.007925,1.078718,0.001193,-0.000184,-0.006992,-0.000278,0.000010,1.570307,-0.300000,1.000000,1.100000,0.000000,0.000000,-1.571000,0.007741,0.992075,0.021282,0.992333
24.408000,-0.307739,0.007925,1.078704,0.001188,-0.000184,-0.006992,-0.000279,0.000010,1.570307,-0.300000,1.000000,1.100000,0.000000,0.000000,-1.571000,0.007739,0.992075,0.021296,0.992334
24.410000,-0.307737,0.007925,1.078690,0.001182,-0.000184,-0.006992,-0.000280,0.000010,1.570307,-0.300000,1.000000,1.100000,0.000000,0.000000,-1.571000,0.007737,0.992075,0.021310,0.992334
24.412000,-0.307734,0.007924,1.078676,0.001177,-0.000183,-0.006992,-0.000282,0.000009,1.570307,-0.300000,1.000000,1.100000,0.000000,0.000000,-1.571000,0.007734,0.992076,0.021324,0.992335
24.414000,-0.307732,0.007924,1.078662,0.001171,-0.000183,-0.006992,-0.000283,0.000009,1.570307,-0.300000,1.000000,1.100000,0.000000,0.000000,-1.571000,0.007732,0.992076,0.021338,0.992336
24.416000,-0.307730,0.007924,1.078648,0.001166,-0.000183,-0.006992,-0.000284,0.000009,1.570307,-0.300000,1.000000,1.100000,0.000000,0.000000,-1.571000,0.007730,0.992076,0.021352,0.992336
24.418000,-0.307727,0.007923,1.078634,0.001160,-0.000183,-0.006993,-0.000285,0.000008,1.570307,-0.300000,1.000000,1.100000,0.000000,0.000000,-1.571000,0.007727,0.992077,0.021366,0.992337
24.420000,-0.307725,0.007923,1.078620,0.001154,-0.000183,-0.006993,-0.000286,0.000008,1.570307,-0.300000,1.000000,1.100000,0.000000,0.000000,-1.571000,0.007725,0.992077,0.021380,0.992338
24.422000,-0.307723,0.007922,1.078606,0.001149,-0.000183,-0.006993,-0.000287,0.000007,1.570307,-0.300000,1.000000,1.100000,0.000000,0.000000,-1.571000,0.007723,0.992078,0.021394,0.992338
24.424000,-0.307720,0.007922,1.078592,0.001143,-0.000182,-0.006993,-0.000287,0.000007,1.570307,-0.300000,1.000000,1.100000,0.000000,0.000000,-1.571000,0.007720,0.992078,0.021408,0.992339
24.426000,-0.307718,0.007922,1.078578,0.001138,-0.000182,-0.006993,-0.000288,0.000006,1.570307,-0.300000,1.000000,1.100000,0.000000,0.000000,-1.571000,0.007718,0.992078,0.021422,0.992340
24.428000,-0.307716,0.007921,1.078564,0.001132,-0.000182,-0.006994,-0.000289,0.000006,1.570307,-0.300000,1.000000,1.100000,0.000000,0.000000,-1.571000,0.007716,0.992079,0.021436,0.992340
24.430000,-0.307714,0.007921,1.078550,0.001126,-0.000182,-0.006994,-0.000289,0.000005,1.570307,-0.300000,1.000000,1.100000,0.000000,0.000000,-1.571000,0.007714,0.992079,0.021450,0.992341
24.432000,-0.307711,0.007921,1.078536,0.001121,-0.000182,-0.006994,-0.000290,0.000004,1.570307,-0.300000,1.000000,1.100000,0.000000,0.000000,-1.571000,0.007711,0.992079,0.021464,0.992342
24.434000,-0.307709,0.007920,1.078522,0.001115,-0.000182,-0.006994,-0.000290,0.000004,1.570306,-0.300000,1.000000,1.100000,0.000000,0.000000,-1.571000,0.007709,0.992080,0.021478,0.992342
24.436000,-0.307707,0.007920,1.078508,0.001109,-0.000182,-0.006995,-0.000290,0.000003,1.570306,-0.300000,1.000000,1.100000,0.000000,0.000000,-1.571000,0.007707,0.992080,0.021492,0.992343
24.438000,-0.307705,0.007920,1.078494,0.001104,-0.000182,-0.006995,-0.000290,0.000002,1.570306,-0.300000,1.000000,1.100000,0.000000,0.000000,-1.571000,0.007705,0.992080,0.021506,0.992343
24.440000,-0.307702,0.007919,1.078480,0.001098,-0.000182,-0.006995,-0.000290,0.000001,1.570306,-0.300000,1.000000,1.100000,0.000000,0.000000,-1.571000,0.007702,0.992081,0.021520,0.992344
24.442000,-0.307700,0.007919,1.078466,0.001092,-0.000182,-0.006995,-0.000290,0.000001,1.570306,-0.300000,1.000000,1.100000,0.000000,0.000000,-1.571000,0.007700,0.992081,0.021534,0.992345
24.444000,-0.307698,0.007918,1.078452,0.001086,-0.000182,-0.006995,-0.000290,-0.000000,1.570306,-0.300000,1.000000,1.100000,0.000000,0.000000,-1.571000,0.007698,0.992082,0.021548,0.992345
24.446000,-0.307696,0.007918,1.078438,0.001081,-0.000182,-0.006996,-0.000290,-0.000001,1.570306,-0.300000,1.000000,1.100000,0.000000,0.000000,-1.571000,0.007696,0.992082,0.021562,0.992346
24.448000,-0.307694,0.007918,1.078424,0.001075,-0.000182,-0.006996,-0.000290,-0.000002,1.570306,-0.300000,1.000000,1.100000,0.000000,0.000000,-1.571000,0.007694,0.992082,0.021576,0.992347
24.450000,-0.307692,0.007917,1.078410,0.001069,-0.000182,-0.006996,-0.000290,-0.000002,1.570306,-0.300000,1.000000,1.100000,0.000000,0.000000,-1.571000,0.007692,0.992083,0.021590,0.992347
24.452000,-0.307690,0.007917,1.078396,0.001064,-0.000182,-0.006996,-0.000290,-0.000003,1.570306,-0.300000,1.000000,1.100000,0.000000,0.000000,-1.571000,0.007690,0.992083,0.021604,0.992348
24.454000,-0.307687,0.007917,1.078382,0.001058,-0.000182,-0.006997,-0.000289,-0.000004,1.570306,-0.300000,1.000000,1.100000,0.000000,0.000000,-1.571000,0.007687,0.992083,0.021618,0.992349
24.456000,-0.307685,0.007916,1.078368,0.001052,-0.000182,-0.006997,-0.000288,-0.000005,1.570306,-0.300000,1.000000,1.100000,0.000000,0.000000,-1.571000,0.007685,0.992084,0.021632,0.992349
24.458000,-0.307683,0.007916,1.078354,0.001047,-0.000182,-0.006997,-0.000287,-0.000005,1.570306,-0.300000,1.000000,1.100000,0.000000,0.000000,-1.571000,0.007683,0.992084,0.021646,0.992350
24.460000,-0.307681,0.007916,1.078340,0.001041,-0.000182,-0.006997,-0.000286,-0.000006,1.570306,-0.300000,1.000000,1.100000,0.000000,0.000000,-1.571000,0.007681,0.992084,0.021660,0.992351
24.462000,-0.307679,0.007915,1.078326,0.001035,-0.000182,-0.006997,-0.000285,-0.000007,1.570306,-0.300000,1.000000,1.100000,0.000000,0.000000,-1.571000,0.007679,0.992085,0.021674,0.992351
24.464000,-0.307677,0.007915,1.078312,0.001030,-0.000182,-0.006998,-0.000284,-0.000007,1.570306,-0.300000,1.000000,1.100000,0.000000,0.000000,-1.571000,0.007677,0.992085,0.021688,0.992352
24.466000,-0.307675,0.007914,1.078298,0.001024,-0.000183,-0.006998,-0.000282,-0.000008,1.570306,-0.300000,1.000000,1.100000,0.000000,0.000000,-1.571000,0.007675,0.992086,0.021702,0.992353
24.468000,-0.307673,0.007914,1.078284,0.001019,-0.000183,-0.006998,-0.000281,-0.000009,1.570306,-0.300000,1.000000,1.100000,0.000000,0.000000,-1.571000,0.007673,0.992086,0.021716,0.992353
24.470000,-0.307671,0.007914,1.078270,0.001013,-0.000183,-0.006998,-0.000279,-0.000010,1.570306,-0.300000,1.000000,1.100000,0.000000,0.000000,-1.571000,0.007671,0.992086,0.021730,0.992354
24.472000,-0.307669,0.007913,1.078256,0.001008,-0.000183,-0.006998,-0.000276,-0.000010,1.570306,-0.300000,1.000000,1.100000,0.000000,0.000000,-1.571000,0.007669,0.992087,0.021744,0.992355
24.474000,-0.307667,0.007913,1.078242,0.001002,-0.000183,-0.006999,-0.000274,-0.000011,1.570306,-0.300000,1.000000,1.100000,0.000000,0.000000,-1.571000,0.007667,0.992087,0.021758,0.992355
24.476000,-0.307665,0.007913,1.078228,0.000997,-0.000184,-0.006999,-0.000271,-0.000012,1.570306,-0.300000,1.000000,1.100000,0.000000,0.000000,-1.571000,0.007665,0.992087,0.021772,0.992356
24.478000,-0.307663,0.007912,1.078214,0.000992,-0.000184,-0.006999,-0.000269,-0.000013,1.570306,-0.300000,1.000000,1.100000,0.000000,0.000000,-1.571000,0.007663,0.992088,0.021786,0.992357
24.480000,-0.307661,0.007912,1.078200,0.000987,-0.000184,-0.006999,-0.000265,-0.000013,1.570306,-0.300000,1.000000,1.100000,0.000000,0.000000,-1.571000,0.007661,0.992088,0.021800,0.992357
24.482000,-0.307659,0.007911,1.078186,0.000981,-0.000184,-0.007000,-0.000262,-0.000014,1.570306,-0.300000,1.000000,1.100000,0.000000,0.000000,-1.571000,0.007659,0.992089,0.021814,0.992358
24.484000,-0.307657,0.007911,1.078172,0.000976,-0.000185,-0.007000,-0.000259,-0.000014,1.570306,-0.300000,1.000000,1.100000,0.000000,0.000000,-1.571000,0.007657,0.992089,0.021828,0.992359
24.486000,-0.307655,0.007911,1.078158,0.000971,-0.000185,-0.007000,-0.000255,-0.000015,1.570306,-0.300000,1.000000,1.100000,0.000000,0.000000,-1.571000,0.007655,0.992089,0.021842,0.992359
24.488000,-0.307653,0.007910,1.078144,0.000966,-0.000185,-0.007000,-0.000251,-0.000015,1.570306,-0.300000,1.000000,1.100000,0.000000,0.000000,-1.571000,0.007653,0.992090,0.021856,0.992360
24.490000,-0.307651,0.007910,1.078130,0.000961,-0.000185,-0.007000,-0.000247,-0.000016,1.570305,-0.300000,1.000000,1.100000,0.000000,0.000000,-1.571000,0.007651,0.992090,0.021870,0.992361
24.492000,-0.307649,0.007910,1.078116,0.000956,-0.000186,-0.007001,-0.000243,-0.000016,1.570305,-0.300000,1.000000,1.100000,0.000000,0.000000,-1.571000,0.007649,0.992090,0.021884,0.992361
24.494000,-0.307647,0.007909,1.078102,0.000952,-0.000186,-0.007001,-0.000239,-0.000016,1.570305,-0.300000,1.000000,1.100000,0.000000,0.000000,-1.571000,0.007647,0.992091,0.021898,0.992362
24.496000,-0.307645,0.007909,1.078088,0.000947,-0.000186,-0.007000,-0.000235,-0.000016,1.570305,-0.300000,1.000000,1.100000,0.000000,0.000000,-1.571000,0.007645,0.992091,0.021912,0.992363
24.498000,-0.307644,0.007909,1.078074,0.000942,-0.000187,-0.006999,-0.000230,-0.000016,1.570305,-0.300000,1.000000,1.100000,0.000000,0.000000,-1.571000,0.007644,0.992091,0.021926,0.992363
24.500000,-0.307642,0.007908,1.078060,0.000938,-0.000187,-0.006997,-0.000225,-0.000016,1.570305,-0.300000,1.000000,1.100000,0.000000,0.000000,-1.571000,0.007642,0.992092,0.021940,0.992364
24.502000,-0.307640,0.007908,1.078046,0.000934,-0.000187,-0.006995,-0.000221,-0.000016,1.570305,-0.300000,1.000000,1.100000,0.000000,0.000000,-1.571000,0.007640,0.992092,0.021954,0.992365
24.504000,-0.307638,0.007907,1.078032,0.000929,-0.000188,-0.006993,-0.000216,-0.000016,1.570305,-0.300000,1.000000,1.100000,0.000000,0.000000,-1.571000,0.007638,0.992093,0.021968,0.992365
24.506000,-0.307636,0.007907,1.078018,0.000925,-0.000188,-0.006991,-0.000211,-0.000016,1.570305,-0.300000,1.000000,1.100000,0.000000,0.000000,-1.571000,0.007636,0.992093,0.021982,0.992366
24.508000,-0.307634,0.007907,1.078004,0.000921,-0.000188,-0.006988,-0.000206,-0.000016,1.570305,-0.300000,1.000000,1.100000,0.000000,0.000000,-1.571000,0.007634,0.992093,0.021996,0.992367
24.510000,-0.307632,0.007906,1.077990,0.000917,-0.000189,-0.006984,-0.000201,-0.000016,1.570305,-0.300000,1.000000,1.100000,0.000000,0.000000,-1.571000,0.007632,0.992094,0.022010,0.992367
24.512000,-0.307631,0.007906,1.077977,0.000913,-0.000189,-0.006981,-0.000196,-0.000015,1.570305,-0.300000,1.000000,1.100000,0.000000,0.000000,-1.571000,0.007631,0.992094,0.022023,0.992368
24.514000,-0.307629,0.007905,1.077963,0.000909,-0.000189,-0.006977,-0.000190,-0.000015,1.570305,-0.300000,1.000000,1.100000,0.000000,0.000000,-1.571000,0.007629,0.992095,0.022037,0.992369
24.516000,-0.307627,0.007905,1.077949,0.000906,-0.000189,-0.006973,-0.000185,-0.000014,1.570305,-0.300000,1.000000,1.100000,0.000000,0.000000,-1.571000,0.007627,0.992095,0.022051,0.992369
24.518000,-0.307625,0.007905,1.077935,0.000902,-0.000190,-0.006969,-0.000180,-0.000014,1.570305,-0.300000,1.000000,1.100000,0.000000,0.000000,-1.571000,0.007625,0.992095,0.022065,0.992370
24.520000,-0.307623,0.007904,1.077921,0.000898,-0.000190,-0.006965,-0.000174,-0.000013,1.570305,-0.300000,1.000000,1.100000,0.000000,0.000000,-1.571000,0.007623,0.992096,0.022079,0.992371
24.522000,-0.307622,0.007904,1.077907,0.000895,-0.000190,-0.006961,-0.000169,-0.000013,1.570305,-0.300000,1.000000,1.100000,0.000000,0.000000,-1.571000,0.007622,0.992096,0.022093,0.992371
24.524000,-0.307620,0.007904,1.077893,0.000892,-0.000190,-0.006956,-0.000164,-0.000012,1.570305,-0.300000,1.000000,1.100000,0.000000,0.000000,-1.571000,0.007620,0.992096,0.022107,0.992372
24.526000,-0.307618,0.007903,1.077879,0.000889,-0.000191,-0.006952,-0.000158,-0.000011,1.570305,-0.300000,1.000000,1.100000,0.000000,0.000000,-1.571000,0.007618,0.992097,0.022121,0.992373
24.528000,-0.307616,0.007903,1.077865,0.000886,-0.000191,-0.006947,-0.000153,-0.000010,1.570304,-0.300000,1.000000,1.100000,0.000000,0.000000,-1.571000,0.007616,0.992097,0.022135,0.992373
24.530000,-0.307614,0.007902,1.077851,0.000883,-0.000191,-0.006942,-0.000147,-0.000009,1.570304,-0.300000,1.000000,1.100000,0.000000,0.000000,-1.571000,0.007614,0.992098,0.022149,0.992374
24.532000,-0.307613,0.007902,1.077837,0.000880,-0.000191,-0.006937,-0.000141,-0.000009,1.570304,-0.300000,1.000000,1.100000,0.000000,0.000000,-1.571000,0.007613,0.992098,0.022163,0.992375
24.534000,-0.307611,0.007902,1.077823,0.000877,-0.000191,-0.006932,-0.000136,-0.000008,1.570304,-0.300000,1.000000,1.100000,0.000000,0.000000,-1.571000,0.007611,0.992098,0.022177,0.992375
24.536000,-0.307609,0.007901,1.077810,0.000874,-0.000192,-0.006927,-0.000130,-0.000007,1.570304,-0.300000,1.000000,1.100000,0.000000,0.000000,-1.571000,0.007609,0.992099,0.022190,0.992376
24.538000,-0.307607,0.007901,1.077796,0.000872,-0.000192,-0.006922,-0.000125,-0.000005,1.570304,-0.300000,1.000000,1.100000,0.000000,0.000000,-1.571000,0.007607,0.992099,0.022204,0.992377
24.540000,-0.307606,0.007901,1.077782,0.000869,-0.000192,-0.006917,-0.000119,-0.000004,1.570304,-0.300000,1.000000,1.100000,0.000000,0.000000,-1.571000,0.007606,0.992099,0.022218,0.992377
24.542000,-0.307604,0.007900,1.077768,0.000867,-0.000192,-0.006912,-0.000113,-0.000003,1.570304,-0.300000,1.000000,1.100000,0.000000,0.000000,-1.571000,0.007604,0.992100,0.022232,0.992378
24.544000,-0.307602,0.007900,1.077754,0.000865,-0.000192,-0.006906,-0.000108,-0.000002,1.570304,-0.300000,1.000000,1.100000,0.000000,0.000000,-1.571000,0.007602,0.992100,0.022246,0.992379
24.546000,-0.307600,0.007899,1.077740,0.000863,-0.000192,-0.006901,-0.000102,-0.000001,1.570304,-0.300000,1.000000,1.100000,0.000000,0.000000,-1.571000,0.007600,0.992101,0.022260,0.992379
24.548000,-0.307599,0.007899,1.077727,0.000861,-0.000192,-0.006896,-0.000096,-0.000001,1.570304,-0.300000,1.000000,1.100000,0.000000,0.000000,-1.571000,0.007599,0.992101,0.022273,0.992380
24.550000,-0.307597,0.007899,1.077713,0.000859,-0.000192,-0.006890,-0.000091,0.000000,1.570305,-0.300000,1.000000,1.100000,0.000000,0.000000,-1.571000,0.007597,0.992101,0.022287,0.992381
24.552000,-0.307595,0.007898,1.077699,0.000857,-0.000192,-0.006885,-0.000085,0.000001,1.570305,-0.300000,1.000000,1.100000,0.000000,0.000000,-1.571000,0.007595,0.992102,0.022301,0.992381
24.554000,-0.307594,0.007898,1.077685,0.000856,-0.000192,-0.006879,-0.000079,0.000002,1.570305,-0.300000,1.000000,1.100000,0.000000,0.000000,-1.571000,0.007594,0.992102,0.022315,0.992382
24.556000,-0.307592,0.007897,1.077672,0.000854,-0.000192,-0.006874,-0.000074,0.000003,1.570305,-0.300000,1.000000,1.100000,0.000000,0.000000,-1.571000,0.007592,0.992103,0.022328,0.992383
24.558000,-0.307590,0.007897,1.077658,0.000853,-0.000192,-0.006868,-0.000068,0.000004,1.570305,-0.300000,1.000000,1.100000,0.000000,0.000000,-1.571000,0.007590,0.992103,0.022342,0.992383
24.560000,-0.307588,0.007897,1.077644,0.000851,-0.000192,-0.006863,-0.000063,0.000004,1.570305,-0.300000,1.000000,1.100000,0.000000,0.000000,-1.571000,0.007588,0.992103,0.022356,0.992384
24.562000,-0.307587,0.007896,1.077630,0.000850,-0.000192,-0.006857,-0.000057,0.000005,1.570305,-0.300000,1.000000,1.100000,0.000000,0.000000,-1.571000,0.007587,0.992104,0.022370,0.992385
24.564000,-0.307585,0.007896,1.077617,0.000849,-0.000192,-0.006851,-0.000052,0.000005,1.570306,-0.300000,1.000000,1.100000,0.000000,0.000000,-1.571000,0.007585,0.992104,0.022383,0.992386
24.566000,-0.307583,0.007896,1.077603,0.000848,-0.000192,-0.006846,-0.000047,0.000006,1.570306,-0.300000,1.000000,1.100000,0.000000,0.000000,-1.571000,0.007583,0.992104,0.022397,0.992386
24.568000,-0.307582,0.007895,1.077589,0.000847,-0.000191,-0.006840,-0.000041,0.000006,1.570306,-0.300000,1.000000,1.100000,0.000000,0.000000,-1.571000,0.007582,0.992105,0.022411,0.992387
24.570000,-0.307580,0.007895,1.077576,0.000846,-0.000191,-0.006835,-0.000036,0.000007,1.570306,-0.300000,1.000000,1.100000,0.000000,0.000000,-1.571000,0.007580,0.992105,0.022424,0.992388
24.572000,-0.307578,0.007894,1.077562,0.000846,-0.000191,-0.006829,-0.000031,0.000007,1.570306,-0.300000,1.000000,1.100000,0.000000,0.000000,-1.571000,0.007578,0.992106,0.022438,0.992388
24.574000,-0.307577,0.007894,1.077548,0.000845,-0.000191,-0.006823,-0.000026,0.000007,1.570306,-0.300000,1.000000,1.100000,0.000000,0.000000,-1.571000,0.007577,0.992106,0.022452,0.992389
24.576000,-0.307575,0.007894,1.077535,0.000845,-0.000191,-0.006817,-0.000021,0.000008,1.570306,-0.300000,1.000000,1.100000,0.000000,0.000000,-1.571000,0.007575,0.992106,0.022465,0.992390
24.578000,-0.307573,0.007893,1.077521,0.000844,-0.000191,-0.006812,-0.000017,0.000008,1.570306,-0.300000,1.000000,1.100000,0.000000,0.000000,-1.571000,0.007573,0.992107,0.022479,0.992390
24.580000,-0.307572,0.007893,1.077508,0.000844,-0.000191,-0.006806,-0.000012,0.000008,1.570306,-0.300000,1.000000,1.100000,0.000000,0.000000,-1.571000,0.007572,0.992107,0.022492,0.992391
24.582000,-0.307570,0.007892,1.077494,0.000844,-0.000190,-0.006800,-0.000008,0.000008,1.570306,-0.300000,1.000000,1.100000,0.000000,0.000000,-1.571000,0.007570,0.992108,0.022506,0.992392
24.584000,-0.307568,0.007892,1.077480,0.000844,-0.000190,-0.006795,-0.000004,0.000008,1.570306,-0.300000,1.000000,1.100000,0.000000,0.000000,-1.571000,0.007568,0.992108,0.022520,0.992392
24.586000,-0.307567,0.007892,1.077467,0.000844,-0.000190,-0.006789,0.000000,0.000008,1.570307,-0.300000,1.000000,1.100000,0.000000,0.000000,-1.571000,0.007567,0.992108,0.022533,0.992393
24.588000,-0.307565,0.007891,1.077453,0.000844,-0.000190,-0.006783,0.000004,0.000007,1.570307,-0.300000,1.000000,1.100000,0.000000,0.000000,-1.571000,0.007565,0.992109,0.022547,0.992394
24.590000,-0.307563,0.007891,1.077440,0.000844,-0.000190,-0.006777,0.000008,0.000007,1.570307,-0.300000,1.000000,1.100000,0.000000,0.000000,-1.571000,0.007563,0.992109,0.022560,0.992394
24.592000,-0.307561,0.007891,1.077426,0.000844,-0.000190,-0.006772,0.000011,0.000007,1.570307,-0.300000,1.000000,1.100000,0.000000,0.000000,-1.571000,0.007561,0.992109,0.022574,0.992395
24.594000,-0.307560,0.007890,1.077413,0.000844,-0.000190,-0.006766,0.000015,0.000006,1.570307,-0.300000,1.000000,1.100000,0.000000,0.000000,-1.571000,0.007560,0.992110,0.022587,0.992396
24.596000,-0.307558,0.007890,1.077399,0.000844,-0.000189,-0.006760,0.000018,0.000006,1.570307,-0.300000,1.000000,1.100000,0.000000,0.000000,-1.571000,0.007558,0.992110,0.022601,0.992396
24.598000,-0.307556,0.007889,1.077385,0.000845,-0.000189,-0.006754,0.000020,0.000006,1.570307,-0.300000,1.000000,1.100000,0.000000,0.000000,-1.571000,0.007556,0.992111,0.022615,0.992397
24.600000,-0.307555,0.007889,1.077372,0.000845,-0.000189,-0.006749,0.000023,0.000005,1.570307,-0.300000,1.000000,1.100000,0.000000,0.000000,-1.571000,0.007555,0.992111,0.022628,0.992398
24.602000,-0.307553,0.007889,1.077359,0.000846,-0.000189,-0.006743,0.000026,0.000005,1.570307,-0.300000,1.000000,1.100000,0.000000,0.000000,-1.571000,0.007553,0.992111,0.022641,0.992398
24.604000,-0.307551,0.007888,1.077345,0.000846,-0.000189,-0.006737,0.000028,0.000004,1.570307,-0.300000,1.000000,1.100000,0.000000,0.000000,-1.571000,0.007551,0.992112,0.022655,0.992399
24.606000,-0.307550,0.007888,1.077332,0.000847,-0.000189,-0.006731,0.000030,0.000004,1.570307,-0.300000,1.000000,1.100000,0.000000,0.000000,-1.571000,0.007550,0.992112,0.022668,0.992400
24.608000,-0.307548,0.007888,1.077318,0.000847,-0.000189,-0.006726,0.000032,0.000003,1.570307,-0.300000,1.000000,1.100000,0.000000,0.000000,-1.571000,0.007548,0.992112,0.022682,0.992400
24.610000,-0.307546,0.007887,1.077305,0.000848,-0.000189,-0.006720,0.000034,0.000002,1.570307,-0.300000,1.000000,1.100000,0.000000,0.000000,-1.571000,0.007546,0.992113,0.022695,0.992401
24.612000,-0.307545,0.007887,1.077291,0.000849,-0.000189,-0.006714,0.000036,0.000002,1.570307,-0.300000,1.000000,1.100000,0.000000,0.000000,-1.571000,0.007545,0.992113,0.022709,0.992402
24.614000,-0.307543,0.007886,1.077278,0.000849,-0.000189,-0.006708,0.000038,0.000001,1.570307,-0.300000,1.000000,1.100000,0.000000,0.000000,-1.571000,0.007543,0.992114,0.022722,0.992402
24.616000,-0.307541,0.007886,1.077264,0.000850,-0.000189,-0.006702,0.000039,0.000000,1.570307,-0.300000,1.000000,1.100000,0.000000,0.000000,-1.571000,0.007541,0.992114,0.022736,0.992403
24.618000,-0.307539,0.007886,1.077251,0.000851,-0.000189,-0.006697,0.000041,-0.000000,1.570307,-0.300000,1.000000,1.100000,0.000000,0.000000,-1.571000,0.007539,0.992114,0.022749,0.992404
24.620000,-0.307538,0.007885,1.077238,0.000852,-0.000189,-0.006691,0.000042,-0.000001,1.570307,-0.300000,1.000000,1.100000,0.000000,0.000000,-1.571000,0.007538,0.992115,0.022762,0.992404
24.622000,-0.307536,0.007885,1.077224,0.000852,-0.000189,-0.006685,0.000043,-0.000002,1.570307,-0.300000,1.000000,1.100000,0.000000,0.000000,-1.571000,0.007536,0.992115,0.022776,0.992405
24.624000,-0.307534,0.007885,1.077211,0.000853,-0.000189,-0.006679,0.000044,-0.000002,1.570307,-0.300000,1.000000,1.100000,0.000000,0.000000,-1.571000,0.007534,0.992115,0.022789,0.992406
24.626000,-0.307533,0.007884,1.077198,0.000854,-0.000189,-0.006673,0.000045,-0.000003,1.570308,-0.300000,1.000000,1.100000,0.000000,0.000000,-1.571000,0.007533,0.992116,0.022802,0.992406
24.628000,-0.307531,0.007884,1.077184,0.000855,-0.000189,-0.006668,0.000046,-0.000004,1.570308,-0.300000,1.000000,1.100000,0.000000,0.000000,-1.571000,0.007531,0.992116,0.022816,0.992407
24.630000,-0.307529,0.007883,1.077171,0.000856,-0.000189,-0.006662,0.000046,-0.000005,1.570308,-0.300000,1.000000,1.100000,0.000000,0.000000,-1.571000,0.007529,0.992117,0.022829,0.992408
24.632000,-0.307527,0.007883,1.077158,0.000857,-0.000189,-0.006656,0.000047,-0.000006,1.570308,-0.300000,1.000000,1.100000,0.000000,0.000000,-1.571000,0.007527,0.992117,0.022842,0.992408
24.634000,-0.307526,0.007883,1.077144,0.000858,-0.000189,-0.006650,0.000048,-0.000006,1.570308,-0.300000,1.000000,1.100000,0.000000,0.000000,-1.571000,0.007526,0.992117,0.022856,0.992409
24.636000,-0.307524,0.007882,1.077131,0.000859,-0.000189,-0.006644,0.000048,-0.000007,1.570308,-0.300000,1.000000,1.100000,0.000000,0.000000,-1.571000,0.007524,0.992118,0.022869,0.992410
24.638000,-0.307522,0.007882,1.077118,0.000860,-0.000189,-0.006639,0.000048,-0.000008,1.570308,-0.300000,1.000000,1.100000,0.000000,0.000000,-1.571000,0.007522,0.992118,0.022882,0.992410
24.640000,-0.307521,0.007882,1.077104,0.000861,-0.000190,-0.006633,0.000048,-0.000008,1.570308,-0.300000,1.000000,1.100000,0.000000,0.000000,-1.571000,0.007521,0.992118,0.022896,0.992411
24.642000,-0.307519,0.007881,1.077091,0.000862,-0.000190,-0.006627,0.000049,-0.000009,1.570308,-0.300000,1.000000,1.100000,0.000000,0.000000,-1.571000,0.007519,0.992119,0.022909,0.992412
24.644000,-0.307517,0.007881,1.077078,0.000863,-0.000190,-0.006621,0.000049,-0.000009,1.570308,-0.300000,1.000000,1.100000,0.000000,0.000000,-1.571000,0.007517,0.992119,0.022922,0.992412
24.646000,-0.307515,0.007880,1.077065,0.000863,-0.000190,-0.006615,0.000048,-0.000010,1.570308,-0.300000,1.000000,1.100000,0.000000,0.000000,-1.571000,0.007515,0.992120,0.022935,0.992413
24.648000,-0.307514,0.007880,1.077051,0.000864,-0.000190,-0.006610,0.000048,-0.000010,1.570308,-0.300000,1.000000,1.100000,0.000000,0.000000,-1.571000,0.007514,0.992120,0.022949,0.992414
24.650000,-0.307512,0.007880,1.077038,0.000865,-0.000191,-0.006604,0.000048,-0.000011,1.570308,-0.300000,1.000000,1.100000,0.000000,0.000000,-1.571000,0.007512,0.992120,0.022962,0.992414
24.652000,-0.307510,0.007879,1.077025,0.000866,-0.000191,-0.006598,0.000048,-0.000011,1.570308,-0.300000,1.000000,1.100000,0.000000,0.000000,-1.571000,0.007510,0.992121,0.022975,0.992415
24.654000,-0.307508,0.007879,1.077012,0.000867,-0.000191,-0.006592,0.000047,-0.000011,1.570308,-0.300000,1.000000,1.100000,0.000000,0.000000,-1.571000,0.007508,0.992121,0.022988,0.992416
24.656000,-0.307507,0.007878,1.076999,0.000868,-0.000191,-0.006586,0.000047,-0.000011,1.570308,-0.300000,1.000000,1.100000,0.000000,0.000000,-1.571000,0.007507,0.992122,0.023001,0.992417
24.658000,-0.307505,0.007878,1.076986,0.000869,-0.000191,-0.006580,0.000046,-0.000011,1.570308,-0.300000,1.000000,1.100000,0.000000,0.000000,-1.571000,0.007505,0.992122,0.023014,0.992417
24.660000,-0.307503,0.007878,1.076972,0.000870,-0.000192,-0.006575,0.000045,-0.000011,1.570308,-0.300000,1.000000,1.100000,0.000000,0.000000,-1.571000,0.007503,0.992122,0.023028,0.992418
24.662000,-0.307502,0.007877,1.076959,0.000871,-0.000192,-0.006569,0.000045,-0.000011,1.570308,-0.300000,1.000000,1.100000,0.000000,0.000000,-1.571000,0.007502,0.992123,0.023041,0.992419
24.664000,-0.307500,0.007877,1.076946,0.000872,-0.000192,-0.006563,0.000044,-0.000011,1.570308,-0.300000,1.000000,1.100000,0.000000,0.000000,-1.571000,0.007500,0.992123,0.023054,0.992419
24.666000,-0.307498,0.007877,1.076933,0.000873,-0.000192,-0.006557,0.000043,-0.000011,1.570308,-0.300000,1.000000,1.100000,0.000000,0.000000,-1.571000,0.007498,0.992123,0.023067,0.992420
24.668000,-0.307496,0.007876,1.076920,0.000873,-0.000192,-0.006552,0.000042,-0.000010,1.570308,-0.300000,1.000000,1.100000,0.000000,0.000000,-1.571000,0.007496,0.992124,0.023080,0.992421
24.670000,-0.307495,0.007876,1.076907,0.000874,-0.000193,-0.006547,0.000041,-0.000010,1.570309,-0.300000,1.000000,1.100000,0.000000,0.000000,-1.571000,0.007495,0.992124,0.023093,0.992421
24.672000,-0.307493,0.007875,1.076894,0.000875,-0.000193,-0.006542,0.000040,-0.000009,1.570309,-0.300000,1.000000,1.100000,0.000000,0.000000,-1.571000,0.007493,0.992125,0.023106,0.992422
24.674000,-0.307491,0.007875,1.076881,0.000876,-0.000193,-0.006537,0.000039,-0.000009,1.570309,-0.300000,1.000000,1.100000,0.000000,0.000000,-1.571000,0.007491,0.992125,0.023119,0.992423
24.676000,-0.307489,0.007875,1.076868,0.000877,-0.000193,-0.006533,0.000038,-0.000008,1.570309,-0.300000,1.000000,1.100000,0.000000,0.000000,-1.571000,0.007489,0.992125,0.023132,0.992423
24.678000,-0.307488,0.007874,1.076854,0.000877,-0.000193,-0.006528,0.000037,-0.000008,1.570309,-0.300000,1.000000,1.100000,0.000000,0.000000,-1.571000,0.007488,0.992126,0.023146,0.992424
24.680000,-0.307486,0.007874,1.076841,0.000878,-0.000194,-0.006524,0.000036,-0.000007,1.570309,-0.300000,1.000000,1.100000,0.000000,0.000000,-1.571000,0.007486,0.992126,0.023159,0.992425
24.682000,-0.307484,0.007873,1.076828,0.000879,-0.000194,-0.006520,0.000035,-0.000006,1.570309,-0.300000,1.000000,1.100000,0.000000,0.000000,-1.571000,0.007484,0.992127,0.023172,0.992425
24.684000,-0.307482,0.007873,1.076815,0.000879,-0.000194,-0.006516,0.000034,-0.000005,1.570309,-0.300000,1.000000,1.100000,0.000000,0.000000,-1.571000,0.007482,0.992127,0.023185,0.992426
24.686000,-0.307481,0.007873,1.076802,0.000880,-0.000194,-0.006512,0.000033,-0.000005,1.570309,-0.300000,1.000000,1.100000,0.000000,0.000000,-1.571000,0.007481,0.992127,0.023198,0.992427
24.688000,-0.307479,0.007872,1.076789,0.000881,-0.000194,-0.006508,0.000032,-0.000004,1.570309,-0.300000,1.000000,1.100000,0.000000,0.000000,-1.571000,0.007479,0.992128,0.023211,0.992427
24.690000,-0.307477,0.007872,1.076776,0.000881,-0.000194,-0.006505,0.000030,-0.000003,1.570309,-0.300000,1.000000,1.100000,0.000000,0.000000,-1.571000,0.007477,0.992128,0.023224,0.992428
24.692000,-0.307475,0.007872,1.076763,0.000882,-0.000194,-0.006501,0.000029,-0.000002,1.570309,-0.300000,1.000000,1.100000,0.000000,0.000000,-1.571000,0.007475,0.992128,0.023237,0.992429
24.694000,-0.307473,0.007871,1.076750,0.000882,-0.000194,-0.006497,0.000028,-0.000001,1.570309,-0.300000,1.000000,1.100000,0.000000,0.000000,-1.571000,0.007473,0.992129,0.023250,0.992429
24.696000,-0.307472,0.007871,1.076737,0.000883,-0.000194,-0.006494,0.000027,0.000000,1.570309,-0.300000,1.000000,1.100000,0.000000,0.000000,-1.571000,0.007472,0.992129,0.023263,0.992430
24.698000,-0.307470,0.007870,1.076724,0.000884,-0.000194,-0.006491,0.000026,0.000001,1.570309,-0.300000,1.000000,1.100000,0.000000,0.000000,-1.571000,0.007470,0.992130,0.023276,0.992431
24.700000,-0.307468,0.007870,1.076711,0.000884,-0.000194,-0.006487,0.000024,0.000002,1.570309,-0.300000,1.000000,1.100000,0.000000,0.000000,-1.571000,0.007468,0.992130,0.023289,0.992431
24.702000,-0.307466,0.007870,1.076698,0.000884,-0.000194,-0.006484,0.000023,0.000003,1.570309,-0.300000,1.000000,1.100000,0.000000,0.000000,-1.571000,0.007466,0.992130,0.023302,0.992432
24.704000,-0.307465,0.007869,1.076685,0.000885,-0.000194,-0.006481,0.000022,0.000004,1.570309,-0.300000,1.000000,1.100000,0.000000,0.000000,-1.571000,0.007465,0.992131,0.023315,0.992433
24.706000,-0.307463,0.007869,1.076672,0.000885,-0.000194,-0.006478,0.000021,0.000005,1.570309,-0.300000,1.000000,1.100000,0.000000,0.000000,-1.571000,0.007463,0.992131,0.023328,0.992433
24.708000,-0.307461,0.007868,1.076660,0.000886,-0.000194,-0.006474,0.000019,0.000006,1.570309,-0.300000,1.000000,1.100000,0.000000,0.000000,-1.571000,0.007461,0.992132,0.023340,0.992434
24.710000,-0.307459,0.007868,1.076647,0.000886,-0.000194,-0.006471,0.000018,0.000007,1.570309,-0.300000,1.000000,1.100000,0.000000,0.000000,-1.571000,0.007459,0.992132,0.023353,0.992435
24.712000,-0.307458,0.007868,1.076634,0.000886,-0.000194,-0.006468,0.000017,0.000007,1.570309,-0.300000,1.000000,1.100000,0.000000,0.000000,-1.571000,0.007458,0.992132,0.023366,0.992435
24.714000,-0.307456,0.007867,1.076621,0.000887,-0.000193,-0.006465,0.000016,0.000008,1.570310,-0.300000,1.000000,1.100000,0.000000,0.000000,-1.571000,0.007456,0.992133,0.023379,0.992436
24.716000,-0.307454,0.007867,1.076608,0.000887,-0.000193,-0.006462,0.000014,0.000009,1.570310,-0.300000,1.000000,1.100000,0.000000,0.000000,-1.571000,0.007454,0.992133,0.023392,0.992437
24.718000,-0.307452,0.007866,1.076595,0.000887,-0.000193,-0.006459,0.000013,0.000010,1.570310,-0.300000,1.000000,1.100000,0.000000,0.000000,-1.571000,0.007452,0.992134,0.023405,0.992438
24.720000,-0.307450,0.007866,1.076582,0.000888,-0.000193,-0.006456,0.000012,0.000010,1.570310,-0.300000,1.000000,1.100000,0.000000,0.000000,-1.571000,0.007450,0.992134,0.023418,0.992438
24.722000,-0.307449,0.007866,1.076569,0.000888,-0.000193,-0.006453,0.000011,0.000011,1.570310,-0.300000,1.000000,1.100000,0.000000,0.000000,-1.571000,0.007449,0.992134,0.023431,0.992439
24.724000,-0.307447,0.007865,1.076556,0.000888,-0.000192,-0.006450,0.000009,0.000011,1.570310,-0.300000,1.000000,1.100000,0.000000,0.000000,-1.571000,0.007447,0.992135,0.023444,0.992440
24.726000,-0.307445,0.007865,1.076543,0.000888,-0.000192,-0.006447,0.000008,0.000012,1.570310,-0.300000,1.000000,1.100000,0.000000,0.000000,-1.571000,0.007445,0.992135,0.023457,0.992440
24.728000,-0.307443,0.007865,1.076530,0.000888,-0.000192,-0.006444,0.000007,0.000012,1.570310,-0.300000,1.000000,1.100000,0.000000,0.000000,-1.571000,0.007443,0.992135,0.023470,0.992441
24.730000,-0.307442,0.007864,1.076517,0.000889,-0.000192,-0.006441,0.000006,0.000013,1.570310,-0.300000,1.000000,1.100000,0.000000,0.000000,-1.571000,0.007442,0.992136,0.023483,0.992442
24.732000,-0.307440,0.007864,1.076505,0.000889,-0.000191,-0.006438,0.000004,0.000013,1.570310,-0.300000,1.000000,1.100000,0.000000,0.000000,-1.571000,0.007440,0.992136,0.023495,0.992442
24.734000,-0.307438,0.007863,1.076492,0.000889,-0.000191,-0.006436,0.000003,0.000013,1.570310,-0.300000,1.000000,1.100000,0.000000,0.000000,-1.571000,0.007438,0.992137,0.023508,0.992443
24.736000,-0.307436,0.007863,1.076479,0.000889,-0.000191,-0.006433,0.000002,0.000013,1.570310,-0.300000,1.000000,1.100000,0.000000,0.000000,-1.571000,0.007436,0.992137,0.023521,0.992444
24.738000,-0.307434,0.007863,1.076466,0.000889,-0.000191,-0.006430,0.000000,0.000013,1.570310,-0.300000,1.000000,1.100000,0.000000,0.000000,-1.571000,0.007434,0.992137,0.023534,0.992444
24.740000,-0.307433,0.007862,1.076453,0.000889,-0.000190,-0.006427,-0.000001,0.000013,1.570310,-0.300000,1.000000,1.100000,0.000000,0.000000,-1.571000,0.007433,0.992138,0.023547,0.992445
24.742000,-0.307431,0.007862,1.076440,0.000889,-0.000190,-0.006424,-0.000002,0.000013,1.570310,-0.300000,1.000000,1.100000,0.000000,0.000000,-1.571000,0.007431,0.992138,0.023560,0.992446
24.744000,-0.307429,0.007862,1.076427,0.000889,-0.000190,-0.006421,-0.000003,0.000013,1.570310,-0.300000,1.000000,1.100000,0.000000,0.000000,-1.571000,0.007429,0.992138,0.023573,0.992446
24.746000,-0.307427,0.007861,1.076415,0.000889,-0.000190,-0.006418,-0.000005,0.000013,1.570310,-0.300000,1.000000,1.100000,0.000000,0.000000,-1.571000,0.007427,0.992139,0.023585,0.992447
24.748000,-0.307426,0.007861,1.076402,0.000889,-0.000189,-0.006416,-0.000006,0.000013,1.570310,-0.300000,1.000000,1.100000,0.000000,0.000000,-1.571000,0.007426,0.992139,0.023598,0.992448
24.750000,-0.307424,0.007860,1.076389,0.000888,-0.000189,-0.006413,-0.000007,0.000013,1.570310,-0.300000,1.000000,1.100000,0.000000,0.000000,-1.571000,0.007424,0.992140,0.023611,0.992448
24.752000,-0.307422,0.007860,1.076376,0.000888,-0.000189,-0.006410,-0.000009,0.000012,1.570310,-0.300000,1.000000,1.100000,0.000000,0.000000,-1.571000,0.007422,0.992140,0.023624,0.992449
24.754000,-0.307420,0.007860,1.076363,0.000888,-0.000189,-0.006407,-0.000010,0.000012,1.570310,-0.300000,1.000000,1.100000,0.000000,0.000000,-1.571000,0.007420,0.992140,0.023637,0.992450
24.756000,-0.307418,0.007859,1.076351,0.000888,-0.000188,-0.006404,-0.000011,0.000012,1.570310,-0.300000,1.000000,1.100000,0.000000,0.000000,-1.571000,0.007418,0.992141,0.023649,0.992450
24.758000,-0.307417,0.007859,1.076338,0.000888,-0.000188,-0.006401,-0.000012,0.000011,1.570311,-0.300000,1.000000,1.100000,0.000000,0.000000,-1.571000,0.007417,0.992141,0.023662,0.992451
24.760000,-0.307415,0.007858,1.076325,0.000887,-0.000188,-0.006399,-0.000014,0.000011,1.570311,-0.300000,1.000000,1.100000,0.000000,0.000000,-1.571000,0.007415,0.992142,0.023675,0.992452
24.762000,-0.307413,0.007858,1.076312,0.000887,-0.000188,-0.006396,-0.000015,0.000011,1.570311,-0.300000,1.000000,1.100000,0.000000,0.000000,-1.571000,0.007413,0.992142,0.023688,0.992452
24.764000,-0.307411,0.007858,1.076299,0.000887,-0.000188,-0.006393,-0.000016,0.000010,1.570311,-0.300000,1.000000,1.100000,0.000000,0.000000,-1.571000,0.007411,0.992142,0.023701,0.992453
24.766000,-0.307410,0.007857,1.076287,0.000887,-0.000187,-0.006390,-0.000018,0.000010,1.570311,-0.300000,1.000000,1.100000,0.000000,0.000000,-1.571000,0.007410,0.992143,0.023713,0.992454
24.768000,-0.307408,0.007857,1.076274,0.000886,-0.000187,-0.006387,-0.000019,0.000010,1.570311,-0.300000,1.000000,1.100000,0.000000,0.000000,-1.571000,0.007408,0.992143,0.023726,0.992454
24.770000,-0.307406,0.007857,1.076261,0.000886,-0.000187,-0.006385,-0.000020,0.000010,1.570311,-0.300000,1.000000,1.100000,0.000000,0.000000,-1.571000,0.007406,0.992143,0.023739,0.992455
24.772000,-0.307404,0.007856,1.076248,0.000885,-0.000187,-0.006382,-0.000022,0.000009,1.570311,-0.300000,1.000000,1.100000,0.000000,0.000000,-1.571000,0.007404,0.992144,0.023752,0.992456
24.774000,-0.307403,0.007856,1.076235,0.000885,-0.000187,-0.006379,-0.000023,0.000009,1.570311,-0.300000,1.000000,1.100000,0.000000,0.000000,-1.571000,0.007403,0.992144,0.023765,0.992456
24.776000,-0.307401,0.007855,1.076223,0.000885,-0.000186,-0.006376,-0.000024,0.000009,1.570311,-0.300000,1.000000,1.100000,0.000000,0.000000,-1.571000,0.007401,0.992145,0.023777,0.992457
24.778000,-0.307399,0.007855,1.076210,0.000884,-0.000186,-0.006373,-0.000025,0.000009,1.570311,-0.300000,1.000000,1.100000,0.000000,0.000000,-1.571000,0.007399,0.992145,0.023790,0.992458
24.780000,-0.307397,0.007855,1.076197,0.000884,-0.000186,-0.006371,-0.000027,0.000009,1.570311,-0.300000,1.000000,1.100000,0.000000,0.000000,-1.571000,0.007397,0.992145,0.023803,0.992458
24.782000,-0.307395,0.007854,1.076184,0.000883,-0.000186,-0.006368,-0.000028,0.000008,1.570311,-0.300000,1.000000,1.100000,0.000000,0.000000,-1.571000,0.007395,0.992146,0.023816,0.992459
24.784000,-0.307394,0.007854,1.076172,0.000882,-0.000186,-0.006365,-0.000029,0.000008,1.570311,-0.300000,1.000000,1.100000,0.000000,0.000000,-1.571000,0.007394,0.992146,0.023828,0.992460
24.786000,-0.307392,0.007854,1.076159,0.000882,-0.000186,-0.006362,-0.000031,0.000008,1.570311,-0.300000,1.000000,1.100000,0.000000,0.000000,-1.571000,0.007392,0.992146,0.023841,0.992460
24.788000,-0.307390,0.007853,1.076146,0.000881,-0.000185,-0.006359,-0.000032,0.000008,1.570311,-0.300000,1.000000,1.100000,0.000000,0.000000,-1.571000,0.007390,0.992147,0.023854,0.992461
24.790000,-0.307388,0.007853,1.076134,0.000881,-0.000185,-0.006357,-0.000033,0.000008,1.570311,-0.300000,1.000000,1.100000,0.000000,0.000000,-1.571000,0.007388,0.992147,0.023866,0.992462
24.792000,-0.307387,0.007853,1.076121,0.000880,-0.000185,-0.006354,-0.000035,0.000008,1.570311,-0.300000,1.000000,1.100000,0.000000,0.000000,-1.571000,0.007387,0.992147,0.023879,0.992462
24.794000,-0.307385,0.007852,1.076108,0.000879,-0.000185,-0.006351,-0.000036,0.000009,1.570311,-0.300000,1.000000,1.100000,0.000000,0.000000,-1.571000,0.007385,0.992148,0.023892,0.992463
24.796000,-0.307383,0.007852,1.076095,0.000879,-0.000185,-0.006348,-0.000037,0.000009,1.570311,-0.300000,1.000000,1.100000,0.000000,0.000000,-1.571000,0.007383,0.992148,0.023905,0.992464
24.798000,-0.307381,0.007851,1.076083,0.000878,-0.000185,-0.006345,-0.000038,0.000009,1.570311,-0.300000,1.000000,1.100000,0.000000,0.000000,-1.571000,0.007381,0.992149,0.023917,0.992464
24.800000,-0.307380,0.007851,1.076070,0.000877,-0.000184,-0.006343,-0.000039,0.000009,1.570311,-0.300000,1.000000,1.100000,0.000000,0.000000,-1.571000,0.007380,0.992149,0.023930,0.992465
24.802000,-0.307378,0.007851,1.076057,0.000876,-0.000184,-0.006340,-0.000040,0.000009,1.570312,-0.300000,1.000000,1.100000,0.000000,0.000000,-1.571000,0.007378,0.992149,0.023943,0.992466
24.804000,-0.307376,0.007850,1.076045,0.000875,-0.000184,-0.006337,-0.000041,0.000009,1.570312,-0.300000,1.000000,1.100000,0.000000,0.000000,-1.571000,0.007376,0.992150,0.023955,0.992466
24.806000,-0.307374,0.007850,1.076032,0.000875,-0.000184,-0.006334,-0.000042,0.000009,1.570312,-0.300000,1.000000,1.100000,0.000000,0.000000,-1.571000,0.007374,0.992150,0.023968,0.992467
24.808000,-0.307373,0.007850,1.076019,0.000874,-0.000184,-0.006331,-0.000043,0.000009,1.570312,-0.300000,1.000000,1.100000,0.000000,0.000000,-1.571000,0.007373,0.992150,0.023981,0.992468
24.810000,-0.307371,0.007849,1.076007,0.000873,-0.000184,-0.006329,-0.000044,0.000009,1.570312,-0.300000,1.000000,1.100000,0.000000,0.000000,-1.571000,0.007371,0.992151,0.023993,0.992468
24.812000,-0.307369,0.007849,1.075994,0.000872,-0.000183,-0.006326,-0.000044,0.000009,1.570312,-0.300000,1.000000,1.100000,0.000000,0.000000,-1.571000,0.007369,0.992151,0.024006,0.992469
24.814000,-0.307367,0.007848,1.075981,0.000871,-0.000183,-0.006323,-0.000045,0.000009,1.570312,-0.300000,1.000000,1.100000,0.000000,0.000000,-1.571000,0.007367,0.992152,0.024019,0.992470
24.816000,-0.307366,0.007848,1.075969,0.000870,-0.000183,-0.006320,-0.000045,0.000009,1.570311,-0.300000,1.000000,1.100000,0.000000,0.000000,-1.571000,0.007366,0.992152,0.024031,0.992470
24.818000,-0.307364,0.007848,1.075956,0.000869,-0.000183,-0.006317,-0.000046,0.000009,1.570311,-0.300000,1.000000,1.100000,0.000000,0.000000,-1.571000,0.007364,0.992152,0.024044,0.992471
24.820000,-0.307362,0.007847,1.075944,0.000869,-0.000183,-0.006315,-0.000046,0.000009,1.570311,-0.300000,1.000000,1.100000,0.000000,0.000000,-1.571000,0.007362,0.992153,0.024056,0.992472
24.822000,-0.307360,0.007847,1.075931,0.000868,-0.000182,-0.006312,-0.000046,0.000009,1.570311,-0.300000,1.000000,1.100000,0.000000,0.000000,-1.571000,0.007360,0.992153,0.024069,0.992472
24.824000,-0.307359,0.007847,1.075918,0.000867,-0.000182,-0.006309,-0.000046,0.000009,1.570311,-0.300000,1.000000,1.100000,0.000000,0.000000,-1.571000,0.007359,0.992153,0.024082,0.992473
24.826000,-0.307357,0.007846,1.075906,0.000866,-0.000182,-0.006306,-0.000046,0.000008,1.570311,-0.300000,1.000000,1.100000,0.000000,0.000000,-1.571000,0.007357,0.992154,0.024094,0.992474
24.828000,-0.307355,0.007846,1.075893,0.000865,-0.000182,-0.006303,-0.000046,0.000008,1.570311,-0.300000,1.000000,1.100000,0.000000,0.000000,-1.571000,0.007355,0.992154,0.024107,0.992474
24.830000,-0.307353,0.007846,1.075880,0.000864,-0.000182,-0.006301,-0.000046,0.000008,1.570311,-0.300000,1.000000,1.100000,0.000000,0.000000,-1.571000,0.007353,0.992154,0.024120,0.992475
24.832000,-0.307352,0.007845,1.075868,0.000863,-0.000182,-0.006298,-0.000046,0.000007,1.570310,-0.300000,1.000000,1.100000,0.000000,0.000000,-1.571000,0.007352,0.992155,0.024132,0.992475
24.834000,-0.307350,0.007845,1.075855,0.000862,-0.000181,-0.006295,-0.000046,0.000007,1.570310,-0.300000,1.000000,1.100000,0.000000,0.000000,-1.571000,0.007350,0.992155,0.024145,0.992476
24.836000,-0.307348,0.007844,1.075843,0.000861,-0.000181,-0.006292,-0.000045,0.000006,1.570310,-0.300000,1.000000,1.100000,0.000000,0.000000,-1.571000,0.007348,0.992156,0.024157,0.992477
24.838000,-0.307347,0.007844,1.075830,0.000860,-0.000181,-0.006290,-0.000045,0.000006,1.570310,-0.300000,1.000000,1.100000,0.000000,0.000000,-1.571000,0.007347,0.992156,0.024170,0.992477
24.840000,-0.307345,0.007844,1.075818,0.000860,-0.000181,-0.006287,-0.000045,0.000005,1.570310,-0.300000,1.000000,1.100000,0.000000,0.000000,-1.571000,0.007345,0.992156,0.024182,0.992478
24.842000,-0.307343,0.007843,1.075805,0.000859,-0.000181,-0.006284,-0.000044,0.000005,1.570310,-0.300000,1.000000,1.100000,0.000000,0.000000,-1.571000,0.007343,0.992157,0.024195,0.992479
24.844000,-0.307341,0.007843,1.075792,0.000858,-0.000181,-0.006281,-0.000044,0.000004,1.570310,-0.300000,1.000000,1.100000,0.000000,0.000000,-1.571000,0.007341,0.992157,0.024208,0.992479
24.846000,-0.307340,0.007843,1.075780,0.000857,-0.000181,-0.006278,-0.000044,0.000003,1.570310,-0.300000,1.000000,1.100000,0.000000,0.000000,-1.571000,0.007340,0.992157,0.024220,0.992480
24.848000,-0.307338,0.007842,1.075767,0.000856,-0.000181,-0.006276,-0.000043,0.000003,1.570310,-0.300000,1.000000,1.100000,0.000000,0.000000,-1.571000,0.007338,0.992158,0.024233,0.992481
24.850000,-0.307336,0.007842,1.075755,0.000855,-0.000181,-0.006273,-0.000043,0.000002,1.570310,-0.300000,1.000000,1.100000,0.000000,0.000000,-1.571000,0.007336,0.992158,0.024245,0.992481
24.852000,-0.307335,0.007842,1.075742,0.000854,-0.000181,-0.006270,-0.000042,0.000002,1.570309,-0.300000,1.000000,1.100000,0.000000,0.000000,-1.571000,0.007335,0.992158,0.024258,0.992482
24.854000,-0.307333,0.007841,1.075730,0.000854,-0.000181,-0.006267,-0.000042,0.000001,1.570309,-0.300000,1.000000,1.100000,0.000000,0.000000,-1.571000,0.007333,0.992159,0.024270,0.992483
24.856000,-0.307331,0.007841,1.075717,0.000853,-0.000181,-0.006264,-0.000041,0.000001,1.570309,-0.300000,1.000000,1.100000,0.000000,0.000000,-1.571000,0.007331,0.992159,0.024283,0.992483
24.858000,-0.307329,0.007840,1.075705,0.000852,-0.000181,-0.006262,-0.000041,0.000001,1.570309,-0.300000,1.000000,1.100000,0.000000,0.000000,-1.571000,0.007329,0.992160,0.024295,0.992484
24.860000,-0.307328,0.007840,1.075692,0.000851,-0.000181,-0.006259,-0.000040,0.000000,1.570309,-0.300000,1.000000,1.100000,0.000000,0.000000,-1.571000,0.007328,0.992160,0.024308,0.992485
24.862000,-0.307326,0.007840,1.075680,0.000850,-0.000181,-0.006256,-0.000040,-0.000000,1.570309,-0.300000,1.000000,1.100000,0.000000,0.000000,-1.571000,0.007326,0.992160,0.024320,0.992485
24.864000,-0.307324,0.007839,1.075667,0.000850,-0.000181,-0.006253,-0.000039,-0.000000,1.570309,-0.300000,1.000000,1.100000,0.000000,0.000000,-1.571000,0.007324,0.992161,0.024333,0.992486
24.866000,-0.307323,0.007839,1.075655,0.000849,-0.000181,-0.006250,-0.000039,-0.000001,1.570309,-0.300000,1.000000,1.100000,0.000000,0.000000,-1.571000,0.007323,0.992161,0.024345,0.992487
24.868000,-0.307321,0.007839,1.075642,0.000848,-0.000181,-0.006248,-0.000038,-0.000001,1.570309,-0.300000,1.000000,1.100000,0.000000,0.000000,-1.571000,0.007321,0.992161,0.024358,0.992487
24.870000,-0.307319,0.007838,1.075630,0.000847,-0.000181,-0.006245,-0.000037,-0.000001,1.570309,-0.300000,1.000000,1.100000,0.000000,0.000000,-1.571000,0.007319,0.992162,0.024370,0.992488
24.872000,-0.307318,0.007838,1.075617,0.000847,-0.000181,-0.006242,-0.000037,-0.000001,1.570309,-0.300000,1.000000,1.100000,0.000000,0.000000,-1.571000,0.007318,0.992162,0.024383,0.992489
24.874000,-0.307316,0.007838,1.075605,0.000846,-0.000181,-0.006239,-0.000036,-0.000001,1.570309,-0.300000,1.000000,1.100000,0.000000,0.000000,-1.571000,0.007316,0.992162,0.024395,0.992489
24.876000,-0.307314,0.007837,1.075592,0.000845,-0.000181,-0.006236,-0.000036,-0.000001,1.570309,-0.300000,1.000000,1.100000,0.000000,0.000000,-1.571000,0.007314,0.992163,0.024408,0.992490
24.878000,-0.307313,0.007837,1.075580,0.000845,-0.000181,-0.006234,-0.000035,-0.000002,1.570309,-0.300000,1.000000,1.100000,0.000000,0.000000,-1.571000,0.007313,0.992163,0.024420,0.992491
24.880000,-0.307311,0.007837,1.075567,0.000844,-0.000181,-0.006231,-0.000034,-0.000001,1.570309,-0.300000,1.000000,1.100000,0.000000,0.000000,-1.571000,0.007311,0.992163,0.024433,0.992491
24.882000,-0.307309,0.007836,1.075555,0.000843,-0.000181,-0.006228,-0.000034,-0.000001,1.570309,-0.300000,1.000000,1.100000,0.000000,0.000000,-1.571000,0.007309,0.992164,0.024445,0.992492
24.884000,-0.307307,0.007836,1.075542,0.000843,-0.000181,-0.006225,-0.000033,-0.000001,1.570309,-0.300000,1.000000,1.100000,0.000000,0.000000,-1.571000,0.007307,0.992164,0.024458,0.992493
24.886000,-0.307306,0.007835,1.075530,0.000842,-0.000181,-0.006223,-0.000033,-0.000001,1.570309,-0.300000,1.000000,1.100000,0.000000,0.000000,-1.571000,0.007306,0.992165,0.024470,0.992493
24.888000,-0.307304,0.007835,1.075517,0.000841,-0.000181,-0.006220,-0.000032,-0.000001,1.570309,-0.300000,1.000000,1.100000,0.000000,0.000000,-1.571000,0.007304,0.992165,0.024483,0.992494
24.890000,-0.307302,0.007835,1.075505,0.000841,-0.000181,-0.006217,-0.000031,-0.000001,1.570309,-0.300000,1.000000,1.100000,0.000000,0.000000,-1.571000,0.007302,0.992165,0.024495,0.992494
24.892000,-0.307301,0.007834,1.075493,0.000840,-0.000181,-0.006214,-0.000031,-0.000000,1.570309,-0.300000,1.000000,1.100000,0.000000,0.000000,-1.571000,0.007301,0.992166,0.024507,0.992495
24.894000,-0.307299,0.007834,1.075480,0.000839,-0.000181,-0.006211,-0.000030,-0.000000,1.570309,-0.300000,1.000000,1.100000,0.000000,0.000000,-1.571000,0.007299,0.992166,0.024520,0.992496
24.896000,-0.307297,0.007834,1.075468,0.000839,-0.000181,-0.006209,-0.000029,0.000000,1.570308,-0.300000,1.000000,1.100000,0.000000,0.000000,-1.571000,0.007297,0.992166,0.024532,0.992496
24.898000,-0.307296,0.007833,1.075455,0.000838,-0.000181,-0.006206,-0.000029,0.000001,1.570308,-0.300000,1.000000,1.100000,0.000000,0.000000,-1.571000,0.007296,0.992167,0.024545,0.992497
24.900000,-0.307294,0.007833,1.075443,0.000838,-0.000181,-0.006203,-0.000028,0.000001,1.570308,-0.300000,1.000000,1.100000,0.000000,0.000000,-1.571000,0.007294,0.992167,0.024557,0.992498
24.902000,-0.307292,0.007833,1.075430,0.000837,-0.000181,-0.006200,-0.000028,0.000001,1.570308,-0.300000,1.000000,1.100000,0.000000,0.000000,-1.571000,0.007292,0.992167,0.024570,0.992498
24.904000,-0.307291,0.007832,1.075418,0.000837,-0.000181,-0.006197,-0.000027,0.000002,1.570308,-0.300000,1.000000,1.100000,0.000000,0.000000,-1.571000,0.007291,0.992168,0.024582,0.992499
24.906000,-0.307289,0.007832,1.075406,0.000836,-0.000181,-0.006195,-0.000026,0.000002,1.570308,-0.300000,1.000000,1.100000,0.000000,0.000000,-1.571000,0.007289,0.992168,0.024594,0.992500
24.908000,-0.307287,0.007831,1.075393,0.000836,-0.000181,-0.006192,-0.000026,0.000002,1.570308,-0.300000,1.000000,1.100000,0.000000,0.000000,-1.571000,0.007287,0.992169,0.024607,0.992500
24.910000,-0.307286,0.007831,1.075381,0.000835,-0.000181,-0.006189,-0.000025,0.000002,1.570308,-0.300000,1.000000,1.100000,0.000000,0.000000,-1.571000,0.007286,0.992169,0.024619,0.992501
24.912000,-0.307284,0.007831,1.075369,0.000835,-0.000181,-0.006186,-0.000024,0.000003,1.570308,-0.300000,1.000000,1.100000,0.000000,0.000000,-1.571000,0.007284,0.992169,0.024631,0.992502
24.914000,-0.307282,0.007830,1.075356,0.000834,-0.000181,-0.006183,-0.000024,0.000003,1.570308,-0.300000,1.000000,1.100000,0.000000,0.000000,-1.571000,0.007282,0.992170,0.024644,0.992502
24.916000,-0.307281,0.007830,1.075344,0.000834,-0.000181,-0.006181,-0.000023,0.000003,1.570308,-0.300000,1.000000,1.100000,0.000000,0.000000,-1.571000,0.007281,0.992170,0.024656,0.992503
24.918000,-0.307279,0.007830,1.075331,0.000833,-0.000181,-0.006178,-0.000022,0.000003,1.570308,-0.300000,1.000000,1.100000,0.000000,0.000000,-1.571000,0.007279,0.992170,0.024669,0.992504
24.920000,-0.307277,0.007829,1.075319,0.000833,-0.000180,-0.006175,-0.000022,0.000003,1.570308,-0.300000,1.000000,1.100000,0.000000,0.000000,-1.571000,0.007277,0.992171,0.024681,0.992504
24.922000,-0.307276,0.007829,1.075307,0.000832,-0.000180,-0.006172,-0.000021,0.000003,1.570308,-0.300000,1.000000,1.100000,0.000000,0.000000,-1.571000,0.007276,0.992171,0.024693,0.992505
24.924000,-0.307274,0.007829,1.075294,0.000832,-0.000180,-0.006169,-0.000020,0.000003,1.570308,-0.300000,1.000000,1.100000,0.000000,0.000000,-1.571000,0.007274,0.992171,0.024706,0.992506
24.926000,-0.307272,0.007828,1.075282,0.000832,-0.000180,-0.006167,-0.000020,0.000003,1.570308,-0.300000,1.000000,1.100000,0.000000,0.000000,-1.571000,0.007272,0.992172,0.024718,0.992506
24.928000,-0.307271,0.007828,1.075270,0.000831,-0.000180,-0.006164,-0.000019,0.000003,1.570308,-0.300000,1.000000,1.100000,0.000000,0.000000,-1.571000,0.007271,0.992172,0.024730,0.992507
24.930000,-0.307269,0.007827,1.075257,0.000831,-0.000180,-0.006161,-0.000019,0.000003,1.570308,-0.300000,1.000000,1.100000,0.000000,0.000000,-1.571000,0.007269,0.992173,0.024743,0.992508
24.932000,-0.307267,0.007827,1.075245,0.000830,-0.000180,-0.006158,-0.000018,0.000002,1.570308,-0.300000,1.000000,1.100000,0.000000,0.000000,-1.571000,0.007267,0.992173,0.024755,0.992508
24.934000,-0.307266,0.007827,1.075233,0.000830,-0.000180,-0.006156,-0.000017,0.000002,1.570308,-0.300000,1.000000,1.100000,0.000000,0.000000,-1.571000,0.007266,0.992173,0.024767,0.992509
24.936000,-0.307264,0.007826,1.075221,0.000830,-0.000180,-0.006153,-0.000017,0.000002,1.570308,-0.300000,1.000000,1.100000,0.000000,0.000000,-1.571000,0.007264,0.992174,0.024779,0.992510
24.938000,-0.307262,0.007826,1.075208,0.000829,-0.000180,-0.006150,-0.000016,0.000002,1.570308,-0.300000,1.000000,1.100000,0.000000,0.000000,-1.571000,0.007262,0.992174,0.024792,0.992510
24.940000,-0.307261,0.007826,1.075196,0.000829,-0.000180,-0.006147,-0.000015,0.000001,1.570308,-0.300000,1.000000,1.100000,0.000000,0.000000,-1.571000,0.007261,0.992174,0.024804,0.992511
24.942000,-0.307259,0.007825,1.075184,0.000829,-0.000180,-0.006144,-0.000015,0.000001,1.570308,-0.300000,1.000000,1.100000,0.000000,0.000000,-1.571000,0.007259,0.992175,0.024816,0.992512
24.944000,-0.307257,0.007825,1.075171,0.000829,-0.000180,-0.006142,-0.000014,0.000001,1.570308,-0.300000,1.000000,1.100000,0.000000,0.000000,-1.571000,0.007257,0.992175,0.024829,0.992512
24.946000,-0.307256,0.007825,1.075159,0.000828,-0.000180,-0.006139,-0.000013,0.000001,1.570308,-0.300000,1.000000,1.100000,0.000000,0.000000,-1.571000,0.007256,0.992175,0.024841,0.992513
24.948000,-0.307254,0.007824,1.075147,0.000828,-0.000180,-0.006136,-0.000013,0.000000,1.570308,-0.300000,1.000000,1.100000,0.000000,0.000000,-1.571000,0.007254,0.992176,0.024853,0.992513
24.950000,-0.307252,0.007824,1.075135,0.000828,-0.000180,-0.006133,-0.000012,0.000000,1.570308,-0.300000,1.000000,1.100000,0.000000,0.000000,-1.571000,0.007252,0.992176,0.024865,0.992514
24.952000,-0.307251,0.007824,1.075122,0.000827,-0.000180,-0.006130,-0.000011,-0.000000,1.570308,-0.300000,1.000000,1.100000,0.000000,0.000000,-1.571000,0.007251,0.992176,0.024878,0.992515
24.954000,-0.307249,0.007823,1.075110,0.000827,-0.000180,-0.006128,-0.000011,-0.000000,1.570308,-0.300000,1.000000,1.100000,0.000000,0.000000,-1.571000,0.007249,0.992177,0.024890,0.992515
24.956000,-0.307247,0.007823,1.075098,0.000827,-0.000180,-0.006125,-0.000010,-0.000001,1.570308,-0.300000,1.000000,1.100000,0.000000,0.000000,-1.571000,0.007247,0.992177,0.024902,0.992516
24.958000,-0.307246,0.007822,1.075086,0.000827,-0.000180,-0.006122,-0.000009,-0.000001,1.570308,-0.300000,1.000000,1.100000,0.000000,0.000000,-1.571000,0.007246,0.992178,0.024914,0.992517
24.960000,-0.307244,0.007822,1.075073,0.000827,-0.000180,-0.006119,-0.000009,-0.000001,1.570308,-0.300000,1.000000,1.100000,0.000000,0.000000,-1.571000,0.007244,0.992178,0.024927,0.992517
24.962000,-0.307242,0.007822,1.075061,0.000827,-0.000180,-0.006116,-0.000008,-0.000001,1.570308,-0.300000,1.000000,1.100000,0.000000,0.000000,-1.571000,0.007242,0.992178,0.024939,0.992518
24.964000,-0.307241,0.007821,1.075049,0.000826,-0.000180,-0.006114,-0.000007,-0.000001,1.570308,-0.300000,1.000000,1.100000,0.000000,0.000000,-1.571000,0.007241,0.992179,0.024951,0.992519
24.966000,-0.307239,0.007821,1.075037,0.000826,-0.000180,-0.006111,-0.000006,-0.000001,1.570308,-0.300000,1.000000,1.100000,0.000000,0.000000,-1.571000,0.007239,0.992179,0.024963,0.992519
24.968000,-0.307238,0.007821,1.075024,0.000826,-0.000180,-0.006108,-0.000005,-0.000001,1.570308,-0.300000,1.000000,1.100000,0.000000,0.000000,-1.571000,0.007238,0.992179,0.024976,0.992520
24.970000,-0.307236,0.007820,1.075012,0.000826,-0.000180,-0.006105,-0.000004,-0.000001,1.570307,-0.300000,1.000000,1.100000,0.000000,0.000000,-1.571000,0.007236,0.992180,0.024988,0.992521
24.972000,-0.307234,0.007820,1.075000,0.000826,-0.000180,-0.006103,-0.000003,-0.000001,1.570307,-0.300000,1.000000,1.100000,0.000000,0.000000,-1.571000,0.007234,0.992180,0.025000,0.992521
24.974000,-0.307233,0.007820,1.074988,0.000826,-0.000180,-0.006100,-0.000001,-0.000001,1.570307,-0.300000,1.000000,1.100000,0.000000,0.000000,-1.571000,0.007233,0.992180,0.025012,0.992522
24.976000,-0.307231,0.007819,1.074976,0.000826,-0.000180,-0.006097,0.000000,-0.000001,1.570307,-0.300000,1.000000,1.100000,0.000000,0.000000,-1.571000,0.007231,0.992181,0.025024,0.992523
24.978000,-0.307229,0.007819,1.074963,0.000826,-0.000180,-0.006094,0.000002,-0.000001,1.570307,-0.300000,1.000000,1.100000,0.000000,0.000000,-1.571000,0.007229,0.992181,0.025037,0.992523
24.980000,-0.307228,0.007818,1.074951,0.000826,-0.000180,-0.006092,0.000004,-0.000001,1.570307,-0.300000,1.000000,1.100000,0.000000,0.000000,-1.571000,0.007228,0.992182,0.025049,0.992524
24.982000,-0.307226,0.007818,1.074939,0.000826,-0.000180,-0.006089,0.000006,-0.000001,1.570307,-0.300000,1.000000,1.100000,0.000000,0.000000,-1.571000,0.007226,0.992182,0.025061,0.992525
24.984000,-0.307224,0.007818,1.074927,0.000826,-0.000180,-0.006087,0.000008,-0.000001,1.570307,-0.300000,1.000000,1.100000,0.000000,0.000000,-1.571000,0.007224,0.992182,0.025073,0.992525
24.986000,-0.307223,0.007817,1.074915,0.000826,-0.000180,-0.006085,0.000011,-0.000001,1.570307,-0.300000,1.000000,1.100000,0.000000,0.000000,-1.571000,0.007223,0.992183,0.025085,0.992526
24.988000,-0.307221,0.007817,1.074902,0.000827,-0.000180,-0.006083,0.000013,-0.000001,1.570307,-0.300000,1.000000,1.100000,0.000000,0.000000,-1.571000,0.007221,0.992183,0.025098,0.992527
24.990000,-0.307219,0.007817,1.074890,0.000827,-0.000180,-0.006082,0.000016,-0.000001,1.570307,-0.300000,1.000000,1.100000,0.000000,0.000000,-1.571000,0.007219,0.992183,0.025110,0.992527
24.992000,-0.307218,0.007816,1.074878,0.000827,-0.000180,-0.006080,0.000019,-0.000001,1.570307,-0.300000,1.000000,1.100000,0.000000,0.000000,-1.571000,0.007218,0.992184,0.025122,0.992528
24.994000,-0.307216,0.007816,1.074866,0.000828,-0.000180,-0.006079,0.000022,-0.000001,1.570307,-0.300000,1.000000,1.100000,0.000000,0.000000,-1.571000,0.007216,0.992184,0.025134,0.992529
24.996000,-0.307214,0.007816,1.074854,0.000828,-0.000180,-0.006078,0.000025,-0.000001,1.570307,-0.300000,1.000000,1.100000,0.000000,0.000000,-1.571000,0.007214,0.992184,0.025146,0.992529
24.998000,-0.307213,0.007815,1.074842,0.000828,-0.000180,-0.006077,0.000028,-0.000001,1.570307,-0.300000,1.000000,1.100000,0.000000,0.000000,-1.571000,0.007213,0.992185,0.025158,0.992530
25.000000,-0.307211,0.007815,1.074830,0.000829,-0.000180,-0.006076,0.000032,-0.000001,1.570307,-0.300000,1.000000,1.100000,0.000000,0.000000,-1.571000,0.007211,0.992185,0.025170,0.992531
25.002000,-0.307209,0.007815,1.074817,0.000830,-0.000180,-0.006076,0.000035,-0.000001,1.570307,-0.300000,1.000000,1.100000,0.000000,0.000000,-1.571000,0.007209,0.992185,0.025183,0.992531
25.004000,-0.307208,0.007814,1.074805,0.000830,-0.000180,-0.006075,0.000039,-0.000001,1.570307,-0.300000,1.000000,1.100000,0.000000,0.000000,-1.571000,0.007208,0.992186,0.025195,0.992532
25.006000,-0.307206,0.007814,1.074793,0.000831,-0.000180,-0.006074,0.000043,-0.000001,1.570307,-0.300000,1.000000,1.100000,0.000000,0.000000,-1.571000,0.007206,0.992186,0.025207,0.992533
25.008000,-0.307204,0.007813,1.074781,0.000832,-0.000180,-0.006074,0.000047,-0.000001,1.570307,-0.300000,1.000000,1.100000,0.000000,0.000000,-1.571000,0.007204,0.992187,0.025219,0.992533
25.010000,-0.307203,0.007813,1.074769,0.000833,-0.000180,-0.006073,0.000051,-0.000001,1.570307,-0.300000,1.000000,1.100000,0.000000,0.000000,-1.571000,0.007203,0.992187,0.025231,0.992534
25.012000,-0.307201,0.007813,1.074757,0.000834,-0.000180,-0.006073,0.000055,-0.000001,1.570307,-0.300000,1.000000,1.100000,0.000000,0.000000,-1.571000,0.007201,0.992187,0.025243,0.992534
25.014000,-0.307199,0.007812,1.074744,0.000835,-0.000180,-0.006073,0.000059,-0.000001,1.570307,-0.300000,1.000000,1.100000,0.000000,0.000000,-1.571000,0.007199,0.992188,0.025256,0.992535
25.016000,-0.307198,0.007812,1.074732,0.000836,-0.000180,-0.006074,0.000063,-0.000001,1.570307,-0.300000,1.000000,1.100000,0.000000,0.000000,-1.571000,0.007198,0.992188,0.025268,0.992536
25.018000,-0.307196,0.007812,1.074720,0.000838,-0.000180,-0.006074,0.000067,-0.000001,1.570307,-0.300000,1.000000,1.100000,0.000000,0.000000,-1.571000,0.007196,0.992188,0.025280,0.992536
25.020000,-0.307194,0.007811,1.074708,0.000839,-0.000180,-0.006075,0.000072,-0.000001,1.570307,-0.300000,1.000000,1.100000,0.000000,0.000000,-1.571000,0.007194,0.992189,0.025292,0.992537
25.022000,-0.307193,0.007811,1.074696,0.000840,-0.000180,-0.006076,0.000076,-0.000000,1.570307,-0.300000,1.000000,1.100000,0.000000,0.000000,-1.571000,0.007193,0.992189,0.025304,0.992538
25.024000,-0.307191,0.007811,1.074684,0.000842,-0.000180,-0.006078,0.000080,-0.000000,1.570306,-0.300000,1.000000,1.100000,0.000000,0.000000,-1.571000,0.007191,0.992189,0.025316,0.992538
25.026000,-0.307189,0.007810,1.074672,0.000843,-0.000180,-0.006079,0.000085,0.000000,1.570306,-0.300000,1.000000,1.100000,0.000000,0.000000,-1.571000,0.007189,0.992190,0.025328,0.992539
25.028000,-0.307188,0.007810,1.074659,0.000845,-0.000180,-0.006081,0.000089,0.000001,1.570306,-0.300000,1.000000,1.100000,0.000000,0.000000,-1.571000,0.007188,0.992190,0.025341,0.992540
25.030000,-0.307186,0.007809,1.074647,0.000847,-0.000180,-0.006082,0.000094,0.000001,1.570306,-0.300000,1.000000,1.100000,0.000000,0.000000,-1.571000,0.007186,0.992191,0.025353,0.992540
25.032000,-0.307184,0.007809,1.074635,0.000849,-0.000180,-0.006084,0.000098,0.000002,1.570306,-0.300000,1.000000,1.100000,0.000000,0.000000,-1.571000,0.007184,0.992191,0.025365,0.992541
25.034000,-0.307183,0.007809,1.074623,0.000851,-0.000180,-0.006086,0.000103,0.000003,1.570306,-0.300000,1.000000,1.100000,0.000000,0.000000,-1.571000,0.007183,0.992191,0.025377,0.992542
25.036000,-0.307181,0.007808,1.074611,0.000853,-0.000180,-0.006089,0.000107,0.000004,1.570306,-0.300000,1.000000,1.100000,0.000000,0.000000,-1.571000,0.007181,0.992192,0.025389,0.992542
25.038000,-0.307179,0.007808,1.074599,0.000855,-0.000180,-0.006091,0.000112,0.000005,1.570306,-0.300000,1.000000,1.100000,0.000000,0.000000,-1.571000,0.007179,0.992192,0.025401,0.992543
25.040000,-0.307177,0.007808,1.074586,0.000857,-0.000180,-0.006093,0.000117,0.000006,1.570306,-0.300000,1.000000,1.100000,0.000000,0.000000,-1.571000,0.007177,0.992192,0.025414,0.992544
25.042000,-0.307176,0.007807,1.074574,0.000859,-0.000180,-0.006096,0.000121,0.000007,1.570306,-0.300000,1.000000,1.100000,0.000000,0.000000,-1.571000,0.007176,0.992193,0.025426,0.992544
25.044000,-0.307174,0.007807,1.074562,0.000862,-0.000180,-0.006098,0.000126,0.000009,1.570306,-0.300000,1.000000,1.100000,0.000000,0.000000,-1.571000,0.007174,0.992193,0.025438,0.992545
25.046000,-0.307172,0.007807,1.074550,0.000864,-0.000180,-0.006101,0.000131,0.000010,1.570306,-0.300000,1.000000,1.100000,0.000000,0.000000,-1.571000,0.007172,0.992193,0.025450,0.992546
25.048000,-0.307171,0.007806,1.074538,0.000867,-0.000180,-0.006103,0.000135,0.000012,1.570306,-0.300000,1.000000,1.100000,0.000000,0.000000,-1.571000,0.007171,0.992194,0.025462,0.992546
25.050000,-0.307169,0.007806,1.074525,0.000870,-0.000179,-0.006105,0.000140,0.000014,1.570306,-0.300000,1.000000,1.100000,0.000000,0.000000,-1.571000,0.007169,0.992194,0.025475,0.992547
25.052000,-0.307167,0.007806,1.074513,0.000872,-0.000179,-0.006107,0.000145,0.000016,1.570306,-0.300000,1.000000,1.100000,0.000000,0.000000,-1.571000,0.007167,0.992194,0.025487,0.992548
25.054000,-0.307165,0.007805,1.074501,0.000875,-0.000179,-0.006109,0.000149,0.000018,1.570306,-0.300000,1.000000,1.100000,0.000000,0.000000,-1.571000,0.007165,0.992195,0.025499,0.992548
25.056000,-0.307164,0.007805,1.074489,0.000878,-0.000178,-0.006111,0.000154,0.000021,1.570306,-0.300000,1.000000,1.100000,0.000000,0.000000,-1.571000,0.007164,0.992195,0.025511,0.992549
25.058000,-0.307162,0.007804,1.074477,0.000881,-0.000178,-0.006113,0.000158,0.000023,1.570306,-0.300000,1.000000,1.100000,0.000000,0.000000,-1.571000,0.007162,0.992196,0.025523,0.992550
25.060000,-0.307160,0.007804,1.074464,0.000884,-0.000177,-0.006114,0.000162,0.000026,1.570306,-0.300000,1.000000,1.100000,0.000000,0.000000,-1.571000,0.007160,0.992196,0.025536,0.992550
25.062000,-0.307158,0.007804,1.074452,0.000887,-0.000177,-0.006115,0.000167,0.000028,1.570306,-0.300000,1.000000,1.100000,0.000000,0.000000,-1.571000,0.007158,0.992196,0.025548,0.992551
25.064000,-0.307156,0.007803,1.074440,0.000891,-0.000176,-0.006117,0.000171,0.000031,1.570306,-0.300000,1.000000,1.100000,0.000000,0.000000,-1.571000,0.007156,0.992197,0.025560,0.992552
25.066000,-0.307155,0.007803,1.074428,0.000894,-0.000176,-0.006118,0.000175,0.000035,1.570306,-0.300000,1.000000,1.100000,0.000000,0.000000,-1.571000,0.007155,0.992197,0.025572,0.992552
25.068000,-0.307153,0.007803,1.074415,0.000898,-0.000175,-0.006119,0.000179,0.000038,1.570306,-0.300000,1.000000,1.100000,0.000000,0.000000,-1.571000,0.007153,0.992197,0.025585,0.992553
25.070000,-0.307151,0.007802,1.074403,0.000901,-0.000174,-0.006120,0.000183,0.000041,1.570305,-0.300000,1.000000,1.100000,0.000000,0.000000,-1.571000,0.007151,0.992198,0.025597,0.992554
25.072000,-0.307149,0.007802,1.074391,0.000905,-0.000173,-0.006121,0.000187,0.000045,1.570305,-0.300000,1.000000,1.100000,0.000000,0.000000,-1.571000,0.007149,0.992198,0.025609,0.992554
25.074000,-0.307147,0.007802,1.074379,0.000908,-0.000173,-0.006122,0.000191,0.000048,1.570305,-0.300000,1.000000,1.100000,0.000000,0.000000,-1.571000,0.007147,0.992198,0.025621,0.992555
25.076000,-0.307146,0.007801,1.074366,0.000912,-0.000172,-0.006122,0.000195,0.000052,1.570305,-0.300000,1.000000,1.100000,0.000000,0.000000,-1.571000,0.007146,0.992199,0.025634,0.992556
25.078000,-0.307144,0.007801,1.074354,0.000916,-0.000171,-0.006123,0.000199,0.000056,1.570305,-0.300000,1.000000,1.100000,0.000000,0.000000,-1.571000,0.007144,0.992199,0.025646,0.992556
25.080000,-0.307142,0.007801,1.074342,0.000920,-0.000169,-0.006124,0.000203,0.000060,1.570305,-0.300000,1.000000,1.100000,0.000000,0.000000,-1.571000,0.007142,0.992199,0.025658,0.992557
25.082000,-0.307140,0.007800,1.074330,0.000924,-0.000168,-0.006125,0.000206,0.000064,1.570305,-0.300000,1.000000,1.100000,0.000000,0.000000,-1.571000,0.007140,0.992200,0.025670,0.992557
25.084000,-0.307138,0.007800,1.074317,0.000928,-0.000167,-0.006125,0.000210,0.000068,1.570305,-0.300000,1.000000,1.100000,0.000000,0.000000,-1.571000,0.007138,0.992200,0.025683,0.992558
25.086000,-0.307136,0.007800,1.074305,0.000932,-0.000166,-0.006126,0.000213,0.000072,1.570305,-0.300000,1.000000,1.100000,0.000000,0.000000,-1.571000,0.007136,0.992200,0.025695,0.992559
25.088000,-0.307135,0.007799,1.074293,0.000936,-0.000164,-0.006126,0.000217,0.000076,1.570305,-0.300000,1.000000,1.100000,0.000000,0.000000,-1.571000,0.007135,0.992201,0.025707,0.992559
25.090000,-0.307133,0.007799,1.074281,0.000941,-0.000163,-0.006127,0.000220,0.000080,1.570305,-0.300000,1.000000,1.100000,0.000000,0.000000,-1.571000,0.007133,0.992201,0.025719,0.992560
25.092000,-0.307131,0.007799,1.074268,0.000945,-0.000161,-0.006127,0.000223,0.000085,1.570305,-0.300000,1.000000,1.100000,0.000000,0.000000,-1.571000,0.007131,0.992201,0.025732,0.992561
25.094000,-0.307129,0.007798,1.074256,0.000949,-0.000159,-0.006128,0.000226,0.000089,1.570305,-0.300000,1.000000,1.100000,0.000000,0.000000,-1.571000,0.007129,0.992202,0.025744,0.992561
25.096000,-0.307127,0.007798,1.074244,0.000954,-0.000158,-0.006128,0.000228,0.000093,1.570305,-0.300000,1.000000,1.100000,0.000000,0.000000,-1.571000,0.007127,0.992202,0.025756,0.992562
25.098000,-0.307125,0.007798,1.074232,0.000958,-0.000156,-0.006129,0.000231,0.000098,1.570305,-0.300000,1.000000,1.100000,0.000000,0.000000,-1.571000,0.007125,0.992202,0.025768,0.992562
25.100000,-0.307123,0.007797,1.074219,0.000963,-0.000154,-0.006129,0.000233,0.000102,1.570305,-0.300000,1.000000,1.100000,0.000000,0.000000,-1.571000,0.007123,0.992203,0.025781,0.992563
25.102000,-0.307121,0.007797,1.074207,0.000967,-0.000152,-0.006129,0.000235,0.000107,1.570305,-0.300000,1.000000,1.100000,0.000000,0.000000,-1.571000,0.007121,0.992203,0.025793,0.992564
25.104000,-0.307119,0.007797,1.074195,0.000972,-0.000150,-0.006129,0.000237,0.000111,1.570305,-0.300000,1.000000,1.100000,0.000000,0.000000,-1.571000,0.007119,0.992203,0.025805,0.992564
25.106000,-0.307117,0.007796,1.074183,0.000977,-0.000148,-0.006128,0.000239,0.000115,1.570305,-0.300000,1.000000,1.100000,0.000000,0.000000,-1.571000,0.007117,0.992204,0.025817,0.992565
25.108000,-0.307115,0.007796,1.074170,0.000981,-0.000145,-0.006127,0.000241,0.000119,1.570305,-0.300000,1.000000,1.100000,0.000000,0.000000,-1.571000,0.007115,0.992204,0.025830,0.992565
25.110000,-0.307113,0.007796,1.074158,0.000986,-0.000143,-0.006125,0.000242,0.000124,1.570305,-0.300000,1.000000,1.100000,0.000000,0.000000,-1.571000,0.007113,0.992204,0.025842,0.992566
25.112000,-0.307111,0.007796,1.074146,0.000991,-0.000140,-0.006122,0.000243,0.000128,1.570305,-0.300000,1.000000,1.100000,0.000000,0.000000,-1.571000,0.007111,0.992204,0.025854,0.992567
25.114000,-0.307109,0.007795,1.074134,0.000996,-0.000138,-0.006118,0.000244,0.000132,1.570305,-0.300000,1.000000,1.100000,0.000000,0.000000,-1.571000,0.007109,0.992205,0.025866,0.992567
25.116000,-0.307107,0.007795,1.074121,0.001000,-0.000135,-0.006114,0.000245,0.000136,1.570305,-0.300000,1.000000,1.100000,0.000000,0.000000,-1.571000,0.007107,0.992205,0.025879,0.992568
25.118000,-0.307105,0.007795,1.074109,0.001005,-0.000133,-0.006110,0.000246,0.000140,1.570305,-0.300000,1.000000,1.100000,0.000000,0.000000,-1.571000,0.007105,0.992205,0.025891,0.992568
25.120000,-0.307103,0.007795,1.074097,0.001010,-0.000130,-0.006105,0.000246,0.000144,1.570305,-0.300000,1.000000,1.100000,0.000000,0.000000,-1.571000,0.007103,0.992205,0.025903,0.992569
25.122000,-0.307101,0.007794,1.074085,0.001015,-0.000127,-0.006100,0.000247,0.000148,1.570305,-0.300000,1.000000,1.100000,0.000000,0.000000,-1.571000,0.007101,0.992206,0.025915,0.992570
25.124000,-0.307099,0.007794,1.074073,0.001020,-0.000124,-0.006094,0.000247,0.000152,1.570305,-0.300000,1.000000,1.100000,0.000000,0.000000,-1.571000,0.007099,0.992206,0.025927,0.992570
25.126000,-0.307097,0.007794,1.074060,0.001025,-0.000121,-0.006089,0.000247,0.000156,1.570305,-0.300000,1.000000,1.100000,0.000000,0.000000,-1.571000,0.007097,0.992206,0.025940,0.992571
25.128000,-0.307095,0.007794,1.074048,0.001029,-0.000118,-0.006083,0.000246,0.000159,1.570305,-0.300000,1.000000,1.100000,0.000000,0.000000,-1.571000,0.007095,0.992206,0.025952,0.992571
25.130000,-0.307093,0.007793,1.074036,0.001034,-0.000115,-0.006077,0.000246,0.000163,1.570305,-0.300000,1.000000,1.100000,0.000000,0.000000,-1.571000,0.007093,0.992207,0.025964,0.992572
25.132000,-0.307091,0.007793,1.074024,0.001039,-0.000112,-0.006072,0.000246,0.000167,1.570306,-0.300000,1.000000,1.100000,0.000000,0.000000,-1.571000,0.007091,0.992207,0.025976,0.992572
25.134000,-0.307089,0.007793,1.074012,0.001044,-0.000108,-0.006066,0.000245,0.000170,1.570306,-0.300000,1.000000,1.100000,0.000000,0.000000,-1.571000,0.007089,0.992207,0.025988,0.992573
25.136000,-0.307087,0.007793,1.074000,0.001049,-0.000105,-0.006060,0.000244,0.000174,1.570306,-0.300000,1.000000,1.100000,0.000000,0.000000,-1.571000,0.007087,0.992207,0.026000,0.992573
25.138000,-0.307085,0.007792,1.073988,0.001053,-0.000102,-0.006055,0.000244,0.000177,1.570306,-0.300000,1.000000,1.100000,0.000000,0.000000,-1.571000,0.007085,0.992208,0.026012,0.992574
25.140000,-0.307083,0.007792,1.073975,0.001058,-0.000098,-0.006049,0.000243,0.000180,1.570306,-0.300000,1.000000,1.100000,0.000000,0.000000,-1.571000,0.007083,0.992208,0.026025,0.992574
25.142000,-0.307081,0.007792,1.073963,0.001063,-0.000095,-0.006043,0.000242,0.000184,1.570306,-0.300000,1.000000,1.100000,0.000000,0.000000,-1.571000,0.007081,0.992208,0.026037,0.992575
25.144000,-0.307078,0.007792,1.073951,0.001068,-0.000091,-0.006037,0.000240,0.000187,1.570306,-0.300000,1.000000,1.100000,0.000000,0.000000,-1.571000,0.007078,0.992208,0.026049,0.992575
25.146000,-0.307076,0.007792,1.073939,0.001072,-0.000087,-0.006032,0.000239,0.000190,1.570306,-0.300000,1.000000,1.100000,0.000000,0.000000,-1.571000,0.007076,0.992208,0.026061,0.992576
25.148000,-0.307074,0.007792,1.073927,0.001077,-0.000084,-0.006026,0.000238,0.000193,1.570306,-0.300000,1.000000,1.100000,0.000000,0.000000,-1.571000,0.007074,0.992208,0.026073,0.992576
25.150000,-0.307072,0.007791,1.073915,0.001082,-0.000080,-0.006020,0.000237,0.000196,1.570306,-0.300000,1.000000,1.100000,0.000000,0.000000,-1.571000,0.007072,0.992209,0.026085,0.992577
25.152000,-0.307070,0.007791,1.073903,0.001086,-0.000076,-0.006014,0.000235,0.000199,1.570306,-0.300000,1.000000,1.100000,0.000000,0.000000,-1.571000,0.007070,0.992209,0.026097,0.992577
25.154000,-0.307068,0.007791,1.073891,0.001091,-0.000072,-0.006009,0.000234,0.000202,1.570306,-0.300000,1.000000,1.100000,0.000000,0.000000,-1.571000,0.007068,0.992209,0.026109,0.992578
25.156000,-0.307065,0.007791,1.073879,0.001096,-0.000068,-0.006003,0.000232,0.000205,1.570307,-0.300000,1.000000,1.100000,0.000000,0.000000,-1.571000,0.007065,0.992209,0.026121,0.992578
25.158000,-0.307063,0.007791,1.073867,0.001100,-0.000064,-0.005997,0.000231,0.000207,1.570307,-0.300000,1.000000,1.100000,0.000000,0.000000,-1.571000,0.007063,0.992209,0.026133,0.992578
25.160000,-0.307061,0.007791,1.073855,0.001105,-0.000060,-0.005991,0.000229,0.000210,1.570307,-0.300000,1.000000,1.100000,0.000000,0.000000,-1.571000,0.007061,0.992209,0.026145,0.992579
25.162000,-0.307059,0.007791,1.073843,0.001109,-0.000056,-0.005985,0.000227,0.000213,1.570307,-0.300000,1.000000,1.100000,0.000000,0.000000,-1.571000,0.007059,0.992209,0.026157,0.992579
25.164000,-0.307057,0.007790,1.073831,0.001114,-0.000052,-0.005980,0.000225,0.000215,1.570307,-0.300000,1.000000,1.100000,0.000000,0.000000,-1.571000,0.007057,0.992210,0.026169,0.992580
25.166000,-0.307054,0.007790,1.073819,0.001118,-0.000047,-0.005974,0.000224,0.000218,1.570307,-0.300000,1.000000,1.100000,0.000000,0.000000,-1.571000,0.007054,0.992210,0.026181,0.992580
25.168000,-0.307052,0.007790,1.073807,0.001122,-0.000043,-0.005968,0.000222,0.000220,1.570308,-0.300000,1.000000,1.100000,0.000000,0.000000,-1.571000,0.007052,0.992210,0.026193,0.992580
25.170000,-0.307050,0.007790,1.073795,0.001127,-0.000039,-0.005962,0.000220,0.000222,1.570308,-0.300000,1.000000,1.100000,0.000000,0.000000,-1.571000,0.007050,0.992210,0.026205,0.992581
25.172000,-0.307048,0.007790,1.073783,0.001131,-0.000035,-0.005957,0.000218,0.000224,1.570308,-0.300000,1.000000,1.100000,0.000000,0.000000,-1.571000,0.007048,0.992210,0.026217,0.992581
25.174000,-0.307045,0.007790,1.073771,0.001135,-0.000030,-0.005951,0.000215,0.000227,1.570309,-0.300000,1.000000,1.100000,0.000000,0.000000,-1.571000,0.007045,0.992210,0.026229,0.992582
25.176000,-0.307043,0.007790,1.073760,0.001139,-0.000026,-0.005945,0.000213,0.000229,1.570309,-0.300000,1.000000,1.100000,0.000000,0.000000,-1.571000,0.007043,0.992210,0.026240,0.992582
25.178000,-0.307041,0.007790,1.073748,0.001144,-0.000021,-0.005939,0.000211,0.000231,1.570310,-0.300000,1.000000,1.100000,0.000000,0.000000,-1.571000,0.007041,0.992210,0.026252,0.992582
25.180000,-0.307038,0.007790,1.073736,0.001148,-0.000017,-0.005933,0.000208,0.000233,1.570310,-0.300000,1.000000,1.100000,0.000000,0.000000,-1.571000,0.007038,0.992210,0.026264,0.992583
25.182000,-0.307036,0.007790,1.073724,0.001152,-0.000012,-0.005928,0.000205,0.000235,1.570311,-0.300000,1.000000,1.100000,0.000000,0.000000,-1.571000,0.007036,0.992210,0.026276,0.992583
25.184000,-0.307034,0.007790,1.073712,0.001156,-0.000007,-0.005922,0.000203,0.000236,1.570311,-0.300000,1.000000,1.100000,0.000000,0.000000,-1.571000,0.007034,0.992210,0.026288,0.992583
25.186000,-0.307032,0.007790,1.073700,0.001160,-0.000003,-0.005916,0.000200,0.000238,1.570312,-0.300000,1.000000,1.100000,0.000000,0.000000,-1.571000,0.007032,0.992210,0.026300,0.992584
25.188000,-0.307029,0.007790,1.073688,0.001164,0.000002,-0.005910,0.000197,0.000240,1.570313,-0.300000,1.000000,1.100000,0.000000,0.000000,-1.571000,0.007029,0.992210,0.026312,0.992584
25.190000,-0.307027,0.007790,1.073677,0.001168,0.000007,-0.005904,0.000194,0.000241,1.570314,-0.300000,1.000000,1.100000,0.000000,0.000000,-1.571000,0.007027,0.992210,0.026323,0.992584
25.192000,-0.307025,0.007790,1.073665,0.001171,0.000011,-0.005899,0.000190,0.000243,1.570314,-0.300000,1.000000,1.100000,0.000000,0.000000,-1.571000,0.007025,0.992210,0.026335,0.992584
25.194000,-0.307022,0.007790,1.073653,0.001175,0.000016,-0.005893,0.000187,0.000244,1.570315,-0.300000,1.000000,1.100000,0.000000,0.000000,-1.571000,0.007022,0.992210,0.026347,0.992585
25.196000,-0.307020,0.007790,1.073641,0.001179,0.000021,-0.005887,0.000184,0.000246,1.570316,-0.300000,1.000000,1.100000,0.000000,0.000000,-1.571000,0.007020,0.992210,0.026359,0.992585
25.198000,-0.307017,0.007790,1.073630,0.001182,0.000026,-0.005881,0.000180,0.000247,1.570317,-0.300000,1.000000,1.100000,0.000000,0.000000,-1.571000,0.007017,0.992210,0.026370,0.992585
25.200000,-0.307015,0.007790,1.073618,0.001186,0.000031,-0.005876,0.000177,0.000248,1.570318,-0.300000,1.000000,1.100000,0.000000,0.000000,-1.571000,0.007015,0.992210,0.026382,0.992585
25.202000,-0.307013,0.007790,1.073606,0.001189,0.000035,-0.005870,0.000173,0.000248,1.570319,-0.300000,1.000000,1.100000,0.000000,0.000000,-1.571000,0.007013,0.992210,0.026394,0.992586
25.204000,-0.307010,0.007790,1.073594,0.001193,0.000040,-0.005864,0.000170,0.000249,1.570319,-0.300000,1.000000,1.100000,0.000000,0.000000,-1.571000,0.007010,0.992210,0.026406,0.992586
25.206000,-0.307008,0.007790,1.073583,0.001196,0.000045,-0.005858,0.000166,0.000249,1.570320,-0.300000,1.000000,1.100000,0.000000,0.000000,-1.571000,0.007008,0.992210,0.026417,0.992586
25.208000,-0.307006,0.007790,1.073571,0.001199,0.000050,-0.005852,0.000162,0.000250,1.570321,-0.300000,1.000000,1.100000,0.000000,0.000000,-1.571000,0.007006,0.992210,0.026429,0.992586
25.210000,-0.307003,0.007791,1.073559,0.001202,0.000055,-0.005847,0.000158,0.000249,1.570322,-0.300000,1.000000,1.100000,0.000000,0.000000,-1.571000,0.007003,0.992209,0.026441,0.992586
25.212000,-0.307001,0.007791,1.073547,0.001205,0.000060,-0.005841,0.000155,0.000249,1.570322,-0.300000,1.000000,1.100000,0.000000,0.000000,-1.571000,0.007001,0.992209,0.026453,0.992587
25.214000,-0.306998,0.007791,1.073536,0.001208,0.000065,-0.005835,0.000151,0.000248,1.570323,-0.300000,1.000000,1.100000,0.000000,0.000000,-1.571000,0.006998,0.992209,0.026464,0.992587
25.216000,-0.306996,0.007791,1.073524,0.001211,0.000070,-0.005829,0.000147,0.000248,1.570324,-0.300000,1.000000,1.100000,0.000000,0.000000,-1.571000,0.006996,0.992209,0.026476,0.992587
25.218000,-0.306993,0.007791,1.073512,0.001214,0.000074,-0.005824,0.000143,0.000246,1.570324,-0.300000,1.000000,1.100000,0.000000,0.000000,-1.571000,0.006993,0.992209,0.026488,0.992587
25.220000,-0.306991,0.007791,1.073501,0.001217,0.000079,-0.005818,0.000139,0.000245,1.570325,-0.300000,1.000000,1.100000,0.000000,0.000000,-1.571000,0.006991,0.992209,0.026499,0.992587
25.222000,-0.306989,0.007791,1.073489,0.001220,0.000084,-0.005812,0.000135,0.000243,1.570326,-0.300000,1.000000,1.100000,0.000000,0.000000,-1.571000,0.006989,0.992209,0.026511,0.992587
25.224000,-0.306986,0.007792,1.073478,0.001222,0.000089,-0.005806,0.000131,0.000241,1.570326,-0.300000,1.000000,1.100000,0.000000,0.000000,-1.571000,0.006986,0.992208,0.026522,0.992587
25.226000,-0.306984,0.007792,1.073466,0.001225,0.000093,-0.005801,0.000127,0.000239,1.570327,-0.300000,1.000000,1.100000,0.000000,0.000000,-1.571000,0.006984,0.992208,0.026534,0.992588
25.228000,-0.306981,0.007792,1.073454,0.001227,0.000098,-0.005795,0.000123,0.000237,1.570327,-0.300000,1.000000,1.100000,0.000000,0.000000,-1.571000,0.006981,0.992208,0.026546,0.992588
25.230000,-0.306979,0.007792,1.073443,0.001230,0.000103,-0.005789,0.000119,0.000234,1.570327,-0.300000,1.000000,1.100000,0.000000,0.000000,-1.571000,0.006979,0.992208,0.026557,0.992588
25.232000,-0.306976,0.007792,1.073431,0.001232,0.000107,-0.005783,0.000115,0.000231,1.570328,-0.300000,1.000000,1.100000,0.000000,0.000000,-1.571000,0.006976,0.992208,0.026569,0.992588
25.234000,-0.306974,0.007793,1.073420,0.001234,0.000112,-0.005778,0.000111,0.000227,1.570328,-0.300000,1.000000,1.100000,0.000000,0.000000,-1.571000,0.006974,0.992207,0.026580,0.992588
25.236000,-0.306971,0.007793,1.073408,0.001236,0.000116,-0.005772,0.000107,0.000224,1.570328,-0.300000,1.000000,1.100000,0.000000,0.000000,-1.571000,0.006971,0.992207,0.026592,0.992588
25.238000,-0.306969,0.007793,1.073397,0.001239,0.000121,-0.005766,0.000103,0.000220,1.570329,-0.300000,1.000000,1.100000,0.000000,0.000000,-1.571000,0.006969,0.992207,0.026603,0.992588
25.240000,-0.306966,0.007793,1.073385,0.001241,0.000125,-0.005760,0.000098,0.000216,1.570329,-0.300000,1.000000,1.100000,0.000000,0.000000,-1.571000,0.006966,0.992207,0.026615,0.992588
25.242000,-0.306964,0.007794,1.073374,0.001242,0.000129,-0.005754,0.000094,0.000212,1.570329,-0.300000,1.000000,1.100000,0.000000,0.000000,-1.571000,0.006964,0.992206,0.026626,0.992588
25.244000,-0.306961,0.007794,1.073362,0.001244,0.000133,-0.005749,0.000090,0.000208,1.570329,-0.300000,1.000000,1.100000,0.000000,0.000000,-1.571000,0.006961,0.992206,0.026638,0.992588
25.246000,-0.306959,0.007794,1.073351,0.001246,0.000137,-0.005743,0.000086,0.000204,1.570329,-0.300000,1.000000,1.100000,0.000000,0.000000,-1.571000,0.006959,0.992206,0.026649,0.992588
25.248000,-0.306957,0.007794,1.073339,0.001248,0.000141,-0.005737,0.000082,0.000199,1.570330,-0.300000,1.000000,1.100000,0.000000,0.000000,-1.571000,0.006957,0.992206,0.026661,0.992588
25.250000,-0.306954,0.007795,1.073328,0.001249,0.000145,-0.005731,0.000078,0.000194,1.570330,-0.300000,1.000000,1.100000,0.000000,0.000000,-1.571000,0.006954,0.992205,0.026672,0.992588
25.252000,-0.306952,0.007795,1.073316,0.001251,0.000149,-0.005726,0.000074,0.000189,1.570330,-0.300000,1.000000,1.100000,0.000000,0.000000,-1.571000,0.006952,0.992205,0.026684,0.992588
25.254000,-0.306949,0.007795,1.073305,0.001252,0.000153,-0.005720,0.000069,0.000184,1.570330,-0.300000,1.000000,1.100000,0.000000,0.000000,-1.571000,0.006949,0.992205,0.026695,0.992588
25.256000,-0.306946,0.007796,1.073293,0.001254,0.000156,-0.005714,0.000065,0.000179,1.570329,-0.300000,1.000000,1.100000,0.000000,0.000000,-1.571000,0.006946,0.992204,0.026707,0.992588
25.258000,-0.306944,0.007796,1.073282,0.001255,0.000160,-0.005708,0.000061,0.000174,1.570329,-0.300000,1.000000,1.100000,0.000000,0.000000,-1.571000,0.006944,0.992204,0.026718,0.992588
25.260000,-0.306941,0.007796,1.073270,0.001256,0.000163,-0.005702,0.000057,0.000169,1.570329,-0.300000,1.000000,1.100000,0.000000,0.000000,-1.571000,0.006941,0.992204,0.026730,0.992588
25.262000,-0.306939,0.007797,1.073259,0.001257,0.000166,-0.005697,0.000053,0.000164,1.570329,-0.300000,1.000000,1.100000,0.000000,0.000000,-1.571000,0.006939,0.992203,0.026741,0.992588
25.264000,-0.306936,0.007797,1.073248,0.001258,0.000170,-0.005691,0.000049,0.000158,1.570329,-0.300000,1.000000,1.100000,0.000000,0.000000,-1.571000,0.006936,0.992203,0.026752,0.992588
25.266000,-0.306934,0.007797,1.073236,0.001259,0.000173,-0.005685,0.000044,0.000153,1.570329,-0.300000,1.000000,1.100000,0.000000,0.000000,-1.571000,0.006934,0.992203,0.026764,0.992588
25.268000,-0.306931,0.007798,1.073225,0.001260,0.000176,-0.005679,0.000040,0.000148,1.570328,-0.300000,1.000000,1.100000,0.000000,0.000000,-1.571000,0.006931,0.992202,0.026775,0.992588
25.270000,-0.306929,0.007798,1.073214,0.001261,0.000179,-0.005673,0.000036,0.000142,1.570328,-0.300000,1.000000,1.100000,0.000000,0.000000,-1.571000,0.006929,0.992202,0.026786,0.992588
25.272000,-0.306926,0.007798,1.073202,0.001261,0.000181,-0.005668,0.000032,0.000137,1.570328,-0.300000,1.000000,1.100000,0.000000,0.000000,-1.571000,0.006926,0.992202,0.026798,0.992588
25.274000,-0.306924,0.007799,1.073191,0.001262,0.000184,-0.005662,0.000028,0.000132,1.570328,-0.300000,1.000000,1.100000,0.000000,0.000000,-1.571000,0.006924,0.992201,0.026809,0.992588
25.276000,-0.306921,0.007799,1.073180,0.001262,0.000187,-0.005656,0.000024,0.000126,1.570327,-0.300000,1.000000,1.100000,0.000000,0.000000,-1.571000,0.006921,0.992201,0.026820,0.992588
25.278000,-0.306919,0.007799,1.073168,0.001263,0.000189,-0.005650,0.000020,0.000121,1.570327,-0.300000,1.000000,1.100000,0.000000,0.000000,-1.571000,0.006919,0.992201,0.026832,0.992587
25.280000,-0.306916,0.007800,1.073157,0.001263,0.000191,-0.005644,0.000016,0.000116,1.570327,-0.300000,1.000000,1.100000,0.000000,0.000000,-1.571000,0.006916,0.992200,0.026843,0.992587
25.282000,-0.306914,0.007800,1.073146,0.001264,0.000194,-0.005638,0.000012,0.000111,1.570326,-0.300000,1.000000,1.100000,0.000000,0.000000,-1.571000,0.006914,0.992200,0.026854,0.992587
25.284000,-0.306911,0.007801,1.073135,0.001264,0.000196,-0.005633,0.000008,0.000106,1.570326,-0.300000,1.000000,1.100000,0.000000,0.000000,-1.571000,0.006911,0.992199,0.026865,0.992587
25.286000,-0.306909,0.007801,1.073123,0.001264,0.000198,-0.005627,0.000005,0.000101,1.570325,-0.300000,1.000000,1.100000,0.000000,0.000000,-1.571000,0.006909,0.992199,0.026877,0.992587
25.288000,-0.306906,0.007801,1.073112,0.001264,0.000200,-0.005621,0.000001,0.000096,1.570325,-0.300000,1.000000,1.100000,0.000000,0.000000,-1.571000,0.006906,0.992199,0.026888,0.992587
25.290000,-0.306904,0.007802,1.073101,0.001264,0.000202,-0.005615,-0.000003,0.000091,1.570325,-0.300000,1.000000,1.100000,0.000000,0.000000,-1.571000,0.006904,0.992198,0.026899,0.992587
25.292000,-0.306901,0.007802,1.073090,0.001264,0.000203,-0.005609,-0.000006,0.000086,1.570324,-0.300000,1.000000,1.100000,0.000000,0.000000,-1.571000,0.006901,0.992198,0.026910,0.992587
25.294000,-0.306899,0.007803,1.073078,0.001264,0.000205,-0.005604,-0.000010,0.000081,1.570324,-0.300000,1.000000,1.100000,0.000000,0.000000,-1.571000,0.006899,0.992197,0.026922,0.992587
25.296000,-0.306896,0.007803,1.073067,0.001264,0.000207,-0.005598,-0.000013,0.000077,1.570323,-0.300000,1.000000,1.100000,0.000000,0.000000,-1.571000,0.006896,0.992197,0.026933,0.992586
25.298000,-0.306894,0.007803,1.073056,0.001263,0.000208,-0.005592,-0.000017,0.000072,1.570323,-0.300000,1.000000,1.100000,0.000000,0.000000,-1.571000,0.006894,0.992197,0.026944,0.992586
25.300000,-0.306891,0.007804,1.073045,0.001263,0.000209,-0.005586,-0.000020,0.000068,1.570323,-0.300000,1.000000,1.100000,0.000000,0.000000,-1.571000,0.006891,0.992196,0.026955,0.992586
25.302000,-0.306888,0.007804,1.073034,0.001263,0.000211,-0.005580,-0.000023,0.000064,1.570322,-0.300000,1.000000,1.100000,0.000000,0.000000,-1.571000,0.006888,0.992196,0.026966,0.992586
25.304000,-0.306886,0.007805,1.073022,0.001262,0.000212,-0.005575,-0.000026,0.000059,1.570322,-0.300000,1.000000,1.100000,0.000000,0.000000,-1.571000,0.006886,0.992195,0.026978,0.992586
25.306000,-0.306883,0.007805,1.073011,0.001262,0.000213,-0.005569,-0.000029,0.000056,1.570321,-0.300000,1.000000,1.100000,0.000000,0.000000,-1.571000,0.006883,0.992195,0.026989,0.992586
25.308000,-0.306881,0.007806,1.073000,0.001261,0.000214,-0.005563,-0.000032,0.000052,1.570321,-0.300000,1.000000,1.100000,0.000000,0.000000,-1.571000,0.006881,0.992194,0.027000,0.992586
25.310000,-0.306878,0.007806,1.072989,0.001260,0.000215,-0.005557,-0.000035,0.000048,1.570321,-0.300000,1.000000,1.100000,0.000000,0.000000,-1.571000,0.006878,0.992194,0.027011,0.992585
25.312000,-0.306876,0.007806,1.072978,0.001260,0.000216,-0.005551,-0.000037,0.000044,1.570320,-0.300000,1.000000,1.100000,0.000000,0.000000,-1.571000,0.006876,0.992194,0.027022,0.992585
25.314000,-0.306873,0.007807,1.072967,0.001259,0.000217,-0.005545,-0.000040,0.000041,1.570320,-0.300000,1.000000,1.100000,0.000000,0.000000,-1.571000,0.006873,0.992193,0.027033,0.992585
25.316000,-0.306871,0.007807,1.072956,0.001258,0.000218,-0.005540,-0.000042,0.000038,1.570320,-0.300000,1.000000,1.100000,0.000000,0.000000,-1.571000,0.006871,0.992193,0.027044,0.992585
25.318000,-0.306868,0.007808,1.072945,0.001257,0.000218,-0.005534,-0.000044,0.000035,1.570319,-0.300000,1.000000,1.100000,0.000000,0.000000,-1.571000,0.006868,0.992192,0.027055,0.992585
25.320000,-0.306866,0.007808,1.072934,0.001256,0.000219,-0.005528,-0.000046,0.000032,1.570319,-0.300000,1.000000,1.100000,0.000000,0.000000,-1.571000,0.006866,0.992192,0.027066,0.992585
25.322000,-0.306863,0.007809,1.072923,0.001255,0.000220,-0.005522,-0.000047,0.000029,1.570318,-0.300000,1.000000,1.100000,0.000000,0.000000,-1.571000,0.006863,0.992191,0.027077,0.992585
25.324000,-0.306861,0.007809,1.072912,0.001255,0.000220,-0.005516,-0.000049,0.000026,1.570318,-0.300000,1.000000,1.100000,0.000000,0.000000,-1.571000,0.006861,0.992191,0.027088,0.992584
25.326000,-0.306858,0.007809,1.072901,0.001254,0.000221,-0.005511,-0.000050,0.000023,1.570318,-0.300000,1.000000,1.100000,0.000000,0.000000,-1.571000,0.006858,0.992191,0.027099,0.992584
25.328000,-0.306856,0.007810,1.072890,0.001253,0.000221,-0.005505,-0.000052,0.000021,1.570317,-0.300000,1.000000,1.100000,0.000000,0.000000,-1.571000,0.006856,0.992190,0.027110,0.992584
25.330000,-0.306853,0.007810,1.072879,0.001252,0.000222,-0.005499,-0.000053,0.000018,1.570317,-0.300000,1.000000,1.100000,0.000000,0.000000,-1.571000,0.006853,0.992190,0.027121,0.992584
25.332000,-0.306851,0.007811,1.072868,0.001251,0.000222,-0.005493,-0.000054,0.000016,1.570317,-0.300000,1.000000,1.100000,0.000000,0.000000,-1.571000,0.006851,0.992189,0.027132,0.992584
25.334000,-0.306848,0.007811,1.072857,0.001249,0.000222,-0.005487,-0.000055,0.000013,1.570316,-0.300000,1.000000,1.100000,0.000000,0.000000,-1.571000,0.006848,0.992189,0.027143,0.992584
25.336000,-0.306846,0.007812,1.072846,0.001248,0.000223,-0.005481,-0.000055,0.000011,1.570316,-0.300000,1.000000,1.100000,0.000000,0.000000,-1.571000,0.006846,0.992188,0.027154,0.992583
25.338000,-0.306843,0.007812,1.072835,0.001247,0.000223,-0.005476,-0.000056,0.000009,1.570316,-0.300000,1.000000,1.100000,0.000000,0.000000,-1.571000,0.006843,0.992188,0.027165,0.992583
25.340000,-0.306841,0.007813,1.072824,0.001246,0.000223,-0.005470,-0.000056,0.000007,1.570316,-0.300000,1.000000,1.100000,0.000000,0.000000,-1.571000,0.006841,0.992187,0.027176,0.992583
25.342000,-0.306838,0.007813,1.072813,0.001245,0.000223,-0.005464,-0.000057,0.000005,1.570315,-0.300000,1.000000,1.100000,0.000000,0.000000,-1.571000,0.006838,0.992187,0.027187,0.992583
25.344000,-0.306836,0.007813,1.072802,0.001244,0.000223,-0.005458,-0.000057,0.000004,1.570315,-0.300000,1.000000,1.100000,0.000000,0.000000,-1.571000,0.006836,0.992187,0.027198,0.992583
25.346000,-0.306833,0.007814,1.072791,0.001243,0.000223,-0.005452,-0.000057,0.000002,1.570315,-0.300000,1.000000,1.100000,0.000000,0.000000,-1.571000,0.006833,0.992186,0.027209,0.992583
25.348000,-0.306831,0.007814,1.072780,0.001242,0.000223,-0.005447,-0.000057,0.000000,1.570315,-0.300000,1.000000,1.100000,0.000000,0.000000,-1.571000,0.006831,0.992186,0.027220,0.992582
25.350000,-0.306828,0.007815,1.072769,0.001241,0.000223,-0.005441,-0.000057,-0.000001,1.570314,-0.300000,1.000000,1.100000,0.000000,0.000000,-1.571000,0.006828,0.992185,0.027231,0.992582
25.352000,-0.306826,0.007815,1.072758,0.001240,0.000223,-0.005435,-0.000057,-0.000003,1.570314,-0.300000,1.000000,1.100000,0.000000,0.000000,-1.571000,0.006826,0.992185,0.027242,0.992582
25.354000,-0.306823,0.007816,1.072747,0.001238,0.000223,-0.005429,-0.000056,-0.000005,1.570314,-0.300000,1.000000,1.100000,0.000000,0.000000,-1.571000,0.006823,0.992184,0.027253,0.992582
25.356000,-0.306821,0.007816,1.072737,0.001237,0.000223,-0.005423,-0.000056,-0.000006,1.570314,-0.300000,1.000000,1.100000,0.000000,0.000000,-1.571000,0.006821,0.992184,0.027263,0.992582
25.358000,-0.306818,0.007817,1.072726,0.001236,0.000223,-0.005418,-0.000055,-0.000008,1.570314,-0.300000,1.000000,1.100000,0.000000,0.000000,-1.571000,0.006818,0.992183,0.027274,0.992582
25.360000,-0.306816,0.007817,1.072715,0.001235,0.000223,-0.005412,-0.000054,-0.000010,1.570314,-0.300000,1.000000,1.100000,0.000000,0.000000,-1.571000,0.006816,0.992183,0.027285,0.992582
25.362000,-0.306813,0.007817,1.072704,0.001234,0.000223,-0.005406,-0.000053,-0.000011,1.570314,-0.300000,1.000000,1.100000,0.000000,0.000000,-1.571000,0.006813,0.992183,0.027296,0.992581
25.364000,-0.306811,0.007818,1.072693,0.001233,0.000222,-0.005400,-0.000052,-0.000013,1.570314,-0.300000,1.000000,1.100000,0.000000,0.000000,-1.571000,0.006811,0.992182,0.027307,0.992581
25.366000,-0.306809,0.007818,1.072683,0.001232,0.000222,-0.005394,-0.000051,-0.000015,1.570314,-0.300000,1.000000,1.100000,0.000000,0.000000,-1.571000,0.006809,0.992182,0.027317,0.992581
25.368000,-0.306806,0.007819,1.072672,0.001231,0.000222,-0.005389,-0.000050,-0.000017,1.570314,-0.300000,1.000000,1.100000,0.000000,0.000000,-1.571000,0.006806,0.992181,0.027328,0.992581
25.370000,-0.306804,0.007819,1.072661,0.001230,0.000221,-0.005383,-0.000049,-0.000020,1.570314,-0.300000,1.000000,1.100000,0.000000,0.000000,-1.571000,0.006804,0.992181,0.027339,0.992581
25.372000,-0.306801,0.007820,1.072650,0.001229,0.000221,-0.005378,-0.000047,-0.000022,1.570314,-0.300000,1.000000,1.100000,0.000000,0.000000,-1.571000,0.006801,0.992180,0.027350,0.992581
25.374000,-0.306799,0.007820,1.072639,0.001228,0.000221,-0.005372,-0.000046,-0.000024,1.570314,-0.300000,1.000000,1.100000,0.000000,0.000000,-1.571000,0.006799,0.992180,0.027361,0.992580
25.376000,-0.306796,0.007821,1.072629,0.001227,0.000220,-0.005368,-0.000044,-0.000027,1.570314,-0.300000,1.000000,1.100000,0.000000,0.000000,-1.571000,0.006796,0.992179,0.027371,0.992580
25.378000,-0.306794,0.007821,1.072618,0.001226,0.000220,-0.005363,-0.000043,-0.000029,1.570315,-0.300000,1.000000,1.100000,0.000000,0.000000,-1.571000,0.006794,0.992179,0.027382,0.992580
25.380000,-0.306791,0.007821,1.072607,0.001226,0.000219,-0.005358,-0.000041,-0.000032,1.570315,-0.300000,1.000000,1.100000,0.000000,0.000000,-1.571000,0.006791,0.992179,0.027393,0.992580
25.382000,-0.306789,0.007822,1.072597,0.001225,0.000218,-0.005354,-0.000040,-0.000035,1.570315,-0.300000,1.000000,1.100000,0.000000,0.000000,-1.571000,0.006789,0.992178,0.027403,0.992580
25.384000,-0.306786,0.007822,1.072586,0.001224,0.000218,-0.005350,-0.000038,-0.000038,1.570316,-0.300000,1.000000,1.100000,0.000000,0.000000,-1.571000,0.006786,0.992178,0.027414,0.992580
25.386000,-0.306784,0.007823,1.072575,0.001223,0.000217,-0.005346,-0.000036,-0.000041,1.570316,-0.300000,1.000000,1.100000,0.000000,0.000000,-1.571000,0.006784,0.992177,0.027425,0.992579
25.388000,-0.306782,0.007823,1.072564,0.001223,0.000216,-0.005342,-0.000035,-0.000044,1.570317,-0.300000,1.000000,1.100000,0.000000,0.000000,-1.571000,0.006782,0.992177,0.027436,0.992579
25.390000,-0.306779,0.007824,1.072554,0.001222,0.000215,-0.005338,-0.000033,-0.000047,1.570318,-0.300000,1.000000,1.100000,0.000000,0.000000,-1.571000,0.006779,0.992176,0.027446,0.992579
25.392000,-0.306777,0.007824,1.072543,0.001221,0.000214,-0.005334,-0.000031,-0.000051,1.570318,-0.300000,1.000000,1.100000,0.000000,0.000000,-1.571000,0.006777,0.992176,0.027457,0.992579
25.394000,-0.306774,0.007824,1.072532,0.001221,0.000213,-0.005330,-0.000029,-0.000054,1.570319,-0.300000,1.000000,1.100000,0.000000,0.000000,-1.571000,0.006774,0.992176,0.027468,0.992579
25.396000,-0.306772,0.007825,1.072522,0.001220,0.000212,-0.005327,-0.000027,-0.000058,1.570320,-0.300000,1.000000,1.100000,0.000000,0.000000,-1.571000,0.006772,0.992175,0.027478,0.992579
25.398000,-0.306769,0.007825,1.072511,0.001220,0.000211,-0.005323,-0.000025,-0.000062,1.570320,-0.300000,1.000000,1.100000,0.000000,0.000000,-1.571000,0.006769,0.992175,0.027489,0.992579
25.400000,-0.306767,0.007826,1.072501,0.001219,0.000210,-0.005320,-0.000024,-0.000066,1.570321,-0.300000,1.000000,1.100000,0.000000,0.000000,-1.571000,0.006767,0.992174,0.027499,0.992578
25.402000,-0.306764,0.007826,1.072490,0.001219,0.000208,-0.005317,-0.000022,-0.000070,1.570322,-0.300000,1.000000,1.100000,0.000000,0.000000,-1.571000,0.006764,0.992174,0.027510,0.992578
25.404000,-0.306762,0.007827,1.072479,0.001218,0.000207,-0.005313,-0.000020,-0.000074,1.570323,-0.300000,1.000000,1.100000,0.000000,0.000000,-1.571000,0.006762,0.992173,0.027521,0.992578
25.406000,-0.306760,0.007827,1.072469,0.001218,0.000206,-0.005310,-0.000018,-0.000078,1.570324,-0.300000,1.000000,1.100000,0.000000,0.000000,-1.571000,0.006760,0.992173,0.027531,0.992578
25.408000,-0.306757,0.007827,1.072458,0.001218,0.000204,-0.005307,-0.000016,-0.000082,1.570325,-0.300000,1.000000,1.100000,0.000000,0.000000,-1.571000,0.006757,0.992173,0.027542,0.992578
25.410000,-0.306755,0.007828,1.072447,0.001217,0.000202,-0.005303,-0.000014,-0.000086,1.570326,-0.300000,1.000000,1.100000,0.000000,0.000000,-1.571000,0.006755,0.992172,0.027553,0.992578
25.412000,-0.306752,0.007828,1.072437,0.001217,0.000201,-0.005300,-0.000012,-0.000091,1.570326,-0.300000,1.000000,1.100000,0.000000,0.000000,-1.571000,0.006752,0.992172,0.027563,0.992578
25.414000,-0.306750,0.007829,1.072426,0.001217,0.000199,-0.005297,-0.000010,-0.000095,1.570327,-0.300000,1.000000,1.100000,0.000000,0.000000,-1.571000,0.006750,0.992171,0.027574,0.992577
25.416000,-0.306747,0.007829,1.072416,0.001217,0.000197,-0.005294,-0.000008,-0.000099,1.570328,-0.300000,1.000000,1.100000,0.000000,0.000000,-1.571000,0.006747,0.992171,0.027584,0.992577
25.418000,-0.306745,0.007829,1.072405,0.001217,0.000195,-0.005291,-0.000006,-0.000104,1.570329,-0.300000,1.000000,1.100000,0.000000,0.000000,-1.571000,0.006745,0.992171,0.027595,0.992577
25.420000,-0.306743,0.007830,1.072394,0.001216,0.000193,-0.005288,-0.000004,-0.000108,1.570330,-0.300000,1.000000,1.100000,0.000000,0.000000,-1.571000,0.006743,0.992170,0.027606,0.992577
25.422000,-0.306740,0.007830,1.072384,0.001216,0.000191,-0.005285,-0.000002,-0.000113,1.570331,-0.300000,1.000000,1.100000,0.000000,0.000000,-1.571000,0.006740,0.992170,0.027616,0.992577
25.424000,-0.306738,0.007831,1.072373,0.001216,0.000189,-0.005282,0.000000,-0.000117,1.570332,-0.300000,1.000000,1.100000,0.000000,0.000000,-1.571000,0.006738,0.992169,0.027627,0.992577
25.426000,-0.306735,0.007831,1.072363,0.001216,0.000186,-0.005279,0.000002,-0.000121,1.570333,-0.300000,1.000000,1.100000,0.000000,0.000000,-1.571000,0.006735,0.992169,0.027637,0.992577
25.428000,-0.306733,0.007831,1.072352,0.001216,0.000184,-0.005276,0.000004,-0.000126,1.570334,-0.300000,1.000000,1.100000,0.000000,0.000000,-1.571000,0.006733,0.992169,0.027648,0.992577
25.430000,-0.306730,0.007832,1.072342,0.001216,0.000181,-0.005273,0.000006,-0.000130,1.570335,-0.300000,1.000000,1.100000,0.000000,0.000000,-1.571000,0.006730,0.992168,0.027658,0.992577
25.432000,-0.306728,0.007832,1.072331,0.001217,0.000179,-0.005270,0.000008,-0.000135,1.570336,-0.300000,1.000000,1.100000,0.000000,0.000000,-1.571000,0.006728,0.992168,0.027669,0.992577
25.434000,-0.306726,0.007832,1.072321,0.001217,0.000176,-0.005267,0.000010,-0.000139,1.570337,-0.300000,1.000000,1.100000,0.000000,0.000000,-1.571000,0.006726,0.992168,0.027679,0.992576
25.436000,-0.306723,0.007833,1.072310,0.001217,0.000173,-0.005264,0.000012,-0.000143,1.570338,-0.300000,1.000000,1.100000,0.000000,0.000000,-1.571000,0.006723,0.992167,0.027690,0.992576
25.438000,-0.306721,0.007833,1.072300,0.001217,0.000171,-0.005261,0.000014,-0.000148,1.570339,-0.300000,1.000000,1.100000,0.000000,0.000000,-1.571000,0.006721,0.992167,0.027700,0.992576
25.440000,-0.306718,0.007833,1.072289,0.001218,0.000168,-0.005259,0.000016,-0.000152,1.570340,-0.300000,1.000000,1.100000,0.000000,0.000000,-1.571000,0.006718,0.992167,0.027711,0.992576
25.442000,-0.306716,0.007834,1.072279,0.001218,0.000165,-0.005256,0.000018,-0.000156,1.570341,-0.300000,1.000000,1.100000,0.000000,0.000000,-1.571000,0.006716,0.992166,0.027721,0.992576
25.444000,-0.306713,0.007834,1.072268,0.001218,0.000162,-0.005253,0.000020,-0.000160,1.570342,-0.300000,1.000000,1.100000,0.000000,0.000000,-1.571000,0.006713,0.992166,0.027732,0.992576
25.446000,-0.306711,0.007834,1.072258,0.001219,0.000158,-0.005250,0.000022,-0.000164,1.570343,-0.300000,1.000000,1.100000,0.000000,0.000000,-1.571000,0.006711,0.992166,0.027742,0.992576
25.448000,-0.306708,0.007835,1.072247,0.001219,0.000155,-0.005247,0.000024,-0.000168,1.570344,-0.300000,1.000000,1.100000,0.000000,0.000000,-1.571000,0.006708,0.992165,0.027753,0.992576
25.450000,-0.306706,0.007835,1.072237,0.001220,0.000152,-0.005244,0.000026,-0.000172,1.570345,-0.300000,1.000000,1.100000,0.000000,0.000000,-1.571000,0.006706,0.992165,0.027763,0.992576
25.452000,-0.306704,0.007835,1.072226,0.001220,0.000148,-0.005241,0.000028,-0.000176,1.570346,-0.300000,1.000000,1.100000,0.000000,0.000000,-1.571000,0.006704,0.992165,0.027774,0.992576
25.454000,-0.306701,0.007836,1.072216,0.001221,0.000145,-0.005239,0.000030,-0.000180,1.570346,-0.300000,1.000000,1.100000,0.000000,0.000000,-1.571000,0.006701,0.992164,0.027784,0.992576
25.456000,-0.306699,0.007836,1.072205,0.001221,0.000141,-0.005236,0.000032,-0.000184,1.570347,-0.300000,1.000000,1.100000,0.000000,0.000000,-1.571000,0.006699,0.992164,0.027795,0.992576
25.458000,-0.306696,0.007836,1.072195,0.001222,0.000138,-0.005233,0.000034,-0.000187,1.570348,-0.300000,1.000000,1.100000,0.000000,0.000000,-1.571000,0.006696,0.992164,0.027805,0.992576
25.460000,-0.306694,0.007836,1.072184,0.001223,0.000134,-0.005230,0.000036,-0.000190,1.570349,-0.300000,1.000000,1.100000,0.000000,0.000000,-1.571000,0.006694,0.992164,0.027816,0.992576
25.462000,-0.306691,0.007837,1.072174,0.001223,0.000130,-0.005227,0.000037,-0.000194,1.570350,-0.300000,1.000000,1.100000,0.000000,0.000000,-1.571000,0.006691,0.992163,0.027826,0.992576
25.464000,-0.306689,0.007837,1.072163,0.001224,0.000127,-0.005224,0.000039,-0.000197,1.570350,-0.300000,1.000000,1.100000,0.000000,0.000000,-1.571000,0.006689,0.992163,0.027837,0.992576
25.466000,-0.306687,0.007837,1.072153,0.001225,0.000123,-0.005222,0.000041,-0.000200,1.570351,-0.300000,1.000000,1.100000,0.000000,0.000000,-1.571000,0.006687,0.992163,0.027847,0.992576
25.468000,-0.306684,0.007837,1.072142,0.001226,0.000119,-0.005219,0.000042,-0.000202,1.570352,-0.300000,1.000000,1.100000,0.000000,0.000000,-1.571000,0.006684,0.992163,0.027858,0.992576
25.470000,-0.306682,0.007838,1.072132,0.001226,0.000115,-0.005216,0.000043,-0.000205,1.570353,-0.300000,1.000000,1.100000,0.000000,0.000000,-1.571000,0.006682,0.992162,0.027868,0.992576
25.472000,-0.306679,0.007838,1.072122,0.001227,0.000111,-0.005213,0.000045,-0.000208,1.570353,-0.300000,1.000000,1.100000,0.000000,0.000000,-1.571000,0.006679,0.992162,0.027878,0.992576
25.474000,-0.306677,0.007838,1.072111,0.001228,0.000107,-0.005210,0.000046,-0.000210,1.570354,-0.300000,1.000000,1.100000,0.000000,0.000000,-1.571000,0.006677,0.992162,0.027889,0.992576
25.476000,-0.306674,0.007838,1.072101,0.001229,0.000103,-0.005207,0.000047,-0.000212,1.570355,-0.300000,1.000000,1.100000,0.000000,0.000000,-1.571000,0.006674,0.992162,0.027899,0.992576
25.478000,-0.306672,0.007838,1.072090,0.001230,0.000098,-0.005205,0.000048,-0.000215,1.570355,-0.300000,1.000000,1.100000,0.000000,0.000000,-1.571000,0.006672,0.992162,0.027910,0.992576
25.480000,-0.306669,0.007839,1.072080,0.001231,0.000094,-0.005202,0.000049,-0.000217,1.570356,-0.300000,1.000000,1.100000,0.000000,0.000000,-1.571000,0.006669,0.992161,0.027920,0.992577
25.482000,-0.306667,0.007839,1.072069,0.001232,0.000090,-0.005199,0.000049,-0.000218,1.570357,-0.300000,1.000000,1.100000,0.000000,0.000000,-1.571000,0.006667,0.992161,0.027931,0.992577
25.484000,-0.306664,0.007839,1.072059,0.001233,0.000086,-0.005196,0.000050,-0.000220,1.570357,-0.300000,1.000000,1.100000,0.000000,0.000000,-1.571000,0.006664,0.992161,0.027941,0.992577
25.486000,-0.306662,0.007839,1.072049,0.001234,0.000081,-0.005193,0.000051,-0.000222,1.570358,-0.300000,1.000000,1.100000,0.000000,0.000000,-1.571000,0.006662,0.992161,0.027951,0.992577
25.488000,-0.306659,0.007839,1.072038,0.001235,0.000077,-0.005190,0.000051,-0.000223,1.570358,-0.300000,1.000000,1.100000,0.000000,0.000000,-1.571000,0.006659,0.992161,0.027962,0.992577
25.490000,-0.306657,0.007839,1.072028,0.001236,0.000073,-0.005188,0.000052,-0.000225,1.570359,-0.300000,1.000000,1.100000,0.000000,0.000000,-1.571000,0.006657,0.992161,0.027972,0.992577
25.492000,-0.306655,0.007840,1.072018,0.001237,0.000068,-0.005185,0.000052,-0.000226,1.570360,-0.300000,1.000000,1.100000,0.000000,0.000000,-1.571000,0.006655,0.992160,0.027982,0.992577
25.494000,-0.306652,0.007840,1.072007,0.001238,0.000064,-0.005182,0.000052,-0.000227,1.570360,-0.300000,1.000000,1.100000,0.000000,0.000000,-1.571000,0.006652,0.992160,0.027993,0.992577
25.496000,-0.306650,0.007840,1.071997,0.001239,0.000059,-0.005179,0.000053,-0.000228,1.570361,-0.300000,1.000000,1.100000,0.000000,0.000000,-1.571000,0.006650,0.992160,0.028003,0.992578
25.498000,-0.306647,0.007840,1.071986,0.001240,0.000055,-0.005176,0.000053,-0.000229,1.570361,-0.300000,1.000000,1.100000,0.000000,0.000000,-1.571000,0.006647,0.992160,0.028014,0.992578
25.500000,-0.306645,0.007840,1.071976,0.001241,0.000050,-0.005174,0.000053,-0.000230,1.570362,-0.300000,1.000000,1.100000,0.000000,0.000000,-1.571000,0.006645,0.992160,0.028024,0.992578
25.502000,-0.306642,0.007840,1.071966,0.001242,0.000046,-0.005171,0.000053,-0.000231,1.570362,-0.300000,1.000000,1.100000,0.000000,0.000000,-1.571000,0.006642,0.992160,0.028034,0.992578
25.504000,-0.306640,0.007840,1.071955,0.001243,0.000041,-0.005168,0.000052,-0.000231,1.570363,-0.300000,1.000000,1.100000,0.000000,0.000000,-1.571000,0.006640,0.992160,0.028045,0.992578
25.506000,-0.306637,0.007840,1.071945,0.001244,0.000037,-0.005165,0.000052,-0.000232,1.570364,-0.300000,1.000000,1.100000,0.000000,0.000000,-1.571000,0.006637,0.992160,0.028055,0.992578
25.508000,-0.306635,0.007840,1.071935,0.001245,0.000032,-0.005162,0.000052,-0.000232,1.570364,-0.300000,1.000000,1.100000,0.000000,0.000000,-1.571000,0.006635,0.992160,0.028065,0.992579
25.510000,-0.306632,0.007840,1.071924,0.001246,0.000028,-0.005160,0.000051,-0.000233,1.570365,-0.300000,1.000000,1.100000,0.000000,0.000000,-1.571000,0.006632,0.992160,0.028076,0.992579
25.512000,-0.306630,0.007840,1.071914,0.001247,0.000023,-0.005157,0.000051,-0.000233,1.570365,-0.300000,1.000000,1.100000,0.000000,0.000000,-1.571000,0.006630,0.992160,0.028086,0.992579
25.514000,-0.306627,0.007841,1.071904,0.001248,0.000018,-0.005154,0.000050,-0.000233,1.570366,-0.300000,1.000000,1.100000,0.000000,0.000000,-1.571000,0.006627,0.992159,0.028096,0.992579
25.516000,-0.306625,0.007841,1.071894,0.001249,0.000014,-0.005151,0.000050,-0.000233,1.570366,-0.300000,1.000000,1.100000,0.000000,0.000000,-1.571000,0.006625,0.992159,0.028106,0.992580
25.518000,-0.306622,0.007841,1.071883,0.001250,0.000009,-0.005148,0.000049,-0.000233,1.570367,-0.300000,1.000000,1.100000,0.000000,0.000000,-1.571000,0.006622,0.992159,0.028117,0.992580
25.520000,-0.306620,0.007841,1.071873,0.001251,0.000005,-0.005146,0.000049,-0.000233,1.570368,-0.300000,1.000000,1.100000,0.000000,0.000000,-1.571000,0.006620,0.992159,0.028127,0.992580
25.522000,-0.306617,0.007841,1.071863,0.001252,0.000000,-0.005143,0.000048,-0.000233,1.570368,-0.300000,1.000000,1.100000,0.000000,0.000000,-1.571000,0.006617,0.992159,0.028137,0.992580
25.524000,-0.306615,0.007841,1.071852,0.001253,-0.000004,-0.005140,0.000047,-0.000233,1.570369,-0.300000,1.000000,1.100000,0.000000,0.000000,-1.571000,0.006615,0.992159,0.028148,0.992581
25.526000,-0.306612,0.007841,1.071842,0.001254,-0.000009,-0.005137,0.000046,-0.000233,1.570369,-0.300000,1.000000,1.100000,0.000000,0.000000,-1.571000,0.006612,0.992159,0.028158,0.992581
25.528000,-0.306610,0.007841,1.071832,0.001255,-0.000014,-0.005134,0.000046,-0.000233,1.570369,-0.300000,1.000000,1.100000,0.000000,0.000000,-1.571000,0.006610,0.992159,0.028168,0.992581
25.530000,-0.306607,0.007841,1.071822,0.001255,-0.000018,-0.005132,0.000045,-0.000232,1.570370,-0.300000,1.000000,1.100000,0.000000,0.000000,-1.571000,0.006607,0.992159,0.028178,0.992582
25.532000,-0.306605,0.007840,1.071811,0.001256,-0.000023,-0.005129,0.000044,-0.000232,1.570370,-0.300000,1.000000,1.100000,0.000000,0.000000,-1.571000,0.006605,0.992160,0.028189,0.992582
25.534000,-0.306602,0.007840,1.071801,0.001257,-0.000027,-0.005126,0.000043,-0.000231,1.570370,-0.300000,1.000000,1.100000,0.000000,0.000000,-1.571000,0.006602,0.992160,0.028199,0.992582
25.536000,-0.306600,0.007840,1.071791,0.001258,-0.000032,-0.005123,0.000042,-0.000231,1.570371,-0.300000,1.000000,1.100000,0.000000,0.000000,-1.571000,0.006600,0.992160,0.028209,0.992583
25.538000,-0.306597,0.007840,1.071781,0.001259,-0.000036,-0.005120,0.000042,-0.000230,1.570371,-0.300000,1.000000,1.100000,0.000000,0.000000,-1.571000,0.006597,0.992160,0.028219,0.992583
25.540000,-0.306595,0.007840,1.071770,0.001260,-0.000041,-0.005118,0.000041,-0.000229,1.570371,-0.300000,1.000000,1.100000,0.000000,0.000000,-1.571000,0.006595,0.992160,0.028230,0.992583
25.542000,-0.306592,0.007840,1.071760,0.001260,-0.000045,-0.005115,0.000040,-0.000228,1.570371,-0.300000,1.000000,1.100000,0.000000,0.000000,-1.571000,0.006592,0.992160,0.028240,0.992584
25.544000,-0.306590,0.007840,1.071750,0.001261,-0.000050,-0.005112,0.000039,-0.000227,1.570371,-0.300000,1.000000,1.100000,0.000000,0.000000,-1.571000,0.006590,0.992160,0.028250,0.992584
25.546000,-0.306587,0.007840,1.071740,0.001262,-0.000054,-0.005109,0.000038,-0.000226,1.570371,-0.300000,1.000000,1.100000,0.000000,0.000000,-1.571000,0.006587,0.992160,0.028260,0.992584
25.548000,-0.306584,0.007840,1.071729,0.001263,-0.000059,-0.005106,0.000037,-0.000224,1.570370,-0.300000,1.000000,1.100000,0.000000,0.000000,-1.571000,0.006584,0.992160,0.028271,0.992585
25.550000,-0.306582,0.007840,1.071719,0.001263,-0.000063,-0.005104,0.000036,-0.000223,1.570370,-0.300000,1.000000,1.100000,0.000000,0.000000,-1.571000,0.006582,0.992160,0.028281,0.992585
25.552000,-0.306579,0.007840,1.071709,0.001264,-0.000067,-0.005101,0.000035,-0.000221,1.570370,-0.300000,1.000000,1.100000,0.000000,0.000000,-1.571000,0.006579,0.992160,0.028291,0.992586
25.554000,-0.306577,0.007839,1.071699,0.001265,-0.000072,-0.005098,0.000034,-0.000220,1.570369,-0.300000,1.000000,1.100000,0.000000,0.000000,-1.571000,0.006577,0.992161,0.028301,0.992586
25.556000,-0.306574,0.007839,1.071689,0.001265,-0.000076,-0.005095,0.000033,-0.000218,1.570369,-0.300000,1.000000,1.100000,0.000000,0.000000,-1.571000,0.006574,0.992161,0.028311,0.992586
25.558000,-0.306572,0.007839,1.071678,0.001266,-0.000080,-0.005092,0.000032,-0.000216,1.570368,-0.300000,1.000000,1.100000,0.000000,0.000000,-1.571000,0.006572,0.992161,0.028322,0.992587
25.560000,-0.306569,0.007839,1.071668,0.001267,-0.000084,-0.005090,0.000031,-0.000213,1.570368,-0.300000,1.000000,1.100000,0.000000,0.000000,-1.571000,0.006569,0.992161,0.028332,0.992587
25.562000,-0.306567,0.007839,1.071658,0.001267,-0.000089,-0.005087,0.000030,-0.000211,1.570367,-0.300000,1.000000,1.100000,0.000000,0.000000,-1.571000,0.006567,0.992161,0.028342,0.992588
25.564000,-0.306564,0.007839,1.071648,0.001268,-0.000093,-0.005084,0.000029,-0.000209,1.570366,-0.300000,1.000000,1.100000,0.000000,0.000000,-1.571000,0.006564,0.992161,0.028352,0.992588
25.566000,-0.306562,0.007838,1.071638,0.001268,-0.000097,-0.005081,0.000028,-0.000206,1.570366,-0.300000,1.000000,1.100000,0.000000,0.000000,-1.571000,0.006562,0.992162,0.028362,0.992589
25.568000,-0.306559,0.007838,1.071628,0.001269,-0.000101,-0.005078,0.000027,-0.000203,1.570365,-0.300000,1.000000,1.100000,0.000000,0.000000,-1.571000,0.006559,0.992162,0.028372,0.992589
25.570000,-0.306557,0.007838,1.071617,0.001269,-0.000105,-0.005076,0.000026,-0.000200,1.570364,-0.300000,1.000000,1.100000,0.000000,0.000000,-1.571000,0.006557,0.992162,0.028383,0.992590
25.572000,-0.306554,0.007838,1.071607,0.001270,-0.000109,-0.005073,0.000025,-0.000197,1.570363,-0.300000,1.000000,1.100000,0.000000,0.000000,-1.571000,0.006554,0.992162,0.028393,0.992590
25.574000,-0.306552,0.007838,1.071597,0.001270,-0.000113,-0.005070,0.000024,-0.000194,1.570362,-0.300000,1.000000,1.100000,0.000000,0.000000,-1.571000,0.006552,0.992162,0.028403,0.992591
25.576000,-0.306549,0.007837,1.071587,0.001271,-0.000116,-0.005067,0.000023,-0.000191,1.570361,-0.300000,1.000000,1.100000,0.000000,0.000000,-1.571000,0.006549,0.992163,0.028413,0.992591
25.578000,-0.306546,0.007837,1.071577,0.001271,-0.000120,-0.005064,0.000022,-0.000187,1.570360,-0.300000,1.000000,1.100000,0.000000,0.000000,-1.571000,0.006546,0.992163,0.028423,0.992592
25.580000,-0.306544,0.007837,1.071567,0.001272,-0.000124,-0.005062,0.000021,-0.000184,1.570359,-0.300000,1.000000,1.100000,0.000000,0.000000,-1.571000,0.006544,0.992163,0.028433,0.992592
25.582000,-0.306541,0.007837,1.071557,0.001272,-0.000127,-0.005059,0.000020,-0.000180,1.570358,-0.300000,1.000000,1.100000,0.000000,0.000000,-1.571000,0.006541,0.992163,0.028443,0.992593
25.584000,-0.306539,0.007836,1.071547,0.001273,-0.000131,-0.005056,0.000019,-0.000177,1.570357,-0.300000,1.000000,1.100000,0.000000,0.000000,-1.571000,0.006539,0.992164,0.028453,0.992593
25.586000,-0.306536,0.007836,1.071536,0.001273,-0.000134,-0.005053,0.000018,-0.000173,1.570356,-0.300000,1.000000,1.100000,0.000000,0.000000,-1.571000,0.006536,0.992164,0.028464,0.992594
25.588000,-0.306534,0.007836,1.071526,0.001273,-0.000138,-0.005050,0.000017,-0.000169,1.570355,-0.300000,1.000000,1.100000,0.000000,0.000000,-1.571000,0.006534,0.992164,0.028474,0.992594
25.590000,-0.306531,0.007835,1.071516,0.001274,-0.000141,-0.005048,0.000016,-0.000165,1.570353,-0.300000,1.000000,1.100000,0.000000,0.000000,-1.571000,0.006531,0.992165,0.028484,0.992595
25.592000,-0.306529,0.007835,1.071506,0.001274,-0.000144,-0.005045,0.000015,-0.000161,1.570352,-0.300000,1.000000,1.100000,0.000000,0.000000,-1.571000,0.006529,0.992165,0.028494,0.992595
25.594000,-0.306526,0.007835,1.071496,0.001274,-0.000147,-0.005042,0.000014,-0.000157,1.570351,-0.300000,1.000000,1.100000,0.000000,0.000000,-1.571000,0.006526,0.992165,0.028504,0.992596
25.596000,-0.306524,0.007835,1.071486,0.001274,-0.000150,-0.005039,0.000013,-0.000153,1.570350,-0.300000,1.000000,1.100000,0.000000,0.000000,-1.571000,0.006524,0.992165,0.028514,0.992596
25.598000,-0.306521,0.007834,1.071476,0.001275,-0.000153,-0.005036,0.000012,-0.000149,1.570349,-0.300000,1.000000,1.100000,0.000000,0.000000,-1.571000,0.006521,0.992166,0.028524,0.992597
25.600000,-0.306518,0.007834,1.071466,0.001275,-0.000156,-0.005034,0.000011,-0.000145,1.570348,-0.300000,1.000000,1.100000,0.000000,0.000000,-1.571000,0.006518,0.992166,0.028534,0.992598
25.602000,-0.306516,0.007834,1.071456,0.001275,-0.000159,-0.005031,0.000010,-0.000141,1.570347,-0.300000,1.000000,1.100000,0.000000,0.000000,-1.571000,0.006516,0.992166,0.028544,0.992598
25.604000,-0.306513,0.007833,1.071446,0.001275,-0.000162,-0.005028,0.000009,-0.000137,1.570346,-0.300000,1.000000,1.100000,0.000000,0.000000,-1.571000,0.006513,0.992167,0.028554,0.992599
25.606000,-0.306511,0.007833,1.071436,0.001276,-0.000165,-0.005025,0.000008,-0.000132,1.570344,-0.300000,1.000000,1.100000,0.000000,0.000000,-1.571000,0.006511,0.992167,0.028564,0.992599
25.608000,-0.306508,0.007833,1.071426,0.001276,-0.000167,-0.005022,0.000007,-0.000128,1.570343,-0.300000,1.000000,1.100000,0.000000,0.000000,-1.571000,0.006508,0.992167,0.028574,0.992600
25.610000,-0.306506,0.007832,1.071416,0.001276,-0.000170,-0.005020,0.000006,-0.000124,1.570342,-0.300000,1.000000,1.100000,0.000000,0.000000,-1.571000,0.006506,0.992168,0.028584,0.992601
25.612000,-0.306503,0.007832,1.071406,0.001276,-0.000172,-0.005017,0.000005,-0.000120,1.570341,-0.300000,1.000000,1.100000,0.000000,0.000000,-1.571000,0.006503,0.992168,0.028594,0.992601
25.614000,-0.306501,0.007832,1.071396,0.001276,-0.000174,-0.005014,0.000004,-0.000115,1.570340,-0.300000,1.000000,1.100000,0.000000,0.000000,-1.571000,0.006501,0.992168,0.028604,0.992602
25.616000,-0.306498,0.007831,1.071385,0.001276,-0.000177,-0.005011,0.000003,-0.000111,1.570339,-0.300000,1.000000,1.100000,0.000000,0.000000,-1.571000,0.006498,0.992169,0.028615,0.992603
25.618000,-0.306495,0.007831,1.071375,0.001276,-0.000179,-0.005008,0.000002,-0.000107,1.570338,-0.300000,1.000000,1.100000,0.000000,0.000000,-1.571000,0.006495,0.992169,0.028625,0.992603
25.620000,-0.306493,0.007831,1.071365,0.001276,-0.000181,-0.005006,0.000001,-0.000102,1.570337,-0.300000,1.000000,1.100000,0.000000,0.000000,-1.571000,0.006493,0.992169,0.028635,0.992604
25.622000,-0.306490,0.007830,1.071355,0.001276,-0.000183,-0.005003,0.000000,-0.000098,1.570336,-0.300000,1.000000,1.100000,0.000000,0.000000,-1.571000,0.006490,0.992170,0.028645,0.992604
25.624000,-0.306488,0.007830,1.071345,0.001276,-0.000185,-0.005000,-0.000001,-0.000094,1.570335,-0.300000,1.000000,1.100000,0.000000,0.000000,-1.571000,0.006488,0.992170,0.028655,0.992605
25.626000,-0.306485,0.007829,1.071335,0.001276,-0.000187,-0.004997,-0.000002,-0.000090,1.570334,-0.300000,1.000000,1.100000,0.000000,0.000000,-1.571000,0.006485,0.992171,0.028665,0.992606
25.628000,-0.306483,0.007829,1.071325,0.001276,-0.000188,-0.004995,-0.000003,-0.000086,1.570333,-0.300000,1.000000,1.100000,0.000000,0.000000,-1.571000,0.006483,0.992171,0.028675,0.992606
25.630000,-0.306480,0.007829,1.071315,0.001276,-0.000190,-0.004992,-0.000004,-0.000082,1.570333,-0.300000,1.000000,1.100000,0.000000,0.000000,-1.571000,0.006480,0.992171,0.028685,0.992607
25.632000,-0.306478,0.007828,1.071305,0.001276,-0.000192,-0.004989,-0.000005,-0.000078,1.570332,-0.300000,1.000000,1.100000,0.000000,0.000000,-1.571000,0.006478,0.992172,0.028695,0.992608
25.634000,-0.306475,0.007828,1.071296,0.001276,-0.000193,-0.004986,-0.000006,-0.000074,1.570331,-0.300000,1.000000,1.100000,0.000000,0.000000,-1.571000,0.006475,0.992172,0.028704,0.992608
25.636000,-0.306472,0.007828,1.071286,0.001276,-0.000194,-0.004983,-0.000007,-0.000071,1.570330,-0.300000,1.000000,1.100000,0.000000,0.000000,-1.571000,0.006472,0.992172,0.028714,0.992609
25.638000,-0.306470,0.007827,1.071276,0.001276,-0.000196,-0.004981,-0.000008,-0.000067,1.570329,-0.300000,1.000000,1.100000,0.000000,0.000000,-1.571000,0.006470,0.992173,0.028724,0.992610
25.640000,-0.306467,0.007827,1.071266,0.001276,-0.000197,-0.004978,-0.000009,-0.000064,1.570328,-0.300000,1.000000,1.100000,0.000000,0.000000,-1.571000,0.006467,0.992173,0.028734,0.992610
25.642000,-0.306465,0.007826,1.071256,0.001275,-0.000198,-0.004975,-0.000010,-0.000060,1.570328,-0.300000,1.000000,1.100000,0.000000,0.000000,-1.571000,0.006465,0.992174,0.028744,0.992611
25.644000,-0.306462,0.007826,1.071246,0.001275,-0.000200,-0.004972,-0.000011,-0.000057,1.570327,-0.300000,1.000000,1.100000,0.000000,0.000000,-1.571000,0.006462,0.992174,0.028754,0.992612
25.646000,-0.306460,0.007826,1.071236,0.001275,-0.000201,-0.004970,-0.000012,-0.000054,1.570326,-0.300000,1.000000,1.100000,0.000000,0.000000,-1.571000,0.006460,0.992174,0.028764,0.992612
25.648000,-0.306457,0.007825,1.071226,0.001275,-0.000202,-0.004967,-0.000013,-0.000050,1.570325,-0.300000,1.000000,1.100000,0.000000,0.000000,-1.571000,0.006457,0.992175,0.028774,0.992613
25.650000,-0.306455,0.007825,1.071216,0.001274,-0.000203,-0.004964,-0.000014,-0.000047,1.570325,-0.300000,1.000000,1.100000,0.000000,0.000000,-1.571000,0.006455,0.992175,0.028784,0.992614
25.652000,-0.306452,0.007824,1.071206,0.001274,-0.000204,-0.004961,-0.000015,-0.000044,1.570324,-0.300000,1.000000,1.100000,0.000000,0.000000,-1.571000,0.006452,0.992176,0.028794,0.992614
25.654000,-0.306450,0.007824,1.071196,0.001274,-0.000204,-0.004958,-0.000016,-0.000041,1.570323,-0.300000,1.000000,1.100000,0.000000,0.000000,-1.571000,0.006450,0.992176,0.028804,0.992615
25.656000,-0.306447,0.007824,1.071186,0.001274,-0.000205,-0.004956,-0.000017,-0.000039,1.570323,-0.300000,1.000000,1.100000,0.000000,0.000000,-1.571000,0.006447,0.992176,0.028814,0.992616
25.658000,-0.306444,0.007823,1.071176,0.001273,-0.000206,-0.004953,-0.000018,-0.000036,1.570322,-0.300000,1.000000,1.100000,0.000000,0.000000,-1.571000,0.006444,0.992177,0.028824,0.992616
25.660000,-0.306442,0.007823,1.071166,0.001273,-0.000207,-0.004950,-0.000019,-0.000033,1.570321,-0.300000,1.000000,1.100000,0.000000,0.000000,-1.571000,0.006442,0.992177,0.028834,0.992617
25.662000,-0.306439,0.007822,1.071156,0.001272,-0.000207,-0.004947,-0.000020,-0.000031,1.570321,-0.300000,1.000000,1.100000,0.000000,0.000000,-1.571000,0.006439,0.992178,0.028844,0.992618
25.664000,-0.306437,0.007822,1.071147,0.001272,-0.000208,-0.004945,-0.000021,-0.000028,1.570320,-0.300000,1.000000,1.100000,0.000000,0.000000,-1.571000,0.006437,0.992178,0.028853,0.992618
25.666000,-0.306434,0.007821,1.071137,0.001272,-0.000208,-0.004942,-0.000022,-0.000026,1.570320,-0.300000,1.000000,1.100000,0.000000,0.000000,-1.571000,0.006434,0.992179,0.028863,0.992619
25.668000,-0.306432,0.007821,1.071127,0.001271,-0.000209,-0.004939,-0.000023,-0.000023,1.570319,-0.300000,1.000000,1.100000,0.000000,0.000000,-1.571000,0.006432,0.992179,0.028873,0.992620
25.670000,-0.306429,0.007821,1.071117,0.001271,-0.000209,-0.004936,-0.000024,-0.000021,1.570318,-0.300000,1.000000,1.100000,0.000000,0.000000,-1.571000,0.006429,0.992179,0.028883,0.992620
25.672000,-0.306427,0.007820,1.071107,0.001270,-0.000210,-0.004933,-0.000025,-0.000019,1.570318,-0.300000,1.000000,1.100000,0.000000,0.000000,-1.571000,0.006427,0.992180,0.028893,0.992621
25.674000,-0.306424,0.007820,1.071097,0.001270,-0.000210,-0.004931,-0.000026,-0.000017,1.570317,-0.300000,1.000000,1.100000,0.000000,0.000000,-1.571000,0.006424,0.992180,0.028903,0.992622
25.676000,-0.306422,0.007819,1.071087,0.001269,-0.000210,-0.004928,-0.000027,-0.000015,1.570317,-0.300000,1.000000,1.100000,0.000000,0.000000,-1.571000,0.006422,0.992181,0.028913,0.992623
25.678000,-0.306419,0.007819,1.071078,0.001269,-0.000211,-0.004925,-0.000029,-0.000013,1.570316,-0.300000,1.000000,1.100000,0.000000,0.000000,-1.571000,0.006419,0.992181,0.028922,0.992623
25.680000,-0.306416,0.007819,1.071068,0.001268,-0.000211,-0.004922,-0.000030,-0.000011,1.570316,-0.300000,1.000000,1.100000,0.000000,0.000000,-1.571000,0.006416,0.992181,0.028932,0.992624
25.682000,-0.306414,0.007818,1.071058,0.001268,-0.000211,-0.004919,-0.000031,-0.000009,1.570315,-0.300000,1.000000,1.100000,0.000000,0.000000,-1.571000,0.006414,0.992182,0.028942,0.992625
25.684000,-0.306411,0.007818,1.071048,0.001267,-0.000211,-0.004917,-0.000032,-0.000007,1.570315,-0.300000,1.000000,1.100000,0.000000,0.000000,-1.571000,0.006411,0.992182,0.028952,0.992625
25.686000,-0.306409,0.007817,1.071038,0.001266,-0.000211,-0.004914,-0.000033,-0.000005,1.570314,-0.300000,1.000000,1.100000,0.000000,0.000000,-1.571000,0.006409,0.992183,0.028962,0.992626
25.688000,-0.306406,0.007817,1.071028,0.001266,-0.000212,-0.004911,-0.000034,-0.000004,1.570314,-0.300000,1.000000,1.100000,0.000000,0.000000,-1.571000,0.006406,0.992183,0.028972,0.992627
25.690000,-0.306404,0.007816,1.071019,0.001265,-0.000212,-0.004908,-0.000035,-0.000002,1.570313,-0.300000,1.000000,1.100000,0.000000,0.000000,-1.571000,0.006404,0.992184,0.028981,0.992627
25.692000,-0.306401,0.007816,1.071009,0.001264,-0.000212,-0.004906,-0.000036,-0.000001,1.570313,-0.300000,1.000000,1.100000,0.000000,0.000000,-1.571000,0.006401,0.992184,0.028991,0.992628
25.694000,-0.306399,0.007816,1.070999,0.001264,-0.000212,-0.004903,-0.000037,0.000000,1.570312,-0.300000,1.000000,1.100000,0.000000,0.000000,-1.571000,0.006399,0.992184,0.029001,0.992629
25.696000,-0.306396,0.007815,1.070989,0.001263,-0.000212,-0.004900,-0.000038,0.000002,1.570312,-0.300000,1.000000,1.100000,0.000000,0.000000,-1.571000,0.006396,0.992185,0.029011,0.992629
25.698000,-0.306394,0.007815,1.070979,0.001262,-0.000212,-0.004897,-0.000039,0.000003,1.570311,-0.300000,1.000000,1.100000,0.000000,0.000000,-1.571000,0.006394,0.992185,0.029021,0.992630
25.700000,-0.306391,0.007814,1.070970,0.001261,-0.000212,-0.004894,-0.000039,0.000004,1.570311,-0.300000,1.000000,1.100000,0.000000,0.000000,-1.571000,0.006391,0.992186,0.029030,0.992631
25.702000,-0.306389,0.007814,1.070960,0.001261,-0.000211,-0.004892,-0.000040,0.000005,1.570310,-0.300000,1.000000,1.100000,0.000000,0.000000,-1.571000,0.006389,0.992186,0.029040,0.992632
25.704000,-0.306386,0.007813,1.070950,0.001260,-0.000211,-0.004889,-0.000041,0.000006,1.570309,-0.300000,1.000000,1.100000,0.000000,0.000000,-1.571000,0.006386,0.992187,0.029050,0.992632
25.706000,-0.306384,0.007813,1.070940,0.001259,-0.000211,-0.004886,-0.000042,0.000007,1.570309,-0.300000,1.000000,1.100000,0.000000,0.000000,-1.571000,0.006384,0.992187,0.029060,0.992633
25.708000,-0.306381,0.007813,1.070930,0.001258,-0.000211,-0.004883,-0.000042,0.000008,1.570308,-0.300000,1.000000,1.100000,0.000000,0.000000,-1.571000,0.006381,0.992187,0.029070,0.992634
25.710000,-0.306379,0.007812,1.070921,0.001257,-0.000211,-0.004881,-0.000042,0.000009,1.570308,-0.300000,1.000000,1.100000,0.000000,0.000000,-1.571000,0.006379,0.992188,0.029079,0.992634
25.712000,-0.306376,0.007812,1.070911,0.001257,-0.000211,-0.004878,-0.000043,0.000010,1.570307,-0.300000,1.000000,1.100000,0.000000,0.000000,-1.571000,0.006376,0.992188,0.029089,0.992635
25.714000,-0.306374,0.007811,1.070901,0.001256,-0.000211,-0.004875,-0.000043,0.000010,1.570307,-0.300000,1.000000,1.100000,0.000000,0.000000,-1.571000,0.006374,0.992189,0.029099,0.992636
25.716000,-0.306371,0.007811,1.070891,0.001255,-0.000210,-0.004872,-0.000043,0.000011,1.570307,-0.300000,1.000000,1.100000,0.000000,0.000000,-1.571000,0.006371,0.992189,0.029109,0.992636
25.718000,-0.306369,0.007811,1.070882,0.001254,-0.000210,-0.004869,-0.000043,0.000011,1.570306,-0.300000,1.000000,1.100000,0.000000,0.000000,-1.571000,0.006369,0.992189,0.029118,0.992637
25.720000,-0.306366,0.007810,1.070872,0.001253,-0.000210,-0.004867,-0.000043,0.000012,1.570306,-0.300000,1.000000,1.100000,0.000000,0.000000,-1.571000,0.006366,0.992190,0.029128,0.992638
25.722000,-0.306364,0.007810,1.070862,0.001252,-0.000210,-0.004864,-0.000043,0.000013,1.570306,-0.300000,1.000000,1.100000,0.000000,0.000000,-1.571000,0.006364,0.992190,0.029138,0.992638
25.724000,-0.306361,0.007809,1.070852,0.001252,-0.000209,-0.004861,-0.000043,0.000013,1.570305,-0.300000,1.000000,1.100000,0.000000,0.000000,-1.571000,0.006361,0.992191,0.029148,0.992639
25.726000,-0.306359,0.007809,1.070843,0.001251,-0.000209,-0.004858,-0.000042,0.000014,1.570305,-0.300000,1.000000,1.100000,0.000000,0.000000,-1.571000,0.006359,0.992191,0.029157,0.992640
25.728000,-0.306356,0.007808,1.070833,0.001250,-0.000209,-0.004855,-0.000042,0.000015,1.570305,-0.300000,1.000000,1.100000,0.000000,0.000000,-1.571000,0.006356,0.992192,0.029167,0.992641
25.730000,-0.306354,0.007808,1.070823,0.001249,-0.000209,-0.004853,-0.000042,0.000016,1.570305,-0.300000,1.000000,1.100000,0.000000,0.000000,-1.571000,0.006354,0.992192,0.029177,0.992641
25.732000,-0.306351,0.007808,1.070814,0.001248,-0.000208,-0.004850,-0.000041,0.000017,1.570305,-0.300000,1.000000,1.100000,0.000000,0.000000,-1.571000,0.006351,0.992192,0.029186,0.992642
25.734000,-0.306349,0.007807,1.070804,0.001247,-0.000208,-0.004847,-0.000041,0.000018,1.570306,-0.300000,1.000000,1.100000,0.000000,0.000000,-1.571000,0.006349,0.992193,0.029196,0.992643
25.736000,-0.306346,0.007807,1.070794,0.001247,-0.000208,-0.004845,-0.000040,0.000019,1.570306,-0.300000,1.000000,1.100000,0.000000,0.000000,-1.571000,0.006346,0.992193,0.029206,0.992643
25.738000,-0.306344,0.007806,1.070785,0.001246,-0.000207,-0.004843,-0.000040,0.000020,1.570306,-0.300000,1.000000,1.100000,0.000000,0.000000,-1.571000,0.006344,0.992194,0.029215,0.992644
25.740000,-0.306341,0.007806,1.070775,0.001245,-0.000207,-0.004841,-0.000039,0.000021,1.570306,-0.300000,1.000000,1.100000,0.000000,0.000000,-1.571000,0.006341,0.992194,0.029225,0.992645
25.742000,-0.306339,0.007806,1.070765,0.001244,-0.000206,-0.004839,-0.000039,0.000023,1.570307,-0.300000,1.000000,1.100000,0.000000,0.000000,-1.571000,0.006339,0.992194,0.029235,0.992645
25.744000,-0.306336,0.007805,1.070756,0.001244,-0.000206,-0.004837,-0.000038,0.000024,1.570307,-0.300000,1.000000,1.100000,0.000000,0.000000,-1.571000,0.006336,0.992195,0.029244,0.992646
25.746000,-0.306334,0.007805,1.070746,0.001243,-0.000205,-0.004836,-0.000038,0.000026,1.570308,-0.300000,1.000000,1.100000,0.000000,0.000000,-1.571000,0.006334,0.992195,0.029254,0.992647
25.748000,-0.306331,0.007804,1.070736,0.001242,-0.000205,-0.004835,-0.000037,0.000027,1.570309,-0.300000,1.000000,1.100000,0.000000,0.000000,-1.571000,0.006331,0.992196,0.029264,0.992647
25.750000,-0.306329,0.007804,1.070726,0.001241,-0.000204,-0.004834,-0.000036,0.000029,1.570309,-0.300000,1.000000,1.100000,0.000000,0.000000,-1.571000,0.006329,0.992196,0.029274,0.992648
25.752000,-0.306326,0.007803,1.070717,0.001241,-0.000204,-0.004833,-0.000036,0.000031,1.570310,-0.300000,1.000000,1.100000,0.000000,0.000000,-1.571000,0.006326,0.992197,0.029283,0.992649
25.754000,-0.306324,0.007803,1.070707,0.001240,-0.000203,-0.004832,-0.000035,0.000033,1.570311,-0.300000,1.000000,1.100000,0.000000,0.000000,-1.571000,0.006324,0.992197,0.029293,0.992649
25.756000,-0.306321,0.007803,1.070698,0.001239,-0.000202,-0.004831,-0.000034,0.000035,1.570312,-0.300000,1.000000,1.100000,0.000000,0.000000,-1.571000,0.006321,0.992197,0.029302,0.992650
25.758000,-0.306319,0.007802,1.070688,0.001239,-0.000202,-0.004830,-0.000034,0.000038,1.570313,-0.300000,1.000000,1.100000,0.000000,0.000000,-1.571000,0.006319,0.992198,0.029312,0.992651
25.760000,-0.306316,0.007802,1.070678,0.001238,-0.000201,-0.004830,-0.000033,0.000040,1.570314,-0.300000,1.000000,1.100000,0.000000,0.000000,-1.571000,0.006316,0.992198,0.029322,0.992651
25.762000,-0.306314,0.007801,1.070669,0.001237,-0.000200,-0.004829,-0.000032,0.000042,1.570315,-0.300000,1.000000,1.100000,0.000000,0.000000,-1.571000,0.006314,0.992199,0.029331,0.992652
25.764000,-0.306311,0.007801,1.070659,0.001237,-0.000199,-0.004829,-0.000031,0.000045,1.570316,-0.300000,1.000000,1.100000,0.000000,0.000000,-1.571000,0.006311,0.992199,0.029341,0.992653
25.766000,-0.306309,0.007801,1.070649,0.001236,-0.000199,-0.004828,-0.000031,0.000048,1.570317,-0.300000,1.000000,1.100000,0.000000,0.000000,-1.571000,0.006309,0.992199,0.029351,0.992653
25.768000,-0.306306,0.007800,1.070640,0.001236,-0.000198,-0.004828,-0.000030,0.000050,1.570318,-0.300000,1.000000,1.100000,0.000000,0.000000,-1.571000,0.006306,0.992200,0.029360,0.992654
25.770000,-0.306304,0.007800,1.070630,0.001235,-0.000197,-0.004828,-0.000029,0.000053,1.570319,-0.300000,1.000000,1.100000,0.000000,0.000000,-1.571000,0.006304,0.992200,0.029370,0.992655
25.772000,-0.306301,0.007799,1.070620,0.001234,-0.000195,-0.004828,-0.000028,0.000056,1.570321,-0.300000,1.000000,1.100000,0.000000,0.000000,-1.571000,0.006301,0.992201,0.029380,0.992655
25.774000,-0.306299,0.007799,1.070611,0.001234,-0.000194,-0.004827,-0.000028,0.000059,1.570322,-0.300000,1.000000,1.100000,0.000000,0.000000,-1.571000,0.006299,0.992201,0.029389,0.992656
25.776000,-0.306296,0.007799,1.070601,0.001233,-0.000193,-0.004827,-0.000027,0.000062,1.570323,-0.300000,1.000000,1.100000,0.000000,0.000000,-1.571000,0.006296,0.992201,0.029399,0.992657
25.778000,-0.306294,0.007798,1.070591,0.001233,-0.000192,-0.004827,-0.000026,0.000066,1.570324,-0.300000,1.000000,1.100000,0.000000,0.000000,-1.571000,0.006294,0.992202,0.029409,0.992657
25.780000,-0.306292,0.007798,1.070582,0.001232,-0.000191,-0.004827,-0.000025,0.000069,1.570325,-0.300000,1.000000,1.100000,0.000000,0.000000,-1.571000,0.006292,0.992202,0.029418,0.992658
25.782000,-0.306289,0.007798,1.070572,0.001232,-0.000189,-0.004827,-0.000025,0.000072,1.570326,-0.300000,1.000000,1.100000,0.000000,0.000000,-1.571000,0.006289,0.992202,0.029428,0.992659
25.784000,-0.306287,0.007797,1.070562,0.001231,-0.000188,-0.004827,-0.000024,0.000076,1.570328,-0.300000,1.000000,1.100000,0.000000,0.000000,-1.571000,0.006287,0.992203,0.029438,0.992659
25.786000,-0.306284,0.007797,1.070553,0.001231,-0.000186,-0.004827,-0.000023,0.000079,1.570329,-0.300000,1.000000,1.100000,0.000000,0.000000,-1.571000,0.006284,0.992203,0.029447,0.992660
25.788000,-0.306282,0.007796,1.070543,0.001230,-0.000185,-0.004827,-0.000022,0.000083,1.570330,-0.300000,1.000000,1.100000,0.000000,0.000000,-1.571000,0.006282,0.992204,0.029457,0.992661
25.790000,-0.306279,0.007796,1.070533,0.001230,-0.000183,-0.004827,-0.000021,0.000087,1.570331,-0.300000,1.000000,1.100000,0.000000,0.000000,-1.571000,0.006279,0.992204,0.029467,0.992661
25.792000,-0.306277,0.007796,1.070524,0.001230,-0.000181,-0.004827,-0.000021,0.000090,1.570332,-0.300000,1.000000,1.100000,0.000000,0.000000,-1.571000,0.006277,0.992204,0.029476,0.992662
25.794000,-0.306274,0.007795,1.070514,0.001229,-0.000180,-0.004827,-0.000020,0.000094,1.570333,-0.300000,1.000000,1.100000,0.000000,0.000000,-1.571000,0.006274,0.992205,0.029486,0.992663
25.796000,-0.306272,0.007795,1.070504,0.001229,-0.000178,-0.004827,-0.000019,0.000098,1.570334,-0.300000,1.000000,1.100000,0.000000,0.000000,-1.571000,0.006272,0.992205,0.029496,0.992663
25.798000,-0.306269,0.007795,1.070495,0.001228,-0.000176,-0.004827,-0.000018,0.000102,1.570335,-0.300000,1.000000,1.100000,0.000000,0.000000,-1.571000,0.006269,0.992205,0.029505,0.992664
25.800000,-0.306267,0.007794,1.070485,0.001228,-0.000174,-0.004827,-0.000017,0.000107,1.570336,-0.300000,1.000000,1.100000,0.000000,0.000000,-1.571000,0.006267,0.992206,0.029515,0.992664
25.802000,-0.306264,0.007794,1.070475,0.001228,-0.000172,-0.004827,-0.000017,0.000111,1.570338,-0.300000,1.000000,1.100000,0.000000,0.000000,-1.571000,0.006264,0.992206,0.029525,0.992665
25.804000,-0.306262,0.007794,1.070466,0.001227,-0.000170,-0.004827,-0.000016,0.000115,1.570339,-0.300000,1.000000,1.100000,0.000000,0.000000,-1.571000,0.006262,0.992206,0.029534,0.992666
25.806000,-0.306260,0.007793,1.070456,0.001227,-0.000167,-0.004828,-0.000015,0.000119,1.570340,-0.300000,1.000000,1.100000,0.000000,0.000000,-1.571000,0.006260,0.992207,0.029544,0.992666
25.808000,-0.306257,0.007793,1.070446,0.001227,-0.000165,-0.004828,-0.000014,0.000124,1.570341,-0.300000,1.000000,1.100000,0.000000,0.000000,-1.571000,0.006257,0.992207,0.029554,0.992667
25.810000,-0.306255,0.007793,1.070437,0.001227,-0.000162,-0.004828,-0.000013,0.000128,1.570342,-0.300000,1.000000,1.100000,0.000000,0.000000,-1.571000,0.006255,0.992207,0.029563,0.992667
25.812000,-0.306252,0.007792,1.070427,0.001226,-0.000160,-0.004828,-0.000012,0.000133,1.570342,-0.300000,1.000000,1.100000,0.000000,0.000000,-1.571000,0.006252,0.992208,0.029573,0.992668
25.814000,-0.306250,0.007792,1.070418,0.001226,-0.000157,-0.004828,-0.000012,0.000137,1.570343,-0.300000,1.000000,1.100000,0.000000,0.000000,-1.571000,0.006250,0.992208,0.029582,0.992669
25.816000,-0.306247,0.007792,1.070408,0.001226,-0.000155,-0.004828,-0.000011,0.000141,1.570344,-0.300000,1.000000,1.100000,0.000000,0.000000,-1.571000,0.006247,0.992208,0.029592,0.992669
25.818000,-0.306245,0.007791,1.070398,0.001226,-0.000152,-0.004829,-0.000010,0.000146,1.570345,-0.300000,1.000000,1.100000,0.000000,0.000000,-1.571000,0.006245,0.992209,0.029602,0.992670
25.820000,-0.306242,0.007791,1.070389,0.001225,-0.000149,-0.004829,-0.000009,0.000150,1.570346,-0.300000,1.000000,1.100000,0.000000,0.000000,-1.571000,0.006242,0.992209,0.029611,0.992670
25.822000,-0.306240,0.007791,1.070379,0.001225,-0.000146,-0.004829,-0.000008,0.000155,1.570347,-0.300000,1.000000,1.100000,0.000000,0.000000,-1.571000,0.006240,0.992209,0.029621,0.992671
25.824000,-0.306238,0.007790,1.070369,0.001225,-0.000143,-0.004829,-0.000008,0.000159,1.570348,-0.300000,1.000000,1.100000,0.000000,0.000000,-1.571000,0.006238,0.992210,0.029631,0.992671
25.826000,-0.306235,0.007790,1.070360,0.001225,-0.000140,-0.004829,-0.000007,0.000163,1.570349,-0.300000,1.000000,1.100000,0.000000,0.000000,-1.571000,0.006235,0.992210,0.029640,0.992672
25.828000,-0.306233,0.007790,1.070350,0.001225,-0.000137,-0.004830,-0.000006,0.000167,1.570349,-0.300000,1.000000,1.100000,0.000000,0.000000,-1.571000,0.006233,0.992210,0.029650,0.992673
25.830000,-0.306230,0.007790,1.070340,0.001225,-0.000133,-0.004830,-0.000005,0.000171,1.570350,-0.300000,1.000000,1.100000,0.000000,0.000000,-1.571000,0.006230,0.992210,0.029660,0.992673
25.832000,-0.306228,0.007789,1.070331,0.001225,-0.000130,-0.004830,-0.000004,0.000175,1.570351,-0.300000,1.000000,1.100000,0.000000,0.000000,-1.571000,0.006228,0.992211,0.029669,0.992674
25.834000,-0.306225,0.007789,1.070321,0.001225,-0.000126,-0.004830,-0.000003,0.000179,1.570352,-0.300000,1.000000,1.100000,0.000000,0.000000,-1.571000,0.006225,0.992211,0.029679,0.992674
25.836000,-0.306223,0.007789,1.070311,0.001224,-0.000123,-0.004830,-0.000003,0.000183,1.570352,-0.300000,1.000000,1.100000,0.000000,0.000000,-1.571000,0.006223,0.992211,0.029689,0.992675
25.838000,-0.306220,0.007789,1.070302,0.001224,-0.000119,-0.004831,-0.000002,0.000187,1.570353,-0.300000,1.000000,1.100000,0.000000,0.000000,-1.571000,0.006220,0.992211,0.029698,0.992675
25.840000,-0.306218,0.007788,1.070292,0.001224,-0.000116,-0.004831,-0.000001,0.000191,1.570354,-0.300000,1.000000,1.100000,0.000000,0.000000,-1.571000,0.006218,0.992212,0.029708,0.992676
25.842000,-0.306215,0.007788,1.070282,0.001224,-0.000112,-0.004830,-0.000000,0.000195,1.570354,-0.300000,1.000000,1.100000,0.000000,0.000000,-1.571000,0.006215,0.992212,0.029718,0.992676
25.844000,-0.306213,0.007788,1.070273,0.001224,-0.000108,-0.004829,0.000001,0.000199,1.570355,-0.300000,1.000000,1.100000,0.000000,0.000000,-1.571000,0.006213,0.992212,0.029727,0.992677
25.846000,-0.306211,0.007788,1.070263,0.001224,-0.000104,-0.004827,0.000001,0.000202,1.570356,-0.300000,1.000000,1.100000,0.000000,0.000000,-1.571000,0.006211,0.992212,0.029737,0.992677
25.848000,-0.306208,0.007788,1.070253,0.001224,-0.000100,-0.004825,0.000002,0.000205,1.570356,-0.300000,1.000000,1.100000,0.000000,0.000000,-1.571000,0.006208,0.992212,0.029747,0.992678
25.850000,-0.306206,0.007787,1.070244,0.001224,-0.000096,-0.004823,0.000003,0.000209,1.570357,-0.300000,1.000000,1.100000,0.000000,0.000000,-1.571000,0.006206,0.992213,0.029756,0.992678
25.852000,-0.306203,0.007787,1.070234,0.001225,-0.000092,-0.004821,0.000004,0.000212,1.570357,-0.300000,1.000000,1.100000,0.000000,0.000000,-1.571000,0.006203,0.992213,0.029766,0.992679
25.854000,-0.306201,0.007787,1.070224,0.001225,-0.000088,-0.004818,0.000005,0.000215,1.570358,-0.300000,1.000000,1.100000,0.000000,0.000000,-1.571000,0.006201,0.992213,0.029776,0.992679
25.856000,-0.306198,0.007787,1.070215,0.001225,-0.000083,-0.004815,0.000006,0.000218,1.570359,-0.300000,1.000000,1.100000,0.000000,0.000000,-1.571000,0.006198,0.992213,0.029785,0.992679
25.858000,-0.306196,0.007787,1.070205,0.001225,-0.000079,-0.004811,0.000006,0.000221,1.570359,-0.300000,1.000000,1.100000,0.000000,0.000000,-1.571000,0.006196,0.992213,0.029795,0.992680
25.860000,-0.306193,0.007787,1.070196,0.001225,-0.000075,-0.004808,0.000007,0.000223,1.570360,-0.300000,1.000000,1.100000,0.000000,0.000000,-1.571000,0.006193,0.992213,0.029804,0.992680
25.862000,-0.306191,0.007786,1.070186,0.001225,-0.000070,-0.004804,0.000008,0.000226,1.570360,-0.300000,1.000000,1.100000,0.000000,0.000000,-1.571000,0.006191,0.992214,0.029814,0.992681
25.864000,-0.306189,0.007786,1.070176,0.001225,-0.000066,-0.004800,0.000009,0.000228,1.570361,-0.300000,1.000000,1.100000,0.000000,0.000000,-1.571000,0.006189,0.992214,0.029824,0.992681
25.866000,-0.306186,0.007786,1.070167,0.001225,-0.000062,-0.004795,0.000010,0.000230,1.570361,-0.300000,1.000000,1.100000,0.000000,0.000000,-1.571000,0.006186,0.992214,0.029833,0.992682
25.868000,-0.306184,0.007786,1.070157,0.001226,-0.000057,-0.004791,0.000010,0.000232,1.570362,-0.300000,1.000000,1.100000,0.000000,0.000000,-1.571000,0.006184,0.992214,0.029843,0.992682
25.870000,-0.306181,0.007786,1.070148,0.001226,-0.000052,-0.004787,0.000011,0.000234,1.570362,-0.300000,1.000000,1.100000,0.000000,0.000000,-1.571000,0.006181,0.992214,0.029852,0.992682
25.872000,-0.306179,0.007786,1.070138,0.001226,-0.000048,-0.004782,0.000012,0.000236,1.570363,-0.300000,1.000000,1.100000,0.000000,0.000000,-1.571000,0.006179,0.992214,0.029862,0.992683
25.874000,-0.306176,0.007786,1.070128,0.001226,-0.000043,-0.004777,0.000013,0.000238,1.570364,-0.300000,1.000000,1.100000,0.000000,0.000000,-1.571000,0.006176,0.992214,0.029872,0.992683
25.876000,-0.306174,0.007786,1.070119,0.001227,-0.000039,-0.004773,0.000014,0.000240,1.570364,-0.300000,1.000000,1.100000,0.000000,0.000000,-1.571000,0.006174,0.992214,0.029881,0.992683
25.878000,-0.306171,0.007786,1.070109,0.001227,-0.000034,-0.004768,0.000015,0.000241,1.570365,-0.300000,1.000000,1.100000,0.000000,0.000000,-1.571000,0.006171,0.992214,0.029891,0.992684
25.880000,-0.306169,0.007785,1.070100,0.001227,-0.000029,-0.004763,0.000015,0.000243,1.570365,-0.300000,1.000000,1.100000,0.000000,0.000000,-1.571000,0.006169,0.992215,0.029900,0.992684
25.882000,-0.306166,0.007785,1.070090,0.001227,-0.000024,-0.004758,0.000016,0.000244,1.570366,-0.300000,1.000000,1.100000,0.000000,0.000000,-1.571000,0.006166,0.992215,0.029910,0.992684
25.884000,-0.306164,0.007785,1.070081,0.001228,-0.000020,-0.004753,0.000017,0.000245,1.570366,-0.300000,1.000000,1.100000,0.000000,0.000000,-1.571000,0.006164,0.992215,0.029919,0.992685
25.886000,-0.306162,0.007785,1.070071,0.001228,-0.000015,-0.004747,0.000018,0.000246,1.570367,-0.300000,1.000000,1.100000,0.000000,0.000000,-1.571000,0.006162,0.992215,0.029929,0.992685
25.888000,-0.306159,0.007785,1.070062,0.001228,-0.000010,-0.004742,0.000019,0.000248,1.570367,-0.300000,1.000000,1.100000,0.000000,0.000000,-1.571000,0.006159,0.992215,0.029938,0.992685
25.890000,-0.306157,0.007785,1.070052,0.001229,-0.000005,-0.004737,0.000020,0.000249,1.570368,-0.300000,1.000000,1.100000,0.000000,0.000000,-1.571000,0.006157,0.992215,0.029948,0.992686
25.892000,-0.306154,0.007785,1.070043,0.001229,-0.000000,-0.004731,0.000020,0.000249,1.570368,-0.300000,1.000000,1.100000,0.000000,0.000000,-1.571000,0.006154,0.992215,0.029957,0.992686
25.894000,-0.306152,0.007785,1.070033,0.001230,0.000005,-0.004726,0.000021,0.000250,1.570369,-0.300000,1.000000,1.100000,0.000000,0.000000,-1.571000,0.006152,0.992215,0.029967,0.992686
25.896000,-0.306149,0.007785,1.070024,0.001230,0.000010,-0.004721,0.000022,0.000251,1.570369,-0.300000,1.000000,1.100000,0.000000,0.000000,-1.571000,0.006149,0.992215,0.029976,0.992686
25.898000,-0.306147,0.007785,1.070015,0.001231,0.000015,-0.004715,0.000023,0.000252,1.570370,-0.300000,1.000000,1.100000,0.000000,0.000000,-1.571000,0.006147,0.992215,0.029985,0.992687
25.900000,-0.306144,0.007785,1.070005,0.001231,0.000019,-0.004710,0.000024,0.000252,1.570370,-0.300000,1.000000,1.100000,0.000000,0.000000,-1.571000,0.006144,0.992215,0.029995,0.992687
25.902000,-0.306142,0.007785,1.069996,0.001231,0.000024,-0.004704,0.000025,0.000252,1.570371,-0.300000,1.000000,1.100000,0.000000,0.000000,-1.571000,0.006142,0.992215,0.030004,0.992687
25.904000,-0.306139,0.007786,1.069986,0.001232,0.000029,-0.004699,0.000025,0.000253,1.570371,-0.300000,1.000000,1.100000,0.000000,0.000000,-1.571000,0.006139,0.992214,0.030014,0.992687
25.906000,-0.306137,0.007786,1.069977,0.001232,0.000034,-0.004693,0.000026,0.000252,1.570371,-0.300000,1.000000,1.100000,0.000000,0.000000,-1.571000,0.006137,0.992214,0.030023,0.992688
25.908000,-0.306134,0.007786,1.069968,0.001233,0.000039,-0.004688,0.000027,0.000252,1.570371,-0.300000,1.000000,1.100000,0.000000,0.000000,-1.571000,0.006134,0.992214,0.030032,0.992688
25.910000,-0.306132,0.007786,1.069958,0.001233,0.000044,-0.004682,0.000028,0.000252,1.570371,-0.300000,1.000000,1.100000,0.000000,0.000000,-1.571000,0.006132,0.992214,0.030042,0.992688
25.912000,-0.306130,0.007786,1.069949,0.001234,0.000049,-0.004676,0.000029,0.000251,1.570371,-0.300000,1.000000,1.100000,0.000000,0.000000,-1.571000,0.006130,0.992214,0.030051,0.992688
25.914000,-0.306127,0.007786,1.069939,0.001235,0.000054,-0.004671,0.000029,0.000250,1.570371,-0.300000,1.000000,1.100000,0.000000,0.000000,-1.571000,0.006127,0.992214,0.030061,0.992688
25.916000,-0.306125,0.007786,1.069930,0.001235,0.000059,-0.004665,0.000030,0.000249,1.570371,-0.300000,1.000000,1.100000,0.000000,0.000000,-1.571000,0.006125,0.992214,0.030070,0.992688
25.918000,-0.306122,0.007786,1.069921,0.001236,0.000064,-0.004659,0.000031,0.000248,1.570371,-0.300000,1.000000,1.100000,0.000000,0.000000,-1.571000,0.006122,0.992214,0.030079,0.992689
25.920000,-0.306120,0.007786,1.069911,0.001236,0.000069,-0.004654,0.000032,0.000246,1.570371,-0.300000,1.000000,1.100000,0.000000,0.000000,-1.571000,0.006120,0.992214,0.030089,0.992689
25.922000,-0.306117,0.007786,1.069902,0.001237,0.000073,-0.004648,0.000033,0.000244,1.570371,-0.300000,1.000000,1.100000,0.000000,0.000000,-1.571000,0.006117,0.992214,0.030098,0.992689
25.924000,-0.306115,0.007787,1.069893,0.001238,0.000078,-0.004642,0.000034,0.000242,1.570370,-0.300000,1.000000,1.100000,0.000000,0.000000,-1.571000,0.006115,0.992213,0.030107,0.992689
25.926000,-0.306112,0.007787,1.069884,0.001238,0.000083,-0.004637,0.000034,0.000240,1.570370,-0.300000,1.000000,1.100000,0.000000,0.000000,-1.571000,0.006112,0.992213,0.030116,0.992689
25.928000,-0.306110,0.007787,1.069874,0.001239,0.000088,-0.004631,0.000035,0.000237,1.570369,-0.300000,1.000000,1.100000,0.000000,0.000000,-1.571000,0.006110,0.992213,0.030126,0.992689
25.930000,-0.306107,0.007787,1.069865,0.001240,0.000092,-0.004625,0.000036,0.000234,1.570369,-0.300000,1.000000,1.100000,0.000000,0.000000,-1.571000,0.006107,0.992213,0.030135,0.992689
25.932000,-0.306105,0.007787,1.069856,0.001240,0.000097,-0.004620,0.000037,0.000231,1.570368,-0.300000,1.000000,1.100000,0.000000,0.000000,-1.571000,0.006105,0.992213,0.030144,0.992689
25.934000,-0.306102,0.007788,1.069847,0.001241,0.000101,-0.004614,0.000037,0.000228,1.570367,-0.300000,1.000000,1.100000,0.000000,0.000000,-1.571000,0.006102,0.992212,0.030153,0.992689
25.936000,-0.306100,0.007788,1.069837,0.001242,0.000106,-0.004608,0.000038,0.000225,1.570366,-0.300000,1.000000,1.100000,0.000000,0.000000,-1.571000,0.006100,0.992212,0.030163,0.992689
25.938000,-0.306097,0.007788,1.069828,0.001242,0.000110,-0.004602,0.000039,0.000221,1.570366,-0.300000,1.000000,1.100000,0.000000,0.000000,-1.571000,0.006097,0.992212,0.030172,0.992689
25.940000,-0.306095,0.007788,1.069819,0.001243,0.000115,-0.004597,0.000039,0.000218,1.570365,-0.300000,1.000000,1.100000,0.000000,0.000000,-1.571000,0.006095,0.992212,0.030181,0.992689
25.942000,-0.306092,0.007788,1.069810,0.001244,0.000119,-0.004591,0.000040,0.000214,1.570364,-0.300000,1.000000,1.100000,0.000000,0.000000,-1.571000,0.006092,0.992212,0.030190,0.992689
25.944000,-0.306090,0.007789,1.069801,0.001245,0.000123,-0.004585,0.000040,0.000210,1.570363,-0.300000,1.000000,1.100000,0.000000,0.000000,-1.571000,0.006090,0.992211,0.030199,0.992689
25.946000,-0.306087,0.007789,1.069791,0.001246,0.000127,-0.004579,0.000040,0.000205,1.570362,-0.300000,1.000000,1.100000,0.000000,0.000000,-1.571000,0.006087,0.992211,0.030209,0.992689
25.948000,-0.306085,0.007789,1.069782,0.001246,0.000131,-0.004574,0.000040,0.000201,1.570361,-0.300000,1.000000,1.100000,0.000000,0.000000,-1.571000,0.006085,0.992211,0.030218,0.992689
25.950000,-0.306082,0.007789,1.069773,0.001247,0.000135,-0.004568,0.000041,0.000197,1.570360,-0.300000,1.000000,1.100000,0.000000,0.000000,-1.571000,0.006082,0.992211,0.030227,0.992689
25.952000,-0.306080,0.007790,1.069764,0.001248,0.000139,-0.004562,0.000041,0.000192,1.570359,-0.300000,1.000000,1.100000,0.000000,0.000000,-1.571000,0.006080,0.992210,0.030236,0.992689
25.954000,-0.306077,0.007790,1.069755,0.001249,0.000143,-0.004557,0.000041,0.000187,1.570358,-0.300000,1.000000,1.100000,0.000000,0.000000,-1.571000,0.006077,0.992210,0.030245,0.992689
25.956000,-0.306075,0.007790,1.069746,0.001250,0.000146,-0.004552,0.000041,0.000183,1.570356,-0.300000,1.000000,1.100000,0.000000,0.000000,-1.571000,0.006075,0.992210,0.030254,0.992689
25.958000,-0.306072,0.007791,1.069737,0.001250,0.000150,-0.004547,0.000040,0.000178,1.570355,-0.300000,1.000000,1.100000,0.000000,0.000000,-1.571000,0.006072,0.992209,0.030263,0.992689
25.960000,-0.306070,0.007791,1.069728,0.001251,0.000153,-0.004542,0.000040,0.000173,1.570354,-0.300000,1.000000,1.100000,0.000000,0.000000,-1.571000,0.006070,0.992209,0.030272,0.992689
25.962000,-0.306067,0.007791,1.069719,0.001252,0.000157,-0.004538,0.000040,0.000168,1.570353,-0.300000,1.000000,1.100000,0.000000,0.000000,-1.571000,0.006067,0.992209,0.030281,0.992689
25.964000,-0.306065,0.007792,1.069710,0.001253,0.000160,-0.004533,0.000039,0.000163,1.570352,-0.300000,1.000000,1.100000,0.000000,0.000000,-1.571000,0.006065,0.992208,0.030290,0.992689
25.966000,-0.306062,0.007792,1.069700,0.001253,0.000163,-0.004529,0.000039,0.000158,1.570351,-0.300000,1.000000,1.100000,0.000000,0.000000,-1.571000,0.006062,0.992208,0.030300,0.992689
25.968000,-0.306060,0.007792,1.069691,0.001254,0.000166,-0.004525,0.000039,0.000153,1.570350,-0.300000,1.000000,1.100000,0.000000,0.000000,-1.571000,0.006060,0.992208,0.030309,0.992689
25.970000,-0.306057,0.007793,1.069682,0.001255,0.000169,-0.004521,0.000038,0.000148,1.570348,-0.300000,1.000000,1.100000,0.000000,0.000000,-1.571000,0.006057,0.992207,0.030318,0.992689
25.972000,-0.306055,0.007793,1.069673,0.001256,0.000172,-0.004517,0.000038,0.000143,1.570347,-0.300000,1.000000,1.100000,0.000000,0.000000,-1.571000,0.006055,0.992207,0.030327,0.992689
25.974000,-0.306052,0.007793,1.069664,0.001256,0.000175,-0.004513,0.000037,0.000138,1.570346,-0.300000,1.000000,1.100000,0.000000,0.000000,-1.571000,0.006052,0.992207,0.030336,0.992689
25.976000,-0.306050,0.007794,1.069655,0.001257,0.000177,-0.004510,0.000037,0.000133,1.570345,-0.300000,1.000000,1.100000,0.000000,0.000000,-1.571000,0.006050,0.992206,0.030345,0.992689
25.978000,-0.306047,0.007794,1.069646,0.001258,0.000180,-0.004506,0.000036,0.000127,1.570344,-0.300000,1.000000,1.100000,0.000000,0.000000,-1.571000,0.006047,0.992206,0.030354,0.992689
25.980000,-0.306045,0.007794,1.069637,0.001259,0.000182,-0.004503,0.000035,0.000122,1.570343,-0.300000,1.000000,1.100000,0.000000,0.000000,-1.571000,0.006045,0.992206,0.030363,0.992689
25.982000,-0.306042,0.007795,1.069628,0.001259,0.000185,-0.004499,0.000035,0.000118,1.570342,-0.300000,1.000000,1.100000,0.000000,0.000000,-1.571000,0.006042,0.992205,0.030372,0.992688
25.984000,-0.306040,0.007795,1.069619,0.001260,0.000187,-0.004496,0.000034,0.000113,1.570341,-0.300000,1.000000,1.100000,0.000000,0.000000,-1.571000,0.006040,0.992205,0.030381,0.992688
25.986000,-0.306037,0.007795,1.069610,0.001261,0.000189,-0.004492,0.000033,0.000108,1.570340,-0.300000,1.000000,1.100000,0.000000,0.000000,-1.571000,0.006037,0.992205,0.030390,0.992688
25.988000,-0.306035,0.007796,1.069601,0.001261,0.000191,-0.004489,0.000033,0.000103,1.570339,-0.300000,1.000000,1.100000,0.000000,0.000000,-1.571000,0.006035,0.992204,0.030399,0.992688
25.990000,-0.306032,0.007796,1.069592,0.001262,0.000193,-0.004486,0.000032,0.000098,1.570338,-0.300000,1.000000,1.100000,0.000000,0.000000,-1.571000,0.006032,0.992204,0.030408,0.992688
25.992000,-0.306030,0.007797,1.069583,0.001263,0.000195,-0.004483,0.000031,0.000093,1.570337,-0.300000,1.000000,1.100000,0.000000,0.000000,-1.571000,0.006030,0.992203,0.030417,0.992688
25.994000,-0.306027,0.007797,1.069574,0.001263,0.000197,-0.004480,0.000030,0.000088,1.570336,-0.300000,1.000000,1.100000,0.000000,0.000000,-1.571000,0.006027,0.992203,0.030426,0.992688
25.996000,-0.306025,0.007797,1.069565,0.001264,0.000199,-0.004476,0.000030,0.000084,1.570335,-0.300000,1.000000,1.100000,0.000000,0.000000,-1.571000,0.006025,0.992203,0.030435,0.992688
25.998000,-0.306022,0.007798,1.069556,0.001264,0.000200,-0.004473,0.000029,0.000079,1.570334,-0.300000,1.000000,1.100000,0.000000,0.000000,-1.571000,0.006022,0.992202,0.030444,0.992687
26.000000,-0.306020,0.007798,1.069548,0.001265,0.000202,-0.004470,0.000028,0.000075,1.570333,-0.300000,1.000000,1.100000,0.000000,0.000000,-1.571000,0.006020,0.992202,0.030452,0.992687
26.002000,-0.306017,0.007799,1.069539,0.001265,0.000203,-0.004467,0.000027,0.000070,1.570332,-0.300000,1.000000,1.100000,0.000000,0.000000,-1.571000,0.006017,0.992201,0.030461,0.992687
26.004000,-0.306015,0.007799,1.069530,0.001266,0.000205,-0.004464,0.000027,0.000066,1.570331,-0.300000,1.000000,1.100000,0.000000,0.000000,-1.571000,0.006015,0.992201,0.030470,0.992687
26.006000,-0.306012,0.007799,1.069521,0.001267,0.000206,-0.004461,0.000026,0.000061,1.570330,-0.300000,1.000000,1.100000,0.000000,0.000000,-1.571000,0.006012,0.992201,0.030479,0.992687
26.008000,-0.306009,0.007800,1.069512,0.001267,0.000207,-0.004458,0.000025,0.000057,1.570330,-0.300000,1.000000,1.100000,0.000000,0.000000,-1.571000,0.006009,0.992200,0.030488,0.992687
26.010000,-0.306007,0.007800,1.069503,0.001268,0.000208,-0.004455,0.000024,0.000053,1.570329,-0.300000,1.000000,1.100000,0.000000,0.000000,-1.571000,0.006007,0.992200,0.030497,0.992687
26.012000,-0.306004,0.007801,1.069494,0.001268,0.000209,-0.004452,0.000023,0.000049,1.570328,-0.300000,1.000000,1.100000,0.000000,0.000000,-1.571000,0.006004,0.992199,0.030506,0.992686
26.014000,-0.306002,0.007801,1.069485,0.001268,0.000210,-0.004449,0.000023,0.000045,1.570327,-0.300000,1.000000,1.100000,0.000000,0.000000,-1.571000,0.006002,0.992199,0.030515,0.992686
26.016000,-0.305999,0.007801,1.069476,0.001269,0.000211,-0.004446,0.000022,0.000042,1.570326,-0.300000,1.000000,1.100000,0.000000,0.000000,-1.571000,0.005999,0.992199,0.030524,0.992686
26.018000,-0.305997,0.007802,1.069467,0.001269,0.000212,-0.004444,0.000021,0.000038,1.570326,-0.300000,1.000000,1.100000,0.000000,0.000000,-1.571000,0.005997,0.992198,0.030533,0.992686
26.020000,-0.305994,0.007802,1.069458,0.001270,0.000213,-0.004441,0.000020,0.000034,1.570325,-0.300000,1.000000,1.100000,0.000000,0.000000,-1.571000,0.005994,0.992198,0.030542,0.992686
26.022000,-0.305992,0.007803,1.069450,0.001270,0.000213,-0.004438,0.000019,0.000031,1.570324,-0.300000,1.000000,1.100000,0.000000,0.000000,-1.571000,0.005992,0.992197,0.030550,0.992686
26.024000,-0.305989,0.007803,1.069441,0.001270,0.000214,-0.004435,0.000019,0.000028,1.570324,-0.300000,1.000000,1.100000,0.000000,0.000000,-1.571000,0.005989,0.992197,0.030559,0.992685
26.026000,-0.305987,0.007804,1.069432,0.001271,0.000214,-0.004432,0.000018,0.000025,1.570323,-0.300000,1.000000,1.100000,0.000000,0.000000,-1.571000,0.005987,0.992196,0.030568,0.992685
26.028000,-0.305984,0.007804,1.069423,0.001271,0.000215,-0.004429,0.000017,0.000022,1.570322,-0.300000,1.000000,1.100000,0.000000,0.000000,-1.571000,0.005984,0.992196,0.030577,0.992685
26.030000,-0.305982,0.007804,1.069414,0.001272,0.000215,-0.004426,0.000016,0.000019,1.570322,-0.300000,1.000000,1.100000,0.000000,0.000000,-1.571000,0.005982,0.992196,0.030586,0.992685
26.032000,-0.305979,0.007805,1.069405,0.001272,0.000216,-0.004423,0.000015,0.000016,1.570321,-0.300000,1.000000,1.100000,0.000000,0.000000,-1.571000,0.005979,0.992195,0.030595,0.992685
26.034000,-0.305976,0.007805,1.069396,0.001272,0.000216,-0.004420,0.000014,0.000014,1.570321,-0.300000,1.000000,1.100000,0.000000,0.000000,-1.571000,0.005976,0.992195,0.030604,0.992685
26.036000,-0.305974,0.007806,1.069388,0.001272,0.000216,-0.004418,0.000013,0.000012,1.570320,-0.300000,1.000000,1.100000,0.000000,0.000000,-1.571000,0.005974,0.992194,0.030612,0.992684
26.038000,-0.305971,0.007806,1.069379,0.001273,0.000216,-0.004415,0.000013,0.000009,1.570319,-0.300000,1.000000,1.100000,0.000000,0.000000,-1.571000,0.005971,0.992194,0.030621,0.992684
26.040000,-0.305969,0.007807,1.069370,0.001273,0.000217,-0.004412,0.000012,0.000007,1.570319,-0.300000,1.000000,1.100000,0.000000,0.000000,-1.571000,0.005969,0.992193,0.030630,0.992684
26.042000,-0.305966,0.007807,1.069361,0.001273,0.000217,-0.004409,0.000011,0.000006,1.570318,-0.300000,1.000000,1.100000,0.000000,0.000000,-1.571000,0.005966,0.992193,0.030639,0.992684
26.044000,-0.305964,0.007807,1.069352,0.001273,0.000217,-0.004406,0.000010,0.000004,1.570318,-0.300000,1.000000,1.100000,0.000000,0.000000,-1.571000,0.005964,0.992193,0.030648,0.992684
26.046000,-0.305961,0.007808,1.069344,0.001274,0.000217,-0.004403,0.000009,0.000002,1.570317,-0.300000,1.000000,1.100000,0.000000,0.000000,-1.571000,0.005961,0.992192,0.030656,0.992683
26.048000,-0.305959,0.007808,1.069335,0.001274,0.000217,-0.004401,0.000008,0.000001,1.570317,-0.300000,1.000000,1.100000,0.000000,0.000000,-1.571000,0.005959,0.992192,0.030665,0.992683
26.050000,-0.305956,0.007809,1.069326,0.001274,0.000217,-0.004398,0.000008,-0.000000,1.570316,-0.300000,1.000000,1.100000,0.000000,0.000000,-1.571000,0.005956,0.992191,0.030674,0.992683
26.052000,-0.305954,0.007809,1.069317,0.001274,0.000217,-0.004395,0.000007,-0.000002,1.570315,-0.300000,1.000000,1.100000,0.000000,0.000000,-1.571000,0.005954,0.992191,0.030683,0.992683
26.054000,-0.305951,0.007810,1.069308,0.001274,0.000217,-0.004392,0.000006,-0.000003,1.570315,-0.300000,1.000000,1.100000,0.000000,0.000000,-1.571000,0.005951,0.992190,0.030692,0.992683
26.056000,-0.305948,0.007810,1.069300,0.001274,0.000217,-0.004389,0.000005,-0.000004,1.570314,-0.300000,1.000000,1.100000,0.000000,0.000000,-1.571000,0.005948,0.992190,0.030700,0.992683
26.058000,-0.305946,0.007811,1.069291,0.001274,0.000217,-0.004387,0.000004,-0.000005,1.570314,-0.300000,1.000000,1.100000,0.000000,0.000000,-1.571000,0.005946,0.992189,0.030709,0.992682
26.060000,-0.305943,0.007811,1.069282,0.001274,0.000217,-0.004384,0.000003,-0.000006,1.570313,-0.300000,1.000000,1.100000,0.000000,0.000000,-1.571000,0.005943,0.992189,0.030718,0.992682
26.062000,-0.305941,0.007811,1.069273,0.001275,0.000217,-0.004381,0.000002,-0.000006,1.570313,-0.300000,1.000000,1.100000,0.000000,0.000000,-1.571000,0.005941,0.992189,0.030727,0.992682
26.064000,-0.305938,0.007812,1.069264,0.001275,0.000216,-0.004378,0.000002,-0.000007,1.570312,-0.300000,1.000000,1.100000,0.000000,0.000000,-1.571000,0.005938,0.992188,0.030736,0.992682
26.066000,-0.305936,0.007812,1.069256,0.001275,0.000216,-0.004375,0.000001,-0.000007,1.570312,-0.300000,1.000000,1.100000,0.000000,0.000000,-1.571000,0.005936,0.992188,0.030744,0.992682
26.068000,-0.305933,0.007813,1.069247,0.001275,0.000216,-0.004372,-0.000000,-0.000008,1.570311,-0.300000,1.000000,1.100000,0.000000,0.000000,-1.571000,0.005933,0.992187,0.030753,0.992682
26.070000,-0.305931,0.007813,1.069238,0.001275,0.000216,-0.004370,-0.000001,-0.000008,1.570311,-0.300000,1.000000,1.100000,0.000000,0.000000,-1.571000,0.005931,0.992187,0.030762,0.992681
26.072000,-0.305928,0.007814,1.069230,0.001275,0.000216,-0.004367,-0.000002,-0.000009,1.570310,-0.300000,1.000000,1.100000,0.000000,0.000000,-1.571000,0.005928,0.992186,0.030770,0.992681
26.074000,-0.305925,0.007814,1.069221,0.001275,0.000216,-0.004364,-0.000003,-0.000009,1.570310,-0.300000,1.000000,1.100000,0.000000,0.000000,-1.571000,0.005925,0.992186,0.030779,0.992681
26.076000,-0.305923,0.007814,1.069212,0.001274,0.000215,-0.004361,-0.000004,-0.000009,1.570309,-0.300000,1.000000,1.100000,0.000000,0.000000,-1.571000,0.005923,0.992186,0.030788,0.992681
26.078000,-0.305920,0.007815,1.069203,0.001274,0.000215,-0.004358,-0.000004,-0.000009,1.570309,-0.300000,1.000000,1.100000,0.000000,0.000000,-1.571000,0.005920,0.992185,0.030797,0.992681
26.080000,-0.305918,0.007815,1.069195,0.001274,0.000215,-0.004356,-0.000005,-0.000010,1.570308,-0.300000,1.000000,1.100000,0.000000,0.000000,-1.571000,0.005918,0.992185,0.030805,0.992680
26.082000,-0.305915,0.007816,1.069186,0.001274,0.000215,-0.004353,-0.000006,-0.000010,1.570308,-0.300000,1.000000,1.100000,0.000000,0.000000,-1.571000,0.005915,0.992184,0.030814,0.992680
26.084000,-0.305913,0.007816,1.069177,0.001274,0.000215,-0.004350,-0.000007,-0.000010,1.570308,-0.300000,1.000000,1.100000,0.000000,0.000000,-1.571000,0.005913,0.992184,0.030823,0.992680
26.086000,-0.305910,0.007817,1.069169,0.001274,0.000214,-0.004347,-0.000008,-0.000010,1.570308,-0.300000,1.000000,1.100000,0.000000,0.000000,-1.571000,0.005910,0.992183,0.030831,0.992680
26.088000,-0.305908,0.007817,1.069160,0.001274,0.000214,-0.004345,-0.000009,-0.000011,1.570307,-0.300000,1.000000,1.100000,0.000000,0.000000,-1.571000,0.005908,0.992183,0.030840,0.992680
26.090000,-0.305905,0.007817,1.069151,0.001274,0.000214,-0.004342,-0.000010,-0.000011,1.570307,-0.300000,1.000000,1.100000,0.000000,0.000000,-1.571000,0.005905,0.992183,0.030849,0.992680
26.092000,-0.305903,0.007818,1.069142,0.001273,0.000214,-0.004339,-0.000010,-0.000012,1.570307,-0.300000,1.000000,1.100000,0.000000,0.000000,-1.571000,0.005903,0.992182,0.030858,0.992679
26.094000,-0.305900,0.007818,1.069134,0.001273,0.000214,-0.004336,-0.000011,-0.000013,1.570307,-0.300000,1.000000,1.100000,0.000000,0.000000,-1.571000,0.005900,0.992182,0.030866,0.992679
26.096000,-0.305897,0.007819,1.069125,0.001273,0.000213,-0.004333,-0.000012,-0.000013,1.570307,-0.300000,1.000000,1.100000,0.000000,0.000000,-1.571000,0.005897,0.992181,0.030875,0.992679
26.098000,-0.305895,0.007819,1.069116,0.001273,0.000213,-0.004331,-0.000013,-0.000014,1.570308,-0.300000,1.000000,1.100000,0.000000,0.000000,-1.571000,0.005895,0.992181,0.030884,0.992679
26.100000,-0.305892,0.007820,1.069108,0.001273,0.000213,-0.004328,-0.000014,-0.000015,1.570308,-0.300000,1.000000,1.100000,0.000000,0.000000,-1.571000,0.005892,0.992180,0.030892,0.992679
26.102000,-0.305890,0.007820,1.069099,0.001272,0.000213,-0.004325,-0.000015,-0.000016,1.570308,-0.300000,1.000000,1.100000,0.000000,0.000000,-1.571000,0.005890,0.992180,0.030901,0.992679
26.104000,-0.305887,0.007820,1.069091,0.001272,0.000212,-0.004322,-0.000016,-0.000017,1.570309,-0.300000,1.000000,1.100000,0.000000,0.000000,-1.571000,0.005887,0.992180,0.030909,0.992678
26.106000,-0.305885,0.007821,1.069082,0.001272,0.000212,-0.004320,-0.000016,-0.000019,1.570309,-0.300000,1.000000,1.100000,0.000000,0.000000,-1.571000,0.005885,0.992179,0.030918,0.992678
26.108000,-0.305882,0.007821,1.069073,0.001271,0.000211,-0.004317,-0.000017,-0.000020,1.570310,-0.300000,1.000000,1.100000,0.000000,0.000000,-1.571000,0.005882,0.992179,0.030927,0.992678
26.110000,-0.305880,0.007822,1.069065,0.001271,0.000211,-0.004314,-0.000018,-0.000022,1.570310,-0.300000,1.000000,1.100000,0.000000,0.000000,-1.571000,0.005880,0.992178,0.030935,0.992678
26.112000,-0.305877,0.007822,1.069056,0.001271,0.000211,-0.004311,-0.000019,-0.000024,1.570311,-0.300000,1.000000,1.100000,0.000000,0.000000,-1.571000,0.005877,0.992178,0.030944,0.992678
26.114000,-0.305875,0.007823,1.069047,0.001270,0.000210,-0.004309,-0.000020,-0.000026,1.570311,-0.300000,1.000000,1.100000,0.000000,0.000000,-1.571000,0.005875,0.992177,0.030953,0.992678
26.116000,-0.305872,0.007823,1.069039,0.001270,0.000210,-0.004306,-0.000021,-0.000028,1.570312,-0.300000,1.000000,1.100000,0.000000,0.000000,-1.571000,0.005872,0.992177,0.030961,0.992677
26.118000,-0.305869,0.007823,1.069030,0.001270,0.000209,-0.004304,-0.000022,-0.000030,1.570313,-0.300000,1.000000,1.100000,0.000000,0.000000,-1.571000,0.005869,0.992177,0.030970,0.992677
26.120000,-0.305867,0.007824,1.069022,0.001269,0.000208,-0.004302,-0.000023,-0.000032,1.570314,-0.300000,1.000000,1.100000,0.000000,0.000000,-1.571000,0.005867,0.992176,0.030978,0.992677
26.122000,-0.305864,0.007824,1.069013,0.001269,0.000208,-0.004301,-0.000023,-0.000035,1.570315,-0.300000,1.000000,1.100000,0.000000,0.000000,-1.571000,0.005864,0.992176,0.030987,0.992677
26.124000,-0.305862,0.007825,1.069004,0.001268,0.000207,-0.004299,-0.000024,-0.000037,1.570316,-0.300000,1.000000,1.100000,0.000000,0.000000,-1.571000,0.005862,0.992175,0.030996,0.992677
26.126000,-0.305859,0.007825,1.068996,0.001268,0.000206,-0.004298,-0.000025,-0.000040,1.570317,-0.300000,1.000000,1.100000,0.000000,0.000000,-1.571000,0.005859,0.992175,0.031004,0.992677
26.128000,-0.305857,0.007825,1.068987,0.001267,0.000206,-0.004296,-0.000026,-0.000043,1.570318,-0.300000,1.000000,1.100000,0.000000,0.000000,-1.571000,0.005857,0.992175,0.031013,0.992676
26.130000,-0.305854,0.007826,1.068979,0.001267,0.000205,-0.004295,-0.000027,-0.000046,1.570319,-0.300000,1.000000,1.100000,0.000000,0.000000,-1.571000,0.005854,0.992174,0.031021,0.992676
26.132000,-0.305852,0.007826,1.068970,0.001266,0.000204,-0.004294,-0.000028,-0.000049,1.570320,-0.300000,1.000000,1.100000,0.000000,0.000000,-1.571000,0.005852,0.992174,0.031030,0.992676
26.134000,-0.305849,0.007827,1.068961,0.001266,0.000203,-0.004294,-0.000029,-0.000053,1.570321,-0.300000,1.000000,1.100000,0.000000,0.000000,-1.571000,0.005849,0.992173,0.031039,0.992676
26.136000,-0.305847,0.007827,1.068953,0.001265,0.000202,-0.004293,-0.000030,-0.000056,1.570322,-0.300000,1.000000,1.100000,0.000000,0.000000,-1.571000,0.005847,0.992173,0.031047,0.992676
26.138000,-0.305844,0.007827,1.068944,0.001265,0.000201,-0.004292,-0.000030,-0.000060,1.570323,-0.300000,1.000000,1.100000,0.000000,0.000000,-1.571000,0.005844,0.992173,0.031056,0.992676
26.140000,-0.305842,0.007828,1.068936,0.001264,0.000199,-0.004292,-0.000031,-0.000063,1.570324,-0.300000,1.000000,1.100000,0.000000,0.000000,-1.571000,0.005842,0.992172,0.031064,0.992676
26.142000,-0.305839,0.007828,1.068927,0.001263,0.000198,-0.004291,-0.000032,-0.000067,1.570325,-0.300000,1.000000,1.100000,0.000000,0.000000,-1.571000,0.005839,0.992172,0.031073,0.992675
26.144000,-0.305837,0.007829,1.068918,0.001263,0.000197,-0.004291,-0.000033,-0.000071,1.570327,-0.300000,1.000000,1.100000,0.000000,0.000000,-1.571000,0.005837,0.992171,0.031082,0.992675
26.146000,-0.305834,0.007829,1.068910,0.001262,0.000195,-0.004290,-0.000034,-0.000075,1.570328,-0.300000,1.000000,1.100000,0.000000,0.000000,-1.571000,0.005834,0.992171,0.031090,0.992675
26.148000,-0.305832,0.007829,1.068901,0.001261,0.000194,-0.004290,-0.000035,-0.000079,1.570329,-0.300000,1.000000,1.100000,0.000000,0.000000,-1.571000,0.005832,0.992171,0.031099,0.992675
26.150000,-0.305829,0.007830,1.068893,0.001261,0.000192,-0.004290,-0.000036,-0.000084,1.570330,-0.300000,1.000000,1.100000,0.000000,0.000000,-1.571000,0.005829,0.992170,0.031107,0.992675
26.152000,-0.305826,0.007830,1.068884,0.001260,0.000191,-0.004290,-0.000037,-0.000088,1.570331,-0.300000,1.000000,1.100000,0.000000,0.000000,-1.571000,0.005826,0.992170,0.031116,0.992675
26.154000,-0.305824,0.007831,1.068876,0.001259,0.000189,-0.004289,-0.000037,-0.000092,1.570332,-0.300000,1.000000,1.100000,0.000000,0.000000,-1.571000,0.005824,0.992169,0.031124,0.992675
26.156000,-0.305821,0.007831,1.068867,0.001258,0.000187,-0.004289,-0.000038,-0.000097,1.570333,-0.300000,1.000000,1.100000,0.000000,0.000000,-1.571000,0.005821,0.992169,0.031133,0.992674
26.158000,-0.305819,0.007831,1.068858,0.001258,0.000185,-0.004289,-0.000039,-0.000101,1.570334,-0.300000,1.000000,1.100000,0.000000,0.000000,-1.571000,0.005819,0.992169,0.031142,0.992674
26.160000,-0.305816,0.007832,1.068850,0.001257,0.000183,-0.004289,-0.000040,-0.000106,1.570336,-0.300000,1.000000,1.100000,0.000000,0.000000,-1.571000,0.005816,0.992168,0.031150,0.992674
26.162000,-0.305814,0.007832,1.068841,0.001256,0.000181,-0.004289,-0.000040,-0.000111,1.570337,-0.300000,1.000000,1.100000,0.000000,0.000000,-1.571000,0.005814,0.992168,0.031159,0.992674
26.164000,-0.305811,0.007832,1.068833,0.001255,0.000179,-0.004289,-0.000041,-0.000115,1.570338,-0.300000,1.000000,1.100000,0.000000,0.000000,-1.571000,0.005811,0.992168,0.031167,0.992674
26.166000,-0.305809,0.007833,1.068824,0.001255,0.000177,-0.004289,-0.000042,-0.000120,1.570339,-0.300000,1.000000,1.100000,0.000000,0.000000,-1.571000,0.005809,0.992167,0.031176,0.992674
26.168000,-0.305806,0.007833,1.068816,0.001254,0.000174,-0.004289,-0.000042,-0.000124,1.570340,-0.300000,1.000000,1.100000,0.000000,0.000000,-1.571000,0.005806,0.992167,0.031184,0.992674
26.170000,-0.305804,0.007833,1.068807,0.001253,0.000172,-0.004289,-0.000042,-0.000129,1.570341,-0.300000,1.000000,1.100000,0.000000,0.000000,-1.571000,0.005804,0.992167,0.031193,0.992674
26.172000,-0.305801,0.007834,1.068798,0.001252,0.000169,-0.004289,-0.000043,-0.000134,1.570342,-0.300000,1.000000,1.100000,0.000000,0.000000,-1.571000,0.005801,0.992166,0.031202,0.992674
26.174000,-0.305799,0.007834,1.068790,0.001251,0.000167,-0.004289,-0.000043,-0.000138,1.570343,-0.300000,1.000000,1.100000,0.000000,0.000000,-1.571000,0.005799,0.992166,0.031210,0.992674
26.176000,-0.305796,0.007834,1.068781,0.001250,0.000164,-0.004289,-0.000043,-0.000143,1.570344,-0.300000,1.000000,1.100000,0.000000,0.000000,-1.571000,0.005796,0.992166,0.031219,0.992673
26.178000,-0.305794,0.007835,1.068773,0.001250,0.000161,-0.004289,-0.000044,-0.000148,1.570345,-0.300000,1.000000,1.100000,0.000000,0.000000,-1.571000,0.005794,0.992165,0.031227,0.992673
26.180000,-0.305791,0.007835,1.068764,0.001249,0.000158,-0.004289,-0.000044,-0.000152,1.570346,-0.300000,1.000000,1.100000,0.000000,0.000000,-1.571000,0.005791,0.992165,0.031236,0.992673
26.182000,-0.305789,0.007835,1.068755,0.001248,0.000155,-0.004290,-0.000044,-0.000157,1.570346,-0.300000,1.000000,1.100000,0.000000,0.000000,-1.571000,0.005789,0.992165,0.031245,0.992673
26.184000,-0.305786,0.007836,1.068747,0.001247,0.000152,-0.004290,-0.000044,-0.000162,1.570347,-0.300000,1.000000,1.100000,0.000000,0.000000,-1.571000,0.005786,0.992164,0.031253,0.992673
26.186000,-0.305784,0.007836,1.068738,0.001246,0.000149,-0.004290,-0.000044,-0.000166,1.570348,-0.300000,1.000000,1.100000,0.000000,0.000000,-1.571000,0.005784,0.992164,0.031262,0.992673
26.188000,-0.305781,0.007836,1.068730,0.001245,0.000146,-0.004290,-0.000043,-0.000171,1.570349,-0.300000,1.000000,1.100000,0.000000,0.000000,-1.571000,0.005781,0.992164,0.031270,0.992673
26.190000,-0.305779,0.007837,1.068721,0.001244,0.000142,-0.004290,-0.000043,-0.000175,1.570350,-0.300000,1.000000,1.100000,0.000000,0.000000,-1.571000,0.005779,0.992163,0.031279,0.992673
26.192000,-0.305776,0.007837,1.068713,0.001244,0.000139,-0.004290,-0.000043,-0.000179,1.570351,-0.300000,1.000000,1.100000,0.000000,0.000000,-1.571000,0.005776,0.992163,0.031287,0.992673
26.194000,-0.305774,0.007837,1.068704,0.001243,0.000135,-0.004290,-0.000043,-0.000183,1.570351,-0.300000,1.000000,1.100000,0.000000,0.000000,-1.571000,0.005774,0.992163,0.031296,0.992673
26.196000,-0.305771,0.007837,1.068695,0.001242,0.000132,-0.004291,-0.000042,-0.000188,1.570352,-0.300000,1.000000,1.100000,0.000000,0.000000,-1.571000,0.005771,0.992163,0.031305,0.992673
26.198000,-0.305769,0.007838,1.068687,0.001241,0.000128,-0.004291,-0.000042,-0.000192,1.570353,-0.300000,1.000000,1.100000,0.000000,0.000000,-1.571000,0.005769,0.992162,0.031313,0.992673
26.200000,-0.305766,0.007838,1.068678,0.001240,0.000124,-0.004291,-0.000041,-0.000196,1.570353,-0.300000,1.000000,1.100000,0.000000,0.000000,-1.571000,0.005766,0.992162,0.031322,0.992673
26.202000,-0.305764,0.007838,1.068670,0.001239,0.000120,-0.004291,-0.000041,-0.000199,1.570354,-0.300000,1.000000,1.100000,0.000000,0.000000,-1.571000,0.005764,0.992162,0.031330,0.992673
26.204000,-0.305762,0.007838,1.068661,0.001239,0.000116,-0.004291,-0.000040,-0.000203,1.570355,-0.300000,1.000000,1.100000,0.000000,0.000000,-1.571000,0.005762,0.992162,0.031339,0.992673
26.206000,-0.305759,0.007839,1.068652,0.001238,0.000112,-0.004291,-0.000039,-0.000207,1.570355,-0.300000,1.000000,1.100000,0.000000,0.000000,-1.571000,0.005759,0.992161,0.031348,0.992673
26.208000,-0.305757,0.007839,1.068644,0.001237,0.000108,-0.004292,-0.000039,-0.000210,1.570356,-0.300000,1.000000,1.100000,0.000000,0.000000,-1.571000,0.005757,0.992161,0.031356,0.992673
26.210000,-0.305754,0.007839,1.068635,0.001236,0.000104,-0.004292,-0.000038,-0.000213,1.570356,-0.300000,1.000000,1.100000,0.000000,0.000000,-1.571000,0.005754,0.992161,0.031365,0.992673
26.212000,-0.305752,0.007839,1.068627,0.001236,0.000100,-0.004292,-0.000038,-0.000216,1.570357,-0.300000,1.000000,1.100000,0.000000,0.000000,-1.571000,0.005752,0.992161,0.031373,0.992673
26.214000,-0.305749,0.007839,1.068618,0.001235,0.000096,-0.004292,-0.000037,-0.000219,1.570358,-0.300000,1.000000,1.100000,0.000000,0.000000,-1.571000,0.005749,0.992161,0.031382,0.992673
26.216000,-0.305747,0.007840,1.068610,0.001234,0.000091,-0.004292,-0.000036,-0.000222,1.570358,-0.300000,1.000000,1.100000,0.000000,0.000000,-1.571000,0.005747,0.992160,0.031390,0.992673
26.218000,-0.305744,0.007840,1.068601,0.001233,0.000087,-0.004292,-0.000035,-0.000225,1.570359,-0.300000,1.000000,1.100000,0.000000,0.000000,-1.571000,0.005744,0.992160,0.031399,0.992674
26.220000,-0.305742,0.007840,1.068592,0.001233,0.000083,-0.004293,-0.000035,-0.000227,1.570359,-0.300000,1.000000,1.100000,0.000000,0.000000,-1.571000,0.005742,0.992160,0.031408,0.992674
26.222000,-0.305739,0.007840,1.068584,0.001232,0.000078,-0.004293,-0.000034,-0.000230,1.570360,-0.300000,1.000000,1.100000,0.000000,0.000000,-1.571000,0.005739,0.992160,0.031416,0.992674
26.224000,-0.305737,0.007840,1.068575,0.001231,0.000074,-0.004293,-0.000033,-0.000232,1.570360,-0.300000,1.000000,1.100000,0.000000,0.000000,-1.571000,0.005737,0.992160,0.031425,0.992674
26.226000,-0.305734,0.007840,1.068567,0.001231,0.000069,-0.004293,-0.000032,-0.000234,1.570361,-0.300000,1.000000,1.100000,0.000000,0.000000,-1.571000,0.005734,0.992160,0.031433,0.992674
26.228000,-0.305732,0.007841,1.068558,0.001230,0.000065,-0.004293,-0.000031,-0.000236,1.570361,-0.300000,1.000000,1.100000,0.000000,0.000000,-1.571000,0.005732,0.992159,0.031442,0.992674
26.230000,-0.305729,0.007841,1.068549,0.001229,0.000060,-0.004294,-0.000031,-0.000238,1.570362,-0.300000,1.000000,1.100000,0.000000,0.000000,-1.571000,0.005729,0.992159,0.031451,0.992674
26.232000,-0.305727,0.007841,1.068541,0.001229,0.000055,-0.004294,-0.000030,-0.000240,1.570363,-0.300000,1.000000,1.100000,0.000000,0.000000,-1.571000,0.005727,0.992159,0.031459,0.992674
26.234000,-0.305725,0.007841,1.068532,0.001228,0.000051,-0.004294,-0.000029,-0.000241,1.570363,-0.300000,1.000000,1.100000,0.000000,0.000000,-1.571000,0.005725,0.992159,0.031468,0.992674
26.236000,-0.305722,0.007841,1.068524,0.001228,0.000046,-0.004294,-0.000028,-0.000243,1.570364,-0.300000,1.000000,1.100000,0.000000,0.000000,-1.571000,0.005722,0.992159,0.031476,0.992675
26.238000,-0.305720,0.007841,1.068515,0.001227,0.000041,-0.004294,-0.000027,-0.000244,1.570364,-0.300000,1.000000,1.100000,0.000000,0.000000,-1.571000,0.005720,0.992159,0.031485,0.992675
26.240000,-0.305717,0.007841,1.068507,0.001227,0.000036,-0.004295,-0.000026,-0.000245,1.570365,-0.300000,1.000000,1.100000,0.000000,0.000000,-1.571000,0.005717,0.992159,0.031493,0.992675
26.242000,-0.305715,0.007841,1.068498,0.001226,0.000031,-0.004295,-0.000026,-0.000247,1.570365,-0.300000,1.000000,1.100000,0.000000,0.000000,-1.571000,0.005715,0.992159,0.031502,0.992675
26.244000,-0.305712,0.007841,1.068489,0.001226,0.000027,-0.004295,-0.000025,-0.000248,1.570366,-0.300000,1.000000,1.100000,0.000000,0.000000,-1.571000,0.005712,0.992159,0.031511,0.992675
26.246000,-0.305710,0.007841,1.068481,0.001225,0.000022,-0.004295,-0.000024,-0.000249,1.570366,-0.300000,1.000000,1.100000,0.000000,0.000000,-1.571000,0.005710,0.992159,0.031519,0.992676
26.248000,-0.305707,0.007841,1.068472,0.001225,0.000017,-0.004295,-0.000023,-0.000250,1.570367,-0.300000,1.000000,1.100000,0.000000,0.000000,-1.571000,0.005707,0.992159,0.031528,0.992676
26.250000,-0.305705,0.007841,1.068464,0.001224,0.000012,-0.004296,-0.000022,-0.000251,1.570367,-0.300000,1.000000,1.100000,0.000000,0.000000,-1.571000,0.005705,0.992159,0.031536,0.992676
26.252000,-0.305702,0.007841,1.068455,0.001224,0.000007,-0.004296,-0.000021,-0.000251,1.570368,-0.300000,1.000000,1.100000,0.000000,0.000000,-1.571000,0.005702,0.992159,0.031545,0.992676
26.254000,-0.305700,0.007841,1.068446,0.001223,0.000002,-0.004296,-0.000020,-0.000252,1.570368,-0.300000,1.000000,1.100000,0.000000,0.000000,-1.571000,0.005700,0.992159,0.031554,0.992677
26.256000,-0.305698,0.007841,1.068438,0.001223,-0.000003,-0.004296,-0.000020,-0.000253,1.570369,-0.300000,1.000000,1.100000,0.000000,0.000000,-1.571000,0.005698,0.992159,0.031562,0.992677
26.258000,-0.305695,0.007841,1.068429,0.001223,-0.000008,-0.004296,-0.000019,-0.000253,1.570369,-0.300000,1.000000,1.100000,0.000000,0.000000,-1.571000,0.005695,0.992159,0.031571,0.992677
26.260000,-0.305693,0.007841,1.068421,0.001222,-0.000013,-0.004297,-0.000018,-0.000254,1.570370,-0.300000,1.000000,1.100000,0.000000,0.000000,-1.571000,0.005693,0.992159,0.031579,0.992677
26.262000,-0.305690,0.007841,1.068412,0.001222,-0.000018,-0.004297,-0.000017,-0.000254,1.570370,-0.300000,1.000000,1.100000,0.000000,0.000000,-1.571000,0.005690,0.992159,0.031588,0.992678
26.264000,-0.305688,0.007841,1.068403,0.001221,-0.000023,-0.004297,-0.000016,-0.000254,1.570370,-0.300000,1.000000,1.100000,0.000000,0.000000,-1.571000,0.005688,0.992159,0.031597,0.992678
26.266000,-0.305685,0.007841,1.068395,0.001221,-0.000028,-0.004297,-0.000015,-0.000254,1.570371,-0.300000,1.000000,1.100000,0.000000,0.000000,-1.571000,0.005685,0.992159,0.031605,0.992678
26.268000,-0.305683,0.007841,1.068386,0.001221,-0.000033,-0.004298,-0.000014,-0.000254,1.570371,-0.300000,1.000000,1.100000,0.000000,0.000000,-1.571000,0.005683,0.992159,0.031614,0.992679
26.270000,-0.305680,0.007841,1.068378,0.001221,-0.000038,-0.004298,-0.000013,-0.000254,1.570371,-0.300000,1.000000,1.100000,0.000000,0.000000,-1.571000,0.005680,0.992159,0.031622,0.992679
26.272000,-0.305678,0.007841,1.068369,0.001220,-0.000043,-0.004298,-0.000012,-0.000253,1.570371,-0.300000,1.000000,1.100000,0.000000,0.000000,-1.571000,0.005678,0.992159,0.031631,0.992679
26.274000,-0.305676,0.007841,1.068360,0.001220,-0.000048,-0.004298,-0.000012,-0.000253,1.570371,-0.300000,1.000000,1.100000,0.000000,0.000000,-1.571000,0.005676,0.992159,0.031640,0.992680
26.276000,-0.305673,0.007841,1.068352,0.001220,-0.000053,-0.004298,-0.000011,-0.000252,1.570371,-0.300000,1.000000,1.100000,0.000000,0.000000,-1.571000,0.005673,0.992159,0.031648,0.992680
26.278000,-0.305671,0.007841,1.068343,0.001220,-0.000057,-0.004298,-0.000010,-0.000251,1.570371,-0.300000,1.000000,1.100000,0.000000,0.000000,-1.571000,0.005671,0.992159,0.031657,0.992680
26.280000,-0.305668,0.007841,1.068335,0.001219,-0.000062,-0.004299,-0.000009,-0.000249,1.570371,-0.300000,1.000000,1.100000,0.000000,0.000000,-1.571000,0.005668,0.992159,0.031665,0.992681
26.282000,-0.305666,0.007840,1.068326,0.001219,-0.000067,-0.004299,-0.000008,-0.000248,1.570371,-0.300000,1.000000,1.100000,0.000000,0.000000,-1.571000,0.005666,0.992160,0.031674,0.992681
26.284000,-0.305663,0.007840,1.068317,0.001219,-0.000072,-0.004299,-0.000007,-0.000246,1.570371,-0.300000,1.000000,1.100000,0.000000,0.000000,-1.571000,0.005663,0.992160,0.031683,0.992682
26.286000,-0.305661,0.007840,1.068309,0.001219,-0.000077,-0.004299,-0.000006,-0.000244,1.570370,-0.300000,1.000000,1.100000,0.000000,0.000000,-1.571000,0.005661,0.992160,0.031691,0.992682
26.288000,-0.305659,0.007840,1.068300,0.001219,-0.000082,-0.004299,-0.000005,-0.000241,1.570370,-0.300000,1.000000,1.100000,0.000000,0.000000,-1.571000,0.005659,0.992160,0.031700,0.992682
26.290000,-0.305656,0.007840,1.068292,0.001219,-0.000086,-0.004300,-0.000004,-0.000239,1.570369,-0.300000,1.000000,1.100000,0.000000,0.000000,-1.571000,0.005656,0.992160,0.031708,0.992683
26.292000,-0.305654,0.007840,1.068283,0.001219,-0.000091,-0.004300,-0.000003,-0.000236,1.570369,-0.300000,1.000000,1.100000,0.000000,0.000000,-1.571000,0.005654,0.992160,0.031717,0.992683
26.294000,-0.305651,0.007839,1.068274,0.001219,-0.000096,-0.004300,-0.000003,-0.000233,1.570368,-0.300000,1.000000,1.100000,0.000000,0.000000,-1.571000,0.005651,0.992161,0.031726,0.992684
26.296000,-0.305649,0.007839,1.068266,0.001218,-0.000100,-0.004300,-0.000002,-0.000230,1.570367,-0.300000,1.000000,1.100000,0.000000,0.000000,-1.571000,0.005649,0.992161,0.031734,0.992684
26.298000,-0.305646,0.007839,1.068257,0.001218,-0.000105,-0.004300,-0.000001,-0.000227,1.570367,-0.300000,1.000000,1.100000,0.000000,0.000000,-1.571000,0.005646,0.992161,0.031743,0.992685
26.300000,-0.305644,0.007839,1.068249,0.001218,-0.000109,-0.004301,0.000000,-0.000224,1.570366,-0.300000,1.000000,1.100000,0.000000,0.000000,-1.571000,0.005644,0.992161,0.031751,0.992685
26.302000,-0.305641,0.007839,1.068240,0.001218,-0.000114,-0.004301,0.000001,-0.000220,1.570365,-0.300000,1.000000,1.100000,0.000000,0.000000,-1.571000,0.005641,0.992161,0.031760,0.992686
26.304000,-0.305639,0.007838,1.068231,0.001218,-0.000118,-0.004301,0.000002,-0.000216,1.570364,-0.300000,1.000000,1.100000,0.000000,0.000000,-1.571000,0.005639,0.992162,0.031769,0.992686
26.306000,-0.305637,0.007838,1.068223,0.001218,-0.000122,-0.004301,0.000003,-0.000212,1.570363,-0.300000,1.000000,1.100000,0.000000,0.000000,-1.571000,0.005637,0.992162,0.031777,0.992687
26.308000,-0.305634,0.007838,1.068214,0.001219,-0.000126,-0.004301,0.000004,-0.000208,1.570362,-0.300000,1.000000,1.100000,0.000000,0.000000,-1.571000,0.005634,0.992162,0.031786,0.992687
26.310000,-0.305632,0.007838,1.068206,0.001219,-0.000130,-0.004302,0.000005,-0.000204,1.570361,-0.300000,1.000000,1.100000,0.000000,0.000000,-1.571000,0.005632,0.992162,0.031794,0.992688
26.312000,-0.305629,0.007837,1.068197,0.001219,-0.000134,-0.004302,0.000006,-0.000199,1.570360,-0.300000,1.000000,1.100000,0.000000,0.000000,-1.571000,0.005629,0.992163,0.031803,0.992688
26.314000,-0.305627,0.007837,1.068188,0.001219,-0.000138,-0.004302,0.000007,-0.000195,1.570359,-0.300000,1.000000,1.100000,0.000000,0.000000,-1.571000,0.005627,0.992163,0.031812,0.992689
26.316000,-0.305624,0.007837,1.068180,0.001219,-0.000142,-0.004302,0.000008,-0.000190,1.570358,-0.300000,1.000000,1.100000,0.000000,0.000000,-1.571000,0.005624,0.992163,0.031820,0.992689
26.318000,-0.305622,0.007837,1.068171,0.001219,-0.000146,-0.004302,0.000008,-0.000186,1.570357,-0.300000,1.000000,1.100000,0.000000,0.000000,-1.571000,0.005622,0.992163,0.031829,0.992690
26.320000,-0.305620,0.007836,1.068163,0.001219,-0.000149,-0.004303,0.000009,-0.000181,1.570356,-0.300000,1.000000,1.100000,0.000000,0.000000,-1.571000,0.005620,0.992164,0.031837,0.992690
26.322000,-0.305617,0.007836,1.068154,0.001219,-0.000153,-0.004303,0.000010,-0.000176,1.570354,-0.300000,1.000000,1.100000,0.000000,0.000000,-1.571000,0.005617,0.992164,0.031846,0.992691
26.324000,-0.305615,0.007836,1.068145,0.001220,-0.000156,-0.004303,0.000011,-0.000171,1.570353,-0.300000,1.000000,1.100000,0.000000,0.000000,-1.571000,0.005615,0.992164,0.031855,0.992691
26.326000,-0.305612,0.007835,1.068137,0.001220,-0.000160,-0.004303,0.000012,-0.000166,1.570352,-0.300000,1.000000,1.100000,0.000000,0.000000,-1.571000,0.005612,0.992165,0.031863,0.992692
26.328000,-0.305610,0.007835,1.068128,0.001220,-0.000163,-0.004304,0.000013,-0.000161,1.570351,-0.300000,1.000000,1.100000,0.000000,0.000000,-1.571000,0.005610,0.992165,0.031872,0.992693
26.330000,-0.305607,0.007835,1.068120,0.001220,-0.000166,-0.004304,0.000014,-0.000156,1.570350,-0.300000,1.000000,1.100000,0.000000,0.000000,-1.571000,0.005607,0.992165,0.031880,0.992693
26.332000,-0.305605,0.007834,1.068111,0.001221,-0.000169,-0.004304,0.000015,-0.000151,1.570349,-0.300000,1.000000,1.100000,0.000000,0.000000,-1.571000,0.005605,0.992166,0.031889,0.992694
26.334000,-0.305602,0.007834,1.068102,0.001221,-0.000172,-0.004304,0.000016,-0.000145,1.570347,-0.300000,1.000000,1.100000,0.000000,0.000000,-1.571000,0.005602,0.992166,0.031898,0.992694
26.336000,-0.305600,0.007834,1.068094,0.001221,-0.000175,-0.004304,0.000017,-0.000140,1.570346,-0.300000,1.000000,1.100000,0.000000,0.000000,-1.571000,0.005600,0.992166,0.031906,0.992695
26.338000,-0.305598,0.007833,1.068085,0.001222,-0.000177,-0.004305,0.000018,-0.000135,1.570345,-0.300000,1.000000,1.100000,0.000000,0.000000,-1.571000,0.005598,0.992167,0.031915,0.992696
26.340000,-0.305595,0.007833,1.068077,0.001222,-0.000180,-0.004305,0.000019,-0.000130,1.570344,-0.300000,1.000000,1.100000,0.000000,0.000000,-1.571000,0.005595,0.992167,0.031923,0.992696
26.342000,-0.305593,0.007833,1.068068,0.001222,-0.000183,-0.004305,0.000019,-0.000125,1.570343,-0.300000,1.000000,1.100000,0.000000,0.000000,-1.571000,0.005593,0.992167,0.031932,0.992697
26.344000,-0.305590,0.007832,1.068059,0.001223,-0.000185,-0.004305,0.000020,-0.000120,1.570342,-0.300000,1.000000,1.100000,0.000000,0.000000,-1.571000,0.005590,0.992168,0.031941,0.992698
26.346000,-0.305588,0.007832,1.068051,0.001223,-0.000187,-0.004306,0.000021,-0.000114,1.570341,-0.300000,1.000000,1.100000,0.000000,0.000000,-1.571000,0.005588,0.992168,0.031949,0.992698
26.348000,-0.305585,0.007831,1.068042,0.001224,-0.000189,-0.004306,0.000022,-0.000109,1.570340,-0.300000,1.000000,1.100000,0.000000,0.000000,-1.571000,0.005585,0.992169,0.031958,0.992699
26.350000,-0.305583,0.007831,1.068034,0.001224,-0.000192,-0.004306,0.000023,-0.000104,1.570339,-0.300000,1.000000,1.100000,0.000000,0.000000,-1.571000,0.005583,0.992169,0.031966,0.992699
26.352000,-0.305580,0.007831,1.068025,0.001224,-0.000194,-0.004306,0.000024,-0.000099,1.570338,-0.300000,1.000000,1.100000,0.000000,0.000000,-1.571000,0.005580,0.992169,0.031975,0.992700
26.354000,-0.305578,0.007830,1.068016,0.001225,-0.000196,-0.004306,0.000025,-0.000094,1.570337,-0.300000,1.000000,1.100000,0.000000,0.000000,-1.571000,0.005578,0.992170,0.031984,0.992701
26.356000,-0.305576,0.007830,1.068008,0.001225,-0.000197,-0.004307,0.000026,-0.000089,1.570336,-0.300000,1.000000,1.100000,0.000000,0.000000,-1.571000,0.005576,0.992170,0.031992,0.992701
26.358000,-0.305573,0.007829,1.067999,0.001226,-0.000199,-0.004307,0.000027,-0.000085,1.570335,-0.300000,1.000000,1.100000,0.000000,0.000000,-1.571000,0.005573,0.992171,0.032001,0.992702
26.360000,-0.305571,0.007829,1.067990,0.001226,-0.000201,-0.004307,0.000028,-0.000080,1.570334,-0.300000,1.000000,1.100000,0.000000,0.000000,-1.571000,0.005571,0.992171,0.032010,0.992703
26.362000,-0.305568,0.007829,1.067982,0.001227,-0.000202,-0.004307,0.000029,-0.000075,1.570333,-0.300000,1.000000,1.100000,0.000000,0.000000,-1.571000,0.005568,0.992171,0.032018,0.992703
26.364000,-0.305566,0.007828,1.067973,0.001228,-0.000204,-0.004308,0.000030,-0.000071,1.570332,-0.300000,1.000000,1.100000,0.000000,0.000000,-1.571000,0.005566,0.992172,0.032027,0.992704
26.366000,-0.305563,0.007828,1.067965,0.001228,-0.000205,-0.004308,0.000030,-0.000066,1.570331,-0.300000,1.000000,1.100000,0.000000,0.000000,-1.571000,0.005563,0.992172,0.032035,0.992705
26.368000,-0.305561,0.007827,1.067956,0.001229,-0.000206,-0.004308,0.000031,-0.000062,1.570330,-0.300000,1.000000,1.100000,0.000000,0.000000,-1.571000,0.005561,0.992173,0.032044,0.992705
26.370000,-0.305558,0.007827,1.067947,0.001229,-0.000208,-0.004308,0.000032,-0.000058,1.570329,-0.300000,1.000000,1.100000,0.000000,0.000000,-1.571000,0.005558,0.992173,0.032053,0.992706
26.372000,-0.305556,0.007827,1.067939,0.001230,-0.000209,-0.004309,0.000033,-0.000054,1.570329,-0.300000,1.000000,1.100000,0.000000,0.000000,-1.571000,0.005556,0.992173,0.032061,0.992707
26.374000,-0.305553,0.007826,1.067930,0.001231,-0.000210,-0.004309,0.000034,-0.000050,1.570328,-0.300000,1.000000,1.100000,0.000000,0.000000,-1.571000,0.005553,0.992174,0.032070,0.992708
26.376000,-0.305551,0.007826,1.067922,0.001231,-0.000211,-0.004309,0.000035,-0.000046,1.570327,-0.300000,1.000000,1.100000,0.000000,0.000000,-1.571000,0.005551,0.992174,0.032078,0.992708
26.378000,-0.305548,0.007825,1.067913,0.001232,-0.000212,-0.004309,0.000036,-0.000042,1.570326,-0.300000,1.000000,1.100000,0.000000,0.000000,-1.571000,0.005548,0.992175,0.032087,0.992709
26.380000,-0.305546,0.007825,1.067904,0.001233,-0.000212,-0.004310,0.000037,-0.000038,1.570326,-0.300000,1.000000,1.100000,0.000000,0.000000,-1.571000,0.005546,0.992175,0.032096,0.992710
26.382000,-0.305544,0.007824,1.067896,0.001233,-0.000213,-0.004310,0.000038,-0.000035,1.570325,-0.300000,1.000000,1.100000,0.000000,0.000000,-1.571000,0.005544,0.992176,0.032104,0.992710
26.384000,-0.305541,0.007824,1.067887,0.001234,-0.000214,-0.004310,0.000038,-0.000032,1.570324,-0.300000,1.000000,1.100000,0.000000,0.000000,-1.571000,0.005541,0.992176,0.032113,0.992711
26.386000,-0.305539,0.007824,1.067878,0.001235,-0.000214,-0.004310,0.000039,-0.000029,1.570324,-0.300000,1.000000,1.100000,0.000000,0.000000,-1.571000,0.005539,0.992176,0.032122,0.992712
26.388000,-0.305536,0.007823,1.067870,0.001236,-0.000215,-0.004310,0.000040,-0.000026,1.570323,-0.300000,1.000000,1.100000,0.000000,0.000000,-1.571000,0.005536,0.992177,0.032130,0.992712
26.390000,-0.305534,0.007823,1.067861,0.001237,-0.000215,-0.004311,0.000040,-0.000023,1.570322,-0.300000,1.000000,1.100000,0.000000,0.000000,-1.571000,0.005534,0.992177,0.032139,0.992713
26.392000,-0.305531,0.007822,1.067853,0.001237,-0.000216,-0.004311,0.000041,-0.000020,1.570322,-0.300000,1.000000,1.100000,0.000000,0.000000,-1.571000,0.005531,0.992178,0.032147,0.992714
26.394000,-0.305529,0.007822,1.067844,0.001238,-0.000216,-0.004311,0.000041,-0.000018,1.570321,-0.300000,1.000000,1.100000,0.000000,0.000000,-1.571000,0.005529,0.992178,0.032156,0.992714
26.396000,-0.305526,0.007821,1.067835,0.001239,-0.000217,-0.004311,0.000042,-0.000015,1.570320,-0.300000,1.000000,1.100000,0.000000,0.000000,-1.571000,0.005526,0.992179,0.032165,0.992715
26.398000,-0.305524,0.007821,1.067827,0.001240,-0.000217,-0.004312,0.000042,-0.000013,1.570320,-0.300000,1.000000,1.100000,0.000000,0.000000,-1.571000,0.005524,0.992179,0.032173,0.992716
26.400000,-0.305521,0.007821,1.067818,0.001241,-0.000217,-0.004312,0.000042,-0.000011,1.570319,-0.300000,1.000000,1.100000,0.000000,0.000000,-1.571000,0.005521,0.992179,0.032182,0.992717
26.402000,-0.305519,0.007820,1.067809,0.001241,-0.000217,-0.004312,0.000042,-0.000009,1.570319,-0.300000,1.000000,1.100000,0.000000,0.000000,-1.571000,0.005519,0.992180,0.032191,0.992717
26.404000,-0.305516,0.007820,1.067801,0.001242,-0.000217,-0.004312,0.000042,-0.000008,1.570318,-0.300000,1.000000,1.100000,0.000000,0.000000,-1.571000,0.005516,0.992180,0.032199,0.992718
26.406000,-0.305514,0.007819,1.067792,0.001243,-0.000218,-0.004313,0.000042,-0.000006,1.570318,-0.300000,1.000000,1.100000,0.000000,0.000000,-1.571000,0.005514,0.992181,0.032208,0.992719
26.408000,-0.305511,0.007819,1.067784,0.001244,-0.000218,-0.004313,0.000041,-0.000005,1.570317,-0.300000,1.000000,1.100000,0.000000,0.000000,-1.571000,0.005511,0.992181,0.032216,0.992719
26.410000,-0.305509,0.007818,1.067775,0.001245,-0.000218,-0.004313,0.000041,-0.000003,1.570316,-0.300000,1.000000,1.100000,0.000000,0.000000,-1.571000,0.005509,0.992182,0.032225,0.992720
26.412000,-0.305506,0.007818,1.067766,0.001245,-0.000218,-0.004313,0.000041,-0.000002,1.570316,-0.300000,1.000000,1.100000,0.000000,0.000000,-1.571000,0.005506,0.992182,0.032234,0.992721
26.414000,-0.305504,0.007818,1.067758,0.001246,-0.000218,-0.004314,0.000040,-0.000001,1.570315,-0.300000,1.000000,1.100000,0.000000,0.000000,-1.571000,0.005504,0.992182,0.032242,0.992721
26.416000,-0.305501,0.007817,1.067749,0.001247,-0.000218,-0.004314,0.000040,0.000000,1.570315,-0.300000,1.000000,1.100000,0.000000,0.000000,-1.571000,0.005501,0.992183,0.032251,0.992722
26.418000,-0.305499,0.007817,1.067740,0.001248,-0.000218,-0.004314,0.000040,0.000001,1.570314,-0.300000,1.000000,1.100000,0.000000,0.000000,-1.571000,0.005499,0.992183,0.032260,0.992723
26.420000,-0.305496,0.007816,1.067732,0.001249,-0.000218,-0.004314,0.000039,0.000002,1.570314,-0.300000,1.000000,1.100000,0.000000,0.000000,-1.571000,0.005496,0.992184,0.032268,0.992724
26.422000,-0.305494,0.007816,1.067723,0.001249,-0.000218,-0.004315,0.000038,0.000002,1.570313,-0.300000,1.000000,1.100000,0.000000,0.000000,-1.571000,0.005494,0.992184,0.032277,0.992724
26.424000,-0.305491,0.007815,1.067715,0.001250,-0.000218,-0.004315,0.000038,0.000003,1.570313,-0.300000,1.000000,1.100000,0.000000,0.000000,-1.571000,0.005491,0.992185,0.032285,0.992725
26.426000,-0.305489,0.007815,1.067706,0.001251,-0.000218,-0.004315,0.000037,0.000004,1.570312,-0.300000,1.000000,1.100000,0.000000,0.000000,-1.571000,0.005489,0.992185,0.032294,0.992726
26.428000,-0.305486,0.007815,1.067697,0.001252,-0.000218,-0.004315,0.000037,0.000004,1.570312,-0.300000,1.000000,1.100000,0.000000,0.000000,-1.571000,0.005486,0.992185,0.032303,0.992726
26.430000,-0.305484,0.007814,1.067689,0.001252,-0.000218,-0.004316,0.000036,0.000005,1.570311,-0.300000,1.000000,1.100000,0.000000,0.000000,-1.571000,0.005484,0.992186,0.032311,0.992727
26.432000,-0.305481,0.007814,1.067680,0.001253,-0.000218,-0.004316,0.000035,0.000005,1.570311,-0.300000,1.000000,1.100000,0.000000,0.000000,-1.571000,0.005481,0.992186,0.032320,0.992728
26.434000,-0.305479,0.007813,1.067671,0.001254,-0.000217,-0.004316,0.000035,0.000005,1.570310,-0.300000,1.000000,1.100000,0.000000,0.000000,-1.571000,0.005479,0.992187,0.032329,0.992728
26.436000,-0.305476,0.007813,1.067663,0.001254,-0.000217,-0.004316,0.000034,0.000005,1.570310,-0.300000,1.000000,1.100000,0.000000,0.000000,-1.571000,0.005476,0.992187,0.032337,0.992729
26.438000,-0.305474,0.007812,1.067654,0.001255,-0.000217,-0.004317,0.000033,0.000006,1.570309,-0.300000,1.000000,1.100000,0.000000,0.000000,-1.571000,0.005474,0.992188,0.032346,0.992730
26.440000,-0.305471,0.007812,1.067645,0.001256,-0.000217,-0.004317,0.000032,0.000006,1.570308,-0.300000,1.000000,1.100000,0.000000,0.000000,-1.571000,0.005471,0.992188,0.032355,0.992731
26.442000,-0.305469,0.007811,1.067637,0.001256,-0.000217,-0.004317,0.000032,0.000006,1.570308,-0.300000,1.000000,1.100000,0.000000,0.000000,-1.571000,0.005469,0.992189,0.032363,0.992731
26.444000,-0.305466,0.007811,1.067628,0.001257,-0.000217,-0.004317,0.000031,0.000006,1.570308,-0.300000,1.000000,1.100000,0.000000,0.000000,-1.571000,0.005466,0.992189,0.032372,0.992732
26.446000,-0.305464,0.007811,1.067620,0.001258,-0.000217,-0.004317,0.000030,0.000007,1.570307,-0.300000,1.000000,1.100000,0.000000,0.000000,-1.571000,0.005464,0.992189,0.032380,0.992733
26.448000,-0.305461,0.007810,1.067611,0.001258,-0.000217,-0.004318,0.000029,0.000007,1.570307,-0.300000,1.000000,1.100000,0.000000,0.000000,-1.571000,0.005461,0.992190,0.032389,0.992733
26.450000,-0.305459,0.007810,1.067602,0.001259,-0.000216,-0.004318,0.000029,0.000007,1.570306,-0.300000,1.000000,1.100000,0.000000,0.000000,-1.571000,0.005459,0.992190,0.032398,0.992734
26.452000,-0.305456,0.007809,1.067594,0.001259,-0.000216,-0.004318,0.000028,0.000008,1.570306,-0.300000,1.000000,1.100000,0.000000,0.000000,-1.571000,0.005456,0.992191,0.032406,0.992735
26.454000,-0.305454,0.007809,1.067585,0.001260,-0.000216,-0.004318,0.000027,0.000008,1.570306,-0.300000,1.000000,1.100000,0.000000,0.000000,-1.571000,0.005454,0.992191,0.032415,0.992735
26.456000,-0.305451,0.007808,1.067576,0.001260,-0.000216,-0.004319,0.000026,0.000009,1.570306,-0.300000,1.000000,1.100000,0.000000,0.000000,-1.571000,0.005451,0.992192,0.032424,0.992736
26.458000,-0.305449,0.007808,1.067568,0.001261,-0.000216,-0.004319,0.000025,0.000010,1.570306,-0.300000,1.000000,1.100000,0.000000,0.000000,-1.571000,0.005449,0.992192,0.032432,0.992737
26.460000,-0.305446,0.007808,1.067559,0.001261,-0.000216,-0.004319,0.000025,0.000011,1.570306,-0.300000,1.000000,1.100000,0.000000,0.000000,-1.571000,0.005446,0.992192,0.032441,0.992738
26.462000,-0.305444,0.007807,1.067550,0.001262,-0.000215,-0.004319,0.000024,0.000012,1.570306,-0.300000,1.000000,1.100000,0.000000,0.000000,-1.571000,0.005444,0.992193,0.032450,0.992738
26.464000,-0.305441,0.007807,1.067542,0.001262,-0.000215,-0.004319,0.000023,0.000013,1.570306,-0.300000,1.000000,1.100000,0.000000,0.000000,-1.571000,0.005441,0.992193,0.032458,0.992739
26.466000,-0.305439,0.007806,1.067533,0.001263,-0.000215,-0.004320,0.000022,0.000015,1.570306,-0.300000,1.000000,1.100000,0.000000,0.000000,-1.571000,0.005439,0.992194,0.032467,0.992740
26.468000,-0.305436,0.007806,1.067525,0.001263,-0.000215,-0.004320,0.000021,0.000016,1.570307,-0.300000,1.000000,1.100000,0.000000,0.000000,-1.571000,0.005436,0.992194,0.032475,0.992740
26.470000,-0.305434,0.007805,1.067516,0.001264,-0.000214,-0.004320,0.000020,0.000018,1.570307,-0.300000,1.000000,1.100000,0.000000,0.000000,-1.571000,0.005434,0.992195,0.032484,0.992741
26.472000,-0.305431,0.007805,1.067507,0.001264,-0.000214,-0.004320,0.000020,0.000020,1.570307,-0.300000,1.000000,1.100000,0.000000,0.000000,-1.571000,0.005431,0.992195,0.032493,0.992742
26.474000,-0.305428,0.007805,1.067499,0.001265,-0.000214,-0.004320,0.000019,0.000022,1.570308,-0.300000,1.000000,1.100000,0.000000,0.000000,-1.571000,0.005428,0.992195,0.032501,0.992742
26.476000,-0.305426,0.007804,1.067490,0.001265,-0.000213,-0.004321,0.000018,0.000024,1.570308,-0.300000,1.000000,1.100000,0.000000,0.000000,-1.571000,0.005426,0.992196,0.032510,0.992743
26.478000,-0.305423,0.007804,1.067481,0.001265,-0.000213,-0.004321,0.000017,0.000026,1.570309,-0.300000,1.000000,1.100000,0.000000,0.000000,-1.571000,0.005423,0.992196,0.032519,0.992744
26.480000,-0.305421,0.007803,1.067473,0.001266,-0.000212,-0.004321,0.000016,0.000028,1.570310,-0.300000,1.000000,1.100000,0.000000,0.000000,-1.571000,0.005421,0.992197,0.032527,0.992745
26.482000,-0.305418,0.007803,1.067464,0.001266,-0.000212,-0.004321,0.000015,0.000031,1.570311,-0.300000,1.000000,1.100000,0.000000,0.000000,-1.571000,0.005418,0.992197,0.032536,0.992745
26.484000,-0.305416,0.007802,1.067455,0.001266,-0.000211,-0.004321,0.000014,0.000033,1.570312,-0.300000,1.000000,1.100000,0.000000,0.000000,-1.571000,0.005416,0.992198,0.032545,0.992746
26.486000,-0.305413,0.007802,1.067447,0.001266,-0.000210,-0.004322,0.000014,0.000036,1.570312,-0.300000,1.000000,1.100000,0.000000,0.000000,-1.571000,0.005413,0.992198,0.032553,0.992747
26.488000,-0.305411,0.007802,1.067438,0.001267,-0.000210,-0.004322,0.000013,0.000039,1.570313,-0.300000,1.000000,1.100000,0.000000,0.000000,-1.571000,0.005411,0.992198,0.032562,0.992747
26.490000,-0.305408,0.007801,1.067429,0.001267,-0.000209,-0.004322,0.000012,0.000042,1.570314,-0.300000,1.000000,1.100000,0.000000,0.000000,-1.571000,0.005408,0.992199,0.032571,0.992748
26.492000,-0.305406,0.007801,1.067421,0.001267,-0.000208,-0.004322,0.000011,0.000045,1.570315,-0.300000,1.000000,1.100000,0.000000,0.000000,-1.571000,0.005406,0.992199,0.032579,0.992749
26.494000,-0.305403,0.007800,1.067412,0.001267,-0.000207,-0.004322,0.000010,0.000048,1.570316,-0.300000,1.000000,1.100000,0.000000,0.000000,-1.571000,0.005403,0.992200,0.032588,0.992749
26.496000,-0.305401,0.007800,1.067404,0.001268,-0.000206,-0.004323,0.000009,0.000052,1.570317,-0.300000,1.000000,1.100000,0.000000,0.000000,-1.571000,0.005401,0.992200,0.032596,0.992750
26.498000,-0.305398,0.007800,1.067395,0.001268,-0.000205,-0.004323,0.000008,0.000055,1.570319,-0.300000,1.000000,1.100000,0.000000,0.000000,-1.571000,0.005398,0.992200,0.032605,0.992751
26.500000,-0.305396,0.007799,1.067386,0.001268,-0.000204,-0.004323,0.000007,0.000058,1.570320,-0.300000,1.000000,1.100000,0.000000,0.000000,-1.571000,0.005396,0.992201,0.032614,0.992751
26.502000,-0.305393,0.007799,1.067378,0.001268,-0.000203,-0.004324,0.000007,0.000062,1.570321,-0.300000,1.000000,1.100000,0.000000,0.000000,-1.571000,0.005393,0.992201,0.032622,0.992752
26.504000,-0.305390,0.007798,1.067369,0.001268,-0.000202,-0.004325,0.000006,0.000066,1.570322,-0.300000,1.000000,1.100000,0.000000,0.000000,-1.571000,0.005390,0.992202,0.032631,0.992753
26.506000,-0.305388,0.007798,1.067360,0.001268,-0.000200,-0.004326,0.000005,0.000069,1.570323,-0.300000,1.000000,1.100000,0.000000,0.000000,-1.571000,0.005388,0.992202,0.032640,0.992753
26.508000,-0.305385,0.007798,1.067352,0.001268,-0.000199,-0.004327,0.000004,0.000073,1.570324,-0.300000,1.000000,1.100000,0.000000,0.000000,-1.571000,0.005385,0.992202,0.032648,0.992754
26.510000,-0.305383,0.007797,1.067343,0.001269,-0.000197,-0.004329,0.000003,0.000077,1.570325,-0.300000,1.000000,1.100000,0.000000,0.000000,-1.571000,0.005383,0.992203,0.032657,0.992755
26.512000,-0.305380,0.007797,1.067334,0.001269,-0.000196,-0.004330,0.000002,0.000081,1.570327,-0.300000,1.000000,1.100000,0.000000,0.000000,-1.571000,0.005380,0.992203,0.032666,0.992755
26.514000,-0.305378,0.007796,1.067326,0.001269,-0.000194,-0.004332,0.000001,0.000085,1.570328,-0.300000,1.000000,1.100000,0.000000,0.000000,-1.571000,0.005378,0.992204,0.032674,0.992756
26.516000,-0.305375,0.007796,1.067317,0.001269,-0.000193,-0.004334,0.000000,0.000089,1.570329,-0.300000,1.000000,1.100000,0.000000,0.000000,-1.571000,0.005375,0.992204,0.032683,0.992757
26.518000,-0.305373,0.007796,1.067308,0.001269,-0.000191,-0.004336,-0.000001,0.000093,1.570330,-0.300000,1.000000,1.100000,0.000000,0.000000,-1.571000,0.005373,0.992204,0.032692,0.992757
26.520000,-0.305370,0.007795,1.067300,0.001269,-0.000189,-0.004338,-0.000001,0.000097,1.570331,-0.300000,1.000000,1.100000,0.000000,0.000000,-1.571000,0.005370,0.992205,0.032700,0.992758
26.522000,-0.305368,0.007795,1.067291,0.001269,-0.000187,-0.004340,-0.000002,0.000101,1.570332,-0.300000,1.000000,1.100000,0.000000,0.000000,-1.571000,0.005368,0.992205,0.032709,0.992759
26.524000,-0.305365,0.007794,1.067282,0.001269,-0.000185,-0.004343,-0.000003,0.000105,1.570333,-0.300000,1.000000,1.100000,0.000000,0.000000,-1.571000,0.005365,0.992206,0.032718,0.992759
26.526000,-0.305363,0.007794,1.067274,0.001268,-0.000183,-0.004345,-0.000004,0.000110,1.570334,-0.300000,1.000000,1.100000,0.000000,0.000000,-1.571000,0.005363,0.992206,0.032726,0.992760
26.528000,-0.305360,0.007794,1.067265,0.001268,-0.000181,-0.004348,-0.000005,0.000114,1.570335,-0.300000,1.000000,1.100000,0.000000,0.000000,-1.571000,0.005360,0.992206,0.032735,0.992761
26.530000,-0.305357,0.007793,1.067256,0.001268,-0.000179,-0.004350,-0.000006,0.000118,1.570337,-0.300000,1.000000,1.100000,0.000000,0.000000,-1.571000,0.005357,0.992207,0.032744,0.992761
26.532000,-0.305355,0.007793,1.067248,0.001268,-0.000176,-0.004353,-0.000007,0.000123,1.570338,-0.300000,1.000000,1.100000,0.000000,0.000000,-1.571000,0.005355,0.992207,0.032752,0.992762
26.534000,-0.305352,0.007793,1.067239,0.001268,-0.000174,-0.004355,-0.000008,0.000127,1.570339,-0.300000,1.000000,1.100000,0.000000,0.000000,-1.571000,0.005352,0.992207,0.032761,0.992762
26.536000,-0.305350,0.007792,1.067230,0.001268,-0.000171,-0.004358,-0.000009,0.000131,1.570340,-0.300000,1.000000,1.100000,0.000000,0.000000,-1.571000,0.005350,0.992208,0.032770,0.992763
26.538000,-0.305347,0.007792,1.067221,0.001268,-0.000169,-0.004361,-0.000009,0.000135,1.570341,-0.300000,1.000000,1.100000,0.000000,0.000000,-1.571000,0.005347,0.992208,0.032779,0.992764
26.540000,-0.305345,0.007792,1.067213,0.001267,-0.000166,-0.004364,-0.000010,0.000140,1.570342,-0.300000,1.000000,1.100000,0.000000,0.000000,-1.571000,0.005345,0.992208,0.032787,0.992764
26.542000,-0.305342,0.007791,1.067204,0.001267,-0.000163,-0.004367,-0.000011,0.000144,1.570342,-0.300000,1.000000,1.100000,0.000000,0.000000,-1.571000,0.005342,0.992209,0.032796,0.992765
26.544000,-0.305340,0.007791,1.067195,0.001267,-0.000160,-0.004370,-0.000012,0.000148,1.570343,-0.300000,1.000000,1.100000,0.000000,0.000000,-1.571000,0.005340,0.992209,0.032805,0.992766
26.546000,-0.305337,0.007791,1.067186,0.001267,-0.000157,-0.004373,-0.000013,0.000152,1.570344,-0.300000,1.000000,1.100000,0.000000,0.000000,-1.571000,0.005337,0.992209,0.032814,0.992766
26.548000,-0.305335,0.007790,1.067178,0.001267,-0.000154,-0.004376,-0.000014,0.000156,1.570345,-0.300000,1.000000,1.100000,0.000000,0.000000,-1.571000,0.005335,0.992210,0.032822,0.992767
26.550000,-0.305332,0.007790,1.067169,0.001266,-0.000151,-0.004379,-0.000015,0.000160,1.570346,-0.300000,1.000000,1.100000,0.000000,0.000000,-1.571000,0.005332,0.992210,0.032831,0.992767
26.552000,-0.305330,0.007790,1.067160,0.001266,-0.000148,-0.004382,-0.000016,0.000164,1.570347,-0.300000,1.000000,1.100000,0.000000,0.000000,-1.571000,0.005330,0.992210,0.032840,0.992768
26.554000,-0.305327,0.007789,1.067151,0.001266,-0.000145,-0.004385,-0.000016,0.000168,1.570348,-0.300000,1.000000,1.100000,0.000000,0.000000,-1.571000,0.005327,0.992211,0.032849,0.992768
26.556000,-0.305325,0.007789,1.067143,0.001265,-0.000142,-0.004388,-0.000017,0.000171,1.570349,-0.300000,1.000000,1.100000,0.000000,0.000000,-1.571000,0.005325,0.992211,0.032857,0.992769
26.558000,-0.305322,0.007789,1.067134,0.001265,-0.000138,-0.004391,-0.000018,0.000175,1.570349,-0.300000,1.000000,1.100000,0.000000,0.000000,-1.571000,0.005322,0.992211,0.032866,0.992770
26.560000,-0.305319,0.007789,1.067125,0.001265,-0.000135,-0.004394,-0.000019,0.000178,1.570350,-0.300000,1.000000,1.100000,0.000000,0.000000,-1.571000,0.005319,0.992211,0.032875,0.992770
26.562000,-0.305317,0.007788,1.067116,0.001264,-0.000131,-0.004397,-0.000020,0.000182,1.570351,-0.300000,1.000000,1.100000,0.000000,0.000000,-1.571000,0.005317,0.992212,0.032884,0.992771
26.564000,-0.305314,0.007788,1.067107,0.001264,-0.000128,-0.004400,-0.000021,0.000185,1.570352,-0.300000,1.000000,1.100000,0.000000,0.000000,-1.571000,0.005314,0.992212,0.032893,0.992771
26.566000,-0.305312,0.007788,1.067099,0.001263,-0.000124,-0.004403,-0.000022,0.000188,1.570352,-0.300000,1.000000,1.100000,0.000000,0.000000,-1.571000,0.005312,0.992212,0.032901,0.992772
26.568000,-0.305309,0.007788,1.067090,0.001263,-0.000120,-0.004406,-0.000023,0.000192,1.570353,-0.300000,1.000000,1.100000,0.000000,0.000000,-1.571000,0.005309,0.992212,0.032910,0.992772
26.570000,-0.305307,0.007787,1.067081,0.001263,-0.000117,-0.004410,-0.000024,0.000195,1.570354,-0.300000,1.000000,1.100000,0.000000,0.000000,-1.571000,0.005307,0.992213,0.032919,0.992773
26.572000,-0.305304,0.007787,1.067072,0.001262,-0.000113,-0.004413,-0.000024,0.000198,1.570354,-0.300000,1.000000,1.100000,0.000000,0.000000,-1.571000,0.005304,0.992213,0.032928,0.992773
26.574000,-0.305302,0.007787,1.067063,0.001262,-0.000109,-0.004416,-0.000025,0.000201,1.570355,-0.300000,1.000000,1.100000,0.000000,0.000000,-1.571000,0.005302,0.992213,0.032937,0.992774
26.576000,-0.305299,0.007787,1.067055,0.001261,-0.000105,-0.004419,-0.000026,0.000204,1.570355,-0.300000,1.000000,1.100000,0.000000,0.000000,-1.571000,0.005299,0.992213,0.032945,0.992774
26.578000,-0.305297,0.007787,1.067046,0.001261,-0.000101,-0.004422,-0.000027,0.000207,1.570356,-0.300000,1.000000,1.100000,0.000000,0.000000,-1.571000,0.005297,0.992213,0.032954,0.992775
26.580000,-0.305294,0.007786,1.067037,0.001260,-0.000097,-0.004425,-0.000028,0.000209,1.570357,-0.300000,1.000000,1.100000,0.000000,0.000000,-1.571000,0.005294,0.992214,0.032963,0.992775
26.582000,-0.305292,0.007786,1.067028,0.001260,-0.000093,-0.004429,-0.000029,0.000212,1.570357,-0.300000,1.000000,1.100000,0.000000,0.000000,-1.571000,0.005292,0.992214,0.032972,0.992776
26.584000,-0.305289,0.007786,1.067019,0.001259,-0.000089,-0.004432,-0.000030,0.000215,1.570358,-0.300000,1.000000,1.100000,0.000000,0.000000,-1.571000,0.005289,0.992214,0.032981,0.992776
26.586000,-0.305287,0.007786,1.067010,0.001258,-0.000084,-0.004435,-0.000031,0.000217,1.570358,-0.300000,1.000000,1.100000,0.000000,0.000000,-1.571000,0.005287,0.992214,0.032990,0.992777
26.588000,-0.305284,0.007786,1.067001,0.001258,-0.000080,-0.004438,-0.000032,0.000220,1.570359,-0.300000,1.000000,1.100000,0.000000,0.000000,-1.571000,0.005284,0.992214,0.032999,0.992777
26.590000,-0.305282,0.007785,1.066993,0.001257,-0.000076,-0.004441,-0.000032,0.000222,1.570360,-0.300000,1.000000,1.100000,0.000000,0.000000,-1.571000,0.005282,0.992215,0.033007,0.992777
26.592000,-0.305279,0.007785,1.066984,0.001256,-0.000071,-0.004445,-0.000033,0.000224,1.570360,-0.300000,1.000000,1.100000,0.000000,0.000000,-1.571000,0.005279,0.992215,0.033016,0.992778
26.594000,-0.305277,0.007785,1.066975,0.001256,-0.000067,-0.004448,-0.000034,0.000227,1.570361,-0.300000,1.000000,1.100000,0.000000,0.000000,-1.571000,0.005277,0.992215,0.033025,0.992778
26.596000,-0.305274,0.007785,1.066966,0.001255,-0.000063,-0.004451,-0.000035,0.000229,1.570361,-0.300000,1.000000,1.100000,0.000000,0.000000,-1.571000,0.005274,0.992215,0.033034,0.992779
26.598000,-0.305272,0.007785,1.066957,0.001254,-0.000058,-0.004454,-0.000036,0.000231,1.570362,-0.300000,1.000000,1.100000,0.000000,0.000000,-1.571000,0.005272,0.992215,0.033043,0.992779
26.600000,-0.305269,0.007785,1.066948,0.001254,-0.000054,-0.004458,-0.000036,0.000233,1.570362,-0.300000,1.000000,1.100000,0.000000,0.000000,-1.571000,0.005269,0.992215,0.033052,0.992779
26.602000,-0.305267,0.007785,1.066939,0.001253,-0.000049,-0.004461,-0.000037,0.000235,1.570363,-0.300000,1.000000,1.100000,0.000000,0.000000,-1.571000,0.005267,0.992215,0.033061,0.992780
26.604000,-0.305264,0.007785,1.066930,0.001252,-0.000044,-0.004464,-0.000037,0.000237,1.570363,-0.300000,1.000000,1.100000,0.000000,0.000000,-1.571000,0.005264,0.992215,0.033070,0.992780
26.606000,-0.305262,0.007785,1.066921,0.001252,-0.000040,-0.004467,-0.000038,0.000239,1.570364,-0.300000,1.000000,1.100000,0.000000,0.000000,-1.571000,0.005262,0.992215,0.033079,0.992781
26.608000,-0.305259,0.007784,1.066912,0.001251,-0.000035,-0.004471,-0.000038,0.000240,1.570364,-0.300000,1.000000,1.100000,0.000000,0.000000,-1.571000,0.005259,0.992216,0.033088,0.992781
26.610000,-0.305257,0.007784,1.066903,0.001250,-0.000030,-0.004474,-0.000038,0.000242,1.570365,-0.300000,1.000000,1.100000,0.000000,0.000000,-1.571000,0.005257,0.992216,0.033097,0.992781
26.612000,-0.305254,0.007784,1.066894,0.001249,-0.000026,-0.004477,-0.000038,0.000244,1.570365,-0.300000,1.000000,1.100000,0.000000,0.000000,-1.571000,0.005254,0.992216,0.033106,0.992782
26.614000,-0.305252,0.007784,1.066885,0.001249,-0.000021,-0.004480,-0.000038,0.000245,1.570366,-0.300000,1.000000,1.100000,0.000000,0.000000,-1.571000,0.005252,0.992216,0.033115,0.992782
26.616000,-0.305249,0.007784,1.066876,0.001248,-0.000016,-0.004483,-0.000038,0.000246,1.570366,-0.300000,1.000000,1.100000,0.000000,0.000000,-1.571000,0.005249,0.992216,0.033124,0.992782
26.618000,-0.305247,0.007784,1.066868,0.001247,-0.000011,-0.004487,-0.000038,0.000248,1.570367,-0.300000,1.000000,1.100000,0.000000,0.000000,-1.571000,0.005247,0.992216,0.033132,0.992783
26.620000,-0.305244,0.007784,1.066859,0.001246,-0.000006,-0.004490,-0.000038,0.000249,1.570367,-0.300000,1.000000,1.100000,0.000000,0.000000,-1.571000,0.005244,0.992216,0.033141,0.992783
26.622000,-0.305242,0.007784,1.066850,0.001246,-0.000001,-0.004493,-0.000037,0.000250,1.570368,-0.300000,1.000000,1.100000,0.000000,0.000000,-1.571000,0.005242,0.992216,0.033150,0.992783
26.624000,-0.305239,0.007784,1.066841,0.001245,0.000004,-0.004496,-0.000037,0.000251,1.570368,-0.300000,1.000000,1.100000,0.000000,0.000000,-1.571000,0.005239,0.992216,0.033159,0.992783
26.626000,-0.305237,0.007784,1.066832,0.001244,0.000008,-0.004500,-0.000037,0.000252,1.570369,-0.300000,1.000000,1.100000,0.000000,0.000000,-1.571000,0.005237,0.992216,0.033168,0.992784
26.628000,-0.305234,0.007784,1.066823,0.001244,0.000013,-0.004503,-0.000036,0.000253,1.570369,-0.300000,1.000000,1.100000,0.000000,0.000000,-1.571000,0.005234,0.992216,0.033177,0.992784
26.630000,-0.305232,0.007784,1.066814,0.001243,0.000018,-0.004506,-0.000036,0.000254,1.570370,-0.300000,1.000000,1.100000,0.000000,0.000000,-1.571000,0.005232,0.992216,0.033186,0.992784
26.632000,-0.305229,0.007784,1.066805,0.001242,0.000023,-0.004509,-0.000035,0.000255,1.570370,-0.300000,1.000000,1.100000,0.000000,0.000000,-1.571000,0.005229,0.992216,0.033195,0.992785
26.634000,-0.305227,0.007784,1.066795,0.001241,0.000028,-0.004513,-0.000034,0.000256,1.570371,-0.300000,1.000000,1.100000,0.000000,0.000000,-1.571000,0.005227,0.992216,0.033205,0.992785
26.636000,-0.305224,0.007784,1.066786,0.001241,0.000033,-0.004516,-0.000034,0.000256,1.570371,-0.300000,1.000000,1.100000,0.000000,0.000000,-1.571000,0.005224,0.992216,0.033214,0.992785
26.638000,-0.305222,0.007785,1.066777,0.001240,0.000038,-0.004519,-0.000033,0.000256,1.570371,-0.300000,1.000000,1.100000,0.000000,0.000000,-1.571000,0.005222,0.992215,0.033223,0.992785
26.640000,-0.305219,0.007785,1.066768,0.001239,0.000043,-0.004522,-0.000033,0.000256,1.570371,-0.300000,1.000000,1.100000,0.000000,0.000000,-1.571000,0.005219,0.992215,0.033232,0.992785
26.642000,-0.305217,0.007785,1.066759,0.001239,0.000048,-0.004526,-0.000032,0.000256,1.570372,-0.300000,1.000000,1.100000,0.000000,0.000000,-1.571000,0.005217,0.992215,0.033241,0.992786
26.644000,-0.305214,0.007785,1.066750,0.001238,0.000053,-0.004529,-0.000031,0.000256,1.570372,-0.300000,1.000000,1.100000,0.000000,0.000000,-1.571000,0.005214,0.992215,0.033250,0.992786
26.646000,-0.305212,0.007785,1.066741,0.001238,0.000058,-0.004532,-0.000031,0.000255,1.570372,-0.300000,1.000000,1.100000,0.000000,0.000000,-1.571000,0.005212,0.992215,0.033259,0.992786
26.648000,-0.305209,0.007785,1.066732,0.001237,0.000063,-0.004536,-0.000030,0.000254,1.570372,-0.300000,1.000000,1.100000,0.000000,0.000000,-1.571000,0.005209,0.992215,0.033268,0.992786
26.650000,-0.305207,0.007785,1.066723,0.001236,0.000068,-0.004539,-0.000029,0.000253,1.570371,-0.300000,1.000000,1.100000,0.000000,0.000000,-1.571000,0.005207,0.992215,0.033277,0.992786
26.652000,-0.305204,0.007785,1.066714,0.001236,0.000073,-0.004542,-0.000028,0.000251,1.570371,-0.300000,1.000000,1.100000,0.000000,0.000000,-1.571000,0.005204,0.992215,0.033286,0.992786
26.654000,-0.305202,0.007786,1.066705,0.001235,0.000078,-0.004545,-0.000028,0.000250,1.570371,-0.300000,1.000000,1.100000,0.000000,0.000000,-1.571000,0.005202,0.992214,0.033295,0.992787
26.656000,-0.305199,0.007786,1.066696,0.001235,0.000083,-0.004549,-0.000027,0.000248,1.570370,-0.300000,1.000000,1.100000,0.000000,0.000000,-1.571000,0.005199,0.992214,0.033304,0.992787
26.658000,-0.305197,0.007786,1.066687,0.001234,0.000088,-0.004552,-0.000026,0.000245,1.570370,-0.300000,1.000000,1.100000,0.000000,0.000000,-1.571000,0.005197,0.992214,0.033313,0.992787
26.660000,-0.305195,0.007786,1.066678,0.001234,0.000093,-0.004555,-0.000025,0.000243,1.570369,-0.300000,1.000000,1.100000,0.000000,0.000000,-1.571000,0.005195,0.992214,0.033322,0.992787
26.662000,-0.305192,0.007786,1.066668,0.001233,0.000098,-0.004558,-0.000024,0.000240,1.570369,-0.300000,1.000000,1.100000,0.000000,0.000000,-1.571000,0.005192,0.992214,0.033332,0.992787
26.664000,-0.305190,0.007786,1.066659,0.001233,0.000102,-0.004562,-0.000024,0.000237,1.570368,-0.300000,1.000000,1.100000,0.000000,0.000000,-1.571000,0.005190,0.992214,0.033341,0.992787
26.666000,-0.305187,0.007787,1.066650,0.001232,0.000107,-0.004565,-0.000023,0.000234,1.570367,-0.300000,1.000000,1.100000,0.000000,0.000000,-1.571000,0.005187,0.992213,0.033350,0.992787
26.668000,-0.305185,0.007787,1.066641,0.001232,0.000111,-0.004568,-0.000022,0.000230,1.570367,-0.300000,1.000000,1.100000,0.000000,0.000000,-1.571000,0.005185,0.992213,0.033359,0.992787
26.670000,-0.305182,0.007787,1.066632,0.001231,0.000116,-0.004572,-0.000021,0.000226,1.570366,-0.300000,1.000000,1.100000,0.000000,0.000000,-1.571000,0.005182,0.992213,0.033368,0.992787
26.672000,-0.305180,0.007787,1.066623,0.001231,0.000120,-0.004575,-0.000020,0.000223,1.570365,-0.300000,1.000000,1.100000,0.000000,0.000000,-1.571000,0.005180,0.992213,0.033377,0.992787
26.674000,-0.305177,0.007788,1.066614,0.001231,0.000125,-0.004578,-0.000019,0.000218,1.570364,-0.300000,1.000000,1.100000,0.000000,0.000000,-1.571000,0.005177,0.992212,0.033386,0.992787
26.676000,-0.305175,0.007788,1.066604,0.001230,0.000129,-0.004581,-0.000019,0.000214,1.570363,-0.300000,1.000000,1.100000,0.000000,0.000000,-1.571000,0.005175,0.992212,0.033396,0.992787
26.678000,-0.305172,0.007788,1.066595,0.001230,0.000133,-0.004584,-0.000018,0.000210,1.570362,-0.300000,1.000000,1.100000,0.000000,0.000000,-1.571000,0.005172,0.992212,0.033405,0.992788
26.680000,-0.305170,0.007788,1.066586,0.001229,0.000137,-0.004587,-0.000017,0.000205,1.570361,-0.300000,1.000000,1.100000,0.000000,0.000000,-1.571000,0.005170,0.992212,0.033414,0.992788
26.682000,-0.305167,0.007789,1.066577,0.001229,0.000141,-0.004589,-0.000016,0.000200,1.570360,-0.300000,1.000000,1.100000,0.000000,0.000000,-1.571000,0.005167,0.992211,0.033423,0.992788
26.684000,-0.305165,0.007789,1.066568,0.001229,0.000145,-0.004591,-0.000015,0.000196,1.570359,-0.300000,1.000000,1.100000,0.000000,0.000000,-1.571000,0.005165,0.992211,0.033432,0.992788
26.686000,-0.305163,0.007789,1.066559,0.001229,0.000149,-0.004593,-0.000014,0.000191,1.570358,-0.300000,1.000000,1.100000,0.000000,0.000000,-1.571000,0.005163,0.992211,0.033441,0.992788
26.688000,-0.305160,0.007790,1.066549,0.001228,0.000153,-0.004595,-0.000013,0.000185,1.570356,-0.300000,1.000000,1.100000,0.000000,0.000000,-1.571000,0.005160,0.992210,0.033451,0.992788
26.690000,-0.305158,0.007790,1.066540,0.001228,0.000156,-0.004597,-0.000012,0.000180,1.570355,-0.300000,1.000000,1.100000,0.000000,0.000000,-1.571000,0.005158,0.992210,0.033460,0.992788
26.692000,-0.305155,0.007790,1.066531,0.001228,0.000160,-0.004598,-0.000012,0.000175,1.570354,-0.300000,1.000000,1.100000,0.000000,0.000000,-1.571000,0.005155,0.992210,0.033469,0.992788
26.694000,-0.305153,0.007791,1.066522,0.001228,0.000163,-0.004600,-0.000011,0.000170,1.570353,-0.300000,1.000000,1.100000,0.000000,0.000000,-1.571000,0.005153,0.992209,0.033478,0.992788
26.696000,-0.305150,0.007791,1.066513,0.001227,0.000166,-0.004601,-0.000010,0.000165,1.570352,-0.300000,1.000000,1.100000,0.000000,0.000000,-1.571000,0.005150,0.992209,0.033487,0.992787
26.698000,-0.305148,0.007791,1.066503,0.001227,0.000170,-0.004602,-0.000009,0.000159,1.570351,-0.300000,1.000000,1.100000,0.000000,0.000000,-1.571000,0.005148,0.992209,0.033497,0.992787
26.700000,-0.305145,0.007792,1.066494,0.001227,0.000173,-0.004603,-0.000008,0.000154,1.570349,-0.300000,1.000000,1.100000,0.000000,0.000000,-1.571000,0.005145,0.992208,0.033506,0.992787
26.702000,-0.305143,0.007792,1.066485,0.001227,0.000176,-0.004604,-0.000007,0.000149,1.570348,-0.300000,1.000000,1.100000,0.000000,0.000000,-1.571000,0.005143,0.992208,0.033515,0.992787
26.704000,-0.305140,0.007792,1.066476,0.001227,0.000179,-0.004605,-0.000006,0.000143,1.570347,-0.300000,1.000000,1.100000,0.000000,0.000000,-1.571000,0.005140,0.992208,0.033524,0.992787
26.706000,-0.305138,0.007793,1.066467,0.001227,0.000181,-0.004606,-0.000005,0.000138,1.570346,-0.300000,1.000000,1.100000,0.000000,0.000000,-1.571000,0.005138,0.992207,0.033533,0.992787
26.708000,-0.305136,0.007793,1.066457,0.001226,0.000184,-0.004607,-0.000004,0.000133,1.570345,-0.300000,1.000000,1.100000,0.000000,0.000000,-1.571000,0.005136,0.992207,0.033543,0.992787
26.710000,-0.305133,0.007793,1.066448,0.001226,0.000187,-0.004608,-0.000004,0.000127,1.570344,-0.300000,1.000000,1.100000,0.000000,0.000000,-1.571000,0.005133,0.992207,0.033552,0.992787
26.712000,-0.305131,0.007794,1.066439,0.001226,0.000189,-0.004608,-0.000003,0.000122,1.570343,-0.300000,1.000000,1.100000,0.000000,0.000000,-1.571000,0.005131,0.992206,0.033561,0.992787
26.714000,-0.305128,0.007794,1.066430,0.001226,0.000191,-0.004609,-0.000002,0.000117,1.570342,-0.300000,1.000000,1.100000,0.000000,0.000000,-1.571000,0.005128,0.992206,0.033570,0.992787
26.716000,-0.305126,0.007794,1.066421,0.001226,0.000194,-0.004610,-0.000001,0.000112,1.570341,-0.300000,1.000000,1.100000,0.000000,0.000000,-1.571000,0.005126,0.992206,0.033579,0.992787
26.718000,-0.305123,0.007795,1.066411,0.001226,0.000196,-0.004610,0.000000,0.000106,1.570340,-0.300000,1.000000,1.100000,0.000000,0.000000,-1.571000,0.005123,0.992205,0.033589,0.992787
26.720000,-0.305121,0.007795,1.066402,0.001226,0.000198,-0.004611,0.000001,0.000101,1.570339,-0.300000,1.000000,1.100000,0.000000,0.000000,-1.571000,0.005121,0.992205,0.033598,0.992787
26.722000,-0.305118,0.007796,1.066393,0.001226,0.000200,-0.004611,0.000002,0.000096,1.570338,-0.300000,1.000000,1.100000,0.000000,0.000000,-1.571000,0.005118,0.992204,0.033607,0.992787
26.724000,-0.305116,0.007796,1.066384,0.001226,0.000202,-0.004612,0.000003,0.000091,1.570337,-0.300000,1.000000,1.100000,0.000000,0.000000,-1.571000,0.005116,0.992204,0.033616,0.992786
26.726000,-0.305113,0.007796,1.066374,0.001226,0.000204,-0.004611,0.000004,0.000086,1.570336,-0.300000,1.000000,1.100000,0.000000,0.000000,-1.571000,0.005113,0.992204,0.033626,0.992786
26.728000,-0.305111,0.007797,1.066365,0.001226,0.000205,-0.004610,0.000004,0.000081,1.570335,-0.300000,1.000000,1.100000,0.000000,0.000000,-1.571000,0.005111,0.992203,0.033635,0.992786
26.730000,-0.305109,0.007797,1.066356,0.001227,0.000207,-0.004609,0.000005,0.000077,1.570334,-0.300000,1.000000,1.100000,0.000000,0.000000,-1.571000,0.005109,0.992203,0.033644,0.992786
26.732000,-0.305106,0.007798,1.066347,0.001227,0.000208,-0.004607,0.000006,0.000072,1.570333,-0.300000,1.000000,1.100000,0.000000,0.000000,-1.571000,0.005106,0.992202,0.033653,0.992786
26.734000,-0.305104,0.007798,1.066338,0.001227,0.000210,-0.004605,0.000007,0.000067,1.570332,-0.300000,1.000000,1.100000,0.000000,0.000000,-1.571000,0.005104,0.992202,0.033662,0.992786
26.736000,-0.305101,0.007799,1.066328,0.001227,0.000211,-0.004603,0.000008,0.000063,1.570331,-0.300000,1.000000,1.100000,0.000000,0.000000,-1.571000,0.005101,0.992201,0.033672,0.992786
26.738000,-0.305099,0.007799,1.066319,0.001227,0.000212,-0.004600,0.000009,0.000058,1.570330,-0.300000,1.000000,1.100000,0.000000,0.000000,-1.571000,0.005099,0.992201,0.033681,0.992786
26.740000,-0.305096,0.007799,1.066310,0.001227,0.000213,-0.004597,0.000010,0.000054,1.570329,-0.300000,1.000000,1.100000,0.000000,0.000000,-1.571000,0.005096,0.992201,0.033690,0.992786
26.742000,-0.305094,0.007800,1.066301,0.001227,0.000214,-0.004594,0.000011,0.000049,1.570329,-0.300000,1.000000,1.100000,0.000000,0.000000,-1.571000,0.005094,0.992200,0.033699,0.992785
26.744000,-0.305091,0.007800,1.066292,0.001228,0.000215,-0.004590,0.000012,0.000045,1.570328,-0.300000,1.000000,1.100000,0.000000,0.000000,-1.571000,0.005091,0.992200,0.033708,0.992785
26.746000,-0.305089,0.007801,1.066282,0.001228,0.000216,-0.004586,0.000013,0.000041,1.570327,-0.300000,1.000000,1.100000,0.000000,0.000000,-1.571000,0.005089,0.992199,0.033718,0.992785
26.748000,-0.305086,0.007801,1.066273,0.001228,0.000217,-0.004582,0.000013,0.000037,1.570326,-0.300000,1.000000,1.100000,0.000000,0.000000,-1.571000,0.005086,0.992199,0.033727,0.992785
26.750000,-0.305084,0.007802,1.066264,0.001228,0.000218,-0.004578,0.000014,0.000033,1.570326,-0.300000,1.000000,1.100000,0.000000,0.000000,-1.571000,0.005084,0.992198,0.033736,0.992785
26.752000,-0.305082,0.007802,1.066255,0.001229,0.000218,-0.004574,0.000015,0.000030,1.570325,-0.300000,1.000000,1.100000,0.000000,0.000000,-1.571000,0.005082,0.992198,0.033745,0.992785
26.754000,-0.305079,0.007802,1.066246,0.001229,0.000219,-0.004570,0.000016,0.000026,1.570324,-0.300000,1.000000,1.100000,0.000000,0.000000,-1.571000,0.005079,0.992198,0.033754,0.992785
26.756000,-0.305077,0.007803,1.066237,0.001229,0.000219,-0.004565,0.000017,0.000023,1.570324,-0.300000,1.000000,1.100000,0.000000,0.000000,-1.571000,0.005077,0.992197,0.033763,0.992784
26.758000,-0.305074,0.007803,1.066228,0.001230,0.000220,-0.004561,0.000018,0.000020,1.570323,-0.300000,1.000000,1.100000,0.000000,0.000000,-1.571000,0.005074,0.992197,0.033772,0.992784
26.760000,-0.305072,0.007804,1.066218,0.001230,0.000220,-0.004557,0.000019,0.000017,1.570322,-0.300000,1.000000,1.100000,0.000000,0.000000,-1.571000,0.005072,0.992196,0.033782,0.992784
26.762000,-0.305069,0.007804,1.066209,0.001230,0.000220,-0.004553,0.000020,0.000014,1.570322,-0.300000,1.000000,1.100000,0.000000,0.000000,-1.571000,0.005069,0.992196,0.033791,0.992784
26.764000,-0.305067,0.007805,1.066200,0.001231,0.000221,-0.004549,0.000021,0.000011,1.570321,-0.300000,1.000000,1.100000,0.000000,0.000000,-1.571000,0.005067,0.992195,0.033800,0.992784
26.766000,-0.305064,0.007805,1.066191,0.001231,0.000221,-0.004545,0.000022,0.000008,1.570321,-0.300000,1.000000,1.100000,0.000000,0.000000,-1.571000,0.005064,0.992195,0.033809,0.992784
26.768000,-0.305062,0.007806,1.066182,0.001232,0.000221,-0.004541,0.000022,0.000006,1.570320,-0.300000,1.000000,1.100000,0.000000,0.000000,-1.571000,0.005062,0.992194,0.033818,0.992784
26.770000,-0.305059,0.007806,1.066173,0.001232,0.000221,-0.004538,0.000023,0.000004,1.570319,-0.300000,1.000000,1.100000,0.000000,0.000000,-1.571000,0.005059,0.992194,0.033827,0.992783
26.772000,-0.305057,0.007806,1.066164,0.001233,0.000221,-0.004534,0.000024,0.000002,1.570319,-0.300000,1.000000,1.100000,0.000000,0.000000,-1.571000,0.005057,0.992194,0.033836,0.992783
26.774000,-0.305054,0.007807,1.066155,0.001233,0.000221,-0.004531,0.000025,-0.000000,1.570318,-0.300000,1.000000,1.100000,0.000000,0.000000,-1.571000,0.005054,0.992193,0.033845,0.992783
26.776000,-0.305052,0.007807,1.066146,0.001234,0.000221,-0.004527,0.000026,-0.000002,1.570318,-0.300000,1.000000,1.100000,0.000000,0.000000,-1.571000,0.005052,0.992193,0.033854,0.992783
26.778000,-0.305050,0.007808,1.066137,0.001234,0.000221,-0.004524,0.000027,-0.000004,1.570317,-0.300000,1.000000,1.100000,0.000000,0.000000,-1.571000,0.005050,0.992192,0.033863,0.992783
26.780000,-0.305047,0.007808,1.066128,0.001235,0.000221,-0.004521,0.000028,-0.000005,1.570317,-0.300000,1.000000,1.100000,0.000000,0.000000,-1.571000,0.005047,0.992192,0.033872,0.992783
26.782000,-0.305045,0.007809,1.066119,0.001235,0.000221,-0.004517,0.000029,-0.000007,1.570316,-0.300000,1.000000,1.100000,0.000000,0.000000,-1.571000,0.005045,0.992191,0.033881,0.992783
26.784000,-0.305042,0.007809,1.066110,0.001236,0.000221,-0.004514,0.000030,-0.000008,1.570316,-0.300000,1.000000,1.100000,0.000000,0.000000,-1.571000,0.005042,0.992191,0.033890,0.992782
26.786000,-0.305040,0.007809,1.066101,0.001236,0.000221,-0.004511,0.000030,-0.000009,1.570315,-0.300000,1.000000,1.100000,0.000000,0.000000,-1.571000,0.005040,0.992191,0.033899,0.992782
26.788000,-0.305037,0.007810,1.066092,0.001237,0.000220,-0.004508,0.000031,-0.000010,1.570314,-0.300000,1.000000,1.100000,0.000000,0.000000,-1.571000,0.005037,0.992190,0.033908,0.992782
26.790000,-0.305035,0.007810,1.066083,0.001238,0.000220,-0.004505,0.000032,-0.000011,1.570314,-0.300000,1.000000,1.100000,0.000000,0.000000,-1.571000,0.005035,0.992190,0.033917,0.992782
26.792000,-0.305032,0.007811,1.066074,0.001238,0.000220,-0.004502,0.000033,-0.000012,1.570313,-0.300000,1.000000,1.100000,0.000000,0.000000,-1.571000,0.005032,0.992189,0.033926,0.992782
26.794000,-0.305030,0.007811,1.066065,0.001239,0.000220,-0.004499,0.000034,-0.000012,1.570313,-0.300000,1.000000,1.100000,0.000000,0.000000,-1.571000,0.005030,0.992189,0.033935,0.992782
26.796000,-0.305027,0.007812,1.066056,0.001240,0.000220,-0.004496,0.000035,-0.000013,1.570312,-0.300000,1.000000,1.100000,0.000000,0.000000,-1.571000,0.005027,0.992188,0.033944,0.992782
26.798000,-0.305025,0.007812,1.066047,0.001240,0.000219,-0.004493,0.000036,-0.000013,1.570312,-0.300000,1.000000,1.100000,0.000000,0.000000,-1.571000,0.005025,0.992188,0.033953,0.992781
26.800000,-0.305022,0.007813,1.066038,0.001241,0.000219,-0.004490,0.000036,-0.000013,1.570311,-0.300000,1.000000,1.100000,0.000000,0.000000,-1.571000,0.005022,0.992187,0.033962,0.992781
26.802000,-0.305020,0.007813,1.066029,0.001242,0.000219,-0.004487,0.000037,-0.000014,1.570311,-0.300000,1.000000,1.100000,0.000000,0.000000,-1.571000,0.005020,0.992187,0.033971,0.992781
26.804000,-0.305017,0.007813,1.066020,0.001242,0.000219,-0.004484,0.000038,-0.000014,1.570310,-0.300000,1.000000,1.100000,0.000000,0.000000,-1.571000,0.005017,0.992187,0.033980,0.992781
26.806000,-0.305015,0.007814,1.066011,0.001243,0.000218,-0.004481,0.000039,-0.000014,1.570310,-0.300000,1.000000,1.100000,0.000000,0.000000,-1.571000,0.005015,0.992186,0.033989,0.992781
26.808000,-0.305012,0.007814,1.066002,0.001244,0.000218,-0.004478,0.000039,-0.000014,1.570309,-0.300000,1.000000,1.100000,0.000000,0.000000,-1.571000,0.005012,0.992186,0.033998,0.992781
26.810000,-0.305010,0.007815,1.065993,0.001245,0.000218,-0.004475,0.000040,-0.000014,1.570309,-0.300000,1.000000,1.100000,0.000000,0.000000,-1.571000,0.005010,0.992185,0.034007,0.992781
26.812000,-0.305007,0.007815,1.065984,0.001245,0.000217,-0.004472,0.000040,-0.000014,1.570308,-0.300000,1.000000,1.100000,0.000000,0.000000,-1.571000,0.005007,0.992185,0.034016,0.992780
26.814000,-0.305005,0.007816,1.065975,0.001246,0.000217,-0.004469,0.000040,-0.000013,1.570308,-0.300000,1.000000,1.100000,0.000000,0.000000,-1.571000,0.005005,0.992184,0.034025,0.992780
26.816000,-0.305002,0.007816,1.065966,0.001247,0.000217,-0.004466,0.000041,-0.000013,1.570308,-0.300000,1.000000,1.100000,0.000000,0.000000,-1.571000,0.005002,0.992184,0.034034,0.992780
26.818000,-0.305000,0.007816,1.065957,0.001248,0.000217,-0.004463,0.000041,-0.000014,1.570308,-0.300000,1.000000,1.100000,0.000000,0.000000,-1.571000,0.005000,0.992184,0.034043,0.992780
26.820000,-0.304997,0.007817,1.065948,0.001249,0.000216,-0.004461,0.000041,-0.000014,1.570307,-0.300000,1.000000,1.100000,0.000000,0.000000,-1.571000,0.004997,0.992183,0.034052,0.992780
26.822000,-0.304995,0.007817,1.065939,0.001249,0.000216,-0.004458,0.000041,-0.000014,1.570307,-0.300000,1.000000,1.100000,0.000000,0.000000,-1.571000,0.004995,0.992183,0.034061,0.992780
26.824000,-0.304992,0.007818,1.065930,0.001250,0.000216,-0.004455,0.000041,-0.000014,1.570307,-0.300000,1.000000,1.100000,0.000000,0.000000,-1.571000,0.004992,0.992182,0.034070,0.992780
26.826000,-0.304990,0.007818,1.065921,0.001251,0.000216,-0.004452,0.000041,-0.000015,1.570307,-0.300000,1.000000,1.100000,0.000000,0.000000,-1.571000,0.004990,0.992182,0.034079,0.992779
26.828000,-0.304987,0.007819,1.065912,0.001252,0.000215,-0.004449,0.000040,-0.000015,1.570307,-0.300000,1.000000,1.100000,0.000000,0.000000,-1.571000,0.004987,0.992181,0.034088,0.992779
26.830000,-0.304985,0.007819,1.065904,0.001253,0.000215,-0.004446,0.000040,-0.000016,1.570308,-0.300000,1.000000,1.100000,0.000000,0.000000,-1.571000,0.004985,0.992181,0.034096,0.992779
26.832000,-0.304982,0.007819,1.065895,0.001253,0.000215,-0.004444,0.000040,-0.000017,1.570308,-0.300000,1.000000,1.100000,0.000000,0.000000,-1.571000,0.004982,0.992181,0.034105,0.992779
26.834000,-0.304980,0.007820,1.065886,0.001254,0.000214,-0.004441,0.000039,-0.000018,1.570308,-0.300000,1.000000,1.100000,0.000000,0.000000,-1.571000,0.004980,0.992180,0.034114,0.992779
26.836000,-0.304977,0.007820,1.065877,0.001255,0.000214,-0.004438,0.000039,-0.000020,1.570308,-0.300000,1.000000,1.100000,0.000000,0.000000,-1.571000,0.004977,0.992180,0.034123,0.992779
26.838000,-0.304975,0.007821,1.065868,0.001256,0.000214,-0.004435,0.000038,-0.000021,1.570309,-0.300000,1.000000,1.100000,0.000000,0.000000,-1.571000,0.004975,0.992179,0.034132,0.992779
26.840000,-0.304972,0.007821,1.065859,0.001257,0.000213,-0.004432,0.000038,-0.000023,1.570309,-0.300000,1.000000,1.100000,0.000000,0.000000,-1.571000,0.004972,0.992179,0.034141,0.992778
26.842000,-0.304970,0.007822,1.065850,0.001257,0.000213,-0.004430,0.000037,-0.000025,1.570310,-0.300000,1.000000,1.100000,0.000000,0.000000,-1.571000,0.004970,0.992178,0.034150,0.992778
26.844000,-0.304967,0.007822,1.065841,0.001258,0.000212,-0.004427,0.000036,-0.000027,1.570311,-0.300000,1.000000,1.100000,0.000000,0.000000,-1.571000,0.004967,0.992178,0.034159,0.992778
26.846000,-0.304965,0.007822,1.065833,0.001259,0.000212,-0.004424,0.000036,-0.000029,1.570311,-0.300000,1.000000,1.100000,0.000000,0.000000,-1.571000,0.004965,0.992178,0.034167,0.992778
26.848000,-0.304962,0.007823,1.065824,0.001259,0.000211,-0.004421,0.000035,-0.000031,1.570312,-0.300000,1.000000,1.100000,0.000000,0.000000,-1.571000,0.004962,0.992177,0.034176,0.992778
26.850000,-0.304960,0.007823,1.065815,0.001260,0.000210,-0.004419,0.000034,-0.000034,1.570313,-0.300000,1.000000,1.100000,0.000000,0.000000,-1.571000,0.004960,0.992177,0.034185,0.992778
26.852000,-0.304957,0.007824,1.065806,0.001261,0.000210,-0.004416,0.000033,-0.000036,1.570314,-0.300000,1.000000,1.100000,0.000000,0.000000,-1.571000,0.004957,0.992176,0.034194,0.992778
26.854000,-0.304955,0.007824,1.065797,0.001261,0.000209,-0.004413,0.000032,-0.000039,1.570315,-0.300000,1.000000,1.100000,0.000000,0.000000,-1.571000,0.004955,0.992176,0.034203,0.992778
26.856000,-0.304952,0.007825,1.065788,0.001262,0.000208,-0.004410,0.000031,-0.000042,1.570316,-0.300000,1.000000,1.100000,0.000000,0.000000,-1.571000,0.004952,0.992175,0.034212,0.992777
26.858000,-0.304950,0.007825,1.065780,0.001263,0.000207,-0.004407,0.000031,-0.000045,1.570317,-0.300000,1.000000,1.100000,0.000000,0.000000,-1.571000,0.004950,0.992175,0.034220,0.992777
26.860000,-0.304947,0.007825,1.065771,0.001263,0.000207,-0.004405,0.000030,-0.000049,1.570318,-0.300000,1.000000,1.100000,0.000000,0.000000,-1.571000,0.004947,0.992175,0.034229,0.992777
26.862000,-0.304945,0.007826,1.065762,0.001264,0.000206,-0.004402,0.000029,-0.000052,1.570319,-0.300000,1.000000,1.100000,0.000000,0.000000,-1.571000,0.004945,0.992174,0.034238,0.992777
26.864000,-0.304942,0.007826,1.065753,0.001264,0.000204,-0.004399,0.000028,-0.000055,1.570320,-0.300000,1.000000,1.100000,0.000000,0.000000,-1.571000,0.004942,0.992174,0.034247,0.992777
26.866000,-0.304940,0.007827,1.065744,0.001265,0.000203,-0.004396,0.000027,-0.000059,1.570321,-0.300000,1.000000,1.100000,0.000000,0.000000,-1.571000,0.004940,0.992173,0.034256,0.992777
26.868000,-0.304937,0.007827,1.065736,0.001266,0.000202,-0.004394,0.000026,-0.000063,1.570322,-0.300000,1.000000,1.100000,0.000000,0.000000,-1.571000,0.004937,0.992173,0.034264,0.992777
26.870000,-0.304935,0.007827,1.065727,0.001266,0.000201,-0.004391,0.000025,-0.000066,1.570323,-0.300000,1.000000,1.100000,0.000000,0.000000,-1.571000,0.004935,0.992173,0.034273,0.992777
26.872000,-0.304932,0.007828,1.065718,0.001266,0.000200,-0.004388,0.000024,-0.000070,1.570325,-0.300000,1.000000,1.100000,0.000000,0.000000,-1.571000,0.004932,0.992172,0.034282,0.992776
26.874000,-0.304929,0.007828,1.065709,0.001267,0.000198,-0.004385,0.000023,-0.000074,1.570326,-0.300000,1.000000,1.100000,0.000000,0.000000,-1.571000,0.004929,0.992172,0.034291,0.992776
26.876000,-0.304927,0.007829,1.065701,0.001267,0.000197,-0.004382,0.000022,-0.000078,1.570327,-0.300000,1.000000,1.100000,0.000000,0.000000,-1.571000,0.004927,0.992171,0.034299,0.992776
26.878000,-0.304924,0.007829,1.065692,0.001268,0.000195,-0.004380,0.000021,-0.000082,1.570328,-0.300000,1.000000,1.100000,0.000000,0.000000,-1.571000,0.004924,0.992171,0.034308,0.992776
26.880000,-0.304922,0.007829,1.065683,0.001268,0.000194,-0.004377,0.000020,-0.000087,1.570329,-0.300000,1.000000,1.100000,0.000000,0.000000,-1.571000,0.004922,0.992171,0.034317,0.992776
26.882000,-0.304919,0.007830,1.065674,0.001269,0.000192,-0.004374,0.000019,-0.000091,1.570330,-0.300000,1.000000,1.100000,0.000000,0.000000,-1.571000,0.004919,0.992170,0.034326,0.992776
26.884000,-0.304917,0.007830,1.065666,0.001269,0.000190,-0.004371,0.000018,-0.000095,1.570331,-0.300000,1.000000,1.100000,0.000000,0.000000,-1.571000,0.004917,0.992170,0.034334,0.992776
26.886000,-0.304914,0.007831,1.065657,0.001269,0.000188,-0.004368,0.000017,-0.000099,1.570333,-0.300000,1.000000,1.100000,0.000000,0.000000,-1.571000,0.004914,0.992169,0.034343,0.992776
26.888000,-0.304912,0.007831,1.065648,0.001270,0.000186,-0.004366,0.000016,-0.000104,1.570334,-0.300000,1.000000,1.100000,0.000000,0.000000,-1.571000,0.004912,0.992169,0.034352,0.992776
26.890000,-0.304909,0.007831,1.065639,0.001270,0.000184,-0.004363,0.000015,-0.000108,1.570335,-0.300000,1.000000,1.100000,0.000000,0.000000,-1.571000,0.004909,0.992169,0.034361,0.992776
26.892000,-0.304907,0.007832,1.065631,0.001270,0.000182,-0.004360,0.000014,-0.000112,1.570336,-0.300000,1.000000,1.100000,0.000000,0.000000,-1.571000,0.004907,0.992168,0.034369,0.992776
26.894000,-0.304904,0.007832,1.065622,0.001271,0.000180,-0.004357,0.000013,-0.000117,1.570337,-0.300000,1.000000,1.100000,0.000000,0.000000,-1.571000,0.004904,0.992168,0.034378,0.992775
26.896000,-0.304902,0.007832,1.065613,0.001271,0.000177,-0.004355,0.000012,-0.000121,1.570338,-0.300000,1.000000,1.100000,0.000000,0.000000,-1.571000,0.004902,0.992168,0.034387,0.992775
26.898000,-0.304899,0.007833,1.065604,0.001271,0.000175,-0.004352,0.000011,-0.000125,1.570339,-0.300000,1.000000,1.100000,0.000000,0.000000,-1.571000,0.004899,0.992167,0.034396,0.992775
26.900000,-0.304896,0.007833,1.065596,0.001271,0.000173,-0.004350,0.000010,-0.000130,1.570340,-0.300000,1.000000,1.100000,0.000000,0.000000,-1.571000,0.004896,0.992167,0.034404,0.992775
26.902000,-0.304894,0.007833,1.065587,0.001271,0.000170,-0.004348,0.000009,-0.000134,1.570341,-0.300000,1.000000,1.100000,0.000000,0.000000,-1.571000,0.004894,0.992167,0.034413,0.992775
26.904000,-0.304891,0.007834,1.065578,0.001272,0.000167,-0.004346,0.000008,-0.000138,1.570342,-0.300000,1.000000,1.100000,0.000000,0.000000,-1.571000,0.004891,0.992166,0.034422,0.992775
26.906000,-0.304889,0.007834,1.065570,0.001272,0.000165,-0.004345,0.000007,-0.000143,1.570343,-0.300000,1.000000,1.100000,0.000000,0.000000,-1.571000,0.004889,0.992166,0.034430,0.992775
26.908000,-0.304886,0.007834,1.065561,0.001272,0.000162,-0.004344,0.000006,-0.000147,1.570344,-0.300000,1.000000,1.100000,0.000000,0.000000,-1.571000,0.004886,0.992166,0.034439,0.992775
26.910000,-0.304884,0.007835,1.065552,0.001272,0.000159,-0.004342,0.000005,-0.000151,1.570345,-0.300000,1.000000,1.100000,0.000000,0.000000,-1.571000,0.004884,0.992165,0.034448,0.992775
26.912000,-0.304881,0.007835,1.065544,0.001272,0.000156,-0.004341,0.000004,-0.000155,1.570346,-0.300000,1.000000,1.100000,0.000000,0.000000,-1.571000,0.004881,0.992165,0.034456,0.992775
26.914000,-0.304879,0.007835,1.065535,0.001272,0.000153,-0.004340,0.000002,-0.000159,1.570347,-0.300000,1.000000,1.100000,0.000000,0.000000,-1.571000,0.004879,0.992165,0.034465,0.992775
26.916000,-0.304876,0.007836,1.065526,0.001272,0.000150,-0.004339,0.000001,-0.000163,1.570347,-0.300000,1.000000,1.100000,0.000000,0.000000,-1.571000,0.004876,0.992164,0.034474,0.992775
26.918000,-0.304874,0.007836,1.065518,0.001272,0.000147,-0.004339,0.000000,-0.000167,1.570348,-0.300000,1.000000,1.100000,0.000000,0.000000,-1.571000,0.004874,0.992164,0.034482,0.992775
26.920000,-0.304871,0.007836,1.065509,0.001272,0.000143,-0.004338,-0.000001,-0.000170,1.570349,-0.300000,1.000000,1.100000,0.000000,0.000000,-1.571000,0.004871,0.992164,0.034491,0.992775
26.922000,-0.304868,0.007837,1.065500,0.001272,0.000140,-0.004337,-0.000002,-0.000174,1.570350,-0.300000,1.000000,1.100000,0.000000,0.000000,-1.571000,0.004868,0.992163,0.034500,0.992775
26.924000,-0.304866,0.007837,1.065492,0.001272,0.000137,-0.004337,-0.000003,-0.000178,1.570350,-0.300000,1.000000,1.100000,0.000000,0.000000,-1.571000,0.004866,0.992163,0.034508,0.992775
26.926000,-0.304863,0.007837,1.065483,0.001272,0.000133,-0.004336,-0.000004,-0.000181,1.570351,-0.300000,1.000000,1.100000,0.000000,0.000000,-1.571000,0.004863,0.992163,0.034517,0.992775
26.928000,-0.304861,0.007837,1.065474,0.001272,0.000129,-0.004336,-0.000005,-0.000185,1.570352,-0.300000,1.000000,1.100000,0.000000,0.000000,-1.571000,0.004861,0.992163,0.034526,0.992775
26.930000,-0.304858,0.007838,1.065466,0.001272,0.000126,-0.004336,-0.000006,-0.000188,1.570352,-0.300000,1.000000,1.100000,0.000000,0.000000,-1.571000,0.004858,0.992162,0.034534,0.992775
26.932000,-0.304856,0.007838,1.065457,0.001272,0.000122,-0.004335,-0.000007,-0.000192,1.570353,-0.300000,1.000000,1.100000,0.000000,0.000000,-1.571000,0.004856,0.992162,0.034543,0.992775
26.934000,-0.304853,0.007838,1.065448,0.001271,0.000118,-0.004335,-0.000008,-0.000195,1.570354,-0.300000,1.000000,1.100000,0.000000,0.000000,-1.571000,0.004853,0.992162,0.034552,0.992775
26.936000,-0.304851,0.007838,1.065440,0.001271,0.000114,-0.004335,-0.000009,-0.000198,1.570354,-0.300000,1.000000,1.100000,0.000000,0.000000,-1.571000,0.004851,0.992162,0.034560,0.992775
26.938000,-0.304848,0.007839,1.065431,0.001271,0.000111,-0.004335,-0.000010,-0.000202,1.570355,-0.300000,1.000000,1.100000,0.000000,0.000000,-1.571000,0.004848,0.992161,0.034569,0.992775
26.940000,-0.304846,0.007839,1.065422,0.001271,0.000107,-0.004335,-0.000011,-0.000205,1.570356,-0.300000,1.000000,1.100000,0.000000,0.000000,-1.571000,0.004846,0.992161,0.034578,0.992775
26.942000,-0.304843,0.007839,1.065414,0.001271,0.000103,-0.004335,-0.000012,-0.000208,1.570356,-0.300000,1.000000,1.100000,0.000000,0.000000,-1.571000,0.004843,0.992161,0.034586,0.992776
26.944000,-0.304840,0.007839,1.065405,0.001270,0.000099,-0.004335,-0.000013,-0.000211,1.570357,-0.300000,1.000000,1.100000,0.000000,0.000000,-1.571000,0.004840,0.992161,0.034595,0.992776
26.946000,-0.304838,0.007839,1.065396,0.001270,0.000094,-0.004335,-0.000014,-0.000214,1.570357,-0.300000,1.000000,1.100000,0.000000,0.000000,-1.571000,0.004838,0.992161,0.034604,0.992776
26.948000,-0.304835,0.007840,1.065388,0.001270,0.000090,-0.004335,-0.000015,-0.000217,1.570358,-0.300000,1.000000,1.100000,0.000000,0.000000,-1.571000,0.004835,0.992160,0.034612,0.992776
26.950000,-0.304833,0.007840,1.065379,0.001270,0.000086,-0.004335,-0.000017,-0.000220,1.570358,-0.300000,1.000000,1.100000,0.000000,0.000000,-1.571000,0.004833,0.992160,0.034621,0.992776
26.952000,-0.304830,0.007840,1.065370,0.001269,0.000082,-0.004335,-0.000018,-0.000223,1.570359,-0.300000,1.000000,1.100000,0.000000,0.000000,-1.571000,0.004830,0.992160,0.034630,0.992776
26.954000,-0.304828,0.007840,1.065362,0.001269,0.000077,-0.004335,-0.000019,-0.000225,1.570360,-0.300000,1.000000,1.100000,0.000000,0.000000,-1.571000,0.004828,0.992160,0.034638,0.992776
26.956000,-0.304825,0.007840,1.065353,0.001269,0.000073,-0.004335,-0.000020,-0.000228,1.570360,-0.300000,1.000000,1.100000,0.000000,0.000000,-1.571000,0.004825,0.992160,0.034647,0.992776
26.958000,-0.304823,0.007840,1.065344,0.001268,0.000068,-0.004335,-0.000021,-0.000231,1.570361,-0.300000,1.000000,1.100000,0.000000,0.000000,-1.571000,0.004823,0.992160,0.034656,0.992776
26.960000,-0.304820,0.007840,1.065335,0.001268,0.000064,-0.004335,-0.000022,-0.000233,1.570361,-0.300000,1.000000,1.100000,0.000000,0.000000,-1.571000,0.004820,0.992160,0.034665,0.992777
26.962000,-0.304818,0.007841,1.065327,0.001267,0.000059,-0.004335,-0.000023,-0.000236,1.570362,-0.300000,1.000000,1.100000,0.000000,0.000000,-1.571000,0.004818,0.992159,0.034673,0.992777
26.964000,-0.304815,0.007841,1.065318,0.001267,0.000055,-0.004335,-0.000024,-0.000238,1.570362,-0.300000,1.000000,1.100000,0.000000,0.000000,-1.571000,0.004815,0.992159,0.034682,0.992777
26.966000,-0.304813,0.007841,1.065309,0.001266,0.000050,-0.004335,-0.000025,-0.000240,1.570363,-0.300000,1.000000,1.100000,0.000000,0.000000,-1.571000,0.004813,0.992159,0.034691,0.992777
26.968000,-0.304810,0.007841,1.065301,0.001266,0.000045,-0.004335,-0.000026,-0.000242,1.570363,-0.300000,1.000000,1.100000,0.000000,0.000000,-1.571000,0.004810,0.992159,0.034699,0.992777
26.970000,-0.304808,0.007841,1.065292,0.001265,0.000040,-0.004335,-0.000027,-0.000244,1.570364,-0.300000,1.000000,1.100000,0.000000,0.000000,-1.571000,0.004808,0.992159,0.034708,0.992778
26.972000,-0.304805,0.007841,1.065283,0.001265,0.000036,-0.004336,-0.000028,-0.000246,1.570364,-0.300000,1.000000,1.100000,0.000000,0.000000,-1.571000,0.004805,0.992159,0.034717,0.992778
26.974000,-0.304802,0.007841,1.065275,0.001264,0.000031,-0.004336,-0.000029,-0.000247,1.570365,-0.300000,1.000000,1.100000,0.000000,0.000000,-1.571000,0.004802,0.992159,0.034725,0.992778
26.976000,-0.304800,0.007841,1.065266,0.001264,0.000026,-0.004336,-0.000030,-0.000249,1.570365,-0.300000,1.000000,1.100000,0.000000,0.000000,-1.571000,0.004800,0.992159,0.034734,0.992778
26.978000,-0.304797,0.007841,1.065257,0.001263,0.000021,-0.004336,-0.000031,-0.000250,1.570366,-0.300000,1.000000,1.100000,0.000000,0.000000,-1.571000,0.004797,0.992159,0.034743,0.992779
26.980000,-0.304795,0.007841,1.065249,0.001262,0.000016,-0.004336,-0.000032,-0.000252,1.570366,-0.300000,1.000000,1.100000,0.000000,0.000000,-1.571000,0.004795,0.992159,0.034751,0.992779
26.982000,-0.304792,0.007841,1.065240,0.001262,0.000011,-0.004336,-0.000033,-0.000253,1.570367,-0.300000,1.000000,1.100000,0.000000,0.000000,-1.571000,0.004792,0.992159,0.034760,0.992779
26.984000,-0.304790,0.007841,1.065231,0.001261,0.000006,-0.004336,-0.000035,-0.000254,1.570367,-0.300000,1.000000,1.100000,0.000000,0.000000,-1.571000,0.004790,0.992159,0.034769,0.992779
26.986000,-0.304787,0.007841,1.065223,0.001260,0.000001,-0.004337,-0.000036,-0.000255,1.570368,-0.300000,1.000000,1.100000,0.000000,0.000000,-1.571000,0.004787,0.992159,0.034777,0.992780
26.988000,-0.304785,0.007841,1.065214,0.001260,-0.000004,-0.004337,-0.000036,-0.000256,1.570368,-0.300000,1.000000,1.100000,0.000000,0.000000,-1.571000,0.004785,0.992159,0.034786,0.992780
26.990000,-0.304782,0.007841,1.065205,0.001259,-0.000009,-0.004337,-0.000037,-0.000257,1.570369,-0.300000,1.000000,1.100000,0.000000,0.000000,-1.571000,0.004782,0.992159,0.034795,0.992780
26.992000,-0.304780,0.007841,1.065197,0.001258,-0.000014,-0.004337,-0.000038,-0.000258,1.570369,-0.300000,1.000000,1.100000,0.000000,0.000000,-1.571000,0.004780,0.992159,0.034803,0.992781
26.994000,-0.304777,0.007841,1.065188,0.001257,-0.000019,-0.004337,-0.000039,-0.000258,1.570370,-0.300000,1.000000,1.100000,0.000000,0.000000,-1.571000,0.004777,0.992159,0.034812,0.992781
26.996000,-0.304775,0.007841,1.065179,0.001257,-0.000024,-0.004338,-0.000040,-0.000258,1.570370,-0.300000,1.000000,1.100000,0.000000,0.000000,-1.571000,0.004775,0.992159,0.034821,0.992781
26.998000,-0.304772,0.007841,1.065171,0.001256,-0.000029,-0.004338,-0.000041,-0.000259,1.570370,-0.300000,1.000000,1.100000,0.000000,0.000000,-1.571000,0.004772,0.992159,0.034829,0.992782
27.000000,-0.304770,0.007841,1.065162,0.001255,-0.000034,-0.004338,-0.000041,-0.000259,1.570371,-0.300000,1.000000,1.100000,0.000000,0.000000,-1.571000,0.004770,0.992159,0.034838,0.992782
27.002000,-0.304767,0.007841,1.065153,0.001254,-0.000039,-0.004338,-0.000042,-0.000258,1.570371,-0.300000,1.000000,1.100000,0.000000,0.000000,-1.571000,0.004767,0.992159,0.034847,0.992782
27.004000,-0.304765,0.007841,1.065145,0.001253,-0.000044,-0.004338,-0.000042,-0.000258,1.570371,-0.300000,1.000000,1.100000,0.000000,0.000000,-1.571000,0.004765,0.992159,0.034855,0.992783
27.006000,-0.304762,0.007841,1.065136,0.001253,-0.000049,-0.004338,-0.000042,-0.000257,1.570371,-0.300000,1.000000,1.100000,0.000000,0.000000,-1.571000,0.004762,0.992159,0.034864,0.992783
27.008000,-0.304760,0.007841,1.065127,0.001252,-0.000054,-0.004339,-0.000043,-0.000256,1.570371,-0.300000,1.000000,1.100000,0.000000,0.000000,-1.571000,0.004760,0.992159,0.034873,0.992783
27.010000,-0.304757,0.007841,1.065119,0.001251,-0.000059,-0.004339,-0.000043,-0.000255,1.570371,-0.300000,1.000000,1.100000,0.000000,0.000000,-1.571000,0.004757,0.992159,0.034881,0.992784
27.012000,-0.304755,0.007840,1.065110,0.001250,-0.000064,-0.004339,-0.000043,-0.000253,1.570371,-0.300000,1.000000,1.100000,0.000000,0.000000,-1.571000,0.004755,0.992160,0.034890,0.992784
27.014000,-0.304752,0.007840,1.065101,0.001249,-0.000069,-0.004339,-0.000043,-0.000252,1.570371,-0.300000,1.000000,1.100000,0.000000,0.000000,-1.571000,0.004752,0.992160,0.034899,0.992785
27.016000,-0.304750,0.007840,1.065093,0.001248,-0.000074,-0.004339,-0.000043,-0.000250,1.570370,-0.300000,1.000000,1.100000,0.000000,0.000000,-1.571000,0.004750,0.992160,0.034907,0.992785
27.018000,-0.304747,0.007840,1.065084,0.001248,-0.000079,-0.004340,-0.000043,-0.000248,1.570370,-0.300000,1.000000,1.100000,0.000000,0.000000,-1.571000,0.004747,0.992160,0.034916,0.992786
27.020000,-0.304745,0.007840,1.065075,0.001247,-0.000084,-0.004340,-0.000042,-0.000245,1.570370,-0.300000,1.000000,1.100000,0.000000,0.000000,-1.571000,0.004745,0.992160,0.034925,0.992786
27.022000,-0.304742,0.007840,1.065067,0.001246,-0.000089,-0.004340,-0.000042,-0.000243,1.570369,-0.300000,1.000000,1.100000,0.000000,0.000000,-1.571000,0.004742,0.992160,0.034933,0.992787
27.024000,-0.304740,0.007839,1.065058,0.001245,-0.000093,-0.004340,-0.000042,-0.000240,1.570369,-0.300000,1.000000,1.100000,0.000000,0.000000,-1.571000,0.004740,0.992161,0.034942,0.992787
27.026000,-0.304737,0.007839,1.065049,0.001244,-0.000098,-0.004340,-0.000041,-0.000237,1.570368,-0.300000,1.000000,1.100000,0.000000,0.000000,-1.571000,0.004737,0.992161,0.034951,0.992787
27.028000,-0.304735,0.007839,1.065041,0.001243,-0.000103,-0.004340,-0.000041,-0.000233,1.570367,-0.300000,1.000000,1.100000,0.000000,0.000000,-1.571000,0.004735,0.992161,0.034959,0.992788
27.030000,-0.304732,0.007839,1.065032,0.001243,-0.000107,-0.004341,-0.000040,-0.000230,1.570367,-0.300000,1.000000,1.100000,0.000000,0.000000,-1.571000,0.004732,0.992161,0.034968,0.992788
27.032000,-0.304730,0.007839,1.065023,0.001242,-0.000112,-0.004341,-0.000040,-0.000226,1.570366,-0.300000,1.000000,1.100000,0.000000,0.000000,-1.571000,0.004730,0.992161,0.034977,0.992789
27.034000,-0.304727,0.007838,1.065015,0.001241,-0.000116,-0.004341,-0.000039,-0.000222,1.570365,-0.300000,1.000000,1.100000,0.000000,0.000000,-1.571000,0.004727,0.992162,0.034985,0.992790
27.036000,-0.304725,0.007838,1.065006,0.001240,-0.000121,-0.004341,-0.000039,-0.000218,1.570364,-0.300000,1.000000,1.100000,0.000000,0.000000,-1.571000,0.004725,0.992162,0.034994,0.992790
27.038000,-0.304722,0.007838,1.064997,0.001239,-0.000125,-0.004341,-0.000038,-0.000214,1.570363,-0.300000,1.000000,1.100000,0.000000,0.000000,-1.571000,0.004722,0.992162,0.035003,0.992791
27.040000,-0.304720,0.007838,1.064988,0.001239,-0.000129,-0.004342,-0.000037,-0.000210,1.570362,-0.300000,1.000000,1.100000,0.000000,0.000000,-1.571000,0.004720,0.992162,0.035012,0.992791
27.042000,-0.304717,0.007837,1.064980,0.001238,-0.000133,-0.004342,-0.000037,-0.000205,1.570361,-0.300000,1.000000,1.100000,0.000000,0.000000,-1.571000,0.004717,0.992163,0.035020,0.992792
27.044000,-0.304715,0.007837,1.064971,0.001237,-0.000137,-0.004342,-0.000036,-0.000201,1.570360,-0.300000,1.000000,1.100000,0.000000,0.000000,-1.571000,0.004715,0.992163,0.035029,0.992792
27.046000,-0.304712,0.007837,1.064962,0.001237,-0.000141,-0.004342,-0.000035,-0.000196,1.570359,-0.300000,1.000000,1.100000,0.000000,0.000000,-1.571000,0.004712,0.992163,0.035038,0.992793
27.048000,-0.304710,0.007837,1.064954,0.001236,-0.000145,-0.004342,-0.000034,-0.000191,1.570358,-0.300000,1.000000,1.100000,0.000000,0.000000,-1.571000,0.004710,0.992163,0.035046,0.992793
27.050000,-0.304707,0.007836,1.064945,0.001235,-0.000149,-0.004343,-0.000034,-0.000186,1.570357,-0.300000,1.000000,1.100000,0.000000,0.000000,-1.571000,0.004707,0.992164,0.035055,0.992794
27.052000,-0.304705,0.007836,1.064936,0.001235,-0.000152,-0.004343,-0.000033,-0.000181,1.570356,-0.300000,1.000000,1.100000,0.000000,0.000000,-1.571000,0.004705,0.992164,0.035064,0.992795
27.054000,-0.304703,0.007836,1.064928,0.001234,-0.000156,-0.004343,-0.000032,-0.000176,1.570355,-0.300000,1.000000,1.100000,0.000000,0.000000,-1.571000,0.004703,0.992164,0.035072,0.992795
27.056000,-0.304700,0.007835,1.064919,0.001233,-0.000159,-0.004343,-0.000031,-0.000171,1.570353,-0.300000,1.000000,1.100000,0.000000,0.000000,-1.571000,0.004700,0.992165,0.035081,0.992796
27.058000,-0.304698,0.007835,1.064910,0.001233,-0.000162,-0.004344,-0.000030,-0.000166,1.570352,-0.300000,1.000000,1.100000,0.000000,0.000000,-1.571000,0.004698,0.992165,0.035090,0.992796
27.060000,-0.304695,0.007835,1.064902,0.001232,-0.000166,-0.004344,-0.000030,-0.000160,1.570351,-0.300000,1.000000,1.100000,0.000000,0.000000,-1.571000,0.004695,0.992165,0.035098,0.992797
27.062000,-0.304693,0.007834,1.064893,0.001231,-0.000169,-0.004344,-0.000029,-0.000155,1.570350,-0.300000,1.000000,1.100000,0.000000,0.000000,-1.571000,0.004693,0.992166,0.035107,0.992798
27.064000,-0.304690,0.007834,1.064884,0.001231,-0.000172,-0.004344,-0.000028,-0.000150,1.570349,-0.300000,1.000000,1.100000,0.000000,0.000000,-1.571000,0.004690,0.992166,0.035116,0.992798
27.066000,-0.304688,0.007834,1.064876,0.001230,-0.000175,-0.004344,-0.000027,-0.000144,1.570348,-0.300000,1.000000,1.100000,0.000000,0.000000,-1.571000,0.004688,0.992166,0.035124,0.992799
27.068000,-0.304685,0.007833,1.064867,0.001230,-0.000177,-0.004345,-0.000026,-0.000139,1.570347,-0.300000,1.000000,1.100000,0.000000,0.000000,-1.571000,0.004685,0.992167,0.035133,0.992800
27.070000,-0.304683,0.007833,1.064858,0.001229,-0.000180,-0.004345,-0.000026,-0.000133,1.570345,-0.300000,1.000000,1.100000,0.000000,0.000000,-1.571000,0.004683,0.992167,0.035142,0.992800
27.072000,-0.304680,0.007833,1.064849,0.001229,-0.000183,-0.004345,-0.000025,-0.000128,1.570344,-0.300000,1.000000,1.100000,0.000000,0.000000,-1.571000,0.004680,0.992167,0.035151,0.992801
27.074000,-0.304678,0.007832,1.064841,0.001228,-0.000185,-0.004345,-0.000024,-0.000123,1.570343,-0.300000,1.000000,1.100000,0.000000,0.000000,-1.571000,0.004678,0.992168,0.035159,0.992802
27.076000,-0.304675,0.007832,1.064832,0.001228,-0.000188,-0.004346,-0.000023,-0.000117,1.570342,-0.300000,1.000000,1.100000,0.000000,0.000000,-1.571000,0.004675,0.992168,0.035168,0.992802
27.078000,-0.304673,0.007831,1.064823,0.001227,-0.000190,-0.004346,-0.000023,-0.000112,1.570341,-0.300000,1.000000,1.100000,0.000000,0.000000,-1.571000,0.004673,0.992169,0.035177,0.992803
27.080000,-0.304671,0.007831,1.064815,0.001227,-0.000192,-0.004346,-0.000023,-0.000107,1.570340,-0.300000,1.000000,1.100000,0.000000,0.000000,-1.571000,0.004671,0.992169,0.035185,0.992804
27.082000,-0.304668,0.007831,1.064806,0.001227,-0.000194,-0.004346,-0.000023,-0.000101,1.570339,-0.300000,1.000000,1.100000,0.000000,0.000000,-1.571000,0.004668,0.992169,0.035194,0.992804
27.084000,-0.304666,0.007830,1.064797,0.001226,-0.000196,-0.004346,-0.000023,-0.000096,1.570338,-0.300000,1.000000,1.100000,0.000000,0.000000,-1.571000,0.004666,0.992170,0.035203,0.992805
27.086000,-0.304663,0.007830,1.064789,0.001226,-0.000198,-0.004347,-0.000023,-0.000091,1.570337,-0.300000,1.000000,1.100000,0.000000,0.000000,-1.571000,0.004663,0.992170,0.035211,0.992806
27.088000,-0.304661,0.007829,1.064780,0.001225,-0.000200,-0.004347,-0.000024,-0.000086,1.570336,-0.300000,1.000000,1.100000,0.000000,0.000000,-1.571000,0.004661,0.992171,0.035220,0.992806
27.090000,-0.304658,0.007829,1.064771,0.001225,-0.000201,-0.004347,-0.000024,-0.000081,1.570335,-0.300000,1.000000,1.100000,0.000000,0.000000,-1.571000,0.004658,0.992171,0.035229,0.992807
27.092000,-0.304656,0.007829,1.064763,0.001224,-0.000203,-0.004347,-0.000025,-0.000077,1.570334,-0.300000,1.000000,1.100000,0.000000,0.000000,-1.571000,0.004656,0.992171,0.035237,0.992808
27.094000,-0.304653,0.007828,1.064754,0.001224,-0.000204,-0.004348,-0.000027,-0.000072,1.570333,-0.300000,1.000000,1.100000,0.000000,0.000000,-1.571000,0.004653,0.992172,0.035246,0.992808
27.096000,-0.304651,0.007828,1.064745,0.001223,-0.000206,-0.004348,-0.000028,-0.000067,1.570332,-0.300000,1.000000,1.100000,0.000000,0.000000,-1.571000,0.004651,0.992172,0.035255,0.992809
27.098000,-0.304649,0.007827,1.064736,0.001223,-0.000207,-0.004348,-0.000030,-0.000063,1.570331,-0.300000,1.000000,1.100000,0.000000,0.000000,-1.571000,0.004649,0.992173,0.035264,0.992810
27.100000,-0.304646,0.007827,1.064728,0.001222,-0.000208,-0.004348,-0.000032,-0.000058,1.570330,-0.300000,1.000000,1.100000,0.000000,0.000000,-1.571000,0.004646,0.992173,0.035272,0.992811
27.102000,-0.304644,0.007827,1.064719,0.001221,-0.000209,-0.004349,-0.000034,-0.000054,1.570330,-0.300000,1.000000,1.100000,0.000000,0.000000,-1.571000,0.004644,0.992173,0.035281,0.992811
27.104000,-0.304641,0.007826,1.064710,0.001221,-0.000210,-0.004349,-0.000037,-0.000050,1.570329,-0.300000,1.000000,1.100000,0.000000,0.000000,-1.571000,0.004641,0.992174,0.035290,0.992812
27.106000,-0.304639,0.007826,1.064702,0.001220,-0.000211,-0.004349,-0.000040,-0.000046,1.570328,-0.300000,1.000000,1.100000,0.000000,0.000000,-1.571000,0.004639,0.992174,0.035298,0.992813
27.108000,-0.304636,0.007825,1.064693,0.001219,-0.000212,-0.004349,-0.000043,-0.000042,1.570327,-0.300000,1.000000,1.100000,0.000000,0.000000,-1.571000,0.004636,0.992175,0.035307,0.992814
27.110000,-0.304634,0.007825,1.064684,0.001218,-0.000213,-0.004350,-0.000047,-0.000038,1.570326,-0.300000,1.000000,1.100000,0.000000,0.000000,-1.571000,0.004634,0.992175,0.035316,0.992814
27.112000,-0.304631,0.007824,1.064676,0.001217,-0.000214,-0.004350,-0.000051,-0.000035,1.570326,-0.300000,1.000000,1.100000,0.000000,0.000000,-1.571000,0.004631,0.992176,0.035324,0.992815
27.114000,-0.304629,0.007824,1.064667,0.001216,-0.000215,-0.004350,-0.000055,-0.000031,1.570325,-0.300000,1.000000,1.100000,0.000000,0.000000,-1.571000,0.004629,0.992176,0.035333,0.992816
27.116000,-0.304627,0.007824,1.064658,0.001215,-0.000215,-0.004350,-0.000060,-0.000028,1.570324,-0.300000,1.000000,1.100000,0.000000,0.000000,-1.571000,0.004627,0.992176,0.035342,0.992816
27.118000,-0.304624,0.007823,1.064649,0.001214,-0.000216,-0.004350,-0.000064,-0.000024,1.570324,-0.300000,1.000000,1.100000,0.000000,0.000000,-1.571000,0.004624,0.992177,0.035351,0.992817
27.120000,-0.304622,0.007823,1.064641,0.001213,-0.000216,-0.004351,-0.000069,-0.000021,1.570323,-0.300000,1.000000,1.100000,0.000000,0.000000,-1.571000,0.004622,0.992177,0.035359,0.992818
27.122000,-0.304619,0.007822,1.064632,0.001211,-0.000217,-0.004351,-0.000075,-0.000018,1.570322,-0.300000,1.000000,1.100000,0.000000,0.000000,-1.571000,0.004619,0.992178,0.035368,0.992819
27.124000,-0.304617,0.007822,1.064623,0.001210,-0.000217,-0.004351,-0.000080,-0.000015,1.570322,-0.300000,1.000000,1.100000,0.000000,0.000000,-1.571000,0.004617,0.992178,0.035377,0.992819
27.126000,-0.304614,0.007821,1.064615,0.001208,-0.000217,-0.004351,-0.000086,-0.000013,1.570321,-0.300000,1.000000,1.100000,0.000000,0.000000,-1.571000,0.004614,0.992179,0.035385,0.992820
27.128000,-0.304612,0.007821,1.064606,0.001207,-0.000217,-0.004352,-0.000092,-0.000010,1.570321,-0.300000,1.000000,1.100000,0.000000,0.000000,-1.571000,0.004612,0.992179,0.035394,0.992821
27.130000,-0.304610,0.007821,1.064597,0.001205,-0.000218,-0.004352,-0.000099,-0.000008,1.570320,-0.300000,1.000000,1.100000,0.000000,0.000000,-1.571000,0.004610,0.992179,0.035403,0.992822
27.132000,-0.304607,0.007820,1.064589,0.001203,-0.000218,-0.004352,-0.000106,-0.000006,1.570319,-0.300000,1.000000,1.100000,0.000000,0.000000,-1.571000,0.004607,0.992180,0.035411,0.992822
27.134000,-0.304605,0.007820,1.064580,0.001201,-0.000218,-0.004352,-0.000112,-0.000004,1.570319,-0.300000,1.000000,1.100000,0.000000,0.000000,-1.571000,0.004605,0.992180,0.035420,0.992823
27.136000,-0.304602,0.007819,1.064571,0.001198,-0.000218,-0.004353,-0.000120,-0.000002,1.570318,-0.300000,1.000000,1.100000,0.000000,0.000000,-1.571000,0.004602,0.992181,0.035429,0.992824
27.138000,-0.304600,0.007819,1.064562,0.001196,-0.000218,-0.004353,-0.000127,0.000000,1.570318,-0.300000,1.000000,1.100000,0.000000,0.000000,-1.571000,0.004600,0.992181,0.035438,0.992824
27.140000,-0.304598,0.007818,1.064554,0.001194,-0.000218,-0.004353,-0.000135,0.000002,1.570317,-0.300000,1.000000,1.100000,0.000000,0.000000,-1.571000,0.004598,0.992182,0.035446,0.992825
27.142000,-0.304595,0.007818,1.064545,0.001191,-0.000218,-0.004353,-0.000142,0.000003,1.570317,-0.300000,1.000000,1.100000,0.000000,0.000000,-1.571000,0.004595,0.992182,0.035455,0.992826
27.144000,-0.304593,0.007818,1.064536,0.001188,-0.000218,-0.004354,-0.000150,0.000005,1.570316,-0.300000,1.000000,1.100000,0.000000,0.000000,-1.571000,0.004593,0.992182,0.035464,0.992827
27.146000,-0.304590,0.007817,1.064528,0.001185,-0.000218,-0.004354,-0.000158,0.000006,1.570316,-0.300000,1.000000,1.100000,0.000000,0.000000,-1.571000,0.004590,0.992183,0.035472,0.992827
27.148000,-0.304588,0.007817,1.064519,0.001182,-0.000218,-0.004354,-0.000166,0.000007,1.570315,-0.300000,1.000000,1.100000,0.000000,0.000000,-1.571000,0.004588,0.992183,0.035481,0.992828
27.150000,-0.304586,0.007816,1.064510,0.001179,-0.000217,-0.004354,-0.000175,0.000008,1.570315,-0.300000,1.000000,1.100000,0.000000,0.000000,-1.571000,0.004586,0.992184,0.035490,0.992829
27.152000,-0.304583,0.007816,1.064501,0.001175,-0.000217,-0.004355,-0.000183,0.000009,1.570314,-0.300000,1.000000,1.100000,0.000000,0.000000,-1.571000,0.004583,0.992184,0.035499,0.992830
27.154000,-0.304581,0.007815,1.064493,0.001172,-0.000217,-0.004355,-0.000192,0.000010,1.570314,-0.300000,1.000000,1.100000,0.000000,0.000000,-1.571000,0.004581,0.992185,0.035507,0.992830
27.156000,-0.304579,0.007815,1.064484,0.001168,-0.000217,-0.004355,-0.000200,0.000010,1.570313,-0.300000,1.000000,1.100000,0.000000,0.000000,-1.571000,0.004579,0.992185,0.035516,0.992831
27.158000,-0.304576,0.007814,1.064475,0.001164,-0.000217,-0.004355,-0.000209,0.000011,1.570313,-0.300000,1.000000,1.100000,0.000000,0.000000,-1.571000,0.004576,0.992186,0.035525,0.992832
27.160000,-0.304574,0.007814,1.064467,0.001160,-0.000216,-0.004356,-0.000218,0.000011,1.570312,-0.300000,1.000000,1.100000,0.000000,0.000000,-1.571000,0.004574,0.992186,0.035533,0.992833
27.162000,-0.304572,0.007814,1.064458,0.001155,-0.000216,-0.004356,-0.000227,0.000011,1.570312,-0.300000,1.000000,1.100000,0.000000,0.000000,-1.571000,0.004572,0.992186,0.035542,0.992833
27.164000,-0.304569,0.007813,1.064449,0.001151,-0.000216,-0.004356,-0.000236,0.000012,1.570311,-0.300000,1.000000,1.100000,0.000000,0.000000,-1.571000,0.004569,0.992187,0.035551,0.992834
27.166000,-0.304567,0.007813,1.064441,0.001146,-0.000216,-0.004356,-0.000245,0.000012,1.570311,-0.300000,1.000000,1.100000,0.000000,0.000000,-1.571000,0.004567,0.992187,0.035559,0.992835
27.168000,-0.304565,0.007812,1.064432,0.001141,-0.000216,-0.004357,-0.000254,0.000012,1.570310,-0.300000,1.000000,1.100000,0.000000,0.000000,-1.571000,0.004565,0.992188,0.035568,0.992835
27.170000,-0.304563,0.007812,1.064423,0.001136,-0.000215,-0.004357,-0.000263,0.000012,1.570310,-0.300000,1.000000,1.100000,0.000000,0.000000,-1.571000,0.004563,0.992188,0.035577,0.992836
27.172000,-0.304560,0.007811,1.064414,0.001131,-0.000215,-0.004357,-0.000272,0.000012,1.570309,-0.300000,1.000000,1.100000,0.000000,0.000000,-1.571000,0.004560,0.992189,0.035586,0.992837
27.174000,-0.304558,0.007811,1.064406,0.001126,-0.000215,-0.004357,-0.000281,0.000012,1.570309,-0.300000,1.000000,1.100000,0.000000,0.000000,-1.571000,0.004558,0.992189,0.035594,0.992838
27.176000,-0.304556,0.007811,1.064397,0.001120,-0.000215,-0.004357,-0.000290,0.000012,1.570308,-0.300000,1.000000,1.100000,0.000000,0.000000,-1.571000,0.004556,0.992189,0.035603,0.992838
27.178000,-0.304554,0.007810,1.064388,0.001114,-0.000214,-0.004358,-0.000299,0.000011,1.570308,-0.300000,1.000000,1.100000,0.000000,0.000000,-1.571000,0.004554,0.992190,0.035612,0.992839
27.180000,-0.304551,0.007810,1.064380,0.001109,-0.000214,-0.004358,-0.000308,0.000011,1.570308,-0.300000,1.000000,1.100000,0.000000,0.000000,-1.571000,0.004551,0.992190,0.035620,0.992840
27.182000,-0.304549,0.007809,1.064371,0.001102,-0.000214,-0.004358,-0.000317,0.000011,1.570307,-0.300000,1.000000,1.100000,0.000000,0.000000,-1.571000,0.004549,0.992191,0.035629,0.992841
27.184000,-0.304547,0.007809,1.064362,0.001096,-0.000214,-0.004358,-0.000326,0.000011,1.570307,-0.300000,1.000000,1.100000,0.000000,0.000000,-1.571000,0.004547,0.992191,0.035638,0.992841
27.186000,-0.304545,0.007808,1.064353,0.001090,-0.000213,-0.004359,-0.000335,0.000011,1.570307,-0.300000,1.000000,1.100000,0.000000,0.000000,-1.571000,0.004545,0.992192,0.035647,0.992842
27.188000,-0.304543,0.007808,1.064345,0.001083,-0.000213,-0.004359,-0.000343,0.000011,1.570307,-0.300000,1.000000,1.100000,0.000000,0.000000,-1.571000,0.004543,0.992192,0.035655,0.992843
27.190000,-0.304540,0.007808,1.064336,0.001076,-0.000213,-0.004359,-0.000352,0.000011,1.570307,-0.300000,1.000000,1.100000,0.000000,0.000000,-1.571000,0.004540,0.992192,0.035664,0.992844
27.192000,-0.304538,0.007807,1.064327,0.001070,-0.000213,-0.004359,-0.000360,0.000011,1.570307,-0.300000,1.000000,1.100000,0.000000,0.000000,-1.571000,0.004538,0.992193,0.035673,0.992844
27.194000,-0.304536,0.007807,1.064318,0.001062,-0.000213,-0.004359,-0.000369,0.000012,1.570307,-0.300000,1.000000,1.100000,0.000000,0.000000,-1.571000,0.004536,0.992193,0.035682,0.992845
27.196000,-0.304534,0.007806,1.064310,0.001055,-0.000212,-0.004360,-0.000377,0.000012,1.570307,-0.300000,1.000000,1.100000,0.000000,0.000000,-1.571000,0.004534,0.992194,0.035690,0.992846
27.198000,-0.304532,0.007806,1.064301,0.001048,-0.000212,-0.004360,-0.000385,0.000012,1.570307,-0.300000,1.000000,1.100000,0.000000,0.000000,-1.571000,0.004532,0.992194,0.035699,0.992846
27.200000,-0.304530,0.007805,1.064292,0.001040,-0.000212,-0.004360,-0.000392,0.000013,1.570307,-0.300000,1.000000,1.100000,0.000000,0.000000,-1.571000,0.004530,0.992195,0.035708,0.992847
27.202000,-0.304528,0.007805,1.064284,0.001032,-0.000212,-0.004360,-0.000399,0.000014,1.570308,-0.300000,1.000000,1.100000,0.000000,0.000000,-1.571000,0.004528,0.992195,0.035716,0.992848
27.204000,-0.304526,0.007805,1.064275,0.001025,-0.000211,-0.004361,-0.000406,0.000015,1.570308,-0.300000,1.000000,1.100000,0.000000,0.000000,-1.571000,0.004526,0.992195,0.035725,0.992849
27.206000,-0.304524,0.007804,1.064266,0.001017,-0.000211,-0.004361,-0.000413,0.000016,1.570309,-0.300000,1.000000,1.100000,0.000000,0.000000,-1.571000,0.004524,0.992196,0.035734,0.992849
27.208000,-0.304522,0.007804,1.064257,0.001008,-0.000211,-0.004361,-0.000420,0.000017,1.570309,-0.300000,1.000000,1.100000,0.000000,0.000000,-1.571000,0.004522,0.992196,0.035743,0.992850
27.210000,-0.304520,0.007803,1.064249,0.001000,-0.000210,-0.004361,-0.000425,0.000018,1.570310,-0.300000,1.000000,1.100000,0.000000,0.000000,-1.571000,0.004520,0.992197,0.035751,0.992851
27.212000,-0.304518,0.007803,1.064240,0.000992,-0.000210,-0.004361,-0.000431,0.000019,1.570310,-0.300000,1.000000,1.100000,0.000000,0.000000,-1.571000,0.004518,0.992197,0.035760,0.992852
27.214000,-0.304516,0.007803,1.064231,0.000983,-0.000210,-0.004362,-0.000436,0.000021,1.570311,-0.300000,1.000000,1.100000,0.000000,0.000000,-1.571000,0.004516,0.992197,0.035769,0.992852
27.216000,-0.304514,0.007802,1.064223,0.000975,-0.000209,-0.004362,-0.000441,0.000023,1.570312,-0.300000,1.000000,1.100000,0.000000,0.000000,-1.571000,0.004514,0.992198,0.035777,0.992853
27.218000,-0.304512,0.007802,1.064214,0.000966,-0.000209,-0.004362,-0.000445,0.000024,1.570313,-0.300000,1.000000,1.100000,0.000000,0.000000,-1.571000,0.004512,0.992198,0.035786,0.992854
27.220000,-0.304510,0.007801,1.064205,0.000957,-0.000208,-0.004362,-0.000449,0.000026,1.570314,-0.300000,1.000000,1.100000,0.000000,0.000000,-1.571000,0.004510,0.992199,0.035795,0.992854
27.222000,-0.304508,0.007801,1.064196,0.000949,-0.000208,-0.004362,-0.000453,0.000028,1.570314,-0.300000,1.000000,1.100000,0.000000,0.000000,-1.571000,0.004508,0.992199,0.035804,0.992855
27.224000,-0.304506,0.007800,1.064188,0.000940,-0.000207,-0.004363,-0.000456,0.000030,1.570315,-0.300000,1.000000,1.100000,0.000000,0.000000,-1.571000,0.004506,0.992200,0.035812,0.992856
27.226000,-0.304504,0.007800,1.064179,0.000931,-0.000207,-0.004363,-0.000459,0.000033,1.570316,-0.300000,1.000000,1.100000,0.000000,0.000000,-1.571000,0.004504,0.992200,0.035821,0.992857
27.228000,-0.304502,0.007800,1.064170,0.000922,-0.000206,-0.004363,-0.000461,0.000035,1.570317,-0.300000,1.000000,1.100000,0.000000,0.000000,-1.571000,0.004502,0.992200,0.035830,0.992857
27.230000,-0.304501,0.007799,1.064161,0.000913,-0.000205,-0.004363,-0.000463,0.000037,1.570318,-0.300000,1.000000,1.100000,0.000000,0.000000,-1.571000,0.004501,0.992201,0.035839,0.992858
27.232000,-0.304499,0.007799,1.064153,0.000904,-0.000204,-0.004363,-0.000464,0.000040,1.570319,-0.300000,1.000000,1.100000,0.000000,0.000000,-1.571000,0.004499,0.992201,0.035847,0.992859
27.234000,-0.304497,0.007798,1.064144,0.000895,-0.000204,-0.004364,-0.000465,0.000042,1.570320,-0.300000,1.000000,1.100000,0.000000,0.000000,-1.571000,0.004497,0.992202,0.035856,0.992859
27.236000,-0.304495,0.007798,1.064135,0.000885,-0.000203,-0.004364,-0.000465,0.000045,1.570321,-0.300000,1.000000,1.100000,0.000000,0.000000,-1.571000,0.004495,0.992202,0.035865,0.992860
27.238000,-0.304493,0.007798,1.064127,0.000876,-0.000202,-0.004364,-0.000465,0.000048,1.570322,-0.300000,1.000000,1.100000,0.000000,0.000000,-1.571000,0.004493,0.992202,0.035873,0.992861
27.240000,-0.304492,0.007797,1.064118,0.000867,-0.000201,-0.004364,-0.000465,0.000051,1.570324,-0.300000,1.000000,1.100000,0.000000,0.000000,-1.571000,0.004492,0.992203,0.035882,0.992862
27.242000,-0.304490,0.007797,1.064109,0.000858,-0.000200,-0.004365,-0.000464,0.000053,1.570325,-0.300000,1.000000,1.100000,0.000000,0.000000,-1.571000,0.004490,0.992203,0.035891,0.992862
27.244000,-0.304488,0.007796,1.064100,0.000849,-0.000199,-0.004365,-0.000463,0.000056,1.570326,-0.300000,1.000000,1.100000,0.000000,0.000000,-1.571000,0.004488,0.992204,0.035900,0.992863
27.246000,-0.304487,0.007796,1.064092,0.000840,-0.000198,-0.004365,-0.000462,0.000059,1.570327,-0.300000,1.000000,1.100000,0.000000,0.000000,-1.571000,0.004487,0.992204,0.035908,0.992864
27.248000,-0.304485,0.007796,1.064083,0.000831,-0.000197,-0.004365,-0.000460,0.000062,1.570328,-0.300000,1.000000,1.100000,0.000000,0.000000,-1.571000,0.004485,0.992204,0.035917,0.992864
27.250000,-0.304483,0.007795,1.064074,0.000822,-0.000195,-0.004365,-0.000458,0.000065,1.570329,-0.300000,1.000000,1.100000,0.000000,0.000000,-1.571000,0.004483,0.992205,0.035926,0.992865
27.252000,-0.304482,0.007795,1.064065,0.000813,-0.000194,-0.004366,-0.000456,0.000068,1.570330,-0.300000,1.000000,1.100000,0.000000,0.000000,-1.571000,0.004482,0.992205,0.035935,0.992866
27.254000,-0.304480,0.007794,1.064057,0.000804,-0.000193,-0.004366,-0.000453,0.000071,1.570331,-0.300000,1.000000,1.100000,0.000000,0.000000,-1.571000,0.004480,0.992206,0.035943,0.992866
27.256000,-0.304478,0.007794,1.064048,0.000795,-0.000191,-0.004366,-0.000450,0.000074,1.570333,-0.300000,1.000000,1.100000,0.000000,0.000000,-1.571000,0.004478,0.992206,0.035952,0.992867
27.258000,-0.304477,0.007794,1.064039,0.000786,-0.000190,-0.004366,-0.000447,0.000078,1.570334,-0.300000,1.000000,1.100000,0.000000,0.000000,-1.571000,0.004477,0.992206,0.035961,0.992868
27.260000,-0.304475,0.007793,1.064031,0.000778,-0.000188,-0.004367,-0.000444,0.000081,1.570335,-0.300000,1.000000,1.100000,0.000000,0.000000,-1.571000,0.004475,0.992207,0.035969,0.992869
27.262000,-0.304474,0.007793,1.064022,0.000769,-0.000187,-0.004367,-0.000440,0.000084,1.570336,-0.300000,1.000000,1.100000,0.000000,0.000000,-1.571000,0.004474,0.992207,0.035978,0.992869
27.264000,-0.304472,0.007793,1.064013,0.000760,-0.000185,-0.004367,-0.000436,0.000087,1.570337,-0.300000,1.000000,1.100000,0.000000,0.000000,-1.571000,0.004472,0.992207,0.035987,0.992870
27.266000,-0.304471,0.007792,1.064004,0.000752,-0.000183,-0.004367,-0.000432,0.000090,1.570338,-0.300000,1.000000,1.100000,0.000000,0.000000,-1.571000,0.004471,0.992208,0.035996,0.992871
27.268000,-0.304469,0.007792,1.063996,0.000743,-0.000181,-0.004367,-0.000428,0.000094,1.570339,-0.300000,1.000000,1.100000,0.000000,0.000000,-1.571000,0.004469,0.992208,0.036004,0.992871
27.270000,-0.304468,0.007791,1.063987,0.000735,-0.000180,-0.004368,-0.000424,0.000097,1.570340,-0.300000,1.000000,1.100000,0.000000,0.000000,-1.571000,0.004468,0.992209,0.036013,0.992872
27.272000,-0.304466,0.007791,1.063978,0.000727,-0.000178,-0.004368,-0.000419,0.000100,1.570341,-0.300000,1.000000,1.100000,0.000000,0.000000,-1.571000,0.004466,0.992209,0.036022,0.992873
27.274000,-0.304465,0.007791,1.063969,0.000719,-0.000176,-0.004368,-0.000414,0.000103,1.570342,-0.300000,1.000000,1.100000,0.000000,0.000000,-1.571000,0.004465,0.992209,0.036031,0.992873
27.276000,-0.304463,0.007790,1.063961,0.000710,-0.000174,-0.004368,-0.000410,0.000106,1.570343,-0.300000,1.000000,1.100000,0.000000,0.000000,-1.571000,0.004463,0.992210,0.036039,0.992874
27.278000,-0.304462,0.007790,1.063952,0.000702,-0.000172,-0.004369,-0.000405,0.000110,1.570344,-0.300000,1.000000,1.100000,0.000000,0.000000,-1.571000,0.004462,0.992210,0.036048,0.992875
27.280000,-0.304461,0.007790,1.063943,0.000695,-0.000169,-0.004369,-0.000400,0.000113,1.570345,-0.300000,1.000000,1.100000,0.000000,0.000000,-1.571000,0.004461,0.992210,0.036057,0.992875
27.282000,-0.304459,0.007789,1.063934,0.000687,-0.000167,-0.004369,-0.000395,0.000116,1.570346,-0.300000,1.000000,1.100000,0.000000,0.000000,-1.571000,0.004459,0.992211,0.036066,0.992876
27.284000,-0.304458,0.007789,1.063926,0.000679,-0.000165,-0.004369,-0.000390,0.000119,1.570347,-0.300000,1.000000,1.100000,0.000000,0.000000,-1.571000,0.004458,0.992211,0.036074,0.992877
27.286000,-0.304457,0.007789,1.063917,0.000671,-0.000163,-0.004369,-0.000385,0.000122,1.570348,-0.300000,1.000000,1.100000,0.000000,0.000000,-1.571000,0.004457,0.992211,0.036083,0.992877
27.288000,-0.304455,0.007788,1.063908,0.000664,-0.000160,-0.004370,-0.000380,0.000125,1.570349,-0.300000,1.000000,1.100000,0.000000,0.000000,-1.571000,0.004455,0.992212,0.036092,0.992878
27.290000,-0.304454,0.007788,1.063899,0.000656,-0.000158,-0.004370,-0.000374,0.000128,1.570349,-0.300000,1.000000,1.100000,0.000000,0.000000,-1.571000,0.004454,0.992212,0.036101,0.992878
27.292000,-0.304453,0.007788,1.063891,0.000649,-0.000155,-0.004370,-0.000369,0.000130,1.570350,-0.300000,1.000000,1.100000,0.000000,0.000000,-1.571000,0.004453,0.992212,0.036109,0.992879
27.294000,-0.304451,0.007787,1.063882,0.000642,-0.000153,-0.004370,-0.000364,0.000133,1.570351,-0.300000,1.000000,1.100000,0.000000,0.000000,-1.571000,0.004451,0.992213,0.036118,0.992880
27.296000,-0.304450,0.007787,1.063873,0.000635,-0.000150,-0.004371,-0.000358,0.000136,1.570352,-0.300000,1.000000,1.100000,0.000000,0.000000,-1.571000,0.004450,0.992213,0.036127,0.992880
27.298000,-0.304449,0.007787,1.063865,0.000628,-0.000147,-0.004371,-0.000353,0.000138,1.570353,-0.300000,1.000000,1.100000,0.000000,0.000000,-1.571000,0.004449,0.992213,0.036135,0.992881
27.300000,-0.304448,0.007787,1.063856,0.000621,-0.000145,-0.004371,-0.000347,0.000140,1.570353,-0.300000,1.000000,1.100000,0.000000,0.000000,-1.571000,0.004448,0.992213,0.036144,0.992881
27.302000,-0.304446,0.007786,1.063847,0.000614,-0.000142,-0.004371,-0.000342,0.000143,1.570354,-0.300000,1.000000,1.100000,0.000000,0.000000,-1.571000,0.004446,0.992214,0.036153,0.992882
27.304000,-0.304445,0.007786,1.063838,0.000607,-0.000139,-0.004372,-0.000336,0.000145,1.570355,-0.300000,1.000000,1.100000,0.000000,0.000000,-1.571000,0.004445,0.992214,0.036162,0.992883
27.306000,-0.304444,0.007786,1.063830,0.000601,-0.000136,-0.004372,-0.000330,0.000147,1.570355,-0.300000,1.000000,1.100000,0.000000,0.000000,-1.571000,0.004444,0.992214,0.036170,0.992883
27.308000,-0.304443,0.007785,1.063821,0.000594,-0.000133,-0.004373,-0.000325,0.000149,1.570356,-0.300000,1.000000,1.100000,0.000000,0.000000,-1.571000,0.004443,0.992215,0.036179,0.992884
27.310000,-0.304442,0.007785,1.063812,0.000588,-0.000130,-0.004374,-0.000319,0.000152,1.570357,-0.300000,1.000000,1.100000,0.000000,0.000000,-1.571000,0.004442,0.992215,0.036188,0.992884
27.312000,-0.304440,0.007785,1.063803,0.000582,-0.000127,-0.004376,-0.000314,0.000154,1.570357,-0.300000,1.000000,1.100000,0.000000,0.000000,-1.571000,0.004440,0.992215,0.036197,0.992885
27.314000,-0.304439,0.007785,1.063795,0.000576,-0.000124,-0.004377,-0.000308,0.000155,1.570358,-0.300000,1.000000,1.100000,0.000000,0.000000,-1.571000,0.004439,0.992215,0.036205,0.992886
27.316000,-0.304438,0.007784,1.063786,0.000570,-0.000121,-0.004379,-0.000303,0.000157,1.570358,-0.300000,1.000000,1.100000,0.000000,0.000000,-1.571000,0.004438,0.992216,0.036214,0.992886
27.318000,-0.304437,0.007784,1.063777,0.000564,-0.000118,-0.004381,-0.000298,0.000159,1.570359,-0.300000,1.000000,1.100000,0.000000,0.000000,-1.571000,0.004437,0.992216,0.036223,0.992887
27.320000,-0.304436,0.007784,1.063768,0.000558,-0.000115,-0.004383,-0.000293,0.000161,1.570360,-0.300000,1.000000,1.100000,0.000000,0.000000,-1.571000,0.004436,0.992216,0.036232,0.992887
27.322000,-0.304435,0.007784,1.063759,0.000552,-0.000112,-0.004385,-0.000287,0.000162,1.570360,-0.300000,1.000000,1.100000,0.000000,0.000000,-1.571000,0.004435,0.992216,0.036241,0.992888
27.324000,-0.304434,0.007784,1.063751,0.000547,-0.000109,-0.004387,-0.000282,0.000164,1.570361,-0.300000,1.000000,1.100000,0.000000,0.000000,-1.571000,0.004434,0.992216,0.036249,0.992888
27.326000,-0.304433,0.007783,1.063742,0.000541,-0.000105,-0.004389,-0.000278,0.000165,1.570361,-0.300000,1.000000,1.100000,0.000000,0.000000,-1.571000,0.004433,0.992217,0.036258,0.992889
27.328000,-0.304431,0.007783,1.063733,0.000536,-0.000102,-0.004391,-0.000273,0.000167,1.570362,-0.300000,1.000000,1.100000,0.000000,0.000000,-1.571000,0.004431,0.992217,0.036267,0.992889
27.330000,-0.304430,0.007783,1.063724,0.000530,-0.000099,-0.004394,-0.000268,0.000168,1.570362,-0.300000,1.000000,1.100000,0.000000,0.000000,-1.571000,0.004430,0.992217,0.036276,0.992890
27.332000,-0.304429,0.007783,1.063716,0.000525,-0.000096,-0.004396,-0.000263,0.000169,1.570363,-0.300000,1.000000,1.100000,0.000000,0.000000,-1.571000,0.004429,0.992217,0.036284,0.992890
27.334000,-0.304428,0.007783,1.063707,0.000520,-0.000092,-0.004399,-0.000259,0.000170,1.570364,-0.300000,1.000000,1.100000,0.000000,0.000000,-1.571000,0.004428,0.992217,0.036293,0.992891
27.336000,-0.304427,0.007782,1.063698,0.000515,-0.000089,-0.004402,-0.000255,0.000172,1.570364,-0.300000,1.000000,1.100000,0.000000,0.000000,-1.571000,0.004427,0.992218,0.036302,0.992891
27.338000,-0.304426,0.007782,1.063689,0.000510,-0.000086,-0.004404,-0.000250,0.000173,1.570365,-0.300000,1.000000,1.100000,0.000000,0.000000,-1.571000,0.004426,0.992218,0.036311,0.992892
27.340000,-0.304425,0.007782,1.063680,0.000505,-0.000082,-0.004407,-0.000246,0.000174,1.570365,-0.300000,1.000000,1.100000,0.000000,0.000000,-1.571000,0.004425,0.992218,0.036320,0.992892
27.342000,-0.304424,0.007782,1.063672,0.000500,-0.000079,-0.004410,-0.000242,0.000175,1.570366,-0.300000,1.000000,1.100000,0.000000,0.000000,-1.571000,0.004424,0.992218,0.036328,0.992893
27.344000,-0.304423,0.007782,1.063663,0.000496,-0.000075,-0.004413,-0.000238,0.000176,1.570366,-0.300000,1.000000,1.100000,0.000000,0.000000,-1.571000,0.004423,0.992218,0.036337,0.992893
27.346000,-0.304422,0.007782,1.063654,0.000491,-0.000072,-0.004416,-0.000235,0.000177,1.570367,-0.300000,1.000000,1.100000,0.000000,0.000000,-1.571000,0.004422,0.992218,0.036346,0.992894
27.348000,-0.304421,0.007781,1.063645,0.000486,-0.000068,-0.004419,-0.000231,0.000177,1.570367,-0.300000,1.000000,1.100000,0.000000,0.000000,-1.571000,0.004421,0.992219,0.036355,0.992894
27.350000,-0.304420,0.007781,1.063636,0.000482,-0.000065,-0.004422,-0.000227,0.000178,1.570368,-0.300000,1.000000,1.100000,0.000000,0.000000,-1.571000,0.004420,0.992219,0.036364,0.992895
27.352000,-0.304419,0.007781,1.063627,0.000478,-0.000061,-0.004424,-0.000224,0.000179,1.570368,-0.300000,1.000000,1.100000,0.000000,0.000000,-1.571000,0.004419,0.992219,0.036373,0.992895
27.354000,-0.304418,0.007781,1.063619,0.000473,-0.000058,-0.004427,-0.000220,0.000180,1.570369,-0.300000,1.000000,1.100000,0.000000,0.000000,-1.571000,0.004418,0.992219,0.036381,0.992896
27.356000,-0.304417,0.007781,1.063610,0.000469,-0.000054,-0.004430,-0.000217,0.000181,1.570369,-0.300000,1.000000,1.100000,0.000000,0.000000,-1.571000,0.004417,0.992219,0.036390,0.992896
27.358000,-0.304417,0.007781,1.063601,0.000465,-0.000051,-0.004434,-0.000214,0.000181,1.570370,-0.300000,1.000000,1.100000,0.000000,0.000000,-1.571000,0.004417,0.992219,0.036399,0.992896
27.360000,-0.304416,0.007781,1.063592,0.000460,-0.000047,-0.004437,-0.000211,0.000182,1.570370,-0.300000,1.000000,1.100000,0.000000,0.000000,-1.571000,0.004416,0.992219,0.036408,0.992897
27.362000,-0.304415,0.007781,1.063583,0.000456,-0.000044,-0.004440,-0.000208,0.000183,1.570371,-0.300000,1.000000,1.100000,0.000000,0.000000,-1.571000,0.004415,0.992219,0.036417,0.992897
27.364000,-0.304414,0.007781,1.063574,0.000452,-0.000040,-0.004443,-0.000206,0.000183,1.570371,-0.300000,1.000000,1.100000,0.000000,0.000000,-1.571000,0.004414,0.992219,0.036426,0.992898
27.366000,-0.304413,0.007781,1.063565,0.000448,-0.000037,-0.004446,-0.000203,0.000184,1.570372,-0.300000,1.000000,1.100000,0.000000,0.000000,-1.571000,0.004413,0.992219,0.036435,0.992898
27.368000,-0.304412,0.007780,1.063556,0.000444,-0.000033,-0.004449,-0.000201,0.000185,1.570372,-0.300000,1.000000,1.100000,0.000000,0.000000,-1.571000,0.004412,0.992220,0.036444,0.992898
27.370000,-0.304411,0.007780,1.063547,0.000440,-0.000029,-0.004452,-0.000199,0.000185,1.570372,-0.300000,1.000000,1.100000,0.000000,0.000000,-1.571000,0.004411,0.992220,0.036453,0.992899
27.372000,-0.304410,0.007780,1.063539,0.000436,-0.000026,-0.004455,-0.000197,0.000186,1.570373,-0.300000,1.000000,1.100000,0.000000,0.000000,-1.571000,0.004410,0.992220,0.036461,0.992899
27.374000,-0.304409,0.007780,1.063530,0.000433,-0.000022,-0.004458,-0.000195,0.000186,1.570373,-0.300000,1.000000,1.100000,0.000000,0.000000,-1.571000,0.004409,0.992220,0.036470,0.992900
27.376000,-0.304409,0.007780,1.063521,0.000429,-0.000018,-0.004462,-0.000193,0.000187,1.570373,-0.300000,1.000000,1.100000,0.000000,0.000000,-1.571000,0.004409,0.992220,0.036479,0.992900
27.378000,-0.304408,0.007780,1.063512,0.000425,-0.000015,-0.004465,-0.000192,0.000187,1.570374,-0.300000,1.000000,1.100000,0.000000,0.000000,-1.571000,0.004408,0.992220,0.036488,0.992900
27.380000,-0.304407,0.007780,1.063503,0.000421,-0.000011,-0.004468,-0.000190,0.000188,1.570374,-0.300000,1.000000,1.100000,0.000000,0.000000,-1.571000,0.004407,0.992220,0.036497,0.992901
27.382000,-0.304406,0.007780,1.063494,0.000417,-0.000007,-0.004471,-0.000189,0.000188,1.570374,-0.300000,1.000000,1.100000,0.000000,0.000000,-1.571000,0.004406,0.992220,0.036506,0.992901
27.384000,-0.304405,0.007780,1.063485,0.000414,-0.000004,-0.004474,-0.000188,0.000189,1.570374,-0.300000,1.000000,1.100000,0.000000,0.000000,-1.571000,0.004405,0.992220,0.036515,0.992901
27.386000,-0.304404,0.007780,1.063476,0.000410,0.000000,-0.004477,-0.000187,0.000189,1.570375,-0.300000,1.000000,1.100000,0.000000,0.000000,-1.571000,0.004404,0.992220,0.036524,0.992902
27.388000,-0.304404,0.007780,1.063467,0.000406,0.000004,-0.004481,-0.000187,0.000190,1.570375,-0.300000,1.000000,1.100000,0.000000,0.000000,-1.571000,0.004404,0.992220,0.036533,0.992902
27.390000,-0.304403,0.007780,1.063458,0.000403,0.000007,-0.004484,-0.000186,0.000190,1.570375,-0.300000,1.000000,1.100000,0.000000,0.000000,-1.571000,0.004403,0.992220,0.036542,0.992902
27.392000,-0.304402,0.007780,1.063449,0.000399,0.000011,-0.004487,-0.000186,0.000191,1.570375,-0.300000,1.000000,1.100000,0.000000,0.000000,-1.571000,0.004402,0.992220,0.036551,0.992903
27.394000,-0.304401,0.007780,1.063440,0.000395,0.000015,-0.004490,-0.000186,0.000191,1.570375,-0.300000,1.000000,1.100000,0.000000,0.000000,-1.571000,0.004401,0.992220,0.036560,0.992903
27.396000,-0.304400,0.007780,1.063431,0.000392,0.000019,-0.004493,-0.000185,0.000191,1.570375,-0.300000,1.000000,1.100000,0.000000,0.000000,-1.571000,0.004400,0.992220,0.036569,0.992903
27.398000,-0.304400,0.007780,1.063422,0.000388,0.000022,-0.004497,-0.000185,0.000191,1.570375,-0.300000,1.000000,1.100000,0.000000,0.000000,-1.571000,0.004400,0.992220,0.036578,0.992903
27.400000,-0.304399,0.007780,1.063413,0.000385,0.000026,-0.004500,-0.000186,0.000192,1.570375,-0.300000,1.000000,1.100000,0.000000,0.000000,-1.571000,0.004399,0.992220,0.036587,0.992904
27.402000,-0.304398,0.007780,1.063404,0.000381,0.000030,-0.004503,-0.000186,0.000192,1.570375,-0.300000,1.000000,1.100000,0.000000,0.000000,-1.571000,0.004398,0.992220,0.036596,0.992904
27.404000,-0.304397,0.007780,1.063395,0.000377,0.000034,-0.004506,-0.000186,0.000191,1.570375,-0.300000,1.000000,1.100000,0.000000,0.000000,-1.571000,0.004397,0.992220,0.036605,0.992904
27.406000,-0.304397,0.007781,1.063386,0.000374,0.000037,-0.004510,-0.000187,0.000191,1.570374,-0.300000,1.000000,1.100000,0.000000,0.000000,-1.571000,0.004397,0.992219,0.036614,0.992904
27.408000,-0.304396,0.007781,1.063377,0.000370,0.000041,-0.004513,-0.000188,0.000191,1.570374,-0.300000,1.000000,1.100000,0.000000,0.000000,-1.571000,0.004396,0.992219,0.036623,0.992905
27.410000,-0.304395,0.007781,1.063368,0.000366,0.000045,-0.004516,-0.000189,0.000190,1.570374,-0.300000,1.000000,1.100000,0.000000,0.000000,-1.571000,0.004395,0.992219,0.036632,0.992905
27.412000,-0.304394,0.007781,1.063359,0.000363,0.000049,-0.004519,-0.000190,0.000190,1.570373,-0.300000,1.000000,1.100000,0.000000,0.000000,-1.571000,0.004394,0.992219,0.036641,0.992905
27.414000,-0.304394,0.007781,1.063350,0.000359,0.000052,-0.004523,-0.000191,0.000189,1.570373,-0.300000,1.000000,1.100000,0.000000,0.000000,-1.571000,0.004394,0.992219,0.036650,0.992905
27.416000,-0.304393,0.007781,1.063341,0.000355,0.000056,-0.004526,-0.000192,0.000188,1.570372,-0.300000,1.000000,1.100000,0.000000,0.000000,-1.571000,0.004393,0.992219,0.036659,0.992906
27.418000,-0.304392,0.007781,1.063332,0.000351,0.000060,-0.004529,-0.000193,0.000186,1.570372,-0.300000,1.000000,1.100000,0.000000,0.000000,-1.571000,0.004392,0.992219,0.036668,0.992906
27.420000,-0.304392,0.007781,1.063323,0.000347,0.000063,-0.004532,-0.000195,0.000185,1.570371,-0.300000,1.000000,1.100000,0.000000,0.000000,-1.571000,0.004392,0.992219,0.036677,0.992906
27.422000,-0.304391,0.007781,1.063314,0.000344,0.000067,-0.004536,-0.000196,0.000183,1.570370,-0.300000,1.000000,1.100000,0.000000,0.000000,-1.571000,0.004391,0.992219,0.036686,0.992906
27.424000,-0.304390,0.007782,1.063305,0.000340,0.000071,-0.004539,-0.000198,0.000182,1.570370,-0.300000,1.000000,1.100000,0.000000,0.000000,-1.571000,0.004390,0.992218,0.036695,0.992906
27.426000,-0.304389,0.007782,1.063296,0.000336,0.000074,-0.004542,-0.000199,0.000180,1.570369,-0.300000,1.000000,1.100000,0.000000,0.000000,-1.571000,0.004389,0.992218,0.036704,0.992907
27.428000,-0.304389,0.007782,1.063287,0.000332,0.000078,-0.004545,-0.000201,0.000178,1.570368,-0.300000,1.000000,1.100000,0.000000,0.000000,-1.571000,0.004389,0.992218,0.036713,0.992907
27.430000,-0.304388,0.007782,1.063277,0.000328,0.000081,-0.004549,-0.000202,0.000176,1.570367,-0.300000,1.000000,1.100000,0.000000,0.000000,-1.571000,0.004388,0.992218,0.036723,0.992907
27.432000,-0.304387,0.007782,1.063268,0.000324,0.000085,-0.004552,-0.000204,0.000173,1.570366,-0.300000,1.000000,1.100000,0.000000,0.000000,-1.571000,0.004387,0.992218,0.036732,0.992907
27.434000,-0.304387,0.007782,1.063259,0.000320,0.000088,-0.004555,-0.000206,0.000171,1.570365,-0.300000,1.000000,1.100000,0.000000,0.000000,-1.571000,0.004387,0.992218,0.036741,0.992907
27.436000,-0.304386,0.007783,1.063250,0.000316,0.000091,-0.004558,-0.000208,0.000168,1.570364,-0.300000,1.000000,1.100000,0.000000,0.000000,-1.571000,0.004386,0.992217,0.036750,0.992907
27.438000,-0.304386,0.007783,1.063241,0.000312,0.000095,-0.004562,-0.000210,0.000165,1.570363,-0.300000,1.000000,1.100000,0.000000,0.000000,-1.571000,0.004386,0.992217,0.036759,0.992908
27.440000,-0.304385,0.007783,1.063232,0.000308,0.000098,-0.004565,-0.000212,0.000162,1.570362,-0.300000,1.000000,1.100000,0.000000,0.000000,-1.571000,0.004385,0.992217,0.036768,0.992908
27.442000,-0.304384,0.007783,1.063223,0.000304,0.000101,-0.004568,-0.000213,0.000159,1.570361,-0.300000,1.000000,1.100000,0.000000,0.000000,-1.571000,0.004384,0.992217,0.036777,0.992908
27.444000,-0.304384,0.007783,1.063214,0.000299,0.000104,-0.004571,-0.000215,0.000156,1.570360,-0.300000,1.000000,1.100000,0.000000,0.000000,-1.571000,0.004384,0.992217,0.036786,0.992908
27.446000,-0.304383,0.007784,1.063204,0.000295,0.000107,-0.004575,-0.000217,0.000152,1.570359,-0.300000,1.000000,1.100000,0.000000,0.000000,-1.571000,0.004383,0.992216,0.036796,0.992908
27.448000,-0.304383,0.007784,1.063195,0.000291,0.000110,-0.004578,-0.000219,0.000149,1.570358,-0.300000,1.000000,1.100000,0.000000,0.000000,-1.571000,0.004383,0.992216,0.036805,0.992908
27.450000,-0.304382,0.007784,1.063186,0.000287,0.000113,-0.004581,-0.000221,0.000146,1.570357,-0.300000,1.000000,1.100000,0.000000,0.000000,-1.571000,0.004382,0.992216,0.036814,0.992908
27.452000,-0.304381,0.007784,1.063177,0.000282,0.000116,-0.004584,-0.000223,0.000142,1.570355,-0.300000,1.000000,1.100000,0.000000,0.000000,-1.571000,0.004381,0.992216,0.036823,0.992909
27.454000,-0.304381,0.007784,1.063168,0.000278,0.000119,-0.004586,-0.000225,0.000138,1.570354,-0.300000,1.000000,1.100000,0.000000,0.000000,-1.571000,0.004381,0.992216,0.036832,0.992909
27.456000,-0.304380,0.007785,1.063159,0.000273,0.000121,-0.004589,-0.000227,0.000135,1.570353,-0.300000,1.000000,1.100000,0.000000,0.000000,-1.571000,0.004380,0.992215,0.036841,0.992909
27.458000,-0.304380,0.007785,1.063149,0.000269,0.000124,-0.004591,-0.000229,0.000131,1.570352,-0.300000,1.000000,1.100000,0.000000,0.000000,-1.571000,0.004380,0.992215,0.036851,0.992909
27.460000,-0.304379,0.007785,1.063140,0.000265,0.000126,-0.004593,-0.000232,0.000127,1.570351,-0.300000,1.000000,1.100000,0.000000,0.000000,-1.571000,0.004379,0.992215,0.036860,0.992909
27.462000,-0.304379,0.007785,1.063131,0.000260,0.000129,-0.004595,-0.000234,0.000123,1.570349,-0.300000,1.000000,1.100000,0.000000,0.000000,-1.571000,0.004379,0.992215,0.036869,0.992909
27.464000,-0.304378,0.007786,1.063122,0.000255,0.000131,-0.004596,-0.000236,0.000120,1.570348,-0.300000,1.000000,1.100000,0.000000,0.000000,-1.571000,0.004378,0.992214,0.036878,0.992909
27.466000,-0.304378,0.007786,1.063113,0.000251,0.000134,-0.004598,-0.000238,0.000116,1.570347,-0.300000,1.000000,1.100000,0.000000,0.000000,-1.571000,0.004378,0.992214,0.036887,0.992909
27.468000,-0.304377,0.007786,1.063103,0.000246,0.000136,-0.004599,-0.000240,0.000112,1.570346,-0.300000,1.000000,1.100000,0.000000,0.000000,-1.571000,0.004377,0.992214,0.036897,0.992909
27.470000,-0.304377,0.007787,1.063094,0.000241,0.000138,-0.004601,-0.000242,0.000108,1.570345,-0.300000,1.000000,1.100000,0.000000,0.000000,-1.571000,0.004377,0.992213,0.036906,0.992909
27.472000,-0.304376,0.007787,1.063085,0.000237,0.000140,-0.004602,-0.000244,0.000104,1.570344,-0.300000,1.000000,1.100000,0.000000,0.000000,-1.571000,0.004376,0.992213,0.036915,0.992909
27.474000,-0.304376,0.007787,1.063076,0.000232,0.000142,-0.004603,-0.000246,0.000100,1.570342,-0.300000,1.000000,1.100000,0.000000,0.000000,-1.571000,0.004376,0.992213,0.036924,0.992909
27.476000,-0.304375,0.007787,1.063067,0.000227,0.000144,-0.004604,-0.000248,0.000096,1.570341,-0.300000,1.000000,1.100000,0.000000,0.000000,-1.571000,0.004375,0.992213,0.036933,0.992909
27.478000,-0.304375,0.007788,1.063057,0.000222,0.000146,-0.004605,-0.000251,0.000092,1.570340,-0.300000,1.000000,1.100000,0.000000,0.000000,-1.571000,0.004375,0.992212,0.036943,0.992909
27.480000,-0.304374,0.007788,1.063048,0.000217,0.000148,-0.004606,-0.000253,0.000088,1.570339,-0.300000,1.000000,1.100000,0.000000,0.000000,-1.571000,0.004374,0.992212,0.036952,0.992910
27.482000,-0.304374,0.007788,1.063039,0.000212,0.000149,-0.004607,-0.000255,0.000084,1.570338,-0.300000,1.000000,1.100000,0.000000,0.000000,-1.571000,0.004374,0.992212,0.036961,0.992910
27.484000,-0.304374,0.007789,1.063030,0.000207,0.000151,-0.004607,-0.000257,0.000080,1.570337,-0.300000,1.000000,1.100000,0.000000,0.000000,-1.571000,0.004374,0.992211,0.036970,0.992910
27.486000,-0.304373,0.007789,1.063021,0.000202,0.000153,-0.004608,-0.000259,0.000076,1.570336,-0.300000,1.000000,1.100000,0.000000,0.000000,-1.571000,0.004373,0.992211,0.036979,0.992910
27.488000,-0.304373,0.007789,1.063011,0.000197,0.000154,-0.004609,-0.000261,0.000073,1.570335,-0.300000,1.000000,1.100000,0.000000,0.000000,-1.571000,0.004373,0.992211,0.036989,0.992910
27.490000,-0.304372,0.007789,1.063002,0.000192,0.000156,-0.004609,-0.000263,0.000069,1.570334,-0.300000,1.000000,1.100000,0.000000,0.000000,-1.571000,0.004372,0.992211,0.036998,0.992910
27.492000,-0.304372,0.007790,1.062993,0.000187,0.000157,-0.004610,-0.000266,0.000065,1.570333,-0.300000,1.000000,1.100000,0.000000,0.000000,-1.571000,0.004372,0.992210,0.037007,0.992910
27.494000,-0.304372,0.007790,1.062984,0.000182,0.000158,-0.004611,-0.000268,0.000062,1.570332,-0.300000,1.000000,1.100000,0.000000,0.000000,-1.571000,0.004372,0.992210,0.037016,0.992910
27.496000,-0.304371,0.007790,1.062974,0.000176,0.000159,-0.004611,-0.000270,0.000058,1.570331,-0.300000,1.000000,1.100000,0.000000,0.000000,-1.571000,0.004371,0.992210,0.037026,0.992910
27.498000,-0.304371,0.007791,1.062965,0.000171,0.000160,-0.004612,-0.000272,0.000054,1.570330,-0.300000,1.000000,1.100000,0.000000,0.000000,-1.571000,0.004371,0.992209,0.037035,0.992910
27.500000,-0.304371,0.007791,1.062956,0.000166,0.000162,-0.004612,-0.000274,0.000051,1.570329,-0.300000,1.000000,1.100000,0.000000,0.000000,-1.571000,0.004371,0.992209,0.037044,0.992910
27.502000,-0.304370,0.007791,1.062947,0.000160,0.000162,-0.004612,-0.000276,0.000048,1.570329,-0.300000,1.000000,1.100000,0.000000,0.000000,-1.571000,0.004370,0.992209,0.037053,0.992910
27.504000,-0.304370,0.007792,1.062938,0.000155,0.000163,-0.004613,-0.000278,0.000044,1.570328,-0.300000,1.000000,1.100000,0.000000,0.000000,-1.571000,0.004370,0.992208,0.037062,0.992910
27.506000,-0.304370,0.007792,1.062928,0.000150,0.000164,-0.004613,-0.000280,0.000041,1.570327,-0.300000,1.000000,1.100000,0.000000,0.000000,-1.571000,0.004370,0.992208,0.037072,0.992910
27.508000,-0.304369,0.007792,1.062919,0.000144,0.000165,-0.004614,-0.000281,0.000038,1.570326,-0.300000,1.000000,1.100000,0.000000,0.000000,-1.571000,0.004369,0.992208,0.037081,0.992910
27.510000,-0.304369,0.007793,1.062910,0.000138,0.000166,-0.004614,-0.000283,0.000035,1.570326,-0.300000,1.000000,1.100000,0.000000,0.000000,-1.571000,0.004369,0.992207,0.037090,0.992910
27.512000,-0.304369,0.007793,1.062901,0.000133,0.000166,-0.004614,-0.000285,0.000032,1.570325,-0.300000,1.000000,1.100000,0.000000,0.000000,-1.571000,0.004369,0.992207,0.037099,0.992910
27.514000,-0.304369,0.007793,1.062891,0.000127,0.000167,-0.004615,-0.000286,0.000029,1.570324,-0.300000,1.000000,1.100000,0.000000,0.000000,-1.571000,0.004369,0.992207,0.037109,0.992910
27.516000,-0.304368,0.007794,1.062882,0.000122,0.000168,-0.004615,-0.000288,0.000026,1.570323,-0.300000,1.000000,1.100000,0.000000,0.000000,-1.571000,0.004368,0.992206,0.037118,0.992910
27.518000,-0.304368,0.007794,1.062873,0.000116,0.000168,-0.004615,-0.000289,0.000024,1.570323,-0.300000,1.000000,1.100000,0.000000,0.000000,-1.571000,0.004368,0.992206,0.037127,0.992910
27.520000,-0.304368,0.007794,1.062864,0.000110,0.000169,-0.004616,-0.000291,0.000021,1.570322,-0.300000,1.000000,1.100000,0.000000,0.000000,-1.571000,0.004368,0.992206,0.037136,0.992910
27.522000,-0.304368,0.007795,1.062855,0.000105,0.000169,-0.004616,-0.000292,0.000019,1.570321,-0.300000,1.000000,1.100000,0.000000,0.000000,-1.571000,0.004368,0.992205,0.037145,0.992910
27.524000,-0.304367,0.007795,1.062845,0.000099,0.000169,-0.004616,-0.000294,0.000016,1.570321,-0.300000,1.000000,1.100000,0.000000,0.000000,-1.571000,0.004367,0.992205,0.037155,0.992910
27.526000,-0.304367,0.007795,1.062836,0.000093,0.000170,-0.004616,-0.000295,0.000014,1.570320,-0.300000,1.000000,1.100000,0.000000,0.000000,-1.571000,0.004367,0.992205,0.037164,0.992910
27.528000,-0.304367,0.007796,1.062827,0.000087,0.000170,-0.004617,-0.000296,0.000012,1.570319,-0.300000,1.000000,1.100000,0.000000,0.000000,-1.571000,0.004367,0.992204,0.037173,0.992910
27.530000,-0.304367,0.007796,1.062818,0.000082,0.000170,-0.004617,-0.000297,0.000010,1.570319,-0.300000,1.000000,1.100000,0.000000,0.000000,-1.571000,0.004367,0.992204,0.037182,0.992910
27.532000,-0.304367,0.007796,1.062808,0.000076,0.000170,-0.004617,-0.000298,0.000008,1.570318,-0.300000,1.000000,1.100000,0.000000,0.000000,-1.571000,0.004367,0.992204,0.037192,0.992910
27.534000,-0.304367,0.007797,1.062799,0.000070,0.000171,-0.004618,-0.000299,0.000006,1.570318,-0.300000,1.000000,1.100000,0.000000,0.000000,-1.571000,0.004367,0.992203,0.037201,0.992910
27.536000,-0.304367,0.007797,1.062790,0.000064,0.000171,-0.004618,-0.000300,0.000004,1.570317,-0.300000,1.000000,1.100000,0.000000,0.000000,-1.571000,0.004367,0.992203,0.037210,0.992910
27.538000,-0.304366,0.007797,1.062781,0.000058,0.000171,-0.004618,-0.000300,0.000003,1.570316,-0.300000,1.000000,1.100000,0.000000,0.000000,-1.571000,0.004366,0.992203,0.037219,0.992910
27.540000,-0.304366,0.007798,1.062771,0.000052,0.000171,-0.004618,-0.000301,0.000001,1.570316,-0.300000,1.000000,1.100000,0.000000,0.000000,-1.571000,0.004366,0.992202,0.037229,0.992910
27.542000,-0.304366,0.007798,1.062762,0.000046,0.000171,-0.004619,-0.000302,-0.000000,1.570315,-0.300000,1.000000,1.100000,0.000000,0.000000,-1.571000,0.004366,0.992202,0.037238,0.992910
27.544000,-0.304366,0.007798,1.062753,0.000041,0.000171,-0.004619,-0.000302,-0.000001,1.570315,-0.300000,1.000000,1.100000,0.000000,0.000000,-1.571000,0.004366,0.992202,0.037247,0.992910
27.546000,-0.304366,0.007799,1.062744,0.000035,0.000171,-0.004619,-0.000302,-0.000003,1.570314,-0.300000,1.000000,1.100000,0.000000,0.000000,-1.571000,0.004366,0.992201,0.037256,0.992910
27.548000,-0.304366,0.007799,1.062734,0.000029,0.000171,-0.004619,-0.000303,-0.000004,1.570313,-0.300000,1.000000,1.100000,0.000000,0.000000,-1.571000,0.004366,0.992201,0.037266,0.992910
27.550000,-0.304366,0.007799,1.062725,0.000023,0.000171,-0.004619,-0.000303,-0.000005,1.570313,-0.300000,1.000000,1.100000,0.000000,0.000000,-1.571000,0.004366,0.992201,0.037275,0.992910
27.552000,-0.304366,0.007800,1.062716,0.000017,0.000171,-0.004620,-0.000303,-0.000005,1.570312,-0.300000,1.000000,1.100000,0.000000,0.000000,-1.571000,0.004366,0.992200,0.037284,0.992910
27.554000,-0.304366,0.007800,1.062707,0.000011,0.000170,-0.004620,-0.000303,-0.000006,1.570312,-0.300000,1.000000,1.100000,0.000000,0.000000,-1.571000,0.004366,0.992200,0.037293,0.992910
27.556000,-0.304366,0.007801,1.062697,0.000005,0.000170,-0.004620,-0.000303,-0.000007,1.570311,-0.300000,1.000000,1.100000,0.000000,0.000000,-1.571000,0.004366,0.992199,0.037303,0.992910
27.558000,-0.304366,0.007801,1.062688,-0.000001,0.000170,-0.004620,-0.000303,-0.000007,1.570310,-0.300000,1.000000,1.100000,0.000000,0.000000,-1.571000,0.004366,0.992199,0.037312,0.992910
27.560000,-0.304366,0.007801,1.062679,-0.000007,0.000170,-0.004621,-0.000303,-0.000007,1.570310,-0.300000,1.000000,1.100000,0.000000,0.000000,-1.571000,0.004366,0.992199,0.037321,0.992910
27.562000,-0.304366,0.007802,1.062670,-0.000013,0.000170,-0.004621,-0.000303,-0.000008,1.570309,-0.300000,1.000000,1.100000,0.000000,0.000000,-1.571000,0.004366,0.992198,0.037330,0.992910
27.564000,-0.304366,0.007802,1.062661,-0.000019,0.000170,-0.004621,-0.000302,-0.000008,1.570309,-0.300000,1.000000,1.100000,0.000000,0.000000,-1.571000,0.004366,0.992198,0.037339,0.992910
27.566000,-0.304366,0.007802,1.062651,-0.000025,0.000170,-0.004621,-0.000302,-0.000008,1.570308,-0.300000,1.000000,1.100000,0.000000,0.000000,-1.571000,0.004366,0.992198,0.037349,0.992910
27.568000,-0.304366,0.007803,1.062642,-0.000031,0.000169,-0.004622,-0.000301,-0.000008,1.570308,-0.300000,1.000000,1.100000,0.000000,0.000000,-1.571000,0.004366,0.992197,0.037358,0.992910
27.570000,-0.304366,0.007803,1.062633,-0.000037,0.000169,-0.004622,-0.000300,-0.000008,1.570307,-0.300000,1.000000,1.100000,0.000000,0.000000,-1.571000,0.004366,0.992197,0.037367,0.992910
27.572000,-0.304366,0.007803,1.062624,-0.000042,0.000169,-0.004622,-0.000299,-0.000008,1.570307,-0.300000,1.000000,1.100000,0.000000,0.000000,-1.571000,0.004366,0.992197,0.037376,0.992910
27.574000,-0.304366,0.007804,1.062614,-0.000048,0.000169,-0.004622,-0.000298,-0.000007,1.570306,-0.300000,1.000000,1.100000,0.000000,0.000000,-1.571000,0.004366,0.992196,0.037386,0.992910
27.576000,-0.304366,0.007804,1.062605,-0.000054,0.000169,-0.004622,-0.000296,-0.000007,1.570306,-0.300000,1.000000,1.100000,0.000000,0.000000,-1.571000,0.004366,0.992196,0.037395,0.992910
27.578000,-0.304367,0.007804,1.062596,-0.000060,0.000169,-0.004623,-0.000295,-0.000007,1.570306,-0.300000,1.000000,1.100000,0.000000,0.000000,-1.571000,0.004367,0.992196,0.037404,0.992910
27.580000,-0.304367,0.007805,1.062587,-0.000066,0.000169,-0.004623,-0.000293,-0.000006,1.570305,-0.300000,1.000000,1.100000,0.000000,0.000000,-1.571000,0.004367,0.992195,0.037413,0.992910
27.582000,-0.304367,0.007805,1.062577,-0.000071,0.000169,-0.004623,-0.000290,-0.000006,1.570305,-0.300000,1.000000,1.100000,0.000000,0.000000,-1.571000,0.004367,0.992195,0.037423,0.992910
27.584000,-0.304367,0.007805,1.062568,-0.000077,0.000168,-0.004623,-0.000288,-0.000005,1.570305,-0.300000,1.000000,1.100000,0.000000,0.000000,-1.571000,0.004367,0.992195,0.037432,0.992910
27.586000,-0.304367,0.007806,1.062559,-0.000083,0.000168,-0.004624,-0.000285,-0.000005,1.570304,-0.300000,1.000000,1.100000,0.000000,0.000000,-1.571000,0.004367,0.992194,0.037441,0.992910
27.588000,-0.304367,0.007806,1.062550,-0.000088,0.000168,-0.004624,-0.000283,-0.000004,1.570304,-0.300000,1.000000,1.100000,0.000000,0.000000,-1.571000,0.004367,0.992194,0.037450,0.992910
27.590000,-0.304367,0.007806,1.062540,-0.000094,0.000168,-0.004624,-0.000280,-0.000003,1.570304,-0.300000,1.000000,1.100000,0.000000,0.000000,-1.571000,0.004367,0.992194,0.037460,0.992910
27.592000,-0.304368,0.007807,1.062531,-0.000099,0.000168,-0.004624,-0.000276,-0.000003,1.570303,-0.300000,1.000000,1.100000,0.000000,0.000000,-1.571000,0.004368,0.992193,0.037469,0.992910
27.594000,-0.304368,0.007807,1.062522,-0.000105,0.000168,-0.004624,-0.000273,-0.000002,1.570303,-0.300000,1.000000,1.100000,0.000000,0.000000,-1.571000,0.004368,0.992193,0.037478,0.992910
27.596000,-0.304368,0.007807,1.062513,-0.000110,0.000168,-0.004625,-0.000269,-0.000002,1.570303,-0.300000,1.000000,1.100000,0.000000,0.000000,-1.571000,0.004368,0.992193,0.037487,0.992910
27.598000,-0.304368,0.007808,1.062503,-0.000115,0.000168,-0.004625,-0.000265,-0.000001,1.570303,-0.300000,1.000000,1.100000,0.000000,0.000000,-1.571000,0.004368,0.992192,0.037497,0.992910
27.600000,-0.304369,0.007808,1.062494,-0.000120,0.000168,-0.004625,-0.000261,-0.000000,1.570303,-0.300000,1.000000,1.100000,0.000000,0.000000,-1.571000,0.004369,0.992192,0.037506,0.992910
27.602000,-0.304369,0.007808,1.062485,-0.000126,0.000168,-0.004625,-0.000257,0.000001,1.570303,-0.300000,1.000000,1.100000,0.000000,0.000000,-1.571000,0.004369,0.992192,0.037515,0.992910
27.604000,-0.304369,0.007809,1.062476,-0.000131,0.000168,-0.004624,-0.000252,0.000001,1.570303,-0.300000,1.000000,1.100000,0.000000,0.000000,-1.571000,0.004369,0.992191,0.037524,0.992910
27.606000,-0.304369,0.007809,1.062466,-0.000135,0.000168,-0.004623,-0.000248,0.000002,1.570303,-0.300000,1.000000,1.100000,0.000000,0.000000,-1.571000,0.004369,0.992191,0.037534,0.992910
27.608000,-0.304370,0.007809,1.062457,-0.000140,0.000168,-0.004622,-0.000243,0.000003,1.570303,-0.300000,1.000000,1.100000,0.000000,0.000000,-1.571000,0.004370,0.992191,0.037543,0.992910
27.610000,-0.304370,0.007810,1.062448,-0.000145,0.000168,-0.004620,-0.000238,0.000003,1.570303,-0.300000,1.000000,1.100000,0.000000,0.000000,-1.571000,0.004370,0.992190,0.037552,0.992910
27.612000,-0.304370,0.007810,1.062439,-0.000150,0.000168,-0.004618,-0.000233,0.000004,1.570303,-0.300000,1.000000,1.100000,0.000000,0.000000,-1.571000,0.004370,0.992190,0.037561,0.992910
27.614000,-0.304370,0.007810,1.062429,-0.000154,0.000168,-0.004615,-0.000228,0.000005,1.570303,-0.300000,1.000000,1.100000,0.000000,0.000000,-1.571000,0.004370,0.992190,0.037571,0.992910
27.616000,-0.304371,0.007811,1.062420,-0.000159,0.000168,-0.004612,-0.000222,0.000005,1.570303,-0.300000,1.000000,1.100000,0.000000,0.000000,-1.571000,0.004371,0.992189,0.037580,0.992910
27.618000,-0.304371,0.007811,1.062411,-0.000163,0.000168,-0.004609,-0.000217,0.000006,1.570303,-0.300000,1.000000,1.100000,0.000000,0.000000,-1.571000,0.004371,0.992189,0.037589,0.992910
27.620000,-0.304371,0.007811,1.062402,-0.000167,0.000169,-0.004606,-0.000211,0.000007,1.570303,-0.300000,1.000000,1.100000,0.000000,0.000000,-1.571000,0.004371,0.992189,0.037598,0.992910
27.622000,-0.304372,0.007812,1.062393,-0.000171,0.000169,-0.004602,-0.000205,0.000007,1.570303,-0.300000,1.000000,1.100000,0.000000,0.000000,-1.571000,0.004372,0.992188,0.037607,0.992910
27.624000,-0.304372,0.007812,1.062383,-0.000175,0.000169,-0.004598,-0.000200,0.000008,1.570303,-0.300000,1.000000,1.100000,0.000000,0.000000,-1.571000,0.004372,0.992188,0.037617,0.992910
27.626000,-0.304373,0.007812,1.062374,-0.000179,0.000169,-0.004594,-0.000194,0.000008,1.570303,-0.300000,1.000000,1.100000,0.000000,0.000000,-1.571000,0.004373,0.992188,0.037626,0.992910
27.628000,-0.304373,0.007813,1.062365,-0.000183,0.000169,-0.004590,-0.000188,0.000009,1.570304,-0.300000,1.000000,1.100000,0.000000,0.000000,-1.571000,0.004373,0.992187,0.037635,0.992910
27.630000,-0.304373,0.007813,1.062356,-0.000187,0.000169,-0.004586,-0.000182,0.000009,1.570304,-0.300000,1.000000,1.100000,0.000000,0.000000,-1.571000,0.004373,0.992187,0.037644,0.992911
27.632000,-0.304374,0.007813,1.062347,-0.000190,0.000170,-0.004581,-0.000176,0.000009,1.570304,-0.300000,1.000000,1.100000,0.000000,0.000000,-1.571000,0.004374,0.992187,0.037653,0.992911
27.634000,-0.304374,0.007814,1.062337,-0.000194,0.000170,-0.004576,-0.000170,0.000009,1.570304,-0.300000,1.000000,1.100000,0.000000,0.000000,-1.571000,0.004374,0.992186,0.037663,0.992911
27.636000,-0.304374,0.007814,1.062328,-0.000197,0.000170,-0.004572,-0.000164,0.000009,1.570304,-0.300000,1.000000,1.100000,0.000000,0.000000,-1.571000,0.004374,0.992186,0.037672,0.992911
27.638000,-0.304375,0.007814,1.062319,-0.000200,0.000170,-0.004567,-0.000158,0.000009,1.570304,-0.300000,1.000000,1.100000,0.000000,0.000000,-1.571000,0.004375,0.992186,0.037681,0.992911
27.640000,-0.304375,0.007815,1.062310,-0.000203,0.000170,-0.004562,-0.000151,0.000009,1.570304,-0.300000,1.000000,1.100000,0.000000,0.000000,-1.571000,0.004375,0.992185,0.037690,0.992911
27.642000,-0.304376,0.007815,1.062301,-0.000206,0.000170,-0.004558,-0.000145,0.000009,1.570304,-0.300000,1.000000,1.100000,0.000000,0.000000,-1.571000,0.004376,0.992185,0.037699,0.992911
27.644000,-0.304376,0.007815,1.062292,-0.000209,0.000171,-0.004553,-0.000139,0.000008,1.570304,-0.300000,1.000000,1.100000,0.000000,0.000000,-1.571000,0.004376,0.992185,0.037708,0.992911
27.646000,-0.304376,0.007816,1.062283,-0.000211,0.000171,-0.004549,-0.000133,0.000008,1.570305,-0.300000,1.000000,1.100000,0.000000,0.000000,-1.571000,0.004376,0.992184,0.037717,0.992911
27.648000,-0.304377,0.007816,1.062274,-0.000214,0.000171,-0.004545,-0.000126,0.000007,1.570305,-0.300000,1.000000,1.100000,0.000000,0.000000,-1.571000,0.004377,0.992184,0.037726,0.992911
27.650000,-0.304377,0.007816,1.062265,-0.000216,0.000171,-0.004541,-0.000120,0.000006,1.570305,-0.300000,1.000000,1.100000,0.000000,0.000000,-1.571000,0.004377,0.992184,0.037735,0.992911
27.652000,-0.304378,0.007817,1.062255,-0.000219,0.000171,-0.004537,-0.000114,0.000004,1.570306,-0.300000,1.000000,1.100000,0.000000,0.000000,-1.571000,0.004378,0.992183,0.037745,0.992911
27.654000,-0.304378,0.007817,1.062246,-0.000221,0.000171,-0.004545,-0.000107,0.000003,1.570306,-0.300000,1.000000,1.100000,0.000000,0.000000,-1.571000,0.004378,0.992183,0.037754,0.992911
27.656000,-0.304379,0.007817,1.062237,-0.000223,0.000171,-0.004574,-0.000101,0.000001,1.570307,-0.300000,1.000000,1.100000,0.000000,0.000000,-1.571000,0.004379,0.992183,0.037763,0.992911
27.658000,-0.304379,0.007818,1.062228,-0.000225,0.000171,-0.004622,-0.000095,-0.000001,1.570308,-0.300000,1.000000,1.100000,0.000000,0.000000,-1.571000,0.004379,0.992182,0.037772,0.992911
27.660000,-0.304380,0.007818,1.062219,-0.000227,0.000171,-0.004688,-0.000088,-0.000003,1.570309,-0.300000,1.000000,1.100000,0.000000,0.000000,-1.571000,0.004380,0.992182,0.037781,0.992911
27.662000,-0.304380,0.007818,1.062209,-0.000228,0.000171,-0.004764,-0.000082,-0.000005,1.570310,-0.300000,1.000000,1.100000,0.000000,0.000000,-1.571000,0.004380,0.992182,0.037791,0.992911
27.664000,-0.304380,0.007819,1.062200,-0.000230,0.000171,-0.004840,-0.000076,-0.000007,1.570311,-0.300000,1.000000,1.100000,0.000000,0.000000,-1.571000,0.004380,0.992181,0.037800,0.992911
27.666000,-0.304381,0.007819,1.062190,-0.000231,0.000171,-0.004918,-0.000070,-0.000009,1.570313,-0.300000,1.000000,1.100000,0.000000,0.000000,-1.571000,0.004381,0.992181,0.037810,0.992911
27.668000,-0.304381,0.007819,1.062180,-0.000233,0.000171,-0.004997,-0.000064,-0.000011,1.570314,-0.300000,1.000000,1.100000,0.000000,0.000000,-1.571000,0.004381,0.992181,0.037820,0.992911
27.670000,-0.304382,0.007820,1.062170,-0.000234,0.000171,-0.005078,-0.000058,-0.000014,1.570317,-0.300000,1.000000,1.100000,0.000000,0.000000,-1.571000,0.004382,0.992180,0.037830,0.992911
27.672000,-0.304382,0.007820,1.062159,-0.000235,0.000170,-0.005159,-0.000052,-0.000016,1.570319,-0.300000,1.000000,1.100000,0.000000,0.000000,-1.571000,0.004382,0.992180,0.037841,0.992911
27.674000,-0.304383,0.007820,1.062149,-0.000236,0.000170,-0.005241,-0.000046,-0.000018,1.570322,-0.300000,1.000000,1.100000,0.000000,0.000000,-1.571000,0.004383,0.992180,0.037851,0.992911
27.676000,-0.304383,0.007821,1.062138,-0.000237,0.000170,-0.005324,-0.000040,-0.000021,1.570325,-0.300000,1.000000,1.100000,0.000000,0.000000,-1.571000,0.004383,0.992179,0.037862,0.992911
27.678000,-0.304384,0.007821,1.062128,-0.000237,0.000169,-0.005407,-0.000035,-0.000023,1.570329,-0.300000,1.000000,1.100000,0.000000,0.000000,-1.571000,0.004384,0.992179,0.037872,0.992911
27.680000,-0.304384,0.007822,1.062117,-0.000238,0.000169,-0.005492,-0.000029,-0.000026,1.570333,-0.300000,1.000000,1.100000,0.000000,0.000000,-1.571000,0.004384,0.992178,0.037883,0.992911
27.682000,-0.304385,0.007822,1.062106,-0.000238,0.000168,-0.005572,-0.000023,-0.000028,1.570337,-0.300000,1.000000,1.100000,0.000000,0.000000,-1.571000,0.004385,0.992178,0.037894,0.992911
27.684000,-0.304385,0.007822,1.062094,-0.000239,0.000168,-0.005645,-0.000016,-0.000030,1.570342,-0.300000,1.000000,1.100000,0.000000,0.000000,-1.571000,0.004385,0.992178,0.037906,0.992911
27.686000,-0.304386,0.007823,1.062083,-0.000239,0.000167,-0.005712,-0.000007,-0.000033,1.570347,-0.300000,1.000000,1.100000,0.000000,0.000000,-1.571000,0.004386,0.992177,0.037917,0.992911
27.688000,-0.304386,0.007823,1.062071,-0.000239,0.000166,-0.005772,0.000005,-0.000035,1.570353,-0.300000,1.000000,1.100000,0.000000,0.000000,-1.571000,0.004386,0.992177,0.037929,0.992912
27.690000,-0.304387,0.007823,1.062060,-0.000239,0.000166,-0.005826,0.000021,-0.000037,1.570358,-0.300000,1.000000,1.100000,0.000000,0.000000,-1.571000,0.004387,0.992177,0.037940,0.992912
27.692000,-0.304387,0.007824,1.062048,-0.000238,0.000165,-0.005876,0.000041,-0.000039,1.570364,-0.300000,1.000000,1.100000,0.000000,0.000000,-1.571000,0.004387,0.992176,0.037952,0.992912
27.694000,-0.304388,0.007824,1.062036,-0.000237,0.000164,-0.005921,0.000066,-0.000041,1.570371,-0.300000,1.000000,1.100000,0.000000,0.000000,-1.571000,0.004388,0.992176,0.037964,0.992912
27.696000,-0.304388,0.007824,1.062024,-0.000236,0.000163,-0.005961,0.000098,-0.000043,1.570377,-0.300000,1.000000,1.100000,0.000000,0.000000,-1.571000,0.004388,0.992176,0.037976,0.992912
27.698000,-0.304388,0.007824,1.062012,-0.000234,0.000163,-0.005998,0.000135,-0.000045,1.570384,-0.300000,1.000000,1.100000,0.000000,0.000000,-1.571000,0.004388,0.992176,0.037988,0.992912
27.700000,-0.304389,0.007825,1.062000,-0.000231,0.000162,-0.006032,0.000179,-0.000046,1.570391,-0.300000,1.000000,1.100000,0.000000,0.000000,-1.571000,0.004389,0.992175,0.038000,0.992912
27.702000,-0.304389,0.007825,1.061988,-0.000227,0.000161,-0.006062,0.000229,-0.000048,1.570398,-0.300000,1.000000,1.100000,0.000000,0.000000,-1.571000,0.004389,0.992175,0.038012,0.992912
27.704000,-0.304390,0.007825,1.061976,-0.000222,0.000160,-0.006090,0.000287,-0.000049,1.570406,-0.300000,1.000000,1.100000,0.000000,0.000000,-1.571000,0.004390,0.992175,0.038024,0.992913
27.706000,-0.304390,0.007826,1.061964,-0.000217,0.000159,-0.006115,0.000352,-0.000050,1.570413,-0.300000,1.000000,1.100000,0.000000,0.000000,-1.571000,0.004390,0.992174,0.038036,0.992913
27.708000,-0.304391,0.007826,1.061952,-0.000209,0.000158,-0.006138,0.000424,-0.000052,1.570421,-0.300000,1.000000,1.100000,0.000000,0.000000,-1.571000,0.004391,0.992174,0.038048,0.992913
27.710000,-0.304391,0.007826,1.061939,-0.000201,0.000157,-0.006159,0.000504,-0.000053,1.570428,-0.300000,1.000000,1.100000,0.000000,0.000000,-1.571000,0.004391,0.992174,0.038061,0.992913
27.712000,-0.304391,0.007827,1.061927,-0.000190,0.000156,-0.006177,0.000591,-0.000053,1.570436,-0.300000,1.000000,1.100000,0.000000,0.000000,-1.571000,0.004391,0.992173,0.038073,0.992913
27.714000,-0.304392,0.007827,1.061915,-0.000178,0.000155,-0.006194,0.000686,-0.000054,1.570444,-0.300000,1.000000,1.100000,0.000000,0.000000,-1.571000,0.004392,0.992173,0.038085,0.992913
27.716000,-0.304392,0.007827,1.061902,-0.000164,0.000154,-0.006210,0.000789,-0.000055,1.570452,-0.300000,1.000000,1.100000,0.000000,0.000000,-1.571000,0.004392,0.992173,0.038098,0.992914
27.718000,-0.304393,0.007828,1.061890,-0.000148,0.000153,-0.006224,0.000898,-0.000055,1.570460,-0.300000,1.000000,1.100000,0.000000,0.000000,-1.571000,0.004393,0.992172,0.038110,0.992914
27.720000,-0.304393,0.007828,1.061877,-0.000130,0.000151,-0.006237,0.001014,-0.000055,1.570468,-0.300000,1.000000,1.100000,0.000000,0.000000,-1.571000,0.004393,0.992172,0.038123,0.992914
27.722000,-0.304393,0.007828,1.061865,-0.000110,0.000150,-0.006248,0.001138,-0.000055,1.570476,-0.300000,1.000000,1.100000,0.000000,0.000000,-1.571000,0.004393,0.992172,0.038135,0.992914
27.724000,-0.304393,0.007829,1.061852,-0.000087,0.000149,-0.006259,0.001268,-0.000056,1.570484,-0.300000,1.000000,1.100000,0.000000,0.000000,-1.571000,0.004393,0.992171,0.038148,0.992914
27.726000,-0.304393,0.007829,1.061840,-0.000061,0.000148,-0.006269,0.001405,-0.000056,1.570492,-0.300000,1.000000,1.100000,0.000000,0.000000,-1.571000,0.004393,0.992171,0.038160,0.992914
27.728000,-0.304393,0.007829,1.061827,-0.000033,0.000147,-0.006277,0.001547,-0.000055,1.570500,-0.300000,1.000000,1.100000,0.000000,0.000000,-1.571000,0.004393,0.992171,0.038173,0.992915
27.730000,-0.304393,0.007829,1.061815,-0.000002,0.000146,-0.006285,0.001696,-0.000055,1.570508,-0.300000,1.000000,1.100000,0.000000,0.000000,-1.571000,0.004393,0.992171,0.038185,0.992915
27.732000,-0.304393,0.007830,1.061802,0.000032,0.000145,-0.006292,0.001851,-0.000055,1.570516,-0.300000,1.000000,1.100000,0.000000,0.000000,-1.571000,0.004393,0.992170,0.038198,0.992915
27.734000,-0.304393,0.007830,1.061789,0.000069,0.000144,-0.006299,0.002010,-0.000054,1.570524,-0.300000,1.000000,1.100000,0.000000,0.000000,-1.571000,0.004393,0.992170,0.038211,0.992915
27.736000,-0.304393,0.007830,1.061777,0.000109,0.000143,-0.006305,0.002175,-0.000054,1.570532,-0.300000,1.000000,1.100000,0.000000,0.000000,-1.571000,0.004393,0.992170,0.038223,0.992915
27.738000,-0.304393,0.007831,1.061764,0.000153,0.000142,-0.006310,0.002344,-0.000053,1.570540,-0.300000,1.000000,1.100000,0.000000,0.000000,-1.571000,0.004393,0.992169,0.038236,0.992916
27.740000,-0.304392,0.007831,1.061752,0.000199,0.000141,-0.006315,0.002517,-0.000052,1.570547,-0.300000,1.000000,1.100000,0.000000,0.000000,-1.571000,0.004392,0.992169,0.038248,0.992916
27.742000,-0.304392,0.007831,1.061739,0.000250,0.000140,-0.006320,0.002695,-0.000051,1.570555,-0.300000,1.000000,1.100000,0.000000,0.000000,-1.571000,0.004392,0.992169,0.038261,0.992916
27.744000,-0.304391,0.007831,1.061726,0.000303,0.000139,-0.006324,0.002875,-0.000051,1.570562,-0.300000,1.000000,1.100000,0.000000,0.000000,-1.571000,0.004391,0.992169,0.038274,0.992916
27.746000,-0.304391,0.007832,1.061714,0.000360,0.000138,-0.006328,0.003059,-0.000050,1.570569,-0.300000,1.000000,1.100000,0.000000,0.000000,-1.571000,0.004391,0.992168,0.038286,0.992916
27.748000,-0.304390,0.007832,1.061701,0.000421,0.000137,-0.006332,0.003246,-0.000048,1.570577,-0.300000,1.000000,1.100000,0.000000,0.000000,-1.571000,0.004390,0.992168,0.038299,0.992917
27.750000,-0.304389,0.007832,1.061688,0.000486,0.000136,-0.006335,0.003435,-0.000047,1.570584,-0.300000,1.000000,1.100000,0.000000,0.000000,-1.571000,0.004389,0.992168,0.038312,0.992917
27.752000,-0.304388,0.007833,1.061676,0.000554,0.000135,-0.006338,0.003626,-0.000046,1.570591,-0.300000,1.000000,1.100000,0.000000,0.000000,-1.571000,0.004388,0.992167,0.038324,0.992917
27.754000,-0.304387,0.007833,1.061663,0.000626,0.000134,-0.006341,0.003819,-0.000045,1.570598,-0.300000,1.000000,1.100000,0.000000,0.000000,-1.571000,0.004387,0.992167,0.038337,0.992917
27.756000,-0.304385,0.007833,1.061650,0.000702,0.000133,-0.006343,0.004014,-0.000044,1.570604,-0.300000,1.000000,1.100000,0.000000,0.000000,-1.571000,0.004385,0.992167,0.038350,0.992918
27.758000,-0.304384,0.007833,1.061638,0.000781,0.000132,-0.006345,0.004209,-0.000043,1.570611,-0.300000,1.000000,1.100000,0.000000,0.000000,-1.571000,0.004384,0.992167,0.038362,0.992918
27.760000,-0.304382,0.007834,1.061625,0.000865,0.000131,-0.006348,0.004405,-0.000041,1.570618,-0.300000,1.000000,1.100000,0.000000,0.000000,-1.571000,0.004382,0.992166,0.038375,0.992918
27.762000,-0.304380,0.007834,1.061612,0.000952,0.000130,-0.006354,0.004601,-0.000040,1.570624,-0.300000,1.000000,1.100000,0.000000,0.000000,-1.571000,0.004380,0.992166,0.038388,0.992918
27.764000,-0.304378,0.007834,1.061599,0.001043,0.000130,-0.006368,0.004796,-0.000039,1.570630,-0.300000,1.000000,1.100000,0.000000,0.000000,-1.571000,0.004378,0.992166,0.038401,0.992918
27.766000,-0.304376,0.007834,1.061587,0.001138,0.000129,-0.006389,0.004990,-0.000037,1.570637,-0.300000,1.000000,1.100000,0.000000,0.000000,-1.571000,0.004376,0.992166,0.038413,0.992919
27.768000,-0.304373,0.007835,1.061574,0.001237,0.000128,-0.006417,0.005180,-0.000036,1.570643,-0.300000,1.000000,1.100000,0.000000,0.000000,-1.571000,0.004373,0.992165,0.038426,0.992919
27.770000,-0.304371,0.007835,1.061561,0.001339,0.000127,-0.006451,0.005367,-0.000034,1.570649,-0.300000,1.000000,1.100000,0.000000,0.000000,-1.571000,0.004371,0.992165,0.038439,0.992919
27.772000,-0.304368,0.007835,1.061548,0.001445,0.000127,-0.006490,0.005550,-0.000033,1.570655,-0.300000,1.000000,1.100000,0.000000,0.000000,-1.571000,0.004368,0.992165,0.038452,0.992919
27.774000,-0.304365,0.007835,1.061535,0.001554,0.000126,-0.006534,0.005728,-0.000031,1.570661,-0.300000,1.000000,1.100000,0.000000,0.000000,-1.571000,0.004365,0.992165,0.038465,0.992920
27.776000,-0.304362,0.007836,1.061522,0.001667,0.000125,-0.006582,0.005900,-0.000030,1.570666,-0.300000,1.000000,1.100000,0.000000,0.000000,-1.571000,0.004362,0.992164,0.038478,0.992920
27.778000,-0.304358,0.007836,1.061509,0.001783,0.000125,-0.006634,0.006066,-0.000028,1.570672,-0.300000,1.000000,1.100000,0.000000,0.000000,-1.571000,0.004358,0.992164,0.038491,0.992920
27.780000,-0.304354,0.007836,1.061495,0.001902,0.000124,-0.006690,0.006225,-0.000027,1.570678,-0.300000,1.000000,1.100000,0.000000,0.000000,-1.571000,0.004354,0.992164,0.038505,0.992920
27.782000,-0.304350,0.007836,1.061482,0.002025,0.000124,-0.006749,0.006377,-0.000025,1.570683,-0.300000,1.000000,1.100000,0.000000,0.000000,-1.571000,0.004350,0.992164,0.038518,0.992921
27.784000,-0.304346,0.007837,1.061468,0.002150,0.000123,-0.006812,0.006521,-0.000024,1.570689,-0.300000,1.000000,1.100000,0.000000,0.000000,-1.571000,0.004346,0.992163,0.038532,0.992921
27.786000,-0.304342,0.007837,1.061454,0.002278,0.000123,-0.006876,0.006658,-0.000022,1.570694,-0.300000,1.000000,1.100000,0.000000,0.000000,-1.571000,0.004342,0.992163,0.038546,0.992921
27.788000,-0.304337,0.007837,1.061441,0.002409,0.000122,-0.006944,0.006786,-0.000021,1.570700,-0.300000,1.000000,1.100000,0.000000,0.000000,-1.571000,0.004337,0.992163,0.038559,0.992921
27.790000,-0.304332,0.007837,1.061427,0.002542,0.000122,-0.007013,0.006905,-0.000020,1.570705,-0.300000,1.000000,1.100000,0.000000,0.000000,-1.571000,0.004332,0.992163,0.038573,0.992922
27.792000,-0.304327,0.007838,1.061412,0.002677,0.000122,-0.007085,0.007016,-0.000018,1.570710,-0.300000,1.000000,1.100000,0.000000,0.000000,-1.571000,0.004327,0.992162,0.038588,0.992922
27.794000,-0.304321,0.007838,1.061398,0.002815,0.000121,-0.007158,0.007118,-0.000017,1.570715,-0.300000,1.000000,1.100000,0.000000,0.000000,-1.571000,0.004321,0.992162,0.038602,0.992922
27.796000,-0.304315,0.007838,1.061384,0.002954,0.000121,-0.007233,0.007210,-0.000015,1.570720,-0.300000,1.000000,1.100000,0.000000,0.000000,-1.571000,0.004315,0.992162,0.038616,0.992923
27.798000,-0.304309,0.007838,1.061369,0.003095,0.000121,-0.007310,0.007294,-0.000014,1.570725,-0.300000,1.000000,1.100000,0.000000,0.000000,-1.571000,0.004309,0.992162,0.038631,0.992923
27.800000,-0.304303,0.007839,1.061354,0.003238,0.000120,-0.007388,0.007369,-0.000013,1.570730,-0.300000,1.000000,1.100000,0.000000,0.000000,-1.571000,0.004303,0.992161,0.038646,0.992923
27.802000,-0.304296,0.007839,1.061339,0.003382,0.000120,-0.007467,0.007434,-0.000012,1.570734,-0.300000,1.000000,1.100000,0.000000,0.000000,-1.571000,0.004296,0.992161,0.038661,0.992923
27.804000,-0.304289,0.007839,1.061324,0.003528,0.000120,-0.007547,0.007491,-0.000010,1.570739,-0.300000,1.000000,1.100000,0.000000,0.000000,-1.571000,0.004289,0.992161,0.038676,0.992924
27.806000,-0.304282,0.007839,1.061309,0.003674,0.000120,-0.007629,0.007539,-0.000009,1.570744,-0.300000,1.000000,1.100000,0.000000,0.000000,-1.571000,0.004282,0.992161,0.038691,0.992924
27.808000,-0.304274,0.007840,1.061294,0.003822,0.000119,-0.007711,0.007578,-0.000008,1.570748,-0.300000,1.000000,1.100000,0.000000,0.000000,-1.571000,0.004274,0.992160,0.038706,0.992924
27.810000,-0.304266,0.007840,1.061278,0.003970,0.000119,-0.007794,0.007609,-0.000007,1.570752,-0.300000,1.000000,1.100000,0.000000,0.000000,-1.571000,0.004266,0.992160,0.038722,0.992925
27.812000,-0.304258,0.007840,1.061263,0.004118,0.000119,-0.007878,0.007631,-0.000007,1.570756,-0.300000,1.000000,1.100000,0.000000,0.000000,-1.571000,0.004258,0.992160,0.038737,0.992925
27.814000,-0.304250,0.007840,1.061247,0.004267,0.000119,-0.007962,0.007645,-0.000006,1.570760,-0.300000,1.000000,1.100000,0.000000,0.000000,-1.571000,0.004250,0.992160,0.038753,0.992925
27.816000,-0.304241,0.007840,1.061231,0.004416,0.000119,-0.008047,0.007651,-0.000005,1.570764,-0.300000,1.000000,1.100000,0.000000,0.000000,-1.571000,0.004241,0.992160,0.038769,0.992926
27.818000,-0.304232,0.007841,1.061214,0.004566,0.000119,-0.008133,0.007649,-0.000004,1.570768,-0.300000,1.000000,1.100000,0.000000,0.000000,-1.571000,0.004232,0.992159,0.038786,0.992926
27.820000,-0.304223,0.007841,1.061198,0.004715,0.000119,-0.008219,0.007639,-0.000004,1.570771,-0.300000,1.000000,1.100000,0.000000,0.000000,-1.571000,0.004223,0.992159,0.038802,0.992926
27.822000,-0.304213,0.007841,1.061181,0.004864,0.000119,-0.008305,0.007623,-0.000003,1.570775,-0.300000,1.000000,1.100000,0.000000,0.000000,-1.571000,0.004213,0.992159,0.038819,0.992927
27.824000,-0.304203,0.007841,1.061165,0.005012,0.000119,-0.008390,0.007599,-0.000003,1.570778,-0.300000,1.000000,1.100000,0.000000,0.000000,-1.571000,0.004203,0.992159,0.038835,0.992927
27.826000,-0.304193,0.007842,1.061148,0.005161,0.000118,-0.008475,0.007568,-0.000002,1.570781,-0.300000,1.000000,1.100000,0.000000,0.000000,-1.571000,0.004193,0.992158,0.038852,0.992928
27.828000,-0.304182,0.007842,1.061131,0.005303,0.000118,-0.008550,0.007529,-0.000002,1.570784,-0.300000,1.000000,1.100000,0.000000,0.000000,-1.571000,0.004182,0.992158,0.038869,0.992928
27.830000,-0.304171,0.007842,1.061114,0.005439,0.000118,-0.008616,0.007484,-0.000001,1.570787,-0.300000,1.000000,1.100000,0.000000,0.000000,-1.571000,0.004171,0.992158,0.038886,0.992928
27.832000,-0.304160,0.007842,1.061096,0.005575,0.000118,-0.008682,0.007431,-0.000001,1.570790,-0.300000,1.000000,1.100000,0.000000,0.000000,-1.571000,0.004160,0.992158,0.038904,0.992929
27.834000,-0.304149,0.007843,1.061079,0.005709,0.000118,-0.008748,0.007372,-0.000001,1.570793,-0.300000,1.000000,1.100000,0.000000,0.000000,-1.571000,0.004149,0.992157,0.038921,0.992929
27.836000,-0.304137,0.007843,1.061061,0.005842,0.000117,-0.008812,0.007306,-0.000000,1.570795,-0.300000,1.000000,1.100000,0.000000,0.000000,-1.571000,0.004137,0.992157,0.038939,0.992930
27.838000,-0.304125,0.007843,1.061043,0.005973,0.000117,-0.008877,0.007233,0.000000,1.570797,-0.300000,1.000000,1.100000,0.000000,0.000000,-1.571000,0.004125,0.992157,0.038957,0.992930
27.840000,-0.304113,0.007843,1.061025,0.006103,0.000117,-0.008940,0.007155,0.000000,1.570800,-0.300000,1.000000,1.100000,0.000000,0.000000,-1.571000,0.004113,0.992157,0.038975,0.992930
27.842000,-0.304101,0.007844,1.061007,0.006230,0.000117,-0.009003,0.007070,0.000001,1.570802,-0.300000,1.000000,1.100000,0.000000,0.000000,-1.571000,0.004101,0.992156,0.038993,0.992931
27.844000,-0.304088,0.007844,1.060989,0.006356,0.000116,-0.009066,0.006980,0.000001,1.570803,-0.300000,1.000000,1.100000,0.000000,0.000000,-1.571000,0.004088,0.992156,0.039011,0.992931
27.846000,-0.304075,0.007844,1.060971,0.006480,0.000116,-0.009128,0.006885,0.000001,1.570805,-0.300000,1.000000,1.100000,0.000000,0.000000,-1.571000,0.004075,0.992156,0.039029,0.992932
27.848000,-0.304062,0.007844,1.060953,0.006602,0.000116,-0.009190,0.006784,0.000001,1.570807,-0.300000,1.000000,1.100000,0.000000,0.000000,-1.571000,0.004062,0.992156,0.039047,0.992932
27.850000,-0.304049,0.007844,1.060934,0.006721,0.000116,-0.009251,0.006679,0.000002,1.570808,-0.300000,1.000000,1.100000,0.000000,0.000000,-1.571000,0.004049,0.992156,0.039066,0.992933
27.852000,-0.304035,0.007845,1.060916,0.006838,0.000116,-0.009312,0.006570,0.000002,1.570810,-0.300000,1.000000,1.100000,0.000000,0.000000,-1.571000,0.004035,0.992155,0.039084,0.992933
27.854000,-0.304021,0.007845,1.060897,0.006953,0.000116,-0.009373,0.006456,0.000002,1.570811,-0.300000,1.000000,1.100000,0.000000,0.000000,-1.571000,0.004021,0.992155,0.039103,0.992933
27.856000,-0.304007,0.007845,1.060878,0.007066,0.000115,-0.009433,0.006339,0.000002,1.570812,-0.300000,1.000000,1.100000,0.000000,0.000000,-1.571000,0.004007,0.992155,0.039122,0.992934
27.858000,-0.303993,0.007845,1.060859,0.007175,0.000115,-0.009493,0.006218,0.000002,1.570813,-0.300000,1.000000,1.100000,0.000000,0.000000,-1.571000,0.003993,0.992155,0.039141,0.992934
27.860000,-0.303978,0.007846,1.060840,0.007283,0.000115,-0.009553,0.006094,0.000002,1.570814,-0.300000,1.000000,1.100000,0.000000,0.000000,-1.571000,0.003978,0.992154,0.039160,0.992935
27.862000,-0.303964,0.007846,1.060821,0.007387,0.000115,-0.009612,0.005967,0.000002,1.570815,-0.300000,1.000000,1.100000,0.000000,0.000000,-1.571000,0.003964,0.992154,0.039179,0.992935
27.864000,-0.303949,0.007846,1.060801,0.007489,0.000115,-0.009672,0.005839,0.000002,1.570816,-0.300000,1.000000,1.100000,0.000000,0.000000,-1.571000,0.003949,0.992154,0.039199,0.992936
27.866000,-0.303933,0.007846,1.060782,0.007589,0.000115,-0.009731,0.005708,0.000002,1.570816,-0.300000,1.000000,1.100000,0.000000,0.000000,-1.571000,0.003933,0.992154,0.039218,0.992936
27.868000,-0.303918,0.007847,1.060762,0.007685,0.000114,-0.009789,0.005576,0.000002,1.570817,-0.300000,1.000000,1.100000,0.000000,0.000000,-1.571000,0.003918,0.992153,0.039238,0.992937
27.870000,-0.303903,0.007847,1.060743,0.007779,0.000114,-0.009848,0.005442,0.000002,1.570817,-0.300000,1.000000,1.100000,0.000000,0.000000,-1.571000,0.003903,0.992153,0.039257,0.992937
27.872000,-0.303887,0.007847,1.060723,0.007870,0.000114,-0.009906,0.005308,0.000002,1.570817,-0.300000,1.000000,1.100000,0.000000,0.000000,-1.571000,0.003887,0.992153,0.039277,0.992938
27.874000,-0.303871,0.007847,1.060703,0.007958,0.000114,-0.009964,0.005173,0.000002,1.570818,-0.300000,1.000000,1.100000,0.000000,0.000000,-1.571000,0.003871,0.992153,0.039297,0.992938
27.876000,-0.303855,0.007847,1.060683,0.008044,0.000114,-0.010022,0.005039,0.000002,1.570818,-0.300000,1.000000,1.100000,0.000000,0.000000,-1.571000,0.003855,0.992153,0.039317,0.992939
27.878000,-0.303839,0.007848,1.060663,0.008126,0.000114,-0.010080,0.004904,0.000002,1.570818,-0.300000,1.000000,1.100000,0.000000,0.000000,-1.571000,0.003839,0.992152,0.039337,0.992939
27.880000,-0.303822,0.007848,1.060643,0.008206,0.000113,-0.010138,0.004770,0.000002,1.570818,-0.300000,1.000000,1.100000,0.000000,0.000000,-1.571000,0.003822,0.992152,0.039357,0.992940
27.882000,-0.303806,0.007848,1.060622,0.008283,0.000113,-0.010195,0.004636,0.000002,1.570818,-0.300000,1.000000,1.100000,0.000000,0.000000,-1.571000,0.003806,0.992152,0.039378,0.992940
27.884000,-0.303789,0.007848,1.060602,0.008358,0.000113,-0.010253,0.004504,0.000002,1.570818,-0.300000,1.000000,1.100000,0.000000,0.000000,-1.571000,0.003789,0.992152,0.039398,0.992941
27.886000,-0.303772,0.007849,1.060581,0.008429,0.000113,-0.010312,0.004372,0.000002,1.570818,-0.300000,1.000000,1.100000,0.000000,0.000000,-1.571000,0.003772,0.992151,0.039419,0.992941
27.888000,-0.303755,0.007849,1.060560,0.008498,0.000113,-0.010370,0.004242,0.000002,1.570817,-0.300000,1.000000,1.100000,0.000000,0.000000,-1.571000,0.003755,0.992151,0.039440,0.992942
27.890000,-0.303738,0.007849,1.060539,0.008565,0.000113,-0.010429,0.004112,0.000002,1.570817,-0.300000,1.000000,1.100000,0.000000,0.000000,-1.571000,0.003738,0.992151,0.039461,0.992942
27.892000,-0.303721,0.007849,1.060519,0.008628,0.000112,-0.010488,0.003984,0.000002,1.570817,-0.300000,1.000000,1.100000,0.000000,0.000000,-1.571000,0.003721,0.992151,0.039481,0.992943
27.894000,-0.303704,0.007849,1.060497,0.008689,0.000112,-0.010548,0.003858,0.000002,1.570816,-0.300000,1.000000,1.100000,0.000000,0.000000,-1.571000,0.003704,0.992151,0.039503,0.992943
27.896000,-0.303686,0.007850,1.060476,0.008748,0.000112,-0.010607,0.003734,0.000001,1.570816,-0.300000,1.000000,1.100000,0.000000,0.000000,-1.571000,0.003686,0.992150,0.039524,0.992944
27.898000,-0.303668,0.007850,1.060455,0.008804,0.000112,-0.010667,0.003611,0.000001,1.570815,-0.300000,1.000000,1.100000,0.000000,0.000000,-1.571000,0.003668,0.992150,0.039545,0.992945
27.900000,-0.303651,0.007850,1.060433,0.008857,0.000112,-0.010726,0.003490,0.000001,1.570815,-0.300000,1.000000,1.100000,0.000000,0.000000,-1.571000,0.003651,0.992150,0.039567,0.992945
27.902000,-0.303633,0.007850,1.060412,0.008908,0.000111,-0.010786,0.003371,0.000001,1.570814,-0.300000,1.000000,1.100000,0.000000,0.000000,-1.571000,0.003633,0.992150,0.039588,0.992946
27.904000,-0.303615,0.007851,1.060390,0.008957,0.000111,-0.010846,0.003254,0.000001,1.570814,-0.300000,1.000000,1.100000,0.000000,0.000000,-1.571000,0.003615,0.992149,0.039610,0.992946
27.906000,-0.303597,0.007851,1.060368,0.009003,0.000111,-0.010906,0.003139,0.000001,1.570813,-0.300000,1.000000,1.100000,0.000000,0.000000,-1.571000,0.003597,0.992149,0.039632,0.992947
27.908000,-0.303579,0.007851,1.060346,0.009047,0.000111,-0.010966,0.003027,0.000000,1.570813,-0.300000,1.000000,1.100000,0.000000,0.000000,-1.571000,0.003579,0.992149,0.039654,0.992947
27.910000,-0.303561,0.007851,1.060324,0.009089,0.000111,-0.011025,0.002917,0.000000,1.570812,-0.300000,1.000000,1.100000,0.000000,0.000000,-1.571000,0.003561,0.992149,0.039676,0.992948
27.912000,-0.303542,0.007852,1.060302,0.009128,0.000111,-0.011085,0.002809,0.000000,1.570811,-0.300000,1.000000,1.100000,0.000000,0.000000,-1.571000,0.003542,0.992148,0.039698,0.992949
27.914000,-0.303524,0.007852,1.060280,0.009166,0.000110,-0.011145,0.002704,-0.000000,1.570811,-0.300000,1.000000,1.100000,0.000000,0.000000,-1.571000,0.003524,0.992148,0.039720,0.992949
27.916000,-0.303506,0.007852,1.060258,0.009201,0.000110,-0.011205,0.002602,-0.000000,1.570810,-0.300000,1.000000,1.100000,0.000000,0.000000,-1.571000,0.003506,0.992148,0.039742,0.992950
27.918000,-0.303487,0.007852,1.060235,0.009234,0.000110,-0.011265,0.002502,-0.000001,1.570810,-0.300000,1.000000,1.100000,0.000000,0.000000,-1.571000,0.003487,0.992148,0.039765,0.992951
27.920000,-0.303469,0.007852,1.060212,0.009265,0.000110,-0.011325,0.002405,-0.000001,1.570809,-0.300000,1.000000,1.100000,0.000000,0.000000,-1.571000,0.003469,0.992148,0.039788,0.992951
27.922000,-0.303450,0.007853,1.060190,0.009294,0.000109,-0.011385,0.002310,-0.000001,1.570808,-0.300000,1.000000,1.100000,0.000000,0.000000,-1.571000,0.003450,0.992147,0.039810,0.992952
27.924000,-0.303432,0.007853,1.060167,0.009322,0.000109,-0.011444,0.002219,-0.000001,1.570808,-0.300000,1.000000,1.100000,0.000000,0.000000,-1.571000,0.003432,0.992147,0.039833,0.992952
27.926000,-0.303413,0.007853,1.060144,0.009347,0.000109,-0.011504,0.002130,-0.000002,1.570807,-0.300000,1.000000,1.100000,0.000000,0.000000,-1.571000,0.003413,0.992147,0.039856,0.992953
27.928000,-0.303394,0.007853,1.060121,0.009371,0.000109,-0.011564,0.002043,-0.000002,1.570806,-0.300000,1.000000,1.100000,0.000000,0.000000,-1.571000,0.003394,0.992147,0.039879,0.992954
27.930000,-0.303375,0.007853,1.060097,0.009393,0.000109,-0.011623,0.001960,-0.000002,1.570806,-0.300000,1.000000,1.100000,0.000000,0.000000,-1.571000,0.003375,0.992147,0.039903,0.992954
27.932000,-0.303356,0.007854,1.060074,0.009413,0.000108,-0.011683,0.001880,-0.000003,1.570805,-0.300000,1.000000,1.100000,0.000000,0.000000,-1.571000,0.003356,0.992146,0.039926,0.992955
27.934000,-0.303338,0.007854,1.060051,0.009432,0.000108,-0.011742,0.001802,-0.000003,1.570805,-0.300000,1.000000,1.100000,0.000000,0.000000,-1.571000,0.003338,0.992146,0.039949,0.992956
27.936000,-0.303319,0.007854,1.060027,0.009449,0.000108,-0.011801,0.001727,-0.000003,1.570804,-0.300000,1.000000,1.100000,0.000000,0.000000,-1.571000,0.003319,0.992146,0.039973,0.992956
27.938000,-0.303300,0.007854,1.060003,0.009465,0.000108,-0.011861,0.001655,-0.000003,1.570803,-0.300000,1.000000,1.100000,0.000000,0.000000,-1.571000,0.003300,0.992146,0.039997,0.992957
27.940000,-0.303281,0.007855,1.059979,0.009480,0.000107,-0.011920,0.001586,-0.000004,1.570803,-0.300000,1.000000,1.100000,0.000000,0.000000,-1.571000,0.003281,0.992145,0.040021,0.992958
27.942000,-0.303262,0.007855,1.059955,0.009493,0.000107,-0.011979,0.001519,-0.000004,1.570802,-0.300000,1.000000,1.100000,0.000000,0.000000,-1.571000,0.003262,0.992145,0.040045,0.992958
27.944000,-0.303243,0.007855,1.059931,0.009504,0.000107,-0.012038,0.001455,-0.000004,1.570802,-0.300000,1.000000,1.100000,0.000000,0.000000,-1.571000,0.003243,0.992145,0.040069,0.992959
27.946000,-0.303224,0.007855,1.059907,0.009515,0.000106,-0.012097,0.001394,-0.000005,1.570801,-0.300000,1.000000,1.100000,0.000000,0.000000,-1.571000,0.003224,0.992145,0.040093,0.992960
27.948000,-0.303205,0.007855,1.059883,0.009524,0.000106,-0.012156,0.001336,-0.000005,1.570801,-0.300000,1.000000,1.100000,0.000000,0.000000,-1.571000,0.003205,0.992145,0.040117,0.992960
27.950000,-0.303186,0.007856,1.059859,0.009532,0.000106,-0.012215,0.001280,-0.000005,1.570800,-0.300000,1.000000,1.100000,0.000000,0.000000,-1.571000,0.003186,0.992144,0.040141,0.992961
27.952000,-0.303166,0.007856,1.059834,0.009539,0.000106,-0.012273,0.001227,-0.000005,1.570800,-0.300000,1.000000,1.100000,0.000000,0.000000,-1.571000,0.003166,0.992144,0.040166,0.992962
27.954000,-0.303147,0.007856,1.059809,0.009545,0.000105,-0.012332,0.001176,-0.000006,1.570799,-0.300000,1.000000,1.100000,0.000000,0.000000,-1.571000,0.003147,0.992144,0.040191,0.992963
27.956000,-0.303128,0.007856,1.059785,0.009550,0.000105,-0.012390,0.001128,-0.000006,1.570799,-0.300000,1.000000,1.100000,0.000000,0.000000,-1.571000,0.003128,0.992144,0.040215,0.992963
27.958000,-0.303109,0.007856,1.059760,0.009554,0.000105,-0.012449,0.001083,-0.000006,1.570798,-0.300000,1.000000,1.100000,0.000000,0.000000,-1.571000,0.003109,0.992144,0.040240,0.992964
27.960000,-0.303090,0.007857,1.059735,0.009557,0.000104,-0.012507,0.001039,-0.000007,1.570798,-0.300000,1.000000,1.100000,0.000000,0.000000,-1.571000,0.003090,0.992143,0.040265,0.992965
27.962000,-0.303071,0.007857,1.059709,0.009560,0.000104,-0.012564,0.000998,-0.000007,1.570798,-0.300000,1.000000,1.100000,0.000000,0.000000,-1.571000,0.003071,0.992143,0.040291,0.992966
27.964000,-0.303052,0.007857,1.059684,0.009561,0.000104,-0.012621,0.000959,-0.000007,1.570797,-0.300000,1.000000,1.100000,0.000000,0.000000,-1.571000,0.003052,0.992143,0.040316,0.992966
27.966000,-0.303033,0.007857,1.059659,0.009562,0.000103,-0.012675,0.000923,-0.000008,1.570797,-0.300000,1.000000,1.100000,0.000000,0.000000,-1.571000,0.003033,0.992143,0.040341,0.992967
27.968000,-0.303013,0.007858,1.059633,0.009562,0.000103,-0.012729,0.000888,-0.000008,1.570797,-0.300000,1.000000,1.100000,0.000000,0.000000,-1.571000,0.003013,0.992142,0.040367,0.992968
27.970000,-0.302994,0.007858,1.059608,0.009562,0.000103,-0.012781,0.000855,-0.000008,1.570796,-0.300000,1.000000,1.100000,0.000000,0.000000,-1.571000,0.002994,0.992142,0.040392,0.992969
27.972000,-0.302975,0.007858,1.059582,0.009560,0.000102,-0.012833,0.000824,-0.000008,1.570796,-0.300000,1.000000,1.100000,0.000000,0.000000,-1.571000,0.002975,0.992142,0.040418,0.992969
27.974000,-0.302956,0.007858,1.059556,0.009559,0.000102,-0.012883,0.000795,-0.000008,1.570796,-0.300000,1.000000,1.100000,0.000000,0.000000,-1.571000,0.002956,0.992142,0.040444,0.992970
27.976000,-0.302937,0.007858,1.059531,0.009556,0.000102,-0.012933,0.000767,-0.000008,1.570795,-0.300000,1.000000,1.100000,0.000000,0.000000,-1.571000,0.002937,0.992142,0.040469,0.992971
27.978000,-0.302918,0.007859,1.059505,0.009553,0.000101,-0.012982,0.000741,-0.000009,1.570795,-0.300000,1.000000,1.100000,0.000000,0.000000,-1.571000,0.002918,0.992141,0.040495,0.992972
27.980000,-0.302899,0.007859,1.059479,0.009550,0.000101,-0.013030,0.000717,-0.000009,1.570795,-0.300000,1.000000,1.100000,0.000000,0.000000,-1.571000,0.002899,0.992141,0.040521,0.992973
27.982000,-0.302879,0.007859,1.059452,0.009546,0.000101,-0.013078,0.000694,-0.000008,1.570794,-0.300000,1.000000,1.100000,0.000000,0.000000,-1.571000,0.002879,0.992141,0.040548,0.992973
27.984000,-0.302860,0.007859,1.059426,0.009542,0.000100,-0.013125,0.000672,-0.000008,1.570794,-0.300000,1.000000,1.100000,0.000000,0.000000,-1.571000,0.002860,0.992141,0.040574,0.992974
27.986000,-0.302841,0.007859,1.059400,0.009537,0.000100,-0.013171,0.000651,-0.000008,1.570794,-0.300000,1.000000,1.100000,0.000000,0.000000,-1.571000,0.002841,0.992141,0.040600,0.992975
27.988000,-0.302822,0.007860,1.059373,0.009532,0.000099,-0.013217,0.000632,-0.000008,1.570794,-0.300000,1.000000,1.100000,0.000000,0.000000,-1.571000,0.002822,0.992140,0.040627,0.992976
27.990000,-0.302803,0.007860,1.059347,0.009527,0.000099,-0.013263,0.000613,-0.000008,1.570794,-0.300000,1.000000,1.100000,0.000000,0.000000,-1.571000,0.002803,0.992140,0.040653,0.992977
27.992000,-0.302784,0.007860,1.059320,0.009521,0.000099,-0.013308,0.000596,-0.000008,1.570793,-0.300000,1.000000,1.100000,0.000000,0.000000,-1.571000,0.002784,0.992140,0.040680,0.992978
27.994000,-0.302765,0.007860,1.059294,0.009515,0.000098,-0.013353,0.000580,-0.000008,1.570793,-0.300000,1.000000,1.100000,0.000000,0.000000,-1.571000,0.002765,0.992140,0.040706,0.992978
27.996000,-0.302746,0.007860,1.059267,0.009508,0.000098,-0.013397,0.000564,-0.000007,1.570793,-0.300000,1.000000,1.100000,0.000000,0.000000,-1.571000,0.002746,0.992140,0.040733,0.992979
27.998000,-0.302727,0.007861,1.059240,0.009502,0.000098,-0.013441,0.000549,-0.000007,1.570793,-0.300000,1.000000,1.100000,0.000000,0.000000,-1.571000,0.002727,0.992139,0.040760,0.992980
28.000000,-0.302708,0.007861,1.059213,0.009495,0.000097,-0.013485,0.000535,-0.000007,1.570793,-0.300000,1.000000,1.100000,0.000000,0.000000,-1.571000,0.002708,0.992139,0.040787,0.992981
28.002000,-0.302689,0.007861,1.059186,0.009487,0.000097,-0.013528,0.000522,-0.000007,1.570793,-0.300000,1.000000,1.100000,0.000000,0.000000,-1.571000,0.002689,0.992139,0.040814,0.992982
28.004000,-0.302670,0.007861,1.059159,0.009480,0.000097,-0.013572,0.000509,-0.000007,1.570793,-0.300000,1.000000,1.100000,0.000000,0.000000,-1.571000,0.002670,0.992139,0.040841,0.992983
28.006000,-0.302651,0.007861,1.059131,0.009472,0.000097,-0.013614,0.000497,-0.000006,1.570792,-0.300000,1.000000,1.100000,0.000000,0.000000,-1.571000,0.002651,0.992139,0.040869,0.992984
28.008000,-0.302632,0.007861,1.059104,0.009464,0.000096,-0.013657,0.000485,-0.000006,1.570792,-0.300000,1.000000,1.100000,0.000000,0.000000,-1.571000,0.002632,0.992139,0.040896,0.992985
28.010000,-0.302613,0.007862,1.059077,0.009456,0.000096,-0.013700,0.000474,-0.000006,1.570792,-0.300000,1.000000,1.100000,0.000000,0.000000,-1.571000,0.002613,0.992138,0.040923,0.992985
28.012000,-0.302594,0.007862,1.059049,0.009448,0.000096,-0.013742,0.000464,-0.000006,1.570792,-0.300000,1.000000,1.100000,0.000000,0.000000,-1.571000,0.002594,0.992138,0.040951,0.992986
28.014000,-0.302575,0.007862,1.059022,0.009439,0.000095,-0.013784,0.000453,-0.000006,1.570792,-0.300000,1.000000,1.100000,0.000000,0.000000,-1.571000,0.002575,0.992138,0.040978,0.992987
28.016000,-0.302556,0.007862,1.058994,0.009431,0.000095,-0.013826,0.000443,-0.000005,1.570792,-0.300000,1.000000,1.100000,0.000000,0.000000,-1.571000,0.002556,0.992138,0.041006,0.992988
28.018000,-0.302538,0.007862,1.058966,0.009422,0.000095,-0.013868,0.000434,-0.000005,1.570792,-0.300000,1.000000,1.100000,0.000000,0.000000,-1.571000,0.002538,0.992138,0.041034,0.992989
28.020000,-0.302519,0.007863,1.058938,0.009413,0.000095,-0.013909,0.000425,-0.000005,1.570792,-0.300000,1.000000,1.100000,0.000000,0.000000,-1.571000,0.002519,0.992137,0.041062,0.992990
28.022000,-0.302500,0.007863,1.058910,0.009403,0.000094,-0.013950,0.000416,-0.000005,1.570792,-0.300000,1.000000,1.100000,0.000000,0.000000,-1.571000,0.002500,0.992137,0.041090,0.992991
28.024000,-0.302481,0.007863,1.058882,0.009394,0.000094,-0.013992,0.000407,-0.000005,1.570792,-0.300000,1.000000,1.100000,0.000000,0.000000,-1.571000,0.002481,0.992137,0.041118,0.992992
28.026000,-0.302462,0.007863,1.058854,0.009385,0.000094,-0.014033,0.000398,-0.000004,1.570792,-0.300000,1.000000,1.100000,0.000000,0.000000,-1.571000,0.002462,0.992137,0.041146,0.992993
28.028000,-0.302443,0.007863,1.058826,0.009375,0.000093,-0.014074,0.000390,-0.000004,1.570792,-0.300000,1.000000,1.100000,0.000000,0.000000,-1.571000,0.002443,0.992137,0.041174,0.992994
28.030000,-0.302425,0.007864,1.058798,0.009365,0.000093,-0.014115,0.000382,-0.000004,1.570792,-0.300000,1.000000,1.100000,0.000000,0.000000,-1.571000,0.002425,0.992136,0.041202,0.992995
28.032000,-0.302406,0.007864,1.058770,0.009355,0.000093,-0.014155,0.000374,-0.000004,1.570792,-0.300000,1.000000,1.100000,0.000000,0.000000,-1.571000,0.002406,0.992136,0.041230,0.992995
28.034000,-0.302387,0.007864,1.058741,0.009345,0.000093,-0.014196,0.000366,-0.000004,1.570792,-0.300000,1.000000,1.100000,0.000000,0.000000,-1.571000,0.002387,0.992136,0.041259,0.992996
28.036000,-0.302369,0.007864,1.058713,0.009335,0.000092,-0.014236,0.000358,-0.000003,1.570792,-0.300000,1.000000,1.100000,0.000000,0.000000,-1.571000,0.002369,0.992136,0.041287,0.992997
28.038000,-0.302350,0.007864,1.058684,0.009324,0.000092,-0.014277,0.000351,-0.000003,1.570792,-0.300000,1.000000,1.100000,0.000000,0.000000,-1.571000,0.002350,0.992136,0.041316,0.992998
28.040000,-0.302331,0.007864,1.058656,0.009314,0.000092,-0.014317,0.000343,-0.000003,1.570792,-0.300000,1.000000,1.100000,0.000000,0.000000,-1.571000,0.002331,0.992136,0.041344,0.992999
28.042000,-0.302313,0.007865,1.058627,0.009303,0.000092,-0.014357,0.000336,-0.000002,1.570792,-0.300000,1.000000,1.100000,0.000000,0.000000,-1.571000,0.002313,0.992135,0.041373,0.993000
28.044000,-0.302294,0.007865,1.058598,0.009293,0.000092,-0.014397,0.000329,-0.000002,1.570792,-0.300000,1.000000,1.100000,0.000000,0.000000,-1.571000,0.002294,0.992135,0.041402,0.993001
28.046000,-0.302275,0.007865,1.058569,0.009282,0.000091,-0.014437,0.000321,-0.000002,1.570792,-0.300000,1.000000,1.100000,0.000000,0.000000,-1.571000,0.002275,0.992135,0.041431,0.993002
28.048000,-0.302257,0.007865,1.058540,0.009271,0.000091,-0.014477,0.000314,-0.000001,1.570792,-0.300000,1.000000,1.100000,0.000000,0.000000,-1.571000,0.002257,0.992135,0.041460,0.993003
28.050000,-0.302238,0.007865,1.058511,0.009260,0.000091,-0.014517,0.000307,-0.000001,1.570792,-0.300000,1.000000,1.100000,0.000000,0.000000,-1.571000,0.002238,0.992135,0.041489,0.993004
28.052000,-0.302220,0.007866,1.058482,0.009249,0.000091,-0.014557,0.000300,-0.000000,1.570792,-0.300000,1.000000,1.100000,0.000000,0.000000,-1.571000,0.002220,0.992134,0.041518,0.993005
28.054000,-0.302201,0.007866,1.058453,0.009237,0.000091,-0.014596,0.000293,0.000000,1.570792,-0.300000,1.000000,1.100000,0.000000,0.000000,-1.571000,0.002201,0.992134,0.041547,0.993006
28.056000,-0.302183,0.007866,1.058424,0.009226,0.000090,-0.014636,0.000287,0.000001,1.570792,-0.300000,1.000000,1.100000,0.000000,0.000000,-1.571000,0.002183,0.992134,0.041576,0.993007
28.058000,-0.302164,0.007866,1.058394,0.009214,0.000090,-0.014675,0.000280,0.000002,1.570793,-0.300000,1.000000,1.100000,0.000000,0.000000,-1.571000,0.002164,0.992134,0.041606,0.993008
28.060000,-0.302146,0.007866,1.058365,0.009203,0.000090,-0.014714,0.000273,0.000002,1.570793,-0.300000,1.000000,1.100000,0.000000,0.000000,-1.571000,0.002146,0.992134,0.041635,0.993009
28.062000,-0.302128,0.007866,1.058335,0.009191,0.000090,-0.014754,0.000266,0.000003,1.570793,-0.300000,1.000000,1.100000,0.000000,0.000000,-1.571000,0.002128,0.992134,0.041665,0.993010
28.064000,-0.302109,0.007867,1.058306,0.009179,0.000090,-0.014793,0.000260,0.000004,1.570793,-0.300000,1.000000,1.100000,0.000000,0.000000,-1.571000,0.002109,0.992133,0.041694,0.993011
28.066000,-0.302091,0.007867,1.058276,0.009167,0.000090,-0.014832,0.000253,0.000004,1.570793,-0.300000,1.000000,1.100000,0.000000,0.000000,-1.571000,0.002091,0.992133,0.041724,0.993012
28.068000,-0.302072,0.007867,1.058246,0.009155,0.000090,-0.014871,0.000246,0.000005,1.570793,-0.300000,1.000000,1.100000,0.000000,0.000000,-1.571000,0.002072,0.992133,0.041754,0.993013
28.070000,-0.302054,0.007867,1.058216,0.009143,0.000090,-0.014910,0.000240,0.000006,1.570793,-0.300000,1.000000,1.100000,0.000000,0.000000,-1.571000,0.002054,0.992133,0.041784,0.993014
28.072000,-0.302036,0.007867,1.058187,0.009130,0.000090,-0.014949,0.000233,0.000007,1.570793,-0.300000,1.000000,1.100000,0.000000,0.000000,-1.571000,0.002036,0.992133,0.041813,0.993015
28.074000,-0.302018,0.007868,1.058157,0.009118,0.000090,-0.014987,0.000226,0.000008,1.570794,-0.300000,1.000000,1.100000,0.000000,0.000000,-1.571000,0.002018,0.992132,0.041843,0.993016
28.076000,-0.301999,0.007868,1.058126,0.009105,0.000090,-0.015026,0.000220,0.000009,1.570794,-0.300000,1.000000,1.100000,0.000000,0.000000,-1.571000,0.001999,0.992132,0.041874,0.993018
28.078000,-0.301981,0.007868,1.058096,0.009093,0.000090,-0.015065,0.000213,0.000010,1.570794,-0.300000,1.000000,1.100000,0.000000,0.000000,-1.571000,0.001981,0.992132,0.041904,0.993019
28.080000,-0.301963,0.007868,1.058066,0.009080,0.000090,-0.015103,0.000207,0.000011,1.570794,-0.300000,1.000000,1.100000,0.000000,0.000000,-1.571000,0.001963,0.992132,0.041934,0.993020
28.082000,-0.301945,0.007868,1.058036,0.009067,0.000090,-0.015142,0.000200,0.000011,1.570794,-0.300000,1.000000,1.100000,0.000000,0.000000,-1.571000,0.001945,0.992132,0.041964,0.993021
28.084000,-0.301927,0.007868,1.058005,0.009054,0.000090,-0.015181,0.000194,0.000012,1.570794,-0.300000,1.000000,1.100000,0.000000,0.000000,-1.571000,0.001927,0.992132,0.041995,0.993022
28.086000,-0.301909,0.007869,1.057975,0.009041,0.000090,-0.015221,0.000187,0.000013,1.570794,-0.300000,1.000000,1.100000,0.000000,0.000000,-1.571000,0.001909,0.992131,0.042025,0.993023
28.088000,-0.301890,0.007869,1.057944,0.009028,0.000090,-0.015261,0.000181,0.000014,1.570794,-0.300000,1.000000,1.100000,0.000000,0.000000,-1.571000,0.001890,0.992131,0.042056,0.993024
28.090000,-0.301872,0.007869,1.057914,0.009015,0.000090,-0.015301,0.000175,0.000014,1.570794,-0.300000,1.000000,1.100000,0.000000,0.000000,-1.571000,0.001872,0.992131,0.042086,0.993025
28.092000,-0.301854,0.007869,1.057883,0.009002,0.000090,-0.015342,0.000168,0.000015,1.570794,-0.300000,1.000000,1.100000,0.000000,0.000000,-1.571000,0.001854,0.992131,0.042117,0.993026
28.094000,-0.301836,0.007869,1.057852,0.008988,0.000090,-0.015383,0.000162,0.000016,1.570794,-0.300000,1.000000,1.100000,0.000000,0.000000,-1.571000,0.001836,0.992131,0.042148,0.993027
28.096000,-0.301818,0.007870,1.057822,0.008975,0.000090,-0.015424,0.000155,0.000016,1.570794,-0.300000,1.000000,1.100000,0.000000,0.000000,-1.571000,0.001818,0.992130,0.042178,0.993028
28.098000,-0.301800,0.007870,1.057791,0.008961,0.000091,-0.015465,0.000149,0.000016,1.570794,-0.300000,1.000000,1.100000,0.000000,0.000000,-1.571000,0.001800,0.992130,0.042209,0.993029
28.100000,-0.301783,0.007870,1.057760,0.008947,0.000091,-0.015506,0.000143,0.000017,1.570794,-0.300000,1.000000,1.100000,0.000000,0.000000,-1.571000,0.001783,0.992130,0.042240,0.993030
28.102000,-0.301765,0.007870,1.057728,0.008933,0.000091,-0.015548,0.000137,0.000017,1.570794,-0.300000,1.000000,1.100000,0.000000,0.000000,-1.571000,0.001765,0.992130,0.042272,0.993032
28.104000,-0.301747,0.007870,1.057697,0.008919,0.000091,-0.015590,0.000131,0.000017,1.570794,-0.300000,1.000000,1.100000,0.000000,0.000000,-1.571000,0.001747,0.992130,0.042303,0.993033
28.106000,-0.301729,0.007870,1.057666,0.008905,0.000091,-0.015631,0.000125,0.000017,1.570794,-0.300000,1.000000,1.100000,0.000000,0.000000,-1.571000,0.001729,0.992130,0.042334,0.993034
28.108000,-0.301711,0.007871,1.057635,0.008891,0.000091,-0.015673,0.000119,0.000017,1.570794,-0.300000,1.000000,1.100000,0.000000,0.000000,-1.571000,0.001711,0.992129,0.042365,0.993035
28.110000,-0.301693,0.007871,1.057603,0.008877,0.000092,-0.015715,0.000113,0.000017,1.570794,-0.300000,1.000000,1.100000,0.000000,0.000000,-1.571000,0.001693,0.992129,0.042397,0.993036
28.112000,-0.301676,0.007871,1.057572,0.008863,0.000092,-0.015757,0.000108,0.000017,1.570794,-0.300000,1.000000,1.100000,0.000000,0.000000,-1.571000,0.001676,0.992129,0.042428,0.993037
28.114000,-0.301658,0.007871,1.057540,0.008849,0.000092,-0.015799,0.000102,0.000017,1.570794,-0.300000,1.000000,1.100000,0.000000,0.000000,-1.571000,0.001658,0.992129,0.042460,0.993038
28.116000,-0.301640,0.007871,1.057508,0.008834,0.000092,-0.015841,0.000097,0.000017,1.570794,-0.300000,1.000000,1.100000,0.000000,0.000000,-1.571000,0.001640,0.992129,0.042492,0.993039
28.118000,-0.301623,0.007872,1.057477,0.008820,0.000092,-0.015883,0.000092,0.000016,1.570794,-0.300000,1.000000,1.100000,0.000000,0.000000,-1.571000,0.001623,0.992128,0.042523,0.993041
28.120000,-0.301605,0.007872,1.057445,0.008805,0.000092,-0.015925,0.000087,0.000016,1.570794,-0.300000,1.000000,1.100000,0.000000,0.000000,-1.571000,0.001605,0.992128,0.042555,0.993042
28.122000,-0.301587,0.007872,1.057413,0.008790,0.000092,-0.015968,0.000082,0.000016,1.570794,-0.300000,1.000000,1.100000,0.000000,0.000000,-1.571000,0.001587,0.992128,0.042587,0.993043
28.124000,-0.301570,0.007872,1.057381,0.008776,0.000093,-0.016010,0.000077,0.000015,1.570794,-0.300000,1.000000,1.100000,0.000000,0.000000,-1.571000,0.001570,0.992128,0.042619,0.993044
28.126000,-0.301552,0.007872,1.057349,0.008761,0.000093,-0.016052,0.000072,0.000015,1.570794,-0.300000,1.000000,1.100000,0.000000,0.000000,-1.571000,0.001552,0.992128,0.042651,0.993045
28.128000,-0.301535,0.007872,1.057316,0.008746,0.000093,-0.016094,0.000067,0.000014,1.570794,-0.300000,1.000000,1.100000,0.000000,0.000000,-1.571000,0.001535,0.992128,0.042684,0.993046
28.130000,-0.301517,0.007873,1.057284,0.008731,0.000093,-0.016136,0.000063,0.000014,1.570794,-0.300000,1.000000,1.100000,0.000000,0.000000,-1.571000,0.001517,0.992127,0.042716,0.993048
28.132000,-0.301500,0.007873,1.057252,0.008716,0.000093,-0.016178,0.000058,0.000013,1.570794,-0.300000,1.000000,1.100000,0.000000,0.000000,-1.571000,0.001500,0.992127,0.042748,0.993049
28.134000,-0.301482,0.007873,1.057219,0.008701,0.000093,-0.016220,0.000054,0.000012,1.570794,-0.300000,1.000000,1.100000,0.000000,0.000000,-1.571000,0.001482,0.992127,0.042781,0.993050
28.136000,-0.301465,0.007873,1.057187,0.008686,0.000093,-0.016262,0.000049,0.000012,1.570794,-0.300000,1.000000,1.100000,0.000000,0.000000,-1.571000,0.001465,0.992127,0.042813,0.993051
28.138000,-0.301448,0.007873,1.057154,0.008671,0.000093,-0.016304,0.000045,0.000011,1.570794,-0.300000,1.000000,1.100000,0.000000,0.000000,-1.571000,0.001448,0.992127,0.042846,0.993052
28.140000,-0.301430,0.007874,1.057121,0.008656,0.000093,-0.016346,0.000041,0.000010,1.570794,-0.300000,1.000000,1.100000,0.000000,0.000000,-1.571000,0.001430,0.992126,0.042879,0.993054
28.142000,-0.301413,0.007874,1.057089,0.008640,0.000093,-0.016388,0.000037,0.000009,1.570794,-0.300000,1.000000,1.100000,0.000000,0.000000,-1.571000,0.001413,0.992126,0.042911,0.993055
28.144000,-0.301396,0.007874,1.057056,0.008625,0.000093,-0.016429,0.000033,0.000009,1.570794,-0.300000,1.000000,1.100000,0.000000,0.000000,-1.571000,0.001396,0.992126,0.042944,0.993056
28.146000,-0.301378,0.007874,1.057023,0.008610,0.000093,-0.016471,0.000029,0.000008,1.570794,-0.300000,1.000000,1.100000,0.000000,0.000000,-1.571000,0.001378,0.992126,0.042977,0.993057
28.148000,-0.301361,0.007874,1.056990,0.008594,0.000093,-0.016513,0.000025,0.000007,1.570794,-0.300000,1.000000,1.100000,0.000000,0.000000,-1.571000,0.001361,0.992126,0.043010,0.993058
28.150000,-0.301344,0.007875,1.056957,0.008579,0.000093,-0.016554,0.000021,0.000006,1.570794,-0.300000,1.000000,1.100000,0.000000,0.000000,-1.571000,0.001344,0.992125,0.043043,0.993060
28.152000,-0.301327,0.007875,1.056923,0.008563,0.000093,-0.016596,0.000018,0.000005,1.570794,-0.300000,1.000000,1.100000,0.000000,0.000000,-1.571000,0.001327,0.992125,0.043077,0.993061
28.154000,-0.301310,0.007875,1.056890,0.008548,0.000093,-0.016637,0.000014,0.000004,1.570794,-0.300000,1.000000,1.100000,0.000000,0.000000,-1.571000,0.001310,0.992125,0.043110,0.993062
28.156000,-0.301293,0.007875,1.056857,0.008532,0.000093,-0.016679,0.000011,0.000004,1.570794,-0.300000,1.000000,1.100000,0.000000,0.000000,-1.571000,0.001293,0.992125,0.043143,0.993063
28.158000,-0.301276,0.007875,1.056823,0.008516,0.000093,-0.016720,0.000007,0.000003,1.570795,-0.300000,1.000000,1.100000,0.000000,0.000000,-1.571000,0.001276,0.992125,0.043177,0.993065
28.160000,-0.301259,0.007875,1.056790,0.008501,0.000093,-0.016762,0.000004,0.000002,1.570795,-0.300000,1.000000,1.100000,0.000000,0.000000,-1.571000,0.001259,0.992125,0.043210,0.993066
28.162000,-0.301242,0.007876,1.056756,0.008485,0.000093,-0.016803,0.000001,0.000001,1.570795,-0.300000,1.000000,1.100000,0.000000,0.000000,-1.571000,0.001242,0.992124,0.043244,0.993067
28.164000,-0.301225,0.007876,1.056723,0.008469,0.000092,-0.016844,-0.000003,-0.000000,1.570795,-0.300000,1.000000,1.100000,0.000000,0.000000,-1.571000,0.001225,0.992124,0.043277,0.993068
28.166000,-0.301208,0.007876,1.056689,0.008454,0.000092,-0.016885,-0.000009,-0.000001,1.570795,-0.300000,1.000000,1.100000,0.000000,0.000000,-1.571000,0.001208,0.992124,0.043311,0.993070
28.168000,-0.301191,0.007876,1.056655,0.008438,0.000092,-0.016926,-0.000017,-0.000002,1.570795,-0.300000,1.000000,1.100000,0.000000,0.000000,-1.571000,0.001191,0.992124,0.043345,0.993071
28.170000,-0.301174,0.007876,1.056621,0.008422,0.000092,-0.016967,-0.000027,-0.000003,1.570795,-0.300000,1.000000,1.100000,0.000000,0.000000,-1.571000,0.001174,0.992124,0.043379,0.993072
28.172000,-0.301157,0.007877,1.056587,0.008405,0.000092,-0.017008,-0.000040,-0.000003,1.570795,-0.300000,1.000000,1.100000,0.000000,0.000000,-1.571000,0.001157,0.992123,0.043413,0.993073
28.174000,-0.301140,0.007877,1.056553,0.008389,0.000091,-0.017049,-0.000057,-0.000004,1.570795,-0.300000,1.000000,1.100000,0.000000,0.000000,-1.571000,0.001140,0.992123,0.043447,0.993075
28.176000,-0.301123,0.007877,1.056519,0.008372,0.000091,-0.017090,-0.000078,-0.000005,1.570795,-0.300000,1.000000,1.100000,0.000000,0.000000,-1.571000,0.001123,0.992123,0.043481,0.993076
28.178000,-0.301107,0.007877,1.056484,0.008355,0.000091,-0.017130,-0.000102,-0.000006,1.570795,-0.300000,1.000000,1.100000,0.000000,0.000000,-1.571000,0.001107,0.992123,0.043516,0.993077
28.180000,-0.301090,0.007877,1.056450,0.008337,0.000091,-0.017171,-0.000132,-0.000006,1.570795,-0.300000,1.000000,1.100000,0.000000,0.000000,-1.571000,0.001090,0.992123,0.043550,0.993079
28.182000,-0.301073,0.007877,1.056416,0.008319,0.000090,-0.017211,-0.000165,-0.000007,1.570795,-0.300000,1.000000,1.100000,0.000000,0.000000,-1.571000,0.001073,0.992123,0.043584,0.993080
28.184000,-0.301057,0.007878,1.056381,0.008300,0.000090,-0.017252,-0.000204,-0.000007,1.570796,-0.300000,1.000000,1.100000,0.000000,0.000000,-1.571000,0.001057,0.992122,0.043619,0.993081
28.186000,-0.301040,0.007878,1.056346,0.008281,0.000090,-0.017292,-0.000247,-0.000008,1.570796,-0.300000,1.000000,1.100000,0.000000,0.000000,-1.571000,0.001040,0.992122,0.043654,0.993083
28.188000,-0.301024,0.007878,1.056312,0.008261,0.000089,-0.017333,-0.000296,-0.000008,1.570796,-0.300000,1.000000,1.100000,0.000000,0.000000,-1.571000,0.001024,0.992122,0.043688,0.993084
28.190000,-0.301007,0.007878,1.056277,0.008239,0.000089,-0.017373,-0.000349,-0.000008,1.570796,-0.300000,1.000000,1.100000,0.000000,0.000000,-1.571000,0.001007,0.992122,0.043723,0.993085
28.192000,-0.300991,0.007878,1.056242,0.008217,0.000089,-0.017413,-0.000408,-0.000009,1.570797,-0.300000,1.000000,1.100000,0.000000,0.000000,-1.571000,0.000991,0.992122,0.043758,0.993087
28.194000,-0.300974,0.007879,1.056207,0.008193,0.000088,-0.017453,-0.000471,-0.000009,1.570797,-0.300000,1.000000,1.100000,0.000000,0.000000,-1.571000,0.000974,0.992121,0.043793,0.993088
28.196000,-0.300958,0.007879,1.056172,0.008169,0.000088,-0.017493,-0.000540,-0.000009,1.570797,-0.300000,1.000000,1.100000,0.000000,0.000000,-1.571000,0.000958,0.992121,0.043828,0.993089
28.198000,-0.300942,0.007879,1.056137,0.008143,0.000088,-0.017533,-0.000614,-0.000009,1.570797,-0.300000,1.000000,1.100000,0.000000,0.000000,-1.571000,0.000942,0.992121,0.043863,0.993091
28.200000,-0.300925,0.007879,1.056102,0.008115,0.000087,-0.017573,-0.000693,-0.000009,1.570798,-0.300000,1.000000,1.100000,0.000000,0.000000,-1.571000,0.000925,0.992121,0.043898,0.993092
28.202000,-0.300909,0.007879,1.056067,0.008086,0.000087,-0.017613,-0.000776,-0.000009,1.570798,-0.300000,1.000000,1.100000,0.000000,0.000000,-1.571000,0.000909,0.992121,0.043933,0.993093
28.204000,-0.300893,0.007879,1.056031,0.008056,0.000087,-0.017653,-0.000864,-0.000009,1.570798,-0.300000,1.000000,1.100000,0.000000,0.000000,-1.571000,0.000893,0.992121,0.043969,0.993095
28.206000,-0.300877,0.007880,1.055996,0.008023,0.000086,-0.017693,-0.000957,-0.000009,1.570798,-0.300000,1.000000,1.100000,0.000000,0.000000,-1.571000,0.000877,0.992120,0.044004,0.993096
28.208000,-0.300861,0.007880,1.055961,0.007989,0.000086,-0.017732,-0.001054,-0.000009,1.570799,-0.300000,1.000000,1.100000,0.000000,0.000000,-1.571000,0.000861,0.992120,0.044039,0.993098
28.210000,-0.300845,0.007880,1.055925,0.007954,0.000086,-0.017772,-0.001156,-0.000009,1.570799,-0.300000,1.000000,1.100000,0.000000,0.000000,-1.571000,0.000845,0.992120,0.044075,0.993099
28.212000,-0.300829,0.007880,1.055889,0.007916,0.000085,-0.017811,-0.001261,-0.000009,1.570799,-0.300000,1.000000,1.100000,0.000000,0.000000,-1.571000,0.000829,0.992120,0.044111,0.993100
28.214000,-0.300813,0.007880,1.055854,0.007876,0.000085,-0.017851,-0.001371,-0.000009,1.570800,-0.300000,1.000000,1.100000,0.000000,0.000000,-1.571000,0.000813,0.992120,0.044146,0.993102
28.216000,-0.300798,0.007880,1.055818,0.007834,0.000085,-0.017890,-0.001484,-0.000009,1.570800,-0.300000,1.000000,1.100000,0.000000,0.000000,-1.571000,0.000798,0.992120,0.044182,0.993103
28.218000,-0.300782,0.007881,1.055782,0.007790,0.000084,-0.017929,-0.001600,-0.000008,1.570800,-0.300000,1.000000,1.100000,0.000000,0.000000,-1.571000,0.000782,0.992119,0.044218,0.993105
28.220000,-0.300766,0.007881,1.055746,0.007744,0.000084,-0.017968,-0.001720,-0.000008,1.570800,-0.300000,1.000000,1.100000,0.000000,0.000000,-1.571000,0.000766,0.992119,0.044254,0.993106
28.222000,-0.300751,0.007881,1.055710,0.007695,0.000084,-0.018008,-0.001842,-0.000008,1.570800,-0.300000,1.000000,1.100000,0.000000,0.000000,-1.571000,0.000751,0.992119,0.044290,0.993107
28.224000,-0.300736,0.007881,1.055674,0.007645,0.000083,-0.018047,-0.001966,-0.000008,1.570800,-0.300000,1.000000,1.100000,0.000000,0.000000,-1.571000,0.000736,0.992119,0.044326,0.993109
28.226000,-0.300720,0.007881,1.055638,0.007591,0.000083,-0.018086,-0.002093,-0.000008,1.570801,-0.300000,1.000000,1.100000,0.000000,0.000000,-1.571000,0.000720,0.992119,0.044362,0.993110
28.228000,-0.300705,0.007881,1.055601,0.007536,0.000083,-0.018125,-0.002220,-0.000007,1.570801,-0.300000,1.000000,1.100000,0.000000,0.000000,-1.571000,0.000705,0.992119,0.044399,0.993112
28.230000,-0.300690,0.007882,1.055565,0.007478,0.000083,-0.018164,-0.002347,-0.000007,1.570801,-0.300000,1.000000,1.100000,0.000000,0.000000,-1.571000,0.000690,0.992118,0.044435,0.993113
28.232000,-0.300675,0.007882,1.055529,0.007418,0.000082,-0.018202,-0.002474,-0.000007,1.570801,-0.300000,1.000000,1.100000,0.000000,0.000000,-1.571000,0.000675,0.992118,0.044471,0.993115
28.234000,-0.300661,0.007882,1.055492,0.007355,0.000082,-0.018241,-0.002601,-0.000007,1.570801,-0.300000,1.000000,1.100000,0.000000,0.000000,-1.571000,0.000661,0.992118,0.044508,0.993116
28.236000,-0.300646,0.007882,1.055456,0.007290,0.000082,-0.018280,-0.002727,-0.000007,1.570801,-0.300000,1.000000,1.100000,0.000000,0.000000,-1.571000,0.000646,0.992118,0.044544,0.993118
28.238000,-0.300632,0.007882,1.055419,0.007223,0.000081,-0.018318,-0.002851,-0.000006,1.570801,-0.300000,1.000000,1.100000,0.000000,0.000000,-1.571000,0.000632,0.992118,0.044581,0.993119
28.240000,-0.300617,0.007882,1.055382,0.007153,0.000081,-0.018357,-0.002973,-0.000006,1.570800,-0.300000,1.000000,1.100000,0.000000,0.000000,-1.571000,0.000617,0.992118,0.044618,0.993121
28.242000,-0.300603,0.007883,1.055345,0.007081,0.000081,-0.018395,-0.003094,-0.000006,1.570800,-0.300000,1.000000,1.100000,0.000000,0.000000,-1.571000,0.000603,0.992117,0.044655,0.993122
28.244000,-0.300589,0.007883,1.055308,0.007007,0.000081,-0.018434,-0.003211,-0.000006,1.570800,-0.300000,1.000000,1.100000,0.000000,0.000000,-1.571000,0.000589,0.992117,0.044692,0.993123
28.246000,-0.300575,0.007883,1.055272,0.006931,0.000080,-0.018472,-0.003326,-0.000005,1.570800,-0.300000,1.000000,1.100000,0.000000,0.000000,-1.571000,0.000575,0.992117,0.044728,0.993125
28.248000,-0.300561,0.007883,1.055234,0.006853,0.000080,-0.018511,-0.003437,-0.000005,1.570800,-0.300000,1.000000,1.100000,0.000000,0.000000,-1.571000,0.000561,0.992117,0.044766,0.993126
28.250000,-0.300548,0.007883,1.055197,0.006773,0.000080,-0.018549,-0.003545,-0.000005,1.570799,-0.300000,1.000000,1.100000,0.000000,0.000000,-1.571000,0.000548,0.992117,0.044803,0.993128
28.252000,-0.300534,0.007883,1.055160,0.006691,0.000080,-0.018587,-0.003649,-0.000005,1.570799,-0.300000,1.000000,1.100000,0.000000,0.000000,-1.571000,0.000534,0.992117,0.044840,0.993129
28.254000,-0.300521,0.007884,1.055123,0.006607,0.000079,-0.018625,-0.003749,-0.000004,1.570799,-0.300000,1.000000,1.100000,0.000000,0.000000,-1.571000,0.000521,0.992116,0.044877,0.993131
28.256000,-0.300508,0.007884,1.055086,0.006521,0.000079,-0.018663,-0.003845,-0.000004,1.570798,-0.300000,1.000000,1.100000,0.000000,0.000000,-1.571000,0.000508,0.992116,0.044914,0.993133
28.258000,-0.300495,0.007884,1.055048,0.006433,0.000079,-0.018701,-0.003937,-0.000004,1.570798,-0.300000,1.000000,1.100000,0.000000,0.000000,-1.571000,0.000495,0.992116,0.044952,0.993134
28.260000,-0.300482,0.007884,1.055011,0.006344,0.000079,-0.018739,-0.004024,-0.000004,1.570797,-0.300000,1.000000,1.100000,0.000000,0.000000,-1.571000,0.000482,0.992116,0.044989,0.993136
28.262000,-0.300470,0.007884,1.054973,0.006253,0.000078,-0.018777,-0.004106,-0.000003,1.570797,-0.300000,1.000000,1.100000,0.000000,0.000000,-1.571000,0.000470,0.992116,0.045027,0.993137
28.264000,-0.300457,0.007884,1.054935,0.006161,0.000078,-0.018815,-0.004184,-0.000003,1.570797,-0.300000,1.000000,1.100000,0.000000,0.000000,-1.571000,0.000457,0.992116,0.045065,0.993139
28.266000,-0.300445,0.007885,1.054898,0.006068,0.000078,-0.018852,-0.004257,-0.000003,1.570796,-0.300000,1.000000,1.100000,0.000000,0.000000,-1.571000,0.000445,0.992115,0.045102,0.993140
28.268000,-0.300433,0.007885,1.054860,0.005973,0.000078,-0.018890,-0.004325,-0.000003,1.570796,-0.300000,1.000000,1.100000,0.000000,0.000000,-1.571000,0.000433,0.992115,0.045140,0.993142
28.270000,-0.300421,0.007885,1.054822,0.005878,0.000078,-0.018928,-0.004388,-0.000003,1.570795,-0.300000,1.000000,1.100000,0.000000,0.000000,-1.571000,0.000421,0.992115,0.045178,0.993143
28.272000,-0.300410,0.007885,1.054784,0.005781,0.000077,-0.018965,-0.004447,-0.000002,1.570795,-0.300000,1.000000,1.100000,0.000000,0.000000,-1.571000,0.000410,0.992115,0.045216,0.993145
28.274000,-0.300398,0.007885,1.054746,0.005683,0.000077,-0.019003,-0.004500,-0.000002,1.570794,-0.300000,1.000000,1.100000,0.000000,0.000000,-1.571000,0.000398,0.992115,0.045254,0.993146
28.276000,-0.300387,0.007885,1.054708,0.005585,0.000077,-0.019040,-0.004548,-0.000002,1.570794,-0.300000,1.000000,1.100000,0.000000,0.000000,-1.571000,0.000387,0.992115,0.045292,0.993148
28.278000,-0.300376,0.007885,1.054670,0.005485,0.000077,-0.019077,-0.004592,-0.000002,1.570793,-0.300000,1.000000,1.100000,0.000000,0.000000,-1.571000,0.000376,0.992115,0.045330,0.993150
28.280000,-0.300365,0.007886,1.054632,0.005386,0.000077,-0.019115,-0.004631,-0.000002,1.570793,-0.300000,1.000000,1.100000,0.000000,0.000000,-1.571000,0.000365,0.992114,0.045368,0.993151
28.282000,-0.300354,0.007886,1.054593,0.005285,0.000077,-0.019152,-0.004664,-0.000001,1.570792,-0.300000,1.000000,1.100000,0.000000,0.000000,-1.571000,0.000354,0.992114,0.045407,0.993153
28.284000,-0.300344,0.007886,1.054555,0.005184,0.000076,-0.019189,-0.004693,-0.000001,1.570792,-0.300000,1.000000,1.100000,0.000000,0.000000,-1.571000,0.000344,0.992114,0.045445,0.993154
28.286000,-0.300334,0.007886,1.054516,0.005083,0.000076,-0.019226,-0.004717,-0.000001,1.570791,-0.300000,1.000000,1.100000,0.000000,0.000000,-1.571000,0.000334,0.992114,0.045484,0.993156
28.288000,-0.300324,0.007886,1.054478,0.004982,0.000076,-0.019263,-0.004735,-0.000001,1.570791,-0.300000,1.000000,1.100000,0.000000,0.000000,-1.571000,0.000324,0.992114,0.045522,0.993158
28.290000,-0.300314,0.007886,1.054439,0.004880,0.000076,-0.019300,-0.004749,-0.000001,1.570790,-0.300000,1.000000,1.100000,0.000000,0.000000,-1.571000,0.000314,0.992114,0.045561,0.993159
28.292000,-0.300304,0.007887,1.054400,0.004778,0.000076,-0.019337,-0.004757,-0.000000,1.570790,-0.300000,1.000000,1.100000,0.000000,0.000000,-1.571000,0.000304,0.992113,0.045600,0.993161
28.294000,-0.300295,0.007887,1.054362,0.004677,0.000076,-0.019374,-0.004760,-0.000000,1.570789,-0.300000,1.000000,1.100000,0.000000,0.000000,-1.571000,0.000295,0.992113,0.045638,0.993163
28.296000,-0.300286,0.007887,1.054323,0.004575,0.000075,-0.019410,-0.004757,-0.000000,1.570789,-0.300000,1.000000,1.100000,0.000000,0.000000,-1.571000,0.000286,0.992113,0.045677,0.993164
28.298000,-0.300277,0.007887,1.054284,0.004474,0.000075,-0.019447,-0.004750,0.000000,1.570788,-0.300000,1.000000,1.100000,0.000000,0.000000,-1.571000,0.000277,0.992113,0.045716,0.993166
28.300000,-0.300268,0.007887,1.054245,0.004373,0.000075,-0.019484,-0.004738,0.000000,1.570788,-0.300000,1.000000,1.100000,0.000000,0.000000,-1.571000,0.000268,0.992113,0.045755,0.993167
28.302000,-0.300259,0.007887,1.054206,0.004273,0.000075,-0.019520,-0.004721,0.000001,1.570788,-0.300000,1.000000,1.100000,0.000000,0.000000,-1.571000,0.000259,0.992113,0.045794,0.993169
28.304000,-0.300251,0.007887,1.054167,0.004173,0.000075,-0.019557,-0.004699,0.000001,1.570787,-0.300000,1.000000,1.100000,0.000000,0.000000,-1.571000,0.000251,0.992113,0.045833,0.993171
28.306000,-0.300243,0.007888,1.054128,0.004074,0.000075,-0.019593,-0.004672,0.000001,1.570787,-0.300000,1.000000,1.100000,0.000000,0.000000,-1.571000,0.000243,0.992112,0.045872,0.993172
28.308000,-0.300235,0.007888,1.054088,0.003975,0.000075,-0.019629,-0.004641,0.000001,1.570786,-0.300000,1.000000,1.100000,0.000000,0.000000,-1.571000,0.000235,0.992112,0.045912,0.993174
28.310000,-0.300227,0.007888,1.054049,0.003877,0.000075,-0.019666,-0.004605,0.000001,1.570786,-0.300000,1.000000,1.100000,0.000000,0.000000,-1.571000,0.000227,0.992112,0.045951,0.993176
28.312000,-0.300219,0.007888,1.054009,0.003781,0.000074,-0.019702,-0.004565,0.000002,1.570785,-0.300000,1.000000,1.100000,0.000000,0.000000,-1.571000,0.000219,0.992112,0.045991,0.993177
28.314000,-0.300212,0.007888,1.053970,0.003685,0.000074,-0.019738,-0.004522,0.000002,1.570785,-0.300000,1.000000,1.100000,0.000000,0.000000,-1.571000,0.000212,0.992112,0.046030,0.993179
28.316000,-0.300205,0.007888,1.053930,0.003590,0.000074,-0.019774,-0.004474,0.000002,1.570785,-0.300000,1.000000,1.100000,0.000000,0.000000,-1.571000,0.000205,0.992112,0.046070,0.993181
28.318000,-0.300198,0.007888,1.053891,0.003496,0.000074,-0.019810,-0.004423,0.000002,1.570785,-0.300000,1.000000,1.100000,0.000000,0.000000,-1.571000,0.000198,0.992112,0.046109,0.993182
28.320000,-0.300191,0.007889,1.053851,0.003404,0.000074,-0.019846,-0.004369,0.000002,1.570784,-0.300000,1.000000,1.100000,0.000000,0.000000,-1.571000,0.000191,0.992111,0.046149,0.993184
28.322000,-0.300184,0.007889,1.053811,0.003313,0.000074,-0.019882,-0.004311,0.000002,1.570784,-0.300000,1.000000,1.100000,0.000000,0.000000,-1.571000,0.000184,0.992111,0.046189,0.993186
28.324000,-0.300177,0.007889,1.053771,0.003223,0.000074,-0.019918,-0.004250,0.000003,1.570784,-0.300000,1.000000,1.100000,0.000000,0.000000,-1.571000,0.000177,0.992111,0.046229,0.993188
28.326000,-0.300171,0.007889,1.053732,0.003134,0.000074,-0.019953,-0.004187,0.000003,1.570784,-0.300000,1.000000,1.100000,0.000000,0.000000,-1.571000,0.000171,0.992111,0.046268,0.993189
28.328000,-0.300165,0.007889,1.053692,0.003047,0.000074,-0.019989,-0.004121,0.000003,1.570784,-0.300000,1.000000,1.100000,0.000000,0.000000,-1.571000,0.000165,0.992111,0.046308,0.993191
28.330000,-0.300159,0.007889,1.053651,0.002961,0.000074,-0.020024,-0.004053,0.000003,1.570784,-0.300000,1.000000,1.100000,0.000000,0.000000,-1.571000,0.000159,0.992111,0.046349,0.993193
28.332000,-0.300153,0.007890,1.053611,0.002877,0.000074,-0.020060,-0.003983,0.000003,1.570784,-0.300000,1.000000,1.100000,0.000000,0.000000,-1.571000,0.000153,0.992110,0.046389,0.993194
28.334000,-0.300148,0.007890,1.053571,0.002795,0.000074,-0.020095,-0.003911,0.000003,1.570784,-0.300000,1.000000,1.100000,0.000000,0.000000,-1.571000,0.000148,0.992110,0.046429,0.993196
28.336000,-0.300142,0.007890,1.053531,0.002714,0.000073,-0.020131,-0.003837,0.000004,1.570784,-0.300000,1.000000,1.100000,0.000000,0.000000,-1.571000,0.000142,0.992110,0.046469,0.993198
28.338000,-0.300137,0.007890,1.053490,0.002634,0.000073,-0.020166,-0.003762,0.000004,1.570784,-0.300000,1.000000,1.100000,0.000000,0.000000,-1.571000,0.000137,0.992110,0.046510,0.993200
28.340000,-0.300132,0.007890,1.053450,0.002556,0.000073,-0.020201,-0.003686,0.000004,1.570784,-0.300000,1.000000,1.100000,0.000000,0.000000,-1.571000,0.000132,0.992110,0.046550,0.993201
28.342000,-0.300127,0.007890,1.053410,0.002480,0.000073,-0.020236,-0.003609,0.000004,1.570784,-0.300000,1.000000,1.100000,0.000000,0.000000,-1.571000,0.000127,0.992110,0.046590,0.993203
28.344000,-0.300122,0.007890,1.053369,0.002405,0.000073,-0.020271,-0.003531,0.000004,1.570785,-0.300000,1.000000,1.100000,0.000000,0.000000,-1.571000,0.000122,0.992110,0.046631,0.993205
28.346000,-0.300117,0.007891,1.053328,0.002332,0.000073,-0.020306,-0.003452,0.000004,1.570785,-0.300000,1.000000,1.100000,0.000000,0.000000,-1.571000,0.000117,0.992109,0.046672,0.993207
28.348000,-0.300113,0.007891,1.053288,0.002261,0.000073,-0.020341,-0.003373,0.000004,1.570785,-0.300000,1.000000,1.100000,0.000000,0.000000,-1.571000,0.000113,0.992109,0.046712,0.993208
28.350000,-0.300108,0.007891,1.053247,0.002192,0.000073,-0.020376,-0.003294,0.000004,1.570785,-0.300000,1.000000,1.100000,0.000000,0.000000,-1.571000,0.000108,0.992109,0.046753,0.993210
28.352000,-0.300104,0.007891,1.053206,0.002124,0.000073,-0.020411,-0.003215,0.000004,1.570786,-0.300000,1.000000,1.100000,0.000000,0.000000,-1.571000,0.000104,0.992109,0.046794,0.993212
28.354000,-0.300100,0.007891,1.053165,0.002057,0.000073,-0.020445,-0.003136,0.000005,1.570786,-0.300000,1.000000,1.100000,0.000000,0.000000,-1.571000,0.000100,0.992109,0.046835,0.993214
28.356000,-0.300096,0.007891,1.053124,0.001993,0.000073,-0.020480,-0.003057,0.000005,1.570786,-0.300000,1.000000,1.100000,0.000000,0.000000,-1.571000,0.000096,0.992109,0.046876,0.993216
28.358000,-0.300092,0.007891,1.053083,0.001930,0.000073,-0.020515,-0.002979,0.000005,1.570787,-0.300000,1.000000,1.100000,0.000000,0.000000,-1.571000,0.000092,0.992109,0.046917,0.993217
28.360000,-0.300088,0.007892,1.053042,0.001869,0.000073,-0.020549,-0.002901,0.000005,1.570787,-0.300000,1.000000,1.100000,0.000000,0.000000,-1.571000,0.000088,0.992108,0.046958,0.993219
28.362000,-0.300084,0.007892,1.053001,0.001809,0.000073,-0.020583,-0.002825,0.000005,1.570787,-0.300000,1.000000,1.100000,0.000000,0.000000,-1.571000,0.000084,0.992108,0.046999,0.993221
28.364000,-0.300081,0.007892,1.052959,0.001751,0.000073,-0.020615,-0.002749,0.000005,1.570788,-0.300000,1.000000,1.100000,0.000000,0.000000,-1.571000,0.000081,0.992108,0.047041,0.993223
28.366000,-0.300077,0.007892,1.052918,0.001695,0.000073,-0.020646,-0.002674,0.000005,1.570788,-0.300000,1.000000,1.100000,0.000000,0.000000,-1.571000,0.000077,0.992108,0.047082,0.993225
28.368000,-0.300074,0.007892,1.052877,0.001640,0.000073,-0.020676,-0.002600,0.000005,1.570789,-0.300000,1.000000,1.100000,0.000000,0.000000,-1.571000,0.000074,0.992108,0.047123,0.993226
28.370000,-0.300071,0.007892,1.052835,0.001586,0.000073,-0.020705,-0.002527,0.000005,1.570789,-0.300000,1.000000,1.100000,0.000000,0.000000,-1.571000,0.000071,0.992108,0.047165,0.993228
28.372000,-0.300068,0.007892,1.052794,0.001534,0.000073,-0.020733,-0.002456,0.000005,1.570790,-0.300000,1.000000,1.100000,0.000000,0.000000,-1.571000,0.000068,0.992108,0.047206,0.993230
28.374000,-0.300065,0.007893,1.052752,0.001484,0.000073,-0.020760,-0.002385,0.000005,1.570790,-0.300000,1.000000,1.100000,0.000000,0.000000,-1.571000,0.000065,0.992107,0.047248,0.993232
28.376000,-0.300062,0.007893,1.052711,0.001435,0.000073,-0.020786,-0.002315,0.000005,1.570791,-0.300000,1.000000,1.100000,0.000000,0.000000,-1.571000,0.000062,0.992107,0.047289,0.993234
28.378000,-0.300059,0.007893,1.052669,0.001387,0.000072,-0.020811,-0.002247,0.000005,1.570791,-0.300000,1.000000,1.100000,0.000000,0.000000,-1.571000,0.000059,0.992107,0.047331,0.993236
28.380000,-0.300056,0.007893,1.052627,0.001341,0.000072,-0.020836,-0.002180,0.000005,1.570792,-0.300000,1.000000,1.100000,0.000000,0.000000,-1.571000,0.000056,0.992107,0.047373,0.993237
28.382000,-0.300054,0.007893,1.052586,0.001297,0.000072,-0.020860,-0.002114,0.000005,1.570792,-0.300000,1.000000,1.100000,0.000000,0.000000,-1.571000,0.000054,0.992107,0.047414,0.993239
28.384000,-0.300051,0.007893,1.052544,0.001253,0.000072,-0.020884,-0.002050,0.000005,1.570793,-0.300000,1.000000,1.100000,0.000000,0.000000,-1.571000,0.000051,0.992107,0.047456,0.993241
28.386000,-0.300049,0.007893,1.052502,0.001211,0.000072,-0.020907,-0.001987,0.000005,1.570793,-0.300000,1.000000,1.100000,0.000000,0.000000,-1.571000,0.000049,0.992107,0.047498,0.993243
28.388000,-0.300046,0.007894,1.052460,0.001171,0.000072,-0.020930,-0.001925,0.000005,1.570794,-0.300000,1.000000,1.100000,0.000000,0.000000,-1.571000,0.000046,0.992106,0.047540,0.993245
28.390000,-0.300044,0.007894,1.052418,0.001131,0.000072,-0.020952,-0.001865,0.000005,1.570794,-0.300000,1.000000,1.100000,0.000000,0.000000,-1.571000,0.000044,0.992106,0.047582,0.993247
28.392000,-0.300042,0.007894,1.052376,0.001093,0.000072,-0.020974,-0.001806,0.000005,1.570795,-0.300000,1.000000,1.100000,0.000000,0.000000,-1.571000,0.000042,0.992106,0.047624,0.993249
28.394000,-0.300040,0.007894,1.052334,0.001056,0.000072,-0.020996,-0.001749,0.000005,1.570795,-0.300000,1.000000,1.100000,0.000000,0.000000,-1.571000,0.000040,0.992106,0.047666,0.993250
28.396000,-0.300038,0.007894,1.052292,0.001020,0.000072,-0.021017,-0.001693,0.000005,1.570796,-0.300000,1.000000,1.100000,0.000000,0.000000,-1.571000,0.000038,0.992106,0.047708,0.993252
28.398000,-0.300036,0.007894,1.052250,0.000986,0.000072,-0.021038,-0.001639,0.000005,1.570796,-0.300000,1.000000,1.100000,0.000000,0.000000,-1.571000,0.000036,0.992106,0.047750,0.993254
28.400000,-0.300034,0.007894,1.052208,0.000952,0.000072,-0.021058,-0.001587,0.000005,1.570796,-0.300000,1.000000,1.100000,0.000000,0.000000,-1.571000,0.000034,0.992106,0.047792,0.993256
28.402000,-0.300032,0.007895,1.052166,0.000920,0.000072,-0.021079,-0.001536,0.000005,1.570797,-0.300000,1.000000,1.100000,0.000000,0.000000,-1.571000,0.000032,0.992105,0.047834,0.993258
28.404000,-0.300030,0.007895,1.052123,0.000888,0.000072,-0.021099,-0.001486,0.000005,1.570797,-0.300000,1.000000,1.100000,0.000000,0.000000,-1.571000,0.000030,0.992105,0.047877,0.993260
28.406000,-0.300028,0.007895,1.052081,0.000858,0.000072,-0.021119,-0.001438,0.000005,1.570798,-0.300000,1.000000,1.100000,0.000000,0.000000,-1.571000,0.000028,0.992105,0.047919,0.993262
28.408000,-0.300027,0.007895,1.052039,0.000828,0.000072,-0.021139,-0.001392,0.000005,1.570798,-0.300000,1.000000,1.100000,0.000000,0.000000,-1.571000,0.000027,0.992105,0.047961,0.993264
28.410000,-0.300025,0.007895,1.051996,0.000800,0.000072,-0.021158,-0.001347,0.000004,1.570798,-0.300000,1.000000,1.100000,0.000000,0.000000,-1.571000,0.000025,0.992105,0.048004,0.993265
28.412000,-0.300024,0.007895,1.051954,0.000772,0.000072,-0.021178,-0.001304,0.000004,1.570798,-0.300000,1.000000,1.100000,0.000000,0.000000,-1.571000,0.000024,0.992105,0.048046,0.993267
28.414000,-0.300022,0.007895,1.051912,0.000746,0.000072,-0.021197,-0.001262,0.000004,1.570799,-0.300000,1.000000,1.100000,0.000000,0.000000,-1.571000,0.000022,0.992105,0.048088,0.993269
28.416000,-0.300021,0.007896,1.051869,0.000720,0.000072,-0.021216,-0.001221,0.000004,1.570799,-0.300000,1.000000,1.100000,0.000000,0.000000,-1.571000,0.000021,0.992104,0.048131,0.993271
28.418000,-0.300019,0.007896,1.051827,0.000695,0.000072,-0.021235,-0.001183,0.000004,1.570799,-0.300000,1.000000,1.100000,0.000000,0.000000,-1.571000,0.000019,0.992104,0.048173,0.993273
28.420000,-0.300018,0.007896,1.051784,0.000671,0.000072,-0.021254,-0.001145,0.000004,1.570800,-0.300000,1.000000,1.100000,0.000000,0.000000,-1.571000,0.000018,0.992104,0.048216,0.993275
28.422000,-0.300017,0.007896,1.051742,0.000647,0.000072,-0.021273,-0.001109,0.000003,1.570800,-0.300000,1.000000,1.100000,0.000000,0.000000,-1.571000,0.000017,0.992104,0.048258,0.993277
28.424000,-0.300015,0.007896,1.051699,0.000625,0.000072,-0.021293,-0.001075,0.000003,1.570800,-0.300000,1.000000,1.100000,0.000000,0.000000,-1.571000,0.000015,0.992104,0.048301,0.993279
28.426000,-0.300014,0.007896,1.051656,0.000603,0.000071,-0.021313,-0.001041,0.000003,1.570800,-0.300000,1.000000,1.100000,0.000000,0.000000,-1.571000,0.000014,0.992104,0.048344,0.993281
28.428000,-0.300013,0.007896,1.051614,0.000581,0.000071,-0.021333,-0.001009,0.000003,1.570801,-0.300000,1.000000,1.100000,0.000000,0.000000,-1.571000,0.000013,0.992104,0.048386,0.993283
28.430000,-0.300012,0.007897,1.051571,0.000561,0.000071,-0.021353,-0.000979,0.000003,1.570801,-0.300000,1.000000,1.100000,0.000000,0.000000,-1.571000,0.000012,0.992103,0.048429,0.993285
28.432000,-0.300011,0.007897,1.051528,0.000541,0.000071,-0.021374,-0.000949,0.000003,1.570801,-0.300000,1.000000,1.100000,0.000000,0.000000,-1.571000,0.000011,0.992103,0.048472,0.993287
28.434000,-0.300010,0.007897,1.051485,0.000521,0.000071,-0.021395,-0.000920,0.000002,1.570801,-0.300000,1.000000,1.100000,0.000000,0.000000,-1.571000,0.000010,0.992103,0.048515,0.993289
28.436000,-0.300009,0.007897,1.051442,0.000502,0.000071,-0.021416,-0.000893,0.000002,1.570802,-0.300000,1.000000,1.100000,0.000000,0.000000,-1.571000,0.000009,0.992103,0.048558,0.993291
28.438000,-0.300008,0.007897,1.051399,0.000484,0.000071,-0.021438,-0.000867,0.000002,1.570802,-0.300000,1.000000,1.100000,0.000000,0.000000,-1.571000,0.000008,0.992103,0.048601,0.993293
28.440000,-0.300007,0.007897,1.051357,0.000467,0.000071,-0.021459,-0.000841,0.000002,1.570802,-0.300000,1.000000,1.100000,0.000000,0.000000,-1.571000,0.000007,0.992103,0.048643,0.993294
28.442000,-0.300006,0.007897,1.051314,0.000449,0.000071,-0.021481,-0.000817,0.000002,1.570802,-0.300000,1.000000,1.100000,0.000000,0.000000,-1.571000,0.000006,0.992103,0.048686,0.993296
28.444000,-0.300005,0.007898,1.051270,0.000433,0.000071,-0.021503,-0.000793,0.000001,1.570802,-0.300000,1.000000,1.100000,0.000000,0.000000,-1.571000,0.000005,0.992102,0.048730,0.993298
28.446000,-0.300004,0.007898,1.051227,0.000417,0.000071,-0.021525,-0.000770,0.000001,1.570803,-0.300000,1.000000,1.100000,0.000000,0.000000,-1.571000,0.000004,0.992102,0.048773,0.993300
28.448000,-0.300003,0.007898,1.051184,0.000401,0.000070,-0.021547,-0.000748,0.000001,1.570803,-0.300000,1.000000,1.100000,0.000000,0.000000,-1.571000,0.000003,0.992102,0.048816,0.993302
28.450000,-0.300002,0.007898,1.051141,0.000386,0.000070,-0.021569,-0.000727,0.000001,1.570803,-0.300000,1.000000,1.100000,0.000000,0.000000,-1.571000,0.000002,0.992102,0.048859,0.993304
28.452000,-0.300002,0.007898,1.051098,0.000371,0.000070,-0.021592,-0.000706,0.000000,1.570803,-0.300000,1.000000,1.100000,0.000000,0.000000,-1.571000,0.000002,0.992102,0.048902,0.993306
28.454000,-0.300001,0.007898,1.051055,0.000357,0.000070,-0.021614,-0.000686,0.000000,1.570804,-0.300000,1.000000,1.100000,0.000000,0.000000,-1.571000,0.000001,0.992102,0.048945,0.993308
28.456000,-0.300000,0.007898,1.051011,0.000343,0.000070,-0.021636,-0.000667,-0.000000,1.570804,-0.300000,1.000000,1.100000,0.000000,0.000000,-1.571000,0.000000,0.992102,0.048989,0.993310
28.458000,-0.300000,0.007899,1.050968,0.000329,0.000070,-0.021659,-0.000648,-0.000000,1.570804,-0.300000,1.000000,1.100000,0.000000,0.000000,-1.571000,-0.000000,0.992101,0.049032,0.993312
28.460000,-0.299999,0.007899,1.050925,0.000316,0.000070,-0.021681,-0.000630,-0.000001,1.570804,-0.300000,1.000000,1.100000,0.000000,0.000000,-1.571000,-0.000001,0.992101,0.049075,0.993314
28.462000,-0.299998,0.007899,1.050881,0.000303,0.000070,-0.021704,-0.000613,-0.000001,1.570804,-0.300000,1.000000,1.100000,0.000000,0.000000,-1.571000,-0.000002,0.992101,0.049119,0.993316
28.464000,-0.299998,0.007899,1.050838,0.000291,0.000069,-0.021726,-0.000596,-0.000001,1.570804,-0.300000,1.000000,1.100000,0.000000,0.000000,-1.571000,-0.000002,0.992101,0.049162,0.993318
28.466000,-0.299997,0.007899,1.050794,0.000279,0.000069,-0.021749,-0.000579,-0.000001,1.570804,-0.300000,1.000000,1.100000,0.000000,0.000000,-1.571000,-0.000003,0.992101,0.049206,0.993320
28.468000,-0.299997,0.007899,1.050751,0.000267,0.000069,-0.021772,-0.000563,-0.000002,1.570804,-0.300000,1.000000,1.100000,0.000000,0.000000,-1.571000,-0.000003,0.992101,0.049249,0.993322
28.470000,-0.299996,0.007899,1.050707,0.000255,0.000069,-0.021794,-0.000547,-0.000002,1.570804,-0.300000,1.000000,1.100000,0.000000,0.000000,-1.571000,-0.000004,0.992101,0.049293,0.993324
28.472000,-0.299996,0.007900,1.050663,0.000244,0.000069,-0.021817,-0.000532,-0.000003,1.570804,-0.300000,1.000000,1.100000,0.000000,0.000000,-1.571000,-0.000004,0.992100,0.049337,0.993326
28.474000,-0.299995,0.007900,1.050620,0.000234,0.000069,-0.021839,-0.000517,-0.000003,1.570804,-0.300000,1.000000,1.100000,0.000000,0.000000,-1.571000,-0.000005,0.992100,0.049380,0.993328
28.476000,-0.299995,0.007900,1.050576,0.000223,0.000068,-0.021862,-0.000502,-0.000003,1.570804,-0.300000,1.000000,1.100000,0.000000,0.000000,-1.571000,-0.000005,0.992100,0.049424,0.993331
28.478000,-0.299994,0.007900,1.050532,0.000213,0.000068,-0.021884,-0.000488,-0.000004,1.570804,-0.300000,1.000000,1.100000,0.000000,0.000000,-1.571000,-0.000006,0.992100,0.049468,0.993333
28.480000,-0.299994,0.007900,1.050488,0.000203,0.000068,-0.021907,-0.000474,-0.000004,1.570804,-0.300000,1.000000,1.100000,0.000000,0.000000,-1.571000,-0.000006,0.992100,0.049512,0.993335
28.482000,-0.299994,0.007900,1.050444,0.000194,0.000068,-0.021929,-0.000460,-0.000004,1.570804,-0.300000,1.000000,1.100000,0.000000,0.000000,-1.571000,-0.000006,0.992100,0.049556,0.993337
28.484000,-0.299993,0.007900,1.050400,0.000184,0.000068,-0.021949,-0.000447,-0.000005,1.570804,-0.300000,1.000000,1.100000,0.000000,0.000000,-1.571000,-0.000007,0.992100,0.049600,0.993339
28.486000,-0.299993,0.007901,1.050356,0.000175,0.000067,-0.021967,-0.000434,-0.000005,1.570804,-0.300000,1.000000,1.100000,0.000000,0.000000,-1.571000,-0.000007,0.992099,0.049644,0.993341
28.488000,-0.299992,0.007901,1.050312,0.000167,0.000067,-0.021985,-0.000421,-0.000006,1.570804,-0.300000,1.000000,1.100000,0.000000,0.000000,-1.571000,-0.000008,0.992099,0.049688,0.993343
28.490000,-0.299992,0.007901,1.050268,0.000158,0.000067,-0.022001,-0.000408,-0.000006,1.570804,-0.300000,1.000000,1.100000,0.000000,0.000000,-1.571000,-0.000008,0.992099,0.049732,0.993345
28.492000,-0.299992,0.007901,1.050224,0.000150,0.000067,-0.022016,-0.000396,-0.000007,1.570804,-0.300000,1.000000,1.100000,0.000000,0.000000,-1.571000,-0.000008,0.992099,0.049776,0.993347
28.494000,-0.299992,0.007901,1.050180,0.000142,0.000066,-0.022030,-0.000384,-0.000007,1.570804,-0.300000,1.000000,1.100000,0.000000,0.000000,-1.571000,-0.000008,0.992099,0.049820,0.993349
28.496000,-0.299991,0.007901,1.050136,0.000134,0.000066,-0.022043,-0.000372,-0.000007,1.570803,-0.300000,1.000000,1.100000,0.000000,0.000000,-1.571000,-0.000009,0.992099,0.049864,0.993351
28.498000,-0.299991,0.007901,1.050092,0.000127,0.000066,-0.022055,-0.000360,-0.000008,1.570803,-0.300000,1.000000,1.100000,0.000000,0.000000,-1.571000,-0.000009,0.992099,0.049908,0.993353
28.500000,-0.299991,0.007901,1.050048,0.000120,0.000066,-0.022066,-0.000349,-0.000008,1.570803,-0.300000,1.000000,1.100000,0.000000,0.000000,-1.571000,-0.000009,0.992099,0.049952,0.993355
28.502000,-0.299991,0.007902,1.050004,0.000113,0.000065,-0.022077,-0.000338,-0.000009,1.570803,-0.300000,1.000000,1.100000,0.000000,0.000000,-1.571000,-0.000009,0.992098,0.049996,0.993357
28.504000,-0.299990,0.007902,1.049959,0.000106,0.000065,-0.022087,-0.000326,-0.000009,1.570803,-0.300000,1.000000,1.100000,0.000000,0.000000,-1.571000,-0.000010,0.992098,0.050041,0.993359
28.506000,-0.299990,0.007902,1.049915,0.000099,0.000065,-0.022097,-0.000316,-0.000009,1.570803,-0.300000,1.000000,1.100000,0.000000,0.000000,-1.571000,-0.000010,0.992098,0.050085,0.993362
28.508000,-0.299990,0.007902,1.049871,0.000093,0.000064,-0.022106,-0.000305,-0.000010,1.570803,-0.300000,1.000000,1.100000,0.000000,0.000000,-1.571000,-0.000010,0.992098,0.050129,0.993364
28.510000,-0.299990,0.007902,1.049827,0.000087,0.000064,-0.022115,-0.000294,-0.000010,1.570802,-0.300000,1.000000,1.100000,0.000000,0.000000,-1.571000,-0.000010,0.992098,0.050173,0.993366
28.512000,-0.299990,0.007902,1.049782,0.000081,0.000064,-0.022123,-0.000284,-0.000010,1.570802,-0.300000,1.000000,1.100000,0.000000,0.000000,-1.571000,-0.000010,0.992098,0.050218,0.993368
28.514000,-0.299989,0.007902,1.049738,0.000075,0.000063,-0.022131,-0.000274,-0.000011,1.570802,-0.300000,1.000000,1.100000,0.000000,0.000000,-1.571000,-0.000011,0.992098,0.050262,0.993370
28.516000,-0.299989,0.007902,1.049694,0.000070,0.000063,-0.022139,-0.000264,-0.000011,1.570802,-0.300000,1.000000,1.100000,0.000000,0.000000,-1.571000,-0.000011,0.992098,0.050306,0.993372
28.518000,-0.299989,0.007903,1.049649,0.000065,0.000063,-0.022146,-0.000254,-0.000011,1.570802,-0.300000,1.000000,1.100000,0.000000,0.000000,-1.571000,-0.000011,0.992097,0.050351,0.993374
28.520000,-0.299989,0.007903,1.049605,0.000060,0.000062,-0.022153,-0.000245,-0.000011,1.570801,-0.300000,1.000000,1.100000,0.000000,0.000000,-1.571000,-0.000011,0.992097,0.050395,0.993376
28.522000,-0.299989,0.007903,1.049561,0.000055,0.000062,-0.022159,-0.000236,-0.000011,1.570801,-0.300000,1.000000,1.100000,0.000000,0.000000,-1.571000,-0.000011,0.992097,0.050439,0.993379
28.524000,-0.299989,0.007903,1.049516,0.000050,0.000062,-0.022166,-0.000227,-0.000011,1.570801,-0.300000,1.000000,1.100000,0.000000,0.000000,-1.571000,-0.000011,0.992097,0.050484,0.993381
28.526000,-0.299989,0.007903,1.049472,0.000046,0.000061,-0.022172,-0.000218,-0.000011,1.570801,-0.300000,1.000000,1.100000,0.000000,0.000000,-1.571000,-0.000011,0.992097,0.050528,0.993383
28.528000,-0.299989,0.007903,1.049427,0.000041,0.000061,-0.022178,-0.000209,-0.000011,1.570801,-0.300000,1.000000,1.100000,0.000000,0.000000,-1.571000,-0.000011,0.992097,0.050573,0.993385
28.530000,-0.299989,0.007903,1.049383,0.000037,0.000061,-0.022184,-0.000201,-0.000011,1.570800,-0.300000,1.000000,1.100000,0.000000,0.000000,-1.571000,-0.000011,0.992097,0.050617,0.993387
28.532000,-0.299989,0.007903,1.049339,0.000033,0.000060,-0.022190,-0.000193,-0.000011,1.570800,-0.300000,1.000000,1.100000,0.000000,0.000000,-1.571000,-0.000011,0.992097,0.050661,0.993389
28.534000,-0.299988,0.007904,1.049294,0.000030,0.000060,-0.022195,-0.000185,-0.000011,1.570800,-0.300000,1.000000,1.100000,0.000000,0.000000,-1.571000,-0.000012,0.992096,0.050706,0.993391
28.536000,-0.299988,0.007904,1.049250,0.000026,0.000060,-0.022201,-0.000178,-0.000011,1.570800,-0.300000,1.000000,1.100000,0.000000,0.000000,-1.571000,-0.000012,0.992096,0.050750,0.993393
28.538000,-0.299988,0.007904,1.049205,0.000022,0.000059,-0.022206,-0.000170,-0.000011,1.570799,-0.300000,1.000000,1.100000,0.000000,0.000000,-1.571000,-0.000012,0.992096,0.050795,0.993396
28.540000,-0.299988,0.007904,1.049161,0.000019,0.000059,-0.022211,-0.000163,-0.000011,1.570799,-0.300000,1.000000,1.100000,0.000000,0.000000,-1.571000,-0.000012,0.992096,0.050839,0.993398
28.542000,-0.299988,0.007904,1.049116,0.000016,0.000059,-0.022216,-0.000156,-0.000011,1.570799,-0.300000,1.000000,1.100000,0.000000,0.000000,-1.571000,-0.000012,0.992096,0.050884,0.993400
28.544000,-0.299988,0.007904,1.049072,0.000013,0.000059,-0.022221,-0.000149,-0.000010,1.570799,-0.300000,1.000000,1.100000,0.000000,0.000000,-1.571000,-0.000012,0.992096,0.050928,0.993402
28.546000,-0.299988,0.007904,1.049027,0.000010,0.000058,-0.022226,-0.000143,-0.000010,1.570799,-0.300000,1.000000,1.100000,0.000000,0.000000,-1.571000,-0.000012,0.992096,0.050973,0.993404
28.548000,-0.299988,0.007904,1.048983,0.000007,0.000058,-0.022231,-0.000136,-0.000010,1.570799,-0.300000,1.000000,1.100000,0.000000,0.000000,-1.571000,-0.000012,0.992096,0.051017,0.993406
28.550000,-0.299988,0.007905,1.048938,0.000005,0.000058,-0.022236,-0.000130,-0.000010,1.570799,-0.300000,1.000000,1.100000,0.000000,0.000000,-1.571000,-0.000012,0.992095,0.051062,0.993409
28.552000,-0.299988,0.007905,1.048894,0.000002,0.000057,-0.022241,-0.000124,-0.000010,1.570798,-0.300000,1.000000,1.100000,0.000000,0.000000,-1.571000,-0.000012,0.992095,0.051106,0.993411
28.554000,-0.299988,0.007905,1.048849,-0.000000,0.000057,-0.022245,-0.000119,-0.000009,1.570798,-0.300000,1.000000,1.100000,0.000000,0.000000,-1.571000,-0.000012,0.992095,0.051151,0.993413
28.556000,-0.299988,0.007905,1.048805,-0.000003,0.000057,-0.022250,-0.000113,-0.000009,1.570798,-0.300000,1.000000,1.100000,0.000000,0.000000,-1.571000,-0.000012,0.992095,0.051195,0.993415
28.558000,-0.299988,0.007905,1.048760,-0.000005,0.000056,-0.022254,-0.000108,-0.000009,1.570798,-0.300000,1.000000,1.100000,0.000000,0.000000,-1.571000,-0.000012,0.992095,0.051240,0.993417
28.560000,-0.299988,0.007905,1.048716,-0.000007,0.000056,-0.022259,-0.000103,-0.000009,1.570798,-0.300000,1.000000,1.100000,0.000000,0.000000,-1.571000,-0.000012,0.992095,0.051284,0.993420
28.562000,-0.299988,0.007905,1.048671,-0.000009,0.000056,-0.022263,-0.000098,-0.000009,1.570798,-0.300000,1.000000,1.100000,0.000000,0.000000,-1.571000,-0.000012,0.992095,0.051329,0.993422
28.564000,-0.299988,0.007905,1.048626,-0.000011,0.000056,-0.022269,-0.000093,-0.000009,1.570798,-0.300000,1.000000,1.100000,0.000000,0.000000,-1.571000,-0.000012,0.992095,0.051374,0.993424
28.566000,-0.299988,0.007905,1.048582,-0.000012,0.000055,-0.022274,-0.000088,-0.000008,1.570798,-0.300000,1.000000,1.100000,0.000000,0.000000,-1.571000,-0.000012,0.992095,0.051418,0.993426
28.568000,-0.299988,0.007906,1.048537,-0.000014,0.000055,-0.022280,-0.000084,-0.000008,1.570798,-0.300000,1.000000,1.100000,0.000000,0.000000,-1.571000,-0.000012,0.992094,0.051463,0.993428
28.570000,-0.299988,0.007906,1.048493,-0.000016,0.000055,-0.022287,-0.000080,-0.000008,1.570798,-0.300000,1.000000,1.100000,0.000000,0.000000,-1.571000,-0.000012,0.992094,0.051507,0.993431
28.572000,-0.299988,0.007906,1.048448,-0.000017,0.000055,-0.022294,-0.000075,-0.000008,1.570798,-0.300000,1.000000,1.100000,0.000000,0.000000,-1.571000,-0.000012,0.992094,0.051552,0.993433
28.574000,-0.299988,0.007906,1.048403,-0.000019,0.000054,-0.022301,-0.000071,-0.000008,1.570798,-0.300000,1.000000,1.100000,0.000000,0.000000,-1.571000,-0.000012,0.992094,0.051597,0.993435
28.576000,-0.299988,0.007906,1.048359,-0.000020,0.000054,-0.022308,-0.000068,-0.000008,1.570798,-0.300000,1.000000,1.100000,0.000000,0.000000,-1.571000,-0.000012,0.992094,0.051641,0.993437
28.578000,-0.299988,0.007906,1.048314,-0.000021,0.000054,-0.022315,-0.000064,-0.000008,1.570798,-0.300000,1.000000,1.100000,0.000000,0.000000,-1.571000,-0.000012,0.992094,0.051686,0.993439
28.580000,-0.299989,0.007906,1.048269,-0.000022,0.000054,-0.022323,-0.000060,-0.000007,1.570798,-0.300000,1.000000,1.100000,0.000000,0.000000,-1.571000,-0.000011,0.992094,0.051731,0.993442
28.582000,-0.299989,0.007906,1.048225,-0.000024,0.000053,-0.022331,-0.000057,-0.000007,1.570798,-0.300000,1.000000,1.100000,0.000000,0.000000,-1.571000,-0.000011,0.992094,0.051775,0.993444
28.584000,-0.299989,0.007906,1.048180,-0.000025,0.000053,-0.022339,-0.000053,-0.000007,1.570798,-0.300000,1.000000,1.100000,0.000000,0.000000,-1.571000,-0.000011,0.992094,0.051820,0.993446
28.586000,-0.299989,0.007907,1.048135,-0.000026,0.000053,-0.022348,-0.000050,-0.000007,1.570798,-0.300000,1.000000,1.100000,0.000000,0.000000,-1.571000,-0.000011,0.992093,0.051865,0.993448
28.588000,-0.299989,0.007907,1.048090,-0.000026,0.000053,-0.022356,-0.000047,-0.000007,1.570798,-0.300000,1.000000,1.100000,0.000000,0.000000,-1.571000,-0.000011,0.992093,0.051910,0.993450
28.590000,-0.299989,0.007907,1.048046,-0.000027,0.000052,-0.022365,-0.000043,-0.000007,1.570798,-0.300000,1.000000,1.100000,0.000000,0.000000,-1.571000,-0.000011,0.992093,0.051954,0.993453
28.592000,-0.299989,0.007907,1.048001,-0.000028,0.000052,-0.022373,-0.000040,-0.000007,1.570798,-0.300000,1.000000,1.100000,0.000000,0.000000,-1.571000,-0.000011,0.992093,0.051999,0.993455
28.594000,-0.299989,0.007907,1.047956,-0.000029,0.000052,-0.022382,-0.000038,-0.000007,1.570798,-0.300000,1.000000,1.100000,0.000000,0.000000,-1.571000,-0.000011,0.992093,0.052044,0.993457
28.596000,-0.299989,0.007907,1.047911,-0.000029,0.000052,-0.022391,-0.000035,-0.000007,1.570798,-0.300000,1.000000,1.100000,0.000000,0.000000,-1.571000,-0.000011,0.992093,0.052089,0.993459
28.598000,-0.299989,0.007907,1.047866,-0.000030,0.000051,-0.022400,-0.000032,-0.000007,1.570798,-0.300000,1.000000,1.100000,0.000000,0.000000,-1.571000,-0.000011,0.992093,0.052134,0.993462
28.600000,-0.299989,0.007907,1.047822,-0.000031,0.000051,-0.022409,-0.000030,-0.000007,1.570798,-0.300000,1.000000,1.100000,0.000000,0.000000,-1.571000,-0.000011,0.992093,0.052178,0.993464
28.602000,-0.299989,0.007907,1.047777,-0.000031,0.000051,-0.022418,-0.000027,-0.000007,1.570798,-0.300000,1.000000,1.100000,0.000000,0.000000,-1.571000,-0.000011,0.992093,0.052223,0.993466
28.604000,-0.299989,0.007907,1.047732,-0.000032,0.000051,-0.022427,-0.000025,-0.000007,1.570798,-0.300000,1.000000,1.100000,0.000000,0.000000,-1.571000,-0.000011,0.992093,0.052268,0.993468
28.606000,-0.299989,0.007908,1.047687,-0.000032,0.000051,-0.022436,-0.000022,-0.000007,1.570798,-0.300000,1.000000,1.100000,0.000000,0.000000,-1.571000,-0.000011,0.992092,0.052313,0.993471
28.608000,-0.299989,0.007908,1.047642,-0.000032,0.000050,-0.022445,-0.000020,-0.000007,1.570798,-0.300000,1.000000,1.100000,0.000000,0.000000,-1.571000,-0.000011,0.992092,0.052358,0.993473
28.610000,-0.299989,0.007908,1.047597,-0.000033,0.000050,-0.022455,-0.000018,-0.000007,1.570798,-0.300000,1.000000,1.100000,0.000000,0.000000,-1.571000,-0.000011,0.992092,0.052403,0.993475
28.612000,-0.299989,0.007908,1.047552,-0.000033,0.000050,-0.022464,-0.000016,-0.000007,1.570797,-0.300000,1.000000,1.100000,0.000000,0.000000,-1.571000,-0.000011,0.992092,0.052448,0.993478
28.614000,-0.299990,0.007908,1.047507,-0.000033,0.000050,-0.022473,-0.000014,-0.000007,1.570797,-0.300000,1.000000,1.100000,0.000000,0.000000,-1.571000,-0.000010,0.992092,0.052493,0.993480
28.616000,-0.299990,0.007908,1.047462,-0.000033,0.000049,-0.022483,-0.000013,-0.000007,1.570797,-0.300000,1.000000,1.100000,0.000000,0.000000,-1.571000,-0.000010,0.992092,0.052538,0.993482
28.618000,-0.299990,0.007908,1.047417,-0.000034,0.000049,-0.022492,-0.000011,-0.000007,1.570797,-0.300000,1.000000,1.100000,0.000000,0.000000,-1.571000,-0.000010,0.992092,0.052583,0.993484
28.620000,-0.299990,0.007908,1.047372,-0.000034,0.000049,-0.022501,-0.000010,-0.000007,1.570797,-0.300000,1.000000,1.100000,0.000000,0.000000,-1.571000,-0.000010,0.992092,0.052628,0.993487
28.622000,-0.299990,0.007908,1.047327,-0.000034,0.000049,-0.022511,-0.000008,-0.000007,1.570797,-0.300000,1.000000,1.100000,0.000000,0.000000,-1.571000,-0.000010,0.992092,0.052673,0.993489
28.624000,-0.299990,0.007908,1.047282,-0.000034,0.000048,-0.022520,-0.000007,-0.000007,1.570797,-0.300000,1.000000,1.100000,0.000000,0.000000,-1.571000,-0.000010,0.992092,0.052718,0.993491
28.626000,-0.299990,0.007909,1.047237,-0.000034,0.000048,-0.022529,-0.000006,-0.000007,1.570797,-0.300000,1.000000,1.100000,0.000000,0.000000,-1.571000,-0.000010,0.992091,0.052763,0.993494
28.628000,-0.299990,0.007909,1.047192,-0.000034,0.000048,-0.022539,-0.000005,-0.000007,1.570797,-0.300000,1.000000,1.100000,0.000000,0.000000,-1.571000,-0.000010,0.992091,0.052808,0.993496
28.630000,-0.299990,0.007909,1.047147,-0.000034,0.000048,-0.022548,-0.000004,-0.000007,1.570797,-0.300000,1.000000,1.100000,0.000000,0.000000,-1.571000,-0.000010,0.992091,0.052853,0.993498
28.632000,-0.299990,0.007909,1.047101,-0.000034,0.000048,-0.022558,-0.000003,-0.000007,1.570797,-0.300000,1.000000,1.100000,0.000000,0.000000,-1.571000,-0.000010,0.992091,0.052899,0.993500
28.634000,-0.299990,0.007909,1.047056,-0.000034,0.000047,-0.022567,-0.000002,-0.000006,1.570797,-0.300000,1.000000,1.100000,0.000000,0.000000,-1.571000,-0.000010,0.992091,0.052944,0.993503
28.636000,-0.299990,0.007909,1.047011,-0.000034,0.000047,-0.022576,-0.000002,-0.000006,1.570796,-0.300000,1.000000,1.100000,0.000000,0.000000,-1.571000,-0.000010,0.992091,0.052989,0.993505
28.638000,-0.299990,0.007909,1.046966,-0.000034,0.000047,-0.022586,-0.000001,-0.000006,1.570796,-0.300000,1.000000,1.100000,0.000000,0.000000,-1.571000,-0.000010,0.992091,0.053034,0.993507
28.640000,-0.299990,0.007909,1.046921,-0.000034,0.000047,-0.022595,-0.000001,-0.000006,1.570796,-0.300000,1.000000,1.100000,0.000000,0.000000,-1.571000,-0.000010,0.992091,0.053079,0.993510
28.642000,-0.299990,0.007909,1.046875,-0.000034,0.000047,-0.022604,-0.000000,-0.000005,1.570796,-0.300000,1.000000,1.100000,0.000000,0.000000,-1.571000,-0.000010,0.992091,0.053125,0.993512
28.644000,-0.299991,0.007909,1.046830,-0.000034,0.000046,-0.022614,-0.000000,-0.000005,1.570796,-0.300000,1.000000,1.100000,0.000000,0.000000,-1.571000,-0.000009,0.992091,0.053170,0.993514
28.646000,-0.299991,0.007909,1.046785,-0.000034,0.000046,-0.022623,0.000000,-0.000004,1.570796,-0.300000,1.000000,1.100000,0.000000,0.000000,-1.571000,-0.000009,0.992091,0.053215,0.993517
28.648000,-0.299991,0.007910,1.046739,-0.000034,0.000046,-0.022633,0.000000,-0.000004,1.570796,-0.300000,1.000000,1.100000,0.000000,0.000000,-1.571000,-0.000009,0.992090,0.053261,0.993519
28.650000,-0.299991,0.007910,1.046694,-0.000034,0.000046,-0.022642,0.000000,-0.000004,1.570796,-0.300000,1.000000,1.100000,0.000000,0.000000,-1.571000,-0.000009,0.992090,0.053306,0.993521
28.652000,-0.299991,0.007910,1.046649,-0.000034,0.000046,-0.022651,0.000000,-0.000003,1.570796,-0.300000,1.000000,1.100000,0.000000,0.000000,-1.571000,-0.000009,0.992090,0.053351,0.993524
28.654000,-0.299991,0.007910,1.046603,-0.000034,0.000046,-0.022661,0.000000,-0.000002,1.570796,-0.300000,1.000000,1.100000,0.000000,0.000000,-1.571000,-0.000009,0.992090,0.053397,0.993526
28.656000,-0.299991,0.007910,1.046558,-0.000033,0.000045,-0.022670,0.000000,-0.000002,1.570796,-0.300000,1.000000,1.100000,0.000000,0.000000,-1.571000,-0.000009,0.992090,0.053442,0.993528
28.658000,-0.299991,0.007910,1.046513,-0.000033,0.000045,-0.022679,0.000000,-0.000001,1.570796,-0.300000,1.000000,1.100000,0.000000,0.000000,-1.571000,-0.000009,0.992090,0.053487,0.993531
28.660000,-0.299991,0.007910,1.046467,-0.000033,0.000045,-0.022688,0.000000,-0.000000,1.570796,-0.300000,1.000000,1.100000,0.000000,0.000000,-1.571000,-0.000009,0.992090,0.053533,0.993533
28.662000,-0.299991,0.007910,1.046422,-0.000033,0.000045,-0.022698,0.000000,0.000000,1.570796,-0.300000,1.000000,1.100000,0.000000,0.000000,-1.571000,-0.000009,0.992090,0.053578,0.993535
28.664000,-0.299991,0.007910,1.046376,-0.000033,0.000045,-0.022707,-0.000000,0.000001,1.570796,-0.300000,1.000000,1.100000,0.000000,0.000000,-1.571000,-0.000009,0.992090,0.053624,0.993538
28.666000,-0.299991,0.007910,1.046331,-0.000033,0.000045,-0.022716,-0.000000,0.000002,1.570796,-0.300000,1.000000,1.100000,0.000000,0.000000,-1.571000,-0.000009,0.992090,0.053669,0.993540
28.668000,-0.299991,0.007910,1.046285,-0.000033,0.000045,-0.022725,-0.000000,0.000003,1.570796,-0.300000,1.000000,1.100000,0.000000,0.000000,-1.571000,-0.000009,0.992090,0.053715,0.993543
28.670000,-0.299991,0.007911,1.046240,-0.000033,0.000045,-0.022735,-0.000001,0.000004,1.570796,-0.300000,1.000000,1.100000,0.000000,0.000000,-1.571000,-0.000009,0.992089,0.053760,0.993545
28.672000,-0.299991,0.007911,1.046194,-0.000033,0.000045,-0.022744,-0.000001,0.000005,1.570796,-0.300000,1.000000,1.100000,0.000000,0.000000,-1.571000,-0.000009,0.992089,0.053806,0.993547
28.674000,-0.299992,0.007911,1.046149,-0.000033,0.000045,-0.022753,-0.000001,0.000006,1.570796,-0.300000,1.000000,1.100000,0.000000,0.000000,-1.571000,-0.000008,0.992089,0.053851,0.993550
28.676000,-0.299992,0.007911,1.046103,-0.000033,0.000045,-0.022762,-0.000002,0.000007,1.570796,-0.300000,1.000000,1.100000,0.000000,0.000000,-1.571000,-0.000008,0.992089,0.053897,0.993552
28.678000,-0.299992,0.007911,1.046058,-0.000033,0.000045,-0.022771,-0.000002,0.000008,1.570796,-0.300000,1.000000,1.100000,0.000000,0.000000,-1.571000,-0.000008,0.992089,0.053942,0.993554
28.680000,-0.299992,0.007911,1.046012,-0.000033,0.000045,-0.022780,-0.000002,0.000009,1.570796,-0.300000,1.000000,1.100000,0.000000,0.000000,-1.571000,-0.000008,0.992089,0.053988,0.993557
28.682000,-0.299992,0.007911,1.045966,-0.000033,0.000045,-0.022790,-0.000002,0.000010,1.570796,-0.300000,1.000000,1.100000,0.000000,0.000000,-1.571000,-0.000008,0.992089,0.054034,0.993559
28.684000,-0.299992,0.007911,1.045921,-0.000033,0.000045,-0.022799,-0.000003,0.000011,1.570796,-0.300000,1.000000,1.100000,0.000000,0.000000,-1.571000,-0.000008,0.992089,0.054079,0.993562
28.686000,-0.299992,0.007911,1.045875,-0.000033,0.000045,-0.022808,-0.000003,0.000012,1.570796,-0.300000,1.000000,1.100000,0.000000,0.000000,-1.571000,-0.000008,0.992089,0.054125,0.993564
28.688000,-0.299992,0.007911,1.045829,-0.000033,0.000046,-0.022817,-0.000003,0.000013,1.570796,-0.300000,1.000000,1.100000,0.000000,0.000000,-1.571000,-0.000008,0.992089,0.054171,0.993566
28.690000,-0.299992,0.007911,1.045784,-0.000033,0.000046,-0.022826,-0.000004,0.000014,1.570796,-0.300000,1.000000,1.100000,0.000000,0.000000,-1.571000,-0.000008,0.992089,0.054216,0.993569
28.692000,-0.299992,0.007912,1.045738,-0.000033,0.000046,-0.022835,-0.000004,0.000015,1.570796,-0.300000,1.000000,1.100000,0.000000,0.000000,-1.571000,-0.000008,0.992088,0.054262,0.993571
28.694000,-0.299992,0.007912,1.045692,-0.000033,0.000046,-0.022844,-0.000005,0.000016,1.570796,-0.300000,1.000000,1.100000,0.000000,0.000000,-1.571000,-0.000008,0.992088,0.054308,0.993574
28.696000,-0.299992,0.007912,1.045647,-0.000033,0.000046,-0.022853,-0.000005,0.000017,1.570796,-0.300000,1.000000,1.100000,0.000000,0.000000,-1.571000,-0.000008,0.992088,0.054353,0.993576
28.698000,-0.299992,0.007912,1.045601,-0.000033,0.000047,-0.022862,-0.000005,0.000018,1.570796,-0.300000,1.000000,1.100000,0.000000,0.000000,-1.571000,-0.000008,0.992088,0.054399,0.993578
28.700000,-0.299992,0.007912,1.045555,-0.000033,0.000047,-0.022871,-0.000006,0.000019,1.570796,-0.300000,1.000000,1.100000,0.000000,0.000000,-1.571000,-0.000008,0.992088,0.054445,0.993581
28.702000,-0.299992,0.007912,1.045509,-0.000033,0.000047,-0.022880,-0.000006,0.000019,1.570796,-0.300000,1.000000,1.100000,0.000000,0.000000,-1.571000,-0.000008,0.992088,0.054491,0.993583
28.704000,-0.299993,0.007912,1.045463,-0.000033,0.000048,-0.022889,-0.000006,0.000020,1.570796,-0.300000,1.000000,1.100000,0.000000,0.000000,-1.571000,-0.000007,0.992088,0.054537,0.993586
28.706000,-0.299993,0.007912,1.045418,-0.000033,0.000048,-0.022898,-0.000007,0.000021,1.570796,-0.300000,1.000000,1.100000,0.000000,0.000000,-1.571000,-0.000007,0.992088,0.054582,0.993588
28.708000,-0.299993,0.007912,1.045372,-0.000033,0.000048,-0.022907,-0.000007,0.000021,1.570796,-0.300000,1.000000,1.100000,0.000000,0.000000,-1.571000,-0.000007,0.992088,0.054628,0.993591
28.710000,-0.299993,0.007912,1.045326,-0.000033,0.000048,-0.022916,-0.000008,0.000022,1.570796,-0.300000,1.000000,1.100000,0.000000,0.000000,-1.571000,-0.000007,0.992088,0.054674,0.993593
28.712000,-0.299993,0.007913,1.045280,-0.000033,0.000049,-0.022925,-0.000008,0.000022,1.570796,-0.300000,1.000000,1.100000,0.000000,0.000000,-1.571000,-0.000007,0.992087,0.054720,0.993595
28.714000,-0.299993,0.007913,1.045234,-0.000034,0.000049,-0.022934,-0.000009,0.000023,1.570796,-0.300000,1.000000,1.100000,0.000000,0.000000,-1.571000,-0.000007,0.992087,0.054766,0.993598
28.716000,-0.299993,0.007913,1.045188,-0.000034,0.000050,-0.022942,-0.000009,0.000023,1.570796,-0.300000,1.000000,1.100000,0.000000,0.000000,-1.571000,-0.000007,0.992087,0.054812,0.993600
28.718000,-0.299993,0.007913,1.045142,-0.000034,0.000050,-0.022951,-0.000009,0.000024,1.570796,-0.300000,1.000000,1.100000,0.000000,0.000000,-1.571000,-0.000007,0.992087,0.054858,0.993603
28.720000,-0.299993,0.007913,1.045096,-0.000034,0.000050,-0.022960,-0.000010,0.000024,1.570796,-0.300000,1.000000,1.100000,0.000000,0.000000,-1.571000,-0.000007,0.992087,0.054904,0.993605
28.722000,-0.299993,0.007913,1.045050,-0.000034,0.000051,-0.022969,-0.000010,0.000024,1.570796,-0.300000,1.000000,1.100000,0.000000,0.000000,-1.571000,-0.000007,0.992087,0.054950,0.993608
28.724000,-0.299993,0.007913,1.045004,-0.000034,0.000051,-0.022978,-0.000011,0.000024,1.570796,-0.300000,1.000000,1.100000,0.000000,0.000000,-1.571000,-0.000007,0.992087,0.054996,0.993610
28.726000,-0.299993,0.007913,1.044958,-0.000034,0.000051,-0.022986,-0.000011,0.000024,1.570795,-0.300000,1.000000,1.100000,0.000000,0.000000,-1.571000,-0.000007,0.992087,0.055042,0.993612
28.728000,-0.299993,0.007913,1.044912,-0.000034,0.000052,-0.022995,-0.000011,0.000024,1.570795,-0.300000,1.000000,1.100000,0.000000,0.000000,-1.571000,-0.000007,0.992087,0.055088,0.993615
28.730000,-0.299993,0.007913,1.044866,-0.000035,0.000052,-0.023004,-0.000012,0.000024,1.570795,-0.300000,1.000000,1.100000,0.000000,0.000000,-1.571000,-0.000007,0.992087,0.055134,0.993617
28.732000,-0.299993,0.007914,1.044820,-0.000035,0.000053,-0.023013,-0.000012,0.000024,1.570795,-0.300000,1.000000,1.100000,0.000000,0.000000,-1.571000,-0.000007,0.992086,0.055180,0.993620
28.734000,-0.299994,0.007914,1.044774,-0.000035,0.000053,-0.023021,-0.000013,0.000024,1.570795,-0.300000,1.000000,1.100000,0.000000,0.000000,-1.571000,-0.000006,0.992086,0.055226,0.993622
28.736000,-0.299994,0.007914,1.044728,-0.000035,0.000053,-0.023030,-0.000013,0.000023,1.570795,-0.300000,1.000000,1.100000,0.000000,0.000000,-1.571000,-0.000006,0.992086,0.055272,0.993625
28.738000,-0.299994,0.007914,1.044682,-0.000035,0.000054,-0.023039,-0.000014,0.000023,1.570795,-0.300000,1.000000,1.100000,0.000000,0.000000,-1.571000,-0.000006,0.992086,0.055318,0.993627
28.740000,-0.299994,0.007914,1.044636,-0.000036,0.000054,-0.023048,-0.000014,0.000023,1.570795,-0.300000,1.000000,1.100000,0.000000,0.000000,-1.571000,-0.000006,0.992086,0.055364,0.993630
28.742000,-0.299994,0.007914,1.044589,-0.000036,0.000054,-0.023056,-0.000014,0.000022,1.570795,-0.300000,1.000000,1.100000,0.000000,0.000000,-1.571000,-0.000006,0.992086,0.055411,0.993632
28.744000,-0.299994,0.007914,1.044543,-0.000036,0.000055,-0.023065,-0.000015,0.000022,1.570795,-0.300000,1.000000,1.100000,0.000000,0.000000,-1.571000,-0.000006,0.992086,0.055457,0.993635
28.746000,-0.299994,0.007914,1.044497,-0.000036,0.000055,-0.023073,-0.000015,0.000021,1.570795,-0.300000,1.000000,1.100000,0.000000,0.000000,-1.571000,-0.000006,0.992086,0.055503,0.993637
28.748000,-0.299994,0.007914,1.044451,-0.000036,0.000055,-0.023082,-0.000016,0.000021,1.570795,-0.300000,1.000000,1.100000,0.000000,0.000000,-1.571000,-0.000006,0.992086,0.055549,0.993640
28.750000,-0.299994,0.007915,1.044405,-0.000037,0.000056,-0.023091,-0.000016,0.000020,1.570795,-0.300000,1.000000,1.100000,0.000000,0.000000,-1.571000,-0.000006,0.992085,0.055595,0.993642
28.752000,-0.299994,0.007915,1.044358,-0.000037,0.000056,-0.023099,-0.000017,0.000020,1.570795,-0.300000,1.000000,1.100000,0.000000,0.000000,-1.571000,-0.000006,0.992085,0.055642,0.993645
28.754000,-0.299994,0.007915,1.044312,-0.000037,0.000056,-0.023108,-0.000017,0.000019,1.570795,-0.300000,1.000000,1.100000,0.000000,0.000000,-1.571000,-0.000006,0.992085,0.055688,0.993647
28.756000,-0.299994,0.007915,1.044266,-0.000037,0.000056,-0.023116,-0.000017,0.000019,1.570795,-0.300000,1.000000,1.100000,0.000000,0.000000,-1.571000,-0.000006,0.992085,0.055734,0.993649
28.758000,-0.299994,0.007915,1.044220,-0.000038,0.000057,-0.023125,-0.000018,0.000018,1.570795,-0.300000,1.000000,1.100000,0.000000,0.000000,-1.571000,-0.000006,0.992085,0.055780,0.993652
28.760000,-0.299995,0.007915,1.044173,-0.000038,0.000057,-0.023133,-0.000018,0.000018,1.570795,-0.300000,1.000000,1.100000,0.000000,0.000000,-1.571000,-0.000005,0.992085,0.055827,0.993654
28.762000,-0.299995,0.007915,1.044127,-0.000038,0.000057,-0.023142,-0.000019,0.000017,1.570795,-0.300000,1.000000,1.100000,0.000000,0.000000,-1.571000,-0.000005,0.992085,0.055873,0.993657
28.764000,-0.299995,0.007915,1.044081,-0.000039,0.000057,-0.023150,-0.000019,0.000017,1.570795,-0.300000,1.000000,1.100000,0.000000,0.000000,-1.571000,-0.000005,0.992085,0.055919,0.993659
28.766000,-0.299995,0.007915,1.044034,-0.000039,0.000058,-0.023159,-0.000020,0.000017,1.570795,-0.300000,1.000000,1.100000,0.000000,0.000000,-1.571000,-0.000005,0.992085,0.055966,0.993662
28.768000,-0.299995,0.007916,1.043988,-0.000039,0.000058,-0.023167,-0.000020,0.000016,1.570795,-0.300000,1.000000,1.100000,0.000000,0.000000,-1.571000,-0.000005,0.992084,0.056012,0.993664
28.770000,-0.299995,0.007916,1.043941,-0.000039,0.000058,-0.023176,-0.000020,0.000016,1.570795,-0.300000,1.000000,1.100000,0.000000,0.000000,-1.571000,-0.000005,0.992084,0.056059,0.993667
28.772000,-0.299995,0.007916,1.043895,-0.000040,0.000058,-0.023184,-0.000021,0.000016,1.570795,-0.300000,1.000000,1.100000,0.000000,0.000000,-1.571000,-0.000005,0.992084,0.056105,0.993669
28.774000,-0.299995,0.007916,1.043849,-0.000040,0.000058,-0.023192,-0.000021,0.000015,1.570795,-0.300000,1.000000,1.100000,0.000000,0.000000,-1.571000,-0.000005,0.992084,0.056151,0.993672
28.776000,-0.299995,0.007916,1.043802,-0.000041,0.000059,-0.023201,-0.000022,0.000015,1.570795,-0.300000,1.000000,1.100000,0.000000,0.000000,-1.571000,-0.000005,0.992084,0.056198,0.993674
28.778000,-0.299995,0.007916,1.043756,-0.000041,0.000059,-0.023209,-0.000022,0.000015,1.570795,-0.300000,1.000000,1.100000,0.000000,0.000000,-1.571000,-0.000005,0.992084,0.056244,0.993677
28.780000,-0.299995,0.007916,1.043709,-0.000041,0.000059,-0.023217,-0.000023,0.000015,1.570795,-0.300000,1.000000,1.100000,0.000000,0.000000,-1.571000,-0.000005,0.992084,0.056291,0.993679
28.782000,-0.299995,0.007916,1.043663,-0.000042,0.000059,-0.023226,-0.000023,0.000015,1.570795,-0.300000,1.000000,1.100000,0.000000,0.000000,-1.571000,-0.000005,0.992084,0.056337,0.993682
28.784000,-0.299995,0.007916,1.043616,-0.000042,0.000059,-0.023234,-0.000023,0.000015,1.570795,-0.300000,1.000000,1.100000,0.000000,0.000000,-1.571000,-0.000005,0.992084,0.056384,0.993684
28.786000,-0.299996,0.007917,1.043570,-0.000042,0.000060,-0.023242,-0.000024,0.000015,1.570795,-0.300000,1.000000,1.100000,0.000000,0.000000,-1.571000,-0.000004,0.992083,0.056430,0.993687
28.788000,-0.299996,0.007917,1.043523,-0.000043,0.000060,-0.023251,-0.000024,0.000015,1.570795,-0.300000,1.000000,1.100000,0.000000,0.000000,-1.571000,-0.000004,0.992083,0.056477,0.993690
28.790000,-0.299996,0.007917,1.043477,-0.000043,0.000060,-0.023259,-0.000025,0.000015,1.570795,-0.300000,1.000000,1.100000,0.000000,0.000000,-1.571000,-0.000004,0.992083,0.056523,0.993692
28.792000,-0.299996,0.007917,1.043430,-0.000044,0.000060,-0.023267,-0.000025,0.000015,1.570795,-0.300000,1.000000,1.100000,0.000000,0.000000,-1.571000,-0.000004,0.992083,0.056570,0.993695
28.794000,-0.299996,0.007917,1.043383,-0.000044,0.000060,-0.023275,-0.000026,0.000015,1.570795,-0.300000,1.000000,1.100000,0.000000,0.000000,-1.571000,-0.000004,0.992083,0.056617,0.993697
28.796000,-0.299996,0.007917,1.043337,-0.000044,0.000060,-0.023284,-0.000026,0.000015,1.570795,-0.300000,1.000000,1.100000,0.000000,0.000000,-1.571000,-0.000004,0.992083,0.056663,0.993700
28.798000,-0.299996,0.007917,1.043290,-0.000045,0.000061,-0.023292,-0.000026,0.000015,1.570795,-0.300000,1.000000,1.100000,0.000000,0.000000,-1.571000,-0.000004,0.992083,0.056710,0.993702
28.800000,-0.299996,0.007917,1.043244,-0.000045,0.000061,-0.023300,-0.000027,0.000015,1.570795,-0.300000,1.000000,1.100000,0.000000,0.000000,-1.571000,-0.000004,0.992083,0.056756,0.993705
28.802000,-0.299996,0.007918,1.043197,-0.000046,0.000061,-0.023308,-0.000027,0.000015,1.570795,-0.300000,1.000000,1.100000,0.000000,0.000000,-1.571000,-0.000004,0.992082,0.056803,0.993707
28.804000,-0.299996,0.007918,1.043150,-0.000046,0.000061,-0.023316,-0.000028,0.000015,1.570795,-0.300000,1.000000,1.100000,0.000000,0.000000,-1.571000,-0.000004,0.992082,0.056850,0.993710
28.806000,-0.299996,0.007918,1.043104,-0.000047,0.000061,-0.023325,-0.000028,0.000014,1.570795,-0.300000,1.000000,1.100000,0.000000,0.000000,-1.571000,-0.000004,0.992082,0.056896,0.993712
28.808000,-0.299997,0.007918,1.043057,-0.000047,0.000061,-0.023333,-0.000029,0.000014,1.570795,-0.300000,1.000000,1.100000,0.000000,0.000000,-1.571000,-0.000003,0.992082,0.056943,0.993715
28.810000,-0.299997,0.007918,1.043010,-0.000048,0.000062,-0.023341,-0.000029,0.000014,1.570795,-0.300000,1.000000,1.100000,0.000000,0.000000,-1.571000,-0.000003,0.992082,0.056990,0.993717
28.812000,-0.299997,0.007918,1.042963,-0.000048,0.000062,-0.023349,-0.000029,0.000014,1.570795,-0.300000,1.000000,1.100000,0.000000,0.000000,-1.571000,-0.000003,0.992082,0.057037,0.993720
28.814000,-0.299997,0.007918,1.042917,-0.000048,0.000062,-0.023357,-0.000030,0.000014,1.570795,-0.300000,1.000000,1.100000,0.000000,0.000000,-1.571000,-0.000003,0.992082,0.057083,0.993723
28.816000,-0.299997,0.007918,1.042870,-0.000049,0.000062,-0.023365,-0.000030,0.000013,1.570795,-0.300000,1.000000,1.100000,0.000000,0.000000,-1.571000,-0.000003,0.992082,0.057130,0.993725
28.818000,-0.299997,0.007919,1.042823,-0.000049,0.000062,-0.023373,-0.000031,0.000013,1.570795,-0.300000,1.000000,1.100000,0.000000,0.000000,-1.571000,-0.000003,0.992081,0.057177,0.993728
28.820000,-0.299997,0.007919,1.042776,-0.000050,0.000062,-0.023381,-0.000031,0.000013,1.570795,-0.300000,1.000000,1.100000,0.000000,0.000000,-1.571000,-0.000003,0.992081,0.057224,0.993730
28.822000,-0.299997,0.007919,1.042729,-0.000051,0.000062,-0.023388,-0.000032,0.000012,1.570795,-0.300000,1.000000,1.100000,0.000000,0.000000,-1.571000,-0.000003,0.992081,0.057271,0.993733
28.824000,-0.299997,0.007919,1.042683,-0.000051,0.000063,-0.023392,-0.000032,0.000012,1.570795,-0.300000,1.000000,1.100000,0.000000,0.000000,-1.571000,-0.000003,0.992081,0.057317,0.993735
28.826000,-0.299997,0.007919,1.042636,-0.000052,0.000063,-0.023393,-0.000033,0.000011,1.570795,-0.300000,1.000000,1.100000,0.000000,0.000000,-1.571000,-0.000003,0.992081,0.057364,0.993738
28.828000,-0.299998,0.007919,1.042589,-0.000052,0.000063,-0.023393,-0.000033,0.000011,1.570795,-0.300000,1.000000,1.100000,0.000000,0.000000,-1.571000,-0.000002,0.992081,0.057411,0.993741
28.830000,-0.299998,0.007919,1.042542,-0.000053,0.000063,-0.023390,-0.000033,0.000010,1.570795,-0.300000,1.000000,1.100000,0.000000,0.000000,-1.571000,-0.000002,0.992081,0.057458,0.993743
28.832000,-0.299998,0.007919,1.042495,-0.000053,0.000063,-0.023385,-0.000034,0.000010,1.570795,-0.300000,1.000000,1.100000,0.000000,0.000000,-1.571000,-0.000002,0.992081,0.057505,0.993746
28.834000,-0.299998,0.007920,1.042448,-0.000054,0.000063,-0.023379,-0.000034,0.000009,1.570795,-0.300000,1.000000,1.100000,0.000000,0.000000,-1.571000,-0.000002,0.992080,0.057552,0.993748
28.836000,-0.299998,0.007920,1.042402,-0.000054,0.000063,-0.023372,-0.000035,0.000009,1.570795,-0.300000,1.000000,1.100000,0.000000,0.000000,-1.571000,-0.000002,0.992080,0.057598,0.993751
28.838000,-0.299998,0.007920,1.042355,-0.000055,0.000063,-0.023363,-0.000035,0.000008,1.570795,-0.300000,1.000000,1.100000,0.000000,0.000000,-1.571000,-0.000002,0.992080,0.057645,0.993754
28.840000,-0.299998,0.007920,1.042308,-0.000056,0.000063,-0.023353,-0.000036,0.000008,1.570795,-0.300000,1.000000,1.100000,0.000000,0.000000,-1.571000,-0.000002,0.992080,0.057692,0.993756
28.842000,-0.299998,0.007920,1.042261,-0.000056,0.000063,-0.023341,-0.000036,0.000007,1.570795,-0.300000,1.000000,1.100000,0.000000,0.000000,-1.571000,-0.000002,0.992080,0.057739,0.993759
28.844000,-0.299998,0.007920,1.042215,-0.000057,0.000063,-0.023329,-0.000036,0.000007,1.570795,-0.300000,1.000000,1.100000,0.000000,0.000000,-1.571000,-0.000002,0.992080,0.057785,0.993761
28.846000,-0.299999,0.007920,1.042168,-0.000057,0.000063,-0.023316,-0.000037,0.000006,1.570795,-0.300000,1.000000,1.100000,0.000000,0.000000,-1.571000,-0.000001,0.992080,0.057832,0.993764
28.848000,-0.299999,0.007920,1.042121,-0.000058,0.000063,-0.023302,-0.000037,0.000006,1.570795,-0.300000,1.000000,1.100000,0.000000,0.000000,-1.571000,-0.000001,0.992080,0.057879,0.993766
28.850000,-0.299999,0.007921,1.042075,-0.000059,0.000063,-0.023288,-0.000038,0.000006,1.570795,-0.300000,1.000000,1.100000,0.000000,0.000000,-1.571000,-0.000001,0.992079,0.057925,0.993769
28.852000,-0.299999,0.007921,1.042028,-0.000059,0.000063,-0.023272,-0.000038,0.000005,1.570795,-0.300000,1.000000,1.100000,0.000000,0.000000,-1.571000,-0.000001,0.992079,0.057972,0.993772
28.854000,-0.299999,0.007921,1.041982,-0.000060,0.000063,-0.023257,-0.000039,0.000005,1.570795,-0.300000,1.000000,1.100000,0.000000,0.000000,-1.571000,-0.000001,0.992079,0.058018,0.993774
28.856000,-0.299999,0.007921,1.041935,-0.000060,0.000063,-0.023240,-0.000039,0.000005,1.570795,-0.300000,1.000000,1.100000,0.000000,0.000000,-1.571000,-0.000001,0.992079,0.058065,0.993777
28.858000,-0.299999,0.007921,1.041889,-0.000061,0.000063,-0.023223,-0.000039,0.000004,1.570795,-0.300000,1.000000,1.100000,0.000000,0.000000,-1.571000,-0.000001,0.992079,0.058111,0.993779
28.860000,-0.299999,0.007921,1.041842,-0.000062,0.000063,-0.023206,-0.000040,0.000004,1.570795,-0.300000,1.000000,1.100000,0.000000,0.000000,-1.571000,-0.000001,0.992079,0.058158,0.993782
28.862000,-0.299999,0.007921,1.041796,-0.000062,0.000063,-0.023188,-0.000040,0.000004,1.570795,-0.300000,1.000000,1.100000,0.000000,0.000000,-1.571000,-0.000001,0.992079,0.058204,0.993785
28.864000,-0.300000,0.007921,1.041749,-0.000063,0.000063,-0.023170,-0.000041,0.000004,1.570795,-0.300000,1.000000,1.100000,0.000000,0.000000,-1.571000,-0.000000,0.992079,0.058251,0.993787
28.866000,-0.300000,0.007922,1.041703,-0.000064,0.000063,-0.023152,-0.000041,0.000004,1.570795,-0.300000,1.000000,1.100000,0.000000,0.000000,-1.571000,-0.000000,0.992078,0.058297,0.993790
28.868000,-0.300000,0.007922,1.041657,-0.000064,0.000063,-0.023133,-0.000041,0.000004,1.570795,-0.300000,1.000000,1.100000,0.000000,0.000000,-1.571000,-0.000000,0.992078,0.058343,0.993792
28.870000,-0.300000,0.007922,1.041610,-0.000065,0.000063,-0.023114,-0.000041,0.000004,1.570795,-0.300000,1.000000,1.100000,0.000000,0.000000,-1.571000,-0.000000,0.992078,0.058390,0.993795
28.872000,-0.300000,0.007922,1.041564,-0.000066,0.000063,-0.023095,-0.000042,0.000004,1.570795,-0.300000,1.000000,1.100000,0.000000,0.000000,-1.571000,0.000000,0.992078,0.058436,0.993798
28.874000,-0.300000,0.007922,1.041518,-0.000067,0.000063,-0.023076,-0.000042,0.000004,1.570795,-0.300000,1.000000,1.100000,0.000000,0.000000,-1.571000,0.000000,0.992078,0.058482,0.993800
28.876000,-0.300000,0.007922,1.041472,-0.000067,0.000063,-0.023057,-0.000042,0.000004,1.570795,-0.300000,1.000000,1.100000,0.000000,0.000000,-1.571000,0.000000,0.992078,0.058528,0.993803
28.878000,-0.300001,0.007922,1.041426,-0.000068,0.000063,-0.023037,-0.000042,0.000003,1.570795,-0.300000,1.000000,1.100000,0.000000,0.000000,-1.571000,0.000001,0.992078,0.058574,0.993805
28.880000,-0.300001,0.007922,1.041379,-0.000069,0.000063,-0.023017,-0.000042,0.000003,1.570795,-0.300000,1.000000,1.100000,0.000000,0.000000,-1.571000,0.000001,0.992078,0.058621,0.993808
28.882000,-0.300001,0.007923,1.041333,-0.000069,0.000063,-0.022998,-0.000042,0.000003,1.570794,-0.300000,1.000000,1.100000,0.000000,0.000000,-1.571000,0.000001,0.992077,0.058667,0.993811
28.884000,-0.300001,0.007923,1.041287,-0.000070,0.000063,-0.022980,-0.000041,0.000003,1.570794,-0.300000,1.000000,1.100000,0.000000,0.000000,-1.571000,0.000001,0.992077,0.058713,0.993813
28.886000,-0.300001,0.007923,1.041241,-0.000071,0.000063,-0.022962,-0.000041,0.000003,1.570794,-0.300000,1.000000,1.100000,0.000000,0.000000,-1.571000,0.000001,0.992077,0.058759,0.993816
28.888000,-0.300001,0.007923,1.041195,-0.000071,0.000063,-0.022946,-0.000041,0.000003,1.570794,-0.300000,1.000000,1.100000,0.000000,0.000000,-1.571000,0.000001,0.992077,0.058805,0.993818
28.890000,-0.300001,0.007923,1.041150,-0.000072,0.000062,-0.022930,-0.000041,0.000003,1.570794,-0.300000,1.000000,1.100000,0.000000,0.000000,-1.571000,0.000001,0.992077,0.058850,0.993821
28.892000,-0.300002,0.007923,1.041104,-0.000073,0.000062,-0.022914,-0.000040,0.000003,1.570794,-0.300000,1.000000,1.100000,0.000000,0.000000,-1.571000,0.000002,0.992077,0.058896,0.993824
28.894000,-0.300002,0.007923,1.041058,-0.000073,0.000062,-0.022900,-0.000040,0.000003,1.570794,-0.300000,1.000000,1.100000,0.000000,0.000000,-1.571000,0.000002,0.992077,0.058942,0.993826
28.896000,-0.300002,0.007923,1.041012,-0.000074,0.000062,-0.022885,-0.000039,0.000003,1.570794,-0.300000,1.000000,1.100000,0.000000,0.000000,-1.571000,0.000002,0.992077,0.058988,0.993829
28.898000,-0.300002,0.007924,1.040966,-0.000075,0.000062,-0.022872,-0.000039,0.000003,1.570794,-0.300000,1.000000,1.100000,0.000000,0.000000,-1.571000,0.000002,0.992076,0.059034,0.993831
28.900000,-0.300002,0.007924,1.040920,-0.000075,0.000062,-0.022859,-0.000038,0.000003,1.570794,-0.300000,1.000000,1.100000,0.000000,0.000000,-1.571000,0.000002,0.992076,0.059080,0.993834
28.902000,-0.300002,0.007924,1.040875,-0.000076,0.000062,-0.022846,-0.000038,0.000003,1.570794,-0.300000,1.000000,1.100000,0.000000,0.000000,-1.571000,0.000002,0.992076,0.059125,0.993836
28.904000,-0.300002,0.007924,1.040829,-0.000076,0.000062,-0.022833,-0.000037,0.000003,1.570794,-0.300000,1.000000,1.100000,0.000000,0.000000,-1.571000,0.000002,0.992076,0.059171,0.993839
28.906000,-0.300003,0.007924,1.040783,-0.000077,0.000062,-0.022821,-0.000037,0.000003,1.570794,-0.300000,1.000000,1.100000,0.000000,0.000000,-1.571000,0.000003,0.992076,0.059217,0.993842
28.908000,-0.300003,0.007924,1.040738,-0.000078,0.000062,-0.022810,-0.000036,0.000003,1.570794,-0.300000,1.000000,1.100000,0.000000,0.000000,-1.571000,0.000003,0.992076,0.059262,0.993844
28.910000,-0.300003,0.007924,1.040692,-0.000078,0.000062,-0.022798,-0.000035,0.000002,1.570794,-0.300000,1.000000,1.100000,0.000000,0.000000,-1.571000,0.000003,0.992076,0.059308,0.993847
28.912000,-0.300003,0.007924,1.040646,-0.000079,0.000062,-0.022787,-0.000035,0.000002,1.570794,-0.300000,1.000000,1.100000,0.000000,0.000000,-1.571000,0.000003,0.992076,0.059354,0.993849
28.914000,-0.300003,0.007925,1.040601,-0.000079,0.000062,-0.022776,-0.000034,0.000002,1.570794,-0.300000,1.000000,1.100000,0.000000,0.000000,-1.571000,0.000003,0.992075,0.059399,0.993852
28.916000,-0.300003,0.007925,1.040555,-0.000080,0.000062,-0.022765,-0.000033,0.000002,1.570794,-0.300000,1.000000,1.100000,0.000000,0.000000,-1.571000,0.000003,0.992075,0.059445,0.993855
28.918000,-0.300004,0.007925,1.040510,-0.000080,0.000062,-0.022754,-0.000033,0.000002,1.570794,-0.300000,1.000000,1.100000,0.000000,0.000000,-1.571000,0.000004,0.992075,0.059490,0.993857
28.920000,-0.300004,0.007925,1.040464,-0.000081,0.000062,-0.022744,-0.000032,0.000003,1.570794,-0.300000,1.000000,1.100000,0.000000,0.000000,-1.571000,0.000004,0.992075,0.059536,0.993860
28.922000,-0.300004,0.007925,1.040418,-0.000081,0.000061,-0.022734,-0.000031,0.000003,1.570794,-0.300000,1.000000,1.100000,0.000000,0.000000,-1.571000,0.000004,0.992075,0.059582,0.993862
28.924000,-0.300004,0.007925,1.040373,-0.000082,0.000061,-0.022724,-0.000031,0.000003,1.570794,-0.300000,1.000000,1.100000,0.000000,0.000000,-1.571000,0.000004,0.992075,0.059627,0.993865
28.926000,-0.300004,0.007925,1.040328,-0.000082,0.000061,-0.022714,-0.000030,0.000003,1.570794,-0.300000,1.000000,1.100000,0.000000,0.000000,-1.571000,0.000004,0.992075,0.059672,0.993868
28.928000,-0.300004,0.007925,1.040282,-0.000082,0.000061,-0.022704,-0.000029,0.000003,1.570794,-0.300000,1.000000,1.100000,0.000000,0.000000,-1.571000,0.000004,0.992075,0.059718,0.993870
28.930000,-0.300004,0.007926,1.040237,-0.000083,0.000061,-0.022694,-0.000028,0.000003,1.570794,-0.300000,1.000000,1.100000,0.000000,0.000000,-1.571000,0.000004,0.992074,0.059763,0.993873
28.932000,-0.300005,0.007926,1.040191,-0.000083,0.000061,-0.022684,-0.000028,0.000003,1.570794,-0.300000,1.000000,1.100000,0.000000,0.000000,-1.571000,0.000005,0.992074,0.059809,0.993876
28.934000,-0.300005,0.007926,1.040146,-0.000084,0.000061,-0.022675,-0.000027,0.000003,1.570794,-0.300000,1.000000,1.100000,0.000000,0.000000,-1.571000,0.000005,0.992074,0.059854,0.993878
28.936000,-0.300005,0.007926,1.040100,-0.000084,0.000061,-0.022665,-0.000026,0.000003,1.570794,-0.300000,1.000000,1.100000,0.000000,0.000000,-1.571000,0.000005,0.992074,0.059900,0.993881
28.938000,-0.300005,0.007926,1.040055,-0.000084,0.000061,-0.022656,-0.000025,0.000003,1.570794,-0.300000,1.000000,1.100000,0.000000,0.000000,-1.571000,0.000005,0.992074,0.059945,0.993883
28.940000,-0.300005,0.007926,1.040010,-0.000085,0.000061,-0.022647,-0.000025,0.000003,1.570794,-0.300000,1.000000,1.100000,0.000000,0.000000,-1.571000,0.000005,0.992074,0.059990,0.993886
28.942000,-0.300006,0.007926,1.039964,-0.000085,0.000061,-0.022638,-0.000024,0.000003,1.570794,-0.300000,1.000000,1.100000,0.000000,0.000000,-1.571000,0.000006,0.992074,0.060036,0.993889
28.944000,-0.300006,0.007926,1.039919,-0.000085,0.000061,-0.022629,-0.000023,0.000003,1.570794,-0.300000,1.000000,1.100000,0.000000,0.000000,-1.571000,0.000006,0.992074,0.060081,0.993891
28.946000,-0.300006,0.007927,1.039874,-0.000086,0.000061,-0.022620,-0.000022,0.000003,1.570794,-0.300000,1.000000,1.100000,0.000000,0.000000,-1.571000,0.000006,0.992073,0.060126,0.993894
28.948000,-0.300006,0.007927,1.039829,-0.000086,0.000061,-0.022610,-0.000021,0.000003,1.570794,-0.300000,1.000000,1.100000,0.000000,0.000000,-1.571000,0.000006,0.992073,0.060171,0.993896
28.950000,-0.300006,0.007927,1.039783,-0.000086,0.000061,-0.022602,-0.000021,0.000002,1.570794,-0.300000,1.000000,1.100000,0.000000,0.000000,-1.571000,0.000006,0.992073,0.060217,0.993899
28.952000,-0.300006,0.007927,1.039738,-0.000086,0.000061,-0.022593,-0.000020,0.000002,1.570794,-0.300000,1.000000,1.100000,0.000000,0.000000,-1.571000,0.000006,0.992073,0.060262,0.993902
28.954000,-0.300007,0.007927,1.039693,-0.000087,0.000061,-0.022584,-0.000019,0.000002,1.570794,-0.300000,1.000000,1.100000,0.000000,0.000000,-1.571000,0.000007,0.992073,0.060307,0.993904
28.956000,-0.300007,0.007927,1.039648,-0.000087,0.000060,-0.022575,-0.000018,0.000002,1.570794,-0.300000,1.000000,1.100000,0.000000,0.000000,-1.571000,0.000007,0.992073,0.060352,0.993907
28.958000,-0.300007,0.007927,1.039602,-0.000087,0.000060,-0.022566,-0.000017,0.000001,1.570794,-0.300000,1.000000,1.100000,0.000000,0.000000,-1.571000,0.000007,0.992073,0.060398,0.993910
28.960000,-0.300007,0.007927,1.039557,-0.000087,0.000060,-0.022557,-0.000017,0.000001,1.570794,-0.300000,1.000000,1.100000,0.000000,0.000000,-1.571000,0.000007,0.992073,0.060443,0.993912
28.962000,-0.300007,0.007927,1.039512,-0.000087,0.000060,-0.022549,-0.000016,0.000001,1.570794,-0.300000,1.000000,1.100000,0.000000,0.000000,-1.571000,0.000007,0.992073,0.060488,0.993915
28.964000,-0.300007,0.007928,1.039467,-0.000087,0.000060,-0.022540,-0.000015,0.000001,1.570794,-0.300000,1.000000,1.100000,0.000000,0.000000,-1.571000,0.000007,0.992072,0.060533,0.993917
28.966000,-0.300008,0.007928,1.039422,-0.000088,0.000060,-0.022531,-0.000014,0.000001,1.570794,-0.300000,1.000000,1.100000,0.000000,0.000000,-1.571000,0.000008,0.992072,0.060578,0.993920
28.968000,-0.300008,0.007928,1.039377,-0.000088,0.000060,-0.022523,-0.000014,0.000000,1.570794,-0.300000,1.000000,1.100000,0.000000,0.000000,-1.571000,0.000008,0.992072,0.060623,0.993923
28.970000,-0.300008,0.007928,1.039332,-0.000088,0.000060,-0.022514,-0.000013,0.000000,1.570794,-0.300000,1.000000,1.100000,0.000000,0.000000,-1.571000,0.000008,0.992072,0.060668,0.993925
28.972000,-0.300008,0.007928,1.039287,-0.000088,0.000060,-0.022506,-0.000012,0.000000,1.570794,-0.300000,1.000000,1.100000,0.000000,0.000000,-1.571000,0.000008,0.992072,0.060713,0.993928
28.974000,-0.300008,0.007928,1.039242,-0.000088,0.000060,-0.022497,-0.000011,-0.000000,1.570794,-0.300000,1.000000,1.100000,0.000000,0.000000,-1.571000,0.000008,0.992072,0.060758,0.993931
28.976000,-0.300008,0.007928,1.039197,-0.000088,0.000060,-0.022489,-0.000010,-0.000000,1.570794,-0.300000,1.000000,1.100000,0.000000,0.000000,-1.571000,0.000008,0.992072,0.060803,0.993933
28.978000,-0.300009,0.007928,1.039152,-0.000088,0.000059,-0.022480,-0.000010,-0.000000,1.570794,-0.300000,1.000000,1.100000,0.000000,0.000000,-1.571000,0.000009,0.992072,0.060848,0.993936
28.980000,-0.300009,0.007929,1.039107,-0.000088,0.000059,-0.022472,-0.000009,-0.000000,1.570794,-0.300000,1.000000,1.100000,0.000000,0.000000,-1.571000,0.000009,0.992071,0.060893,0.993938
28.982000,-0.300009,0.007929,1.039062,-0.000088,0.000059,-0.022463,-0.000008,-0.000000,1.570794,-0.300000,1.000000,1.100000,0.000000,0.000000,-1.571000,0.000009,0.992071,0.060938,0.993941
28.984000,-0.300009,0.007929,1.039017,-0.000088,0.000059,-0.022455,-0.000007,0.000000,1.570794,-0.300000,1.000000,1.100000,0.000000,0.000000,-1.571000,0.000009,0.992071,0.060983,0.993944
28.986000,-0.300009,0.007929,1.038972,-0.000088,0.000059,-0.022447,-0.000006,0.000000,1.570794,-0.300000,1.000000,1.100000,0.000000,0.000000,-1.571000,0.000009,0.992071,0.061028,0.993946
28.988000,-0.300010,0.007929,1.038927,-0.000088,0.000059,-0.022438,-0.000005,0.000000,1.570794,-0.300000,1.000000,1.100000,0.000000,0.000000,-1.571000,0.000010,0.992071,0.061073,0.993949
28.990000,-0.300010,0.007929,1.038882,-0.000088,0.000059,-0.022430,-0.000005,0.000000,1.570794,-0.300000,1.000000,1.100000,0.000000,0.000000,-1.571000,0.000010,0.992071,0.061118,0.993952
28.992000,-0.300010,0.007929,1.038837,-0.000088,0.000059,-0.022422,-0.000004,0.000000,1.570794,-0.300000,1.000000,1.100000,0.000000,0.000000,-1.571000,0.000010,0.992071,0.061163,0.993954
28.994000,-0.300010,0.007929,1.038792,-0.000088,0.000059,-0.022413,-0.000003,0.000001,1.570794,-0.300000,1.000000,1.100000,0.000000,0.000000,-1.571000,0.000010,0.992071,0.061208,0.993957
28.996000,-0.300010,0.007930,1.038747,-0.000088,0.000058,-0.022405,-0.000002,0.000001,1.570794,-0.300000,1.000000,1.100000,0.000000,0.000000,-1.571000,0.000010,0.992070,0.061253,0.993960
28.998000,-0.300010,0.007930,1.038702,-0.000088,0.000058,-0.022397,-0.000001,0.000001,1.570794,-0.300000,1.000000,1.100000,0.000000,0.000000,-1.571000,0.000010,0.992070,0.061298,0.993962
29.000000,-0.300011,0.007930,1.038658,-0.000087,0.000058,-0.022389,-0.000001,0.000001,1.570795,-0.300000,1.000000,1.100000,0.000000,0.000000,-1.571000,0.000011,0.992070,0.061342,0.993965
29.002000,-0.300011,0.007930,1.038613,-0.000087,0.000058,-0.022380,0.000000,0.000001,1.570795,-0.300000,1.000000,1.100000,0.000000,0.000000,-1.571000,0.000011,0.992070,0.061387,0.993968
29.004000,-0.300011,0.007930,1.038568,-0.000087,0.000058,-0.022372,0.000001,0.000001,1.570795,-0.300000,1.000000,1.100000,0.000000,0.000000,-1.571000,0.000011,0.992070,0.061432,0.993970
29.006000,-0.300011,0.007930,1.038523,-0.000087,0.000058,-0.022364,0.000002,0.000001,1.570795,-0.300000,1.000000,1.100000,0.000000,0.000000,-1.571000,0.000011,0.992070,0.061477,0.993973
29.008000,-0.300011,0.007930,1.038478,-0.000087,0.000058,-0.022356,0.000003,0.000001,1.570795,-0.300000,1.000000,1.100000,0.000000,0.000000,-1.571000,0.000011,0.992070,0.061522,0.993976
29.010000,-0.300011,0.007930,1.038434,-0.000086,0.000058,-0.022348,0.000003,0.000000,1.570795,-0.300000,1.000000,1.100000,0.000000,0.000000,-1.571000,0.000011,0.992070,0.061566,0.993978
29.012000,-0.300012,0.007930,1.038389,-0.000086,0.000058,-0.022340,0.000004,0.000000,1.570795,-0.300000,1.000000,1.100000,0.000000,0.000000,-1.571000,0.000012,0.992070,0.061611,0.993981
29.014000,-0.300012,0.007931,1.038344,-0.000086,0.000058,-0.022331,0.000005,0.000000,1.570795,-0.300000,1.000000,1.100000,0.000000,0.000000,-1.571000,0.000012,0.992069,0.061656,0.993983
29.016000,-0.300012,0.007931,1.038300,-0.000086,0.000057,-0.022323,0.000006,-0.000000,1.570795,-0.300000,1.000000,1.100000,0.000000,0.000000,-1.571000,0.000012,0.992069,0.061700,0.993986
29.018000,-0.300012,0.007931,1.038255,-0.000085,0.000057,-0.022315,0.000007,-0.000000,1.570795,-0.300000,1.000000,1.100000,0.000000,0.000000,-1.571000,0.000012,0.992069,0.061745,0.993989
29.020000,-0.300012,0.007931,1.038210,-0.000085,0.000057,-0.022307,0.000007,-0.000000,1.570795,-0.300000,1.000000,1.100000,0.000000,0.000000,-1.571000,0.000012,0.992069,0.061790,0.993991
29.022000,-0.300012,0.007931,1.038166,-0.000085,0.000057,-0.022299,0.000008,-0.000000,1.570795,-0.300000,1.000000,1.100000,0.000000,0.000000,-1.571000,0.000012,0.992069,0.061834,0.993994
29.024000,-0.300013,0.007931,1.038121,-0.000085,0.000057,-0.022291,0.000009,-0.000001,1.570795,-0.300000,1.000000,1.100000,0.000000,0.000000,-1.571000,0.000013,0.992069,0.061879,0.993997
29.026000,-0.300013,0.007931,1.038076,-0.000084,0.000057,-0.022283,0.000010,-0.000001,1.570795,-0.300000,1.000000,1.100000,0.000000,0.000000,-1.571000,0.000013,0.992069,0.061924,0.993999
29.028000,-0.300013,0.007931,1.038032,-0.000084,0.000057,-0.022275,0.000011,-0.000001,1.570795,-0.300000,1.000000,1.100000,0.000000,0.000000,-1.571000,0.000013,0.992069,0.061968,0.994002
29.030000,-0.300013,0.007931,1.037987,-0.000083,0.000057,-0.022267,0.000011,-0.000001,1.570795,-0.300000,1.000000,1.100000,0.000000,0.000000,-1.571000,0.000013,0.992069,0.062013,0.994005
29.032000,-0.300013,0.007932,1.037943,-0.000083,0.000057,-0.022259,0.000012,-0.000001,1.570795,-0.300000,1.000000,1.100000,0.000000,0.000000,-1.571000,0.000013,0.992068,0.062057,0.994007
29.034000,-0.300013,0.007932,1.037898,-0.000083,0.000056,-0.022251,0.000013,-0.000001,1.570795,-0.300000,1.000000,1.100000,0.000000,0.000000,-1.571000,0.000013,0.992068,0.062102,0.994010
29.036000,-0.300014,0.007932,1.037853,-0.000082,0.000056,-0.022243,0.000014,-0.000001,1.570796,-0.300000,1.000000,1.100000,0.000000,0.000000,-1.571000,0.000014,0.992068,0.062147,0.994013
29.038000,-0.300014,0.007932,1.037809,-0.000082,0.000056,-0.022235,0.000015,-0.000001,1.570796,-0.300000,1.000000,1.100000,0.000000,0.000000,-1.571000,0.000014,0.992068,0.062191,0.994015
29.040000,-0.300014,0.007932,1.037764,-0.000081,0.000056,-0.022227,0.000015,-0.000000,1.570796,-0.300000,1.000000,1.100000,0.000000,0.000000,-1.571000,0.000014,0.992068,0.062236,0.994018
29.042000,-0.300014,0.007932,1.037720,-0.000081,0.000056,-0.022219,0.000016,-0.000000,1.570796,-0.300000,1.000000,1.100000,0.000000,0.000000,-1.571000,0.000014,0.992068,0.062280,0.994021
29.044000,-0.300014,0.007932,1.037676,-0.000081,0.000056,-0.022212,0.000017,-0.000000,1.570796,-0.300000,1.000000,1.100000,0.000000,0.000000,-1.571000,0.000014,0.992068,0.062324,0.994024
29.046000,-0.300014,0.007932,1.037631,-0.000080,0.000056,-0.022204,0.000018,0.000000,1.570796,-0.300000,1.000000,1.100000,0.000000,0.000000,-1.571000,0.000014,0.992068,0.062369,0.994026
29.048000,-0.300015,0.007932,1.037587,-0.000080,0.000056,-0.022196,0.000019,0.000000,1.570796,-0.300000,1.000000,1.100000,0.000000,0.000000,-1.571000,0.000015,0.992068,0.062413,0.994029
29.050000,-0.300015,0.007933,1.037542,-0.000079,0.000056,-0.022188,0.000019,0.000001,1.570796,-0.300000,1.000000,1.100000,0.000000,0.000000,-1.571000,0.000015,0.992067,0.062458,0.994032
29.052000,-0.300015,0.007933,1.037498,-0.000078,0.000055,-0.022180,0.000020,0.000001,1.570796,-0.300000,1.000000,1.100000,0.000000,0.000000,-1.571000,0.000015,0.992067,0.062502,0.994034
29.054000,-0.300015,0.007933,1.037453,-0.000078,0.000055,-0.022172,0.000021,0.000001,1.570796,-0.300000,1.000000,1.100000,0.000000,0.000000,-1.571000,0.000015,0.992067,0.062547,0.994037
29.056000,-0.300015,0.007933,1.037409,-0.000077,0.000055,-0.022165,0.000022,0.000001,1.570796,-0.300000,1.000000,1.100000,0.000000,0.000000,-1.571000,0.000015,0.992067,0.062591,0.994040
29.058000,-0.300015,0.007933,1.037365,-0.000077,0.000055,-0.022157,0.000023,0.000001,1.570796,-0.300000,1.000000,1.100000,0.000000,0.000000,-1.571000,0.000015,0.992067,0.062635,0.994042
29.060000,-0.300016,0.007933,1.037320,-0.000076,0.000055,-0.022149,0.000024,0.000001,1.570796,-0.300000,1.000000,1.100000,0.000000,0.000000,-1.571000,0.000016,0.992067,0.062680,0.994045
29.062000,-0.300016,0.007933,1.037276,-0.000076,0.000055,-0.022141,0.000024,0.000002,1.570796,-0.300000,1.000000,1.100000,0.000000,0.000000,-1.571000,0.000016,0.992067,0.062724,0.994048
29.064000,-0.300016,0.007933,1.037232,-0.000075,0.000055,-0.022134,0.000025,0.000002,1.570796,-0.300000,1.000000,1.100000,0.000000,0.000000,-1.571000,0.000016,0.992067,0.062768,0.994050
29.066000,-0.300016,0.007933,1.037187,-0.000074,0.000055,-0.022126,0.000026,0.000002,1.570796,-0.300000,1.000000,1.100000,0.000000,0.000000,-1.571000,0.000016,0.992067,0.062813,0.994053
29.068000,-0.300016,0.007934,1.037143,-0.000074,0.000055,-0.022118,0.000027,0.000002,1.570796,-0.300000,1.000000,1.100000,0.000000,0.000000,-1.571000,0.000016,0.992066,0.062857,0.994056
29.070000,-0.300016,0.007934,1.037099,-0.000073,0.000055,-0.022111,0.000028,0.000002,1.570796,-0.300000,1.000000,1.100000,0.000000,0.000000,-1.571000,0.000016,0.992066,0.062901,0.994058
29.072000,-0.300016,0.007934,1.037055,-0.000072,0.000055,-0.022103,0.000028,0.000001,1.570796,-0.300000,1.000000,1.100000,0.000000,0.000000,-1.571000,0.000016,0.992066,0.062945,0.994061
29.074000,-0.300017,0.007934,1.037010,-0.000072,0.000055,-0.022095,0.000029,0.000001,1.570796,-0.300000,1.000000,1.100000,0.000000,0.000000,-1.571000,0.000017,0.992066,0.062990,0.994064
29.076000,-0.300017,0.007934,1.036966,-0.000071,0.000055,-0.022088,0.000030,0.000001,1.570796,-0.300000,1.000000,1.100000,0.000000,0.000000,-1.571000,0.000017,0.992066,0.063034,0.994066
29.078000,-0.300017,0.007934,1.036922,-0.000070,0.000054,-0.022080,0.000031,0.000001,1.570796,-0.300000,1.000000,1.100000,0.000000,0.000000,-1.571000,0.000017,0.992066,0.063078,0.994069
29.080000,-0.300017,0.007934,1.036878,-0.000069,0.000054,-0.022072,0.000032,0.000001,1.570796,-0.300000,1.000000,1.100000,0.000000,0.000000,-1.571000,0.000017,0.992066,0.063122,0.994072
29.082000,-0.300017,0.007934,1.036834,-0.000069,0.000054,-0.022064,0.000032,0.000000,1.570796,-0.300000,1.000000,1.100000,0.000000,0.000000,-1.571000,0.000017,0.992066,0.063166,0.994075
29.084000,-0.300017,0.007934,1.036789,-0.000068,0.000054,-0.022054,0.000033,0.000000,1.570796,-0.300000,1.000000,1.100000,0.000000,0.000000,-1.571000,0.000017,0.992066,0.063211,0.994077
29.086000,-0.300017,0.007935,1.036745,-0.000067,0.000054,-0.022044,0.000034,-0.000000,1.570796,-0.300000,1.000000,1.100000,0.000000,0.000000,-1.571000,0.000017,0.992065,0.063255,0.994080
29.088000,-0.300018,0.007935,1.036701,-0.000066,0.000054,-0.022032,0.000035,-0.000000,1.570796,-0.300000,1.000000,1.100000,0.000000,0.000000,-1.571000,0.000018,0.992065,0.063299,0.994083
29.090000,-0.300018,0.007935,1.036657,-0.000066,0.000054,-0.022019,0.000036,-0.000001,1.570796,-0.300000,1.000000,1.100000,0.000000,0.000000,-1.571000,0.000018,0.992065,0.063343,0.994085
29.092000,-0.300018,0.007935,1.036613,-0.000065,0.000054,-0.022005,0.000036,-0.000001,1.570796,-0.300000,1.000000,1.100000,0.000000,0.000000,-1.571000,0.000018,0.992065,0.063387,0.994088
29.094000,-0.300018,0.007935,1.036569,-0.000064,0.000054,-0.021991,0.000037,-0.000001,1.570796,-0.300000,1.000000,1.100000,0.000000,0.000000,-1.571000,0.000018,0.992065,0.063431,0.994091
29.096000,-0.300018,0.007935,1.036525,-0.000063,0.000054,-0.021975,0.000038,-0.000001,1.570796,-0.300000,1.000000,1.100000,0.000000,0.000000,-1.571000,0.000018,0.992065,0.063475,0.994093
29.098000,-0.300018,0.007935,1.036481,-0.000062,0.000053,-0.021959,0.000039,-0.000001,1.570796,-0.300000,1.000000,1.100000,0.000000,0.000000,-1.571000,0.000018,0.992065,0.063519,0.994096
29.100000,-0.300018,0.007935,1.036437,-0.000061,0.000053,-0.021943,0.000040,-0.000002,1.570796,-0.300000,1.000000,1.100000,0.000000,0.000000,-1.571000,0.000018,0.992065,0.063563,0.994099
29.102000,-0.300018,0.007935,1.036393,-0.000060,0.000053,-0.021926,0.000040,-0.000002,1.570796,-0.300000,1.000000,1.100000,0.000000,0.000000,-1.571000,0.000018,0.992065,0.063607,0.994102
29.104000,-0.300019,0.007936,1.036349,-0.000060,0.000053,-0.021908,0.000041,-0.000002,1.570796,-0.300000,1.000000,1.100000,0.000000,0.000000,-1.571000,0.000019,0.992064,0.063651,0.994104
29.106000,-0.300019,0.007936,1.036305,-0.000059,0.000053,-0.021891,0.000042,-0.000002,1.570796,-0.300000,1.000000,1.100000,0.000000,0.000000,-1.571000,0.000019,0.992064,0.063695,0.994107
29.108000,-0.300019,0.007936,1.036262,-0.000058,0.000053,-0.021872,0.000043,-0.000002,1.570796,-0.300000,1.000000,1.100000,0.000000,0.000000,-1.571000,0.000019,0.992064,0.063738,0.994110
29.110000,-0.300019,0.007936,1.036218,-0.000057,0.000053,-0.021854,0.000043,-0.000002,1.570796,-0.300000,1.000000,1.100000,0.000000,0.000000,-1.571000,0.000019,0.992064,0.063782,0.994112
29.112000,-0.300019,0.007936,1.036174,-0.000056,0.000052,-0.021835,0.000044,-0.000002,1.570796,-0.300000,1.000000,1.100000,0.000000,0.000000,-1.571000,0.000019,0.992064,0.063826,0.994115
29.114000,-0.300019,0.007936,1.036130,-0.000055,0.000052,-0.021816,0.000044,-0.000002,1.570796,-0.300000,1.000000,1.100000,0.000000,0.000000,-1.571000,0.000019,0.992064,0.063870,0.994118
29.116000,-0.300019,0.007936,1.036087,-0.000054,0.000052,-0.021796,0.000045,-0.000002,1.570796,-0.300000,1.000000,1.100000,0.000000,0.000000,-1.571000,0.000019,0.992064,0.063913,0.994120
29.118000,-0.300019,0.007936,1.036043,-0.000053,0.000052,-0.021776,0.000045,-0.000002,1.570797,-0.300000,1.000000,1.100000,0.000000,0.000000,-1.571000,0.000019,0.992064,0.063957,0.994123
29.120000,-0.300019,0.007936,1.036000,-0.000052,0.000052,-0.021757,0.000046,-0.000002,1.570797,-0.300000,1.000000,1.100000,0.000000,0.000000,-1.571000,0.000019,0.992064,0.064000,0.994126
29.122000,-0.300020,0.007936,1.035956,-0.000051,0.000052,-0.021737,0.000046,-0.000003,1.570797,-0.300000,1.000000,1.100000,0.000000,0.000000,-1.571000,0.000020,0.992064,0.064044,0.994129
29.124000,-0.300020,0.007937,1.035913,-0.000050,0.000052,-0.021716,0.000046,-0.000003,1.570797,-0.300000,1.000000,1.100000,0.000000,0.000000,-1.571000,0.000020,0.992063,0.064087,0.994131
29.126000,-0.300020,0.007937,1.035869,-0.000049,0.000051,-0.021696,0.000047,-0.000003,1.570797,-0.300000,1.000000,1.100000,0.000000,0.000000,-1.571000,0.000020,0.992063,0.064131,0.994134
29.128000,-0.300020,0.007937,1.035826,-0.000048,0.000051,-0.021676,0.000047,-0.000003,1.570797,-0.300000,1.000000,1.100000,0.000000,0.000000,-1.571000,0.000020,0.992063,0.064174,0.994137
29.130000,-0.300020,0.007937,1.035782,-0.000047,0.000051,-0.021655,0.000047,-0.000003,1.570797,-0.300000,1.000000,1.100000,0.000000,0.000000,-1.571000,0.000020,0.992063,0.064218,0.994139
29.132000,-0.300020,0.007937,1.035739,-0.000046,0.000051,-0.021634,0.000047,-0.000003,1.570797,-0.300000,1.000000,1.100000,0.000000,0.000000,-1.571000,0.000020,0.992063,0.064261,0.994142
29.134000,-0.300020,0.007937,1.035696,-0.000045,0.000051,-0.021614,0.000047,-0.000003,1.570797,-0.300000,1.000000,1.100000,0.000000,0.000000,-1.571000,0.000020,0.992063,0.064304,0.994145
29.136000,-0.300020,0.007937,1.035653,-0.000044,0.000051,-0.021593,0.000046,-0.000003,1.570797,-0.300000,1.000000,1.100000,0.000000,0.000000,-1.571000,0.000020,0.992063,0.064347,0.994147
29.138000,-0.300020,0.007937,1.035609,-0.000043,0.000051,-0.021572,0.000046,-0.000003,1.570797,-0.300000,1.000000,1.100000,0.000000,0.000000,-1.571000,0.000020,0.992063,0.064391,0.994150
29.140000,-0.300020,0.007937,1.035566,-0.000042,0.000050,-0.021551,0.000046,-0.000003,1.570797,-0.300000,1.000000,1.100000,0.000000,0.000000,-1.571000,0.000020,0.992063,0.064434,0.994153
29.142000,-0.300020,0.007938,1.035523,-0.000041,0.000050,-0.021530,0.000045,-0.000003,1.570797,-0.300000,1.000000,1.100000,0.000000,0.000000,-1.571000,0.000020,0.992062,0.064477,0.994156
29.144000,-0.300021,0.007938,1.035480,-0.000040,0.000050,-0.021509,0.000045,-0.000003,1.570797,-0.300000,1.000000,1.100000,0.000000,0.000000,-1.571000,0.000021,0.992062,0.064520,0.994158
29.146000,-0.300021,0.007938,1.035437,-0.000039,0.000050,-0.021489,0.000045,-0.000003,1.570797,-0.300000,1.000000,1.100000,0.000000,0.000000,-1.571000,0.000021,0.992062,0.064563,0.994161
29.148000,-0.300021,0.007938,1.035394,-0.000038,0.000050,-0.021468,0.000044,-0.000003,1.570797,-0.300000,1.000000,1.100000,0.000000,0.000000,-1.571000,0.000021,0.992062,0.064606,0.994164
29.150000,-0.300021,0.007938,1.035351,-0.000037,0.000050,-0.021447,0.000044,-0.000003,1.570797,-0.300000,1.000000,1.100000,0.000000,0.000000,-1.571000,0.000021,0.992062,0.064649,0.994166
29.152000,-0.300021,0.007938,1.035308,-0.000036,0.000050,-0.021426,0.000043,-0.000003,1.570797,-0.300000,1.000000,1.100000,0.000000,0.000000,-1.571000,0.000021,0.992062,0.064692,0.994169
29.154000,-0.300021,0.007938,1.035265,-0.000035,0.000049,-0.021404,0.000042,-0.000003,1.570797,-0.300000,1.000000,1.100000,0.000000,0.000000,-1.571000,0.000021,0.992062,0.064735,0.994172
29.156000,-0.300021,0.007938,1.035222,-0.000034,0.000049,-0.021383,0.000042,-0.000003,1.570797,-0.300000,1.000000,1.100000,0.000000,0.000000,-1.571000,0.000021,0.992062,0.064778,0.994174
29.158000,-0.300021,0.007938,1.035180,-0.000034,0.000049,-0.021362,0.000041,-0.000003,1.570797,-0.300000,1.000000,1.100000,0.000000,0.000000,-1.571000,0.000021,0.992062,0.064820,0.994177
29.160000,-0.300021,0.007938,1.035137,-0.000033,0.000049,-0.021341,0.000040,-0.000002,1.570797,-0.300000,1.000000,1.100000,0.000000,0.000000,-1.571000,0.000021,0.992062,0.064863,0.994180
29.162000,-0.300021,0.007938,1.035094,-0.000032,0.000049,-0.021320,0.000039,-0.000002,1.570797,-0.300000,1.000000,1.100000,0.000000,0.000000,-1.571000,0.000021,0.992062,0.064906,0.994182
29.164000,-0.300021,0.007939,1.035052,-0.000031,0.000049,-0.021297,0.000039,-0.000002,1.570797,-0.300000,1.000000,1.100000,0.000000,0.000000,-1.571000,0.000021,0.992061,0.064948,0.994185
29.166000,-0.300021,0.007939,1.035009,-0.000030,0.000049,-0.021274,0.000038,-0.000002,1.570797,-0.300000,1.000000,1.100000,0.000000,0.000000,-1.571000,0.000021,0.992061,0.064991,0.994188
29.168000,-0.300021,0.007939,1.034966,-0.000029,0.000048,-0.021249,0.000037,-0.000001,1.570797,-0.300000,1.000000,1.100000,0.000000,0.000000,-1.571000,0.000021,0.992061,0.065034,0.994191
29.170000,-0.300021,0.007939,1.034924,-0.000029,0.000048,-0.021224,0.000036,-0.000001,1.570797,-0.300000,1.000000,1.100000,0.000000,0.000000,-1.571000,0.000021,0.992061,0.065076,0.994193
29.172000,-0.300021,0.007939,1.034881,-0.000028,0.000048,-0.021198,0.000035,-0.000001,1.570797,-0.300000,1.000000,1.100000,0.000000,0.000000,-1.571000,0.000021,0.992061,0.065119,0.994196
29.174000,-0.300022,0.007939,1.034839,-0.000027,0.000048,-0.021172,0.000035,-0.000000,1.570797,-0.300000,1.000000,1.100000,0.000000,0.000000,-1.571000,0.000022,0.992061,0.065161,0.994199
29.176000,-0.300022,0.007939,1.034797,-0.000026,0.000048,-0.021145,0.000034,-0.000000,1.570797,-0.300000,1.000000,1.100000,0.000000,0.000000,-1.571000,0.000022,0.992061,0.065203,0.994201
29.178000,-0.300022,0.007939,1.034754,-0.000026,0.000048,-0.021117,0.000033,0.000000,1.570797,-0.300000,1.000000,1.100000,0.000000,0.000000,-1.571000,0.000022,0.992061,0.065246,0.994204
29.180000,-0.300022,0.007939,1.034712,-0.000025,0.000048,-0.021089,0.000032,0.000001,1.570797,-0.300000,1.000000,1.100000,0.000000,0.000000,-1.571000,0.000022,0.992061,0.065288,0.994207
29.182000,-0.300022,0.007939,1.034670,-0.000024,0.000048,-0.021061,0.000031,0.000001,1.570797,-0.300000,1.000000,1.100000,0.000000,0.000000,-1.571000,0.000022,0.992061,0.065330,0.994209
29.184000,-0.300022,0.007940,1.034628,-0.000024,0.000048,-0.021032,0.000030,0.000001,1.570797,-0.300000,1.000000,1.100000,0.000000,0.000000,-1.571000,0.000022,0.992060,0.065372,0.994212
29.186000,-0.300022,0.007940,1.034586,-0.000023,0.000048,-0.021003,0.000029,0.000001,1.570797,-0.300000,1.000000,1.100000,0.000000,0.000000,-1.571000,0.000022,0.992060,0.065414,0.994215
29.188000,-0.300022,0.007940,1.034544,-0.000023,0.000048,-0.020973,0.000028,0.000001,1.570797,-0.300000,1.000000,1.100000,0.000000,0.000000,-1.571000,0.000022,0.992060,0.065456,0.994217
29.190000,-0.300022,0.007940,1.034502,-0.000022,0.000047,-0.020944,0.000028,0.000001,1.570798,-0.300000,1.000000,1.100000,0.000000,0.000000,-1.571000,0.000022,0.992060,0.065498,0.994220
29.192000,-0.300022,0.007940,1.034460,-0.000021,0.000047,-0.020914,0.000027,0.000002,1.570798,-0.300000,1.000000,1.100000,0.000000,0.000000,-1.571000,0.000022,0.992060,0.065540,0.994223
29.194000,-0.300022,0.007940,1.034418,-0.000021,0.000047,-0.020884,0.000026,0.000002,1.570798,-0.300000,1.000000,1.100000,0.000000,0.000000,-1.571000,0.000022,0.992060,0.065582,0.994225
29.196000,-0.300022,0.007940,1.034376,-0.000020,0.000047,-0.020853,0.000025,0.000002,1.570798,-0.300000,1.000000,1.100000,0.000000,0.000000,-1.571000,0.000022,0.992060,0.065624,0.994228
29.198000,-0.300022,0.007940,1.034335,-0.000020,0.000047,-0.020823,0.000024,0.000002,1.570798,-0.300000,1.000000,1.100000,0.000000,0.000000,-1.571000,0.000022,0.992060,0.065665,0.994231
29.200000,-0.300022,0.007940,1.034293,-0.000019,0.000047,-0.020793,0.000023,0.000001,1.570798,-0.300000,1.000000,1.100000,0.000000,0.000000,-1.571000,0.000022,0.992060,0.065707,0.994233
29.202000,-0.300022,0.007940,1.034252,-0.000019,0.000047,-0.020762,0.000022,0.000001,1.570798,-0.300000,1.000000,1.100000,0.000000,0.000000,-1.571000,0.000022,0.992060,0.065748,0.994236
29.204000,-0.300022,0.007941,1.034210,-0.000018,0.000047,-0.020731,0.000021,0.000001,1.570798,-0.300000,1.000000,1.100000,0.000000,0.000000,-1.571000,0.000022,0.992059,0.065790,0.994239
29.206000,-0.300022,0.007941,1.034169,-0.000018,0.000047,-0.020700,0.000020,0.000001,1.570798,-0.300000,1.000000,1.100000,0.000000,0.000000,-1.571000,0.000022,0.992059,0.065831,0.994241
29.208000,-0.300022,0.007941,1.034127,-0.000017,0.000047,-0.020669,0.000019,0.000001,1.570798,-0.300000,1.000000,1.100000,0.000000,0.000000,-1.571000,0.000022,0.992059,0.065873,0.994244
29.210000,-0.300022,0.007941,1.034086,-0.000017,0.000047,-0.020639,0.000018,0.000000,1.570798,-0.300000,1.000000,1.100000,0.000000,0.000000,-1.571000,0.000022,0.992059,0.065914,0.994247
29.212000,-0.300022,0.007941,1.034045,-0.000017,0.000047,-0.020608,0.000017,0.000000,1.570798,-0.300000,1.000000,1.100000,0.000000,0.000000,-1.571000,0.000022,0.992059,0.065955,0.994249
29.214000,-0.300022,0.007941,1.034003,-0.000016,0.000047,-0.020577,0.000016,0.000000,1.570798,-0.300000,1.000000,1.100000,0.000000,0.000000,-1.571000,0.000022,0.992059,0.065997,0.994252
29.216000,-0.300022,0.007941,1.033962,-0.000016,0.000047,-0.020545,0.000015,-0.000000,1.570798,-0.300000,1.000000,1.100000,0.000000,0.000000,-1.571000,0.000022,0.992059,0.066038,0.994254
29.218000,-0.300022,0.007941,1.033921,-0.000016,0.000047,-0.020514,0.000014,-0.000000,1.570798,-0.300000,1.000000,1.100000,0.000000,0.000000,-1.571000,0.000022,0.992059,0.066079,0.994257
29.220000,-0.300022,0.007941,1.033880,-0.000015,0.000046,-0.020483,0.000014,-0.000000,1.570798,-0.300000,1.000000,1.100000,0.000000,0.000000,-1.571000,0.000022,0.992059,0.066120,0.994260
29.222000,-0.300022,0.007941,1.033839,-0.000015,0.000046,-0.020452,0.000013,-0.000001,1.570798,-0.300000,1.000000,1.100000,0.000000,0.000000,-1.571000,0.000022,0.992059,0.066161,0.994262
29.224000,-0.300023,0.007941,1.033798,-0.000015,0.000046,-0.020422,0.000012,-0.000001,1.570798,-0.300000,1.000000,1.100000,0.000000,0.000000,-1.571000,0.000023,0.992059,0.066202,0.994265
29.226000,-0.300023,0.007942,1.033757,-0.000014,0.000046,-0.020392,0.000011,-0.000001,1.570798,-0.300000,1.000000,1.100000,0.000000,0.000000,-1.571000,0.000023,0.992058,0.066243,0.994268
29.228000,-0.300023,0.007942,1.033717,-0.000014,0.000046,-0.020363,0.000010,-0.000001,1.570798,-0.300000,1.000000,1.100000,0.000000,0.000000,-1.571000,0.000023,0.992058,0.066283,0.994270
29.230000,-0.300023,0.007942,1.033676,-0.000014,0.000046,-0.020334,0.000009,-0.000001,1.570798,-0.300000,1.000000,1.100000,0.000000,0.000000,-1.571000,0.000023,0.992058,0.066324,0.994273
29.232000,-0.300023,0.007942,1.033635,-0.000014,0.000046,-0.020305,0.000008,-0.000001,1.570798,-0.300000,1.000000,1.100000,0.000000,0.000000,-1.571000,0.000023,0.992058,0.066365,0.994275
29.234000,-0.300023,0.007942,1.033595,-0.000014,0.000046,-0.020277,0.000007,-0.000001,1.570798,-0.300000,1.000000,1.100000,0.000000,0.000000,-1.571000,0.000023,0.992058,0.066405,0.994278
29.236000,-0.300023,0.007942,1.033554,-0.000014,0.000046,-0.020249,0.000006,-0.000001,1.570798,-0.300000,1.000000,1.100000,0.000000,0.000000,-1.571000,0.000023,0.992058,0.066446,0.994281
29.238000,-0.300023,0.007942,1.033514,-0.000013,0.000046,-0.020222,0.000005,-0.000001,1.570798,-0.300000,1.000000,1.100000,0.000000,0.000000,-1.571000,0.000023,0.992058,0.066486,0.994283
29.240000,-0.300023,0.007942,1.033473,-0.000013,0.000045,-0.020194,0.000004,-0.000000,1.570798,-0.300000,1.000000,1.100000,0.000000,0.000000,-1.571000,0.000023,0.992058,0.066527,0.994286
29.242000,-0.300023,0.007942,1.033433,-0.000013,0.000045,-0.020167,0.000003,-0.000000,1.570798,-0.300000,1.000000,1.100000,0.000000,0.000000,-1.571000,0.000023,0.992058,0.066567,0.994289
29.244000,-0.300023,0.007942,1.033392,-0.000013,0.000045,-0.020140,0.000002,-0.000000,1.570798,-0.300000,1.000000,1.100000,0.000000,0.000000,-1.571000,0.000023,0.992058,0.066608,0.994291
29.246000,-0.300023,0.007942,1.033352,-0.000013,0.000045,-0.020114,0.000001,0.000000,1.570798,-0.300000,1.000000,1.100000,0.000000,0.000000,-1.571000,0.000023,0.992058,0.066648,0.994294
29.248000,-0.300023,0.007943,1.033312,-0.000013,0.000045,-0.020087,0.000000,0.000001,1.570798,-0.300000,1.000000,1.100000,0.000000,0.000000,-1.571000,0.000023,0.992057,0.066688,0.994296
29.250000,-0.300023,0.007943,1.033272,-0.000013,0.000045,-0.020061,-0.000001,0.000001,1.570798,-0.300000,1.000000,1.100000,0.000000,0.000000,-1.571000,0.000023,0.992057,0.066728,0.994299
29.252000,-0.300023,0.007943,1.033232,-0.000013,0.000045,-0.020035,-0.000002,0.000001,1.570798,-0.300000,1.000000,1.100000,0.000000,0.000000,-1.571000,0.000023,0.992057,0.066768,0.994302
29.254000,-0.300023,0.007943,1.033191,-0.000013,0.000045,-0.020009,-0.000003,0.000002,1.570798,-0.300000,1.000000,1.100000,0.000000,0.000000,-1.571000,0.000023,0.992057,0.066809,0.994304
29.256000,-0.300023,0.007943,1.033151,-0.000013,0.000045,-0.019983,-0.000004,0.000002,1.570798,-0.300000,1.000000,1.100000,0.000000,0.000000,-1.571000,0.000023,0.992057,0.066849,0.994307
29.258000,-0.300023,0.007943,1.033111,-0.000013,0.000045,-0.019957,-0.000005,0.000002,1.570799,-0.300000,1.000000,1.100000,0.000000,0.000000,-1.571000,0.000023,0.992057,0.066889,0.994309
29.260000,-0.300023,0.007943,1.033072,-0.000013,0.000045,-0.019932,-0.000006,0.000002,1.570799,-0.300000,1.000000,1.100000,0.000000,0.000000,-1.571000,0.000023,0.992057,0.066928,0.994312
29.262000,-0.300023,0.007943,1.033032,-0.000013,0.000045,-0.019906,-0.000007,0.000003,1.570799,-0.300000,1.000000,1.100000,0.000000,0.000000,-1.571000,0.000023,0.992057,0.066968,0.994315
29.264000,-0.300023,0.007943,1.032992,-0.000013,0.000045,-0.019881,-0.000008,0.000003,1.570799,-0.300000,1.000000,1.100000,0.000000,0.000000,-1.571000,0.000023,0.992057,0.067008,0.994317
29.266000,-0.300023,0.007943,1.032952,-0.000013,0.000045,-0.019856,-0.000009,0.000003,1.570799,-0.300000,1.000000,1.100000,0.000000,0.000000,-1.571000,0.000023,0.992057,0.067048,0.994320
29.268000,-0.300023,0.007943,1.032912,-0.000014,0.000045,-0.019831,-0.000009,0.000003,1.570799,-0.300000,1.000000,1.100000,0.000000,0.000000,-1.571000,0.000023,0.992057,0.067088,0.994322
29.270000,-0.300023,0.007944,1.032873,-0.000014,0.000045,-0.019806,-0.000010,0.000004,1.570799,-0.300000,1.000000,1.100000,0.000000,0.000000,-1.571000,0.000023,0.992056,0.067127,0.994325
29.272000,-0.300023,0.007944,1.032833,-0.000014,0.000045,-0.019781,-0.000011,0.000004,1.570799,-0.300000,1.000000,1.100000,0.000000,0.000000,-1.571000,0.000023,0.992056,0.067167,0.994328
29.274000,-0.300023,0.007944,1.032794,-0.000014,0.000045,-0.019756,-0.000012,0.000004,1.570799,-0.300000,1.000000,1.100000,0.000000,0.000000,-1.571000,0.000023,0.992056,0.067206,0.994330
29.276000,-0.300023,0.007944,1.032754,-0.000014,0.000045,-0.019731,-0.000013,0.000004,1.570799,-0.300000,1.000000,1.100000,0.000000,0.000000,-1.571000,0.000023,0.992056,0.067246,0.994333
29.278000,-0.300023,0.007944,1.032715,-0.000015,0.000045,-0.019707,-0.000014,0.000004,1.570799,-0.300000,1.000000,1.100000,0.000000,0.000000,-1.571000,0.000023,0.992056,0.067285,0.994335
29.280000,-0.300023,0.007944,1.032675,-0.000015,0.000045,-0.019682,-0.000015,0.000003,1.570799,-0.300000,1.000000,1.100000,0.000000,0.000000,-1.571000,0.000023,0.992056,0.067325,0.994338
29.282000,-0.300023,0.007944,1.032636,-0.000015,0.000045,-0.019658,-0.000016,0.000003,1.570799,-0.300000,1.000000,1.100000,0.000000,0.000000,-1.571000,0.000023,0.992056,0.067364,0.994340
29.284000,-0.300023,0.007944,1.032597,-0.000015,0.000045,-0.019633,-0.000017,0.000003,1.570799,-0.300000,1.000000,1.100000,0.000000,0.000000,-1.571000,0.000023,0.992056,0.067403,0.994343
29.286000,-0.300023,0.007944,1.032557,-0.000016,0.000045,-0.019609,-0.000018,0.000003,1.570799,-0.300000,1.000000,1.100000,0.000000,0.000000,-1.571000,0.000023,0.992056,0.067443,0.994346
29.288000,-0.300023,0.007944,1.032518,-0.000016,0.000044,-0.019585,-0.000019,0.000003,1.570799,-0.300000,1.000000,1.100000,0.000000,0.000000,-1.571000,0.000023,0.992056,0.067482,0.994348
29.290000,-0.300023,0.007944,1.032479,-0.000016,0.000044,-0.019560,-0.000020,0.000002,1.570799,-0.300000,1.000000,1.100000,0.000000,0.000000,-1.571000,0.000023,0.992056,0.067521,0.994351
29.292000,-0.300023,0.007945,1.032440,-0.000017,0.000044,-0.019536,-0.000021,0.000002,1.570799,-0.300000,1.000000,1.100000,0.000000,0.000000,-1.571000,0.000023,0.992055,0.067560,0.994353
29.294000,-0.300024,0.007945,1.032401,-0.000017,0.000044,-0.019512,-0.000022,0.000002,1.570799,-0.300000,1.000000,1.100000,0.000000,0.000000,-1.571000,0.000024,0.992055,0.067599,0.994356
29.296000,-0.300024,0.007945,1.032362,-0.000018,0.000044,-0.019488,-0.000023,0.000001,1.570799,-0.300000,1.000000,1.100000,0.000000,0.000000,-1.571000,0.000024,0.992055,0.067638,0.994358
29.298000,-0.300024,0.007945,1.032323,-0.000018,0.000044,-0.019464,-0.000024,0.000001,1.570799,-0.300000,1.000000,1.100000,0.000000,0.000000,-1.571000,0.000024,0.992055,0.067677,0.994361
29.300000,-0.300024,0.007945,1.032284,-0.000018,0.000044,-0.019440,-0.000025,0.000001,1.570799,-0.300000,1.000000,1.100000,0.000000,0.000000,-1.571000,0.000024,0.992055,0.067716,0.994364
29.302000,-0.300024,0.007945,1.032245,-0.000019,0.000044,-0.019416,-0.000026,0.000000,1.570799,-0.300000,1.000000,1.100000,0.000000,0.000000,-1.571000,0.000024,0.992055,0.067755,0.994366
29.304000,-0.300024,0.007945,1.032206,-0.000019,0.000044,-0.019392,-0.000027,0.000000,1.570799,-0.300000,1.000000,1.100000,0.000000,0.000000,-1.571000,0.000024,0.992055,0.067794,0.994369
29.306000,-0.300024,0.007945,1.032167,-0.000020,0.000044,-0.019369,-0.000028,-0.000000,1.570799,-0.300000,1.000000,1.100000,0.000000,0.000000,-1.571000,0.000024,0.992055,0.067833,0.994371
29.308000,-0.300024,0.007945,1.032128,-0.000020,0.000044,-0.019345,-0.000029,-0.000000,1.570799,-0.300000,1.000000,1.100000,0.000000,0.000000,-1.571000,0.000024,0.992055,0.067872,0.994374
29.310000,-0.300024,0.007945,1.032090,-0.000021,0.000044,-0.019321,-0.000030,-0.000001,1.570799,-0.300000,1.000000,1.100000,0.000000,0.000000,-1.571000,0.000024,0.992055,0.067910,0.994376
29.312000,-0.300024,0.007945,1.032051,-0.000021,0.000044,-0.019298,-0.000031,-0.000001,1.570799,-0.300000,1.000000,1.100000,0.000000,0.000000,-1.571000,0.000024,0.992055,0.067949,0.994379
29.314000,-0.300024,0.007945,1.032013,-0.000022,0.000044,-0.019274,-0.000032,-0.000001,1.570799,-0.300000,1.000000,1.100000,0.000000,0.000000,-1.571000,0.000024,0.992055,0.067987,0.994381
29.316000,-0.300024,0.007946,1.031974,-0.000023,0.000043,-0.019250,-0.000033,-0.000001,1.570799,-0.300000,1.000000,1.100000,0.000000,0.000000,-1.571000,0.000024,0.992054,0.068026,0.994384
29.318000,-0.300024,0.007946,1.031935,-0.000023,0.000043,-0.019227,-0.000034,-0.000001,1.570799,-0.300000,1.000000,1.100000,0.000000,0.000000,-1.571000,0.000024,0.992054,0.068065,0.994387
29.320000,-0.300024,0.007946,1.031897,-0.000024,0.000043,-0.019204,-0.000035,-0.000001,1.570799,-0.300000,1.000000,1.100000,0.000000,0.000000,-1.571000,0.000024,0.992054,0.068103,0.994389
29.322000,-0.300024,0.007946,1.031859,-0.000024,0.000043,-0.019180,-0.000035,-0.000001,1.570799,-0.300000,1.000000,1.100000,0.000000,0.000000,-1.571000,0.000024,0.992054,0.068141,0.994392
29.324000,-0.300024,0.007946,1.031820,-0.000025,0.000043,-0.019157,-0.000036,-0.000001,1.570800,-0.300000,1.000000,1.100000,0.000000,0.000000,-1.571000,0.000024,0.992054,0.068180,0.994394
29.326000,-0.300024,0.007946,1.031782,-0.000026,0.000043,-0.019134,-0.000037,-0.000001,1.570800,-0.300000,1.000000,1.100000,0.000000,0.000000,-1.571000,0.000024,0.992054,0.068218,0.994397
29.328000,-0.300024,0.007946,1.031744,-0.000026,0.000043,-0.019110,-0.000038,-0.000001,1.570800,-0.300000,1.000000,1.100000,0.000000,0.000000,-1.571000,0.000024,0.992054,0.068256,0.994399
29.330000,-0.300024,0.007946,1.031705,-0.000027,0.000043,-0.019087,-0.000039,-0.000001,1.570800,-0.300000,1.000000,1.100000,0.000000,0.000000,-1.571000,0.000024,0.992054,0.068295,0.994402
29.332000,-0.300024,0.007946,1.031667,-0.000028,0.000043,-0.019064,-0.000040,-0.000001,1.570800,-0.300000,1.000000,1.100000,0.000000,0.000000,-1.571000,0.000024,0.992054,0.068333,0.994404
29.334000,-0.300024,0.007946,1.031629,-0.000029,0.000043,-0.019041,-0.000041,-0.000001,1.570800,-0.300000,1.000000,1.100000,0.000000,0.000000,-1.571000,0.000024,0.992054,0.068371,0.994407
29.336000,-0.300024,0.007946,1.031591,-0.000029,0.000042,-0.019018,-0.000042,-0.000000,1.570799,-0.300000,1.000000,1.100000,0.000000,0.000000,-1.571000,0.000024,0.992054,0.068409,0.994409
29.338000,-0.300025,0.007947,1.031553,-0.000030,0.000042,-0.018995,-0.000042,-0.000000,1.570799,-0.300000,1.000000,1.100000,0.000000,0.000000,-1.571000,0.000025,0.992053,0.068447,0.994412
29.340000,-0.300025,0.007947,1.031515,-0.000031,0.000042,-0.018972,-0.000043,-0.000000,1.570799,-0.300000,1.000000,1.100000,0.000000,0.000000,-1.571000,0.000025,0.992053,0.068485,0.994414
29.342000,-0.300025,0.007947,1.031477,-0.000032,0.000042,-0.018949,-0.000044,0.000000,1.570799,-0.300000,1.000000,1.100000,0.000000,0.000000,-1.571000,0.000025,0.992053,0.068523,0.994417
29.344000,-0.300025,0.007947,1.031439,-0.000033,0.000042,-0.018926,-0.000044,0.000000,1.570799,-0.300000,1.000000,1.100000,0.000000,0.000000,-1.571000,0.000025,0.992053,0.068561,0.994420
29.346000,-0.300025,0.007947,1.031401,-0.000033,0.000042,-0.018903,-0.000045,0.000000,1.570799,-0.300000,1.000000,1.100000,0.000000,0.000000,-1.571000,0.000025,0.992053,0.068599,0.994422
29.348000,-0.300025,0.007947,1.031363,-0.000034,0.000042,-0.018880,-0.000045,0.000000,1.570799,-0.300000,1.000000,1.100000,0.000000,0.000000,-1.571000,0.000025,0.992053,0.068637,0.994425
29.350000,-0.300025,0.007947,1.031326,-0.000035,0.000042,-0.018858,-0.000045,0.000000,1.570799,-0.300000,1.000000,1.100000,0.000000,0.000000,-1.571000,0.000025,0.992053,0.068674,0.994427
29.352000,-0.300025,0.007947,1.031288,-0.000036,0.000042,-0.018835,-0.000046,0.000001,1.570798,-0.300000,1.000000,1.100000,0.000000,0.000000,-1.571000,0.000025,0.992053,0.068712,0.994430
29.354000,-0.300025,0.007947,1.031250,-0.000037,0.000042,-0.018812,-0.000046,0.000001,1.570798,-0.300000,1.000000,1.100000,0.000000,0.000000,-1.571000,0.000025,0.992053,0.068750,0.994432
29.356000,-0.300025,0.007947,1.031213,-0.000037,0.000042,-0.018790,-0.000046,0.000000,1.570798,-0.300000,1.000000,1.100000,0.000000,0.000000,-1.571000,0.000025,0.992053,0.068787,0.994435
29.358000,-0.300025,0.007947,1.031175,-0.000038,0.000042,-0.018767,-0.000046,0.000000,1.570798,-0.300000,1.000000,1.100000,0.000000,0.000000,-1.571000,0.000025,0.992053,0.068825,0.994437
29.360000,-0.300025,0.007947,1.031138,-0.000039,0.000042,-0.018744,-0.000046,0.000000,1.570798,-0.300000,1.000000,1.100000,0.000000,0.000000,-1.571000,0.000025,0.992053,0.068862,0.994440
29.362000,-0.300025,0.007948,1.031100,-0.000040,0.000042,-0.018722,-0.000045,0.000000,1.570798,-0.300000,1.000000,1.100000,0.000000,0.000000,-1.571000,0.000025,0.992052,0.068900,0.994442
29.364000,-0.300025,0.007948,1.031063,-0.000041,0.000041,-0.018700,-0.000045,-0.000000,1.570798,-0.300000,1.000000,1.100000,0.000000,0.000000,-1.571000,0.000025,0.992052,0.068937,0.994445
29.366000,-0.300026,0.007948,1.031025,-0.000042,0.000041,-0.018677,-0.000044,-0.000000,1.570798,-0.300000,1.000000,1.100000,0.000000,0.000000,-1.571000,0.000026,0.992052,0.068975,0.994447
29.368000,-0.300026,0.007948,1.030988,-0.000042,0.000041,-0.018655,-0.000044,-0.000000,1.570798,-0.300000,1.000000,1.100000,0.000000,0.000000,-1.571000,0.000026,0.992052,0.069012,0.994450
29.370000,-0.300026,0.007948,1.030951,-0.000043,0.000041,-0.018632,-0.000043,-0.000001,1.570798,-0.300000,1.000000,1.100000,0.000000,0.000000,-1.571000,0.000026,0.992052,0.069049,0.994452
29.372000,-0.300026,0.007948,1.030913,-0.000044,0.000041,-0.018610,-0.000043,-0.000001,1.570798,-0.300000,1.000000,1.100000,0.000000,0.000000,-1.571000,0.000026,0.992052,0.069087,0.994455
29.374000,-0.300026,0.007948,1.030876,-0.000045,0.000041,-0.018588,-0.000042,-0.000001,1.570798,-0.300000,1.000000,1.100000,0.000000,0.000000,-1.571000,0.000026,0.992052,0.069124,0.994457
29.376000,-0.300026,0.007948,1.030839,-0.000045,0.000041,-0.018566,-0.000041,-0.000001,1.570798,-0.300000,1.000000,1.100000,0.000000,0.000000,-1.571000,0.000026,0.992052,0.069161,0.994460
29.378000,-0.300026,0.007948,1.030802,-0.000046,0.000041,-0.018543,-0.000041,-0.000001,1.570797,-0.300000,1.000000,1.100000,0.000000,0.000000,-1.571000,0.000026,0.992052,0.069198,0.994462
29.380000,-0.300026,0.007948,1.030765,-0.000047,0.000041,-0.018521,-0.000040,-0.000001,1.570797,-0.300000,1.000000,1.100000,0.000000,0.000000,-1.571000,0.000026,0.992052,0.069235,0.994465
29.382000,-0.300026,0.007948,1.030728,-0.000047,0.000041,-0.018499,-0.000039,-0.000001,1.570797,-0.300000,1.000000,1.100000,0.000000,0.000000,-1.571000,0.000026,0.992052,0.069272,0.994467
29.384000,-0.300026,0.007948,1.030691,-0.000048,0.000041,-0.018477,-0.000038,-0.000001,1.570797,-0.300000,1.000000,1.100000,0.000000,0.000000,-1.571000,0.000026,0.992052,0.069309,0.994470
29.386000,-0.300026,0.007948,1.030654,-0.000049,0.000040,-0.018455,-0.000037,-0.000001,1.570797,-0.300000,1.000000,1.100000,0.000000,0.000000,-1.571000,0.000026,0.992052,0.069346,0.994472
29.388000,-0.300027,0.007949,1.030617,-0.000049,0.000040,-0.018433,-0.000036,-0.000001,1.570797,-0.300000,1.000000,1.100000,0.000000,0.000000,-1.571000,0.000027,0.992051,0.069383,0.994475
29.390000,-0.300027,0.007949,1.030580,-0.000050,0.000040,-0.018411,-0.000035,-0.000001,1.570797,-0.300000,1.000000,1.100000,0.000000,0.000000,-1.571000,0.000027,0.992051,0.069420,0.994477
29.392000,-0.300027,0.007949,1.030543,-0.000051,0.000040,-0.018389,-0.000034,-0.000001,1.570797,-0.300000,1.000000,1.100000,0.000000,0.000000,-1.571000,0.000027,0.992051,0.069457,0.994480
29.394000,-0.300027,0.007949,1.030506,-0.000051,0.000040,-0.018368,-0.000033,-0.000001,1.570797,-0.300000,1.000000,1.100000,0.000000,0.000000,-1.571000,0.000027,0.992051,0.069494,0.994482
29.396000,-0.300027,0.007949,1.030470,-0.000052,0.000040,-0.018346,-0.000032,-0.000001,1.570797,-0.300000,1.000000,1.100000,0.000000,0.000000,-1.571000,0.000027,0.992051,0.069530,0.994485
29.398000,-0.300027,0.007949,1.030433,-0.000052,0.000040,-0.018324,-0.000031,-0.000001,1.570797,-0.300000,1.000000,1.100000,0.000000,0.000000,-1.571000,0.000027,0.992051,0.069567,0.994487
29.400000,-0.300027,0.007949,1.030396,-0.000053,0.000040,-0.018302,-0.000030,-0.000000,1.570797,-0.300000,1.000000,1.100000,0.000000,0.000000,-1.571000,0.000027,0.992051,0.069604,0.994490
29.402000,-0.300027,0.007949,1.030360,-0.000053,0.000040,-0.018281,-0.000029,-0.000000,1.570797,-0.300000,1.000000,1.100000,0.000000,0.000000,-1.571000,0.000027,0.992051,0.069640,0.994492
29.404000,-0.300027,0.007949,1.030323,-0.000054,0.000040,-0.018259,-0.000028,0.000000,1.570797,-0.300000,1.000000,1.100000,0.000000,0.000000,-1.571000,0.000027,0.992051,0.069677,0.994495
29.406000,-0.300027,0.007949,1.030286,-0.000054,0.000040,-0.018237,-0.000027,0.000000,1.570797,-0.300000,1.000000,1.100000,0.000000,0.000000,-1.571000,0.000027,0.992051,0.069714,0.994497
29.408000,-0.300028,0.007949,1.030250,-0.000055,0.000039,-0.018216,-0.000026,0.000001,1.570797,-0.300000,1.000000,1.100000,0.000000,0.000000,-1.571000,0.000028,0.992051,0.069750,0.994500
29.410000,-0.300028,0.007949,1.030214,-0.000055,0.000039,-0.018194,-0.000025,0.000001,1.570797,-0.300000,1.000000,1.100000,0.000000,0.000000,-1.571000,0.000028,0.992051,0.069786,0.994502
29.412000,-0.300028,0.007950,1.030177,-0.000055,0.000039,-0.018173,-0.000024,0.000001,1.570797,-0.300000,1.000000,1.100000,0.000000,0.000000,-1.571000,0.000028,0.992050,0.069823,0.994505
29.414000,-0.300028,0.007950,1.030141,-0.000056,0.000039,-0.018151,-0.000023,0.000002,1.570797,-0.300000,1.000000,1.100000,0.000000,0.000000,-1.571000,0.000028,0.992050,0.069859,0.994507
29.416000,-0.300028,0.007950,1.030105,-0.000056,0.000039,-0.018130,-0.000022,0.000002,1.570797,-0.300000,1.000000,1.100000,0.000000,0.000000,-1.571000,0.000028,0.992050,0.069895,0.994510
29.418000,-0.300028,0.007950,1.030068,-0.000056,0.000039,-0.018109,-0.000020,0.000002,1.570797,-0.300000,1.000000,1.100000,0.000000,0.000000,-1.571000,0.000028,0.992050,0.069932,0.994512
29.420000,-0.300028,0.007950,1.030032,-0.000057,0.000039,-0.018087,-0.000019,0.000002,1.570797,-0.300000,1.000000,1.100000,0.000000,0.000000,-1.571000,0.000028,0.992050,0.069968,0.994514
29.422000,-0.300028,0.007950,1.029996,-0.000057,0.000039,-0.018065,-0.000018,0.000002,1.570797,-0.300000,1.000000,1.100000,0.000000,0.000000,-1.571000,0.000028,0.992050,0.070004,0.994517
29.424000,-0.300028,0.007950,1.029960,-0.000057,0.000039,-0.018042,-0.000017,0.000002,1.570797,-0.300000,1.000000,1.100000,0.000000,0.000000,-1.571000,0.000028,0.992050,0.070040,0.994519
29.426000,-0.300029,0.007950,1.029924,-0.000057,0.000039,-0.018018,-0.000016,0.000002,1.570797,-0.300000,1.000000,1.100000,0.000000,0.000000,-1.571000,0.000029,0.992050,0.070076,0.994522
29.428000,-0.300029,0.007950,1.029888,-0.000058,0.000039,-0.017992,-0.000015,0.000002,1.570797,-0.300000,1.000000,1.100000,0.000000,0.000000,-1.571000,0.000029,0.992050,0.070112,0.994524
29.430000,-0.300029,0.007950,1.029852,-0.000058,0.000039,-0.017966,-0.000014,0.000002,1.570796,-0.300000,1.000000,1.100000,0.000000,0.000000,-1.571000,0.000029,0.992050,0.070148,0.994527
29.432000,-0.300029,0.007950,1.029816,-0.000058,0.000039,-0.017938,-0.000012,0.000002,1.570796,-0.300000,1.000000,1.100000,0.000000,0.000000,-1.571000,0.000029,0.992050,0.070184,0.994529
29.434000,-0.300029,0.007950,1.029780,-0.000058,0.000039,-0.017910,-0.000011,0.000002,1.570796,-0.300000,1.000000,1.100000,0.000000,0.000000,-1.571000,0.000029,0.992050,0.070220,0.994532
29.436000,-0.300029,0.007950,1.029744,-0.000058,0.000039,-0.017882,-0.000010,0.000002,1.570796,-0.300000,1.000000,1.100000,0.000000,0.000000,-1.571000,0.000029,0.992050,0.070256,0.994534
29.438000,-0.300029,0.007951,1.029708,-0.000058,0.000039,-0.017852,-0.000009,0.000002,1.570796,-0.300000,1.000000,1.100000,0.000000,0.000000,-1.571000,0.000029,0.992049,0.070292,0.994537
29.440000,-0.300029,0.007951,1.029673,-0.000058,0.000039,-0.017822,-0.000008,0.000002,1.570796,-0.300000,1.000000,1.100000,0.000000,0.000000,-1.571000,0.000029,0.992049,0.070327,0.994539
29.442000,-0.300030,0.007951,1.029637,-0.000058,0.000039,-0.017792,-0.000007,0.000001,1.570796,-0.300000,1.000000,1.100000,0.000000,0.000000,-1.571000,0.000030,0.992049,0.070363,0.994541
29.444000,-0.300030,0.007951,1.029601,-0.000058,0.000039,-0.017761,-0.000006,0.000001,1.570796,-0.300000,1.000000,1.100000,0.000000,0.000000,-1.571000,0.000030,0.992049,0.070399,0.994544
29.446000,-0.300030,0.007951,1.029566,-0.000058,0.000039,-0.017730,-0.000004,0.000001,1.570796,-0.300000,1.000000,1.100000,0.000000,0.000000,-1.571000,0.000030,0.992049,0.070434,0.994546
29.448000,-0.300030,0.007951,1.029530,-0.000058,0.000039,-0.017698,-0.000003,0.000001,1.570796,-0.300000,1.000000,1.100000,0.000000,0.000000,-1.571000,0.000030,0.992049,0.070470,0.994549
29.450000,-0.300030,0.007951,1.029495,-0.000058,0.000039,-0.017666,-0.000002,0.000000,1.570796,-0.300000,1.000000,1.100000,0.000000,0.000000,-1.571000,0.000030,0.992049,0.070505,0.994551
29.452000,-0.300030,0.007951,1.029460,-0.000058,0.000039,-0.017634,-0.000001,0.000000,1.570796,-0.300000,1.000000,1.100000,0.000000,0.000000,-1.571000,0.000030,0.992049,0.070540,0.994554
29.454000,-0.300030,0.007951,1.029424,-0.000058,0.000039,-0.017601,0.000000,-0.000000,1.570796,-0.300000,1.000000,1.100000,0.000000,0.000000,-1.571000,0.000030,0.992049,0.070576,0.994556
29.456000,-0.300030,0.007951,1.029389,-0.000058,0.000038,-0.017569,0.000001,-0.000000,1.570796,-0.300000,1.000000,1.100000,0.000000,0.000000,-1.571000,0.000030,0.992049,0.070611,0.994558
29.458000,-0.300030,0.007951,1.029354,-0.000058,0.000038,-0.017536,0.000003,-0.000000,1.570796,-0.300000,1.000000,1.100000,0.000000,0.000000,-1.571000,0.000030,0.992049,0.070646,0.994561
29.460000,-0.300031,0.007951,1.029319,-0.000058,0.000038,-0.017503,0.000004,-0.000001,1.570796,-0.300000,1.000000,1.100000,0.000000,0.000000,-1.571000,0.000031,0.992049,0.070681,0.994563
29.462000,-0.300031,0.007951,1.029284,-0.000058,0.000038,-0.017470,0.000005,-0.000001,1.570796,-0.300000,1.000000,1.100000,0.000000,0.000000,-1.571000,0.000031,0.992049,0.070716,0.994566
29.464000,-0.300031,0.007952,1.029249,-0.000057,0.000038,-0.017436,0.000006,-0.000001,1.570796,-0.300000,1.000000,1.100000,0.000000,0.000000,-1.571000,0.000031,0.992048,0.070751,0.994568
29.466000,-0.300031,0.007952,1.029214,-0.000057,0.000038,-0.017403,0.000007,-0.000001,1.570796,-0.300000,1.000000,1.100000,0.000000,0.000000,-1.571000,0.000031,0.992048,0.070786,0.994571
29.468000,-0.300031,0.007952,1.029180,-0.000057,0.000038,-0.017369,0.000009,-0.000001,1.570796,-0.300000,1.000000,1.100000,0.000000,0.000000,-1.571000,0.000031,0.992048,0.070820,0.994573
29.470000,-0.300031,0.007952,1.029145,-0.000057,0.000038,-0.017336,0.000010,-0.000001,1.570796,-0.300000,1.000000,1.100000,0.000000,0.000000,-1.571000,0.000031,0.992048,0.070855,0.994575
29.472000,-0.300031,0.007952,1.029110,-0.000056,0.000038,-0.017302,0.000011,-0.000000,1.570796,-0.300000,1.000000,1.100000,0.000000,0.000000,-1.571000,0.000031,0.992048,0.070890,0.994578
29.474000,-0.300031,0.007952,1.029076,-0.000056,0.000038,-0.017268,0.000012,-0.000000,1.570796,-0.300000,1.000000,1.100000,0.000000,0.000000,-1.571000,0.000031,0.992048,0.070924,0.994580
29.476000,-0.300031,0.007952,1.029041,-0.000056,0.000038,-0.017234,0.000013,-0.000000,1.570796,-0.300000,1.000000,1.100000,0.000000,0.000000,-1.571000,0.000031,0.992048,0.070959,0.994583
29.478000,-0.300032,0.007952,1.029007,-0.000055,0.000038,-0.017201,0.000014,0.000000,1.570796,-0.300000,1.000000,1.100000,0.000000,0.000000,-1.571000,0.000032,0.992048,0.070993,0.994585
29.480000,-0.300032,0.007952,1.028972,-0.000055,0.000038,-0.017167,0.000016,0.000000,1.570796,-0.300000,1.000000,1.100000,0.000000,0.000000,-1.571000,0.000032,0.992048,0.071028,0.994587
29.482000,-0.300032,0.007952,1.028938,-0.000054,0.000037,-0.017133,0.000017,0.000001,1.570796,-0.300000,1.000000,1.100000,0.000000,0.000000,-1.571000,0.000032,0.992048,0.071062,0.994590
29.484000,-0.300032,0.007952,1.028904,-0.000054,0.000037,-0.017100,0.000018,0.000001,1.570796,-0.300000,1.000000,1.100000,0.000000,0.000000,-1.571000,0.000032,0.992048,0.071096,0.994592
29.486000,-0.300032,0.007952,1.028869,-0.000054,0.000037,-0.017068,0.000019,0.000001,1.570796,-0.300000,1.000000,1.100000,0.000000,0.000000,-1.571000,0.000032,0.992048,0.071131,0.994594
29.488000,-0.300032,0.007952,1.028835,-0.000053,0.000037,-0.017036,0.000020,0.000001,1.570796,-0.300000,1.000000,1.100000,0.000000,0.000000,-1.571000,0.000032,0.992048,0.071165,0.994597
29.490000,-0.300032,0.007953,1.028801,-0.000053,0.000037,-0.017004,0.000021,0.000002,1.570796,-0.300000,1.000000,1.100000,0.000000,0.000000,-1.571000,0.000032,0.992047,0.071199,0.994599
29.492000,-0.300032,0.007953,1.028767,-0.000052,0.000037,-0.016973,0.000023,0.000002,1.570796,-0.300000,1.000000,1.100000,0.000000,0.000000,-1.571000,0.000032,0.992047,0.071233,0.994601
29.494000,-0.300032,0.007953,1.028733,-0.000051,0.000037,-0.016942,0.000024,0.000002,1.570795,-0.300000,1.000000,1.100000,0.000000,0.000000,-1.571000,0.000032,0.992047,0.071267,0.994604
29.496000,-0.300033,0.007953,1.028699,-0.000051,0.000037,-0.016911,0.000025,0.000002,1.570795,-0.300000,1.000000,1.100000,0.000000,0.000000,-1.571000,0.000033,0.992047,0.071301,0.994606
29.498000,-0.300033,0.007953,1.028666,-0.000050,0.000037,-0.016880,0.000026,0.000002,1.570795,-0.300000,1.000000,1.100000,0.000000,0.000000,-1.571000,0.000033,0.992047,0.071334,0.994609
29.500000,-0.300033,0.007953,1.028632,-0.000050,0.000037,-0.016850,0.000027,0.000003,1.570795,-0.300000,1.000000,1.100000,0.000000,0.000000,-1.571000,0.000033,0.992047,0.071368,0.994611
29.502000,-0.300033,0.007953,1.028598,-0.000049,0.000037,-0.016820,0.000029,0.000003,1.570795,-0.300000,1.000000,1.100000,0.000000,0.000000,-1.571000,0.000033,0.992047,0.071402,0.994613
29.504000,-0.300033,0.007953,1.028565,-0.000048,0.000037,-0.016791,0.000030,0.000003,1.570795,-0.300000,1.000000,1.100000,0.000000,0.000000,-1.571000,0.000033,0.992047,0.071435,0.994616
29.506000,-0.300033,0.007953,1.028531,-0.000048,0.000037,-0.016761,0.000031,0.000003,1.570795,-0.300000,1.000000,1.100000,0.000000,0.000000,-1.571000,0.000033,0.992047,0.071469,0.994618
29.508000,-0.300033,0.007953,1.028497,-0.000047,0.000037,-0.016732,0.000032,0.000003,1.570795,-0.300000,1.000000,1.100000,0.000000,0.000000,-1.571000,0.000033,0.992047,0.071503,0.994620
29.510000,-0.300033,0.007953,1.028464,-0.000046,0.000037,-0.016703,0.000033,0.000002,1.570795,-0.300000,1.000000,1.100000,0.000000,0.000000,-1.571000,0.000033,0.992047,0.071536,0.994623
29.512000,-0.300033,0.007953,1.028431,-0.000046,0.000037,-0.016674,0.000034,0.000002,1.570795,-0.300000,1.000000,1.100000,0.000000,0.000000,-1.571000,0.000033,0.992047,0.071569,0.994625
29.514000,-0.300033,0.007953,1.028397,-0.000045,0.000037,-0.016646,0.000035,0.000002,1.570795,-0.300000,1.000000,1.100000,0.000000,0.000000,-1.571000,0.000033,0.992047,0.071603,0.994627
29.516000,-0.300034,0.007953,1.028364,-0.000044,0.000037,-0.016617,0.000036,0.000002,1.570795,-0.300000,1.000000,1.100000,0.000000,0.000000,-1.571000,0.000034,0.992047,0.071636,0.994630
29.518000,-0.300034,0.007954,1.028331,-0.000043,0.000037,-0.016589,0.000037,0.000002,1.570795,-0.300000,1.000000,1.100000,0.000000,0.000000,-1.571000,0.000034,0.992046,0.071669,0.994632
29.520000,-0.300034,0.007954,1.028298,-0.000042,0.000037,-0.016560,0.000037,0.000001,1.570795,-0.300000,1.000000,1.100000,0.000000,0.000000,-1.571000,0.000034,0.992046,0.071702,0.994634
29.522000,-0.300034,0.007954,1.028265,-0.000042,0.000037,-0.016532,0.000038,0.000001,1.570795,-0.300000,1.000000,1.100000,0.000000,0.000000,-1.571000,0.000034,0.992046,0.071735,0.994637
29.524000,-0.300034,0.007954,1.028231,-0.000041,0.000037,-0.016504,0.000039,0.000000,1.570795,-0.300000,1.000000,1.100000,0.000000,0.000000,-1.571000,0.000034,0.992046,0.071769,0.994639
29.526000,-0.300034,0.007954,1.028198,-0.000040,0.000037,-0.016476,0.000039,0.000000,1.570795,-0.300000,1.000000,1.100000,0.000000,0.000000,-1.571000,0.000034,0.992046,0.071802,0.994641
29.528000,-0.300034,0.007954,1.028166,-0.000039,0.000037,-0.016448,0.000040,-0.000000,1.570795,-0.300000,1.000000,1.100000,0.000000,0.000000,-1.571000,0.000034,0.992046,0.071834,0.994643
29.530000,-0.300034,0.007954,1.028133,-0.000038,0.000037,-0.016421,0.000040,-0.000001,1.570795,-0.300000,1.000000,1.100000,0.000000,0.000000,-1.571000,0.000034,0.992046,0.071867,0.994646
29.532000,-0.300034,0.007954,1.028100,-0.000037,0.000036,-0.016393,0.000040,-0.000001,1.570795,-0.300000,1.000000,1.100000,0.000000,0.000000,-1.571000,0.000034,0.992046,0.071900,0.994648
29.534000,-0.300034,0.007954,1.028067,-0.000037,0.000036,-0.016365,0.000040,-0.000002,1.570795,-0.300000,1.000000,1.100000,0.000000,0.000000,-1.571000,0.000034,0.992046,0.071933,0.994650
29.536000,-0.300034,0.007954,1.028034,-0.000036,0.000036,-0.016338,0.000041,-0.000002,1.570795,-0.300000,1.000000,1.100000,0.000000,0.000000,-1.571000,0.000034,0.992046,0.071966,0.994653
29.538000,-0.300034,0.007954,1.028002,-0.000035,0.000036,-0.016311,0.000041,-0.000003,1.570795,-0.300000,1.000000,1.100000,0.000000,0.000000,-1.571000,0.000034,0.992046,0.071998,0.994655
29.540000,-0.300034,0.007954,1.027969,-0.000034,0.000036,-0.016283,0.000041,-0.000004,1.570795,-0.300000,1.000000,1.100000,0.000000,0.000000,-1.571000,0.000034,0.992046,0.072031,0.994657
29.542000,-0.300035,0.007954,1.027936,-0.000033,0.000036,-0.016256,0.000041,-0.000004,1.570795,-0.300000,1.000000,1.100000,0.000000,0.000000,-1.571000,0.000035,0.992046,0.072064,0.994660
29.544000,-0.300035,0.007955,1.027904,-0.000032,0.000036,-0.016229,0.000040,-0.000005,1.570795,-0.300000,1.000000,1.100000,0.000000,0.000000,-1.571000,0.000035,0.992045,0.072096,0.994662
29.546000,-0.300035,0.007955,1.027871,-0.000031,0.000036,-0.016202,0.000040,-0.000005,1.570795,-0.300000,1.000000,1.100000,0.000000,0.000000,-1.571000,0.000035,0.992045,0.072129,0.994664
29.548000,-0.300035,0.007955,1.027839,-0.000031,0.000035,-0.016175,0.000040,-0.000006,1.570795,-0.300000,1.000000,1.100000,0.000000,0.000000,-1.571000,0.000035,0.992045,0.072161,0.994666
29.550000,-0.300035,0.007955,1.027807,-0.000030,0.000035,-0.016148,0.000040,-0.000006,1.570795,-0.300000,1.000000,1.100000,0.000000,0.000000,-1.571000,0.000035,0.992045,0.072193,0.994669
29.552000,-0.300035,0.007955,1.027774,-0.000029,0.000035,-0.016121,0.000040,-0.000006,1.570795,-0.300000,1.000000,1.100000,0.000000,0.000000,-1.571000,0.000035,0.992045,0.072226,0.994671
29.554000,-0.300035,0.007955,1.027742,-0.000028,0.000035,-0.016094,0.000040,-0.000007,1.570795,-0.300000,1.000000,1.100000,0.000000,0.000000,-1.571000,0.000035,0.992045,0.072258,0.994673
29.556000,-0.300035,0.007955,1.027710,-0.000027,0.000035,-0.016068,0.000039,-0.000007,1.570795,-0.300000,1.000000,1.100000,0.000000,0.000000,-1.571000,0.000035,0.992045,0.072290,0.994675
29.558000,-0.300035,0.007955,1.027678,-0.000026,0.000034,-0.016041,0.000039,-0.000008,1.570795,-0.300000,1.000000,1.100000,0.000000,0.000000,-1.571000,0.000035,0.992045,0.072322,0.994678
29.560000,-0.300035,0.007955,1.027646,-0.000026,0.000034,-0.016014,0.000039,-0.000008,1.570795,-0.300000,1.000000,1.100000,0.000000,0.000000,-1.571000,0.000035,0.992045,0.072354,0.994680
29.562000,-0.300035,0.007955,1.027614,-0.000025,0.000034,-0.015987,0.000038,-0.000008,1.570795,-0.300000,1.000000,1.100000,0.000000,0.000000,-1.571000,0.000035,0.992045,0.072386,0.994682
29.564000,-0.300035,0.007955,1.027582,-0.000024,0.000034,-0.015958,0.000038,-0.000008,1.570795,-0.300000,1.000000,1.100000,0.000000,0.000000,-1.571000,0.000035,0.992045,0.072418,0.994684
29.566000,-0.300035,0.007955,1.027550,-0.000023,0.000034,-0.015929,0.000038,-0.000008,1.570795,-0.300000,1.000000,1.100000,0.000000,0.000000,-1.571000,0.000035,0.992045,0.072450,0.994687
29.568000,-0.300035,0.007955,1.027518,-0.000022,0.000033,-0.015898,0.000037,-0.000009,1.570795,-0.300000,1.000000,1.100000,0.000000,0.000000,-1.571000,0.000035,0.992045,0.072482,0.994689
29.570000,-0.300035,0.007955,1.027486,-0.000022,0.000033,-0.015866,0.000037,-0.000009,1.570794,-0.300000,1.000000,1.100000,0.000000,0.000000,-1.571000,0.000035,0.992045,0.072514,0.994691
29.572000,-0.300035,0.007955,1.027455,-0.000021,0.000033,-0.015834,0.000037,-0.000009,1.570794,-0.300000,1.000000,1.100000,0.000000,0.000000,-1.571000,0.000035,0.992045,0.072545,0.994693
29.574000,-0.300035,0.007956,1.027423,-0.000020,0.000033,-0.015801,0.000036,-0.000009,1.570794,-0.300000,1.000000,1.100000,0.000000,0.000000,-1.571000,0.000035,0.992044,0.072577,0.994696
29.576000,-0.300035,0.007956,1.027391,-0.000019,0.000032,-0.015767,0.000036,-0.000009,1.570794,-0.300000,1.000000,1.100000,0.000000,0.000000,-1.571000,0.000035,0.992044,0.072609,0.994698
29.578000,-0.300035,0.007956,1.027360,-0.000019,0.000032,-0.015732,0.000035,-0.000008,1.570794,-0.300000,1.000000,1.100000,0.000000,0.000000,-1.571000,0.000035,0.992044,0.072640,0.994700
29.580000,-0.300035,0.007956,1.027328,-0.000018,0.000032,-0.015697,0.000035,-0.000008,1.570794,-0.300000,1.000000,1.100000,0.000000,0.000000,-1.571000,0.000035,0.992044,0.072672,0.994702
29.582000,-0.300036,0.007956,1.027297,-0.000017,0.000032,-0.015662,0.000035,-0.000008,1.570794,-0.300000,1.000000,1.100000,0.000000,0.000000,-1.571000,0.000036,0.992044,0.072703,0.994705
29.584000,-0.300036,0.007956,1.027266,-0.000017,0.000032,-0.015626,0.000034,-0.000008,1.570794,-0.300000,1.000000,1.100000,0.000000,0.000000,-1.571000,0.000036,0.992044,0.072734,0.994707
29.586000,-0.300036,0.007956,1.027235,-0.000016,0.000031,-0.015589,0.000034,-0.000007,1.570794,-0.300000,1.000000,1.100000,0.000000,0.000000,-1.571000,0.000036,0.992044,0.072765,0.994709
29.588000,-0.300036,0.007956,1.027203,-0.000015,0.000031,-0.015552,0.000033,-0.000007,1.570794,-0.300000,1.000000,1.100000,0.000000,0.000000,-1.571000,0.000036,0.992044,0.072797,0.994711
29.590000,-0.300036,0.007956,1.027172,-0.000014,0.000031,-0.015515,0.000033,-0.000007,1.570794,-0.300000,1.000000,1.100000,0.000000,0.000000,-1.571000,0.000036,0.992044,0.072828,0.994714
29.592000,-0.300036,0.007956,1.027141,-0.000014,0.000031,-0.015478,0.000032,-0.000006,1.570794,-0.300000,1.000000,1.100000,0.000000,0.000000,-1.571000,0.000036,0.992044,0.072859,0.994716
29.594000,-0.300036,0.007956,1.027110,-0.000013,0.000031,-0.015441,0.000032,-0.000006,1.570794,-0.300000,1.000000,1.100000,0.000000,0.000000,-1.571000,0.000036,0.992044,0.072890,0.994718
29.596000,-0.300036,0.007956,1.027080,-0.000013,0.000030,-0.015403,0.000031,-0.000005,1.570794,-0.300000,1.000000,1.100000,0.000000,0.000000,-1.571000,0.000036,0.992044,0.072920,0.994720
29.598000,-0.300036,0.007956,1.027049,-0.000012,0.000030,-0.015365,0.000031,-0.000004,1.570794,-0.300000,1.000000,1.100000,0.000000,0.000000,-1.571000,0.000036,0.992044,0.072951,0.994722
29.600000,-0.300036,0.007956,1.027018,-0.000011,0.000030,-0.015327,0.000030,-0.000004,1.570794,-0.300000,1.000000,1.100000,0.000000,0.000000,-1.571000,0.000036,0.992044,0.072982,0.994725
29.602000,-0.300036,0.007956,1.026987,-0.000011,0.000030,-0.015289,0.000030,-0.000003,1.570794,-0.300000,1.000000,1.100000,0.000000,0.000000,-1.571000,0.000036,0.992044,0.073013,0.994727
29.604000,-0.300036,0.007956,1.026957,-0.000010,0.000030,-0.015250,0.000029,-0.000003,1.570794,-0.300000,1.000000,1.100000,0.000000,0.000000,-1.571000,0.000036,0.992044,0.073043,0.994729
29.606000,-0.300036,0.007957,1.026926,-0.000009,0.000030,-0.015212,0.000029,-0.000002,1.570794,-0.300000,1.000000,1.100000,0.000000,0.000000,-1.571000,0.000036,0.992043,0.073074,0.994731
29.608000,-0.300036,0.007957,1.026896,-0.000009,0.000030,-0.015174,0.000028,-0.000002,1.570794,-0.300000,1.000000,1.100000,0.000000,0.000000,-1.571000,0.000036,0.992043,0.073104,0.994733
29.610000,-0.300036,0.007957,1.026866,-0.000008,0.000030,-0.015135,0.000028,-0.000001,1.570794,-0.300000,1.000000,1.100000,0.000000,0.000000,-1.571000,0.000036,0.992043,0.073134,0.994735
29.612000,-0.300036,0.007957,1.026835,-0.000008,0.000030,-0.015096,0.000028,-0.000000,1.570794,-0.300000,1.000000,1.100000,0.000000,0.000000,-1.571000,0.000036,0.992043,0.073165,0.994738
29.614000,-0.300036,0.007957,1.026805,-0.000007,0.000029,-0.015058,0.000027,0.000000,1.570794,-0.300000,1.000000,1.100000,0.000000,0.000000,-1.571000,0.000036,0.992043,0.073195,0.994740
29.616000,-0.300036,0.007957,1.026775,-0.000007,0.000029,-0.015019,0.000027,0.000001,1.570794,-0.300000,1.000000,1.100000,0.000000,0.000000,-1.571000,0.000036,0.992043,0.073225,0.994742
29.618000,-0.300036,0.007957,1.026745,-0.000006,0.000029,-0.014980,0.000026,0.000001,1.570794,-0.300000,1.000000,1.100000,0.000000,0.000000,-1.571000,0.000036,0.992043,0.073255,0.994744
29.620000,-0.300036,0.007957,1.026715,-0.000006,0.000029,-0.014941,0.000026,0.000001,1.570794,-0.300000,1.000000,1.100000,0.000000,0.000000,-1.571000,0.000036,0.992043,0.073285,0.994746
29.622000,-0.300036,0.007957,1.026685,-0.000005,0.000029,-0.014903,0.000025,0.000002,1.570794,-0.300000,1.000000,1.100000,0.000000,0.000000,-1.571000,0.000036,0.992043,0.073315,0.994748
29.624000,-0.300036,0.007957,1.026656,-0.000005,0.000029,-0.014865,0.000025,0.000002,1.570794,-0.300000,1.000000,1.100000,0.000000,0.000000,-1.571000,0.000036,0.992043,0.073344,0.994751
29.626000,-0.300036,0.007957,1.026626,-0.000004,0.000029,-0.014828,0.000024,0.000002,1.570794,-0.300000,1.000000,1.100000,0.000000,0.000000,-1.571000,0.000036,0.992043,0.073374,0.994753
29.628000,-0.300036,0.007957,1.026596,-0.000004,0.000029,-0.014791,0.000024,0.000003,1.570794,-0.300000,1.000000,1.100000,0.000000,0.000000,-1.571000,0.000036,0.992043,0.073404,0.994755
29.630000,-0.300036,0.007957,1.026567,-0.000003,0.000029,-0.014754,0.000023,0.000003,1.570794,-0.300000,1.000000,1.100000,0.000000,0.000000,-1.571000,0.000036,0.992043,0.073433,0.994757
29.632000,-0.300036,0.007957,1.026537,-0.000003,0.000029,-0.014718,0.000023,0.000003,1.570794,-0.300000,1.000000,1.100000,0.000000,0.000000,-1.571000,0.000036,0.992043,0.073463,0.994759
29.634000,-0.300036,0.007957,1.026508,-0.000002,0.000029,-0.014682,0.000022,0.000003,1.570794,-0.300000,1.000000,1.100000,0.000000,0.000000,-1.571000,0.000036,0.992043,0.073492,0.994761
29.636000,-0.300036,0.007957,1.026478,-0.000002,0.000029,-0.014647,0.000022,0.000003,1.570794,-0.300000,1.000000,1.100000,0.000000,0.000000,-1.571000,0.000036,0.992043,0.073522,0.994763
29.638000,-0.300036,0.007957,1.026449,-0.000001,0.000029,-0.014611,0.000021,0.000003,1.570794,-0.300000,1.000000,1.100000,0.000000,0.000000,-1.571000,0.000036,0.992043,0.073551,0.994765
29.640000,-0.300036,0.007958,1.026420,-0.000001,0.000029,-0.014576,0.000021,0.000003,1.570794,-0.300000,1.000000,1.100000,0.000000,0.000000,-1.571000,0.000036,0.992042,0.073580,0.994767
29.642000,-0.300036,0.007958,1.026391,-0.000001,0.000029,-0.014542,0.000020,0.000003,1.570794,-0.300000,1.000000,1.100000,0.000000,0.000000,-1.571000,0.000036,0.992042,0.073609,0.994770
29.644000,-0.300036,0.007958,1.026362,-0.000000,0.000029,-0.014507,0.000020,0.000003,1.570794,-0.300000,1.000000,1.100000,0.000000,0.000000,-1.571000,0.000036,0.992042,0.073638,0.994772
29.646000,-0.300036,0.007958,1.026333,0.000000,0.000029,-0.014473,0.000019,0.000002,1.570794,-0.300000,1.000000,1.100000,0.000000,0.000000,-1.571000,0.000036,0.992042,0.073667,0.994774
29.648000,-0.300036,0.007958,1.026304,0.000001,0.000029,-0.014439,0.000019,0.000002,1.570794,-0.300000,1.000000,1.100000,0.000000,0.000000,-1.571000,0.000036,0.992042,0.073696,0.994776
29.650000,-0.300036,0.007958,1.026275,0.000001,0.000029,-0.014405,0.000018,0.000002,1.570794,-0.300000,1.000000,1.100000,0.000000,0.000000,-1.571000,0.000036,0.992042,0.073725,0.994778
29.652000,-0.300036,0.007958,1.026246,0.000001,0.000029,-0.014372,0.000018,0.000002,1.570794,-0.300000,1.000000,1.100000,0.000000,0.000000,-1.571000,0.000036,0.992042,0.073754,0.994780
29.654000,-0.300036,0.007958,1.026218,0.000002,0.000029,-0.014338,0.000017,0.000001,1.570794,-0.300000,1.000000,1.100000,0.000000,0.000000,-1.571000,0.000036,0.992042,0.073782,0.994782
29.656000,-0.300036,0.007958,1.026189,0.000002,0.000029,-0.014305,0.000017,0.000001,1.570794,-0.300000,1.000000,1.100000,0.000000,0.000000,-1.571000,0.000036,0.992042,0.073811,0.994784
29.658000,-0.300036,0.007958,1.026160,0.000002,0.000029,-0.014272,0.000016,0.000001,1.570793,-0.300000,1.000000,1.100000,0.000000,0.000000,-1.571000,0.000036,0.992042,0.073840,0.994786
29.660000,-0.300036,0.007958,1.026132,0.000003,0.000029,-0.014239,0.000016,0.000001,1.570793,-0.300000,1.000000,1.100000,0.000000,0.000000,-1.571000,0.000036,0.992042,0.073868,0.994788
29.662000,-0.300036,0.007958,1.026103,0.000003,0.000029,-0.014206,0.000015,0.000001,1.570793,-0.300000,1.000000,1.100000,0.000000,0.000000,-1.571000,0.000036,0.992042,0.073897,0.994790
29.664000,-0.300036,0.007958,1.026075,0.000003,0.000029,-0.014173,0.000015,0.000001,1.570793,-0.300000,1.000000,1.100000,0.000000,0.000000,-1.571000,0.000036,0.992042,0.073925,0.994792
29.666000,-0.300036,0.007958,1.026047,0.000003,0.000029,-0.014140,0.000014,0.000000,1.570793,-0.300000,1.000000,1.100000,0.000000,0.000000,-1.571000,0.000036,0.992042,0.073953,0.994794
29.668000,-0.300036,0.007958,1.026018,0.000004,0.000029,-0.014108,0.000014,0.000000,1.570793,-0.300000,1.000000,1.100000,0.000000,0.000000,-1.571000,0.000036,0.992042,0.073982,0.994796
29.670000,-0.300036,0.007958,1.025990,0.000004,0.000029,-0.014075,0.000013,0.000000,1.570793,-0.300000,1.000000,1.100000,0.000000,0.000000,-1.571000,0.000036,0.992042,0.074010,0.994798
29.672000,-0.300036,0.007958,1.025962,0.000004,0.000029,-0.014043,0.000013,0.000000,1.570793,-0.300000,1.000000,1.100000,0.000000,0.000000,-1.571000,0.000036,0.992042,0.074038,0.994800
29.674000,-0.300036,0.007959,1.025934,0.000004,0.000029,-0.014011,0.000012,0.000000,1.570794,-0.300000,1.000000,1.100000,0.000000,0.000000,-1.571000,0.000036,0.992041,0.074066,0.994803
29.676000,-0.300036,0.007959,1.025906,0.000005,0.000029,-0.013979,0.000012,0.000000,1.570794,-0.300000,1.000000,1.100000,0.000000,0.000000,-1.571000,0.000036,0.992041,0.074094,0.994805
29.678000,-0.300036,0.007959,1.025878,0.000005,0.000029,-0.013947,0.000011,0.000000,1.570794,-0.300000,1.000000,1.100000,0.000000,0.000000,-1.571000,0.000036,0.992041,0.074122,0.994807
29.680000,-0.300036,0.007959,1.025850,0.000005,0.000029,-0.013915,0.000011,0.000000,1.570794,-0.300000,1.000000,1.100000,0.000000,0.000000,-1.571000,0.000036,0.992041,0.074150,0.994809
29.682000,-0.300036,0.007959,1.025822,0.000005,0.000029,-0.013883,0.000010,0.000000,1.570794,-0.300000,1.000000,1.100000,0.000000,0.000000,-1.571000,0.000036,0.992041,0.074178,0.994811
29.684000,-0.300036,0.007959,1.025795,0.000006,0.000029,-0.013851,0.000010,0.000000,1.570794,-0.300000,1.000000,1.100000,0.000000,0.000000,-1.571000,0.000036,0.992041,0.074205,0.994813
29.686000,-0.300036,0.007959,1.025767,0.000006,0.000029,-0.013819,0.000009,0.000000,1.570794,-0.300000,1.000000,1.100000,0.000000,0.000000,-1.571000,0.000036,0.992041,0.074233,0.994815
29.688000,-0.300036,0.007959,1.025739,0.000006,0.000028,-0.013788,0.000009,0.000000,1.570794,-0.300000,1.000000,1.100000,0.000000,0.000000,-1.571000,0.000036,0.992041,0.074261,0.994817
29.690000,-0.300036,0.007959,1.025712,0.000006,0.000028,-0.013756,0.000008,0.000001,1.570794,-0.300000,1.000000,1.100000,0.000000,0.000000,-1.571000,0.000036,0.992041,0.074288,0.994819
29.692000,-0.300036,0.007959,1.025684,0.000006,0.000028,-0.013725,0.000008,0.000001,1.570795,-0.300000,1.000000,1.100000,0.000000,0.000000,-1.571000,0.000036,0.992041,0.074316,0.994821
29.694000,-0.300036,0.007959,1.025657,0.000006,0.000028,-0.013693,0.000007,0.000001,1.570795,-0.300000,1.000000,1.100000,0.000000,0.000000,-1.571000,0.000036,0.992041,0.074343,0.994823
29.696000,-0.300036,0.007959,1.025629,0.000006,0.000028,-0.013662,0.000007,0.000001,1.570795,-0.300000,1.000000,1.100000,0.000000,0.000000,-1.571000,0.000036,0.992041,0.074371,0.994825
29.698000,-0.300036,0.007959,1.025602,0.000007,0.000028,-0.013631,0.000006,0.000001,1.570795,-0.300000,1.000000,1.100000,0.000000,0.000000,-1.571000,0.000036,0.992041,0.074398,0.994827
29.700000,-0.300036,0.007959,1.025575,0.000007,0.000028,-0.013599,0.000006,0.000002,1.570795,-0.300000,1.000000,1.100000,0.000000,0.000000,-1.571000,0.000036,0.992041,0.074425,0.994829
29.702000,-0.300036,0.007959,1.025548,0.000007,0.000028,-0.013568,0.000005,0.000002,1.570795,-0.300000,1.000000,1.100000,0.000000,0.000000,-1.571000,0.000036,0.992041,0.074452,0.994831
29.704000,-0.300036,0.007959,1.025521,0.000007,0.000028,-0.013537,0.000005,0.000002,1.570795,-0.300000,1.000000,1.100000,0.000000,0.000000,-1.571000,0.000036,0.992041,0.074479,0.994833
29.706000,-0.300036,0.007959,1.025494,0.000007,0.000028,-0.013506,0.000004,0.000002,1.570795,-0.300000,1.000000,1.100000,0.000000,0.000000,-1.571000,0.000036,0.992041,0.074506,0.994834
29.708000,-0.300036,0.007960,1.025467,0.000007,0.000028,-0.013475,0.000004,0.000002,1.570795,-0.300000,1.000000,1.100000,0.000000,0.000000,-1.571000,0.000036,0.992040,0.074533,0.994836
29.710000,-0.300036,0.007960,1.025440,0.000007,0.000028,-0.013445,0.000003,0.000003,1.570795,-0.300000,1.000000,1.100000,0.000000,0.000000,-1.571000,0.000036,0.992040,0.074560,0.994838
29.712000,-0.300036,0.007960,1.025413,0.000007,0.000028,-0.013414,0.000003,0.000003,1.570795,-0.300000,1.000000,1.100000,0.000000,0.000000,-1.571000,0.000036,0.992040,0.074587,0.994840
29.714000,-0.300036,0.007960,1.025386,0.000007,0.000028,-0.013383,0.000002,0.000003,1.570795,-0.300000,1.000000,1.100000,0.000000,0.000000,-1.571000,0.000036,0.992040,0.074614,0.994842
29.716000,-0.300036,0.007960,1.025359,0.000007,0.000028,-0.013352,0.000002,0.000003,1.570795,-0.300000,1.000000,1.100000,0.000000,0.000000,-1.571000,0.000036,0.992040,0.074641,0.994844
29.718000,-0.300036,0.007960,1.025332,0.000007,0.000028,-0.013322,0.000001,0.000003,1.570795,-0.300000,1.000000,1.100000,0.000000,0.000000,-1.571000,0.000036,0.992040,0.074668,0.994846
29.720000,-0.300036,0.007960,1.025306,0.000007,0.000028,-0.013291,0.000001,0.000003,1.570795,-0.300000,1.000000,1.100000,0.000000,0.000000,-1.571000,0.000036,0.992040,0.074694,0.994848
29.722000,-0.300036,0.007960,1.025279,0.000007,0.000028,-0.013261,0.000000,0.000003,1.570795,-0.300000,1.000000,1.100000,0.000000,0.000000,-1.571000,0.000036,0.992040,0.074721,0.994850
29.724000,-0.300036,0.007960,1.025253,0.000007,0.000028,-0.013230,-0.000000,0.000003,1.570795,-0.300000,1.000000,1.100000,0.000000,0.000000,-1.571000,0.000036,0.992040,0.074747,0.994852
29.726000,-0.300036,0.007960,1.025226,0.000007,0.000028,-0.013200,-0.000001,0.000003,1.570795,-0.300000,1.000000,1.100000,0.000000,0.000000,-1.571000,0.000036,0.992040,0.074774,0.994854
29.728000,-0.300036,0.007960,1.025200,0.000007,0.000028,-0.013170,-0.000001,0.000002,1.570795,-0.300000,1.000000,1.100000,0.000000,0.000000,-1.571000,0.000036,0.992040,0.074800,0.994856
29.730000,-0.300036,0.007960,1.025174,0.000007,0.000028,-0.013140,-0.000002,0.000002,1.570796,-0.300000,1.000000,1.100000,0.000000,0.000000,-1.571000,0.000036,0.992040,0.074826,0.994858
29.732000,-0.300036,0.007960,1.025147,0.000007,0.000028,-0.013109,-0.000002,0.000002,1.570796,-0.300000,1.000000,1.100000,0.000000,0.000000,-1.571000,0.000036,0.992040,0.074853,0.994860
29.734000,-0.300036,0.007960,1.025121,0.000007,0.000028,-0.013079,-0.000003,0.000002,1.570796,-0.300000,1.000000,1.100000,0.000000,0.000000,-1.571000,0.000036,0.992040,0.074879,0.994862
29.736000,-0.300036,0.007960,1.025095,0.000007,0.000028,-0.013049,-0.000003,0.000002,1.570796,-0.300000,1.000000,1.100000,0.000000,0.000000,-1.571000,0.000036,0.992040,0.074905,0.994864
29.738000,-0.300035,0.007960,1.025069,0.000007,0.000028,-0.013019,-0.000004,0.000001,1.570796,-0.300000,1.000000,1.100000,0.000000,0.000000,-1.571000,0.000035,0.992040,0.074931,0.994865
29.740000,-0.300035,0.007960,1.025043,0.000007,0.000028,-0.012989,-0.000004,0.000001,1.570796,-0.300000,1.000000,1.100000,0.000000,0.000000,-1.571000,0.000035,0.992040,0.074957,0.994867
29.742000,-0.300035,0.007960,1.025017,0.000007,0.000028,-0.012959,-0.000005,0.000001,1.570796,-0.300000,1.000000,1.100000,0.000000,0.000000,-1.571000,0.000035,0.992040,0.074983,0.994869
29.744000,-0.300035,0.007961,1.024991,0.000007,0.000028,-0.012929,-0.000005,0.000001,1.570796,-0.300000,1.000000,1.100000,0.000000,0.000000,-1.571000,0.000035,0.992039,0.075009,0.994871
29.746000,-0.300035,0.007961,1.024965,0.000006,0.000028,-0.012900,-0.000006,0.000001,1.570796,-0.300000,1.000000,1.100000,0.000000,0.000000,-1.571000,0.000035,0.992039,0.075035,0.994873
29.748000,-0.300035,0.007961,1.024939,0.000006,0.000028,-0.012870,-0.000006,0.000001,1.570796,-0.300000,1.000000,1.100000,0.000000,0.000000,-1.571000,0.000035,0.992039,0.075061,0.994875
29.750000,-0.300035,0.007961,1.024914,0.000006,0.000028,-0.012840,-0.000007,0.000001,1.570796,-0.300000,1.000000,1.100000,0.000000,0.000000,-1.571000,0.000035,0.992039,0.075086,0.994877
29.752000,-0.300035,0.007961,1.024888,0.000006,0.000028,-0.012811,-0.000007,0.000001,1.570796,-0.300000,1.000000,1.100000,0.000000,0.000000,-1.571000,0.000035,0.992039,0.075112,0.994879
29.754000,-0.300035,0.007961,1.024862,0.000006,0.000028,-0.012781,-0.000008,0.000001,1.570796,-0.300000,1.000000,1.100000,0.000000,0.000000,-1.571000,0.000035,0.992039,0.075138,0.994881
29.756000,-0.300035,0.007961,1.024837,0.000006,0.000028,-0.012752,-0.000008,0.000001,1.570796,-0.300000,1.000000,1.100000,0.000000,0.000000,-1.571000,0.000035,0.992039,0.075163,0.994882
29.758000,-0.300035,0.007961,1.024811,0.000006,0.000028,-0.012722,-0.000009,0.000001,1.570796,-0.300000,1.000000,1.100000,0.000000,0.000000,-1.571000,0.000035,0.992039,0.075189,0.994884
29.760000,-0.300035,0.007961,1.024786,0.000005,0.000028,-0.012693,-0.000009,0.000001,1.570796,-0.300000,1.000000,1.100000,0.000000,0.000000,-1.571000,0.000035,0.992039,0.075214,0.994886
29.762000,-0.300035,0.007961,1.024761,0.000005,0.000028,-0.012663,-0.000010,0.000001,1.570796,-0.300000,1.000000,1.100000,0.000000,0.000000,-1.571000,0.000035,0.992039,0.075239,0.994888
29.764000,-0.300035,0.007961,1.024735,0.000005,0.000028,-0.012634,-0.000010,0.000001,1.570796,-0.300000,1.000000,1.100000,0.000000,0.000000,-1.571000,0.000035,0.992039,0.075265,0.994890
29.766000,-0.300035,0.007961,1.024710,0.000005,0.000028,-0.012605,-0.000011,0.000001,1.570796,-0.300000,1.000000,1.100000,0.000000,0.000000,-1.571000,0.000035,0.992039,0.075290,0.994892
29.768000,-0.300035,0.007961,1.024685,0.000005,0.000028,-0.012576,-0.000011,0.000002,1.570796,-0.300000,1.000000,1.100000,0.000000,0.000000,-1.571000,0.000035,0.992039,0.075315,0.994894
29.770000,-0.300035,0.007961,1.024660,0.000004,0.000028,-0.012547,-0.000012,0.000002,1.570796,-0.300000,1.000000,1.100000,0.000000,0.000000,-1.571000,0.000035,0.992039,0.075340,0.994895
29.772000,-0.300035,0.007961,1.024635,0.000004,0.000028,-0.012518,-0.000012,0.000002,1.570796,-0.300000,1.000000,1.100000,0.000000,0.000000,-1.571000,0.000035,0.992039,0.075365,0.994897
29.774000,-0.300035,0.007961,1.024610,0.000004,0.000028,-0.012489,-0.000013,0.000003,1.570796,-0.300000,1.000000,1.100000,0.000000,0.000000,-1.571000,0.000035,0.992039,0.075390,0.994899
29.776000,-0.300035,0.007961,1.024585,0.000004,0.000028,-0.012460,-0.000013,0.000003,1.570796,-0.300000,1.000000,1.100000,0.000000,0.000000,-1.571000,0.000035,0.992039,0.075415,0.994901
29.778000,-0.300035,0.007961,1.024560,0.000003,0.000028,-0.012431,-0.000014,0.000003,1.570796,-0.300000,1.000000,1.100000,0.000000,0.000000,-1.571000,0.000035,0.992039,0.075440,0.994903
29.780000,-0.300035,0.007962,1.024535,0.000003,0.000028,-0.012402,-0.000014,0.000003,1.570796,-0.300000,1.000000,1.100000,0.000000,0.000000,-1.571000,0.000035,0.992038,0.075465,0.994905
29.782000,-0.300035,0.007962,1.024510,0.000003,0.000028,-0.012373,-0.000015,0.000003,1.570796,-0.300000,1.000000,1.100000,0.000000,0.000000,-1.571000,0.000035,0.992038,0.075490,0.994907
29.784000,-0.300035,0.007962,1.024485,0.000002,0.000028,-0.012344,-0.000015,0.000004,1.570796,-0.300000,1.000000,1.100000,0.000000,0.000000,-1.571000,0.000035,0.992038,0.075515,0.994908
29.786000,-0.300035,0.007962,1.024461,0.000002,0.000028,-0.012316,-0.000016,0.000004,1.570796,-0.300000,1.000000,1.100000,0.000000,0.000000,-1.571000,0.000035,0.992038,0.075539,0.994910
29.788000,-0.300035,0.007962,1.024436,0.000002,0.000028,-0.012287,-0.000016,0.000004,1.570796,-0.300000,1.000000,1.100000,0.000000,0.000000,-1.571000,0.000035,0.992038,0.075564,0.994912
29.790000,-0.300035,0.007962,1.024412,0.000001,0.000028,-0.012258,-0.000017,0.000004,1.570796,-0.300000,1.000000,1.100000,0.000000,0.000000,-1.571000,0.000035,0.992038,0.075588,0.994914
29.792000,-0.300035,0.007962,1.024387,0.000001,0.000028,-0.012230,-0.000017,0.000004,1.570796,-0.300000,1.000000,1.100000,0.000000,0.000000,-1.571000,0.000035,0.992038,0.075613,0.994916
29.794000,-0.300035,0.007962,1.024363,0.000001,0.000028,-0.012201,-0.000018,0.000004,1.570796,-0.300000,1.000000,1.100000,0.000000,0.000000,-1.571000,0.000035,0.992038,0.075637,0.994917
29.796000,-0.300035,0.007962,1.024338,0.000000,0.000028,-0.012173,-0.000018,0.000004,1.570796,-0.300000,1.000000,1.100000,0.000000,0.000000,-1.571000,0.000035,0.992038,0.075662,0.994919
29.798000,-0.300035,0.007962,1.024314,0.000000,0.000028,-0.012145,-0.000019,0.000004,1.570796,-0.300000,1.000000,1.100000,0.000000,0.000000,-1.571000,0.000035,0.992038,0.075686,0.994921
29.800000,-0.300035,0.007962,1.024290,-0.000000,0.000028,-0.012116,-0.000019,0.000004,1.570796,-0.300000,1.000000,1.100000,0.000000,0.000000,-1.571000,0.000035,0.992038,0.075710,0.994923
29.802000,-0.300035,0.007962,1.024266,-0.000001,0.000028,-0.012088,-0.000020,0.000003,1.570796,-0.300000,1.000000,1.100000,0.000000,0.000000,-1.571000,0.000035,0.992038,0.075734,0.994925
29.804000,-0.300035,0.007962,1.024241,-0.000001,0.000028,-0.012060,-0.000020,0.000003,1.570796,-0.300000,1.000000,1.100000,0.000000,0.000000,-1.571000,0.000035,0.992038,0.075759,0.994926
29.806000,-0.300035,0.007962,1.024217,-0.000001,0.000028,-0.012032,-0.000021,0.000003,1.570796,-0.300000,1.000000,1.100000,0.000000,0.000000,-1.571000,0.000035,0.992038,0.075783,0.994928
29.808000,-0.300035,0.007962,1.024193,-0.000002,0.000028,-0.012004,-0.000021,0.000003,1.570796,-0.300000,1.000000,1.100000,0.000000,0.000000,-1.571000,0.000035,0.992038,0.075807,0.994930
29.810000,-0.300035,0.007962,1.024169,-0.000002,0.000028,-0.011976,-0.000022,0.000002,1.570796,-0.300000,1.000000,1.100000,0.000000,0.000000,-1.571000,0.000035,0.992038,0.075831,0.994932
29.812000,-0.300035,0.007962,1.024145,-0.000003,0.000028,-0.011948,-0.000022,0.000002,1.570797,-0.300000,1.000000,1.100000,0.000000,0.000000,-1.571000,0.000035,0.992038,0.075855,0.994933
29.814000,-0.300035,0.007962,1.024121,-0.000003,0.000028,-0.011920,-0.000023,0.000002,1.570797,-0.300000,1.000000,1.100000,0.000000,0.000000,-1.571000,0.000035,0.992038,0.075879,0.994935
29.816000,-0.300035,0.007963,1.024098,-0.000004,0.000028,-0.011892,-0.000023,0.000001,1.570797,-0.300000,1.000000,1.100000,0.000000,0.000000,-1.571000,0.000035,0.992037,0.075902,0.994937
29.818000,-0.300035,0.007963,1.024074,-0.000004,0.000028,-0.011864,-0.000024,0.000001,1.570797,-0.300000,1.000000,1.100000,0.000000,0.000000,-1.571000,0.000035,0.992037,0.075926,0.994939
29.820000,-0.300035,0.007963,1.024050,-0.000004,0.000028,-0.011836,-0.000024,0.000001,1.570797,-0.300000,1.000000,1.100000,0.000000,0.000000,-1.571000,0.000035,0.992037,0.075950,0.994940
29.822000,-0.300035,0.007963,1.024026,-0.000005,0.000028,-0.011808,-0.000025,0.000000,1.570797,-0.300000,1.000000,1.100000,0.000000,0.000000,-1.571000,0.000035,0.992037,0.075974,0.994942
29.824000,-0.300035,0.007963,1.024003,-0.000005,0.000028,-0.011781,-0.000025,0.000000,1.570797,-0.300000,1.000000,1.100000,0.000000,0.000000,-1.571000,0.000035,0.992037,0.075997,0.994944
29.826000,-0.300035,0.007963,1.023979,-0.000006,0.000028,-0.011753,-0.000026,-0.000000,1.570797,-0.300000,1.000000,1.100000,0.000000,0.000000,-1.571000,0.000035,0.992037,0.076021,0.994946
29.828000,-0.300035,0.007963,1.023956,-0.000006,0.000028,-0.011725,-0.000026,-0.000000,1.570797,-0.300000,1.000000,1.100000,0.000000,0.000000,-1.571000,0.000035,0.992037,0.076044,0.994947
29.830000,-0.300035,0.007963,1.023932,-0.000007,0.000028,-0.011698,-0.000027,-0.000001,1.570797,-0.300000,1.000000,1.100000,0.000000,0.000000,-1.571000,0.000035,0.992037,0.076068,0.994949
29.832000,-0.300035,0.007963,1.023909,-0.000007,0.000027,-0.011670,-0.000027,-0.000001,1.570797,-0.300000,1.000000,1.100000,0.000000,0.000000,-1.571000,0.000035,0.992037,0.076091,0.994951
29.834000,-0.300035,0.007963,1.023886,-0.000008,0.000027,-0.011643,-0.000028,-0.000001,1.570797,-0.300000,1.000000,1.100000,0.000000,0.000000,-1.571000,0.000035,0.992037,0.076114,0.994953
29.836000,-0.300035,0.007963,1.023862,-0.000009,0.000027,-0.011616,-0.000028,-0.000001,1.570797,-0.300000,1.000000,1.100000,0.000000,0.000000,-1.571000,0.000035,0.992037,0.076138,0.994954
29.838000,-0.300035,0.007963,1.023839,-0.000009,0.000027,-0.011588,-0.000029,-0.000001,1.570797,-0.300000,1.000000,1.100000,0.000000,0.000000,-1.571000,0.000035,0.992037,0.076161,0.994956
29.840000,-0.300035,0.007963,1.023816,-0.000010,0.000027,-0.011561,-0.000029,-0.000001,1.570797,-0.300000,1.000000,1.100000,0.000000,0.000000,-1.571000,0.000035,0.992037,0.076184,0.994958
29.842000,-0.300035,0.007963,1.023793,-0.000010,0.000027,-0.011534,-0.000030,-0.000001,1.570797,-0.300000,1.000000,1.100000,0.000000,0.000000,-1.571000,0.000035,0.992037,0.076207,0.994960
29.844000,-0.300035,0.007963,1.023770,-0.000011,0.000027,-0.011507,-0.000030,-0.000001,1.570797,-0.300000,1.000000,1.100000,0.000000,0.000000,-1.571000,0.000035,0.992037,0.076230,0.994961
29.846000,-0.300036,0.007963,1.023747,-0.000011,0.000027,-0.011479,-0.000031,-0.000001,1.570797,-0.300000,1.000000,1.100000,0.000000,0.000000,-1.571000,0.000036,0.992037,0.076253,0.994963
29.848000,-0.300036,0.007963,1.023724,-0.000012,0.000027,-0.011452,-0.000031,-0.000000,1.570797,-0.300000,1.000000,1.100000,0.000000,0.000000,-1.571000,0.000036,0.992037,0.076276,0.994965
29.850000,-0.300036,0.007963,1.023701,-0.000012,0.000027,-0.011425,-0.000032,-0.000000,1.570797,-0.300000,1.000000,1.100000,0.000000,0.000000,-1.571000,0.000036,0.992037,0.076299,0.994966
29.852000,-0.300036,0.007964,1.023678,-0.000013,0.000027,-0.011398,-0.000032,0.000000,1.570797,-0.300000,1.000000,1.100000,0.000000,0.000000,-1.571000,0.000036,0.992036,0.076322,0.994968
29.854000,-0.300036,0.007964,1.023655,-0.000014,0.000027,-0.011371,-0.000033,0.000000,1.570797,-0.300000,1.000000,1.100000,0.000000,0.000000,-1.571000,0.000036,0.992036,0.076345,0.994970
29.856000,-0.300036,0.007964,1.023633,-0.000014,0.000027,-0.011345,-0.000033,0.000001,1.570797,-0.300000,1.000000,1.100000,0.000000,0.000000,-1.571000,0.000036,0.992036,0.076367,0.994971
29.858000,-0.300036,0.007964,1.023610,-0.000015,0.000027,-0.011318,-0.000034,0.000001,1.570797,-0.300000,1.000000,1.100000,0.000000,0.000000,-1.571000,0.000036,0.992036,0.076390,0.994973
29.860000,-0.300036,0.007964,1.023587,-0.000016,0.000027,-0.011291,-0.000034,0.000001,1.570797,-0.300000,1.000000,1.100000,0.000000,0.000000,-1.571000,0.000036,0.992036,0.076413,0.994975
29.862000,-0.300036,0.007964,1.023565,-0.000016,0.000027,-0.011264,-0.000035,0.000001,1.570797,-0.300000,1.000000,1.100000,0.000000,0.000000,-1.571000,0.000036,0.992036,0.076435,0.994976
29.864000,-0.300036,0.007964,1.023542,-0.000017,0.000027,-0.011237,-0.000035,0.000001,1.570797,-0.300000,1.000000,1.100000,0.000000,0.000000,-1.571000,0.000036,0.992036,0.076458,0.994978
29.866000,-0.300036,0.007964,1.023520,-0.000018,0.000027,-0.011211,-0.000036,0.000002,1.570797,-0.300000,1.000000,1.100000,0.000000,0.000000,-1.571000,0.000036,0.992036,0.076480,0.994980
29.868000,-0.300036,0.007964,1.023498,-0.000018,0.000027,-0.011184,-0.000036,0.000002,1.570797,-0.300000,1.000000,1.100000,0.000000,0.000000,-1.571000,0.000036,0.992036,0.076502,0.994982
29.870000,-0.300036,0.007964,1.023475,-0.000019,0.000027,-0.011158,-0.000037,0.000002,1.570797,-0.300000,1.000000,1.100000,0.000000,0.000000,-1.571000,0.000036,0.992036,0.076525,0.994983
29.872000,-0.300036,0.007964,1.023453,-0.000020,0.000027,-0.011131,-0.000037,0.000002,1.570797,-0.300000,1.000000,1.100000,0.000000,0.000000,-1.571000,0.000036,0.992036,0.076547,0.994985
29.874000,-0.300036,0.007964,1.023431,-0.000020,0.000027,-0.011105,-0.000038,0.000002,1.570797,-0.300000,1.000000,1.100000,0.000000,0.000000,-1.571000,0.000036,0.992036,0.076569,0.994986
29.876000,-0.300036,0.007964,1.023408,-0.000021,0.000027,-0.011078,-0.000038,0.000002,1.570797,-0.300000,1.000000,1.100000,0.000000,0.000000,-1.571000,0.000036,0.992036,0.076592,0.994988
29.878000,-0.300036,0.007964,1.023386,-0.000022,0.000027,-0.011052,-0.000039,0.000002,1.570797,-0.300000,1.000000,1.100000,0.000000,0.000000,-1.571000,0.000036,0.992036,0.076614,0.994990
29.880000,-0.300036,0.007964,1.023364,-0.000022,0.000027,-0.011026,-0.000039,0.000002,1.570797,-0.300000,1.000000,1.100000,0.000000,0.000000,-1.571000,0.000036,0.992036,0.076636,0.994991
29.882000,-0.300036,0.007964,1.023342,-0.000023,0.000027,-0.011000,-0.000040,0.000002,1.570797,-0.300000,1.000000,1.100000,0.000000,0.000000,-1.571000,0.000036,0.992036,0.076658,0.994993
29.884000,-0.300036,0.007964,1.023320,-0.000024,0.000027,-0.010973,-0.000040,0.000002,1.570797,-0.300000,1.000000,1.100000,0.000000,0.000000,-1.571000,0.000036,0.992036,0.076680,0.994995
29.886000,-0.300036,0.007964,1.023298,-0.000025,0.000026,-0.010947,-0.000041,0.000002,1.570797,-0.300000,1.000000,1.100000,0.000000,0.000000,-1.571000,0.000036,0.992036,0.076702,0.994996
29.888000,-0.300036,0.007964,1.023276,-0.000025,0.000026,-0.010921,-0.000041,0.000001,1.570797,-0.300000,1.000000,1.100000,0.000000,0.000000,-1.571000,0.000036,0.992036,0.076724,0.994998
29.890000,-0.300036,0.007965,1.023255,-0.000026,0.000026,-0.010895,-0.000042,0.000001,1.570797,-0.300000,1.000000,1.100000,0.000000,0.000000,-1.571000,0.000036,0.992035,0.076745,0.995000
29.892000,-0.300036,0.007965,1.023233,-0.000027,0.000026,-0.010869,-0.000042,0.000001,1.570797,-0.300000,1.000000,1.100000,0.000000,0.000000,-1.571000,0.000036,0.992035,0.076767,0.995001
29.894000,-0.300036,0.007965,1.023211,-0.000028,0.000026,-0.010843,-0.000042,0.000000,1.570797,-0.300000,1.000000,1.100000,0.000000,0.000000,-1.571000,0.000036,0.992035,0.076789,0.995003
29.896000,-0.300036,0.007965,1.023189,-0.000028,0.000026,-0.010817,-0.000043,0.000000,1.570797,-0.300000,1.000000,1.100000,0.000000,0.000000,-1.571000,0.000036,0.992035,0.076811,0.995005
29.898000,-0.300037,0.007965,1.023168,-0.000029,0.000026,-0.010791,-0.000043,-0.000000,1.570797,-0.300000,1.000000,1.100000,0.000000,0.000000,-1.571000,0.000037,0.992035,0.076832,0.995006
29.900000,-0.300037,0.007965,1.023146,-0.000030,0.000026,-0.010766,-0.000043,-0.000001,1.570797,-0.300000,1.000000,1.100000,0.000000,0.000000,-1.571000,0.000037,0.992035,0.076854,0.995008
29.902000,-0.300037,0.007965,1.023125,-0.000031,0.000026,-0.010740,-0.000043,-0.000001,1.570797,-0.300000,1.000000,1.100000,0.000000,0.000000,-1.571000,0.000037,0.992035,0.076875,0.995009
29.904000,-0.300037,0.007965,1.023103,-0.000032,0.000026,-0.010714,-0.000043,-0.000002,1.570798,-0.300000,1.000000,1.100000,0.000000,0.000000,-1.571000,0.000037,0.992035,0.076897,0.995011
29.906000,-0.300037,0.007965,1.023082,-0.000032,0.000026,-0.010689,-0.000043,-0.000002,1.570798,-0.300000,1.000000,1.100000,0.000000,0.000000,-1.571000,0.000037,0.992035,0.076918,0.995013
29.908000,-0.300037,0.007965,1.023060,-0.000033,0.000026,-0.010663,-0.000043,-0.000003,1.570798,-0.300000,1.000000,1.100000,0.000000,0.000000,-1.571000,0.000037,0.992035,0.076940,0.995014
29.910000,-0.300037,0.007965,1.023039,-0.000034,0.000026,-0.010637,-0.000043,-0.000003,1.570798,-0.300000,1.000000,1.100000,0.000000,0.000000,-1.571000,0.000037,0.992035,0.076961,0.995016
29.912000,-0.300037,0.007965,1.023018,-0.000035,0.000026,-0.010612,-0.000042,-0.000004,1.570798,-0.300000,1.000000,1.100000,0.000000,0.000000,-1.571000,0.000037,0.992035,0.076982,0.995017
29.914000,-0.300037,0.007965,1.022997,-0.000035,0.000026,-0.010586,-0.000042,-0.000004,1.570798,-0.300000,1.000000,1.100000,0.000000,0.000000,-1.571000,0.000037,0.992035,0.077003,0.995019
29.916000,-0.300037,0.007965,1.022976,-0.000036,0.000025,-0.010561,-0.000042,-0.000005,1.570798,-0.300000,1.000000,1.100000,0.000000,0.000000,-1.571000,0.000037,0.992035,0.077024,0.995021
29.918000,-0.300037,0.007965,1.022954,-0.000037,0.000025,-0.010536,-0.000042,-0.000005,1.570798,-0.300000,1.000000,1.100000,0.000000,0.000000,-1.571000,0.000037,0.992035,0.077046,0.995022
29.920000,-0.300037,0.007965,1.022933,-0.000038,0.000025,-0.010510,-0.000041,-0.000006,1.570798,-0.300000,1.000000,1.100000,0.000000,0.000000,-1.571000,0.000037,0.992035,0.077067,0.995024
29.922000,-0.300037,0.007965,1.022912,-0.000038,0.000025,-0.010485,-0.000041,-0.000006,1.570798,-0.300000,1.000000,1.100000,0.000000,0.000000,-1.571000,0.000037,0.992035,0.077088,0.995025
29.924000,-0.300037,0.007965,1.022891,-0.000039,0.000025,-0.010460,-0.000040,-0.000007,1.570798,-0.300000,1.000000,1.100000,0.000000,0.000000,-1.571000,0.000037,0.992035,0.077109,0.995027
29.926000,-0.300038,0.007965,1.022871,-0.000040,0.000025,-0.010435,-0.000040,-0.000007,1.570798,-0.300000,1.000000,1.100000,0.000000,0.000000,-1.571000,0.000038,0.992035,0.077129,0.995028
29.928000,-0.300038,0.007965,1.022850,-0.000041,0.000024,-0.010409,-0.000039,-0.000008,1.570798,-0.300000,1.000000,1.100000,0.000000,0.000000,-1.571000,0.000038,0.992035,0.077150,0.995030
29.930000,-0.300038,0.007966,1.022829,-0.000041,0.000024,-0.010384,-0.000039,-0.000008,1.570798,-0.300000,1.000000,1.100000,0.000000,0.000000,-1.571000,0.000038,0.992034,0.077171,0.995032
29.932000,-0.300038,0.007966,1.022808,-0.000042,0.000024,-0.010359,-0.000038,-0.000009,1.570798,-0.300000,1.000000,1.100000,0.000000,0.000000,-1.571000,0.000038,0.992034,0.077192,0.995033
29.934000,-0.300038,0.007966,1.022787,-0.000043,0.000024,-0.010334,-0.000038,-0.000009,1.570798,-0.300000,1.000000,1.100000,0.000000,0.000000,-1.571000,0.000038,0.992034,0.077213,0.995035
29.936000,-0.300038,0.007966,1.022767,-0.000043,0.000024,-0.010309,-0.000037,-0.000009,1.570798,-0.300000,1.000000,1.100000,0.000000,0.000000,-1.571000,0.000038,0.992034,0.077233,0.995036
29.938000,-0.300038,0.007966,1.022746,-0.000044,0.000023,-0.010284,-0.000037,-0.000009,1.570798,-0.300000,1.000000,1.100000,0.000000,0.000000,-1.571000,0.000038,0.992034,0.077254,0.995038
29.940000,-0.300038,0.007966,1.022726,-0.000045,0.000023,-0.010259,-0.000036,-0.000010,1.570798,-0.300000,1.000000,1.100000,0.000000,0.000000,-1.571000,0.000038,0.992034,0.077274,0.995039
29.942000,-0.300038,0.007966,1.022705,-0.000045,0.000023,-0.010235,-0.000035,-0.000010,1.570798,-0.300000,1.000000,1.100000,0.000000,0.000000,-1.571000,0.000038,0.992034,0.077295,0.995041
29.944000,-0.300038,0.007966,1.022685,-0.000046,0.000023,-0.010210,-0.000035,-0.000010,1.570798,-0.300000,1.000000,1.100000,0.000000,0.000000,-1.571000,0.000038,0.992034,0.077315,0.995042
29.946000,-0.300038,0.007966,1.022664,-0.000046,0.000022,-0.010185,-0.000034,-0.000010,1.570798,-0.300000,1.000000,1.100000,0.000000,0.000000,-1.571000,0.000038,0.992034,0.077336,0.995044
29.948000,-0.300038,0.007966,1.022644,-0.000047,0.000022,-0.010160,-0.000033,-0.000010,1.570798,-0.300000,1.000000,1.100000,0.000000,0.000000,-1.571000,0.000038,0.992034,0.077356,0.995045
29.950000,-0.300039,0.007966,1.022624,-0.000048,0.000022,-0.010136,-0.000033,-0.000010,1.570798,-0.300000,1.000000,1.100000,0.000000,0.000000,-1.571000,0.000039,0.992034,0.077376,0.995047
29.952000,-0.300039,0.007966,1.022603,-0.000048,0.000022,-0.010111,-0.000032,-0.000010,1.570798,-0.300000,1.000000,1.100000,0.000000,0.000000,-1.571000,0.000039,0.992034,0.077397,0.995049
29.954000,-0.300039,0.007966,1.022583,-0.000049,0.000021,-0.010087,-0.000031,-0.000010,1.570798,-0.300000,1.000000,1.100000,0.000000,0.000000,-1.571000,0.000039,0.992034,0.077417,0.995050
29.956000,-0.300039,0.007966,1.022563,-0.000049,0.000021,-0.010062,-0.000031,-0.000009,1.570798,-0.300000,1.000000,1.100000,0.000000,0.000000,-1.571000,0.000039,0.992034,0.077437,0.995052
29.958000,-0.300039,0.007966,1.022543,-0.000050,0.000021,-0.010038,-0.000030,-0.000009,1.570798,-0.300000,1.000000,1.100000,0.000000,0.000000,-1.571000,0.000039,0.992034,0.077457,0.995053
29.960000,-0.300039,0.007966,1.022523,-0.000050,0.000021,-0.010013,-0.000029,-0.000009,1.570798,-0.300000,1.000000,1.100000,0.000000,0.000000,-1.571000,0.000039,0.992034,0.077477,0.995055
29.962000,-0.300039,0.007966,1.022503,-0.000051,0.000021,-0.009998,-0.000029,-0.000009,1.570798,-0.300000,1.000000,1.100000,0.000000,0.000000,-1.571000,0.000039,0.992034,0.077497,0.995056
29.964000,-0.300039,0.007966,1.022483,-0.000051,0.000020,-0.009990,-0.000028,-0.000008,1.570798,-0.300000,1.000000,1.100000,0.000000,0.000000,-1.571000,0.000039,0.992034,0.077517,0.995058
29.966000,-0.300039,0.007966,1.022463,-0.000052,0.000020,-0.009981,-0.000027,-0.000008,1.570798,-0.300000,1.000000,1.100000,0.000000,0.000000,-1.571000,0.000039,0.992034,0.077537,0.995059
29.968000,-0.300039,0.007966,1.022443,-0.000052,0.000020,-0.009971,-0.000027,-0.000007,1.570798,-0.300000,1.000000,1.100000,0.000000,0.000000,-1.571000,0.000039,0.992034,0.077557,0.995061
29.970000,-0.300040,0.007966,1.022423,-0.000053,0.000020,-0.009960,-0.000026,-0.000007,1.570798,-0.300000,1.000000,1.100000,0.000000,0.000000,-1.571000,0.000040,0.992034,0.077577,0.995062
29.972000,-0.300040,0.007966,1.022403,-0.000053,0.000020,-0.009948,-0.000025,-0.000006,1.570798,-0.300000,1.000000,1.100000,0.000000,0.000000,-1.571000,0.000040,0.992034,0.077597,0.995064
29.974000,-0.300040,0.007967,1.022383,-0.000054,0.000020,-0.009935,-0.000024,-0.000005,1.570798,-0.300000,1.000000,1.100000,0.000000,0.000000,-1.571000,0.000040,0.992033,0.077617,0.995065
29.976000,-0.300040,0.007967,1.022363,-0.000054,0.000020,-0.009921,-0.000024,-0.000005,1.570798,-0.300000,1.000000,1.100000,0.000000,0.000000,-1.571000,0.000040,0.992033,0.077637,0.995067
29.978000,-0.300040,0.007967,1.022344,-0.000055,0.000020,-0.009907,-0.000023,-0.000004,1.570798,-0.300000,1.000000,1.100000,0.000000,0.000000,-1.571000,0.000040,0.992033,0.077656,0.995068
29.980000,-0.300040,0.007967,1.022324,-0.000055,0.000020,-0.009892,-0.000022,-0.000004,1.570798,-0.300000,1.000000,1.100000,0.000000,0.000000,-1.571000,0.000040,0.992033,0.077676,0.995070
29.982000,-0.300040,0.007967,1.022304,-0.000056,0.000019,-0.009877,-0.000022,-0.000003,1.570798,-0.300000,1.000000,1.100000,0.000000,0.000000,-1.571000,0.000040,0.992033,0.077696,0.995071
29.984000,-0.300040,0.007967,1.022284,-0.000056,0.000019,-0.009861,-0.000021,-0.000002,1.570798,-0.300000,1.000000,1.100000,0.000000,0.000000,-1.571000,0.000040,0.992033,0.077716,0.995073
29.986000,-0.300040,0.007967,1.022265,-0.000056,0.000019,-0.009844,-0.000020,-0.000002,1.570798,-0.300000,1.000000,1.100000,0.000000,0.000000,-1.571000,0.000040,0.992033,0.077735,0.995074
29.988000,-0.300041,0.007967,1.022245,-0.000057,0.000019,-0.009827,-0.000019,-0.000001,1.570798,-0.300000,1.000000,1.100000,0.000000,0.000000,-1.571000,0.000041,0.992033,0.077755,0.995076
29.990000,-0.300041,0.007967,1.022225,-0.000057,0.000019,-0.009810,-0.000019,-0.000001,1.570798,-0.300000,1.000000,1.100000,0.000000,0.000000,-1.571000,0.000041,0.992033,0.077775,0.995077
29.992000,-0.300041,0.007967,1.022206,-0.000058,0.000019,-0.009793,-0.000018,-0.000000,1.570798,-0.300000,1.000000,1.100000,0.000000,0.000000,-1.571000,0.000041,0.992033,0.077794,0.995079
29.994000,-0.300041,0.007967,1.022186,-0.000058,0.000019,-0.009775,-0.000017,0.000000,1.570798,-0.300000,1.000000,1.100000,0.000000,0.000000,-1.571000,0.000041,0.992033,0.077814,0.995080
29.996000,-0.300041,0.007967,1.022167,-0.000058,0.000019,-0.009757,-0.000017,0.000001,1.570798,-0.300000,1.000000,1.100000,0.000000,0.000000,-1.571000,0.000041,0.992033,0.077833,0.995082
29.998000,-0.300041,0.007967,1.022147,-0.000059,0.000019,-0.009738,-0.000016,0.000001,1.570798,-0.300000,1.000000,1.100000,0.000000,0.000000,-1.571000,0.000041,0.992033,0.077853,0.995083
30.000000,-0.300041,0.007967,1.022128,-0.000059,0.000019,-0.009720,-0.000015,0.000002,1.570798,-0.300000,1.000000,1.100000,0.000000,0.000000,-1.571000,0.000041,0.992033,0.077872,0.995085
30.002000,-0.300041,0.007967,1.022108,-0.000059,0.000019,-0.009701,-0.000014,0.000002,1.570798,-0.299999,1.000000,1.100000,0.000000,0.000000,-1.571000,0.000043,0.992033,0.077892,0.995086
30.004000,-0.300042,0.007967,1.022089,-0.000059,0.000019,-0.009682,-0.000014,0.000002,1.570798,-0.299987,1.000000,1.100000,0.000000,0.000000,-1.571000,0.000055,0.992033,0.077911,0.995088
30.006000,-0.300042,0.007967,1.022070,-0.000060,0.000019,-0.009663,-0.000013,0.000003,1.570798,-0.299963,1.000000,1.100000,0.000000,0.000000,-1.571000,0.000079,0.992033,0.077930,0.995089
30.008000,-0.300042,0.007967,1.022050,-0.000060,0.000020,-0.009643,-0.000012,0.000003,1.570798,-0.299927,1.000000,1.100000,0.000000,0.000000,-1.571000,0.000114,0.992033,0.077950,0.995091
30.010000,-0.300042,0.007967,1.022031,-0.000060,0.000020,-0.009624,-0.000011,0.000003,1.570798,-0.299880,1.000000,1.100000,0.000000,0.000000,-1.571000,0.000162,0.992033,0.077969,0.995092
30.012000,-0.300042,0.007967,1.022012,-0.000060,0.000020,-0.009604,-0.000011,0.000003,1.570798,-0.299821,1.000000,1.100000,0.000000,0.000000,-1.571000,0.000221,0.992033,0.077988,0.995094
30.014000,-0.300042,0.007967,1.021993,-0.000061,0.000020,-0.009584,-0.000010,0.000003,1.570798,-0.299750,1.000000,1.100000,0.000000,0.000000,-1.571000,0.000292,0.992033,0.078007,0.995095
30.016000,-0.300042,0.007967,1.021973,-0.000061,0.000020,-0.009565,-0.000009,0.000003,1.570798,-0.299667,1.000000,1.100000,0.000000,0.000000,-1.571000,0.000375,0.992033,0.078027,0.995097
30.018000,-0.300042,0.007967,1.021954,-0.000061,0.000020,-0.009545,-0.000009,0.000003,1.570799,-0.299572,1.000000,1.100000,0.000000,0.000000,-1.571000,0.000470,0.992033,0.078046,0.995098
30.020000,-0.300042,0.007967,1.021935,-0.000061,0.000020,-0.009525,-0.000008,0.000003,1.570799,-0.299466,1.000000,1.100000,0.000000,0.000000,-1.571000,0.000577,0.992033,0.078065,0.995100
30.022000,-0.300043,0.007967,1.021916,-0.000061,0.000020,-0.009505,-0.000007,0.000003,1.570799,-0.299347,1.000000,1.100000,0.000000,0.000000,-1.571000,0.000695,0.992033,0.078084,0.995101
30.024000,-0.300043,0.007967,1.021897,-0.000061,0.000020,-0.009484,-0.000006,0.000002,1.570799,-0.299217,1.000000,1.100000,0.000000,0.000000,-1.571000,0.000826,0.992033,0.078103,0.995103
30.026000,-0.300043,0.007968,1.021878,-0.000062,0.000020,-0.009464,-0.000006,0.000002,1.570799,-0.299075,1.000000,1.100000,0.000000,0.000000,-1.571000,0.000968,0.992032,0.078122,0.995104
30.028000,-0.300043,0.007968,1.021859,-0.000062,0.000020,-0.009444,-0.000005,0.000002,1.570799,-0.298921,1.000000,1.100000,0.000000,0.000000,-1.571000,0.001122,0.992032,0.078141,0.995106
30.030000,-0.300043,0.007968,1.021841,-0.000062,0.000020,-0.009424,-0.000004,0.000002,1.570799,-0.298756,1.000000,1.100000,0.000000,0.000000,-1.571000,0.001287,0.992032,0.078159,0.995107
30.032000,-0.300043,0.007968,1.021822,-0.000062,0.000020,-0.009403,-0.000003,0.000002,1.570799,-0.298578,1.000000,1.100000,0.000000,0.000000,-1.571000,0.001465,0.992032,0.078178,0.995109
30.034000,-0.300043,0.007968,1.021803,-0.000062,0.000020,-0.009383,-0.000003,0.000002,1.570799,-0.298389,1.000000,1.100000,0.000000,0.000000,-1.571000,0.001654,0.992032,0.078197,0.995111
30.036000,-0.300043,0.007968,1.021784,-0.000062,0.000020,-0.009362,-0.000002,0.000001,1.570799,-0.298188,1.000000,1.100000,0.000000,0.000000,-1.571000,0.001855,0.992032,0.078216,0.995113
30.038000,-0.300044,0.007968,1.021766,-0.000062,0.000020,-0.009342,-0.000001,0.000001,1.570799,-0.297976,1.000000,1.100000,0.000000,0.000000,-1.571000,0.002068,0.992032,0.078234,0.995115
30.040000,-0.300044,0.007968,1.021747,-0.000062,0.000020,-0.009321,-0.000000,0.000001,1.570799,-0.297751,1.000000,1.100000,0.000000,0.000000,-1.571000,0.002293,0.992032,0.078253,0.995116
30.042000,-0.300044,0.007968,1.021728,-0.000062,0.000020,-0.009301,0.000000,0.000001,1.570799,-0.297515,1.000000,1.100000,0.000000,0.000000,-1.571000,0.002529,0.992032,0.078272,0.995118
30.044000,-0.300044,0.007968,1.021710,-0.000062,0.000020,-0.009280,0.000001,0.000001,1.570799,-0.297267,1.000000,1.100000,0.000000,0.000000,-1.571000,0.002777,0.992032,0.078290,0.995121
30.046000,-0.300044,0.007968,1.021691,-0.000062,0.000020,-0.009259,0.000002,0.000001,1.570799,-0.297007,1.000000,1.100000,0.000000,0.000000,-1.571000,0.003037,0.992032,0.078309,0.995123
30.048000,-0.300044,0.007968,1.021673,-0.000062,0.000020,-0.009239,0.000003,0.000001,1.570799,-0.296736,1.000000,1.100000,0.000000,0.000000,-1.571000,0.003309,0.992032,0.078327,0.995125
30.050000,-0.300044,0.007968,1.021654,-0.000062,0.000020,-0.009218,0.000003,0.000001,1.570799,-0.296452,1.000000,1.100000,0.000000,0.000000,-1.571000,0.003592,0.992032,0.078346,0.995127
30.052000,-0.300044,0.007968,1.021636,-0.000062,0.000020,-0.009197,0.000004,0.000001,1.570799,-0.296158,1.000000,1.100000,0.000000,0.000000,-1.571000,0.003887,0.992032,0.078364,0.995130
30.054000,-0.300045,0.007968,1.021617,-0.000062,0.000020,-0.009177,0.000005,0.000001,1.570799,-0.295851,1.000000,1.100000,0.000000,0.000000,-1.571000,0.004194,0.992032,0.078383,0.995133
30.056000,-0.300045,0.007968,1.021599,-0.000062,0.000020,-0.009156,0.000005,0.000001,1.570799,-0.295533,1.000000,1.100000,0.000000,0.000000,-1.571000,0.004512,0.992032,0.078401,0.995135
30.058000,-0.300045,0.007968,1.021581,-0.000062,0.000020,-0.009135,0.000006,0.000002,1.570799,-0.295203,1.000000,1.100000,0.000000,0.000000,-1.571000,0.004842,0.992032,0.078419,0.995138
30.060000,-0.300045,0.007968,1.021563,-0.000061,0.000020,-0.009114,0.000007,0.000002,1.570799,-0.294861,1.000000,1.100000,0.000000,0.000000,-1.571000,0.005184,0.992032,0.078437,0.995141
30.062000,-0.300045,0.007968,1.021544,-0.000061,0.000021,-0.009094,0.000008,0.000002,1.570799,-0.294508,1.000000,1.100000,0.000000,0.000000,-1.571000,0.005537,0.992032,0.078456,0.995145
30.064000,-0.300045,0.007968,1.021526,-0.000061,0.000021,-0.009073,0.000008,0.000002,1.570799,-0.294143,1.000000,1.100000,0.000000,0.000000,-1.571000,0.005902,0.992032,0.078474,0.995148
30.066000,-0.300045,0.007968,1.021508,-0.000061,0.000021,-0.009052,0.000009,0.000003,1.570799,-0.293767,1.000000,1.100000,0.000000,0.000000,-1.571000,0.006278,0.992032,0.078492,0.995152
30.068000,-0.300045,0.007968,1.021490,-0.000061,0.000021,-0.009031,0.000010,0.000003,1.570799,-0.293379,1.000000,1.100000,0.000000,0.000000,-1.571000,0.006667,0.992032,0.078510,0.995156
30.070000,-0.300046,0.007968,1.021472,-0.000061,0.000021,-0.009010,0.000011,0.000003,1.570799,-0.292979,1.000000,1.100000,0.000000,0.000000,-1.571000,0.007066,0.992032,0.078528,0.995160
30.072000,-0.300046,0.007968,1.021454,-0.000060,0.000021,-0.008990,0.000011,0.000004,1.570799,-0.292568,1.000000,1.100000,0.000000,0.000000,-1.571000,0.007478,0.992032,0.078546,0.995164
30.074000,-0.300046,0.007968,1.021436,-0.000060,0.000021,-0.008969,0.000012,0.000004,1.570799,-0.292145,1.000000,1.100000,0.000000,0.000000,-1.571000,0.007901,0.992032,0.078564,0.995169
30.076000,-0.300046,0.007969,1.021418,-0.000060,0.000021,-0.008948,0.000013,0.000004,1.570799,-0.291711,1.000000,1.100000,0.000000,0.000000,-1.571000,0.008335,0.992031,0.078582,0.995174
30.078000,-0.300046,0.007969,1.021400,-0.000060,0.000021,-0.008927,0.000014,0.000004,1.570799,-0.291265,1.000000,1.100000,0.000000,0.000000,-1.571000,0.008781,0.992031,0.078600,0.995179
30.080000,-0.300046,0.007969,1.021383,-0.000059,0.000021,-0.008906,0.000014,0.000005,1.570799,-0.290808,1.000000,1.100000,0.000000,0.000000,-1.571000,0.009238,0.992031,0.078617,0.995185
30.082000,-0.300046,0.007969,1.021365,-0.000059,0.000021,-0.008886,0.000016,0.000005,1.570799,-0.290339,1.000000,1.100000,0.000000,0.000000,-1.571000,0.009707,0.992031,0.078635,0.995190
30.084000,-0.300046,0.007969,1.021347,-0.000059,0.000021,-0.008865,0.000020,0.000005,1.570799,-0.289859,1.000000,1.100000,0.000000,0.000000,-1.571000,0.010187,0.992031,0.078653,0.995197
30.086000,-0.300047,0.007969,1.021329,-0.000058,0.000021,-0.008844,0.000029,0.000005,1.570798,-0.289367,1.000000,1.100000,0.000000,0.000000,-1.571000,0.010679,0.992031,0.078671,0.995203
30.088000,-0.300047,0.007969,1.021312,-0.000058,0.000021,-0.008823,0.000044,0.000005,1.570798,-0.288864,1.000000,1.100000,0.000000,0.000000,-1.571000,0.011182,0.992031,0.078688,0.995210
30.090000,-0.300047,0.007969,1.021294,-0.000057,0.000022,-0.008802,0.000068,0.000005,1.570798,-0.288350,1.000000,1.100000,0.000000,0.000000,-1.571000,0.011697,0.992031,0.078706,0.995217
30.092000,-0.300047,0.007969,1.021276,-0.000055,0.000022,-0.008781,0.000102,0.000005,1.570798,-0.287824,1.000000,1.100000,0.000000,0.000000,-1.571000,0.012223,0.992031,0.078724,0.995225
30.094000,-0.300047,0.007969,1.021259,-0.000053,0.000022,-0.008761,0.000146,0.000004,1.570797,-0.287286,1.000000,1.100000,0.000000,0.000000,-1.571000,0.012760,0.992031,0.078741,0.995233
30.096000,-0.300047,0.007969,1.021241,-0.000050,0.000022,-0.008740,0.000203,0.000004,1.570797,-0.286738,1.000000,1.100000,0.000000,0.000000,-1.571000,0.013309,0.992031,0.078759,0.995241
30.098000,-0.300047,0.007969,1.021224,-0.000046,0.000022,-0.008719,0.000272,0.000004,1.570796,-0.286178,1.000000,1.100000,0.000000,0.000000,-1.571000,0.013869,0.992031,0.078776,0.995250
30.100000,-0.300047,0.007969,1.021207,-0.000040,0.000022,-0.008698,0.000355,0.000003,1.570796,-0.285607,1.000000,1.100000,0.000000,0.000000,-1.571000,0.014440,0.992031,0.078793,0.995260
30.102000,-0.300047,0.007969,1.021189,-0.000033,0.000022,-0.008677,0.000453,0.000003,1.570795,-0.285024,1.000000,1.100000,0.000000,0.000000,-1.571000,0.015023,0.992031,0.078811,0.995270
30.104000,-0.300047,0.007969,1.021172,-0.000023,0.000022,-0.008656,0.000566,0.000002,1.570795,-0.284431,1.000000,1.100000,0.000000,0.000000,-1.571000,0.015617,0.992031,0.078828,0.995280
30.106000,-0.300047,0.007969,1.021155,-0.000011,0.000022,-0.008635,0.000695,0.000002,1.570794,-0.283826,1.000000,1.100000,0.000000,0.000000,-1.571000,0.016222,0.992031,0.078845,0.995291
30.108000,-0.300047,0.007969,1.021137,0.000003,0.000022,-0.008615,0.000839,0.000001,1.570793,-0.283209,1.000000,1.100000,0.000000,0.000000,-1.571000,0.016838,0.992031,0.078863,0.995303
30.110000,-0.300047,0.007969,1.021120,0.000020,0.000022,-0.008594,0.001000,0.000001,1.570792,-0.282582,1.000000,1.100000,0.000000,0.000000,-1.571000,0.017465,0.992031,0.078880,0.995315
30.112000,-0.300047,0.007969,1.021103,0.000041,0.000022,-0.008573,0.001176,0.000000,1.570792,-0.281944,1.000000,1.100000,0.000000,0.000000,-1.571000,0.018104,0.992031,0.078897,0.995328
30.114000,-0.300047,0.007969,1.021086,0.000065,0.000022,-0.008552,0.001369,-0.000001,1.570791,-0.281294,1.000000,1.100000,0.000000,0.000000,-1.571000,0.018753,0.992031,0.078914,0.995341
30.116000,-0.300047,0.007969,1.021069,0.000092,0.000022,-0.008531,0.001578,-0.000001,1.570790,-0.280633,1.000000,1.100000,0.000000,0.000000,-1.571000,0.019414,0.992031,0.078931,0.995355
30.118000,-0.300047,0.007969,1.021052,0.000124,0.000022,-0.008510,0.001802,-0.000002,1.570789,-0.279961,1.000000,1.100000,0.000000,0.000000,-1.571000,0.020085,0.992031,0.078948,0.995370
30.120000,-0.300046,0.007969,1.021035,0.000161,0.000022,-0.008490,0.002042,-0.000003,1.570788,-0.279279,1.000000,1.100000,0.000000,0.000000,-1.571000,0.020768,0.992031,0.078965,0.995385
30.122000,-0.300046,0.007970,1.021018,0.000202,0.000022,-0.008469,0.002297,-0.000003,1.570787,-0.278585,1.000000,1.100000,0.000000,0.000000,-1.571000,0.021461,0.992030,0.078982,0.995401
30.124000,-0.300046,0.007970,1.021001,0.000249,0.000022,-0.008448,0.002568,-0.000004,1.570785,-0.277880,1.000000,1.100000,0.000000,0.000000,-1.571000,0.022166,0.992030,0.078999,0.995418
30.126000,-0.300045,0.007970,1.020984,0.000300,0.000022,-0.008427,0.002852,-0.000005,1.570784,-0.277164,1.000000,1.100000,0.000000,0.000000,-1.571000,0.022881,0.992030,0.079016,0.995435
30.128000,-0.300044,0.007970,1.020967,0.000358,0.000022,-0.008406,0.003151,-0.000006,1.570783,-0.276437,1.000000,1.100000,0.000000,0.000000,-1.571000,0.023607,0.992030,0.079033,0.995453
30.130000,-0.300044,0.007970,1.020951,0.000421,0.000022,-0.008386,0.003462,-0.000007,1.570782,-0.275699,1.000000,1.100000,0.000000,0.000000,-1.571000,0.024344,0.992030,0.079049,0.995473
30.132000,-0.300043,0.007970,1.020934,0.000491,0.000022,-0.008365,0.003787,-0.000007,1.570781,-0.274951,1.000000,1.100000,0.000000,0.000000,-1.571000,0.025092,0.992030,0.079066,0.995492
30.134000,-0.300041,0.007970,1.020917,0.000567,0.000021,-0.008344,0.004123,-0.000008,1.570780,-0.274191,1.000000,1.100000,0.000000,0.000000,-1.571000,0.025850,0.992030,0.079083,0.995513
30.136000,-0.300040,0.007970,1.020900,0.000649,0.000021,-0.008323,0.004471,-0.000009,1.570780,-0.273421,1.000000,1.100000,0.000000,0.000000,-1.571000,0.026619,0.992030,0.079100,0.995535
30.138000,-0.300039,0.007970,1.020884,0.000739,0.000021,-0.008303,0.004830,-0.000010,1.570779,-0.272640,1.000000,1.100000,0.000000,0.000000,-1.571000,0.027399,0.992030,0.079116,0.995557
30.140000,-0.300037,0.007970,1.020867,0.000835,0.000021,-0.008282,0.005198,-0.000011,1.570778,-0.271848,1.000000,1.100000,0.000000,0.000000,-1.571000,0.028189,0.992030,0.079133,0.995580
30.142000,-0.300035,0.007970,1.020851,0.000939,0.000021,-0.008262,0.005575,-0.000012,1.570777,-0.271045,1.000000,1.100000,0.000000,0.000000,-1.571000,0.028990,0.992030,0.079149,0.995605
30.144000,-0.300033,0.007970,1.020834,0.001050,0.000020,-0.008241,0.005961,-0.000012,1.570777,-0.270232,1.000000,1.100000,0.000000,0.000000,-1.571000,0.029801,0.992030,0.079166,0.995630
30.146000,-0.300031,0.007970,1.020818,0.001169,0.000020,-0.008221,0.006354,-0.000013,1.570776,-0.269408,1.000000,1.100000,0.000000,0.000000,-1.571000,0.030623,0.992030,0.079182,0.995656
30.148000,-0.300029,0.007970,1.020801,0.001296,0.000020,-0.008200,0.006753,-0.000014,1.570775,-0.268574,1.000000,1.100000,0.000000,0.000000,-1.571000,0.031455,0.992030,0.079199,0.995683
30.150000,-0.300026,0.007970,1.020785,0.001430,0.000020,-0.008180,0.007158,-0.000014,1.570775,-0.267729,1.000000,1.100000,0.000000,0.000000,-1.571000,0.032297,0.992030,0.079215,0.995712
30.152000,-0.300023,0.007970,1.020769,0.001573,0.000019,-0.008159,0.007569,-0.000015,1.570775,-0.266873,1.000000,1.100000,0.000000,0.000000,-1.571000,0.033150,0.992030,0.079231,0.995741
30.154000,-0.300019,0.007970,1.020752,0.001723,0.000019,-0.008139,0.007983,-0.000015,1.570775,-0.266006,1.000000,1.100000,0.000000,0.000000,-1.571000,0.034013,0.992030,0.079248,0.995771
30.156000,-0.300016,0.007970,1.020736,0.001882,0.000019,-0.008119,0.008401,-0.000016,1.570775,-0.265130,1.000000,1.100000,0.000000,0.000000,-1.571000,0.034886,0.992030,0.079264,0.995803
30.158000,-0.300012,0.007970,1.020720,0.002049,0.000018,-0.008099,0.008821,-0.000016,1.570775,-0.264242,1.000000,1.100000,0.000000,0.000000,-1.571000,0.035769,0.992030,0.079280,0.995835
30.160000,-0.300007,0.007970,1.020704,0.002224,0.000018,-0.008079,0.009242,-0.000016,1.570775,-0.263345,1.000000,1.100000,0.000000,0.000000,-1.571000,0.036662,0.992030,0.079296,0.995869
30.162000,-0.300002,0.007970,1.020688,0.002408,0.000018,-0.008058,0.009665,-0.000017,1.570775,-0.262437,1.000000,1.100000,0.000000,0.000000,-1.571000,0.037566,0.992030,0.079312,0.995904
30.164000,-0.299997,0.007970,1.020672,0.002599,0.000017,-0.008036,0.010092,-0.000017,1.570775,-0.261518,1.000000,1.100000,0.000000,0.000000,-1.571000,0.038479,0.992030,0.079328,0.995940
30.166000,-0.299992,0.007970,1.020655,0.002800,0.000017,-0.008013,0.010523,-0.000017,1.570775,-0.260589,1.000000,1.100000,0.000000,0.000000,-1.571000,0.039402,0.992030,0.079345,0.995977
30.168000,-0.299986,0.007970,1.020639,0.003008,0.000017,-0.007989,0.010960,-0.000017,1.570776,-0.259650,1.000000,1.100000,0.000000,0.000000,-1.571000,0.040336,0.992030,0.079361,0.996016
30.170000,-0.299980,0.007970,1.020624,0.003225,0.000016,-0.007964,0.011403,-0.000017,1.570776,-0.258701,1.000000,1.100000,0.000000,0.000000,-1.571000,0.041279,0.992030,0.079376,0.996056
30.172000,-0.299973,0.007971,1.020608,0.003451,0.000016,-0.007938,0.011855,-0.000017,1.570777,-0.257742,1.000000,1.100000,0.000000,0.000000,-1.571000,0.042231,0.992029,0.079392,0.996097
30.174000,-0.299966,0.007971,1.020592,0.003686,0.000016,-0.007911,0.012315,-0.000017,1.570777,-0.256772,1.000000,1.100000,0.000000,0.000000,-1.571000,0.043194,0.992029,0.079408,0.996139
30.176000,-0.299958,0.007971,1.020576,0.003930,0.000015,-0.007884,0.012784,-0.000017,1.570777,-0.255792,1.000000,1.100000,0.000000,0.000000,-1.571000,0.044166,0.992029,0.079424,0.996183
30.178000,-0.299950,0.007971,1.020560,0.004184,0.000015,-0.007856,0.013263,-0.000017,1.570778,-0.254802,1.000000,1.100000,0.000000,0.000000,-1.571000,0.045148,0.992029,0.079440,0.996229
30.180000,-0.299941,0.007971,1.020545,0.004446,0.000015,-0.007828,0.013752,-0.000016,1.570778,-0.253802,1.000000,1.100000,0.000000,0.000000,-1.571000,0.046139,0.992029,0.079455,0.996275
30.182000,-0.299932,0.007971,1.020529,0.004719,0.000014,-0.007799,0.014250,-0.000016,1.570779,-0.252792,1.000000,1.100000,0.000000,0.000000,-1.571000,0.047139,0.992029,0.079471,0.996323
30.184000,-0.299922,0.007971,1.020513,0.005001,0.000014,-0.007770,0.014759,-0.000016,1.570779,-0.251772,1.000000,1.100000,0.000000,0.000000,-1.571000,0.048150,0.992029,0.079487,0.996373
30.186000,-0.299911,0.007971,1.020498,0.005293,0.000014,-0.007741,0.015277,-0.000016,1.570780,-0.250742,1.000000,1.100000,0.000000,0.000000,-1.571000,0.049169,0.992029,0.079502,0.996424
30.188000,-0.299900,0.007971,1.020483,0.005596,0.000013,-0.007711,0.015805,-0.000016,1.570781,-0.249702,1.000000,1.100000,0.000000,0.000000,-1.571000,0.050198,0.992029,0.079517,0.996476
30.190000,-0.299889,0.007971,1.020467,0.005909,0.000013,-0.007682,0.016343,-0.000015,1.570781,-0.248653,1.000000,1.100000,0.000000,0.000000,-1.571000,0.051236,0.992029,0.079533,0.996530
30.192000,-0.299876,0.007971,1.020452,0.006232,0.000013,-0.007652,0.016890,-0.000015,1.570782,-0.247593,1.000000,1.100000,0.000000,0.000000,-1.571000,0.052283,0.992029,0.079548,0.996586
30.194000,-0.299863,0.007971,1.020437,0.006560,0.000013,-0.007614,0.017446,-0.000015,1.570782,-0.246524,1.000000,1.100000,0.000000,0.000000,-1.571000,0.053339,0.992029,0.079563,0.996643
30.196000,-0.299850,0.007971,1.020421,0.006893,0.000012,-0.007570,0.018010,-0.000014,1.570783,-0.245445,1.000000,1.100000,0.000000,0.000000,-1.571000,0.054405,0.992029,0.079579,0.996702
30.198000,-0.299835,0.007971,1.020406,0.007236,0.000012,-0.007526,0.018582,-0.000014,1.570783,-0.244356,1.000000,1.100000,0.000000,0.000000,-1.571000,0.055479,0.992029,0.079594,0.996762
30.200000,-0.299820,0.007971,1.020391,0.007589,0.000012,-0.007481,0.019162,-0.000013,1.570784,-0.243258,1.000000,1.100000,0.000000,0.000000,-1.571000,0.056562,0.992029,0.079609,0.996824
30.202000,-0.299805,0.007971,1.020376,0.007954,0.000011,-0.007437,0.019748,-0.000013,1.570784,-0.242150,1.000000,1.100000,0.000000,0.000000,-1.571000,0.057655,0.992029,0.079624,0.996888
30.204000,-0.299788,0.007971,1.020362,0.008329,0.000011,-0.007393,0.020340,-0.000012,1.570785,-0.241032,1.000000,1.100000,0.000000,0.000000,-1.571000,0.058756,0.992029,0.079638,0.996953
30.206000,-0.299771,0.007971,1.020347,0.008715,0.000011,-0.007350,0.020938,-0.000012,1.570785,-0.239905,1.000000,1.100000,0.000000,0.000000,-1.571000,0.059865,0.992029,0.079653,0.997021
30.208000,-0.299753,0.007971,1.020332,0.009113,0.000011,-0.007306,0.021540,-0.000011,1.570786,-0.238769,1.000000,1.100000,0.000000,0.000000,-1.571000,0.060984,0.992029,0.079668,0.997090
30.210000,-0.299734,0.007971,1.020318,0.009521,0.000010,-0.007263,0.022147,-0.000011,1.570786,-0.237623,1.000000,1.100000,0.000000,0.000000,-1.571000,0.062111,0.992029,0.079682,0.997160
30.212000,-0.299714,0.007971,1.020303,0.009940,0.000010,-0.007219,0.022756,-0.000010,1.570787,-0.236468,1.000000,1.100000,0.000000,0.000000,-1.571000,0.063247,0.992029,0.079697,0.997233
30.214000,-0.299694,0.007971,1.020289,0.010371,0.000010,-0.007176,0.023369,-0.000009,1.570787,-0.235303,1.000000,1.100000,0.000000,0.000000,-1.571000,0.064391,0.992029,0.079711,0.997307
30.216000,-0.299672,0.007971,1.020274,0.010813,0.000010,-0.007134,0.023982,-0.000009,1.570788,-0.234129,1.000000,1.100000,0.000000,0.000000,-1.571000,0.065543,0.992029,0.079726,0.997383
30.218000,-0.299650,0.007971,1.020260,0.011266,0.000009,-0.007091,0.024597,-0.000008,1.570788,-0.232946,1.000000,1.100000,0.000000,0.000000,-1.571000,0.066704,0.992029,0.079740,0.997461
30.220000,-0.299627,0.007971,1.020246,0.011730,0.000009,-0.007049,0.025212,-0.000008,1.570789,-0.231754,1.000000,1.100000,0.000000,0.000000,-1.571000,0.067873,0.992029,0.079754,0.997541
30.222000,-0.299603,0.007971,1.020232,0.012206,0.000009,-0.007005,0.025828,-0.000007,1.570789,-0.230552,1.000000,1.100000,0.000000,0.000000,-1.571000,0.069050,0.992029,0.079768,0.997623
30.224000,-0.299577,0.007971,1.020218,0.012693,0.000009,-0.006958,0.026446,-0.000006,1.570790,-0.229341,1.000000,1.100000,0.000000,0.000000,-1.571000,0.070236,0.992029,0.079782,0.997707
30.226000,-0.299551,0.007971,1.020204,0.013191,0.000009,-0.006907,0.027069,-0.000005,1.570790,-0.228122,1.000000,1.100000,0.000000,0.000000,-1.571000,0.071429,0.992029,0.079796,0.997793
30.228000,-0.299524,0.007971,1.020191,0.013701,0.000009,-0.006854,0.027700,-0.000005,1.570791,-0.226893,1.000000,1.100000,0.000000,0.000000,-1.571000,0.072631,0.992029,0.079809,0.997881
30.230000,-0.299496,0.007971,1.020177,0.014222,0.000009,-0.006799,0.028339,-0.000004,1.570791,-0.225655,1.000000,1.100000,0.000000,0.000000,-1.571000,0.073840,0.992029,0.079823,0.997971
30.232000,-0.299467,0.007971,1.020163,0.014755,0.000009,-0.006741,0.028989,-0.000003,1.570791,-0.224409,1.000000,1.100000,0.000000,0.000000,-1.571000,0.075058,0.992029,0.079837,0.998062
30.234000,-0.299436,0.007971,1.020150,0.015300,0.000008,-0.006682,0.029650,-0.000003,1.570792,-0.223154,1.000000,1.100000,0.000000,0.000000,-1.571000,0.076283,0.992029,0.079850,0.998156
30.236000,-0.299405,0.007971,1.020137,0.015856,0.000008,-0.006621,0.030324,-0.000002,1.570792,-0.221889,1.000000,1.100000,0.000000,0.000000,-1.571000,0.077515,0.992029,0.079863,0.998252
30.238000,-0.299372,0.007971,1.020123,0.016426,0.000008,-0.006559,0.031011,-0.000001,1.570792,-0.220616,1.000000,1.100000,0.000000,0.000000,-1.571000,0.078756,0.992029,0.079877,0.998351
30.240000,-0.299338,0.007971,1.020110,0.017007,0.000008,-0.006495,0.031713,-0.000000,1.570792,-0.219335,1.000000,1.100000,0.000000,0.000000,-1.571000,0.080004,0.992029,0.079890,0.998451
30.242000,-0.299303,0.007971,1.020098,0.017602,0.000008,-0.006430,0.032428,0.000000,1.570792,-0.218044,1.000000,1.100000,0.000000,0.000000,-1.571000,0.081259,0.992029,0.079902,0.998553
30.244000,-0.299267,0.007971,1.020085,0.018209,0.000008,-0.006365,0.033158,0.000001,1.570792,-0.216745,1.000000,1.100000,0.000000,0.000000,-1.571000,0.082522,0.992029,0.079915,0.998658
30.246000,-0.299230,0.007971,1.020072,0.018830,0.000008,-0.006299,0.033903,0.000002,1.570792,-0.215438,1.000000,1.100000,0.000000,0.000000,-1.571000,0.083792,0.992029,0.079928,0.998764
30.248000,-0.299191,0.007971,1.020060,0.019465,0.000008,-0.006232,0.034662,0.000002,1.570792,-0.214122,1.000000,1.100000,0.000000,0.000000,-1.571000,0.085069,0.992029,0.079940,0.998873
30.250000,-0.299151,0.007971,1.020047,0.020113,0.000008,-0.006165,0.035436,0.000003,1.570792,-0.212797,1.000000,1.100000,0.000000,0.000000,-1.571000,0.086354,0.992029,0.079953,0.998985
30.252000,-0.299110,0.007971,1.020035,0.020775,0.000008,-0.006097,0.036224,0.000003,1.570792,-0.211465,1.000000,1.100000,0.000000,0.000000,-1.571000,0.087645,0.992029,0.079965,0.999098
30.254000,-0.299067,0.007971,1.020023,0.021452,0.000008,-0.006029,0.037025,0.000004,1.570792,-0.210123,1.000000,1.100000,0.000000,0.000000,-1.571000,0.088944,0.992029,0.079977,0.999214
30.256000,-0.299023,0.007971,1.020011,0.022143,0.000008,-0.005962,0.037839,0.000004,1.570792,-0.208774,1.000000,1.100000,0.000000,0.000000,-1.571000,0.090250,0.992029,0.079989,0.999332
30.258000,-0.298978,0.007971,1.019999,0.022849,0.000009,-0.005894,0.038666,0.000005,1.570791,-0.207416,1.000000,1.100000,0.000000,0.000000,-1.571000,0.091562,0.992029,0.080001,0.999452
30.260000,-0.298931,0.007971,1.019987,0.023570,0.000009,-0.005826,0.039504,0.000005,1.570791,-0.206050,1.000000,1.100000,0.000000,0.000000,-1.571000,0.092881,0.992029,0.080013,0.999575
30.262000,-0.298883,0.007971,1.019976,0.024307,0.000009,-0.005759,0.040353,0.000006,1.570791,-0.204676,1.000000,1.100000,0.000000,0.000000,-1.571000,0.094207,0.992029,0.080024,0.999700
30.264000,-0.298833,0.007971,1.019964,0.025058,0.000009,-0.005691,0.041213,0.000006,1.570791,-0.203294,1.000000,1.100000,0.000000,0.000000,-1.571000,0.095539,0.992029,0.080036,0.999827
30.266000,-0.298782,0.007972,1.019953,0.025825,0.000009,-0.005624,0.042081,0.000006,1.570790,-0.201904,1.000000,1.100000,0.000000,0.000000,-1.571000,0.096878,0.992028,0.080047,0.999957
30.268000,-0.298729,0.007972,1.019942,0.026608,0.000009,-0.005558,0.042957,0.000006,1.570790,-0.200506,1.000000,1.100000,0.000000,0.000000,-1.571000,0.098223,0.992028,0.080058,1.000089
30.270000,-0.298675,0.007972,1.019931,0.027407,0.000009,-0.005492,0.043840,0.000006,1.570790,-0.199100,1.000000,1.100000,0.000000,0.000000,-1.571000,0.099575,0.992028,0.080069,1.000223
30.272000,-0.298618,0.007972,1.019920,0.028222,0.000009,-0.005426,0.044729,0.000006,1.570790,-0.197686,1.000000,1.100000,0.000000,0.000000,-1.571000,0.100933,0.992028,0.080080,1.000360
30.274000,-0.298561,0.007972,1.019909,0.029052,0.000009,-0.005361,0.045624,0.000006,1.570790,-0.196264,1.000000,1.100000,0.000000,0.000000,-1.571000,0.102297,0.992028,0.080091,1.000500
30.276000,-0.298501,0.007972,1.019899,0.029899,0.000009,-0.005297,0.046521,0.000006,1.570790,-0.194834,1.000000,1.100000,0.000000,0.000000,-1.571000,0.103667,0.992028,0.080101,1.000641
30.278000,-0.298440,0.007972,1.019888,0.030761,0.000009,-0.005233,0.047422,0.000006,1.570790,-0.193397,1.000000,1.100000,0.000000,0.000000,-1.571000,0.105043,0.992028,0.080112,1.000786
30.280000,-0.298377,0.007972,1.019878,0.031640,0.000010,-0.005170,0.048324,0.000006,1.570790,-0.191952,1.000000,1.100000,0.000000,0.000000,-1.571000,0.106425,0.992028,0.080122,1.000933
30.282000,-0.298313,0.007972,1.019867,0.032535,0.000010,-0.005105,0.049227,0.000006,1.570790,-0.190500,1.000000,1.100000,0.000000,0.000000,-1.571000,0.107812,0.992028,0.080133,1.001082
30.284000,-0.298246,0.007972,1.019857,0.033446,0.000010,-0.005036,0.050133,0.000006,1.570790,-0.189040,1.000000,1.100000,0.000000,0.000000,-1.571000,0.109206,0.992028,0.080143,1.001234
30.286000,-0.298178,0.007972,1.019847,0.034374,0.000010,-0.004963,0.051043,0.000006,1.570790,-0.187573,1.000000,1.100000,0.000000,0.000000,-1.571000,0.110605,0.992028,0.080153,1.001388
30.288000,-0.298107,0.007972,1.019838,0.035318,0.000010,-0.004887,0.051960,0.000006,1.570790,-0.186098,1.000000,1.100000,0.000000,0.000000,-1.571000,0.112009,0.992028,0.080162,1.001545
30.290000,-0.298035,0.007972,1.019828,0.036279,0.000010,-0.004808,0.052884,0.000006,1.570790,-0.184616,1.000000,1.100000,0.000000,0.000000,-1.571000,0.113419,0.992028,0.080172,1.001704
30.292000,-0.297961,0.007972,1.019818,0.037256,0.000010,-0.004726,0.053816,0.000006,1.570790,-0.183127,1.000000,1.100000,0.000000,0.000000,-1.571000,0.114835,0.992028,0.080182,1.001866
30.294000,-0.297885,0.007972,1.019809,0.038250,0.000010,-0.004642,0.054756,0.000006,1.570791,-0.181630,1.000000,1.100000,0.000000,0.000000,-1.571000,0.116255,0.992028,0.080191,1.002031
30.296000,-0.297807,0.007972,1.019800,0.039260,0.000010,-0.004557,0.055706,0.000006,1.570791,-0.180126,1.000000,1.100000,0.000000,0.000000,-1.571000,0.117681,0.992028,0.080200,1.002198
30.298000,-0.297727,0.007972,1.019791,0.040288,0.000010,-0.004470,0.056665,0.000005,1.570791,-0.178615,1.000000,1.100000,0.000000,0.000000,-1.571000,0.119112,0.992028,0.080209,1.002368
30.300000,-0.297645,0.007972,1.019782,0.041333,0.000010,-0.004382,0.057634,0.000005,1.570791,-0.177097,1.000000,1.100000,0.000000,0.000000,-1.571000,0.120547,0.992028,0.080218,1.002540
30.302000,-0.297560,0.007972,1.019773,0.042395,0.000011,-0.004293,0.058612,0.000005,1.570791,-0.175572,1.000000,1.100000,0.000000,0.000000,-1.571000,0.121988,0.992028,0.080227,1.002715
30.304000,-0.297474,0.007972,1.019765,0.043474,0.000011,-0.004203,0.059600,0.000005,1.570791,-0.174040,1.000000,1.100000,0.000000,0.000000,-1.571000,0.123433,0.992028,0.080235,1.002892
30.306000,-0.297385,0.007972,1.019757,0.044571,0.000011,-0.004113,0.060596,0.000005,1.570791,-0.172502,1.000000,1.100000,0.000000,0.000000,-1.571000,0.124884,0.992028,0.080243,1.003073
30.308000,-0.297294,0.007972,1.019749,0.045686,0.000011,-0.004023,0.061602,0.000005,1.570791,-0.170956,1.000000,1.100000,0.000000,0.000000,-1.571000,0.126338,0.992028,0.080251,1.003255
30.310000,-0.297201,0.007972,1.019741,0.046819,0.000011,-0.003932,0.062615,0.000005,1.570791,-0.169404,1.000000,1.100000,0.000000,0.000000,-1.571000,0.127797,0.992028,0.080259,1.003441
30.312000,-0.297106,0.007972,1.019733,0.047969,0.000011,-0.003842,0.063636,0.000005,1.570792,-0.167845,1.000000,1.100000,0.000000,0.000000,-1.571000,0.129261,0.992028,0.080267,1.003629
30.314000,-0.297008,0.007972,1.019725,0.049138,0.000011,-0.003751,0.064663,0.000006,1.570792,-0.166279,1.000000,1.100000,0.000000,0.000000,-1.571000,0.130729,0.992028,0.080275,1.003820
30.316000,-0.296908,0.007972,1.019718,0.050324,0.000011,-0.003662,0.065697,0.000006,1.570792,-0.164707,1.000000,1.100000,0.000000,0.000000,-1.571000,0.132201,0.992028,0.080282,1.004013
30.318000,-0.296805,0.007972,1.019711,0.051529,0.000011,-0.003572,0.066735,0.000006,1.570792,-0.163128,1.000000,1.100000,0.000000,0.000000,-1.571000,0.133677,0.992028,0.080289,1.004209
30.320000,-0.296700,0.007972,1.019704,0.052753,0.000011,-0.003483,0.067778,0.000006,1.570792,-0.161543,1.000000,1.100000,0.000000,0.000000,-1.571000,0.135157,0.992028,0.080296,1.004407
30.322000,-0.296593,0.007972,1.019697,0.053994,0.000011,-0.003395,0.068824,0.000006,1.570792,-0.159951,1.000000,1.100000,0.000000,0.000000,-1.571000,0.136641,0.992028,0.080303,1.004609
30.324000,-0.296483,0.007972,1.019690,0.055254,0.000012,-0.003308,0.069872,0.000006,1.570793,-0.158354,1.000000,1.100000,0.000000,0.000000,-1.571000,0.138129,0.992028,0.080310,1.004813
30.326000,-0.296370,0.007972,1.019684,0.056532,0.000012,-0.003222,0.070922,0.000007,1.570793,-0.156750,1.000000,1.100000,0.000000,0.000000,-1.571000,0.139621,0.992028,0.080316,1.005019
30.328000,-0.296255,0.007972,1.019678,0.057828,0.000012,-0.003137,0.071971,0.000007,1.570793,-0.155139,1.000000,1.100000,0.000000,0.000000,-1.571000,0.141116,0.992028,0.080322,1.005229
30.330000,-0.296137,0.007972,1.019671,0.059143,0.000012,-0.003053,0.073019,0.000007,1.570794,-0.153523,1.000000,1.100000,0.000000,0.000000,-1.571000,0.142614,0.992028,0.080329,1.005441
30.332000,-0.296017,0.007972,1.019665,0.060476,0.000012,-0.002969,0.074066,0.000007,1.570794,-0.151900,1.000000,1.100000,0.000000,0.000000,-1.571000,0.144116,0.992028,0.080335,1.005655
30.334000,-0.295894,0.007972,1.019660,0.061827,0.000012,-0.002888,0.075109,0.000008,1.570795,-0.150272,1.000000,1.100000,0.000000,0.000000,-1.571000,0.145622,0.992028,0.080340,1.005872
30.336000,-0.295768,0.007972,1.019654,0.063196,0.000012,-0.002807,0.076148,0.000008,1.570795,-0.148638,1.000000,1.100000,0.000000,0.000000,-1.571000,0.147130,0.992028,0.080346,1.006092
30.338000,-0.295639,0.007972,1.019648,0.064582,0.000012,-0.002728,0.077181,0.000008,1.570796,-0.146997,1.000000,1.100000,0.000000,0.000000,-1.571000,0.148642,0.992028,0.080352,1.006315
30.340000,-0.295508,0.007972,1.019643,0.065987,0.000012,-0.002650,0.078208,0.000008,1.570796,-0.145351,1.000000,1.100000,0.000000,0.000000,-1.571000,0.150157,0.992028,0.080357,1.006540
30.342000,-0.295374,0.007972,1.019638,0.067409,0.000013,-0.002574,0.079227,0.000009,1.570797,-0.143699,1.000000,1.100000,0.000000,0.000000,-1.571000,0.151674,0.992028,0.080362,1.006768
30.344000,-0.295237,0.007972,1.019633,0.068848,0.000013,-0.002499,0.080237,0.000009,1.570798,-0.142042,1.000000,1.100000,0.000000,0.000000,-1.571000,0.153195,0.992028,0.080367,1.006999
30.346000,-0.295097,0.007972,1.019628,0.070305,0.000013,-0.002425,0.081238,0.000009,1.570798,-0.140379,1.000000,1.100000,0.000000,0.000000,-1.571000,0.154718,0.992028,0.080372,1.007232
30.348000,-0.294954,0.007972,1.019623,0.071779,0.000013,-0.002353,0.082228,0.000009,1.570799,-0.138710,1.000000,1.100000,0.000000,0.000000,-1.571000,0.156243,0.992028,0.080377,1.007468
30.350000,-0.294808,0.007972,1.019619,0.073269,0.000013,-0.002283,0.083206,0.000009,1.570800,-0.137036,1.000000,1.100000,0.000000,0.000000,-1.571000,0.157771,0.992028,0.080381,1.007706
30.352000,-0.294659,0.007972,1.019614,0.074775,0.000013,-0.002214,0.084172,0.000009,1.570801,-0.135357,1.000000,1.100000,0.000000,0.000000,-1.571000,0.159302,0.992028,0.080386,1.007947
30.354000,-0.294507,0.007972,1.019610,0.076298,0.000014,-0.002146,0.085123,0.000009,1.570802,-0.133672,1.000000,1.100000,0.000000,0.000000,-1.571000,0.160835,0.992028,0.080390,1.008191
30.356000,-0.294352,0.007973,1.019606,0.077837,0.000014,-0.002080,0.086060,0.000009,1.570803,-0.131982,1.000000,1.100000,0.000000,0.000000,-1.571000,0.162370,0.992027,0.080394,1.008437
30.358000,-0.294194,0.007973,1.019602,0.079391,0.000014,-0.002016,0.086982,0.000009,1.570804,-0.130286,1.000000,1.100000,0.000000,0.000000,-1.571000,0.163907,0.992027,0.080398,1.008686
30.360000,-0.294032,0.007973,1.019598,0.080960,0.000014,-0.001953,0.087888,0.000009,1.570805,-0.128586,1.000000,1.100000,0.000000,0.000000,-1.571000,0.165446,0.992027,0.080402,1.008938
30.362000,-0.293868,0.007973,1.019594,0.082544,0.000014,-0.001888,0.088777,0.000009,1.570806,-0.126880,1.000000,1.100000,0.000000,0.000000,-1.571000,0.166987,0.992027,0.080406,1.009192
30.364000,-0.293700,0.007973,1.019590,0.084144,0.000014,-0.001815,0.089652,0.000009,1.570807,-0.125170,1.000000,1.100000,0.000000,0.000000,-1.571000,0.168530,0.992027,0.080410,1.009449
30.366000,-0.293529,0.007973,1.019587,0.085758,0.000015,-0.001737,0.090514,0.000009,1.570808,-0.123454,1.000000,1.100000,0.000000,0.000000,-1.571000,0.170075,0.992027,0.080413,1.009708
30.368000,-0.293355,0.007973,1.019583,0.087387,0.000015,-0.001654,0.091365,0.000008,1.570809,-0.121734,1.000000,1.100000,0.000000,0.000000,-1.571000,0.171621,0.992027,0.080417,1.009970
30.370000,-0.293178,0.007973,1.019580,0.089030,0.000015,-0.001566,0.092207,0.000008,1.570811,-0.120009,1.000000,1.100000,0.000000,0.000000,-1.571000,0.173169,0.992027,0.080420,1.010234
30.372000,-0.292997,0.007973,1.019577,0.090687,0.000015,-0.001474,0.093040,0.000008,1.570812,-0.118279,1.000000,1.100000,0.000000,0.000000,-1.571000,0.174718,0.992027,0.080423,1.010501
30.374000,-0.292813,0.007973,1.019574,0.092358,0.000015,-0.001379,0.093865,0.000007,1.570812,-0.116544,1.000000,1.100000,0.000000,0.000000,-1.571000,0.176269,0.992027,0.080426,1.010770
30.376000,-0.292625,0.007973,1.019572,0.094042,0.000015,-0.001281,0.094684,0.000007,1.570813,-0.114805,1.000000,1.100000,0.000000,0.000000,-1.571000,0.177820,0.992027,0.080428,1.011042
30.378000,-0.292435,0.007973,1.019569,0.095740,0.000015,-0.001180,0.095497,0.000006,1.570814,-0.113061,1.000000,1.100000,0.000000,0.000000,-1.571000,0.179373,0.992027,0.080431,1.011317
30.380000,-0.292240,0.007973,1.019567,0.097451,0.000016,-0.001077,0.096305,0.000006,1.570815,-0.111313,1.000000,1.100000,0.000000,0.000000,-1.571000,0.180927,0.992027,0.080433,1.011594
30.382000,-0.292043,0.007973,1.019565,0.099175,0.000016,-0.000972,0.097109,0.000006,1.570816,-0.109561,1.000000,1.100000,0.000000,0.000000,-1.571000,0.182482,0.992027,0.080435,1.011873
30.384000,-0.291842,0.007973,1.019563,0.100911,0.000016,-0.000866,0.097908,0.000005,1.570816,-0.107804,1.000000,1.100000,0.000000,0.000000,-1.571000,0.184038,0.992027,0.080437,1.012155
30.386000,-0.291637,0.007973,1.019562,0.102661,0.000016,-0.000759,0.098704,0.000005,1.570817,-0.106042,1.000000,1.100000,0.000000,0.000000,-1.571000,0.185594,0.992027,0.080438,1.012439
30.388000,-0.291429,0.007973,1.019560,0.104423,0.000016,-0.000651,0.099496,0.000005,1.570817,-0.104277,1.000000,1.100000,0.000000,0.000000,-1.571000,0.187152,0.992027,0.080440,1.012726
30.390000,-0.291217,0.007973,1.019559,0.106198,0.000016,-0.000543,0.100286,0.000004,1.570818,-0.102508,1.000000,1.100000,0.000000,0.000000,-1.571000,0.188709,0.992027,0.080441,1.013015
30.392000,-0.291002,0.007973,1.019558,0.107985,0.000016,-0.000434,0.101072,0.000004,1.570818,-0.100734,1.000000,1.100000,0.000000,0.000000,-1.571000,0.190268,0.992027,0.080442,1.013307
30.394000,-0.290783,0.007973,1.019557,0.109785,0.000016,-0.000325,0.101855,0.000004,1.570818,-0.098957,1.000000,1.100000,0.000000,0.000000,-1.571000,0.191826,0.992027,0.080443,1.013600
30.396000,-0.290560,0.007973,1.019557,0.111596,0.000016,-0.000216,0.102635,0.000004,1.570819,-0.097175,1.000000,1.100000,0.000000,0.000000,-1.571000,0.193385,0.992027,0.080443,1.013897
30.398000,-0.290334,0.007973,1.019557,0.113420,0.000017,-0.000107,0.103412,0.000003,1.570819,-0.095390,1.000000,1.100000,0.000000,0.000000,-1.571000,0.194944,0.992027,0.080443,1.014195
30.400000,-0.290104,0.007973,1.019557,0.115256,0.000017,0.000001,0.104186,0.000003,1.570819,-0.093601,1.000000,1.100000,0.000000,0.000000,-1.571000,0.196503,0.992027,0.080443,1.014496
30.402000,-0.289871,0.007973,1.019557,0.117104,0.000017,0.000109,0.104956,0.000003,1.570819,-0.091808,1.000000,1.100000,0.000000,0.000000,-1.571000,0.198063,0.992027,0.080443,1.014799
30.404000,-0.289634,0.007973,1.019557,0.118964,0.000017,0.000217,0.105723,0.000003,1.570819,-0.090012,1.000000,1.100000,0.000000,0.000000,-1.571000,0.199622,0.992027,0.080443,1.015104
30.406000,-0.289393,0.007973,1.019558,0.120836,0.000017,0.000323,0.106486,0.000003,1.570819,-0.088212,1.000000,1.100000,0.000000,0.000000,-1.571000,0.201181,0.992027,0.080442,1.015412
30.408000,-0.289148,0.007973,1.019559,0.122719,0.000017,0.000429,0.107244,0.000003,1.570819,-0.086409,1.000000,1.100000,0.000000,0.000000,-1.571000,0.202739,0.992027,0.080441,1.015722
30.410000,-0.288899,0.007973,1.019560,0.124613,0.000017,0.000534,0.107998,0.000003,1.570819,-0.084602,1.000000,1.100000,0.000000,0.000000,-1.571000,0.204297,0.992027,0.080440,1.016034
30.412000,-0.288647,0.007973,1.019561,0.126519,0.000017,0.000638,0.108748,0.000003,1.570819,-0.082792,1.000000,1.100000,0.000000,0.000000,-1.571000,0.205855,0.992027,0.080439,1.016348
30.414000,-0.288391,0.007973,1.019562,0.128437,0.000017,0.000741,0.109492,0.000003,1.570819,-0.080978,1.000000,1.100000,0.000000,0.000000,-1.571000,0.207412,0.992027,0.080438,1.016665
30.416000,-0.288131,0.007973,1.019564,0.130365,0.000017,0.000843,0.110231,0.000003,1.570818,-0.079162,1.000000,1.100000,0.000000,0.000000,-1.571000,0.208969,0.992027,0.080436,1.016983
30.418000,-0.287867,0.007973,1.019566,0.132305,0.000017,0.000943,0.110963,0.000003,1.570818,-0.077342,1.000000,1.100000,0.000000,0.000000,-1.571000,0.210525,0.992027,0.080434,1.017304
30.420000,-0.287599,0.007974,1.019568,0.134255,0.000017,0.001042,0.111690,0.000003,1.570818,-0.075519,1.000000,1.100000,0.000000,0.000000,-1.571000,0.212080,0.992026,0.080432,1.017626
30.422000,-0.287327,0.007974,1.019570,0.136216,0.000017,0.001143,0.112410,0.000003,1.570818,-0.073694,1.000000,1.100000,0.000000,0.000000,-1.571000,0.213634,0.992026,0.080430,1.017951
30.424000,-0.287052,0.007974,1.019573,0.138188,0.000017,0.001247,0.113125,0.000003,1.570817,-0.071865,1.000000,1.100000,0.000000,0.000000,-1.571000,0.215187,0.992026,0.080427,1.018278
30.426000,-0.286772,0.007974,1.019575,0.140172,0.000018,0.001355,0.113836,0.000003,1.570817,-0.070034,1.000000,1.100000,0.000000,0.000000,-1.571000,0.216739,0.992026,0.080425,1.018607
30.428000,-0.286489,0.007974,1.019578,0.142166,0.000018,0.001465,0.114544,0.000004,1.570816,-0.068199,1.000000,1.100000,0.000000,0.000000,-1.571000,0.218289,0.992026,0.080422,1.018938
30.430000,-0.286201,0.007974,1.019581,0.144171,0.000018,0.001578,0.115251,0.000004,1.570816,-0.066362,1.000000,1.100000,0.000000,0.000000,-1.571000,0.219838,0.992026,0.080419,1.019270
30.432000,-0.285909,0.007974,1.019584,0.146186,0.000018,0.001692,0.115957,0.000004,1.570815,-0.064523,1.000000,1.100000,0.000000,0.000000,-1.571000,0.221386,0.992026,0.080416,1.019605
30.434000,-0.285614,0.007974,1.019588,0.148212,0.000018,0.001808,0.116663,0.000004,1.570815,-0.062681,1.000000,1.100000,0.000000,0.000000,-1.571000,0.222933,0.992026,0.080412,1.019942
30.436000,-0.285314,0.007974,1.019592,0.150249,0.000018,0.001925,0.117368,0.000004,1.570814,-0.060836,1.000000,1.100000,0.000000,0.000000,-1.571000,0.224478,0.992026,0.080408,1.020280
30.438000,-0.285010,0.007974,1.019596,0.152296,0.000018,0.002043,0.118074,0.000004,1.570814,-0.058989,1.000000,1.100000,0.000000,0.000000,-1.571000,0.226021,0.992026,0.080404,1.020620
30.440000,-0.284702,0.007974,1.019600,0.154353,0.000018,0.002162,0.118781,0.000004,1.570813,-0.057140,1.000000,1.100000,0.000000,0.000000,-1.571000,0.227562,0.992026,0.080400,1.020963
30.442000,-0.284390,0.007974,1.019605,0.156421,0.000018,0.002281,0.119489,0.000004,1.570812,-0.055288,1.000000,1.100000,0.000000,0.000000,-1.571000,0.229101,0.992026,0.080395,1.021306
30.444000,-0.284074,0.007974,1.019609,0.158499,0.000018,0.002401,0.120198,0.000004,1.570811,-0.053435,1.000000,1.100000,0.000000,0.000000,-1.571000,0.230639,0.992026,0.080391,1.021652
30.446000,-0.283753,0.007974,1.019614,0.160588,0.000018,0.002520,0.120908,0.000004,1.570811,-0.051579,1.000000,1.100000,0.000000,0.000000,-1.571000,0.232174,0.992026,0.080386,1.021999
30.448000,-0.283428,0.007974,1.019620,0.162686,0.000018,0.002639,0.121619,0.000004,1.570810,-0.049721,1.000000,1.100000,0.000000,0.000000,-1.571000,0.233708,0.992026,0.080380,1.022348
30.450000,-0.283100,0.007974,1.019625,0.164796,0.000019,0.002757,0.122331,0.000004,1.570809,-0.047861,1.000000,1.100000,0.000000,0.000000,-1.571000,0.235239,0.992026,0.080375,1.022699
30.452000,-0.282766,0.007974,1.019631,0.166915,0.000019,0.002876,0.123043,0.000004,1.570808,-0.045999,1.000000,1.100000,0.000000,0.000000,-1.571000,0.236767,0.992026,0.080369,1.023051
30.454000,-0.282429,0.007974,1.019637,0.169045,0.000019,0.002993,0.123756,0.000004,1.570807,-0.044136,1.000000,1.100000,0.000000,0.000000,-1.571000,0.238293,0.992026,0.080363,1.023405
30.456000,-0.282087,0.007974,1.019643,0.171185,0.000019,0.003109,0.124470,0.000004,1.570807,-0.042270,1.000000,1.100000,0.000000,0.000000,-1.571000,0.239817,0.992026,0.080357,1.023760
30.458000,-0.281742,0.007974,1.019649,0.173335,0.000019,0.003225,0.125182,0.000003,1.570806,-0.040403,1.000000,1.100000,0.000000,0.000000,-1.571000,0.241338,0.992026,0.080351,1.024117
30.460000,-0.281391,0.007974,1.019656,0.175495,0.000019,0.003340,0.125895,0.000003,1.570805,-0.038535,1.000000,1.100000,0.000000,0.000000,-1.571000,0.242856,0.992026,0.080344,1.024475
30.462000,-0.281037,0.007974,1.019663,0.177665,0.000019,0.003453,0.126606,0.000003,1.570804,-0.036665,1.000000,1.100000,0.000000,0.000000,-1.571000,0.244372,0.992026,0.080337,1.024835
30.464000,-0.280678,0.007974,1.019670,0.179846,0.000019,0.003566,0.127315,0.000003,1.570803,-0.034793,1.000000,1.100000,0.000000,0.000000,-1.571000,0.245884,0.992026,0.080330,1.025196
30.466000,-0.280314,0.007974,1.019677,0.182036,0.000019,0.003677,0.128023,0.000003,1.570802,-0.032920,1.000000,1.100000,0.000000,0.000000,-1.571000,0.247394,0.992026,0.080323,1.025559
30.468000,-0.279947,0.007974,1.019685,0.184237,0.000019,0.003786,0.128728,0.000003,1.570801,-0.031046,1.000000,1.100000,0.000000,0.000000,-1.571000,0.248901,0.992026,0.080315,1.025922
30.470000,-0.279574,0.007974,1.019692,0.186447,0.000019,0.003894,0.129430,0.000002,1.570801,-0.029171,1.000000,1.100000,0.000000,0.000000,-1.571000,0.250404,0.992026,0.080308,1.026288
30.472000,-0.279198,0.007974,1.019700,0.188667,0.000019,0.004001,0.130128,0.000002,1.570800,-0.027294,1.000000,1.100000,0.000000,0.000000,-1.571000,0.251904,0.992026,0.080300,1.026654
30.474000,-0.278817,0.007975,1.019709,0.190897,0.000019,0.004106,0.130822,0.000002,1.570799,-0.025416,1.000000,1.100000,0.000000,0.000000,-1.571000,0.253400,0.992025,0.080291,1.027021
30.476000,-0.278431,0.007975,1.019717,0.193136,0.000019,0.004210,0.131511,0.000002,1.570798,-0.023538,1.000000,1.100000,0.000000,0.000000,-1.571000,0.254894,0.992025,0.080283,1.027390
30.478000,-0.278041,0.007975,1.019725,0.195385,0.000019,0.004312,0.132195,0.000002,1.570797,-0.021658,1.000000,1.100000,0.000000,0.000000,-1.571000,0.256383,0.992025,0.080275,1.027760
30.480000,-0.277647,0.007975,1.019734,0.197643,0.000019,0.004413,0.132873,0.000002,1.570797,-0.019778,1.000000,1.100000,0.000000,0.000000,-1.571000,0.257869,0.992025,0.080266,1.028131
30.482000,-0.277248,0.007975,1.019743,0.199910,0.000019,0.004512,0.133544,0.000002,1.570796,-0.017896,1.000000,1.100000,0.000000,0.000000,-1.571000,0.259351,0.992025,0.080257,1.028503
30.484000,-0.276844,0.007975,1.019752,0.202186,0.000019,0.004610,0.134207,0.000002,1.570796,-0.016015,1.000000,1.100000,0.000000,0.000000,-1.571000,0.260829,0.992025,0.080248,1.028876
30.486000,-0.276436,0.007975,1.019762,0.204472,0.000019,0.004706,0.134862,0.000002,1.570795,-0.014132,1.000000,1.100000,0.000000,0.000000,-1.571000,0.262304,0.992025,0.080238,1.029250
30.488000,-0.276023,0.007975,1.019771,0.206765,0.000019,0.004802,0.135506,0.000002,1.570795,-0.012249,1.000000,1.100000,0.000000,0.000000,-1.571000,0.263774,0.992025,0.080229,1.029625
30.490000,-0.275606,0.007975,1.019781,0.209068,0.000019,0.004896,0.136139,0.000002,1.570794,-0.010365,1.000000,1.100000,0.000000,0.000000,-1.571000,0.265240,0.992025,0.080219,1.030001
30.492000,-0.275184,0.007975,1.019791,0.211378,0.000019,0.004989,0.136760,0.000002,1.570794,-0.008481,1.000000,1.100000,0.000000,0.000000,-1.571000,0.266702,0.992025,0.080209,1.030377
30.494000,-0.274757,0.007975,1.019801,0.213697,0.000019,0.005081,0.137368,0.000002,1.570794,-0.006597,1.000000,1.100000,0.000000,0.000000,-1.571000,0.268160,0.992025,0.080199,1.030755
30.496000,-0.274326,0.007975,1.019811,0.216023,0.000019,0.005171,0.137962,0.000002,1.570793,-0.004712,1.000000,1.100000,0.000000,0.000000,-1.571000,0.269613,0.992025,0.080189,1.031133
30.498000,-0.273890,0.007975,1.019822,0.218356,0.000019,0.005260,0.138542,0.000002,1.570793,-0.002827,1.000000,1.100000,0.000000,0.000000,-1.571000,0.271062,0.992025,0.080178,1.031512
30.500000,-0.273449,0.007975,1.019833,0.220697,0.000019,0.005347,0.139107,0.000002,1.570793,-0.000942,1.000000,1.100000,0.000000,0.000000,-1.571000,0.272506,0.992025,0.080167,1.031892
30.502000,-0.273004,0.007975,1.019843,0.223044,0.000019,0.005434,0.139655,0.000002,1.570793,0.000942,1.000000,1.100000,0.000000,0.000000,-1.571000,0.273946,0.992025,0.080157,1.032272
30.504000,-0.272553,0.007975,1.019854,0.225398,0.000019,0.005518,0.140187,0.000002,1.570793,0.002827,1.000000,1.100000,0.000000,0.000000,-1.571000,0.275381,0.992025,0.080146,1.032653
30.506000,-0.272099,0.007975,1.019866,0.227758,0.000019,0.005602,0.140702,0.000003,1.570794,0.004712,1.000000,1.100000,0.000000,0.000000,-1.571000,0.276811,0.992025,0.080134,1.033034
30.508000,-0.271639,0.007975,1.019877,0.230123,0.000019,0.005684,0.141200,0.000003,1.570794,0.006597,1.000000,1.100000,0.000000,0.000000,-1.571000,0.278236,0.992025,0.080123,1.033416
30.510000,-0.271175,0.007975,1.019888,0.232494,0.000019,0.005765,0.141679,0.000003,1.570794,0.008481,1.000000,1.100000,0.000000,0.000000,-1.571000,0.279656,0.992025,0.080112,1.033798
30.512000,-0.270706,0.007975,1.019900,0.234870,0.000019,0.005844,0.142141,0.000003,1.570795,0.010365,1.000000,1.100000,0.000000,0.000000,-1.571000,0.281071,0.992025,0.080100,1.034181
30.514000,-0.270232,0.007975,1.019912,0.237250,0.000019,0.005923,0.142584,0.000003,1.570795,0.012249,1.000000,1.100000,0.000000,0.000000,-1.571000,0.282481,0.992025,0.080088,1.034564
30.516000,-0.269754,0.007975,1.019924,0.239635,0.000019,0.006000,0.143008,0.000003,1.570796,0.014132,1.000000,1.100000,0.000000,0.000000,-1.571000,0.283885,0.992025,0.080076,1.034947
30.518000,-0.269270,0.007975,1.019936,0.242023,0.000019,0.006076,0.143414,0.000003,1.570796,0.016015,1.000000,1.100000,0.000000,0.000000,-1.571000,0.285285,0.992025,0.080064,1.035331
30.520000,-0.268782,0.007975,1.019948,0.244415,0.000019,0.006151,0.143800,0.000003,1.570797,0.017896,1.000000,1.100000,0.000000,0.000000,-1.571000,0.286679,0.992025,0.080052,1.035715
30.522000,-0.268289,0.007975,1.019961,0.246810,0.000019,0.006224,0.144168,0.000003,1.570797,0.019778,1.000000,1.100000,0.000000,0.000000,-1.571000,0.288067,0.992025,0.080039,1.036099
30.524000,-0.267791,0.007975,1.019973,0.249208,0.000019,0.006297,0.144516,0.000003,1.570798,0.021658,1.000000,1.100000,0.000000,0.000000,-1.571000,0.289450,0.992025,0.080027,1.036483
30.526000,-0.267289,0.007976,1.019986,0.251608,0.000019,0.006369,0.144846,0.000003,1.570799,0.023538,1.000000,1.100000,0.000000,0.000000,-1.571000,0.290827,0.992024,0.080014,1.036868
30.528000,-0.266782,0.007976,1.019999,0.254010,0.000019,0.006439,0.145157,0.000003,1.570799,0.025416,1.000000,1.100000,0.000000,0.000000,-1.571000,0.292198,0.992024,0.080001,1.037252
30.530000,-0.266269,0.007976,1.020012,0.256414,0.000019,0.006509,0.145450,0.000003,1.570800,0.027294,1.000000,1.100000,0.000000,0.000000,-1.571000,0.293564,0.992024,0.079988,1.037637
30.532000,-0.265753,0.007976,1.020025,0.258818,0.000019,0.006578,0.145724,0.000003,1.570800,0.029171,1.000000,1.100000,0.000000,0.000000,-1.571000,0.294923,0.992024,0.079975,1.038021
30.534000,-0.265231,0.007976,1.020038,0.261224,0.000019,0.006646,0.145980,0.000002,1.570801,0.031046,1.000000,1.100000,0.000000,0.000000,-1.571000,0.296277,0.992024,0.079962,1.038406
30.536000,-0.264704,0.007976,1.020052,0.263630,0.000019,0.006713,0.146218,0.000002,1.570802,0.032920,1.000000,1.100000,0.000000,0.000000,-1.571000,0.297624,0.992024,0.079948,1.038790
30.538000,-0.264173,0.007976,1.020065,0.266036,0.000019,0.006780,0.146438,0.000002,1.570802,0.034793,1.000000,1.100000,0.000000,0.000000,-1.571000,0.298966,0.992024,0.079935,1.039174
30.540000,-0.263637,0.007976,1.020079,0.268442,0.000019,0.006845,0.146642,0.000001,1.570803,0.036665,1.000000,1.100000,0.000000,0.000000,-1.571000,0.300301,0.992024,0.079921,1.039558
30.542000,-0.263096,0.007976,1.020093,0.270848,0.000020,0.006911,0.146828,0.000001,1.570804,0.038535,1.000000,1.100000,0.000000,0.000000,-1.571000,0.301630,0.992024,0.079907,1.039941
30.544000,-0.262550,0.007976,1.020107,0.273253,0.000020,0.006975,0.146998,0.000001,1.570804,0.040403,1.000000,1.100000,0.000000,0.000000,-1.571000,0.302953,0.992024,0.079893,1.040325
30.546000,-0.261999,0.007976,1.020121,0.275656,0.000020,0.007039,0.147152,0.000000,1.570805,0.042270,1.000000,1.100000,0.000000,0.000000,-1.571000,0.304269,0.992024,0.079879,1.040708
30.548000,-0.261444,0.007976,1.020135,0.278058,0.000020,0.007103,0.147291,0.000000,1.570806,0.044136,1.000000,1.100000,0.000000,0.000000,-1.571000,0.305579,0.992024,0.079865,1.041090
30.550000,-0.260883,0.007976,1.020149,0.280458,0.000019,0.007165,0.147415,-0.000000,1.570806,0.045999,1.000000,1.100000,0.000000,0.000000,-1.571000,0.306882,0.992024,0.079851,1.041472
30.552000,-0.260318,0.007976,1.020164,0.282856,0.000019,0.007228,0.147524,-0.000001,1.570807,0.047861,1.000000,1.100000,0.000000,0.000000,-1.571000,0.308179,0.992024,0.079836,1.041854
30.554000,-0.259748,0.007976,1.020178,0.285252,0.000019,0.007290,0.147619,-0.000001,1.570807,0.049721,1.000000,1.100000,0.000000,0.000000,-1.571000,0.309469,0.992024,0.079822,1.042235
30.556000,-0.259174,0.007976,1.020193,0.287645,0.000019,0.007352,0.147701,-0.000001,1.570807,0.051579,1.000000,1.100000,0.000000,0.000000,-1.571000,0.310752,0.992024,0.079807,1.042616
30.558000,-0.258594,0.007976,1.020208,0.290035,0.000019,0.007413,0.147770,-0.000001,1.570808,0.053435,1.000000,1.100000,0.000000,0.000000,-1.571000,0.312029,0.992024,0.079792,1.042996
30.560000,-0.258010,0.007976,1.020223,0.292422,0.000019,0.007475,0.147826,-0.000002,1.570808,0.055288,1.000000,1.100000,0.000000,0.000000,-1.571000,0.313298,0.992024,0.079777,1.043375
30.562000,-0.257421,0.007976,1.020238,0.294806,0.000019,0.007536,0.147871,-0.000002,1.570808,0.057140,1.000000,1.100000,0.000000,0.000000,-1.571000,0.314561,0.992024,0.079762,1.043754
30.564000,-0.256827,0.007976,1.020253,0.297186,0.000019,0.007596,0.147904,-0.000002,1.570808,0.058989,1.000000,1.100000,0.000000,0.000000,-1.571000,0.315816,0.992024,0.079747,1.044132
30.566000,-0.256229,0.007976,1.020268,0.299562,0.000019,0.007657,0.147925,-0.000002,1.570809,0.060836,1.000000,1.100000,0.000000,0.000000,-1.571000,0.317065,0.992024,0.079732,1.044509
30.568000,-0.255625,0.007976,1.020284,0.301935,0.000019,0.007717,0.147935,-0.000003,1.570809,0.062681,1.000000,1.100000,0.000000,0.000000,-1.571000,0.318306,0.992024,0.079716,1.044885
30.570000,-0.255017,0.007976,1.020299,0.304303,0.000019,0.007777,0.147933,-0.000003,1.570809,0.064523,1.000000,1.100000,0.000000,0.000000,-1.571000,0.319540,0.992024,0.079701,1.045260
30.572000,-0.254405,0.007976,1.020315,0.306666,0.000019,0.007838,0.147919,-0.000003,1.570809,0.066362,1.000000,1.100000,0.000000,0.000000,-1.571000,0.320767,0.992024,0.079685,1.045635
30.574000,-0.253787,0.007976,1.020331,0.309025,0.000019,0.007898,0.147895,-0.000003,1.570809,0.068199,1.000000,1.100000,0.000000,0.000000,-1.571000,0.321986,0.992024,0.079669,1.046008
30.576000,-0.253165,0.007976,1.020347,0.311379,0.000019,0.007958,0.147860,-0.000003,1.570808,0.070034,1.000000,1.100000,0.000000,0.000000,-1.571000,0.323198,0.992024,0.079653,1.046381
30.578000,-0.252538,0.007977,1.020363,0.313728,0.000019,0.008018,0.147814,-0.000003,1.570808,0.071865,1.000000,1.100000,0.000000,0.000000,-1.571000,0.324403,0.992023,0.079637,1.046752
30.580000,-0.251906,0.007977,1.020379,0.316071,0.000019,0.008078,0.147758,-0.000003,1.570808,0.073694,1.000000,1.100000,0.000000,0.000000,-1.571000,0.325600,0.992023,0.079621,1.047122
30.582000,-0.251270,0.007977,1.020395,0.318409,0.000019,0.008138,0.147693,-0.000003,1.570808,0.075519,1.000000,1.100000,0.000000,0.000000,-1.571000,0.326790,0.992023,0.079605,1.047492
30.584000,-0.250629,0.007977,1.020411,0.320741,0.000019,0.008199,0.147618,-0.000003,1.570807,0.077342,1.000000,1.100000,0.000000,0.000000,-1.571000,0.327971,0.992023,0.079589,1.047860
30.586000,-0.249983,0.007977,1.020428,0.323068,0.000019,0.008259,0.147534,-0.000003,1.570807,0.079162,1.000000,1.100000,0.000000,0.000000,-1.571000,0.329145,0.992023,0.079572,1.048226
30.588000,-0.249333,0.007977,1.020444,0.325388,0.000019,0.008320,0.147442,-0.000003,1.570807,0.080978,1.000000,1.100000,0.000000,0.000000,-1.571000,0.330312,0.992023,0.079556,1.048592
30.590000,-0.248678,0.007977,1.020461,0.327703,0.000019,0.008380,0.147342,-0.000003,1.570806,0.082792,1.000000,1.100000,0.000000,0.000000,-1.571000,0.331470,0.992023,0.079539,1.048956
30.592000,-0.248019,0.007977,1.020478,0.330011,0.000018,0.008441,0.147234,-0.000003,1.570806,0.084602,1.000000,1.100000,0.000000,0.000000,-1.571000,0.332621,0.992023,0.079522,1.049319
30.594000,-0.247355,0.007977,1.020495,0.332312,0.000018,0.008503,0.147119,-0.000003,1.570805,0.086409,1.000000,1.100000,0.000000,0.000000,-1.571000,0.333763,0.992023,0.079505,1.049680
30.596000,-0.246686,0.007977,1.020512,0.334607,0.000018,0.008564,0.146998,-0.000003,1.570804,0.088212,1.000000,1.100000,0.000000,0.000000,-1.571000,0.334898,0.992023,0.079488,1.050040
30.598000,-0.246013,0.007977,1.020529,0.336896,0.000018,0.008627,0.146870,-0.000002,1.570804,0.090012,1.000000,1.100000,0.000000,0.000000,-1.571000,0.336025,0.992023,0.079471,1.050399
30.600000,-0.245335,0.007977,1.020547,0.339178,0.000018,0.008689,0.146737,-0.000002,1.570803,0.091808,1.000000,1.100000,0.000000,0.000000,-1.571000,0.337143,0.992023,0.079453,1.050756
30.602000,-0.244652,0.007977,1.020564,0.341452,0.000018,0.008753,0.146599,-0.000002,1.570802,0.093601,1.000000,1.100000,0.000000,0.000000,-1.571000,0.338253,0.992023,0.079436,1.051111
30.604000,-0.243965,0.007977,1.020582,0.343720,0.000018,0.008816,0.146456,-0.000001,1.570802,0.095390,1.000000,1.100000,0.000000,0.000000,-1.571000,0.339355,0.992023,0.079418,1.051465
30.606000,-0.243274,0.007977,1.020600,0.345981,0.000018,0.008880,0.146309,-0.000001,1.570801,0.097175,1.000000,1.100000,0.000000,0.000000,-1.571000,0.340449,0.992023,0.079400,1.051817
30.608000,-0.242578,0.007977,1.020617,0.348235,0.000018,0.008945,0.146159,-0.000001,1.570800,0.098957,1.000000,1.100000,0.000000,0.000000,-1.571000,0.341534,0.992023,0.079383,1.052168
30.610000,-0.241877,0.007977,1.020636,0.350482,0.000018,0.009010,0.146005,-0.000000,1.570799,0.100734,1.000000,1.100000,0.000000,0.000000,-1.571000,0.342611,0.992023,0.079364,1.052516
30.612000,-0.241172,0.007977,1.020654,0.352722,0.000018,0.009075,0.145848,-0.000000,1.570798,0.102508,1.000000,1.100000,0.000000,0.000000,-1.571000,0.343680,0.992023,0.079346,1.052863
30.614000,-0.240463,0.007977,1.020672,0.354954,0.000018,0.009141,0.145689,0.000000,1.570797,0.104277,1.000000,1.100000,0.000000,0.000000,-1.571000,0.344740,0.992023,0.079328,1.053208
30.616000,-0.239749,0.007977,1.020690,0.357179,0.000018,0.009208,0.145529,0.000001,1.570796,0.106042,1.000000,1.100000,0.000000,0.000000,-1.571000,0.345791,0.992023,0.079310,1.053551
30.618000,-0.239030,0.007977,1.020709,0.359397,0.000018,0.009275,0.145367,0.000001,1.570795,0.107804,1.000000,1.100000,0.000000,0.000000,-1.571000,0.346834,0.992023,0.079291,1.053893
30.620000,-0.238307,0.007977,1.020728,0.361607,0.000018,0.009342,0.145204,0.000001,1.570794,0.109561,1.000000,1.100000,0.000000,0.000000,-1.571000,0.347868,0.992023,0.079272,1.054232
30.622000,-0.237580,0.007977,1.020746,0.363810,0.000018,0.009407,0.145039,0.000001,1.570793,0.111313,1.000000,1.100000,0.000000,0.000000,-1.571000,0.348893,0.992023,0.079254,1.054569
30.624000,-0.236849,0.007977,1.020765,0.366005,0.000018,0.009469,0.144872,0.000001,1.570792,0.113061,1.000000,1.100000,0.000000,0.000000,-1.571000,0.349910,0.992023,0.079235,1.054905
30.626000,-0.236112,0.007977,1.020784,0.368192,0.000018,0.009528,0.144702,0.000002,1.570791,0.114805,1.000000,1.100000,0.000000,0.000000,-1.571000,0.350918,0.992023,0.079216,1.055238
30.628000,-0.235372,0.007977,1.020803,0.370372,0.000018,0.009584,0.144526,0.000002,1.570790,0.116544,1.000000,1.100000,0.000000,0.000000,-1.571000,0.351916,0.992023,0.079197,1.055569
30.630000,-0.234627,0.007977,1.020823,0.372543,0.000018,0.009638,0.144344,0.000002,1.570789,0.118279,1.000000,1.100000,0.000000,0.000000,-1.571000,0.352906,0.992023,0.079177,1.055898
30.632000,-0.233878,0.007977,1.020842,0.374706,0.000018,0.009689,0.144155,0.000002,1.570788,0.120009,1.000000,1.100000,0.000000,0.000000,-1.571000,0.353887,0.992023,0.079158,1.056225
30.634000,-0.233125,0.007978,1.020862,0.376861,0.000018,0.009738,0.143958,0.000002,1.570787,0.121734,1.000000,1.100000,0.000000,0.000000,-1.571000,0.354859,0.992022,0.079138,1.056549
30.636000,-0.232367,0.007978,1.020881,0.379008,0.000018,0.009786,0.143752,0.000002,1.570786,0.123454,1.000000,1.100000,0.000000,0.000000,-1.571000,0.355821,0.992022,0.079119,1.056871
30.638000,-0.231605,0.007978,1.020901,0.381147,0.000018,0.009832,0.143538,0.000001,1.570785,0.125170,1.000000,1.100000,0.000000,0.000000,-1.571000,0.356775,0.992022,0.079099,1.057191
30.640000,-0.230839,0.007978,1.020921,0.383277,0.000018,0.009877,0.143314,0.000001,1.570784,0.126880,1.000000,1.100000,0.000000,0.000000,-1.571000,0.357719,0.992022,0.079079,1.057509
30.642000,-0.230068,0.007978,1.020940,0.385399,0.000018,0.009921,0.143081,0.000001,1.570784,0.128586,1.000000,1.100000,0.000000,0.000000,-1.571000,0.358654,0.992022,0.079060,1.057824
30.644000,-0.229294,0.007978,1.020960,0.387511,0.000018,0.009964,0.142838,0.000001,1.570783,0.130286,1.000000,1.100000,0.000000,0.000000,-1.571000,0.359580,0.992022,0.079040,1.058137
30.646000,-0.228515,0.007978,1.020980,0.389615,0.000017,0.010007,0.142584,0.000001,1.570782,0.131982,1.000000,1.100000,0.000000,0.000000,-1.571000,0.360496,0.992022,0.079020,1.058447
30.648000,-0.227732,0.007978,1.021000,0.391710,0.000017,0.010048,0.142321,0.000001,1.570781,0.133672,1.000000,1.100000,0.000000,0.000000,-1.571000,0.361403,0.992022,0.079000,1.058755
30.650000,-0.226944,0.007978,1.021021,0.393795,0.000017,0.010090,0.142047,0.000000,1.570781,0.135357,1.000000,1.100000,0.000000,0.000000,-1.571000,0.362301,0.992022,0.078979,1.059060
30.652000,-0.226153,0.007978,1.021041,0.395871,0.000017,0.010131,0.141763,0.000000,1.570780,0.137036,1.000000,1.100000,0.000000,0.000000,-1.571000,0.363189,0.992022,0.078959,1.059362
30.654000,-0.225357,0.007978,1.021061,0.397938,0.000017,0.010172,0.141469,-0.000000,1.570780,0.138710,1.000000,1.100000,0.000000,0.000000,-1.571000,0.364067,0.992022,0.078939,1.059662
30.656000,-0.224557,0.007978,1.021082,0.399994,0.000017,0.010212,0.141165,-0.000000,1.570779,0.140379,1.000000,1.100000,0.000000,0.000000,-1.571000,0.364936,0.992022,0.078918,1.059960
30.658000,-0.223753,0.007978,1.021102,0.402041,0.000017,0.010253,0.140852,-0.000001,1.570779,0.142042,1.000000,1.100000,0.000000,0.000000,-1.571000,0.365795,0.992022,0.078898,1.060254
30.660000,-0.222946,0.007978,1.021123,0.404078,0.000017,0.010294,0.140530,-0.000001,1.570779,0.143699,1.000000,1.100000,0.000000,0.000000,-1.571000,0.366645,0.992022,0.078877,1.060546
30.662000,-0.222133,0.007978,1.021143,0.406104,0.000017,0.010335,0.140199,-0.000001,1.570778,0.145351,1.000000,1.100000,0.000000,0.000000,-1.571000,0.367485,0.992022,0.078857,1.060835
30.664000,-0.221317,0.007978,1.021164,0.408120,0.000017,0.010377,0.139859,-0.000001,1.570778,0.146997,1.000000,1.100000,0.000000,0.000000,-1.571000,0.368315,0.992022,0.078836,1.061121
30.666000,-0.220497,0.007978,1.021185,0.410126,0.000017,0.010418,0.139512,-0.000002,1.570778,0.148638,1.000000,1.100000,0.000000,0.000000,-1.571000,0.369135,0.992022,0.078815,1.061405
30.668000,-0.219673,0.007978,1.021206,0.412120,0.000017,0.010460,0.139157,-0.000002,1.570778,0.150272,1.000000,1.100000,0.000000,0.000000,-1.571000,0.369945,0.992022,0.078794,1.061685
30.670000,-0.218845,0.007978,1.021227,0.414104,0.000016,0.010502,0.138795,-0.000002,1.570778,0.151900,1.000000,1.100000,0.000000,0.000000,-1.571000,0.370746,0.992022,0.078773,1.061963
30.672000,-0.218013,0.007978,1.021248,0.416077,0.000016,0.010544,0.138427,-0.000002,1.570778,0.153523,1.000000,1.100000,0.000000,0.000000,-1.571000,0.371536,0.992022,0.078752,1.062237
30.674000,-0.217177,0.007978,1.021269,0.418040,0.000016,0.010587,0.138053,-0.000002,1.570778,0.155139,1.000000,1.100000,0.000000,0.000000,-1.571000,0.372317,0.992022,0.078731,1.062509
30.676000,-0.216337,0.007978,1.021290,0.419991,0.000016,0.010630,0.137673,-0.000003,1.570778,0.156750,1.000000,1.100000,0.000000,0.000000,-1.571000,0.373087,0.992022,0.078710,1.062778
30.678000,-0.215494,0.007978,1.021312,0.421930,0.000016,0.010674,0.137289,-0.000003,1.570778,0.158354,1.000000,1.100000,0.000000,0.000000,-1.571000,0.373847,0.992022,0.078688,1.063043
30.680000,-0.214646,0.007978,1.021333,0.423859,0.000016,0.010718,0.136901,-0.000003,1.570777,0.159951,1.000000,1.100000,0.000000,0.000000,-1.571000,0.374598,0.992022,0.078667,1.063306
30.682000,-0.213795,0.007978,1.021355,0.425776,0.000016,0.010759,0.136508,-0.000003,1.570777,0.161543,1.000000,1.100000,0.000000,0.000000,-1.571000,0.375338,0.992022,0.078645,1.063565
30.684000,-0.212939,0.007978,1.021376,0.427680,0.000015,0.010792,0.136110,-0.000003,1.570777,0.163128,1.000000,1.100000,0.000000,0.000000,-1.571000,0.376068,0.992022,0.078624,1.063821
30.686000,-0.212080,0.007978,1.021398,0.429573,0.000015,0.010820,0.135704,-0.000004,1.570778,0.164707,1.000000,1.100000,0.000000,0.000000,-1.571000,0.376787,0.992022,0.078602,1.064074
30.688000,-0.211218,0.007978,1.021420,0.431452,0.000015,0.010842,0.135289,-0.000004,1.570778,0.166279,1.000000,1.100000,0.000000,0.000000,-1.571000,0.377497,0.992022,0.078580,1.064324
30.690000,-0.210351,0.007978,1.021441,0.433319,0.000015,0.010859,0.134864,-0.000004,1.570778,0.167845,1.000000,1.100000,0.000000,0.000000,-1.571000,0.378196,0.992022,0.078559,1.064570
30.692000,-0.209481,0.007978,1.021463,0.435174,0.000015,0.010872,0.134428,-0.000004,1.570778,0.169404,1.000000,1.100000,0.000000,0.000000,-1.571000,0.378884,0.992022,0.078537,1.064814
30.694000,-0.208607,0.007979,1.021485,0.437016,0.000015,0.010881,0.133981,-0.000004,1.570778,0.170956,1.000000,1.100000,0.000000,0.000000,-1.571000,0.379563,0.992021,0.078515,1.065054
30.696000,-0.207729,0.007979,1.021507,0.438845,0.000015,0.010887,0.133521,-0.000005,1.570778,0.172502,1.000000,1.100000,0.000000,0.000000,-1.571000,0.380231,0.992021,0.078493,1.065290
30.698000,-0.206848,0.007979,1.021529,0.440661,0.000014,0.010890,0.133049,-0.000005,1.570779,0.174040,1.000000,1.100000,0.000000,0.000000,-1.571000,0.380888,0.992021,0.078471,1.065523
30.700000,-0.205963,0.007979,1.021550,0.442464,0.000014,0.010891,0.132564,-0.000005,1.570779,0.175572,1.000000,1.100000,0.000000,0.000000,-1.571000,0.381535,0.992021,0.078450,1.065753
30.702000,-0.205074,0.007979,1.021572,0.444254,0.000014,0.010889,0.132066,-0.000005,1.570780,0.177097,1.000000,1.100000,0.000000,0.000000,-1.571000,0.382172,0.992021,0.078428,1.065980
30.704000,-0.204182,0.007979,1.021594,0.446030,0.000014,0.010886,0.131554,-0.000005,1.570780,0.178615,1.000000,1.100000,0.000000,0.000000,-1.571000,0.382797,0.992021,0.078406,1.066202
30.706000,-0.203287,0.007979,1.021616,0.447792,0.000014,0.010882,0.131030,-0.000006,1.570780,0.180126,1.000000,1.100000,0.000000,0.000000,-1.571000,0.383413,0.992021,0.078384,1.066422
30.708000,-0.202388,0.007979,1.021637,0.449540,0.000014,0.010876,0.130492,-0.000006,1.570781,0.181630,1.000000,1.100000,0.000000,0.000000,-1.571000,0.384017,0.992021,0.078363,1.066638
30.710000,-0.201485,0.007979,1.021659,0.451274,0.000013,0.010870,0.129942,-0.000006,1.570781,0.183127,1.000000,1.100000,0.000000,0.000000,-1.571000,0.384611,0.992021,0.078341,1.066850
30.712000,-0.200579,0.007979,1.021681,0.452994,0.000013,0.010863,0.129380,-0.000006,1.570781,0.184616,1.000000,1.100000,0.000000,0.000000,-1.571000,0.385195,0.992021,0.078319,1.067059
30.714000,-0.199669,0.007979,1.021703,0.454700,0.000013,0.010855,0.128806,-0.000006,1.570782,0.186098,1.000000,1.100000,0.000000,0.000000,-1.571000,0.385767,0.992021,0.078297,1.067264
30.716000,-0.198757,0.007979,1.021724,0.456390,0.000013,0.010848,0.128220,-0.000007,1.570782,0.187573,1.000000,1.100000,0.000000,0.000000,-1.571000,0.386329,0.992021,0.078276,1.067466
30.718000,-0.197840,0.007979,1.021746,0.458066,0.000013,0.010840,0.127624,-0.000007,1.570783,0.189040,1.000000,1.100000,0.000000,0.000000,-1.571000,0.386881,0.992021,0.078254,1.067664
30.720000,-0.196921,0.007979,1.021768,0.459727,0.000012,0.010833,0.127019,-0.000007,1.570783,0.190500,1.000000,1.100000,0.000000,0.000000,-1.571000,0.387421,0.992021,0.078232,1.067858
30.722000,-0.195998,0.007979,1.021790,0.461373,0.000012,0.010825,0.126403,-0.000007,1.570783,0.191952,1.000000,1.100000,0.000000,0.000000,-1.571000,0.387950,0.992021,0.078210,1.068049
30.724000,-0.195072,0.007979,1.021811,0.463003,0.000012,0.010819,0.125780,-0.000007,1.570784,0.193397,1.000000,1.100000,0.000000,0.000000,-1.571000,0.388469,0.992021,0.078189,1.068236
30.726000,-0.194143,0.007979,1.021833,0.464618,0.000012,0.010812,0.125148,-0.000008,1.570784,0.194834,1.000000,1.100000,0.000000,0.000000,-1.571000,0.388977,0.992021,0.078167,1.068419
30.728000,-0.193210,0.007979,1.021854,0.466218,0.000012,0.010807,0.124510,-0.000008,1.570784,0.196264,1.000000,1.100000,0.000000,0.000000,-1.571000,0.389474,0.992021,0.078146,1.068598
30.730000,-0.192274,0.007979,1.021876,0.467802,0.000011,0.010802,0.123866,-0.000008,1.570785,0.197686,1.000000,1.100000,0.000000,0.000000,-1.571000,0.389960,0.992021,0.078124,1.068774
30.732000,-0.191335,0.007979,1.021898,0.469370,0.000011,0.010798,0.123216,-0.000008,1.570785,0.199100,1.000000,1.100000,0.000000,0.000000,-1.571000,0.390435,0.992021,0.078102,1.068946
30.734000,-0.190393,0.007979,1.021919,0.470922,0.000011,0.010794,0.122563,-0.000008,1.570785,0.200506,1.000000,1.100000,0.000000,0.000000,-1.571000,0.390899,0.992021,0.078081,1.069114
30.736000,-0.189448,0.007979,1.021941,0.472459,0.000011,0.010792,0.121905,-0.000008,1.570785,0.201904,1.000000,1.100000,0.000000,0.000000,-1.571000,0.391352,0.992021,0.078059,1.069278
30.738000,-0.188500,0.007979,1.021963,0.473980,0.000011,0.010791,0.121246,-0.000009,1.570785,0.203294,1.000000,1.100000,0.000000,0.000000,-1.571000,0.391794,0.992021,0.078037,1.069438
30.740000,-0.187549,0.007979,1.021984,0.475485,0.000010,0.010791,0.120585,-0.000009,1.570785,0.204676,1.000000,1.100000,0.000000,0.000000,-1.571000,0.392225,0.992021,0.078016,1.069594
30.742000,-0.186595,0.007979,1.022006,0.476974,0.000010,0.010792,0.119924,-0.000009,1.570785,0.206050,1.000000,1.100000,0.000000,0.000000,-1.571000,0.392645,0.992021,0.077994,1.069747
30.744000,-0.185638,0.007979,1.022027,0.478448,0.000010,0.010794,0.119263,-0.000009,1.570785,0.207416,1.000000,1.100000,0.000000,0.000000,-1.571000,0.393054,0.992021,0.077973,1.069895
30.746000,-0.184678,0.007979,1.022049,0.479906,0.000010,0.010797,0.118603,-0.000009,1.570785,0.208774,1.000000,1.100000,0.000000,0.000000,-1.571000,0.393451,0.992021,0.077951,1.070040
30.748000,-0.183715,0.007979,1.022071,0.481348,0.000009,0.010802,0.117945,-0.000009,1.570785,0.210123,1.000000,1.100000,0.000000,0.000000,-1.571000,0.393838,0.992021,0.077929,1.070181
30.750000,-0.182749,0.007979,1.022092,0.482775,0.000009,0.010807,0.117291,-0.000009,1.570785,0.211465,1.000000,1.100000,0.000000,0.000000,-1.571000,0.394213,0.992021,0.077908,1.070317
30.752000,-0.181780,0.007979,1.022114,0.484186,0.000009,0.010814,0.116641,-0.000010,1.570784,0.212797,1.000000,1.100000,0.000000,0.000000,-1.571000,0.394578,0.992021,0.077886,1.070450
30.754000,-0.180809,0.007979,1.022136,0.485581,0.000009,0.010822,0.115995,-0.000010,1.570784,0.214122,1.000000,1.100000,0.000000,0.000000,-1.571000,0.394931,0.992021,0.077864,1.070578
30.756000,-0.179835,0.007979,1.022157,0.486962,0.000009,0.010831,0.115355,-0.000010,1.570784,0.215438,1.000000,1.100000,0.000000,0.000000,-1.571000,0.395272,0.992021,0.077843,1.070703
30.758000,-0.178858,0.007979,1.022179,0.488327,0.000008,0.010842,0.114722,-0.000010,1.570783,0.216745,1.000000,1.100000,0.000000,0.000000,-1.571000,0.395603,0.992021,0.077821,1.070823
30.760000,-0.177878,0.007979,1.022201,0.489678,0.000008,0.010854,0.114096,-0.000010,1.570782,0.218044,1.000000,1.100000,0.000000,0.000000,-1.571000,0.395922,0.992021,0.077799,1.070940
30.762000,-0.176896,0.007979,1.022222,0.491013,0.000008,0.010864,0.113478,-0.000010,1.570782,0.219335,1.000000,1.100000,0.000000,0.000000,-1.571000,0.396230,0.992021,0.077778,1.071052
30.764000,-0.175911,0.007979,1.022244,0.492333,0.000008,0.010872,0.112864,-0.000010,1.570781,0.220616,1.000000,1.100000,0.000000,0.000000,-1.571000,0.396527,0.992021,0.077756,1.071160
30.766000,-0.174923,0.007979,1.022266,0.493639,0.000007,0.010877,0.112255,-0.000010,1.570780,0.221889,1.000000,1.100000,0.000000,0.000000,-1.571000,0.396812,0.992021,0.077734,1.071264
30.768000,-0.173933,0.007979,1.022288,0.494929,0.000007,0.010880,0.111647,-0.000010,1.570780,0.223154,1.000000,1.100000,0.000000,0.000000,-1.571000,0.397086,0.992021,0.077712,1.071364
30.770000,-0.172940,0.007979,1.022309,0.496206,0.000007,0.010880,0.111041,-0.000010,1.570779,0.224409,1.000000,1.100000,0.000000,0.000000,-1.571000,0.397349,0.992021,0.077691,1.071460
30.772000,-0.171945,0.007979,1.022331,0.497467,0.000007,0.010879,0.110434,-0.000010,1.570778,0.225655,1.000000,1.100000,0.000000,0.000000,-1.571000,0.397600,0.992021,0.077669,1.071552
30.774000,-0.170947,0.007979,1.022353,0.498714,0.000006,0.010877,0.109825,-0.000010,1.570778,0.226893,1.000000,1.100000,0.000000,0.000000,-1.571000,0.397840,0.992021,0.077647,1.071639
30.776000,-0.169947,0.007979,1.022375,0.499946,0.000006,0.010874,0.109214,-0.000010,1.570777,0.228122,1.000000,1.100000,0.000000,0.000000,-1.571000,0.398068,0.992021,0.077625,1.071722
30.778000,-0.168944,0.007979,1.022397,0.501164,0.000006,0.010869,0.108601,-0.000010,1.570776,0.229341,1.000000,1.100000,0.000000,0.000000,-1.571000,0.398285,0.992021,0.077603,1.071801
30.780000,-0.167939,0.007979,1.022418,0.502368,0.000006,0.010864,0.107983,-0.000010,1.570776,0.230552,1.000000,1.100000,0.000000,0.000000,-1.571000,0.398491,0.992021,0.077582,1.071876
30.782000,-0.166931,0.007979,1.022440,0.503556,0.000005,0.010859,0.107362,-0.000010,1.570775,0.231754,1.000000,1.100000,0.000000,0.000000,-1.571000,0.398685,0.992021,0.077560,1.071947
30.784000,-0.165921,0.007979,1.022462,0.504731,0.000005,0.010853,0.106736,-0.000010,1.570775,0.232946,1.000000,1.100000,0.000000,0.000000,-1.571000,0.398867,0.992021,0.077538,1.072013
30.786000,-0.164909,0.007979,1.022484,0.505890,0.000005,0.010847,0.106106,-0.000010,1.570775,0.234129,1.000000,1.100000,0.000000,0.000000,-1.571000,0.399038,0.992021,0.077516,1.072075
30.788000,-0.163895,0.007979,1.022505,0.507035,0.000005,0.010841,0.105471,-0.000010,1.570774,0.235303,1.000000,1.100000,0.000000,0.000000,-1.571000,0.399198,0.992021,0.077495,1.072133
30.790000,-0.162878,0.007979,1.022527,0.508166,0.000004,0.010835,0.104832,-0.000010,1.570774,0.236468,1.000000,1.100000,0.000000,0.000000,-1.571000,0.399346,0.992021,0.077473,1.072186
30.792000,-0.161859,0.007979,1.022549,0.509281,0.000004,0.010829,0.104187,-0.000010,1.570774,0.237623,1.000000,1.100000,0.000000,0.000000,-1.571000,0.399482,0.992021,0.077451,1.072236
30.794000,-0.160838,0.007979,1.022570,0.510382,0.000004,0.010824,0.103538,-0.000010,1.570774,0.238769,1.000000,1.100000,0.000000,0.000000,-1.571000,0.399606,0.992021,0.077430,1.072280
30.796000,-0.159814,0.007980,1.022592,0.511468,0.000004,0.010819,0.102884,-0.000010,1.570773,0.239905,1.000000,1.100000,0.000000,0.000000,-1.571000,0.399720,0.992020,0.077408,1.072321
30.798000,-0.158789,0.007980,1.022614,0.512539,0.000003,0.010814,0.102225,-0.000011,1.570773,0.241032,1.000000,1.100000,0.000000,0.000000,-1.571000,0.399821,0.992020,0.077386,1.072357
30.800000,-0.157761,0.007980,1.022635,0.513595,0.000003,0.010810,0.101563,-0.000011,1.570773,0.242150,1.000000,1.100000,0.000000,0.000000,-1.571000,0.399911,0.992020,0.077365,1.072389
30.802000,-0.156731,0.007980,1.022657,0.514635,0.000003,0.010807,0.100897,-0.000011,1.570773,0.243258,1.000000,1.100000,0.000000,0.000000,-1.571000,0.399989,0.992020,0.077343,1.072417
30.804000,-0.155699,0.007980,1.022679,0.515661,0.000003,0.010804,0.100228,-0.000011,1.570773,0.244356,1.000000,1.100000,0.000000,0.000000,-1.571000,0.400055,0.992020,0.077321,1.072440
30.806000,-0.154665,0.007980,1.022700,0.516672,0.000002,0.010802,0.099556,-0.000011,1.570774,0.245445,1.000000,1.100000,0.000000,0.000000,-1.571000,0.400110,0.992020,0.077300,1.072459
30.808000,-0.153630,0.007980,1.022722,0.517668,0.000002,0.010801,0.098882,-0.000011,1.570774,0.246524,1.000000,1.100000,0.000000,0.000000,-1.571000,0.400153,0.992020,0.077278,1.072473
30.810000,-0.152592,0.007980,1.022743,0.518648,0.000002,0.010801,0.098206,-0.000011,1.570774,0.247593,1.000000,1.100000,0.000000,0.000000,-1.571000,0.400185,0.992020,0.077257,1.072484
30.812000,-0.151552,0.007980,1.022765,0.519614,0.000002,0.010802,0.097529,-0.000011,1.570774,0.248653,1.000000,1.100000,0.000000,0.000000,-1.571000,0.400205,0.992020,0.077235,1.072489
30.814000,-0.150510,0.007980,1.022787,0.520564,0.000001,0.010803,0.096851,-0.000012,1.570774,0.249702,1.000000,1.100000,0.000000,0.000000,-1.571000,0.400213,0.992020,0.077213,1.072491
30.816000,-0.149467,0.007980,1.022808,0.521499,0.000001,0.010806,0.096174,-0.000012,1.570775,0.250742,1.000000,1.100000,0.000000,0.000000,-1.571000,0.400209,0.992020,0.077192,1.072488
30.818000,-0.148421,0.007980,1.022830,0.522420,0.000001,0.010809,0.095497,-0.000012,1.570775,0.251772,1.000000,1.100000,0.000000,0.000000,-1.571000,0.400193,0.992020,0.077170,1.072481
30.820000,-0.147374,0.007980,1.022852,0.523325,0.000000,0.010814,0.094821,-0.000012,1.570775,0.252792,1.000000,1.100000,0.000000,0.000000,-1.571000,0.400166,0.992020,0.077148,1.072469
30.822000,-0.146325,0.007980,1.022873,0.524215,0.000000,0.010816,0.094146,-0.000012,1.570775,0.253802,1.000000,1.100000,0.000000,0.000000,-1.571000,0.400127,0.992020,0.077127,1.072453
30.824000,-0.145274,0.007980,1.022895,0.525089,-0.000000,0.010813,0.093470,-0.000013,1.570776,0.254802,1.000000,1.100000,0.000000,0.000000,-1.571000,0.400076,0.992020,0.077105,1.072432
30.826000,-0.144222,0.007980,1.022916,0.525948,-0.000000,0.010805,0.092792,-0.000013,1.570776,0.255792,1.000000,1.100000,0.000000,0.000000,-1.571000,0.400014,0.992020,0.077084,1.072407
30.828000,-0.143167,0.007980,1.022938,0.526792,-0.000001,0.010793,0.092109,-0.000013,1.570776,0.256772,1.000000,1.100000,0.000000,0.000000,-1.571000,0.399939,0.992020,0.077062,1.072378
30.830000,-0.142111,0.007980,1.022960,0.527620,-0.000001,0.010777,0.091421,-0.000013,1.570777,0.257742,1.000000,1.100000,0.000000,0.000000,-1.571000,0.399853,0.992020,0.077040,1.072344
30.832000,-0.141054,0.007980,1.022981,0.528433,-0.000001,0.010758,0.090726,-0.000013,1.570777,0.258701,1.000000,1.100000,0.000000,0.000000,-1.571000,0.399755,0.992020,0.077019,1.072306
30.834000,-0.139995,0.007980,1.023003,0.529230,-0.000002,0.010736,0.090023,-0.000013,1.570778,0.259650,1.000000,1.100000,0.000000,0.000000,-1.571000,0.399645,0.992020,0.076997,1.072264
30.836000,-0.138934,0.007980,1.023024,0.530012,-0.000002,0.010712,0.089312,-0.000013,1.570778,0.260589,1.000000,1.100000,0.000000,0.000000,-1.571000,0.399524,0.992020,0.076976,1.072217
30.838000,-0.137872,0.007980,1.023046,0.530778,-0.000002,0.010685,0.088592,-0.000014,1.570779,0.261518,1.000000,1.100000,0.000000,0.000000,-1.571000,0.399390,0.992020,0.076954,1.072166
30.840000,-0.136808,0.007980,1.023067,0.531528,-0.000002,0.010657,0.087863,-0.000014,1.570779,0.262437,1.000000,1.100000,0.000000,0.000000,-1.571000,0.399245,0.992020,0.076933,1.072110
30.842000,-0.135743,0.007980,1.023088,0.532262,-0.000003,0.010628,0.087124,-0.000014,1.570780,0.263345,1.000000,1.100000,0.000000,0.000000,-1.571000,0.399088,0.992020,0.076912,1.072050
30.844000,-0.134676,0.007980,1.023109,0.532980,-0.000003,0.010597,0.086375,-0.000013,1.570781,0.264242,1.000000,1.100000,0.000000,0.000000,-1.571000,0.398919,0.992020,0.076891,1.071986
30.846000,-0.133608,0.007980,1.023131,0.533682,-0.000003,0.010566,0.085617,-0.000013,1.570781,0.265130,1.000000,1.100000,0.000000,0.000000,-1.571000,0.398738,0.992020,0.076869,1.071917
30.848000,-0.132539,0.007980,1.023152,0.534368,-0.000004,0.010534,0.084849,-0.000013,1.570782,0.266006,1.000000,1.100000,0.000000,0.000000,-1.571000,0.398545,0.992020,0.076848,1.071844
30.850000,-0.131468,0.007979,1.023173,0.535037,-0.000004,0.010501,0.084072,-0.000013,1.570782,0.266873,1.000000,1.100000,0.000000,0.000000,-1.571000,0.398341,0.992021,0.076827,1.071766
30.852000,-0.130396,0.007979,1.023194,0.535689,-0.000004,0.010468,0.083285,-0.000013,1.570783,0.267729,1.000000,1.100000,0.000000,0.000000,-1.571000,0.398124,0.992021,0.076806,1.071684
30.854000,-0.129322,0.007979,1.023215,0.536325,-0.000004,0.010434,0.082491,-0.000013,1.570784,0.268574,1.000000,1.100000,0.000000,0.000000,-1.571000,0.397896,0.992021,0.076785,1.071598
30.856000,-0.128248,0.007979,1.023236,0.536944,-0.000005,0.010401,0.081688,-0.000013,1.570784,0.269408,1.000000,1.100000,0.000000,0.000000,-1.571000,0.397656,0.992021,0.076764,1.071507
30.858000,-0.127172,0.007979,1.023256,0.537546,-0.000005,0.010368,0.080878,-0.000013,1.570785,0.270232,1.000000,1.100000,0.000000,0.000000,-1.571000,0.397404,0.992021,0.076744,1.071412
30.860000,-0.126095,0.007979,1.023277,0.538130,-0.000005,0.010335,0.080061,-0.000012,1.570786,0.271045,1.000000,1.100000,0.000000,0.000000,-1.571000,0.397140,0.992021,0.076723,1.071313
30.862000,-0.125017,0.007979,1.023298,0.538698,-0.000005,0.010302,0.079238,-0.000012,1.570786,0.271848,1.000000,1.100000,0.000000,0.000000,-1.571000,0.396865,0.992021,0.076702,1.071209
30.864000,-0.123937,0.007979,1.023318,0.539248,-0.000006,0.010270,0.078410,-0.000012,1.570787,0.272640,1.000000,1.100000,0.000000,0.000000,-1.571000,0.396577,0.992021,0.076682,1.071101
30.866000,-0.122857,0.007979,1.023339,0.539781,-0.000006,0.010238,0.077578,-0.000012,1.570787,0.273421,1.000000,1.100000,0.000000,0.000000,-1.571000,0.396278,0.992021,0.076661,1.070989
30.868000,-0.121776,0.007979,1.023359,0.540297,-0.000006,0.010207,0.076741,-0.000012,1.570788,0.274191,1.000000,1.100000,0.000000,0.000000,-1.571000,0.395967,0.992021,0.076641,1.070873
30.870000,-0.120693,0.007979,1.023380,0.540795,-0.000006,0.010176,0.075902,-0.000011,1.570788,0.274951,1.000000,1.100000,0.000000,0.000000,-1.571000,0.395644,0.992021,0.076620,1.070752
30.872000,-0.119610,0.007979,1.023400,0.541276,-0.000007,0.010146,0.075062,-0.000011,1.570789,0.275699,1.000000,1.100000,0.000000,0.000000,-1.571000,0.395309,0.992021,0.076600,1.070627
30.874000,-0.118525,0.007979,1.023420,0.541739,-0.000007,0.010117,0.074220,-0.000011,1.570789,0.276437,1.000000,1.100000,0.000000,0.000000,-1.571000,0.394962,0.992021,0.076580,1.070497
30.876000,-0.117440,0.007979,1.023440,0.542185,-0.000007,0.010089,0.073379,-0.000011,1.570789,0.277164,1.000000,1.100000,0.000000,0.000000,-1.571000,0.394604,0.992021,0.076560,1.070364
30.878000,-0.116354,0.007979,1.023461,0.542614,-0.000007,0.010061,0.072538,-0.000011,1.570790,0.277880,1.000000,1.100000,0.000000,0.000000,-1.571000,0.394234,0.992021,0.076539,1.070226
30.880000,-0.115267,0.007979,1.023481,0.543026,-0.000007,0.010034,0.071700,-0.000010,1.570790,0.278585,1.000000,1.100000,0.000000,0.000000,-1.571000,0.393852,0.992021,0.076519,1.070084
30.882000,-0.114179,0.007979,1.023501,0.543420,-0.000008,0.010006,0.070863,-0.000010,1.570790,0.279279,1.000000,1.100000,0.000000,0.000000,-1.571000,0.393458,0.992021,0.076499,1.069938
30.884000,-0.113091,0.007979,1.023521,0.543797,-0.000008,0.009974,0.070025,-0.000010,1.570790,0.279961,1.000000,1.100000,0.000000,0.000000,-1.571000,0.393052,0.992021,0.076479,1.069787
30.886000,-0.112002,0.007979,1.023541,0.544156,-0.000008,0.009939,0.069183,-0.000010,1.570790,0.280633,1.000000,1.100000,0.000000,0.000000,-1.571000,0.392635,0.992021,0.076459,1.069632
30.888000,-0.110912,0.007979,1.023560,0.544498,-0.000008,0.009901,0.068334,-0.000009,1.570790,0.281294,1.000000,1.100000,0.000000,0.000000,-1.571000,0.392206,0.992021,0.076440,1.069473
30.890000,-0.109821,0.007979,1.023580,0.544822,-0.000008,0.009860,0.067476,-0.000009,1.570790,0.281944,1.000000,1.100000,0.000000,0.000000,-1.571000,0.391765,0.992021,0.076420,1.069310
30.892000,-0.108730,0.007979,1.023600,0.545129,-0.000009,0.009818,0.066608,-0.000009,1.570791,0.282582,1.000000,1.100000,0.000000,0.000000,-1.571000,0.391312,0.992021,0.076400,1.069143
30.894000,-0.107638,0.007979,1.023619,0.545418,-0.000009,0.009773,0.065727,-0.000009,1.570791,0.283209,1.000000,1.100000,0.000000,0.000000,-1.571000,0.390848,0.992021,0.076381,1.068972
30.896000,-0.106546,0.007979,1.023639,0.545689,-0.000009,0.009728,0.064833,-0.000009,1.570791,0.283826,1.000000,1.100000,0.000000,0.000000,-1.571000,0.390371,0.992021,0.076361,1.068797
30.898000,-0.105453,0.007979,1.023658,0.545941,-0.000009,0.009681,0.063925,-0.000008,1.570791,0.284431,1.000000,1.100000,0.000000,0.000000,-1.571000,0.389884,0.992021,0.076342,1.068617
30.900000,-0.104360,0.007979,1.023678,0.546176,-0.000009,0.009632,0.063002,-0.000008,1.570792,0.285024,1.000000,1.100000,0.000000,0.000000,-1.571000,0.389384,0.992021,0.076322,1.068434
30.902000,-0.103266,0.007979,1.023697,0.546391,-0.000009,0.009584,0.062062,-0.000008,1.570792,0.285607,1.000000,1.100000,0.000000,0.000000,-1.571000,0.388873,0.992021,0.076303,1.068246
30.904000,-0.102172,0.007979,1.023716,0.546588,-0.000010,0.009534,0.061108,-0.000008,1.570792,0.286178,1.000000,1.100000,0.000000,0.000000,-1.571000,0.388350,0.992021,0.076284,1.068054
30.906000,-0.101077,0.007979,1.023735,0.546766,-0.000010,0.009484,0.060137,-0.000008,1.570793,0.286738,1.000000,1.100000,0.000000,0.000000,-1.571000,0.387815,0.992021,0.076265,1.067859
30.908000,-0.099982,0.007979,1.023754,0.546924,-0.000010,0.009434,0.059150,-0.000007,1.570793,0.287286,1.000000,1.100000,0.000000,0.000000,-1.571000,0.387269,0.992021,0.076246,1.067659
30.910000,-0.098887,0.007979,1.023773,0.547062,-0.000010,0.009384,0.058147,-0.000007,1.570794,0.287824,1.000000,1.100000,0.000000,0.000000,-1.571000,0.386711,0.992021,0.076227,1.067456
30.912000,-0.097792,0.007979,1.023791,0.547180,-0.000010,0.009334,0.057129,-0.000007,1.570794,0.288350,1.000000,1.100000,0.000000,0.000000,-1.571000,0.386141,0.992021,0.076209,1.067248
30.914000,-0.096696,0.007979,1.023810,0.547278,-0.000010,0.009283,0.056096,-0.000007,1.570795,0.288864,1.000000,1.100000,0.000000,0.000000,-1.571000,0.385560,0.992021,0.076190,1.067037
30.916000,-0.095600,0.007979,1.023829,0.547356,-0.000010,0.009233,0.055049,-0.000007,1.570795,0.289367,1.000000,1.100000,0.000000,0.000000,-1.571000,0.384968,0.992021,0.076171,1.066821
30.918000,-0.094504,0.007979,1.023847,0.547412,-0.000010,0.009184,0.053989,-0.000007,1.570796,0.289859,1.000000,1.100000,0.000000,0.000000,-1.571000,0.384363,0.992021,0.076153,1.066602
30.920000,-0.093408,0.007979,1.023865,0.547448,-0.000011,0.009134,0.052916,-0.000007,1.570796,0.290339,1.000000,1.100000,0.000000,0.000000,-1.571000,0.383748,0.992021,0.076135,1.066379
30.922000,-0.092312,0.007979,1.023883,0.547463,-0.000011,0.009086,0.051832,-0.000006,1.570797,0.290808,1.000000,1.100000,0.000000,0.000000,-1.571000,0.383120,0.992021,0.076117,1.066152
30.924000,-0.091216,0.007979,1.023902,0.547456,-0.000011,0.009037,0.050737,-0.000006,1.570797,0.291265,1.000000,1.100000,0.000000,0.000000,-1.571000,0.382482,0.992021,0.076098,1.065922
30.926000,-0.090120,0.007979,1.023920,0.547428,-0.000011,0.008989,0.049633,-0.000006,1.570798,0.291711,1.000000,1.100000,0.000000,0.000000,-1.571000,0.381831,0.992021,0.076080,1.065687
30.928000,-0.089025,0.007979,1.023938,0.547379,-0.000011,0.008942,0.048521,-0.000006,1.570798,0.292145,1.000000,1.100000,0.000000,0.000000,-1.571000,0.381170,0.992021,0.076062,1.065449
30.930000,-0.087929,0.007979,1.023955,0.547308,-0.000011,0.008896,0.047401,-0.000006,1.570799,0.292568,1.000000,1.100000,0.000000,0.000000,-1.571000,0.380497,0.992021,0.076045,1.065207
30.932000,-0.086833,0.007979,1.023973,0.547214,-0.000011,0.008850,0.046276,-0.000006,1.570799,0.292979,1.000000,1.100000,0.000000,0.000000,-1.571000,0.379812,0.992021,0.076027,1.064962
30.934000,-0.085738,0.007979,1.023991,0.547099,-0.000011,0.008805,0.045147,-0.000005,1.570800,0.293379,1.000000,1.100000,0.000000,0.000000,-1.571000,0.379117,0.992021,0.076009,1.064713
30.936000,-0.084643,0.007979,1.024008,0.546963,-0.000011,0.008760,0.044015,-0.000005,1.570800,0.293767,1.000000,1.100000,0.000000,0.000000,-1.571000,0.378410,0.992021,0.075992,1.064460
30.938000,-0.083548,0.007979,1.024026,0.546804,-0.000011,0.008716,0.042881,-0.000005,1.570800,0.294143,1.000000,1.100000,0.000000,0.000000,-1.571000,0.377691,0.992021,0.075974,1.064203
30.940000,-0.082454,0.007979,1.024043,0.546623,-0.000011,0.008673,0.041747,-0.000005,1.570800,0.294508,1.000000,1.100000,0.000000,0.000000,-1.571000,0.376962,0.992021,0.075957,1.063944
30.942000,-0.081360,0.007979,1.024060,0.546421,-0.000011,0.008631,0.040614,-0.000005,1.570800,0.294861,1.000000,1.100000,0.000000,0.000000,-1.571000,0.376221,0.992021,0.075940,1.063680
30.944000,-0.080266,0.007979,1.024078,0.546196,-0.000012,0.008589,0.039483,-0.000004,1.570800,0.295203,1.000000,1.100000,0.000000,0.000000,-1.571000,0.375469,0.992021,0.075922,1.063413
30.946000,-0.079173,0.007979,1.024095,0.545951,-0.000012,0.008548,0.038357,-0.000004,1.570800,0.295533,1.000000,1.100000,0.000000,0.000000,-1.571000,0.374706,0.992021,0.075905,1.063143
30.948000,-0.078080,0.007979,1.024112,0.545683,-0.000012,0.008508,0.037236,-0.000004,1.570800,0.295851,1.000000,1.100000,0.000000,0.000000,-1.571000,0.373931,0.992021,0.075888,1.062869
30.950000,-0.076988,0.007979,1.024129,0.545394,-0.000012,0.008469,0.036121,-0.000004,1.570800,0.296158,1.000000,1.100000,0.000000,0.000000,-1.571000,0.373146,0.992021,0.075871,1.062591
30.952000,-0.075897,0.007979,1.024146,0.545084,-0.000012,0.008430,0.035015,-0.000004,1.570799,0.296452,1.000000,1.100000,0.000000,0.000000,-1.571000,0.372349,0.992021,0.075854,1.062311
30.954000,-0.074806,0.007979,1.024163,0.544753,-0.000012,0.008392,0.033918,-0.000003,1.570799,0.296736,1.000000,1.100000,0.000000,0.000000,-1.571000,0.371542,0.992021,0.075837,1.062027
30.956000,-0.073716,0.007979,1.024179,0.544401,-0.000012,0.008354,0.032831,-0.000003,1.570798,0.297007,1.000000,1.100000,0.000000,0.000000,-1.571000,0.370723,0.992021,0.075821,1.061740
30.958000,-0.072627,0.007979,1.024196,0.544029,-0.000012,0.008318,0.031756,-0.000003,1.570797,0.297267,1.000000,1.100000,0.000000,0.000000,-1.571000,0.369893,0.992021,0.075804,1.061449
30.960000,-0.071538,0.007978,1.024213,0.543636,-0.000012,0.008281,0.030695,-0.000003,1.570797,0.297515,1.000000,1.100000,0.000000,0.000000,-1.571000,0.369053,0.992022,0.075787,1.061155
30.962000,-0.070450,0.007978,1.024229,0.543223,-0.000012,0.008246,0.029646,-0.000002,1.570796,0.297751,1.000000,1.100000,0.000000,0.000000,-1.571000,0.368201,0.992022,0.075771,1.060858
30.964000,-0.069363,0.007978,1.024246,0.542791,-0.000012,0.008211,0.028608,-0.000002,1.570795,0.297976,1.000000,1.100000,0.000000,0.000000,-1.571000,0.367339,0.992022,0.075754,1.060558
30.966000,-0.068277,0.007978,1.024262,0.542339,-0.000012,0.008176,0.027577,-0.000002,1.570794,0.298188,1.000000,1.100000,0.000000,0.000000,-1.571000,0.366466,0.992022,0.075738,1.060255
30.968000,-0.067192,0.007978,1.024278,0.541868,-0.000012,0.008142,0.026553,-0.000001,1.570793,0.298389,1.000000,1.100000,0.000000,0.000000,-1.571000,0.365582,0.992022,0.075722,1.059948
30.970000,-0.066108,0.007978,1.024295,0.541378,-0.000012,0.008109,0.025531,-0.000001,1.570792,0.298578,1.000000,1.100000,0.000000,0.000000,-1.571000,0.364687,0.992022,0.075705,1.059639
30.972000,-0.065025,0.007978,1.024311,0.540869,-0.000012,0.008076,0.024512,-0.000001,1.570791,0.298756,1.000000,1.100000,0.000000,0.000000,-1.571000,0.363781,0.992022,0.075689,1.059326
30.974000,-0.063943,0.007978,1.024327,0.540340,-0.000012,0.008044,0.023493,-0.000000,1.570790,0.298921,1.000000,1.100000,0.000000,0.000000,-1.571000,0.362865,0.992022,0.075673,1.059011
30.976000,-0.062862,0.007978,1.024343,0.539793,-0.000012,0.008012,0.022474,-0.000000,1.570790,0.299075,1.000000,1.100000,0.000000,0.000000,-1.571000,0.361937,0.992022,0.075657,1.058692
30.978000,-0.061782,0.007978,1.024359,0.539227,-0.000012,0.007980,0.021453,0.000000,1.570789,0.299217,1.000000,1.100000,0.000000,0.000000,-1.571000,0.361000,0.992022,0.075641,1.058371
30.980000,-0.060704,0.007978,1.024375,0.538642,-0.000012,0.007949,0.020429,0.000000,1.570788,0.299347,1.000000,1.100000,0.000000,0.000000,-1.571000,0.360051,0.992022,0.075625,1.058047
30.982000,-0.059626,0.007978,1.024391,0.538038,-0.000012,0.007919,0.019402,0.000001,1.570787,0.299466,1.000000,1.100000,0.000000,0.000000,-1.571000,0.359092,0.992022,0.075609,1.057720
30.984000,-0.058550,0.007978,1.024406,0.537415,-0.000012,0.007888,0.018372,0.000001,1.570787,0.299572,1.000000,1.100000,0.000000,0.000000,-1.571000,0.358122,0.992022,0.075594,1.057390
30.986000,-0.057475,0.007978,1.024422,0.536773,-0.000012,0.007859,0.017337,0.000001,1.570786,0.299667,1.000000,1.100000,0.000000,0.000000,-1.571000,0.357142,0.992022,0.075578,1.057057
30.988000,-0.056402,0.007978,1.024438,0.536112,-0.000012,0.007829,0.016299,0.000002,1.570786,0.299750,1.000000,1.100000,0.000000,0.000000,-1.571000,0.356151,0.992022,0.075562,1.056722
30.990000,-0.055329,0.007978,1.024454,0.535432,-0.000012,0.007800,0.015256,0.000002,1.570785,0.299821,1.000000,1.100000,0.000000,0.000000,-1.571000,0.355150,0.992022,0.075546,1.056384
30.992000,-0.054258,0.007978,1.024469,0.534733,-0.000012,0.007772,0.014210,0.000002,1.570785,0.299880,1.000000,1.100000,0.000000,0.000000,-1.571000,0.354138,0.992022,0.075531,1.056043
30.994000,-0.053189,0.007978,1.024485,0.534014,-0.000012,0.007743,0.013160,0.000002,1.570784,0.299927,1.000000,1.100000,0.000000,0.000000,-1.571000,0.353116,0.992022,0.075515,1.055699
30.996000,-0.052121,0.007978,1.024500,0.533276,-0.000012,0.007715,0.012106,0.000003,1.570784,0.299963,1.000000,1.100000,0.000000,0.000000,-1.571000,0.352084,0.992022,0.075500,1.055353
30.998000,-0.051054,0.007978,1.024516,0.532519,-0.000011,0.007688,0.011049,0.000003,1.570784,0.299987,1.000000,1.100000,0.000000,0.000000,-1.571000,0.351041,0.992022,0.075484,1.055005
31.000000,-0.049989,0.007978,1.024531,0.531743,-0.000011,0.007660,0.009989,0.000003,1.570784,0.299999,1.000000,1.100000,0.000000,0.000000,-1.571000,0.349988,0.992022,0.075469,1.054654
31.002000,-0.048926,0.007978,1.024546,0.530948,-0.000011,0.007633,0.008927,0.000003,1.570784,0.299999,1.000000,1.100000,0.000000,0.000000,-1.571000,0.348925,0.992022,0.075454,1.054300
31.004000,-0.047864,0.007978,1.024561,0.530133,-0.000011,0.007606,0.007863,0.000004,1.570784,0.299987,1.000000,1.100000,0.000000,0.000000,-1.571000,0.347851,0.992022,0.075439,1.053945
31.006000,-0.046804,0.007978,1.024577,0.529299,-0.000011,0.007579,0.006798,0.000004,1.570784,0.299963,1.000000,1.100000,0.000000,0.000000,-1.571000,0.346767,0.992022,0.075423,1.053586
31.008000,-0.045746,0.007978,1.024592,0.528445,-0.000011,0.007552,0.005733,0.000004,1.570784,0.299927,1.000000,1.100000,0.000000,0.000000,-1.571000,0.345673,0.992022,0.075408,1.053226
31.010000,-0.044689,0.007978,1.024607,0.527572,-0.000011,0.007526,0.004669,0.000005,1.570784,0.299880,1.000000,1.100000,0.000000,0.000000,-1.571000,0.344569,0.992022,0.075393,1.052863
31.012000,-0.043634,0.007978,1.024622,0.526680,-0.000011,0.007500,0.003605,0.000005,1.570784,0.299821,1.000000,1.100000,0.000000,0.000000,-1.571000,0.343455,0.992022,0.075378,1.052498
31.014000,-0.042581,0.007978,1.024637,0.525769,-0.000011,0.007473,0.002544,0.000005,1.570784,0.299750,1.000000,1.100000,0.000000,0.000000,-1.571000,0.342331,0.992022,0.075363,1.052130
31.016000,-0.041530,0.007978,1.024652,0.524839,-0.000011,0.007447,0.001486,0.000005,1.570784,0.299667,1.000000,1.100000,0.000000,0.000000,-1.571000,0.341197,0.992022,0.075348,1.051761
31.018000,-0.040481,0.007978,1.024667,0.523890,-0.000010,0.007421,0.000431,0.000006,1.570784,0.299572,1.000000,1.100000,0.000000,0.000000,-1.571000,0.340053,0.992022,0.075333,1.051389
31.020000,-0.039433,0.007978,1.024681,0.522922,-0.000010,0.007395,-0.000618,0.000006,1.570785,0.299466,1.000000,1.100000,0.000000,0.000000,-1.571000,0.338899,0.992022,0.075319,1.051016
31.022000,-0.038388,0.007978,1.024696,0.521936,-0.000010,0.007368,-0.001663,0.000006,1.570785,0.299347,1.000000,1.100000,0.000000,0.000000,-1.571000,0.337735,0.992022,0.075304,1.050640
31.024000,-0.037345,0.007978,1.024711,0.520931,-0.000010,0.007338,-0.002700,0.000007,1.570785,0.299217,1.000000,1.100000,0.000000,0.000000,-1.571000,0.336562,0.992022,0.075289,1.050262
31.026000,-0.036303,0.007978,1.024726,0.519907,-0.000010,0.007306,-0.003730,0.000007,1.570785,0.299075,1.000000,1.100000,0.000000,0.000000,-1.571000,0.335379,0.992022,0.075274,1.049882
31.028000,-0.035264,0.007978,1.024740,0.518865,-0.000010,0.007271,-0.004752,0.000007,1.570785,0.298921,1.000000,1.100000,0.000000,0.000000,-1.571000,0.334185,0.992022,0.075260,1.049501
31.030000,-0.034227,0.007978,1.024755,0.517806,-0.000010,0.007234,-0.005764,0.000007,1.570785,0.298756,1.000000,1.100000,0.000000,0.000000,-1.571000,0.332983,0.992022,0.075245,1.049118
31.032000,-0.033192,0.007978,1.024769,0.516728,-0.000009,0.007196,-0.006767,0.000008,1.570785,0.298578,1.000000,1.100000,0.000000,0.000000,-1.571000,0.331770,0.992022,0.075231,1.048732
31.034000,-0.032159,0.007978,1.024783,0.515633,-0.000009,0.007156,-0.007758,0.000008,1.570785,0.298389,1.000000,1.100000,0.000000,0.000000,-1.571000,0.330548,0.992022,0.075217,1.048345
31.036000,-0.031128,0.007978,1.024798,0.514521,-0.000009,0.007114,-0.008737,0.000008,1.570785,0.298188,1.000000,1.100000,0.000000,0.000000,-1.571000,0.329317,0.992022,0.075202,1.047957
31.038000,-0.030100,0.007978,1.024812,0.513391,-0.000009,0.007071,-0.009703,0.000009,1.570784,0.297976,1.000000,1.100000,0.000000,0.000000,-1.571000,0.328076,0.992022,0.075188,1.047566
31.040000,-0.029074,0.007978,1.024826,0.512245,-0.000009,0.007026,-0.010656,0.000009,1.570784,0.297751,1.000000,1.100000,0.000000,0.000000,-1.571000,0.326825,0.992022,0.075174,1.047174
31.042000,-0.028050,0.007978,1.024840,0.511083,-0.000009,0.006981,-0.011594,0.000009,1.570784,0.297515,1.000000,1.100000,0.000000,0.000000,-1.571000,0.325565,0.992022,0.075160,1.046781
31.044000,-0.027029,0.007978,1.024854,0.509904,-0.000008,0.006934,-0.012518,0.000009,1.570784,0.297267,1.000000,1.100000,0.000000,0.000000,-1.571000,0.324295,0.992022,0.075146,1.046386
31.046000,-0.026010,0.007978,1.024868,0.508710,-0.000008,0.006886,-0.013425,0.000010,1.570783,0.297007,1.000000,1.100000,0.000000,0.000000,-1.571000,0.323017,0.992022,0.075132,1.045989
31.048000,-0.024993,0.007978,1.024881,0.507500,-0.000008,0.006837,-0.014316,0.000010,1.570783,0.296736,1.000000,1.100000,0.000000,0.000000,-1.571000,0.321729,0.992022,0.075119,1.045591
31.050000,-0.023979,0.007978,1.024895,0.506276,-0.000008,0.006787,-0.015190,0.000010,1.570783,0.296452,1.000000,1.100000,0.000000,0.000000,-1.571000,0.320431,0.992022,0.075105,1.045192
31.052000,-0.022967,0.007978,1.024908,0.505036,-0.000007,0.006737,-0.016046,0.000010,1.570782,0.296158,1.000000,1.100000,0.000000,0.000000,-1.571000,0.319125,0.992022,0.075092,1.044791
31.054000,-0.021958,0.007978,1.024922,0.503782,-0.000007,0.006685,-0.016883,0.000011,1.570782,0.295851,1.000000,1.100000,0.000000,0.000000,-1.571000,0.317809,0.992022,0.075078,1.044389
31.056000,-0.020951,0.007977,1.024935,0.502515,-0.000007,0.006633,-0.017702,0.000011,1.570781,0.295533,1.000000,1.100000,0.000000,0.000000,-1.571000,0.316484,0.992023,0.075065,1.043985
31.058000,-0.019947,0.007977,1.024948,0.501233,-0.000007,0.006580,-0.018501,0.000011,1.570780,0.295203,1.000000,1.100000,0.000000,0.000000,-1.571000,0.315150,0.992023,0.075052,1.043581
31.060000,-0.018946,0.007977,1.024961,0.499939,-0.000007,0.006527,-0.019281,0.000011,1.570780,0.294861,1.000000,1.100000,0.000000,0.000000,-1.571000,0.313807,0.992023,0.075039,1.043175
31.062000,-0.017947,0.007977,1.024974,0.498632,-0.000006,0.006473,-0.020040,0.000012,1.570779,0.294508,1.000000,1.100000,0.000000,0.000000,-1.571000,0.312455,0.992023,0.075026,1.042768
31.064000,-0.016950,0.007977,1.024987,0.497312,-0.000006,0.006418,-0.020779,0.000012,1.570778,0.294143,1.000000,1.100000,0.000000,0.000000,-1.571000,0.311094,0.992023,0.075013,1.042360
31.066000,-0.015957,0.007977,1.025000,0.495981,-0.000006,0.006363,-0.021497,0.000012,1.570778,0.293767,1.000000,1.100000,0.000000,0.000000,-1.571000,0.309724,0.992023,0.075000,1.041951
31.068000,-0.014966,0.007977,1.025013,0.494638,-0.000006,0.006307,-0.022194,0.000012,1.570777,0.293379,1.000000,1.100000,0.000000,0.000000,-1.571000,0.308345,0.992023,0.074987,1.041541
31.070000,-0.013978,0.007977,1.025025,0.493285,-0.000005,0.006251,-0.022870,0.000013,1.570776,0.292979,1.000000,1.100000,0.000000,0.000000,-1.571000,0.306957,0.992023,0.074975,1.041130
31.072000,-0.012992,0.007977,1.025038,0.491920,-0.000005,0.006194,-0.023524,0.000013,1.570775,0.292568,1.000000,1.100000,0.000000,0.000000,-1.571000,0.305560,0.992023,0.074962,1.040719
31.074000,-0.012009,0.007977,1.025050,0.490546,-0.000005,0.006137,-0.024157,0.000013,1.570775,0.292145,1.000000,1.100000,0.000000,0.000000,-1.571000,0.304155,0.992023,0.074950,1.040306
31.076000,-0.011029,0.007977,1.025062,0.489162,-0.000004,0.006080,-0.024768,0.000013,1.570774,0.291711,1.000000,1.100000,0.000000,0.000000,-1.571000,0.302740,0.992023,0.074938,1.039892
31.078000,-0.010052,0.007977,1.025074,0.487768,-0.000004,0.006022,-0.025358,0.000013,1.570773,0.291265,1.000000,1.100000,0.000000,0.000000,-1.571000,0.301317,0.992023,0.074926,1.039478
31.080000,-0.009078,0.007977,1.025086,0.486366,-0.000004,0.005964,-0.025926,0.000014,1.570772,0.290808,1.000000,1.100000,0.000000,0.000000,-1.571000,0.299886,0.992023,0.074914,1.039063
31.082000,-0.008106,0.007977,1.025098,0.484955,-0.000004,0.005912,-0.026475,0.000014,1.570772,0.290339,1.000000,1.100000,0.000000,0.000000,-1.571000,0.298445,0.992023,0.074902,1.038648
31.084000,-0.007137,0.007977,1.025110,0.483536,-0.000003,0.005872,-0.027016,0.000014,1.570771,0.289859,1.000000,1.100000,0.000000,0.000000,-1.571000,0.296996,0.992023,0.074890,1.038231
31.086000,-0.006171,0.007977,1.025122,0.482109,-0.000003,0.005844,-0.027557,0.000014,1.570771,0.289367,1.000000,1.100000,0.000000,0.000000,-1.571000,0.295539,0.992023,0.074878,1.037814
31.088000,-0.005208,0.007977,1.025133,0.480673,-0.000003,0.005825,-0.028106,0.000015,1.570771,0.288864,1.000000,1.100000,0.000000,0.000000,-1.571000,0.294073,0.992023,0.074867,1.037397
31.090000,-0.004248,0.007977,1.025145,0.479229,-0.000002,0.005816,-0.028672,0.000015,1.570771,0.288350,1.000000,1.100000,0.000000,0.000000,-1.571000,0.292598,0.992023,0.074855,1.036979
31.092000,-0.003291,0.007977,1.025157,0.477776,-0.000002,0.005814,-0.029261,0.000015,1.570771,0.287824,1.000000,1.100000,0.000000,0.000000,-1.571000,0.291115,0.992023,0.074843,1.036561
31.094000,-0.002337,0.007977,1.025168,0.476314,-0.000002,0.005820,-0.029879,0.000015,1.570772,0.287286,1.000000,1.100000,0.000000,0.000000,-1.571000,0.289623,0.992023,0.074832,1.036142
31.096000,-0.001385,0.007977,1.025180,0.474843,-0.000001,0.005832,-0.030531,0.000015,1.570772,0.286738,1.000000,1.100000,0.000000,0.000000,-1.571000,0.288123,0.992023,0.074820,1.035723
31.098000,-0.000437,0.007977,1.025192,0.473360,-0.000001,0.005850,-0.031222,0.000016,1.570774,0.286178,1.000000,1.100000,0.000000,0.000000,-1.571000,0.286615,0.992023,0.074808,1.035304
31.100000,0.000508,0.007977,1.025203,0.471867,-0.000001,0.005873,-0.031956,0.000016,1.570775,0.285607,1.000000,1.100000,0.000000,0.000000,-1.571000,0.285098,0.992023,0.074797,1.034884
31.102000,0.001451,0.007977,1.025215,0.470362,-0.000001,0.005901,-0.032736,0.000016,1.570777,0.285024,1.000000,1.100000,0.000000,0.000000,-1.571000,0.283573,0.992023,0.074785,1.034464
31.104000,0.002390,0.007977,1.025227,0.468843,-0.000000,0.005933,-0.033566,0.000016,1.570779,0.284431,1.000000,1.100000,0.000000,0.000000,-1.571000,0.282040,0.992023,0.074773,1.034044
31.106000,0.003327,0.007977,1.025239,0.467311,0.000000,0.005969,-0.034448,0.000016,1.570781,0.283826,1.000000,1.100000,0.000000,0.000000,-1.571000,0.280499,0.992023,0.074761,1.033624
31.108000,0.004260,0.007977,1.025251,0.465764,0.000000,0.006007,-0.035383,0.000016,1.570784,0.283209,1.000000,1.100000,0.000000,0.000000,-1.571000,0.278950,0.992023,0.074749,1.033203
31.110000,0.005190,0.007977,1.025263,0.464201,0.000001,0.006049,-0.036374,0.000016,1.570786,0.282582,1.000000,1.100000,0.000000,0.000000,-1.571000,0.277392,0.992023,0.074737,1.032783
31.112000,0.006117,0.007977,1.025275,0.462622,0.000001,0.006093,-0.037420,0.000016,1.570789,0.281944,1.000000,1.100000,0.000000,0.000000,-1.571000,0.275827,0.992023,0.074725,1.032363
31.114000,0.007041,0.007977,1.025287,0.461024,0.000001,0.006139,-0.038524,0.000016,1.570793,0.281294,1.000000,1.100000,0.000000,0.000000,-1.571000,0.274253,0.992023,0.074713,1.031943
31.116000,0.007961,0.007977,1.025300,0.459407,0.000002,0.006186,-0.039683,0.000016,1.570796,0.280633,1.000000,1.100000,0.000000,0.000000,-1.571000,0.272672,0.992023,0.074700,1.031523
31.118000,0.008879,0.007977,1.025312,0.457770,0.000002,0.006235,-0.040900,0.000016,1.570800,0.279961,1.000000,1.100000,0.000000,0.000000,-1.571000,0.271083,0.992023,0.074688,1.031103
31.120000,0.009792,0.007977,1.025325,0.456112,0.000002,0.006285,-0.042172,0.000015,1.570804,0.279279,1.000000,1.100000,0.000000,0.000000,-1.571000,0.269486,0.992023,0.074675,1.030683
31.122000,0.010703,0.007977,1.025338,0.454431,0.000003,0.006336,-0.043499,0.000015,1.570808,0.278585,1.000000,1.100000,0.000000,0.000000,-1.571000,0.267882,0.992023,0.074662,1.030264
31.124000,0.011610,0.007977,1.025350,0.452728,0.000003,0.006387,-0.044880,0.000015,1.570812,0.277880,1.000000,1.100000,0.000000,0.000000,-1.571000,0.266269,0.992023,0.074650,1.029845
31.126000,0.012514,0.007977,1.025363,0.450999,0.000003,0.006439,-0.046313,0.000015,1.570816,0.277164,1.000000,1.100000,0.000000,0.000000,-1.571000,0.264650,0.992023,0.074637,1.029427
31.128000,0.013414,0.007977,1.025376,0.449246,0.000003,0.006492,-0.047796,0.000015,1.570820,0.276437,1.000000,1.100000,0.000000,0.000000,-1.571000,0.263023,0.992023,0.074624,1.029009
31.130000,0.014311,0.007977,1.025389,0.447467,0.000004,0.006544,-0.049328,0.000015,1.570824,0.275699,1.000000,1.100000,0.000000,0.000000,-1.571000,0.261388,0.992023,0.074611,1.028591
31.132000,0.015204,0.007977,1.025402,0.445660,0.000004,0.006596,-0.050906,0.000015,1.570828,0.274951,1.000000,1.100000,0.000000,0.000000,-1.571000,0.259747,0.992023,0.074598,1.028174
31.134000,0.016094,0.007977,1.025416,0.443825,0.000004,0.006648,-0.052528,0.000015,1.570832,0.274191,1.000000,1.100000,0.000000,0.000000,-1.571000,0.258098,0.992023,0.074584,1.027758
31.136000,0.016979,0.007977,1.025429,0.441962,0.000004,0.006699,-0.054191,0.000015,1.570836,0.273421,1.000000,1.100000,0.000000,0.000000,-1.571000,0.256442,0.992023,0.074571,1.027342
31.138000,0.017861,0.007977,1.025443,0.440069,0.000005,0.006749,-0.055893,0.000015,1.570839,0.272640,1.000000,1.100000,0.000000,0.000000,-1.571000,0.254779,0.992023,0.074557,1.026927
31.140000,0.018740,0.007977,1.025456,0.438147,0.000005,0.006798,-0.057630,0.000015,1.570843,0.271848,1.000000,1.100000,0.000000,0.000000,-1.571000,0.253109,0.992023,0.074544,1.026513
31.142000,0.019614,0.007977,1.025470,0.436193,0.000005,0.006845,-0.059399,0.000015,1.570846,0.271045,1.000000,1.100000,0.000000,0.000000,-1.571000,0.251432,0.992023,0.074530,1.026100
31.144000,0.020484,0.007977,1.025484,0.434208,0.000005,0.006891,-0.061198,0.000016,1.570849,0.270232,1.000000,1.100000,0.000000,0.000000,-1.571000,0.249748,0.992023,0.074516,1.025688
31.146000,0.021350,0.007977,1.025497,0.432192,0.000006,0.006935,-0.063024,0.000016,1.570852,0.269408,1.000000,1.100000,0.000000,0.000000,-1.571000,0.248058,0.992023,0.074503,1.025277
31.148000,0.022212,0.007977,1.025511,0.430143,0.000006,0.006977,-0.064872,0.000016,1.570854,0.268574,1.000000,1.100000,0.000000,0.000000,-1.571000,0.246361,0.992023,0.074489,1.024866
31.150000,0.023071,0.007977,1.025525,0.428061,0.000006,0.007017,-0.066741,0.000016,1.570856,0.267729,1.000000,1.100000,0.000000,0.000000,-1.571000,0.244658,0.992023,0.074475,1.024457
31.152000,0.023924,0.007977,1.025540,0.425947,0.000006,0.007055,-0.068625,0.000016,1.570858,0.266873,1.000000,1.100000,0.000000,0.000000,-1.571000,0.242948,0.992023,0.074460,1.024049
31.154000,0.024774,0.007977,1.025554,0.423799,0.000007,0.007091,-0.070523,0.000016,1.570860,0.266006,1.000000,1.100000,0.000000,0.000000,-1.571000,0.241233,0.992023,0.074446,1.023643
31.156000,0.025619,0.007977,1.025568,0.421618,0.000007,0.007124,-0.072431,0.000017,1.570861,0.265130,1.000000,1.100000,0.000000,0.000000,-1.571000,0.239511,0.992023,0.074432,1.023237
31.158000,0.026460,0.007978,1.025582,0.419404,0.000007,0.007155,-0.074345,0.000017,1.570862,0.264242,1.000000,1.100000,0.000000,0.000000,-1.571000,0.237783,0.992022,0.074418,1.022833
31.160000,0.027296,0.007978,1.025597,0.417156,0.000007,0.007184,-0.076262,0.000017,1.570863,0.263345,1.000000,1.100000,0.000000,0.000000,-1.571000,0.236049,0.992022,0.074403,1.022430
31.162000,0.028128,0.007978,1.025611,0.414875,0.000007,0.007213,-0.078180,0.000017,1.570863,0.262437,1.000000,1.100000,0.000000,0.000000,-1.571000,0.234309,0.992022,0.074389,1.022029
31.164000,0.028955,0.007978,1.025626,0.412559,0.000008,0.007245,-0.080097,0.000017,1.570863,0.261518,1.000000,1.100000,0.000000,0.000000,-1.571000,0.232563,0.992022,0.074374,1.021629
31.166000,0.029777,0.007978,1.025640,0.410210,0.000008,0.007280,-0.082012,0.000017,1.570863,0.260589,1.000000,1.100000,0.000000,0.000000,-1.571000,0.230812,0.992022,0.074360,1.021231
31.168000,0.030595,0.007978,1.025655,0.407827,0.000008,0.007317,-0.083924,0.000018,1.570862,0.259650,1.000000,1.100000,0.000000,0.000000,-1.571000,0.229055,0.992022,0.074345,1.020834
31.170000,0.031408,0.007978,1.025669,0.405411,0.000008,0.007355,-0.085831,0.000018,1.570861,0.258701,1.000000,1.100000,0.000000,0.000000,-1.571000,0.227293,0.992022,0.074331,1.020439
31.172000,0.032216,0.007978,1.025684,0.402962,0.000009,0.007395,-0.087732,0.000018,1.570860,0.257742,1.000000,1.100000,0.000000,0.000000,-1.571000,0.225526,0.992022,0.074316,1.020046
31.174000,0.033019,0.007978,1.025699,0.400479,0.000009,0.007434,-0.089624,0.000018,1.570858,0.256772,1.000000,1.100000,0.000000,0.000000,-1.571000,0.223753,0.992022,0.074301,1.019654
31.176000,0.033817,0.007978,1.025714,0.397964,0.000009,0.007474,-0.091508,0.000018,1.570856,0.255792,1.000000,1.100000,0.000000,0.000000,-1.571000,0.221975,0.992022,0.074286,1.019264
31.178000,0.034610,0.007978,1.025729,0.395416,0.000009,0.007513,-0.093380,0.000018,1.570854,0.254802,1.000000,1.100000,0.000000,0.000000,-1.571000,0.220192,0.992022,0.074271,1.018876
31.180000,0.035397,0.007978,1.025744,0.392836,0.000009,0.007552,-0.095239,0.000018,1.570852,0.253802,1.000000,1.100000,0.000000,0.000000,-1.571000,0.218405,0.992022,0.074256,1.018490
31.182000,0.036180,0.007978,1.025759,0.390224,0.000010,0.007589,-0.097083,0.000018,1.570849,0.252792,1.000000,1.100000,0.000000,0.000000,-1.571000,0.216612,0.992022,0.074241,1.018106
31.184000,0.036957,0.007978,1.025775,0.387580,0.000010,0.007625,-0.098910,0.000017,1.570846,0.251772,1.000000,1.100000,0.000000,0.000000,-1.571000,0.214815,0.992022,0.074225,1.017724
31.186000,0.037729,0.007978,1.025790,0.384906,0.000010,0.007660,-0.100720,0.000017,1.570843,0.250742,1.000000,1.100000,0.000000,0.000000,-1.571000,0.213013,0.992022,0.074210,1.017345
31.188000,0.038496,0.007978,1.025805,0.382201,0.000010,0.007692,-0.102510,0.000017,1.570840,0.249702,1.000000,1.100000,0.000000,0.000000,-1.571000,0.211207,0.992022,0.074195,1.016967
31.190000,0.039257,0.007978,1.025821,0.379466,0.000011,0.007723,-0.104278,0.000017,1.570837,0.248653,1.000000,1.100000,0.000000,0.000000,-1.571000,0.209396,0.992022,0.074179,1.016591
31.192000,0.040012,0.007978,1.025836,0.376701,0.000011,0.007751,-0.106023,0.000016,1.570833,0.247593,1.000000,1.100000,0.000000,0.000000,-1.571000,0.207581,0.992022,0.074164,1.016218
31.194000,0.040762,0.007978,1.025852,0.373907,0.000011,0.007777,-0.107743,0.000016,1.570830,0.246524,1.000000,1.100000,0.000000,0.000000,-1.571000,0.205762,0.992022,0.074148,1.015846
31.196000,0.041507,0.007978,1.025867,0.371084,0.000011,0.007801,-0.109437,0.000015,1.570826,0.245445,1.000000,1.100000,0.000000,0.000000,-1.571000,0.203938,0.992022,0.074133,1.015477
31.198000,0.042245,0.007978,1.025883,0.368233,0.000011,0.007822,-0.111103,0.000015,1.570822,0.244356,1.000000,1.100000,0.000000,0.000000,-1.571000,0.202111,0.992022,0.074117,1.015111
31.200000,0.042978,0.007978,1.025899,0.365356,0.000012,0.007840,-0.112741,0.000014,1.570818,0.243258,1.000000,1.100000,0.000000,0.000000,-1.571000,0.200280,0.992022,0.074101,1.014747
31.202000,0.043705,0.007978,1.025914,0.362451,0.000012,0.007856,-0.114348,0.000014,1.570814,0.242150,1.000000,1.100000,0.000000,0.000000,-1.571000,0.198445,0.992022,0.074086,1.014385
31.204000,0.044426,0.007978,1.025930,0.359520,0.000012,0.007869,-0.115924,0.000013,1.570810,0.241032,1.000000,1.100000,0.000000,0.000000,-1.571000,0.196606,0.992022,0.074070,1.014026
31.206000,0.045142,0.007978,1.025946,0.356564,0.000012,0.007879,-0.117467,0.000013,1.570806,0.239905,1.000000,1.100000,0.000000,0.000000,-1.571000,0.194764,0.992022,0.074054,1.013669
31.208000,0.045851,0.007978,1.025962,0.353583,0.000013,0.007886,-0.118976,0.000012,1.570802,0.238769,1.000000,1.100000,0.000000,0.000000,-1.571000,0.192918,0.992022,0.074038,1.013315
31.210000,0.046554,0.007978,1.025978,0.350579,0.000013,0.007890,-0.120451,0.000011,1.570798,0.237623,1.000000,1.100000,0.000000,0.000000,-1.571000,0.191069,0.992022,0.074022,1.012963
31.212000,0.047252,0.007978,1.025993,0.347551,0.000013,0.007892,-0.121891,0.000010,1.570794,0.236468,1.000000,1.100000,0.000000,0.000000,-1.571000,0.189216,0.992022,0.074007,1.012614
31.214000,0.047943,0.007978,1.026009,0.344500,0.000013,0.007890,-0.123294,0.000010,1.570790,0.235303,1.000000,1.100000,0.000000,0.000000,-1.571000,0.187360,0.992022,0.073991,1.012268
31.216000,0.048628,0.007978,1.026025,0.341428,0.000013,0.007886,-0.124661,0.000009,1.570786,0.234129,1.000000,1.100000,0.000000,0.000000,-1.571000,0.185501,0.992022,0.073975,1.011924
31.218000,0.049307,0.007978,1.026041,0.338335,0.000013,0.007878,-0.125991,0.000008,1.570782,0.232946,1.000000,1.100000,0.000000,0.000000,-1.571000,0.183639,0.992022,0.073959,1.011583
31.220000,0.049980,0.007978,1.026056,0.335222,0.000014,0.007868,-0.127282,0.000007,1.570779,0.231754,1.000000,1.100000,0.000000,0.000000,-1.571000,0.181774,0.992022,0.073944,1.011245
31.222000,0.050646,0.007978,1.026072,0.332090,0.000014,0.007857,-0.128536,0.000006,1.570775,0.230552,1.000000,1.100000,0.000000,0.000000,-1.571000,0.179906,0.992022,0.073928,1.010910
31.224000,0.051306,0.007978,1.026088,0.328938,0.000014,0.007846,-0.129752,0.000005,1.570772,0.229341,1.000000,1.100000,0.000000,0.000000,-1.571000,0.178035,0.992022,0.073912,1.010577
31.226000,0.051960,0.007978,1.026104,0.325768,0.000014,0.007835,-0.130934,0.000005,1.570768,0.228122,1.000000,1.100000,0.000000,0.000000,-1.571000,0.176162,0.992022,0.073896,1.010248
31.228000,0.052607,0.007978,1.026119,0.322580,0.000014,0.007823,-0.132080,0.000004,1.570765,0.226893,1.000000,1.100000,0.000000,0.000000,-1.571000,0.174286,0.992022,0.073881,1.009921
31.230000,0.053248,0.007978,1.026135,0.319376,0.000014,0.007812,-0.133193,0.000003,1.570762,0.225655,1.000000,1.100000,0.000000,0.000000,-1.571000,0.172407,0.992022,0.073865,1.009598
31.232000,0.053883,0.007978,1.026151,0.316156,0.000014,0.007800,-0.134273,0.000002,1.570759,0.224409,1.000000,1.100000,0.000000,0.000000,-1.571000,0.170526,0.992022,0.073849,1.009277
31.234000,0.054511,0.007978,1.026166,0.312921,0.000015,0.007788,-0.135322,0.000002,1.570756,0.223154,1.000000,1.100000,0.000000,0.000000,-1.571000,0.168643,0.992022,0.073834,1.008959
31.236000,0.055133,0.007978,1.026182,0.309671,0.000015,0.007774,-0.136340,0.000001,1.570754,0.221889,1.000000,1.100000,0.000000,0.000000,-1.571000,0.166757,0.992022,0.073818,1.008645
31.238000,0.055748,0.007978,1.026197,0.306407,0.000015,0.007760,-0.137328,0.000000,1.570751,0.220616,1.000000,1.100000,0.000000,0.000000,-1.571000,0.164869,0.992022,0.073803,1.008333
31.240000,0.056356,0.007978,1.026213,0.303129,0.000015,0.007745,-0.138287,-0.000000,1.570749,0.219335,1.000000,1.100000,0.000000,0.000000,-1.571000,0.162978,0.992022,0.073787,1.008024
31.242000,0.056958,0.007978,1.026228,0.299839,0.000015,0.007728,-0.139217,-0.000001,1.570747,0.218044,1.000000,1.100000,0.000000,0.000000,-1.571000,0.161086,0.992022,0.073772,1.007719
31.244000,0.057553,0.007979,1.026244,0.296537,0.000015,0.007710,-0.140120,-0.000001,1.570746,0.216745,1.000000,1.100000,0.000000,0.000000,-1.571000,0.159192,0.992021,0.073756,1.007417
31.246000,0.058142,0.007979,1.026259,0.293223,0.000015,0.007692,-0.140997,-0.000002,1.570744,0.215438,1.000000,1.100000,0.000000,0.000000,-1.571000,0.157296,0.992021,0.073741,1.007118
31.248000,0.058724,0.007979,1.026274,0.289898,0.000015,0.007671,-0.141848,-0.000002,1.570743,0.214122,1.000000,1.100000,0.000000,0.000000,-1.571000,0.155398,0.992021,0.073726,1.006822
31.250000,0.059300,0.007979,1.026290,0.286563,0.000015,0.007650,-0.142674,-0.000002,1.570742,0.212797,1.000000,1.100000,0.000000,0.000000,-1.571000,0.153498,0.992021,0.073710,1.006529
31.252000,0.059868,0.007979,1.026305,0.283217,0.000015,0.007627,-0.143475,-0.000002,1.570741,0.211465,1.000000,1.100000,0.000000,0.000000,-1.571000,0.151596,0.992021,0.073695,1.006240
31.254000,0.060430,0.007979,1.026320,0.279862,0.000015,0.007603,-0.144253,-0.000002,1.570740,0.210123,1.000000,1.100000,0.000000,0.000000,-1.571000,0.149693,0.992021,0.073680,1.005954
31.256000,0.060985,0.007979,1.026335,0.276499,0.000016,0.007577,-0.145009,-0.000002,1.570739,0.208774,1.000000,1.100000,0.000000,0.000000,-1.571000,0.147788,0.992021,0.073665,1.005671
31.258000,0.061534,0.007979,1.026351,0.273126,0.000016,0.007550,-0.145742,-0.000002,1.570739,0.207416,1.000000,1.100000,0.000000,0.000000,-1.571000,0.145882,0.992021,0.073649,1.005391
31.260000,0.062076,0.007979,1.026366,0.269746,0.000016,0.007521,-0.146455,-0.000002,1.570739,0.206050,1.000000,1.100000,0.000000,0.000000,-1.571000,0.143975,0.992021,0.073634,1.005115
31.262000,0.062611,0.007979,1.026381,0.266358,0.000016,0.007491,-0.147146,-0.000002,1.570739,0.204676,1.000000,1.100000,0.000000,0.000000,-1.571000,0.142066,0.992021,0.073619,1.004843
31.264000,0.063139,0.007979,1.026396,0.262962,0.000016,0.007460,-0.147817,-0.000002,1.570739,0.203294,1.000000,1.100000,0.000000,0.000000,-1.571000,0.140155,0.992021,0.073604,1.004573
31.266000,0.063660,0.007979,1.026410,0.259560,0.000016,0.007427,-0.148469,-0.000002,1.570740,0.201904,1.000000,1.100000,0.000000,0.000000,-1.571000,0.138244,0.992021,0.073590,1.004307
31.268000,0.064175,0.007979,1.026425,0.256151,0.000016,0.007394,-0.149103,-0.000002,1.570740,0.200506,1.000000,1.100000,0.000000,0.000000,-1.571000,0.136331,0.992021,0.073575,1.004044
31.270000,0.064682,0.007979,1.026440,0.252737,0.000016,0.007359,-0.149718,-0.000002,1.570741,0.199100,1.000000,1.100000,0.000000,0.000000,-1.571000,0.134417,0.992021,0.073560,1.003785
31.272000,0.065183,0.007979,1.026455,0.249316,0.000016,0.007323,-0.150315,-0.000002,1.570742,0.197686,1.000000,1.100000,0.000000,0.000000,-1.571000,0.132502,0.992021,0.073545,1.003530
31.274000,0.065677,0.007979,1.026469,0.245891,0.000016,0.007285,-0.150896,-0.000002,1.570743,0.196264,1.000000,1.100000,0.000000,0.000000,-1.571000,0.130587,0.992021,0.073531,1.003277
31.276000,0.066164,0.007979,1.026484,0.242460,0.000016,0.007247,-0.151460,-0.000002,1.570744,0.194834,1.000000,1.100000,0.000000,0.000000,-1.571000,0.128670,0.992021,0.073516,1.003029
31.278000,0.066644,0.007979,1.026498,0.239025,0.000017,0.007207,-0.152007,-0.000002,1.570745,0.193397,1.000000,1.100000,0.000000,0.000000,-1.571000,0.126753,0.992021,0.073502,1.002783
31.280000,0.067118,0.007979,1.026513,0.235585,0.000017,0.007166,-0.152540,-0.000002,1.570746,0.191952,1.000000,1.100000,0.000000,0.000000,-1.571000,0.124835,0.992021,0.073487,1.002542
31.282000,0.067584,0.007979,1.026527,0.232140,0.000017,0.007129,-0.153057,-0.000002,1.570748,0.190500,1.000000,1.100000,0.000000,0.000000,-1.571000,0.122916,0.992021,0.073473,1.002303
31.284000,0.068044,0.007979,1.026541,0.228691,0.000017,0.007101,-0.153561,-0.000002,1.570749,0.189040,1.000000,1.100000,0.000000,0.000000,-1.571000,0.120996,0.992021,0.073459,1.002069
31.286000,0.068497,0.007979,1.026555,0.225236,0.000017,0.007080,-0.154052,-0.000002,1.570751,0.187573,1.000000,1.100000,0.000000,0.000000,-1.571000,0.119076,0.992021,0.073445,1.001838
31.288000,0.068942,0.007979,1.026570,0.221777,0.000017,0.007066,-0.154532,-0.000002,1.570753,0.186098,1.000000,1.100000,0.000000,0.000000,-1.571000,0.117156,0.992021,0.073430,1.001610
31.290000,0.069381,0.007979,1.026584,0.218314,0.000017,0.007059,-0.155000,-0.000003,1.570754,0.184616,1.000000,1.100000,0.000000,0.000000,-1.571000,0.115235,0.992021,0.073416,1.001386
31.292000,0.069813,0.007979,1.026598,0.214847,0.000017,0.007057,-0.155458,-0.000003,1.570756,0.183127,1.000000,1.100000,0.000000,0.000000,-1.571000,0.113314,0.992021,0.073402,1.001166
31.294000,0.070238,0.007979,1.026612,0.211377,0.000017,0.007060,-0.155907,-0.000003,1.570758,0.181630,1.000000,1.100000,0.000000,0.000000,-1.571000,0.111392,0.992021,0.073388,1.000949
31.296000,0.070656,0.007979,1.026626,0.207903,0.000017,0.007068,-0.156346,-0.000003,1.570760,0.180126,1.000000,1.100000,0.000000,0.000000,-1.571000,0.109470,0.992021,0.073374,1.000736
31.298000,0.071067,0.007979,1.026640,0.204427,0.000017,0.007080,-0.156778,-0.000003,1.570762,0.178615,1.000000,1.100000,0.000000,0.000000,-1.571000,0.107548,0.992021,0.073360,1.000526
31.300000,0.071471,0.007979,1.026654,0.200948,0.000017,0.007095,-0.157202,-0.000003,1.570764,0.177097,1.000000,1.100000,0.000000,0.000000,-1.571000,0.105626,0.992021,0.073346,1.000321
31.302000,0.071868,0.007979,1.026669,0.197466,0.000017,0.007112,-0.157619,-0.000003,1.570765,0.175572,1.000000,1.100000,0.000000,0.000000,-1.571000,0.103704,0.992021,0.073331,1.000118
31.304000,0.072258,0.007979,1.026683,0.193982,0.000017,0.007133,-0.158029,-0.000003,1.570767,0.174040,1.000000,1.100000,0.000000,0.000000,-1.571000,0.101782,0.992021,0.073317,0.999920
31.306000,0.072641,0.007980,1.026697,0.190495,0.000017,0.007156,-0.158433,-0.000003,1.570769,0.172502,1.000000,1.100000,0.000000,0.000000,-1.571000,0.099860,0.992020,0.073303,0.999725
31.308000,0.073017,0.007980,1.026712,0.187007,0.000017,0.007180,-0.158831,-0.000003,1.570771,0.170956,1.000000,1.100000,0.000000,0.000000,-1.571000,0.097939,0.992020,0.073288,0.999534
31.310000,0.073386,0.007980,1.026726,0.183517,0.000017,0.007207,-0.159223,-0.000003,1.570773,0.169404,1.000000,1.100000,0.000000,0.000000,-1.571000,0.096017,0.992020,0.073274,0.999346
31.312000,0.073749,0.007980,1.026741,0.180026,0.000017,0.007234,-0.159610,-0.000003,1.570775,0.167845,1.000000,1.100000,0.000000,0.000000,-1.571000,0.094096,0.992020,0.073259,0.999162
31.314000,0.074104,0.007980,1.026755,0.176533,0.000017,0.007263,-0.159992,-0.000003,1.570777,0.166279,1.000000,1.100000,0.000000,0.000000,-1.571000,0.092175,0.992020,0.073245,0.998982
31.316000,0.074452,0.007980,1.026770,0.173038,0.000017,0.007293,-0.160369,-0.000002,1.570779,0.164707,1.000000,1.100000,0.000000,0.000000,-1.571000,0.090255,0.992020,0.073230,0.998806
31.318000,0.074793,0.007980,1.026784,0.169543,0.000017,0.007323,-0.160741,-0.000002,1.570781,0.163128,1.000000,1.100000,0.000000,0.000000,-1.571000,0.088335,0.992020,0.073216,0.998633
31.320000,0.075127,0.007980,1.026799,0.166046,0.000017,0.007354,-0.161109,-0.000002,1.570783,0.161543,1.000000,1.100000,0.000000,0.000000,-1.571000,0.086416,0.992020,0.073201,0.998464
31.322000,0.075454,0.007980,1.026814,0.162548,0.000017,0.007386,-0.161472,-0.000002,1.570784,0.159951,1.000000,1.100000,0.000000,0.000000,-1.571000,0.084497,0.992020,0.073186,0.998299
31.324000,0.075775,0.007980,1.026829,0.159050,0.000017,0.007417,-0.161831,-0.000001,1.570786,0.158354,1.000000,1.100000,0.000000,0.000000,-1.571000,0.082579,0.992020,0.073171,0.998137
31.326000,0.076088,0.007980,1.026843,0.155551,0.000017,0.007449,-0.162185,-0.000001,1.570788,0.156750,1.000000,1.100000,0.000000,0.000000,-1.571000,0.080662,0.992020,0.073157,0.997979
31.328000,0.076394,0.007980,1.026858,0.152051,0.000017,0.007481,-0.162535,-0.000001,1.570790,0.155139,1.000000,1.100000,0.000000,0.000000,-1.571000,0.078745,0.992020,0.073142,0.997825
31.330000,0.076693,0.007980,1.026873,0.148550,0.000017,0.007513,-0.162881,-0.000000,1.570791,0.153523,1.000000,1.100000,0.000000,0.000000,-1.571000,0.076830,0.992020,0.073127,0.997674
31.332000,0.076985,0.007980,1.026889,0.145049,0.000017,0.007544,-0.163223,0.000000,1.570793,0.151900,1.000000,1.100000,0.000000,0.000000,-1.571000,0.074915,0.992020,0.073111,0.997528
31.334000,0.077270,0.007980,1.026904,0.141548,0.000017,0.007575,-0.163560,0.000001,1.570794,0.150272,1.000000,1.100000,0.000000,0.000000,-1.571000,0.073002,0.992020,0.073096,0.997385
31.336000,0.077548,0.007980,1.026919,0.138047,0.000017,0.007606,-0.163893,0.000001,1.570796,0.148638,1.000000,1.100000,0.000000,0.000000,-1.571000,0.071089,0.992020,0.073081,0.997245
31.338000,0.077820,0.007980,1.026934,0.134545,0.000017,0.007637,-0.164221,0.000002,1.570797,0.146997,1.000000,1.100000,0.000000,0.000000,-1.571000,0.069178,0.992020,0.073066,0.997110
31.340000,0.078084,0.007980,1.026950,0.131044,0.000017,0.007667,-0.164545,0.000002,1.570799,0.145351,1.000000,1.100000,0.000000,0.000000,-1.571000,0.067268,0.992020,0.073050,0.996978
31.342000,0.078341,0.007980,1.026965,0.127542,0.000017,0.007696,-0.164865,0.000003,1.570800,0.143699,1.000000,1.100000,0.000000,0.000000,-1.571000,0.065359,0.992020,0.073035,0.996850
31.344000,0.078591,0.007980,1.026980,0.124041,0.000017,0.007725,-0.165180,0.000003,1.570801,0.142042,1.000000,1.100000,0.000000,0.000000,-1.571000,0.063451,0.992020,0.073020,0.996725
31.346000,0.078834,0.007980,1.026996,0.120540,0.000017,0.007752,-0.165490,0.000003,1.570802,0.140379,1.000000,1.100000,0.000000,0.000000,-1.571000,0.061545,0.992020,0.073004,0.996605
31.348000,0.079070,0.007980,1.027011,0.117039,0.000017,0.007779,-0.165795,0.000004,1.570804,0.138710,1.000000,1.100000,0.000000,0.000000,-1.571000,0.059640,0.992020,0.072989,0.996488
31.350000,0.079299,0.007980,1.027027,0.113539,0.000017,0.007805,-0.166096,0.000004,1.570805,0.137036,1.000000,1.100000,0.000000,0.000000,-1.571000,0.057737,0.992020,0.072973,0.996374
31.352000,0.079521,0.007980,1.027043,0.110039,0.000017,0.007830,-0.166392,0.000004,1.570806,0.135357,1.000000,1.100000,0.000000,0.000000,-1.571000,0.055836,0.992020,0.072957,0.996265
31.354000,0.079736,0.007980,1.027058,0.106540,0.000017,0.007855,-0.166682,0.000004,1.570807,0.133672,1.000000,1.100000,0.000000,0.000000,-1.571000,0.053936,0.992020,0.072942,0.996159
31.356000,0.079944,0.007980,1.027074,0.103042,0.000017,0.007878,-0.166967,0.000005,1.570808,0.131982,1.000000,1.100000,0.000000,0.000000,-1.571000,0.052038,0.992020,0.072926,0.996057
31.358000,0.080145,0.007980,1.027090,0.099545,0.000017,0.007901,-0.167247,0.000005,1.570809,0.130286,1.000000,1.100000,0.000000,0.000000,-1.571000,0.050141,0.992020,0.072910,0.995958
31.360000,0.080339,0.007980,1.027106,0.096049,0.000017,0.007923,-0.167522,0.000005,1.570810,0.128586,1.000000,1.100000,0.000000,0.000000,-1.571000,0.048247,0.992020,0.072894,0.995864
31.362000,0.080526,0.007980,1.027122,0.092553,0.000017,0.007947,-0.167791,0.000005,1.570811,0.126880,1.000000,1.100000,0.000000,0.000000,-1.571000,0.046354,0.992020,0.072878,0.995772
31.364000,0.080706,0.007981,1.027138,0.089058,0.000017,0.007977,-0.168054,0.000005,1.570811,0.125170,1.000000,1.100000,0.000000,0.000000,-1.571000,0.044463,0.992019,0.072862,0.995685
31.366000,0.080879,0.007981,1.027154,0.085563,0.000017,0.008011,-0.168312,0.000005,1.570812,0.123454,1.000000,1.100000,0.000000,0.000000,-1.571000,0.042575,0.992019,0.072846,0.995601
31.368000,0.081045,0.007981,1.027170,0.082068,0.000017,0.008049,-0.168564,0.000005,1.570813,0.121734,1.000000,1.100000,0.000000,0.000000,-1.571000,0.040688,0.992019,0.072830,0.995521
31.370000,0.081205,0.007981,1.027186,0.078574,0.000017,0.008092,-0.168810,0.000005,1.570814,0.120009,1.000000,1.100000,0.000000,0.000000,-1.571000,0.038804,0.992019,0.072814,0.995445
31.372000,0.081357,0.007981,1.027202,0.075082,0.000017,0.008137,-0.169050,0.000005,1.570814,0.118279,1.000000,1.100000,0.000000,0.000000,-1.571000,0.036922,0.992019,0.072798,0.995372
31.374000,0.081502,0.007981,1.027219,0.071590,0.000017,0.008185,-0.169284,0.000005,1.570815,0.116544,1.000000,1.100000,0.000000,0.000000,-1.571000,0.035043,0.992019,0.072781,0.995303
31.376000,0.081640,0.007981,1.027235,0.068100,0.000017,0.008236,-0.169512,0.000005,1.570815,0.114805,1.000000,1.100000,0.000000,0.000000,-1.571000,0.033165,0.992019,0.072765,0.995237
31.378000,0.081771,0.007981,1.027252,0.064611,0.000017,0.008289,-0.169734,0.000005,1.570816,0.113061,1.000000,1.100000,0.000000,0.000000,-1.571000,0.031290,0.992019,0.072748,0.995175
31.380000,0.081895,0.007981,1.027268,0.061124,0.000017,0.008344,-0.169950,0.000004,1.570816,0.111313,1.000000,1.100000,0.000000,0.000000,-1.571000,0.029418,0.992019,0.072732,0.995117
31.382000,0.082012,0.007981,1.027285,0.057638,0.000017,0.008401,-0.170159,0.000004,1.570817,0.109561,1.000000,1.100000,0.000000,0.000000,-1.571000,0.027548,0.992019,0.072715,0.995062
31.384000,0.082122,0.007981,1.027302,0.054155,0.000017,0.008459,-0.170363,0.000004,1.570817,0.107804,1.000000,1.100000,0.000000,0.000000,-1.571000,0.025681,0.992019,0.072698,0.995011
31.386000,0.082225,0.007981,1.027319,0.050674,0.000017,0.008519,-0.170560,0.000004,1.570818,0.106042,1.000000,1.100000,0.000000,0.000000,-1.571000,0.023817,0.992019,0.072681,0.994963
31.388000,0.082322,0.007981,1.027336,0.047195,0.000017,0.008580,-0.170750,0.000004,1.570818,0.104277,1.000000,1.100000,0.000000,0.000000,-1.571000,0.021955,0.992019,0.072664,0.994919
31.390000,0.082411,0.007981,1.027353,0.043718,0.000017,0.008641,-0.170935,0.000004,1.570818,0.102508,1.000000,1.100000,0.000000,0.000000,-1.571000,0.020097,0.992019,0.072647,0.994878
31.392000,0.082493,0.007981,1.027371,0.040244,0.000017,0.008704,-0.171113,0.000004,1.570819,0.100734,1.000000,1.100000,0.000000,0.000000,-1.571000,0.018241,0.992019,0.072629,0.994841
31.394000,0.082569,0.007981,1.027388,0.036773,0.000017,0.008767,-0.171285,0.000005,1.570819,0.098957,1.000000,1.100000,0.000000,0.000000,-1.571000,0.016388,0.992019,0.072612,0.994808
31.396000,0.082637,0.007981,1.027406,0.033305,0.000017,0.008831,-0.171451,0.000005,1.570819,0.097175,1.000000,1.100000,0.000000,0.000000,-1.571000,0.014538,0.992019,0.072594,0.994778
31.398000,0.082698,0.007981,1.027424,0.029840,0.000017,0.008896,-0.171610,0.000005,1.570819,0.095390,1.000000,1.100000,0.000000,0.000000,-1.571000,0.012692,0.992019,0.072576,0.994751
31.400000,0.082753,0.007981,1.027442,0.026377,0.000017,0.008960,-0.171764,0.000005,1.570819,0.093601,1.000000,1.100000,0.000000,0.000000,-1.571000,0.010848,0.992019,0.072558,0.994728
31.402000,0.082801,0.007981,1.027460,0.022918,0.000017,0.009026,-0.171911,0.000005,1.570819,0.091808,1.000000,1.100000,0.000000,0.000000,-1.571000,0.009008,0.992019,0.072540,0.994708
31.404000,0.082841,0.007981,1.027478,0.019463,0.000017,0.009091,-0.172052,0.000006,1.570819,0.090012,1.000000,1.100000,0.000000,0.000000,-1.571000,0.007171,0.992019,0.072522,0.994692
31.406000,0.082875,0.007981,1.027496,0.016011,0.000017,0.009157,-0.172188,0.000006,1.570819,0.088212,1.000000,1.100000,0.000000,0.000000,-1.571000,0.005337,0.992019,0.072504,0.994679
31.408000,0.082902,0.007981,1.027515,0.012563,0.000017,0.009222,-0.172317,0.000006,1.570820,0.086409,1.000000,1.100000,0.000000,0.000000,-1.571000,0.003507,0.992019,0.072485,0.994670
31.410000,0.082922,0.007981,1.027533,0.009118,0.000017,0.009288,-0.172441,0.000007,1.570820,0.084602,1.000000,1.100000,0.000000,0.000000,-1.571000,0.001680,0.992019,0.072467,0.994663
31.412000,0.082935,0.007981,1.027552,0.005677,0.000017,0.009354,-0.172558,0.000007,1.570820,0.082792,1.000000,1.100000,0.000000,0.000000,-1.571000,-0.000143,0.992019,0.072448,0.994661
31.414000,0.082941,0.007981,1.027571,0.002243,0.000017,0.009429,-0.172671,0.000007,1.570820,0.080978,1.000000,1.100000,0.000000,0.000000,-1.571000,-0.001963,0.992019,0.072429,0.994661
31.416000,0.082941,0.007981,1.027590,-0.001191,0.000017,0.009513,-0.172777,0.000007,1.570820,0.079162,1.000000,1.100000,0.000000,0.000000,-1.571000,-0.003779,0.992019,0.072410,0.994665
31.418000,0.082933,0.007981,1.027609,-0.004622,0.000017,0.009587,-0.172879,0.000008,1.570820,0.077342,1.000000,1.100000,0.000000,0.000000,-1.571000,-0.005591,0.992019,0.072391,0.994672
31.420000,0.082919,0.007981,1.027628,-0.008046,0.000017,0.009652,-0.172975,0.000008,1.570820,0.075519,1.000000,1.100000,0.000000,0.000000,-1.571000,-0.007399,0.992019,0.072372,0.994682
31.422000,0.082897,0.007981,1.027648,-0.011466,0.000017,0.009719,-0.173066,0.000008,1.570820,0.073694,1.000000,1.100000,0.000000,0.000000,-1.571000,-0.009204,0.992019,0.072352,0.994696
31.424000,0.082869,0.007982,1.027667,-0.014882,0.000017,0.009789,-0.173152,0.000008,1.570820,0.071865,1.000000,1.100000,0.000000,0.000000,-1.571000,-0.011004,0.992018,0.072333,0.994713
31.426000,0.082834,0.007982,1.027687,-0.018293,0.000017,0.009861,-0.173233,0.000009,1.570820,0.070034,1.000000,1.100000,0.000000,0.000000,-1.571000,-0.012801,0.992018,0.072313,0.994733
31.428000,0.082793,0.007982,1.027707,-0.021701,0.000017,0.009934,-0.173309,0.000009,1.570820,0.068199,1.000000,1.100000,0.000000,0.000000,-1.571000,-0.014593,0.992018,0.072293,0.994756
31.430000,0.082744,0.007982,1.027727,-0.025103,0.000017,0.010010,-0.173380,0.000009,1.570820,0.066362,1.000000,1.100000,0.000000,0.000000,-1.571000,-0.016382,0.992018,0.072273,0.994783
31.432000,0.082689,0.007982,1.027747,-0.028502,0.000017,0.010087,-0.173447,0.000009,1.570820,0.064523,1.000000,1.100000,0.000000,0.000000,-1.571000,-0.018166,0.992018,0.072253,0.994812
31.434000,0.082627,0.007982,1.027767,-0.031895,0.000018,0.010166,-0.173510,0.000009,1.570820,0.062681,1.000000,1.100000,0.000000,0.000000,-1.571000,-0.019946,0.992018,0.072233,0.994845
31.436000,0.082558,0.007982,1.027788,-0.035284,0.000018,0.010246,-0.173569,0.000010,1.570820,0.060836,1.000000,1.100000,0.000000,0.000000,-1.571000,-0.021721,0.992018,0.072212,0.994880
31.438000,0.082482,0.007982,1.027808,-0.038668,0.000018,0.010327,-0.173623,0.000010,1.570820,0.058989,1.000000,1.100000,0.000000,0.000000,-1.571000,-0.023493,0.992018,0.072192,0.994919
31.440000,0.082399,0.007982,1.027829,-0.042047,0.000018,0.010409,-0.173674,0.000010,1.570820,0.057140,1.000000,1.100000,0.000000,0.000000,-1.571000,-0.025260,0.992018,0.072171,0.994961
31.442000,0.082310,0.007982,1.027850,-0.045421,0.000018,0.010492,-0.173721,0.000010,1.570820,0.055288,1.000000,1.100000,0.000000,0.000000,-1.571000,-0.027022,0.992018,0.072150,0.995005
31.444000,0.082214,0.007982,1.027871,-0.048789,0.000018,0.010576,-0.173764,0.000010,1.570820,0.053435,1.000000,1.100000,0.000000,0.000000,-1.571000,-0.028780,0.992018,0.072129,0.995053
31.446000,0.082111,0.007982,1.027892,-0.052153,0.000018,0.010660,-0.173804,0.000010,1.570820,0.051579,1.000000,1.100000,0.000000,0.000000,-1.571000,-0.030533,0.992018,0.072108,0.995104
31.448000,0.082002,0.007982,1.027914,-0.055511,0.000018,0.010746,-0.173841,0.000010,1.570820,0.049721,1.000000,1.100000,0.000000,0.000000,-1.571000,-0.032281,0.992018,0.072086,0.995157
31.450000,0.081886,0.007982,1.027936,-0.058864,0.000018,0.010831,-0.173874,0.000010,1.570820,0.047861,1.000000,1.100000,0.000000,0.000000,-1.571000,-0.034025,0.992018,0.072064,0.995214
31.452000,0.081763,0.007982,1.027957,-0.062211,0.000018,0.010918,-0.173905,0.000009,1.570820,0.045999,1.000000,1.100000,0.000000,0.000000,-1.571000,-0.035764,0.992018,0.072043,0.995273
31.454000,0.081633,0.007982,1.027979,-0.065553,0.000018,0.011004,-0.173933,0.000009,1.570820,0.044136,1.000000,1.100000,0.000000,0.000000,-1.571000,-0.037498,0.992018,0.072021,0.995335
31.456000,0.081497,0.007982,1.028002,-0.068890,0.000018,0.011091,-0.173958,0.000009,1.570820,0.042270,1.000000,1.100000,0.000000,0.000000,-1.571000,-0.039227,0.992018,0.071998,0.995400
31.458000,0.081354,0.007982,1.028024,-0.072220,0.000018,0.011178,-0.173981,0.000009,1.570820,0.040403,1.000000,1.100000,0.000000,0.000000,-1.571000,-0.040951,0.992018,0.071976,0.995468
31.460000,0.081205,0.007982,1.028046,-0.075545,0.000018,0.011266,-0.174001,0.000009,1.570820,0.038535,1.000000,1.100000,0.000000,0.000000,-1.571000,-0.042670,0.992018,0.071954,0.995539
31.462000,0.081048,0.007982,1.028069,-0.078865,0.000019,0.011354,-0.174019,0.000008,1.570821,0.036665,1.000000,1.100000,0.000000,0.000000,-1.571000,-0.044384,0.992018,0.071931,0.995612
31.464000,0.080886,0.007982,1.028092,-0.082178,0.000019,0.011442,-0.174035,0.000008,1.570821,0.034793,1.000000,1.100000,0.000000,0.000000,-1.571000,-0.046092,0.992018,0.071908,0.995688
31.466000,0.080716,0.007982,1.028115,-0.085486,0.000019,0.011530,-0.174049,0.000008,1.570821,0.032920,1.000000,1.100000,0.000000,0.000000,-1.571000,-0.047796,0.992018,0.071885,0.995767
31.468000,0.080540,0.007982,1.028138,-0.088788,0.000019,0.011618,-0.174061,0.000007,1.570821,0.031046,1.000000,1.100000,0.000000,0.000000,-1.571000,-0.049494,0.992018,0.071862,0.995848
31.470000,0.080357,0.007982,1.028162,-0.092084,0.000019,0.011707,-0.174072,0.000007,1.570821,0.029171,1.000000,1.100000,0.000000,0.000000,-1.571000,-0.051187,0.992018,0.071838,0.995932
31.472000,0.080168,0.007982,1.028185,-0.095375,0.000019,0.011795,-0.174081,0.000006,1.570821,0.027294,1.000000,1.100000,0.000000,0.000000,-1.571000,-0.052874,0.992018,0.071815,0.996018
31.474000,0.079972,0.007982,1.028209,-0.098659,0.000019,0.011884,-0.174088,0.000006,1.570821,0.025416,1.000000,1.100000,0.000000,0.000000,-1.571000,-0.054556,0.992018,0.071791,0.996107
31.476000,0.079770,0.007982,1.028233,-0.101938,0.000019,0.011972,-0.174095,0.000006,1.570822,0.023538,1.000000,1.100000,0.000000,0.000000,-1.571000,-0.056232,0.992018,0.071767,0.996198
31.478000,0.079561,0.007983,1.028257,-0.105211,0.000019,0.012061,-0.174100,0.000005,1.570822,0.021658,1.000000,1.100000,0.000000,0.000000,-1.571000,-0.057903,0.992017,0.071743,0.996292
31.480000,0.079345,0.007983,1.028281,-0.108477,0.000019,0.012150,-0.174104,0.000005,1.570822,0.019778,1.000000,1.100000,0.000000,0.000000,-1.571000,-0.059567,0.992017,0.071719,0.996389
31.482000,0.079123,0.007983,1.028306,-0.111738,0.000019,0.012239,-0.174107,0.000004,1.570822,0.017896,1.000000,1.100000,0.000000,0.000000,-1.571000,-0.061227,0.992017,0.071694,0.996488
31.484000,0.078894,0.007983,1.028330,-0.114993,0.000019,0.012329,-0.174109,0.000004,1.570822,0.016015,1.000000,1.100000,0.000000,0.000000,-1.571000,-0.062880,0.992017,0.071670,0.996589
31.486000,0.078659,0.007983,1.028355,-0.118242,0.000019,0.012420,-0.174110,0.000004,1.570822,0.014132,1.000000,1.100000,0.000000,0.000000,-1.571000,-0.064527,0.992017,0.071645,0.996692
31.488000,0.078418,0.007983,1.028380,-0.121486,0.000018,0.012512,-0.174111,0.000003,1.570822,0.012249,1.000000,1.100000,0.000000,0.000000,-1.571000,-0.066169,0.992017,0.071620,0.996798
31.490000,0.078170,0.007983,1.028405,-0.124724,0.000018,0.012605,-0.174111,0.000003,1.570822,0.010365,1.000000,1.100000,0.000000,0.000000,-1.571000,-0.067805,0.992017,0.071595,0.996906
31.492000,0.077915,0.007983,1.028431,-0.127955,0.000018,0.012698,-0.174111,0.000003,1.570823,0.008481,1.000000,1.100000,0.000000,0.000000,-1.571000,-0.069434,0.992017,0.071569,0.997016
31.494000,0.077654,0.007983,1.028456,-0.131181,0.000018,0.012792,-0.174110,0.000003,1.570823,0.006597,1.000000,1.100000,0.000000,0.000000,-1.571000,-0.071057,0.992017,0.071544,0.997129
31.496000,0.077387,0.007983,1.028482,-0.134401,0.000018,0.012886,-0.174108,0.000002,1.570823,0.004712,1.000000,1.100000,0.000000,0.000000,-1.571000,-0.072675,0.992017,0.071518,0.997243
31.498000,0.077113,0.007983,1.028508,-0.137615,0.000018,0.012981,-0.174106,0.000002,1.570823,0.002827,1.000000,1.100000,0.000000,0.000000,-1.571000,-0.074285,0.992017,0.071492,0.997360
31.500000,0.076832,0.007983,1.028534,-0.140823,0.000018,0.013077,-0.174104,0.000002,1.570823,0.000942,1.000000,1.100000,0.000000,0.000000,-1.571000,-0.075890,0.992017,0.071466,0.997479
31.502000,0.076546,0.007983,1.028560,-0.144026,0.000018,0.013172,-0.174102,0.000002,1.570823,-0.000942,1.000000,1.100000,0.000000,0.000000,-1.571000,-0.077488,0.992017,0.071440,0.997600
31.504000,0.076253,0.007983,1.028587,-0.147222,0.000018,0.013268,-0.174100,0.000002,1.570823,-0.002827,1.000000,1.100000,0.000000,0.000000,-1.571000,-0.079080,0.992017,0.071413,0.997723
31.506000,0.075953,0.007983,1.028614,-0.150413,0.000018,0.013364,-0.174098,0.000002,1.570823,-0.004712,1.000000,1.100000,0.000000,0.000000,-1.571000,-0.080665,0.992017,0.071386,0.997848
31.508000,0.075647,0.007983,1.028641,-0.153597,0.000018,0.013460,-0.174095,0.000002,1.570823,-0.006597,1.000000,1.100000,0.000000,0.000000,-1.571000,-0.082244,0.992017,0.071359,0.997975
31.510000,0.075335,0.007983,1.028668,-0.156776,0.000018,0.013557,-0.174093,0.000002,1.570823,-0.008481,1.000000,1.100000,0.000000,0.000000,-1.571000,-0.083816,0.992017,0.071332,0.998104
31.512000,0.075016,0.007983,1.028695,-0.159949,0.000018,0.013653,-0.174090,0.000002,1.570823,-0.010365,1.000000,1.100000,0.000000,0.000000,-1.571000,-0.085381,0.992017,0.071305,0.998234
31.514000,0.074691,0.007983,1.028722,-0.163116,0.000017,0.013750,-0.174088,0.000002,1.570823,-0.012249,1.000000,1.100000,0.000000,0.000000,-1.571000,-0.086940,0.992017,0.071278,0.998367
31.516000,0.074360,0.007983,1.028750,-0.166277,0.000017,0.013847,-0.174086,0.000002,1.570823,-0.014132,1.000000,1.100000,0.000000,0.000000,-1.571000,-0.088492,0.992017,0.071250,0.998501
31.518000,0.074022,0.007983,1.028778,-0.169432,0.000017,0.013944,-0.174084,0.000002,1.570823,-0.016015,1.000000,1.100000,0.000000,0.000000,-1.571000,-0.090037,0.992017,0.071222,0.998637
31.520000,0.073678,0.007983,1.028806,-0.172582,0.000017,0.014041,-0.174082,0.000002,1.570823,-0.017896,1.000000,1.100000,0.000000,0.000000,-1.571000,-0.091575,0.992017,0.071194,0.998775
31.522000,0.073328,0.007983,1.028834,-0.175725,0.000017,0.014138,-0.174080,0.000002,1.570823,-0.019778,1.000000,1.100000,0.000000,0.000000,-1.571000,-0.093106,0.992017,0.071166,0.998915
31.524000,0.072972,0.007983,1.028863,-0.178863,0.000017,0.014235,-0.174079,0.000002,1.570822,-0.021658,1.000000,1.100000,0.000000,0.000000,-1.571000,-0.094630,0.992017,0.071137,0.999056
31.526000,0.072609,0.007983,1.028891,-0.181995,0.000017,0.014331,-0.174078,0.000003,1.570822,-0.023538,1.000000,1.100000,0.000000,0.000000,-1.571000,-0.096147,0.992017,0.071109,0.999198
31.528000,0.072240,0.007983,1.028920,-0.185121,0.000017,0.014428,-0.174077,0.000003,1.570822,-0.025416,1.000000,1.100000,0.000000,0.000000,-1.571000,-0.097656,0.992017,0.071080,0.999343
31.530000,0.071865,0.007983,1.028949,-0.188241,0.000017,0.014525,-0.174076,0.000003,1.570822,-0.027294,1.000000,1.100000,0.000000,0.000000,-1.571000,-0.099159,0.992017,0.071051,0.999489
31.532000,0.071483,0.007983,1.028978,-0.191355,0.000017,0.014622,-0.174076,0.000003,1.570822,-0.029171,1.000000,1.100000,0.000000,0.000000,-1.571000,-0.100654,0.992017,0.071022,0.999636
31.534000,0.071095,0.007983,1.029008,-0.194464,0.000017,0.014719,-0.174076,0.000003,1.570822,-0.031046,1.000000,1.100000,0.000000,0.000000,-1.571000,-0.102141,0.992017,0.070992,0.999785
31.536000,0.070701,0.007984,1.029037,-0.197567,0.000017,0.014815,-0.174077,0.000004,1.570822,-0.032920,1.000000,1.100000,0.000000,0.000000,-1.571000,-0.103622,0.992016,0.070963,0.999935
31.538000,0.070301,0.007984,1.029067,-0.200665,0.000017,0.014912,-0.174077,0.000004,1.570822,-0.034793,1.000000,1.100000,0.000000,0.000000,-1.571000,-0.105094,0.992016,0.070933,1.000086
31.540000,0.069895,0.007984,1.029097,-0.203756,0.000017,0.015008,-0.174078,0.000004,1.570822,-0.036665,1.000000,1.100000,0.000000,0.000000,-1.571000,-0.106559,0.992016,0.070903,1.000239
31.542000,0.069482,0.007984,1.029127,-0.206842,0.000016,0.015104,-0.174080,0.000004,1.570822,-0.038535,1.000000,1.100000,0.000000,0.000000,-1.571000,-0.108017,0.992016,0.070873,1.000393
31.544000,0.069063,0.007984,1.029158,-0.209922,0.000016,0.015200,-0.174082,0.000004,1.570823,-0.040403,1.000000,1.100000,0.000000,0.000000,-1.571000,-0.109467,0.992016,0.070842,1.000549
31.546000,0.068639,0.007984,1.029188,-0.212997,0.000016,0.015296,-0.174084,0.000004,1.570823,-0.042270,1.000000,1.100000,0.000000,0.000000,-1.571000,-0.110909,0.992016,0.070812,1.000705
31.548000,0.068208,0.007984,1.029219,-0.216066,0.000016,0.015392,-0.174086,0.000004,1.570823,-0.044136,1.000000,1.100000,0.000000,0.000000,-1.571000,-0.112343,0.992016,0.070781,1.000863
31.550000,0.067770,0.007984,1.029250,-0.219129,0.000016,0.015488,-0.174089,0.000004,1.570823,-0.045999,1.000000,1.100000,0.000000,0.000000,-1.571000,-0.113770,0.992016,0.070750,1.001022
31.552000,0.067327,0.007984,1.029281,-0.222187,0.000016,0.015584,-0.174092,0.000004,1.570823,-0.047861,1.000000,1.100000,0.000000,0.000000,-1.571000,-0.115188,0.992016,0.070719,1.001182
31.554000,0.066878,0.007984,1.029313,-0.225239,0.000016,0.015679,-0.174095,0.000004,1.570823,-0.049721,1.000000,1.100000,0.000000,0.000000,-1.571000,-0.116599,0.992016,0.070687,1.001343
31.556000,0.066422,0.007984,1.029344,-0.228285,0.000016,0.015774,-0.174098,0.000004,1.570823,-0.051579,1.000000,1.100000,0.000000,0.000000,-1.571000,-0.118001,0.992016,0.070656,1.001505
31.558000,0.065961,0.007984,1.029376,-0.231326,0.000016,0.015870,-0.174102,0.000004,1.570823,-0.053435,1.000000,1.100000,0.000000,0.000000,-1.571000,-0.119395,0.992016,0.070624,1.001668
31.560000,0.065493,0.007984,1.029408,-0.234361,0.000016,0.015965,-0.174106,0.000004,1.570823,-0.055288,1.000000,1.100000,0.000000,0.000000,-1.571000,-0.120781,0.992016,0.070592,1.001832
31.562000,0.065019,0.007984,1.029440,-0.237390,0.000016,0.016056,-0.174110,0.000004,1.570823,-0.057140,1.000000,1.100000,0.000000,0.000000,-1.571000,-0.122159,0.992016,0.070560,1.001997
31.564000,0.064539,0.007984,1.029472,-0.240413,0.000016,0.016141,-0.174115,0.000004,1.570823,-0.058989,1.000000,1.100000,0.000000,0.000000,-1.571000,-0.123529,0.992016,0.070528,1.002162
31.566000,0.064054,0.007984,1.029505,-0.243429,0.000016,0.016219,-0.174120,0.000004,1.570823,-0.060836,1.000000,1.100000,0.000000,0.000000,-1.571000,-0.124890,0.992016,0.070495,1.002329
31.568000,0.063562,0.007984,1.029537,-0.246438,0.000016,0.016292,-0.174125,0.000003,1.570823,-0.062681,1.000000,1.100000,0.000000,0.000000,-1.571000,-0.126242,0.992016,0.070463,1.002496
31.570000,0.063064,0.007984,1.029570,-0.249442,0.000016,0.016360,-0.174130,0.000003,1.570823,-0.064523,1.000000,1.100000,0.000000,0.000000,-1.571000,-0.127587,0.992016,0.070430,1.002664
31.572000,0.062560,0.007984,1.029603,-0.252438,0.000016,0.016423,-0.174135,0.000003,1.570823,-0.066362,1.000000,1.100000,0.000000,0.000000,-1.571000,-0.128922,0.992016,0.070397,1.002832
31.574000,0.062050,0.007984,1.029636,-0.255429,0.000016,0.016482,-0.174141,0.000003,1.570823,-0.068199,1.000000,1.100000,0.000000,0.000000,-1.571000,-0.130249,0.992016,0.070364,1.003001
31.576000,0.061534,0.007984,1.029669,-0.258414,0.000016,0.016538,-0.174146,0.000002,1.570823,-0.070034,1.000000,1.100000,0.000000,0.000000,-1.571000,-0.131568,0.992016,0.070331,1.003171
31.578000,0.061012,0.007984,1.029702,-0.261393,0.000016,0.016590,-0.174152,0.000002,1.570823,-0.071865,1.000000,1.100000,0.000000,0.000000,-1.571000,-0.132877,0.992016,0.070298,1.003341
31.580000,0.060485,0.007984,1.029735,-0.264365,0.000016,0.016639,-0.174158,0.000002,1.570823,-0.073694,1.000000,1.100000,0.000000,0.000000,-1.571000,-0.134178,0.992016,0.070265,1.003512
31.582000,0.059951,0.007984,1.029769,-0.267332,0.000015,0.016685,-0.174164,0.000002,1.570823,-0.075519,1.000000,1.100000,0.000000,0.000000,-1.571000,-0.135470,0.992016,0.070231,1.003683
31.584000,0.059411,0.007984,1.029802,-0.270293,0.000015,0.016728,-0.174170,0.000002,1.570823,-0.077342,1.000000,1.100000,0.000000,0.000000,-1.571000,-0.136753,0.992016,0.070198,1.003855
31.586000,0.058866,0.007984,1.029836,-0.273249,0.000015,0.016770,-0.174176,0.000001,1.570823,-0.079162,1.000000,1.100000,0.000000,0.000000,-1.571000,-0.138028,0.992016,0.070164,1.004027
31.588000,0.058314,0.007984,1.029869,-0.276198,0.000015,0.016809,-0.174182,0.000001,1.570823,-0.080978,1.000000,1.100000,0.000000,0.000000,-1.571000,-0.139293,0.992016,0.070131,1.004199
31.590000,0.057757,0.007984,1.029903,-0.279142,0.000015,0.016846,-0.174189,0.000001,1.570822,-0.082792,1.000000,1.100000,0.000000,0.000000,-1.571000,-0.140549,0.992016,0.070097,1.004372
31.592000,0.057194,0.007984,1.029937,-0.282080,0.000015,0.016881,-0.174195,0.000001,1.570822,-0.084602,1.000000,1.100000,0.000000,0.000000,-1.571000,-0.141796,0.992016,0.070063,1.004545
31.594000,0.056624,0.007984,1.029971,-0.285013,0.000015,0.016915,-0.174202,0.000001,1.570822,-0.086409,1.000000,1.100000,0.000000,0.000000,-1.571000,-0.143033,0.992016,0.070029,1.004718
31.596000,0.056049,0.007984,1.030005,-0.287940,0.000015,0.016947,-0.174208,0.000001,1.570822,-0.088212,1.000000,1.100000,0.000000,0.000000,-1.571000,-0.144262,0.992016,0.069995,1.004891
31.598000,0.055469,0.007985,1.030038,-0.290862,0.000015,0.016978,-0.174214,0.000001,1.570821,-0.090012,1.000000,1.100000,0.000000,0.000000,-1.571000,-0.145481,0.992015,0.069962,1.005064
31.600000,0.054882,0.007985,1.030073,-0.293778,0.000015,0.017008,-0.174221,0.000001,1.570821,-0.091808,1.000000,1.100000,0.000000,0.000000,-1.571000,-0.146690,0.992015,0.069927,1.005238
31.602000,0.054289,0.007985,1.030107,-0.296689,0.000015,0.017036,-0.174227,0.000001,1.570821,-0.093601,1.000000,1.100000,0.000000,0.000000,-1.571000,-0.147890,0.992015,0.069893,1.005411
31.604000,0.053691,0.007985,1.030141,-0.299594,0.000014,0.017064,-0.174233,0.000002,1.570821,-0.095390,1.000000,1.100000,0.000000,0.000000,-1.571000,-0.149081,0.992015,0.069859,1.005584
31.606000,0.053087,0.007985,1.030175,-0.302494,0.000014,0.017091,-0.174240,0.000002,1.570820,-0.097175,1.000000,1.100000,0.000000,0.000000,-1.571000,-0.150262,0.992015,0.069825,1.005758
31.608000,0.052477,0.007985,1.030209,-0.305388,0.000014,0.017117,-0.174246,0.000002,1.570820,-0.098957,1.000000,1.100000,0.000000,0.000000,-1.571000,-0.151434,0.992015,0.069791,1.005931
31.610000,0.051861,0.007985,1.030244,-0.308277,0.000014,0.017142,-0.174252,0.000002,1.570820,-0.100734,1.000000,1.100000,0.000000,0.000000,-1.571000,-0.152595,0.992015,0.069756,1.006104
31.612000,0.051240,0.007985,1.030278,-0.311161,0.000014,0.017166,-0.174258,0.000002,1.570819,-0.102508,1.000000,1.100000,0.000000,0.000000,-1.571000,-0.153747,0.992015,0.069722,1.006277
31.614000,0.050612,0.007985,1.030312,-0.314039,0.000014,0.017190,-0.174264,0.000002,1.570819,-0.104277,1.000000,1.100000,0.000000,0.000000,-1.571000,-0.154890,0.992015,0.069688,1.006450
31.616000,0.049979,0.007985,1.030347,-0.316912,0.000014,0.017213,-0.174270,0.000003,1.570819,-0.106042,1.000000,1.100000,0.000000,0.000000,-1.571000,-0.156022,0.992015,0.069653,1.006622
31.618000,0.049341,0.007985,1.030381,-0.319780,0.000014,0.017236,-0.174276,0.000003,1.570818,-0.107804,1.000000,1.100000,0.000000,0.000000,-1.571000,-0.157144,0.992015,0.069619,1.006795
31.620000,0.048696,0.007985,1.030416,-0.322643,0.000014,0.017258,-0.174282,0.000003,1.570818,-0.109561,1.000000,1.100000,0.000000,0.000000,-1.571000,-0.158257,0.992015,0.069584,1.006966
31.622000,0.048046,0.007985,1.030450,-0.325499,0.000014,0.017276,-0.174287,0.000003,1.570818,-0.111313,1.000000,1.100000,0.000000,0.000000,-1.571000,-0.159359,0.992015,0.069550,1.007138
31.624000,0.047390,0.007985,1.030485,-0.328349,0.000014,0.017286,-0.174288,0.000003,1.570817,-0.113061,1.000000,1.100000,0.000000,0.000000,-1.571000,-0.160451,0.992015,0.069515,1.007309
31.626000,0.046728,0.007985,1.030520,-0.331193,0.000014,0.017289,-0.174283,0.000003,1.570817,-0.114805,1.000000,1.100000,0.000000,0.000000,-1.571000,-0.161533,0.992015,0.069480,1.007479
31.628000,0.046061,0.007985,1.030554,-0.334030,0.000014,0.017286,-0.174270,0.000003,1.570817,-0.116544,1.000000,1.100000,0.000000,0.000000,-1.571000,-0.162605,0.992015,0.069446,1.007649
31.630000,0.045388,0.007985,1.030589,-0.336860,0.000014,0.017277,-0.174246,0.000003,1.570816,-0.118279,1.000000,1.100000,0.000000,0.000000,-1.571000,-0.163667,0.992015,0.069411,1.007819
31.632000,0.044709,0.007985,1.030623,-0.339684,0.000014,0.017263,-0.174211,0.000003,1.570815,-0.120009,1.000000,1.100000,0.000000,0.000000,-1.571000,-0.164718,0.992015,0.069377,1.007988
31.634000,0.044025,0.007985,1.030658,-0.342501,0.000014,0.017244,-0.174161,0.000003,1.570815,-0.121734,1.000000,1.100000,0.000000,0.000000,-1.571000,-0.165759,0.992015,0.069342,1.008156
31.636000,0.043335,0.007985,1.030692,-0.345310,0.000014,0.017222,-0.174096,0.000002,1.570814,-0.123454,1.000000,1.100000,0.000000,0.000000,-1.571000,-0.166790,0.992015,0.069308,1.008323
31.638000,0.042640,0.007985,1.030727,-0.348113,0.000014,0.017195,-0.174015,0.000002,1.570813,-0.125170,1.000000,1.100000,0.000000,0.000000,-1.571000,-0.167810,0.992015,0.069273,1.008490
31.640000,0.041939,0.007985,1.030761,-0.350908,0.000014,0.017166,-0.173916,0.000002,1.570813,-0.126880,1.000000,1.100000,0.000000,0.000000,-1.571000,-0.168819,0.992015,0.069239,1.008656
31.642000,0.041232,0.007985,1.030796,-0.353696,0.000014,0.017134,-0.173800,0.000001,1.570812,-0.128586,1.000000,1.100000,0.000000,0.000000,-1.571000,-0.169818,0.992015,0.069204,1.008822
31.644000,0.040520,0.007985,1.030830,-0.356475,0.000013,0.017099,-0.173664,0.000001,1.570811,-0.130286,1.000000,1.100000,0.000000,0.000000,-1.571000,-0.170806,0.992015,0.069170,1.008986
31.646000,0.039802,0.007985,1.030864,-0.359246,0.000013,0.017062,-0.173509,0.000000,1.570810,-0.131982,1.000000,1.100000,0.000000,0.000000,-1.571000,-0.171784,0.992015,0.069136,1.009150
31.648000,0.039079,0.007985,1.030898,-0.362008,0.000013,0.017024,-0.173333,-0.000000,1.570809,-0.133672,1.000000,1.100000,0.000000,0.000000,-1.571000,-0.172750,0.992015,0.069102,1.009312
31.650000,0.038350,0.007985,1.030932,-0.364761,0.000013,0.016984,-0.173138,-0.000001,1.570808,-0.135357,1.000000,1.100000,0.000000,0.000000,-1.571000,-0.173706,0.992015,0.069068,1.009474
31.652000,0.037615,0.007985,1.030966,-0.367505,0.000013,0.016942,-0.172923,-0.000001,1.570807,-0.137036,1.000000,1.100000,0.000000,0.000000,-1.571000,-0.174651,0.992015,0.069034,1.009635
31.654000,0.036875,0.007985,1.031000,-0.370239,0.000013,0.016900,-0.172687,-0.000002,1.570806,-0.138710,1.000000,1.100000,0.000000,0.000000,-1.571000,-0.175586,0.992015,0.069000,1.009794
31.656000,0.036130,0.007985,1.031034,-0.372963,0.000013,0.016857,-0.172431,-0.000002,1.570805,-0.140379,1.000000,1.100000,0.000000,0.000000,-1.571000,-0.176509,0.992015,0.068966,1.009953
31.658000,0.035379,0.007985,1.031067,-0.375677,0.000013,0.016814,-0.172156,-0.000003,1.570804,-0.142042,1.000000,1.100000,0.000000,0.000000,-1.571000,-0.177421,0.992015,0.068933,1.010110
31.660000,0.034623,0.007985,1.031101,-0.378380,0.000013,0.016770,-0.171861,-0.000004,1.570803,-0.143699,1.000000,1.100000,0.000000,0.000000,-1.571000,-0.178323,0.992015,0.068899,1.010267
31.662000,0.033862,0.007985,1.031134,-0.381072,0.000013,0.016727,-0.171546,-0.000004,1.570802,-0.145351,1.000000,1.100000,0.000000,0.000000,-1.571000,-0.179213,0.992015,0.068866,1.010422
31.664000,0.033095,0.007985,1.031168,-0.383752,0.000013,0.016683,-0.171213,-0.000005,1.570800,-0.146997,1.000000,1.100000,0.000000,0.000000,-1.571000,-0.180092,0.992015,0.068832,1.010576
31.666000,0.032322,0.007985,1.031201,-0.386421,0.000012,0.016639,-0.170862,-0.000005,1.570799,-0.148638,1.000000,1.100000,0.000000,0.000000,-1.571000,-0.180960,0.992015,0.068799,1.010729
31.668000,0.031545,0.007985,1.031234,-0.389078,0.000012,0.016596,-0.170494,-0.000006,1.570798,-0.150272,1.000000,1.100000,0.000000,0.000000,-1.571000,-0.181817,0.992015,0.068766,1.010880
31.670000,0.030762,0.007985,1.031268,-0.391722,0.000012,0.016554,-0.170109,-0.000006,1.570797,-0.151900,1.000000,1.100000,0.000000,0.000000,-1.571000,-0.182662,0.992015,0.068732,1.011030
31.672000,0.029974,0.007986,1.031301,-0.394353,0.000012,0.016512,-0.169708,-0.000007,1.570796,-0.153523,1.000000,1.100000,0.000000,0.000000,-1.571000,-0.183497,0.992014,0.068699,1.011179
31.674000,0.029180,0.007986,1.031334,-0.396972,0.000012,0.016471,-0.169291,-0.000008,1.570795,-0.155139,1.000000,1.100000,0.000000,0.000000,-1.571000,-0.184320,0.992014,0.068666,1.011327
31.676000,0.028382,0.007986,1.031367,-0.399578,0.000012,0.016430,-0.168861,-0.000008,1.570795,-0.156750,1.000000,1.100000,0.000000,0.000000,-1.571000,-0.185131,0.992014,0.068633,1.011473
31.678000,0.027578,0.007986,1.031399,-0.402170,0.000011,0.016391,-0.168417,-0.000009,1.570794,-0.158354,1.000000,1.100000,0.000000,0.000000,-1.571000,-0.185931,0.992014,0.068601,1.011617
31.680000,0.026769,0.007986,1.031432,-0.404748,0.000011,0.016353,-0.167961,-0.000009,1.570793,-0.159951,1.000000,1.100000,0.000000,0.000000,-1.571000,-0.186720,0.992014,0.068568,1.011760
31.682000,0.025955,0.007986,1.031465,-0.407312,0.000011,0.016312,-0.167493,-0.000010,1.570792,-0.161543,1.000000,1.100000,0.000000,0.000000,-1.571000,-0.187498,0.992014,0.068535,1.011902
31.684000,0.025135,0.007986,1.031497,-0.409861,0.000011,0.016266,-0.167011,-0.000010,1.570792,-0.163128,1.000000,1.100000,0.000000,0.000000,-1.571000,-0.188263,0.992014,0.068503,1.012042
31.686000,0.024311,0.007986,1.031530,-0.412395,0.000011,0.016214,-0.166513,-0.000011,1.570791,-0.164707,1.000000,1.100000,0.000000,0.000000,-1.571000,-0.189018,0.992014,0.068470,1.012180
31.688000,0.023482,0.007986,1.031562,-0.414913,0.000010,0.016159,-0.165999,-0.000011,1.570791,-0.166279,1.000000,1.100000,0.000000,0.000000,-1.571000,-0.189761,0.992014,0.068438,1.012317
31.690000,0.022647,0.007986,1.031595,-0.417415,0.000010,0.016100,-0.165468,-0.000012,1.570790,-0.167845,1.000000,1.100000,0.000000,0.000000,-1.571000,-0.190492,0.992014,0.068405,1.012452
31.692000,0.021808,0.007986,1.031627,-0.419901,0.000010,0.016038,-0.164918,-0.000012,1.570790,-0.169404,1.000000,1.100000,0.000000,0.000000,-1.571000,-0.191211,0.992014,0.068373,1.012585
31.694000,0.020963,0.007986,1.031659,-0.422372,0.000010,0.015973,-0.164350,-0.000012,1.570789,-0.170956,1.000000,1.100000,0.000000,0.000000,-1.571000,-0.191919,0.992014,0.068341,1.012717
31.696000,0.020114,0.007986,1.031691,-0.424825,0.000010,0.015906,-0.163763,-0.000013,1.570789,-0.172502,1.000000,1.100000,0.000000,0.000000,-1.571000,-0.192616,0.992014,0.068309,1.012847
31.698000,0.019260,0.007986,1.031722,-0.427262,0.000009,0.015838,-0.163156,-0.000013,1.570788,-0.174040,1.000000,1.100000,0.000000,0.000000,-1.571000,-0.193300,0.992014,0.068278,1.012975
31.700000,0.018401,0.007986,1.031754,-0.429682,0.000009,0.015768,-0.162530,-0.000014,1.570788,-0.175572,1.000000,1.100000,0.000000,0.000000,-1.571000,-0.193973,0.992014,0.068246,1.013102
31.702000,0.017537,0.007986,1.031785,-0.432085,0.000009,0.015698,-0.161886,-0.000014,1.570787,-0.177097,1.000000,1.100000,0.000000,0.000000,-1.571000,-0.194634,0.992014,0.068215,1.013226
31.704000,0.016669,0.007986,1.031817,-0.434470,0.000009,0.015627,-0.161223,-0.000014,1.570787,-0.178615,1.000000,1.100000,0.000000,0.000000,-1.571000,-0.195284,0.992014,0.068183,1.013349
31.706000,0.015795,0.007986,1.031848,-0.436837,0.000008,0.015556,-0.160541,-0.000015,1.570787,-0.180126,1.000000,1.100000,0.000000,0.000000,-1.571000,-0.195921,0.992014,0.068152,1.013470
31.708000,0.014917,0.007986,1.031879,-0.439187,0.000008,0.015485,-0.159842,-0.000015,1.570786,-0.181630,1.000000,1.100000,0.000000,0.000000,-1.571000,-0.196547,0.992014,0.068121,1.013589
31.710000,0.014034,0.007986,1.031910,-0.441517,0.000008,0.015414,-0.159126,-0.000015,1.570786,-0.183127,1.000000,1.100000,0.000000,0.000000,-1.571000,-0.197161,0.992014,0.068090,1.013706
31.712000,0.013147,0.007986,1.031941,-0.443829,0.000007,0.015344,-0.158394,-0.000015,1.570786,-0.184616,1.000000,1.100000,0.000000,0.000000,-1.571000,-0.197763,0.992014,0.068059,1.013822
31.714000,0.012255,0.007986,1.031971,-0.446122,0.000007,0.015274,-0.157647,-0.000016,1.570785,-0.186098,1.000000,1.100000,0.000000,0.000000,-1.571000,-0.198353,0.992014,0.068029,1.013935
31.716000,0.011358,0.007986,1.032002,-0.448396,0.000007,0.015205,-0.156885,-0.000016,1.570785,-0.187573,1.000000,1.100000,0.000000,0.000000,-1.571000,-0.198931,0.992014,0.067998,1.014046
31.718000,0.010457,0.007986,1.032032,-0.450651,0.000007,0.015138,-0.156110,-0.000016,1.570785,-0.189040,1.000000,1.100000,0.000000,0.000000,-1.571000,-0.199497,0.992014,0.067968,1.014155
31.720000,0.009552,0.007986,1.032062,-0.452886,0.000006,0.015072,-0.155322,-0.000016,1.570785,-0.190500,1.000000,1.100000,0.000000,0.000000,-1.571000,-0.200052,0.992014,0.067938,1.014262
31.722000,0.008642,0.007986,1.032092,-0.455101,0.000006,0.015007,-0.154524,-0.000016,1.570785,-0.191952,1.000000,1.100000,0.000000,0.000000,-1.571000,-0.200594,0.992014,0.067908,1.014367
31.724000,0.007727,0.007986,1.032122,-0.457296,0.000006,0.014944,-0.153715,-0.000017,1.570785,-0.193397,1.000000,1.100000,0.000000,0.000000,-1.571000,-0.201125,0.992014,0.067878,1.014470
31.726000,0.006809,0.007986,1.032152,-0.459472,0.000005,0.014882,-0.152898,-0.000017,1.570785,-0.194834,1.000000,1.100000,0.000000,0.000000,-1.571000,-0.201643,0.992014,0.067848,1.014571
31.728000,0.005885,0.007986,1.032182,-0.461627,0.000005,0.014822,-0.152073,-0.000017,1.570786,-0.196264,1.000000,1.100000,0.000000,0.000000,-1.571000,-0.202149,0.992014,0.067818,1.014670
31.730000,0.004958,0.007986,1.032211,-0.463762,0.000005,0.014764,-0.151242,-0.000017,1.570786,-0.197686,1.000000,1.100000,0.000000,0.000000,-1.571000,-0.202644,0.992014,0.067789,1.014767
31.732000,0.004026,0.007986,1.032241,-0.465876,0.000004,0.014708,-0.150405,-0.000017,1.570786,-0.199100,1.000000,1.100000,0.000000,0.000000,-1.571000,-0.203126,0.992014,0.067759,1.014861
31.734000,0.003091,0.007986,1.032270,-0.467970,0.000004,0.014654,-0.149565,-0.000017,1.570787,-0.200506,1.000000,1.100000,0.000000,0.000000,-1.571000,-0.203596,0.992014,0.067730,1.014953
31.736000,0.002151,0.007986,1.032299,-0.470044,0.000004,0.014601,-0.148723,-0.000017,1.570787,-0.201904,1.000000,1.100000,0.000000,0.000000,-1.571000,-0.204054,0.992014,0.067701,1.015043
31.738000,0.001206,0.007986,1.032329,-0.472097,0.000004,0.014551,-0.147879,-0.000017,1.570788,-0.203294,1.000000,1.100000,0.000000,0.000000,-1.571000,-0.204500,0.992014,0.067671,1.015131
31.740000,0.000258,0.007986,1.032358,-0.474130,0.000003,0.014503,-0.147035,-0.000017,1.570789,-0.204676,1.000000,1.100000,0.000000,0.000000,-1.571000,-0.204934,0.992014,0.067642,1.015217
31.742000,-0.000694,0.007986,1.032387,-0.476143,0.000003,0.014457,-0.146192,-0.000017,1.570789,-0.206050,1.000000,1.100000,0.000000,0.000000,-1.571000,-0.205356,0.992014,0.067613,1.015300
31.744000,-0.001650,0.007986,1.032415,-0.478135,0.000003,0.014413,-0.145352,-0.000017,1.570790,-0.207416,1.000000,1.100000,0.000000,0.000000,-1.571000,-0.205766,0.992014,0.067585,1.015381
31.746000,-0.002610,0.007986,1.032444,-0.480107,0.000002,0.014372,-0.144516,-0.000017,1.570791,-0.208774,1.000000,1.100000,0.000000,0.000000,-1.571000,-0.206163,0.992014,0.067556,1.015460
31.748000,-0.003574,0.007986,1.032473,-0.482059,0.000002,0.014332,-0.143684,-0.000017,1.570792,-0.210123,1.000000,1.100000,0.000000,0.000000,-1.571000,-0.206549,0.992014,0.067527,1.015536
31.750000,-0.004542,0.007986,1.032502,-0.483991,0.000002,0.014294,-0.142859,-0.000017,1.570793,-0.211465,1.000000,1.100000,0.000000,0.000000,-1.571000,-0.206922,0.992014,0.067498,1.015610
31.752000,-0.005514,0.007986,1.032530,-0.485904,0.000001,0.014259,-0.142041,-0.000017,1.570795,-0.212797,1.000000,1.100000,0.000000,0.000000,-1.571000,-0.207283,0.992014,0.067470,1.015682
31.754000,-0.006490,0.007986,1.032559,-0.487797,0.000001,0.014226,-0.141231,-0.000017,1.570796,-0.214122,1.000000,1.100000,0.000000,0.000000,-1.571000,-0.207632,0.992014,0.067441,1.015751
31.756000,-0.007469,0.007986,1.032587,-0.489671,0.000001,0.014195,-0.140430,-0.000017,1.570797,-0.215438,1.000000,1.100000,0.000000,0.000000,-1.571000,-0.207969,0.992014,0.067413,1.015818
31.758000,-0.008452,0.007986,1.032615,-0.491525,0.000000,0.014166,-0.139640,-0.000017,1.570799,-0.216745,1.000000,1.100000,0.000000,0.000000,-1.571000,-0.208293,0.992014,0.067385,1.015883
31.760000,-0.009439,0.007986,1.032644,-0.493361,-0.000000,0.014139,-0.138861,-0.000017,1.570801,-0.218044,1.000000,1.100000,0.000000,0.000000,-1.571000,-0.208605,0.992014,0.067356,1.015945
31.762000,-0.010430,0.007986,1.032672,-0.495177,-0.000000,0.014110,-0.138093,-0.000016,1.570802,-0.219335,1.000000,1.100000,0.000000,0.000000,-1.571000,-0.208905,0.992014,0.067328,1.016005
31.764000,-0.011424,0.007986,1.032700,-0.496974,-0.000001,0.014075,-0.137333,-0.000016,1.570804,-0.220616,1.000000,1.100000,0.000000,0.000000,-1.571000,-0.209193,0.992014,0.067300,1.016062
31.766000,-0.012421,0.007986,1.032728,-0.498752,-0.000001,0.014036,-0.136580,-0.000016,1.570806,-0.221889,1.000000,1.100000,0.000000,0.000000,-1.571000,-0.209468,0.992014,0.067272,1.016117
31.768000,-0.013422,0.007986,1.032756,-0.500511,-0.000001,0.013992,-0.135830,-0.000016,1.570808,-0.223154,1.000000,1.100000,0.000000,0.000000,-1.571000,-0.209731,0.992014,0.067244,1.016169
31.770000,-0.014427,0.007986,1.032784,-0.502251,-0.000002,0.013944,-0.135082,-0.000016,1.570809,-0.224409,1.000000,1.100000,0.000000,0.000000,-1.571000,-0.209982,0.992014,0.067216,1.016219
31.772000,-0.015435,0.007986,1.032812,-0.503973,-0.000002,0.013893,-0.134335,-0.000015,1.570811,-0.225655,1.000000,1.100000,0.000000,0.000000,-1.571000,-0.210220,0.992014,0.067188,1.016267
31.774000,-0.016447,0.007986,1.032840,-0.505676,-0.000002,0.013839,-0.133586,-0.000015,1.570812,-0.226893,1.000000,1.100000,0.000000,0.000000,-1.571000,-0.210446,0.992014,0.067160,1.016312
31.776000,-0.017462,0.007986,1.032868,-0.507361,-0.000003,0.013783,-0.132835,-0.000015,1.570814,-0.228122,1.000000,1.100000,0.000000,0.000000,-1.571000,-0.210660,0.992014,0.067132,1.016354
31.778000,-0.018480,0.007986,1.032895,-0.509028,-0.000003,0.013726,-0.132080,-0.000015,1.570815,-0.229341,1.000000,1.100000,0.000000,0.000000,-1.571000,-0.210862,0.992014,0.067105,1.016394
31.780000,-0.019501,0.007986,1.032922,-0.510676,-0.000003,0.013666,-0.131321,-0.000015,1.570817,-0.230552,1.000000,1.100000,0.000000,0.000000,-1.571000,-0.211051,0.992014,0.067078,1.016432
31.782000,-0.020526,0.007986,1.032950,-0.512306,-0.000004,0.013606,-0.130557,-0.000015,1.570818,-0.231754,1.000000,1.100000,0.000000,0.000000,-1.571000,-0.211227,0.992014,0.067050,1.016467
31.784000,-0.021554,0.007986,1.032977,-0.513917,-0.000004,0.013544,-0.129787,-0.000014,1.570819,-0.232946,1.000000,1.100000,0.000000,0.000000,-1.571000,-0.211392,0.992014,0.067023,1.016499
31.786000,-0.022586,0.007986,1.033004,-0.515511,-0.000004,0.013482,-0.129011,-0.000014,1.570820,-0.234129,1.000000,1.100000,0.000000,0.000000,-1.571000,-0.211544,0.992014,0.066996,1.016529
31.788000,-0.023620,0.007986,1.033031,-0.517085,-0.000005,0.013420,-0.128228,-0.000014,1.570821,-0.235303,1.000000,1.100000,0.000000,0.000000,-1.571000,-0.211683,0.992014,0.066969,1.016556
31.790000,-0.024658,0.007986,1.033058,-0.518641,-0.000005,0.013358,-0.127439,-0.000014,1.570822,-0.236468,1.000000,1.100000,0.000000,0.000000,-1.571000,-0.211810,0.992014,0.066942,1.016581
31.792000,-0.025698,0.007986,1.033084,-0.520179,-0.000005,0.013295,-0.126644,-0.000014,1.570823,-0.237623,1.000000,1.100000,0.000000,0.000000,-1.571000,-0.211925,0.992014,0.066916,1.016603
31.794000,-0.026742,0.007986,1.033111,-0.521698,-0.000006,0.013233,-0.125842,-0.000014,1.570824,-0.238769,1.000000,1.100000,0.000000,0.000000,-1.571000,-0.212027,0.992014,0.066889,1.016623
31.796000,-0.027789,0.007986,1.033137,-0.523198,-0.000006,0.013172,-0.125033,-0.000014,1.570824,-0.239905,1.000000,1.100000,0.000000,0.000000,-1.571000,-0.212117,0.992014,0.066863,1.016640
31.798000,-0.028838,0.007986,1.033163,-0.524679,-0.000006,0.013111,-0.124219,-0.000014,1.570825,-0.241032,1.000000,1.100000,0.000000,0.000000,-1.571000,-0.212194,0.992014,0.066837,1.016654
31.800000,-0.029891,0.007986,1.033190,-0.526142,-0.000007,0.013051,-0.123398,-0.000014,1.570825,-0.242150,1.000000,1.100000,0.000000,0.000000,-1.571000,-0.212259,0.992014,0.066810,1.016666
31.802000,-0.030946,0.007986,1.033216,-0.527585,-0.000007,0.012991,-0.122573,-0.000014,1.570825,-0.243258,1.000000,1.100000,0.000000,0.000000,-1.571000,-0.212312,0.992014,0.066784,1.016675
31.804000,-0.032005,0.007986,1.033242,-0.529010,-0.000007,0.012933,-0.121742,-0.000014,1.570825,-0.244356,1.000000,1.100000,0.000000,0.000000,-1.571000,-0.212352,0.992014,0.066758,1.016682
31.806000,-0.033066,0.007986,1.033267,-0.530416,-0.000008,0.012876,-0.120907,-0.000014,1.570825,-0.245445,1.000000,1.100000,0.000000,0.000000,-1.571000,-0.212379,0.992014,0.066733,1.016686
31.808000,-0.034130,0.007986,1.033293,-0.531802,-0.000008,0.012820,-0.120069,-0.000014,1.570825,-0.246524,1.000000,1.100000,0.000000,0.000000,-1.571000,-0.212394,0.992014,0.066707,1.016687
31.810000,-0.035197,0.007986,1.033319,-0.533170,-0.000008,0.012765,-0.119227,-0.000014,1.570825,-0.247593,1.000000,1.100000,0.000000,0.000000,-1.571000,-0.212397,0.992014,0.066681,1.016686
31.812000,-0.036266,0.007986,1.033344,-0.534518,-0.000009,0.012712,-0.118383,-0.000014,1.570825,-0.248653,1.000000,1.100000,0.000000,0.000000,-1.571000,-0.212387,0.992014,0.066656,1.016682
31.814000,-0.037338,0.007986,1.033369,-0.535848,-0.000009,0.012660,-0.117538,-0.000014,1.570825,-0.249702,1.000000,1.100000,0.000000,0.000000,-1.571000,-0.212364,0.992014,0.066631,1.016676
31.816000,-0.038413,0.007986,1.033395,-0.537158,-0.000009,0.012609,-0.116691,-0.000014,1.570825,-0.250742,1.000000,1.100000,0.000000,0.000000,-1.571000,-0.212329,0.992014,0.066605,1.016667
31.818000,-0.039490,0.007986,1.033420,-0.538449,-0.000010,0.012560,-0.115844,-0.000014,1.570825,-0.251772,1.000000,1.100000,0.000000,0.000000,-1.571000,-0.212282,0.992014,0.066580,1.016656
31.820000,-0.040570,0.007986,1.033445,-0.539721,-0.000010,0.012512,-0.114998,-0.000014,1.570824,-0.252792,1.000000,1.100000,0.000000,0.000000,-1.571000,-0.212222,0.992014,0.066555,1.016642
31.822000,-0.041652,0.007986,1.033470,-0.540974,-0.000010,0.012463,-0.114152,-0.000014,1.570824,-0.253802,1.000000,1.100000,0.000000,0.000000,-1.571000,-0.212150,0.992014,0.066530,1.016625
31.824000,-0.042737,0.007986,1.033495,-0.542207,-0.000011,0.012410,-0.113303,-0.000014,1.570824,-0.254802,1.000000,1.100000,0.000000,0.000000,-1.571000,-0.212065,0.992014,0.066505,1.016605
31.826000,-0.043825,0.007986,1.033520,-0.543421,-0.000011,0.012353,-0.112447,-0.000013,1.570824,-0.255792,1.000000,1.100000,0.000000,0.000000,-1.571000,-0.211967,0.992014,0.066480,1.016584
31.828000,-0.044914,0.007986,1.033544,-0.544615,-0.000011,0.012292,-0.111581,-0.000013,1.570823,-0.256772,1.000000,1.100000,0.000000,0.000000,-1.571000,-0.211857,0.992014,0.066456,1.016559
31.830000,-0.046006,0.007986,1.033569,-0.545790,-0.000011,0.012229,-0.110703,-0.000013,1.570823,-0.257742,1.000000,1.100000,0.000000,0.000000,-1.571000,-0.211735,0.992014,0.066431,1.016532
31.832000,-0.047101,0.007986,1.033593,-0.546944,-0.000012,0.012164,-0.109811,-0.000013,1.570822,-0.258701,1.000000,1.100000,0.000000,0.000000,-1.571000,-0.211600,0.992014,0.066407,1.016502
31.834000,-0.048198,0.007986,1.033617,-0.548079,-0.000012,0.012097,-0.108902,-0.000013,1.570821,-0.259650,1.000000,1.100000,0.000000,0.000000,-1.571000,-0.211453,0.992014,0.066383,1.016470
31.836000,-0.049297,0.007986,1.033642,-0.549193,-0.000012,0.012029,-0.107976,-0.000013,1.570820,-0.260589,1.000000,1.100000,0.000000,0.000000,-1.571000,-0.211293,0.992014,0.066358,1.016435
31.838000,-0.050398,0.007986,1.033665,-0.550287,-0.000013,0.011960,-0.107032,-0.000013,1.570820,-0.261518,1.000000,1.100000,0.000000,0.000000,-1.571000,-0.211121,0.992014,0.066335,1.016398
31.840000,-0.051501,0.007986,1.033689,-0.551360,-0.000013,0.011890,-0.106067,-0.000013,1.570819,-0.262437,1.000000,1.100000,0.000000,0.000000,-1.571000,-0.210936,0.992014,0.066311,1.016358
31.842000,-0.052606,0.007986,1.033713,-0.552411,-0.000013,0.011819,-0.105083,-0.000013,1.570818,-0.263345,1.000000,1.100000,0.000000,0.000000,-1.571000,-0.210738,0.992014,0.066287,1.016316
31.844000,-0.053714,0.007986,1.033737,-0.553441,-0.000013,0.011749,-0.104077,-0.000013,1.570817,-0.264242,1.000000,1.100000,0.000000,0.000000,-1.571000,-0.210529,0.992014,0.066263,1.016271
31.846000,-0.054823,0.007985,1.033760,-0.554450,-0.000014,0.011678,-0.103051,-0.000013,1.570816,-0.265130,1.000000,1.100000,0.000000,0.000000,-1.571000,-0.210306,0.992015,0.066240,1.016223
31.848000,-0.055935,0.007985,1.033783,-0.555436,-0.000014,0.011607,-0.102004,-0.000013,1.570814,-0.266006,1.000000,1.100000,0.000000,0.000000,-1.571000,-0.210072,0.992015,0.066217,1.016173
31.850000,-0.057048,0.007985,1.033806,-0.556399,-0.000014,0.011538,-0.100936,-0.000013,1.570813,-0.266873,1.000000,1.100000,0.000000,0.000000,-1.571000,-0.209825,0.992015,0.066194,1.016120
31.852000,-0.058164,0.007985,1.033829,-0.557340,-0.000015,0.011468,-0.099848,-0.000013,1.570812,-0.267729,1.000000,1.100000,0.000000,0.000000,-1.571000,-0.209565,0.992015,0.066171,1.016065
31.854000,-0.059281,0.007985,1.033852,-0.558257,-0.000015,0.011400,-0.098740,-0.000013,1.570811,-0.268574,1.000000,1.100000,0.000000,0.000000,-1.571000,-0.209293,0.992015,0.066148,1.016008
31.856000,-0.060400,0.007985,1.033875,-0.559151,-0.000015,0.011333,-0.097613,-0.000013,1.570810,-0.269408,1.000000,1.100000,0.000000,0.000000,-1.571000,-0.209009,0.992015,0.066125,1.015948
31.858000,-0.061520,0.007985,1.033898,-0.560021,-0.000015,0.011266,-0.096468,-0.000013,1.570808,-0.270232,1.000000,1.100000,0.000000,0.000000,-1.571000,-0.208712,0.992015,0.066102,1.015885
31.860000,-0.062643,0.007985,1.033920,-0.560866,-0.000016,0.011201,-0.095306,-0.000013,1.570807,-0.271045,1.000000,1.100000,0.000000,0.000000,-1.571000,-0.208403,0.992015,0.066080,1.015821
31.862000,-0.063767,0.007985,1.033942,-0.561688,-0.000016,0.011137,-0.094127,-0.000013,1.570806,-0.271848,1.000000,1.100000,0.000000,0.000000,-1.571000,-0.208081,0.992015,0.066058,1.015753
31.864000,-0.064893,0.007985,1.033965,-0.562484,-0.000016,0.011075,-0.092934,-0.000013,1.570805,-0.272640,1.000000,1.100000,0.000000,0.000000,-1.571000,-0.207747,0.992015,0.066035,1.015683
31.866000,-0.066020,0.007985,1.033987,-0.563256,-0.000016,0.011014,-0.091727,-0.000013,1.570804,-0.273421,1.000000,1.100000,0.000000,0.000000,-1.571000,-0.207401,0.992015,0.066013,1.015611
31.868000,-0.067149,0.007985,1.034009,-0.564002,-0.000017,0.010955,-0.090508,-0.000013,1.570803,-0.274191,1.000000,1.100000,0.000000,0.000000,-1.571000,-0.207043,0.992015,0.065991,1.015537
31.870000,-0.068279,0.007985,1.034030,-0.564724,-0.000017,0.010897,-0.089279,-0.000012,1.570801,-0.274951,1.000000,1.100000,0.000000,0.000000,-1.571000,-0.206672,0.992015,0.065970,1.015460
31.872000,-0.069411,0.007985,1.034052,-0.565419,-0.000017,0.010841,-0.088040,-0.000012,1.570801,-0.275699,1.000000,1.100000,0.000000,0.000000,-1.571000,-0.206289,0.992015,0.065948,1.015381
31.874000,-0.070544,0.007985,1.034074,-0.566089,-0.000017,0.010787,-0.086793,-0.000012,1.570800,-0.276437,1.000000,1.100000,0.000000,0.000000,-1.571000,-0.205894,0.992015,0.065926,1.015299
31.876000,-0.071678,0.007985,1.034095,-0.566734,-0.000017,0.010734,-0.085540,-0.000011,1.570799,-0.277164,1.000000,1.100000,0.000000,0.000000,-1.571000,-0.205486,0.992015,0.065905,1.015215
31.878000,-0.072813,0.007985,1.034117,-0.567353,-0.000018,0.010684,-0.084283,-0.000011,1.570798,-0.277880,1.000000,1.100000,0.000000,0.000000,-1.571000,-0.205066,0.992015,0.065883,1.015129
31.880000,-0.073950,0.007985,1.034138,-0.567946,-0.000018,0.010634,-0.083023,-0.000011,1.570798,-0.278585,1.000000,1.100000,0.000000,0.000000,-1.571000,-0.204635,0.992015,0.065862,1.015040
31.882000,-0.075088,0.007985,1.034159,-0.568513,-0.000018,0.010585,-0.081761,-0.000010,1.570797,-0.279279,1.000000,1.100000,0.000000,0.000000,-1.571000,-0.204191,0.992015,0.065841,1.014950
31.884000,-0.076227,0.007985,1.034180,-0.569054,-0.000018,0.010534,-0.080494,-0.000010,1.570797,-0.279961,1.000000,1.100000,0.000000,0.000000,-1.571000,-0.203734,0.992015,0.065820,1.014857
31.886000,-0.077367,0.007985,1.034201,-0.569569,-0.000018,0.010481,-0.079220,-0.000009,1.570797,-0.280633,1.000000,1.100000,0.000000,0.000000,-1.571000,-0.203266,0.992015,0.065799,1.014761
31.888000,-0.078508,0.007985,1.034222,-0.570058,-0.000018,0.010427,-0.077938,-0.000009,1.570796,-0.281294,1.000000,1.100000,0.000000,0.000000,-1.571000,-0.202786,0.992015,0.065778,1.014664
31.890000,-0.079650,0.007985,1.034243,-0.570520,-0.000019,0.010372,-0.076646,-0.000008,1.570796,-0.281944,1.000000,1.100000,0.000000,0.000000,-1.571000,-0.202294,0.992015,0.065757,1.014564
31.892000,-0.080793,0.007985,1.034264,-0.570956,-0.000019,0.010317,-0.075342,-0.000008,1.570796,-0.282582,1.000000,1.100000,0.000000,0.000000,-1.571000,-0.201789,0.992015,0.065736,1.014463
31.894000,-0.081936,0.007985,1.034284,-0.571366,-0.000019,0.010261,-0.074027,-0.000007,1.570796,-0.283209,1.000000,1.100000,0.000000,0.000000,-1.571000,-0.201273,0.992015,0.065716,1.014359
31.896000,-0.083081,0.007985,1.034305,-0.571749,-0.000019,0.010204,-0.072700,-0.000007,1.570796,-0.283826,1.000000,1.100000,0.000000,0.000000,-1.571000,-0.200745,0.992015,0.065695,1.014253
31.898000,-0.084226,0.007985,1.034325,-0.572105,-0.000019,0.010148,-0.071359,-0.000006,1.570795,-0.284431,1.000000,1.100000,0.000000,0.000000,-1.571000,-0.200204,0.992015,0.065675,1.014145
31.900000,-0.085372,0.007985,1.034345,-0.572434,-0.000019,0.010092,-0.070006,-0.000006,1.570795,-0.285024,1.000000,1.100000,0.000000,0.000000,-1.571000,-0.199652,0.992015,0.065655,1.014035
31.902000,-0.086518,0.007985,1.034365,-0.572736,-0.000019,0.010036,-0.068641,-0.000005,1.570795,-0.285607,1.000000,1.100000,0.000000,0.000000,-1.571000,-0.199088,0.992015,0.065635,1.013922
31.904000,-0.087665,0.007984,1.034385,-0.573010,-0.000019,0.009980,-0.067263,-0.000004,1.570795,-0.286178,1.000000,1.100000,0.000000,0.000000,-1.571000,-0.198513,0.992016,0.065615,1.013808
31.906000,-0.088813,0.007984,1.034405,-0.573257,-0.000019,0.009925,-0.065873,-0.000004,1.570795,-0.286738,1.000000,1.100000,0.000000,0.000000,-1.571000,-0.197925,0.992016,0.065595,1.013692
31.908000,-0.089961,0.007984,1.034425,-0.573476,-0.000019,0.009871,-0.064471,-0.000003,1.570795,-0.287286,1.000000,1.100000,0.000000,0.000000,-1.571000,-0.197326,0.992016,0.065575,1.013574
31.910000,-0.091109,0.007984,1.034445,-0.573668,-0.000019,0.009817,-0.063060,-0.000003,1.570795,-0.287824,1.000000,1.100000,0.000000,0.000000,-1.571000,-0.196714,0.992016,0.065555,1.013454
31.912000,-0.092258,0.007984,1.034464,-0.573831,-0.000019,0.009764,-0.061639,-0.000002,1.570795,-0.288350,1.000000,1.100000,0.000000,0.000000,-1.571000,-0.196092,0.992016,0.065536,1.013332
31.914000,-0.093407,0.007984,1.034484,-0.573966,-0.000019,0.009712,-0.060209,-0.000001,1.570796,-0.288864,1.000000,1.100000,0.000000,0.000000,-1.571000,-0.195457,0.992016,0.065516,1.013208
31.916000,-0.094556,0.007984,1.034503,-0.574073,-0.000019,0.009661,-0.058773,-0.000001,1.570796,-0.289367,1.000000,1.100000,0.000000,0.000000,-1.571000,-0.194811,0.992016,0.065497,1.013083
31.918000,-0.095706,0.007984,1.034523,-0.574151,-0.000019,0.009611,-0.057330,-0.000000,1.570796,-0.289859,1.000000,1.100000,0.000000,0.000000,-1.571000,-0.194153,0.992016,0.065477,1.012955
31.920000,-0.096855,0.007984,1.034542,-0.574201,-0.000019,0.009562,-0.055883,0.000000,1.570796,-0.290339,1.000000,1.100000,0.000000,0.000000,-1.571000,-0.193484,0.992016,0.065458,1.012826
31.922000,-0.098005,0.007984,1.034561,-0.574223,-0.000019,0.009514,-0.054433,0.000001,1.570796,-0.290808,1.000000,1.100000,0.000000,0.000000,-1.571000,-0.192803,0.992016,0.065439,1.012695
31.924000,-0.099154,0.007984,1.034580,-0.574216,-0.000019,0.009468,-0.052981,0.000002,1.570797,-0.291265,1.000000,1.100000,0.000000,0.000000,-1.571000,-0.192111,0.992016,0.065420,1.012562
31.926000,-0.100304,0.007984,1.034599,-0.574181,-0.000019,0.009422,-0.051528,0.000002,1.570797,-0.291711,1.000000,1.100000,0.000000,0.000000,-1.571000,-0.191407,0.992016,0.065401,1.012428
31.928000,-0.101453,0.007984,1.034617,-0.574117,-0.000019,0.009377,-0.050077,0.000003,1.570798,-0.292145,1.000000,1.100000,0.000000,0.000000,-1.571000,-0.190692,0.992016,0.065383,1.012291
31.930000,-0.102603,0.007984,1.034636,-0.574025,-0.000019,0.009334,-0.048628,0.000004,1.570798,-0.292568,1.000000,1.100000,0.000000,0.000000,-1.571000,-0.189965,0.992016,0.065364,1.012154
31.932000,-0.103752,0.007984,1.034655,-0.573905,-0.000019,0.009291,-0.047184,0.000004,1.570799,-0.292979,1.000000,1.100000,0.000000,0.000000,-1.571000,-0.189227,0.992016,0.065345,1.012014
31.934000,-0.104900,0.007984,1.034673,-0.573757,-0.000019,0.009250,-0.045745,0.000005,1.570799,-0.293379,1.000000,1.100000,0.000000,0.000000,-1.571000,-0.188478,0.992016,0.065327,1.011873
31.936000,-0.106049,0.007984,1.034692,-0.573581,-0.000018,0.009209,-0.044314,0.000005,1.570800,-0.293767,1.000000,1.100000,0.000000,0.000000,-1.571000,-0.187718,0.992016,0.065308,1.011731
31.938000,-0.107197,0.007984,1.034710,-0.573378,-0.000018,0.009170,-0.042891,0.000006,1.570800,-0.294143,1.000000,1.100000,0.000000,0.000000,-1.571000,-0.186946,0.992016,0.065290,1.011587
31.940000,-0.108344,0.007984,1.034728,-0.573147,-0.000018,0.009131,-0.041479,0.000007,1.570801,-0.294508,1.000000,1.100000,0.000000,0.000000,-1.571000,-0.186164,0.992016,0.065272,1.011441
31.942000,-0.109491,0.007984,1.034747,-0.572889,-0.000018,0.009094,-0.040079,0.000007,1.570802,-0.294861,1.000000,1.100000,0.000000,0.000000,-1.571000,-0.185370,0.992016,0.065253,1.011294
31.944000,-0.110638,0.007984,1.034765,-0.572604,-0.000018,0.009058,-0.038693,0.000008,1.570803,-0.295203,1.000000,1.100000,0.000000,0.000000,-1.571000,-0.184565,0.992016,0.065235,1.011146
31.946000,-0.111784,0.007984,1.034783,-0.572293,-0.000018,0.009022,-0.037321,0.000009,1.570804,-0.295533,1.000000,1.100000,0.000000,0.000000,-1.571000,-0.183749,0.992016,0.065217,1.010996
31.948000,-0.112929,0.007984,1.034801,-0.571955,-0.000017,0.008988,-0.035965,0.000009,1.570805,-0.295851,1.000000,1.100000,0.000000,0.000000,-1.571000,-0.182922,0.992016,0.065199,1.010845
31.950000,-0.114074,0.007984,1.034819,-0.571592,-0.000017,0.008954,-0.034627,0.000010,1.570806,-0.296158,1.000000,1.100000,0.000000,0.000000,-1.571000,-0.182084,0.992016,0.065181,1.010693
31.952000,-0.115217,0.007984,1.034837,-0.571203,-0.000017,0.008921,-0.033307,0.000011,1.570807,-0.296452,1.000000,1.100000,0.000000,0.000000,-1.571000,-0.181235,0.992016,0.065163,1.010539
31.954000,-0.116360,0.007984,1.034855,-0.570790,-0.000017,0.008889,-0.032008,0.000011,1.570808,-0.296736,1.000000,1.100000,0.000000,0.000000,-1.571000,-0.180375,0.992016,0.065145,1.010384
31.956000,-0.117502,0.007984,1.034872,-0.570351,-0.000017,0.008857,-0.030729,0.000012,1.570810,-0.297007,1.000000,1.100000,0.000000,0.000000,-1.571000,-0.179505,0.992016,0.065128,1.010228
31.958000,-0.118644,0.007983,1.034890,-0.569889,-0.000016,0.008827,-0.029473,0.000013,1.570811,-0.297267,1.000000,1.100000,0.000000,0.000000,-1.571000,-0.178623,0.992017,0.065110,1.010070
31.960000,-0.119784,0.007983,1.034908,-0.569403,-0.000016,0.008797,-0.028241,0.000013,1.570812,-0.297515,1.000000,1.100000,0.000000,0.000000,-1.571000,-0.177731,0.992017,0.065092,1.009912
31.962000,-0.120923,0.007983,1.034925,-0.568894,-0.000016,0.008767,-0.027031,0.000014,1.570814,-0.297751,1.000000,1.100000,0.000000,0.000000,-1.571000,-0.176828,0.992017,0.065075,1.009752
31.964000,-0.122061,0.007983,1.034943,-0.568362,-0.000015,0.008735,-0.025842,0.000015,1.570815,-0.297976,1.000000,1.100000,0.000000,0.000000,-1.571000,-0.175915,0.992017,0.065057,1.009592
31.966000,-0.123198,0.007983,1.034960,-0.567808,-0.000015,0.008703,-0.024670,0.000015,1.570817,-0.298188,1.000000,1.100000,0.000000,0.000000,-1.571000,-0.174990,0.992017,0.065040,1.009430
31.968000,-0.124334,0.007983,1.034977,-0.567233,-0.000015,0.008671,-0.023512,0.000016,1.570818,-0.298389,1.000000,1.100000,0.000000,0.000000,-1.571000,-0.174055,0.992017,0.065023,1.009267
31.970000,-0.125469,0.007983,1.034995,-0.566635,-0.000014,0.008637,-0.022368,0.000016,1.570819,-0.298578,1.000000,1.100000,0.000000,0.000000,-1.571000,-0.173110,0.992017,0.065005,1.009103
31.972000,-0.126602,0.007983,1.035012,-0.566017,-0.000014,0.008603,-0.021233,0.000016,1.570821,-0.298756,1.000000,1.100000,0.000000,0.000000,-1.571000,-0.172154,0.992017,0.064988,1.008939
31.974000,-0.127734,0.007983,1.035029,-0.565377,-0.000014,0.008569,-0.020107,0.000017,1.570822,-0.298921,1.000000,1.100000,0.000000,0.000000,-1.571000,-0.171187,0.992017,0.064971,1.008773
31.976000,-0.128865,0.007983,1.035046,-0.564717,-0.000013,0.008534,-0.018988,0.000017,1.570823,-0.299075,1.000000,1.100000,0.000000,0.000000,-1.571000,-0.170210,0.992017,0.064954,1.008607
31.978000,-0.129995,0.007983,1.035063,-0.564036,-0.000013,0.008499,-0.017875,0.000017,1.570824,-0.299217,1.000000,1.100000,0.000000,0.000000,-1.571000,-0.169222,0.992017,0.064937,1.008440
31.980000,-0.131123,0.007983,1.035080,-0.563334,-0.000013,0.008463,-0.016767,0.000017,1.570825,-0.299347,1.000000,1.100000,0.000000,0.000000,-1.571000,-0.168224,0.992017,0.064920,1.008271
31.982000,-0.132250,0.007983,1.035097,-0.562613,-0.000012,0.008427,-0.015662,0.000017,1.570826,-0.299466,1.000000,1.100000,0.000000,0.000000,-1.571000,-0.167216,0.992017,0.064903,1.008103
31.984000,-0.133375,0.007983,1.035114,-0.561870,-0.000012,0.008391,-0.014560,0.000017,1.570826,-0.299572,1.000000,1.100000,0.000000,0.000000,-1.571000,-0.166197,0.992017,0.064886,1.007933
31.986000,-0.134499,0.007983,1.035131,-0.561108,-0.000012,0.008355,-0.013461,0.000017,1.570827,-0.299667,1.000000,1.100000,0.000000,0.000000,-1.571000,-0.165168,0.992017,0.064869,1.007763
31.988000,-0.135621,0.007983,1.035147,-0.560326,-0.000011,0.008319,-0.012363,0.000017,1.570827,-0.299750,1.000000,1.100000,0.000000,0.000000,-1.571000,-0.164129,0.992017,0.064853,1.007592
31.990000,-0.136741,0.007983,1.035164,-0.559523,-0.000011,0.008282,-0.011266,0.000017,1.570828,-0.299821,1.000000,1.100000,0.000000,0.000000,-1.571000,-0.163080,0.992017,0.064836,1.007421
31.992000,-0.137860,0.007983,1.035181,-0.558701,-0.000011,0.008245,-0.010170,0.000017,1.570828,-0.299880,1.000000,1.100000,0.000000,0.000000,-1.571000,-0.162020,0.992017,0.064819,1.007249
31.994000,-0.138978,0.007983,1.035197,-0.557859,-0.000010,0.008209,-0.009076,0.000017,1.570828,-0.299927,1.000000,1.100000,0.000000,0.000000,-1.571000,-0.160950,0.992017,0.064803,1.007076
31.996000,-0.140093,0.007983,1.035213,-0.556997,-0.000010,0.008172,-0.007982,0.000017,1.570828,-0.299963,1.000000,1.100000,0.000000,0.000000,-1.571000,-0.159870,0.992017,0.064787,1.006903
31.998000,-0.141207,0.007983,1.035230,-0.556115,-0.000010,0.008135,-0.006890,0.000017,1.570828,-0.299987,1.000000,1.100000,0.000000,0.000000,-1.571000,-0.158780,0.992017,0.064770,1.006729
32.000000,-0.142319,0.007983,1.035246,-0.555213,-0.000009,0.008098,-0.005798,0.000017,1.570827,-0.299999,1.000000,1.100000,0.000000,0.000000,-1.571000,-0.157680,0.992017,0.064754,1.006555
32.002000,-0.143429,0.007983,1.035262,-0.554292,-0.000009,0.008061,-0.004708,0.000016,1.570827,-0.299999,1.000000,1.100000,0.000000,0.000000,-1.571000,-0.156569,0.992017,0.064738,1.006381
32.004000,-0.144537,0.007983,1.035278,-0.553351,-0.000009,0.008024,-0.003620,0.000016,1.570827,-0.299987,1.000000,1.100000,0.000000,0.000000,-1.571000,-0.155449,0.992017,0.064722,1.006206
32.006000,-0.145644,0.007983,1.035294,-0.552391,-0.000008,0.007987,-0.002534,0.000016,1.570826,-0.299963,1.000000,1.100000,0.000000,0.000000,-1.571000,-0.154319,0.992017,0.064706,1.006031
32.008000,-0.146748,0.007983,1.035310,-0.551411,-0.000008,0.007949,-0.001451,0.000016,1.570826,-0.299927,1.000000,1.100000,0.000000,0.000000,-1.571000,-0.153179,0.992017,0.064690,1.005856
32.010000,-0.147851,0.007983,1.035326,-0.550412,-0.000008,0.007912,-0.000371,0.000016,1.570825,-0.299880,1.000000,1.100000,0.000000,0.000000,-1.571000,-0.152030,0.992017,0.064674,1.005681
32.012000,-0.148951,0.007983,1.035342,-0.549394,-0.000007,0.007875,0.000705,0.000016,1.570825,-0.299821,1.000000,1.100000,0.000000,0.000000,-1.571000,-0.150870,0.992017,0.064658,1.005505
32.014000,-0.150049,0.007983,1.035357,-0.548356,-0.000007,0.007837,0.001778,0.000015,1.570824,-0.299750,1.000000,1.100000,0.000000,0.000000,-1.571000,-0.149701,0.992017,0.064643,1.005329
32.016000,-0.151145,0.007983,1.035373,-0.547300,-0.000007,0.007800,0.002845,0.000015,1.570823,-0.299667,1.000000,1.100000,0.000000,0.000000,-1.571000,-0.148521,0.992017,0.064627,1.005153
32.018000,-0.152240,0.007983,1.035389,-0.546224,-0.000006,0.007762,0.003906,0.000015,1.570822,-0.299572,1.000000,1.100000,0.000000,0.000000,-1.571000,-0.147333,0.992017,0.064611,1.004977
32.020000,-0.153331,0.007983,1.035404,-0.545130,-0.000006,0.007724,0.004961,0.000015,1.570822,-0.299466,1.000000,1.100000,0.000000,0.000000,-1.571000,-0.146134,0.992017,0.064596,1.004801
32.022000,-0.154421,0.007983,1.035420,-0.544017,-0.000006,0.007686,0.006009,0.000014,1.570821,-0.299347,1.000000,1.100000,0.000000,0.000000,-1.571000,-0.144926,0.992017,0.064580,1.004625
32.024000,-0.155509,0.007983,1.035435,-0.542886,-0.000005,0.007646,0.007049,0.000014,1.570820,-0.299217,1.000000,1.100000,0.000000,0.000000,-1.571000,-0.143709,0.992017,0.064565,1.004450
32.026000,-0.156594,0.007983,1.035450,-0.541737,-0.000005,0.007606,0.008081,0.000014,1.570819,-0.299075,1.000000,1.100000,0.000000,0.000000,-1.571000,-0.142481,0.992017,0.064550,1.004274
32.028000,-0.157677,0.007983,1.035465,-0.540570,-0.000005,0.007565,0.009104,0.000014,1.570819,-0.298921,1.000000,1.100000,0.000000,0.000000,-1.571000,-0.141245,0.992017,0.064535,1.004098
32.030000,-0.158757,0.007983,1.035480,-0.539385,-0.000005,0.007524,0.010116,0.000013,1.570818,-0.298756,1.000000,1.100000,0.000000,0.000000,-1.571000,-0.139999,0.992017,0.064520,1.003923
32.032000,-0.159835,0.007983,1.035495,-0.538182,-0.000004,0.007481,0.011117,0.000013,1.570817,-0.298578,1.000000,1.100000,0.000000,0.000000,-1.571000,-0.138743,0.992017,0.064505,1.003747
32.034000,-0.160911,0.007983,1.035510,-0.536963,-0.000004,0.007438,0.012107,0.000013,1.570817,-0.298389,1.000000,1.100000,0.000000,0.000000,-1.571000,-0.137479,0.992017,0.064490,1.003572
32.036000,-0.161984,0.007983,1.035525,-0.535726,-0.000004,0.007394,0.013085,0.000013,1.570816,-0.298188,1.000000,1.100000,0.000000,0.000000,-1.571000,-0.136205,0.992017,0.064475,1.003398
32.038000,-0.163054,0.007983,1.035540,-0.534472,-0.000004,0.007350,0.014050,0.000012,1.570815,-0.297976,1.000000,1.100000,0.000000,0.000000,-1.571000,-0.134921,0.992017,0.064460,1.003223
32.040000,-0.164123,0.007983,1.035554,-0.533202,-0.000003,0.007305,0.015000,0.000012,1.570815,-0.297751,1.000000,1.100000,0.000000,0.000000,-1.571000,-0.133629,0.992017,0.064446,1.003049
32.042000,-0.165188,0.007983,1.035569,-0.531916,-0.000003,0.007259,0.015937,0.000012,1.570815,-0.297515,1.000000,1.100000,0.000000,0.000000,-1.571000,-0.132327,0.992017,0.064431,1.002876
32.044000,-0.166251,0.007983,1.035583,-0.530614,-0.000003,0.007213,0.016858,0.000012,1.570814,-0.297267,1.000000,1.100000,0.000000,0.000000,-1.571000,-0.131016,0.992017,0.064417,1.002703
32.046000,-0.167311,0.007983,1.035598,-0.529296,-0.000003,0.007167,0.017764,0.000012,1.570814,-0.297007,1.000000,1.100000,0.000000,0.000000,-1.571000,-0.129696,0.992017,0.064402,1.002530
32.048000,-0.168369,0.007983,1.035612,-0.527964,-0.000002,0.007120,0.018654,0.000011,1.570814,-0.296736,1.000000,1.100000,0.000000,0.000000,-1.571000,-0.128367,0.992017,0.064388,1.002358
32.050000,-0.169424,0.007983,1.035626,-0.526616,-0.000002,0.007072,0.019526,0.000011,1.570813,-0.296452,1.000000,1.100000,0.000000,0.000000,-1.571000,-0.127029,0.992017,0.064374,1.002187
32.052000,-0.170476,0.007983,1.035640,-0.525254,-0.000002,0.007024,0.020381,0.000011,1.570813,-0.296158,1.000000,1.100000,0.000000,0.000000,-1.571000,-0.125681,0.992017,0.064360,1.002016
32.054000,-0.171526,0.007983,1.035654,-0.523878,-0.000002,0.006976,0.021218,0.000011,1.570813,-0.295851,1.000000,1.100000,0.000000,0.000000,-1.571000,-0.124325,0.992017,0.064346,1.001846
32.056000,-0.172572,0.007983,1.035668,-0.522488,-0.000001,0.006927,0.022037,0.000011,1.570813,-0.295533,1.000000,1.100000,0.000000,0.000000,-1.571000,-0.122960,0.992017,0.064332,1.001677
32.058000,-0.173616,0.007983,1.035682,-0.521085,-0.000001,0.006877,0.022837,0.000011,1.570813,-0.295203,1.000000,1.100000,0.000000,0.000000,-1.571000,-0.121587,0.992017,0.064318,1.001508
32.060000,-0.174657,0.007983,1.035696,-0.519669,-0.000001,0.006828,0.023618,0.000010,1.570813,-0.294861,1.000000,1.100000,0.000000,0.000000,-1.571000,-0.120204,0.992017,0.064304,1.001340
32.062000,-0.175696,0.007983,1.035709,-0.518241,-0.000001,0.006777,0.024379,0.000010,1.570814,-0.294508,1.000000,1.100000,0.000000,0.000000,-1.571000,-0.118812,0.992017,0.064291,1.001173
32.064000,-0.176731,0.007983,1.035723,-0.516800,-0.000001,0.006727,0.025120,0.000010,1.570814,-0.294143,1.000000,1.100000,0.000000,0.000000,-1.571000,-0.117412,0.992017,0.064277,1.001007
32.066000,-0.177763,0.007983,1.035736,-0.515348,-0.000000,0.006676,0.025841,0.000010,1.570814,-0.293767,1.000000,1.100000,0.000000,0.000000,-1.571000,-0.116003,0.992017,0.064264,1.000842
32.068000,-0.178793,0.007983,1.035750,-0.513884,-0.000000,0.006625,0.026541,0.000010,1.570814,-0.293379,1.000000,1.100000,0.000000,0.000000,-1.571000,-0.114586,0.992017,0.064250,1.000678
32.070000,-0.179820,0.007983,1.035763,-0.512409,0.000000,0.006573,0.027221,0.000009,1.570815,-0.292979,1.000000,1.100000,0.000000,0.000000,-1.571000,-0.113160,0.992017,0.064237,1.000515
32.072000,-0.180843,0.007983,1.035776,-0.510925,0.000000,0.006521,0.027879,0.000009,1.570815,-0.292568,1.000000,1.100000,0.000000,0.000000,-1.571000,-0.111725,0.992017,0.064224,1.000353
32.074000,-0.181864,0.007983,1.035789,-0.509430,0.000000,0.006469,0.028517,0.000009,1.570816,-0.292145,1.000000,1.100000,0.000000,0.000000,-1.571000,-0.110281,0.992017,0.064211,1.000192
32.076000,-0.182881,0.007983,1.035802,-0.507925,0.000001,0.006416,0.029134,0.000009,1.570816,-0.291711,1.000000,1.100000,0.000000,0.000000,-1.571000,-0.108830,0.992017,0.064198,1.000032
32.078000,-0.183896,0.007983,1.035814,-0.506411,0.000001,0.006363,0.029730,0.000009,1.570816,-0.291265,1.000000,1.100000,0.000000,0.000000,-1.571000,-0.107369,0.992017,0.064186,0.999873
32.080000,-0.184908,0.007983,1.035827,-0.504889,0.000001,0.006310,0.030305,0.000009,1.570817,-0.290808,1.000000,1.100000,0.000000,0.000000,-1.571000,-0.105900,0.992017,0.064173,0.999716
32.082000,-0.185916,0.007983,1.035840,-0.503358,0.000001,0.006268,0.030863,0.000008,1.570817,-0.290339,1.000000,1.100000,0.000000,0.000000,-1.571000,-0.104423,0.992017,0.064160,0.999559
32.084000,-0.186921,0.007983,1.035852,-0.501818,0.000001,0.006248,0.031416,0.000008,1.570817,-0.289859,1.000000,1.100000,0.000000,0.000000,-1.571000,-0.102937,0.992017,0.064148,0.999405
32.086000,-0.187924,0.007983,1.035865,-0.500270,0.000001,0.006248,0.031976,0.000008,1.570817,-0.289367,1.000000,1.100000,0.000000,0.000000,-1.571000,-0.101443,0.992017,0.064135,0.999251
32.088000,-0.188923,0.007983,1.035877,-0.498713,0.000002,0.006266,0.032553,0.000008,1.570817,-0.288864,1.000000,1.100000,0.000000,0.000000,-1.571000,-0.099941,0.992017,0.064123,0.999099
32.090000,-0.189919,0.007983,1.035890,-0.497146,0.000002,0.006300,0.033158,0.000008,1.570817,-0.288350,1.000000,1.100000,0.000000,0.000000,-1.571000,-0.098431,0.992017,0.064110,0.998948
32.092000,-0.190912,0.007983,1.035902,-0.495570,0.000002,0.006349,0.033799,0.000008,1.570816,-0.287824,1.000000,1.100000,0.000000,0.000000,-1.571000,-0.096912,0.992017,0.064098,0.998799
32.094000,-0.191902,0.007983,1.035915,-0.493984,0.000002,0.006411,0.034483,0.000008,1.570815,-0.287286,1.000000,1.100000,0.000000,0.000000,-1.571000,-0.095385,0.992017,0.064085,0.998651
32.096000,-0.192888,0.007983,1.035928,-0.492387,0.000002,0.006485,0.035217,0.000008,1.570814,-0.286738,1.000000,1.100000,0.000000,0.000000,-1.571000,-0.093850,0.992017,0.064072,0.998505
32.098000,-0.193872,0.007983,1.035941,-0.490777,0.000002,0.006570,0.036007,0.000008,1.570812,-0.286178,1.000000,1.100000,0.000000,0.000000,-1.571000,-0.092306,0.992017,0.064059,0.998360
32.100000,-0.194852,0.007983,1.035955,-0.489155,0.000003,0.006665,0.036859,0.000008,1.570810,-0.285607,1.000000,1.100000,0.000000,0.000000,-1.571000,-0.090755,0.992017,0.064045,0.998217
32.102000,-0.195829,0.007983,1.035968,-0.487517,0.000003,0.006767,0.037775,0.000008,1.570807,-0.285024,1.000000,1.100000,0.000000,0.000000,-1.571000,-0.089196,0.992017,0.064032,0.998075
32.104000,-0.196802,0.007983,1.035982,-0.485865,0.000003,0.006878,0.038761,0.000008,1.570804,-0.284431,1.000000,1.100000,0.000000,0.000000,-1.571000,-0.087628,0.992017,0.064018,0.997936
32.106000,-0.197772,0.007983,1.035996,-0.484195,0.000003,0.006995,0.039818,0.000008,1.570801,-0.283826,1.000000,1.100000,0.000000,0.000000,-1.571000,-0.086053,0.992017,0.064004,0.997798
32.108000,-0.198739,0.007983,1.036010,-0.482507,0.000003,0.007118,0.040949,0.000009,1.570798,-0.283209,1.000000,1.100000,0.000000,0.000000,-1.571000,-0.084470,0.992017,0.063990,0.997661
32.110000,-0.199703,0.007983,1.036024,-0.480799,0.000003,0.007246,0.042156,0.000009,1.570794,-0.282582,1.000000,1.100000,0.000000,0.000000,-1.571000,-0.082880,0.992017,0.063976,0.997527
32.112000,-0.200663,0.007983,1.036039,-0.479070,0.000004,0.007378,0.043440,0.000009,1.570790,-0.281944,1.000000,1.100000,0.000000,0.000000,-1.571000,-0.081281,0.992017,0.063961,0.997395
32.114000,-0.201619,0.007983,1.036054,-0.477318,0.000004,0.007515,0.044801,0.000010,1.570786,-0.281294,1.000000,1.100000,0.000000,0.000000,-1.571000,-0.079675,0.992017,0.063946,0.997264
32.116000,-0.202572,0.007983,1.036069,-0.475541,0.000004,0.007654,0.046239,0.000010,1.570781,-0.280633,1.000000,1.100000,0.000000,0.000000,-1.571000,-0.078061,0.992017,0.063931,0.997135
32.118000,-0.203521,0.007983,1.036085,-0.473740,0.000004,0.007796,0.047754,0.000010,1.570776,-0.279961,1.000000,1.100000,0.000000,0.000000,-1.571000,-0.076440,0.992017,0.063915,0.997009
32.120000,-0.204467,0.007983,1.036101,-0.471911,0.000004,0.007941,0.049345,0.000011,1.570772,-0.279279,1.000000,1.100000,0.000000,0.000000,-1.571000,-0.074812,0.992017,0.063899,0.996884
32.122000,-0.205409,0.007983,1.036117,-0.470053,0.000004,0.008087,0.051010,0.000011,1.570767,-0.278585,1.000000,1.100000,0.000000,0.000000,-1.571000,-0.073176,0.992017,0.063883,0.996762
32.124000,-0.206347,0.007983,1.036133,-0.468166,0.000005,0.008234,0.052748,0.000012,1.570762,-0.277880,1.000000,1.100000,0.000000,0.000000,-1.571000,-0.071533,0.992017,0.063867,0.996641
32.126000,-0.207282,0.007983,1.036150,-0.466247,0.000005,0.008382,0.054556,0.000012,1.570757,-0.277164,1.000000,1.100000,0.000000,0.000000,-1.571000,-0.069882,0.992017,0.063850,0.996523
32.128000,-0.208212,0.007983,1.036167,-0.464296,0.000005,0.008531,0.056432,0.000012,1.570752,-0.276437,1.000000,1.100000,0.000000,0.000000,-1.571000,-0.068225,0.992017,0.063833,0.996407
32.130000,-0.209139,0.007983,1.036184,-0.462311,0.000005,0.008679,0.058374,0.000013,1.570747,-0.275699,1.000000,1.100000,0.000000,0.000000,-1.571000,-0.066561,0.992017,0.063816,0.996294
32.132000,-0.210061,0.007983,1.036202,-0.460291,0.000005,0.008827,0.060378,0.000013,1.570742,-0.274951,1.000000,1.100000,0.000000,0.000000,-1.571000,-0.064890,0.992017,0.063798,0.996182
32.134000,-0.210980,0.007983,1.036220,-0.458234,0.000006,0.008975,0.062440,0.000014,1.570737,-0.274191,1.000000,1.100000,0.000000,0.000000,-1.571000,-0.063212,0.992017,0.063780,0.996073
32.136000,-0.211894,0.007983,1.036238,-0.456140,0.000006,0.009121,0.064558,0.000014,1.570733,-0.273421,1.000000,1.100000,0.000000,0.000000,-1.571000,-0.061527,0.992017,0.063762,0.995966
32.138000,-0.212804,0.007983,1.036256,-0.454008,0.000006,0.009266,0.066728,0.000014,1.570728,-0.272640,1.000000,1.100000,0.000000,0.000000,-1.571000,-0.059836,0.992017,0.063744,0.995862
32.140000,-0.213709,0.007983,1.036275,-0.451837,0.000006,0.009410,0.068946,0.000015,1.570724,-0.271848,1.000000,1.100000,0.000000,0.000000,-1.571000,-0.058139,0.992017,0.063725,0.995760
32.142000,-0.214611,0.007983,1.036294,-0.449626,0.000006,0.009551,0.071207,0.000015,1.570720,-0.271045,1.000000,1.100000,0.000000,0.000000,-1.571000,-0.056435,0.992017,0.063706,0.995661
32.144000,-0.215507,0.007983,1.036314,-0.447374,0.000006,0.009690,0.073508,0.000015,1.570717,-0.270232,1.000000,1.100000,0.000000,0.000000,-1.571000,-0.054725,0.992017,0.063686,0.995565
32.146000,-0.216400,0.007983,1.036333,-0.445080,0.000007,0.009827,0.075845,0.000016,1.570713,-0.269408,1.000000,1.100000,0.000000,0.000000,-1.571000,-0.053009,0.992017,0.063667,0.995470
32.148000,-0.217287,0.007983,1.036353,-0.442744,0.000007,0.009960,0.078213,0.000016,1.570710,-0.268574,1.000000,1.100000,0.000000,0.000000,-1.571000,-0.051286,0.992017,0.063647,0.995379
32.150000,-0.218170,0.007983,1.036373,-0.440366,0.000007,0.010091,0.080607,0.000016,1.570708,-0.267729,1.000000,1.100000,0.000000,0.000000,-1.571000,-0.049558,0.992017,0.063627,0.995290
32.152000,-0.219048,0.007983,1.036394,-0.437945,0.000007,0.010219,0.083025,0.000016,1.570706,-0.266873,1.000000,1.100000,0.000000,0.000000,-1.571000,-0.047825,0.992017,0.063606,0.995204
32.154000,-0.219921,0.007983,1.036414,-0.435480,0.000007,0.010343,0.085460,0.000016,1.570704,-0.266006,1.000000,1.100000,0.000000,0.000000,-1.571000,-0.046085,0.992017,0.063586,0.995120
32.156000,-0.220789,0.007983,1.036435,-0.432972,0.000007,0.010464,0.087908,0.000017,1.570703,-0.265130,1.000000,1.100000,0.000000,0.000000,-1.571000,-0.044341,0.992017,0.063565,0.995040
32.158000,-0.221652,0.007983,1.036456,-0.430420,0.000008,0.010580,0.090366,0.000017,1.570702,-0.264242,1.000000,1.100000,0.000000,0.000000,-1.571000,-0.042590,0.992017,0.063544,0.994962
32.160000,-0.222510,0.007983,1.036478,-0.427825,0.000008,0.010693,0.092828,0.000017,1.570702,-0.263345,1.000000,1.100000,0.000000,0.000000,-1.571000,-0.040835,0.992017,0.063522,0.994887
32.162000,-0.223363,0.007983,1.036499,-0.425185,0.000008,0.010804,0.095291,0.000017,1.570702,-0.262437,1.000000,1.100000,0.000000,0.000000,-1.571000,-0.039074,0.992017,0.063501,0.994815
32.164000,-0.224210,0.007983,1.036521,-0.422502,0.000008,0.010915,0.097751,0.000017,1.570702,-0.261518,1.000000,1.100000,0.000000,0.000000,-1.571000,-0.037309,0.992017,0.063479,0.994746
32.166000,-0.225051,0.007983,1.036543,-0.419774,0.000008,0.011025,0.100205,0.000016,1.570703,-0.260589,1.000000,1.100000,0.000000,0.000000,-1.571000,-0.035538,0.992017,0.063457,0.994680
32.168000,-0.225888,0.007983,1.036565,-0.417003,0.000008,0.011135,0.102650,0.000016,1.570705,-0.259650,1.000000,1.100000,0.000000,0.000000,-1.571000,-0.033763,0.992017,0.063435,0.994616
32.170000,-0.226718,0.007983,1.036588,-0.414188,0.000008,0.011243,0.105081,0.000016,1.570707,-0.258701,1.000000,1.100000,0.000000,0.000000,-1.571000,-0.031983,0.992017,0.063412,0.994556
32.172000,-0.227543,0.007983,1.036610,-0.411331,0.000009,0.011349,0.107496,0.000016,1.570709,-0.257742,1.000000,1.100000,0.000000,0.000000,-1.571000,-0.030198,0.992017,0.063390,0.994499
32.174000,-0.228362,0.007983,1.036633,-0.408431,0.000009,0.011453,0.109891,0.000015,1.570712,-0.256772,1.000000,1.100000,0.000000,0.000000,-1.571000,-0.028409,0.992017,0.063367,0.994445
32.176000,-0.229176,0.007983,1.036656,-0.405489,0.000009,0.011555,0.112264,0.000015,1.570715,-0.255792,1.000000,1.100000,0.000000,0.000000,-1.571000,-0.026616,0.992017,0.063344,0.994393
32.178000,-0.229983,0.007983,1.036680,-0.402505,0.000009,0.011653,0.114612,0.000014,1.570718,-0.254802,1.000000,1.100000,0.000000,0.000000,-1.571000,-0.024819,0.992017,0.063320,0.994345
32.180000,-0.230784,0.007983,1.036703,-0.399481,0.000009,0.011749,0.116930,0.000014,1.570722,-0.253802,1.000000,1.100000,0.000000,0.000000,-1.571000,-0.023018,0.992017,0.063297,0.994301
32.182000,-0.231579,0.007983,1.036727,-0.396417,0.000009,0.011840,0.119217,0.000013,1.570726,-0.252792,1.000000,1.100000,0.000000,0.000000,-1.571000,-0.021213,0.992017,0.063273,0.994259
32.184000,-0.232368,0.007983,1.036751,-0.393313,0.000009,0.011928,0.121471,0.000013,1.570731,-0.251772,1.000000,1.100000,0.000000,0.000000,-1.571000,-0.019404,0.992017,0.063249,0.994220
32.186000,-0.233151,0.007983,1.036775,-0.390171,0.000009,0.012011,0.123687,0.000012,1.570736,-0.250742,1.000000,1.100000,0.000000,0.000000,-1.571000,-0.017591,0.992017,0.063225,0.994185
32.188000,-0.233927,0.007983,1.036799,-0.386991,0.000009,0.012091,0.125864,0.000011,1.570741,-0.249702,1.000000,1.100000,0.000000,0.000000,-1.571000,-0.015775,0.992017,0.063201,0.994153
32.190000,-0.234697,0.007983,1.036823,-0.383774,0.000009,0.012166,0.128000,0.000011,1.570746,-0.248653,1.000000,1.100000,0.000000,0.000000,-1.571000,-0.013955,0.992017,0.063177,0.994124
32.192000,-0.235461,0.007983,1.036847,-0.380521,0.000009,0.012236,0.130093,0.000010,1.570751,-0.247593,1.000000,1.100000,0.000000,0.000000,-1.571000,-0.012132,0.992017,0.063153,0.994099
32.194000,-0.236218,0.007983,1.036872,-0.377233,0.000009,0.012303,0.132140,0.000009,1.570757,-0.246524,1.000000,1.100000,0.000000,0.000000,-1.571000,-0.010306,0.992017,0.063128,0.994077
32.196000,-0.236968,0.007983,1.036897,-0.373911,0.000009,0.012364,0.134140,0.000009,1.570763,-0.245445,1.000000,1.100000,0.000000,0.000000,-1.571000,-0.008477,0.992017,0.063103,0.994058
32.198000,-0.237711,0.007983,1.036922,-0.370556,0.000010,0.012422,0.136090,0.000008,1.570769,-0.244356,1.000000,1.100000,0.000000,0.000000,-1.571000,-0.006645,0.992017,0.063078,0.994042
32.200000,-0.238448,0.007983,1.036947,-0.367169,0.000010,0.012474,0.137991,0.000007,1.570775,-0.243258,1.000000,1.100000,0.000000,0.000000,-1.571000,-0.004810,0.992017,0.063053,0.994030
32.202000,-0.239178,0.007983,1.036972,-0.363751,0.000010,0.012522,0.139839,0.000006,1.570781,-0.242150,1.000000,1.100000,0.000000,0.000000,-1.571000,-0.002972,0.992017,0.063028,0.994021
32.204000,-0.239901,0.007983,1.036997,-0.360304,0.000010,0.012566,0.141635,0.000005,1.570787,-0.241032,1.000000,1.100000,0.000000,0.000000,-1.571000,-0.001131,0.992017,0.063003,0.994016
32.206000,-0.240617,0.007983,1.037022,-0.356827,0.000010,0.012605,0.143376,0.000004,1.570793,-0.239905,1.000000,1.100000,0.000000,0.000000,-1.571000,0.000712,0.992017,0.062978,0.994014
32.208000,-0.241326,0.007983,1.037047,-0.353324,0.000010,0.012639,0.145063,0.000004,1.570799,-0.238769,1.000000,1.100000,0.000000,0.000000,-1.571000,0.002558,0.992017,0.062953,0.994015
32.210000,-0.242029,0.007983,1.037073,-0.349793,0.000010,0.012669,0.146694,0.000003,1.570805,-0.237623,1.000000,1.100000,0.000000,0.000000,-1.571000,0.004406,0.992017,0.062927,0.994020
32.212000,-0.242723,0.007983,1.037098,-0.346238,0.000010,0.012695,0.148269,0.000002,1.570811,-0.236468,1.000000,1.100000,0.000000,0.000000,-1.571000,0.006256,0.992017,0.062902,0.994028
32.214000,-0.243411,0.007984,1.037123,-0.342658,0.000010,0.012717,0.149787,0.000001,1.570817,-0.235303,1.000000,1.100000,0.000000,0.000000,-1.571000,0.008108,0.992016,0.062877,0.994040
32.216000,-0.244092,0.007984,1.037149,-0.339056,0.000010,0.012734,0.151249,0.000000,1.570823,-0.234129,1.000000,1.100000,0.000000,0.000000,-1.571000,0.009963,0.992016,0.062851,0.994055
32.218000,-0.244765,0.007984,1.037174,-0.335432,0.000010,0.012748,0.152654,-0.000001,1.570828,-0.232946,1.000000,1.100000,0.000000,0.000000,-1.571000,0.011819,0.992016,0.062826,0.994074
32.220000,-0.245431,0.007984,1.037200,-0.331787,0.000010,0.012757,0.154002,-0.000002,1.570834,-0.231754,1.000000,1.100000,0.000000,0.000000,-1.571000,0.013678,0.992016,0.062800,0.994096
32.222000,-0.246090,0.007984,1.037226,-0.328122,0.000010,0.012767,0.155293,-0.000003,1.570839,-0.230552,1.000000,1.100000,0.000000,0.000000,-1.571000,0.015538,0.992016,0.062774,0.994122
32.224000,-0.246741,0.007984,1.037251,-0.324438,0.000010,0.012781,0.156528,-0.000003,1.570844,-0.229341,1.000000,1.100000,0.000000,0.000000,-1.571000,0.017400,0.992016,0.062749,0.994151
32.226000,-0.247385,0.007984,1.037277,-0.320735,0.000010,0.012799,0.157706,-0.000004,1.570849,-0.228122,1.000000,1.100000,0.000000,0.000000,-1.571000,0.019264,0.992016,0.062723,0.994184
32.228000,-0.248022,0.007984,1.037302,-0.317015,0.000010,0.012819,0.158829,-0.000005,1.570854,-0.226893,1.000000,1.100000,0.000000,0.000000,-1.571000,0.021129,0.992016,0.062698,0.994220
32.230000,-0.248651,0.007984,1.037328,-0.313280,0.000011,0.012843,0.159898,-0.000006,1.570858,-0.225655,1.000000,1.100000,0.000000,0.000000,-1.571000,0.022995,0.992016,0.062672,0.994260
32.232000,-0.249272,0.007984,1.037354,-0.309529,0.000011,0.012868,0.160912,-0.000007,1.570863,-0.224409,1.000000,1.100000,0.000000,0.000000,-1.571000,0.024864,0.992016,0.062646,0.994303
32.234000,-0.249887,0.007984,1.037380,-0.305766,0.000011,0.012895,0.161873,-0.000008,1.570866,-0.223154,1.000000,1.100000,0.000000,0.000000,-1.571000,0.026733,0.992016,0.062620,0.994350
32.236000,-0.250493,0.007984,1.037406,-0.301990,0.000011,0.012924,0.162782,-0.000009,1.570870,-0.221889,1.000000,1.100000,0.000000,0.000000,-1.571000,0.028604,0.992016,0.062594,0.994401
32.238000,-0.251092,0.007984,1.037431,-0.298202,0.000011,0.012954,0.163639,-0.000009,1.570873,-0.220616,1.000000,1.100000,0.000000,0.000000,-1.571000,0.030476,0.992016,0.062569,0.994455
32.240000,-0.251683,0.007984,1.037457,-0.294405,0.000011,0.012985,0.164447,-0.000010,1.570876,-0.219335,1.000000,1.100000,0.000000,0.000000,-1.571000,0.032349,0.992016,0.062543,0.994512
32.242000,-0.252267,0.007984,1.037483,-0.290598,0.000011,0.013018,0.165205,-0.000011,1.570879,-0.218044,1.000000,1.100000,0.000000,0.000000,-1.571000,0.034223,0.992016,0.062517,0.994573
32.244000,-0.252843,0.007984,1.037510,-0.286783,0.000011,0.013051,0.165916,-0.000011,1.570882,-0.216745,1.000000,1.100000,0.000000,0.000000,-1.571000,0.036098,0.992016,0.062490,0.994638
32.246000,-0.253411,0.007984,1.037536,-0.282961,0.000011,0.013084,0.166580,-0.000012,1.570884,-0.215438,1.000000,1.100000,0.000000,0.000000,-1.571000,0.037973,0.992016,0.062464,0.994706
32.248000,-0.253972,0.007984,1.037562,-0.279133,0.000011,0.013118,0.167199,-0.000012,1.570886,-0.214122,1.000000,1.100000,0.000000,0.000000,-1.571000,0.039850,0.992016,0.062438,0.994778
32.250000,-0.254525,0.007984,1.037588,-0.275299,0.000011,0.013153,0.167775,-0.000013,1.570887,-0.212797,1.000000,1.100000,0.000000,0.000000,-1.571000,0.041728,0.992016,0.062412,0.994853
32.252000,-0.255071,0.007984,1.037615,-0.271462,0.000011,0.013188,0.168309,-0.000013,1.570889,-0.211465,1.000000,1.100000,0.000000,0.000000,-1.571000,0.043606,0.992016,0.062385,0.994932
32.254000,-0.255608,0.007984,1.037641,-0.267620,0.000011,0.013223,0.168802,-0.000013,1.570890,-0.210123,1.000000,1.100000,0.000000,0.000000,-1.571000,0.045485,0.992016,0.062359,0.995014
32.256000,-0.256138,0.007984,1.037668,-0.263776,0.000011,0.013258,0.169256,-0.000013,1.570890,-0.208774,1.000000,1.100000,0.000000,0.000000,-1.571000,0.047364,0.992016,0.062332,0.995100
32.258000,-0.256661,0.007984,1.037694,-0.259930,0.000011,0.013293,0.169672,-0.000013,1.570891,-0.207416,1.000000,1.100000,0.000000,0.000000,-1.571000,0.049244,0.992016,0.062306,0.995190
32.260000,-0.257175,0.007984,1.037721,-0.256083,0.000011,0.013328,0.170053,-0.000013,1.570891,-0.206050,1.000000,1.100000,0.000000,0.000000,-1.571000,0.051125,0.992016,0.062279,0.995283
32.262000,-0.257682,0.007984,1.037748,-0.252236,0.000011,0.013363,0.170399,-0.000013,1.570891,-0.204676,1.000000,1.100000,0.000000,0.000000,-1.571000,0.053006,0.992016,0.062252,0.995380
32.264000,-0.258181,0.007984,1.037774,-0.248389,0.000011,0.013398,0.170712,-0.000013,1.570890,-0.203294,1.000000,1.100000,0.000000,0.000000,-1.571000,0.054887,0.992016,0.062226,0.995480
32.266000,-0.258673,0.007984,1.037801,-0.244543,0.000011,0.013434,0.170995,-0.000013,1.570890,-0.201904,1.000000,1.100000,0.000000,0.000000,-1.571000,0.056769,0.992016,0.062199,0.995584
32.268000,-0.259157,0.007984,1.037828,-0.240698,0.000011,0.013469,0.171248,-0.000012,1.570889,-0.200506,1.000000,1.100000,0.000000,0.000000,-1.571000,0.058651,0.992016,0.062172,0.995691
32.270000,-0.259633,0.007984,1.037855,-0.236856,0.000011,0.013504,0.171473,-0.000012,1.570888,-0.199100,1.000000,1.100000,0.000000,0.000000,-1.571000,0.060533,0.992016,0.062145,0.995802
32.272000,-0.260101,0.007984,1.037882,-0.233016,0.000011,0.013539,0.171671,-0.000011,1.570887,-0.197686,1.000000,1.100000,0.000000,0.000000,-1.571000,0.062415,0.992016,0.062118,0.995917
32.274000,-0.260562,0.007984,1.037910,-0.229179,0.000012,0.013575,0.171845,-0.000011,1.570885,-0.196264,1.000000,1.100000,0.000000,0.000000,-1.571000,0.064298,0.992016,0.062090,0.996035
32.276000,-0.261015,0.007984,1.037937,-0.225346,0.000012,0.013611,0.171996,-0.000011,1.570883,-0.194834,1.000000,1.100000,0.000000,0.000000,-1.571000,0.066180,0.992016,0.062063,0.996156
32.278000,-0.261460,0.007984,1.037964,-0.221518,0.000012,0.013647,0.172124,-0.000010,1.570881,-0.193397,1.000000,1.100000,0.000000,0.000000,-1.571000,0.068063,0.992016,0.062036,0.996281
32.280000,-0.261898,0.007984,1.037991,-0.217693,0.000012,0.013684,0.172233,-0.000010,1.570879,-0.191952,1.000000,1.100000,0.000000,0.000000,-1.571000,0.069946,0.992016,0.062009,0.996410
32.282000,-0.262328,0.007984,1.038019,-0.213874,0.000012,0.013722,0.172323,-0.000009,1.570877,-0.190500,1.000000,1.100000,0.000000,0.000000,-1.571000,0.071828,0.992016,0.061981,0.996542
32.284000,-0.262751,0.007984,1.038046,-0.210059,0.000012,0.013764,0.172396,-0.000008,1.570874,-0.189040,1.000000,1.100000,0.000000,0.000000,-1.571000,0.073710,0.992016,0.061954,0.996678
32.286000,-0.263165,0.007984,1.038074,-0.206249,0.000012,0.013809,0.172452,-0.000008,1.570872,-0.187573,1.000000,1.100000,0.000000,0.000000,-1.571000,0.075593,0.992016,0.061926,0.996817
32.288000,-0.263573,0.007984,1.038102,-0.202444,0.000012,0.013857,0.172495,-0.000007,1.570869,-0.186098,1.000000,1.100000,0.000000,0.000000,-1.571000,0.077475,0.992016,0.061898,0.996960
32.290000,-0.263972,0.007984,1.038130,-0.198646,0.000012,0.013907,0.172523,-0.000007,1.570866,-0.184616,1.000000,1.100000,0.000000,0.000000,-1.571000,0.079356,0.992016,0.061870,0.997106
32.292000,-0.264364,0.007984,1.038158,-0.194854,0.000012,0.013960,0.172540,-0.000006,1.570863,-0.183127,1.000000,1.100000,0.000000,0.000000,-1.571000,0.081238,0.992016,0.061842,0.997256
32.294000,-0.264749,0.007984,1.038186,-0.191067,0.000012,0.014015,0.172547,-0.000005,1.570860,-0.181630,1.000000,1.100000,0.000000,0.000000,-1.571000,0.083119,0.992016,0.061814,0.997409
32.296000,-0.265125,0.007984,1.038214,-0.187288,0.000012,0.014072,0.172543,-0.000005,1.570857,-0.180126,1.000000,1.100000,0.000000,0.000000,-1.571000,0.084999,0.992016,0.061786,0.997566
32.298000,-0.265495,0.007984,1.038242,-0.183515,0.000012,0.014131,0.172531,-0.000004,1.570853,-0.178615,1.000000,1.100000,0.000000,0.000000,-1.571000,0.086880,0.992016,0.061758,0.997726
32.300000,-0.265856,0.007984,1.038270,-0.179749,0.000013,0.014191,0.172512,-0.000004,1.570850,-0.177097,1.000000,1.100000,0.000000,0.000000,-1.571000,0.088759,0.992016,0.061730,0.997890
32.302000,-0.266211,0.007985,1.038299,-0.175991,0.000013,0.014253,0.172487,-0.000003,1.570847,-0.175572,1.000000,1.100000,0.000000,0.000000,-1.571000,0.090638,0.992015,0.061701,0.998057
32.304000,-0.266557,0.007985,1.038327,-0.172239,0.000013,0.014317,0.172456,-0.000002,1.570843,-0.174040,1.000000,1.100000,0.000000,0.000000,-1.571000,0.092517,0.992015,0.061673,0.998227
32.306000,-0.266897,0.007985,1.038356,-0.168495,0.000013,0.014381,0.172420,-0.000002,1.570840,-0.172502,1.000000,1.100000,0.000000,0.000000,-1.571000,0.094395,0.992015,0.061644,0.998401
32.308000,-0.267228,0.007985,1.038385,-0.164759,0.000013,0.014447,0.172382,-0.000001,1.570836,-0.170956,1.000000,1.100000,0.000000,0.000000,-1.571000,0.096272,0.992015,0.061615,0.998579
32.310000,-0.267552,0.007985,1.038414,-0.161030,0.000013,0.014514,0.172340,-0.000001,1.570833,-0.169404,1.000000,1.100000,0.000000,0.000000,-1.571000,0.098149,0.992015,0.061586,0.998760
32.312000,-0.267869,0.007985,1.038443,-0.157308,0.000013,0.014582,0.172297,-0.000000,1.570829,-0.167845,1.000000,1.100000,0.000000,0.000000,-1.571000,0.100025,0.992015,0.061557,0.998944
32.314000,-0.268179,0.007985,1.038473,-0.153594,0.000013,0.014650,0.172252,0.000000,1.570826,-0.166279,1.000000,1.100000,0.000000,0.000000,-1.571000,0.101900,0.992015,0.061527,0.999131
32.316000,-0.268481,0.007985,1.038502,-0.149888,0.000013,0.014720,0.172207,0.000001,1.570822,-0.164707,1.000000,1.100000,0.000000,0.000000,-1.571000,0.103774,0.992015,0.061498,0.999322
32.318000,-0.268775,0.007985,1.038532,-0.146189,0.000013,0.014790,0.172162,0.000001,1.570819,-0.163128,1.000000,1.100000,0.000000,0.000000,-1.571000,0.105647,0.992015,0.061468,0.999517
32.320000,-0.269062,0.007985,1.038561,-0.142498,0.000013,0.014861,0.172118,0.000002,1.570815,-0.161543,1.000000,1.100000,0.000000,0.000000,-1.571000,0.107519,0.992015,0.061439,0.999715
32.322000,-0.269342,0.007985,1.038591,-0.138815,0.000013,0.014933,0.172075,0.000002,1.570812,-0.159951,1.000000,1.100000,0.000000,0.000000,-1.571000,0.109390,0.992015,0.061409,0.999916
32.324000,-0.269614,0.007985,1.038621,-0.135139,0.000014,0.015005,0.172034,0.000002,1.570809,-0.158354,1.000000,1.100000,0.000000,0.000000,-1.571000,0.111261,0.992015,0.061379,1.000120
32.326000,-0.269879,0.007985,1.038651,-0.131471,0.000014,0.015078,0.171995,0.000002,1.570805,-0.156750,1.000000,1.100000,0.000000,0.000000,-1.571000,0.113130,0.992015,0.061349,1.000328
32.328000,-0.270137,0.007985,1.038682,-0.127810,0.000014,0.015151,0.171958,0.000003,1.570802,-0.155139,1.000000,1.100000,0.000000,0.000000,-1.571000,0.114998,0.992015,0.061318,1.000539
32.330000,-0.270387,0.007985,1.038712,-0.124156,0.000014,0.015224,0.171925,0.000003,1.570799,-0.153523,1.000000,1.100000,0.000000,0.000000,-1.571000,0.116865,0.992015,0.061288,1.000753
32.332000,-0.270631,0.007985,1.038743,-0.120510,0.000014,0.015298,0.171894,0.000003,1.570796,-0.151900,1.000000,1.100000,0.000000,0.000000,-1.571000,0.118730,0.992015,0.061257,1.000971
32.334000,-0.270866,0.007985,1.038773,-0.116871,0.000014,0.015372,0.171867,0.000003,1.570793,-0.150272,1.000000,1.100000,0.000000,0.000000,-1.571000,0.120594,0.992015,0.061227,1.001192
32.336000,-0.271095,0.007985,1.038804,-0.113240,0.000014,0.015446,0.171844,0.000004,1.570790,-0.148638,1.000000,1.100000,0.000000,0.000000,-1.571000,0.122457,0.992015,0.061196,1.001416
32.338000,-0.271316,0.007985,1.038835,-0.109615,0.000014,0.015521,0.171825,0.000004,1.570787,-0.146997,1.000000,1.100000,0.000000,0.000000,-1.571000,0.124319,0.992015,0.061165,1.001644
32.340000,-0.271530,0.007985,1.038867,-0.105998,0.000014,0.015596,0.171810,0.000004,1.570784,-0.145351,1.000000,1.100000,0.000000,0.000000,-1.571000,0.126179,0.992015,0.061133,1.001874
32.342000,-0.271737,0.007985,1.038898,-0.102387,0.000014,0.015671,0.171799,0.000004,1.570782,-0.143699,1.000000,1.100000,0.000000,0.000000,-1.571000,0.128037,0.992015,0.061102,1.002108
32.344000,-0.271937,0.007985,1.038929,-0.098784,0.000014,0.015746,0.171792,0.000004,1.570779,-0.142042,1.000000,1.100000,0.000000,0.000000,-1.571000,0.129895,0.992015,0.061071,1.002345
32.346000,-0.272129,0.007985,1.038961,-0.095187,0.000014,0.015821,0.171790,0.000005,1.570777,-0.140379,1.000000,1.100000,0.000000,0.000000,-1.571000,0.131750,0.992015,0.061039,1.002585
32.348000,-0.272314,0.007985,1.038993,-0.091597,0.000014,0.015896,0.171792,0.000005,1.570774,-0.138710,1.000000,1.100000,0.000000,0.000000,-1.571000,0.133604,0.992015,0.061007,1.002829
32.350000,-0.272492,0.007985,1.039025,-0.088013,0.000014,0.015971,0.171799,0.000005,1.570772,-0.137036,1.000000,1.100000,0.000000,0.000000,-1.571000,0.135456,0.992015,0.060975,1.003075
32.352000,-0.272663,0.007985,1.039057,-0.084436,0.000014,0.016046,0.171809,0.000005,1.570770,-0.135357,1.000000,1.100000,0.000000,0.000000,-1.571000,0.137306,0.992015,0.060943,1.003325
32.354000,-0.272827,0.007985,1.039089,-0.080865,0.000014,0.016121,0.171824,0.000005,1.570768,-0.133672,1.000000,1.100000,0.000000,0.000000,-1.571000,0.139155,0.992015,0.060911,1.003577
32.356000,-0.272983,0.007985,1.039121,-0.077301,0.000014,0.016196,0.171844,0.000006,1.570766,-0.131982,1.000000,1.100000,0.000000,0.000000,-1.571000,0.141001,0.992015,0.060879,1.003833
32.358000,-0.273133,0.007985,1.039154,-0.073742,0.000014,0.016270,0.171867,0.000006,1.570764,-0.130286,1.000000,1.100000,0.000000,0.000000,-1.571000,0.142846,0.992015,0.060846,1.004092
32.360000,-0.273275,0.007985,1.039187,-0.070190,0.000014,0.016345,0.171894,0.000006,1.570762,-0.128586,1.000000,1.100000,0.000000,0.000000,-1.571000,0.144689,0.992015,0.060813,1.004354
32.362000,-0.273410,0.007985,1.039219,-0.066643,0.000014,0.016423,0.171925,0.000007,1.570761,-0.126880,1.000000,1.100000,0.000000,0.000000,-1.571000,0.146530,0.992015,0.060781,1.004619
32.364000,-0.273538,0.007985,1.039252,-0.063102,0.000014,0.016505,0.171960,0.000007,1.570759,-0.125170,1.000000,1.100000,0.000000,0.000000,-1.571000,0.148368,0.992015,0.060748,1.004886
32.366000,-0.273659,0.007985,1.039286,-0.059565,0.000014,0.016593,0.171999,0.000007,1.570758,-0.123454,1.000000,1.100000,0.000000,0.000000,-1.571000,0.150205,0.992015,0.060714,1.005157
32.368000,-0.273773,0.007985,1.039319,-0.056033,0.000014,0.016685,0.172040,0.000008,1.570756,-0.121734,1.000000,1.100000,0.000000,0.000000,-1.571000,0.152039,0.992015,0.060681,1.005431
32.370000,-0.273880,0.007985,1.039353,-0.052506,0.000014,0.016781,0.172085,0.000008,1.570755,-0.120009,1.000000,1.100000,0.000000,0.000000,-1.571000,0.153871,0.992015,0.060647,1.005707
32.372000,-0.273980,0.007985,1.039386,-0.048984,0.000014,0.016880,0.172133,0.000008,1.570754,-0.118279,1.000000,1.100000,0.000000,0.000000,-1.571000,0.155701,0.992015,0.060614,1.005987
32.374000,-0.274073,0.007985,1.039420,-0.045468,0.000014,0.016982,0.172184,0.000008,1.570753,-0.116544,1.000000,1.100000,0.000000,0.000000,-1.571000,0.157528,0.992015,0.060580,1.006269
32.376000,-0.274158,0.007986,1.039454,-0.041956,0.000014,0.017087,0.172237,0.000009,1.570752,-0.114805,1.000000,1.100000,0.000000,0.000000,-1.571000,0.159353,0.992014,0.060546,1.006555
32.378000,-0.274237,0.007986,1.039489,-0.038449,0.000014,0.017195,0.172293,0.000009,1.570751,-0.113061,1.000000,1.100000,0.000000,0.000000,-1.571000,0.161176,0.992014,0.060511,1.006843
32.380000,-0.274309,0.007986,1.039523,-0.034947,0.000014,0.017304,0.172351,0.000009,1.570750,-0.111313,1.000000,1.100000,0.000000,0.000000,-1.571000,0.162996,0.992014,0.060477,1.007133
32.382000,-0.274373,0.007986,1.039558,-0.031450,0.000014,0.017416,0.172411,0.000009,1.570750,-0.109561,1.000000,1.100000,0.000000,0.000000,-1.571000,0.164813,0.992014,0.060442,1.007427
32.384000,-0.274431,0.007986,1.039593,-0.027958,0.000014,0.017529,0.172472,0.000009,1.570749,-0.107804,1.000000,1.100000,0.000000,0.000000,-1.571000,0.166628,0.992014,0.060407,1.007723
32.386000,-0.274482,0.007986,1.039628,-0.024470,0.000014,0.017644,0.172535,0.000009,1.570749,-0.106042,1.000000,1.100000,0.000000,0.000000,-1.571000,0.168439,0.992014,0.060372,1.008022
32.388000,-0.274526,0.007986,1.039664,-0.020988,0.000014,0.017759,0.172600,0.000010,1.570748,-0.104277,1.000000,1.100000,0.000000,0.000000,-1.571000,0.170249,0.992014,0.060336,1.008324
32.390000,-0.274563,0.007986,1.039700,-0.017511,0.000014,0.017876,0.172665,0.000010,1.570748,-0.102508,1.000000,1.100000,0.000000,0.000000,-1.571000,0.172055,0.992014,0.060300,1.008628
32.392000,-0.274592,0.007986,1.039736,-0.014039,0.000014,0.017993,0.172732,0.000010,1.570747,-0.100734,1.000000,1.100000,0.000000,0.000000,-1.571000,0.173858,0.992014,0.060264,1.008935
32.394000,-0.274615,0.007986,1.039772,-0.010571,0.000014,0.018111,0.172799,0.000010,1.570747,-0.098957,1.000000,1.100000,0.000000,0.000000,-1.571000,0.175659,0.992014,0.060228,1.009245
32.396000,-0.274631,0.007986,1.039808,-0.007109,0.000014,0.018230,0.172867,0.000009,1.570747,-0.097175,1.000000,1.100000,0.000000,0.000000,-1.571000,0.177456,0.992014,0.060192,1.009557
32.398000,-0.274640,0.007986,1.039845,-0.003651,0.000014,0.018349,0.172935,0.000009,1.570747,-0.095390,1.000000,1.100000,0.000000,0.000000,-1.571000,0.179250,0.992014,0.060155,1.009872
32.400000,-0.274642,0.007986,1.039882,-0.000199,0.000014,0.018468,0.173003,0.000009,1.570747,-0.093601,1.000000,1.100000,0.000000,0.000000,-1.571000,0.181041,0.992014,0.060118,1.010189
32.402000,-0.274638,0.007986,1.039919,0.003249,0.000014,0.018587,0.173071,0.000009,1.570747,-0.091808,1.000000,1.100000,0.000000,0.000000,-1.571000,0.182829,0.992014,0.060081,1.010509
32.404000,-0.274626,0.007986,1.039956,0.006692,0.000014,0.018707,0.173138,0.000009,1.570747,-0.090012,1.000000,1.100000,0.000000,0.000000,-1.571000,0.184614,0.992014,0.060044,1.010831
32.406000,-0.274607,0.007986,1.039994,0.010130,0.000014,0.018827,0.173206,0.000009,1.570747,-0.088212,1.000000,1.100000,0.000000,0.000000,-1.571000,0.186395,0.992014,0.060006,1.011156
32.408000,-0.274582,0.007986,1.040032,0.013562,0.000014,0.018947,0.173272,0.000008,1.570747,-0.086409,1.000000,1.100000,0.000000,0.000000,-1.571000,0.188173,0.992014,0.059968,1.011483
32.410000,-0.274550,0.007986,1.040070,0.016990,0.000014,0.019067,0.173338,0.000008,1.570747,-0.084602,1.000000,1.100000,0.000000,0.000000,-1.571000,0.189948,0.992014,0.059930,1.011812
32.412000,-0.274510,0.007986,1.040108,0.020413,0.000013,0.019187,0.173403,0.000008,1.570747,-0.082792,1.000000,1.100000,0.000000,0.000000,-1.571000,0.191719,0.992014,0.059892,1.012144
32.414000,-0.274464,0.007986,1.040147,0.023831,0.000013,0.019308,0.173467,0.000007,1.570747,-0.080978,1.000000,1.100000,0.000000,0.000000,-1.571000,0.193486,0.992014,0.059853,1.012478
32.416000,-0.274412,0.007986,1.040186,0.027244,0.000013,0.019428,0.173530,0.000007,1.570748,-0.079162,1.000000,1.100000,0.000000,0.000000,-1.571000,0.195250,0.992014,0.059814,1.012814
32.418000,-0.274352,0.007986,1.040225,0.030652,0.000013,0.019547,0.173591,0.000007,1.570748,-0.077342,1.000000,1.100000,0.000000,0.000000,-1.571000,0.197010,0.992014,0.059775,1.013152
32.420000,-0.274286,0.007986,1.040264,0.034055,0.000013,0.019667,0.173651,0.000007,1.570748,-0.075519,1.000000,1.100000,0.000000,0.000000,-1.571000,0.198766,0.992014,0.059736,1.013493
32.422000,-0.274212,0.007986,1.040304,0.037452,0.000013,0.019785,0.173710,0.000006,1.570749,-0.073694,1.000000,1.100000,0.000000,0.000000,-1.571000,0.200518,0.992014,0.059696,1.013836
32.424000,-0.274132,0.007986,1.040344,0.040844,0.000013,0.019898,0.173766,0.000006,1.570749,-0.071865,1.000000,1.100000,0.000000,0.000000,-1.571000,0.202267,0.992014,0.059656,1.014181
32.426000,-0.274045,0.007986,1.040384,0.044229,0.000013,0.020008,0.173821,0.000006,1.570750,-0.070034,1.000000,1.100000,0.000000,0.000000,-1.571000,0.204012,0.992014,0.059616,1.014528
32.428000,-0.273952,0.007986,1.040424,0.047609,0.000013,0.020114,0.173875,0.000006,1.570750,-0.068199,1.000000,1.100000,0.000000,0.000000,-1.571000,0.205752,0.992014,0.059576,1.014877
32.430000,-0.273851,0.007986,1.040464,0.050984,0.000013,0.020217,0.173926,0.000006,1.570751,-0.066362,1.000000,1.100000,0.000000,0.000000,-1.571000,0.207489,0.992014,0.059536,1.015228
32.432000,-0.273744,0.007986,1.040505,0.054352,0.000013,0.020318,0.173975,0.000006,1.570751,-0.064523,1.000000,1.100000,0.000000,0.000000,-1.571000,0.209221,0.992014,0.059495,1.015581
32.434000,-0.273630,0.007986,1.040546,0.057715,0.000013,0.020415,0.174022,0.000006,1.570752,-0.062681,1.000000,1.100000,0.000000,0.000000,-1.571000,0.210950,0.992014,0.059454,1.015936
32.436000,-0.273510,0.007986,1.040587,0.061073,0.000013,0.020510,0.174067,0.000006,1.570753,-0.060836,1.000000,1.100000,0.000000,0.000000,-1.571000,0.212674,0.992014,0.059413,1.016293
32.438000,-0.273382,0.007986,1.040628,0.064424,0.000013,0.020604,0.174110,0.000006,1.570753,-0.058989,1.000000,1.100000,0.000000,0.000000,-1.571000,0.214393,0.992014,0.059372,1.016652
32.440000,-0.273248,0.007986,1.040669,0.067770,0.000013,0.020695,0.174151,0.000006,1.570754,-0.057140,1.000000,1.100000,0.000000,0.000000,-1.571000,0.216109,0.992014,0.059331,1.017012
32.442000,-0.273108,0.007986,1.040711,0.071110,0.000013,0.020784,0.174190,0.000006,1.570754,-0.055288,1.000000,1.100000,0.000000,0.000000,-1.571000,0.217819,0.992014,0.059289,1.017375
32.444000,-0.272960,0.007986,1.040753,0.074445,0.000013,0.020871,0.174227,0.000006,1.570755,-0.053435,1.000000,1.100000,0.000000,0.000000,-1.571000,0.219526,0.992014,0.059247,1.017739
32.446000,-0.272806,0.007986,1.040794,0.077774,0.000012,0.020957,0.174261,0.000006,1.570756,-0.051579,1.000000,1.100000,0.000000,0.000000,-1.571000,0.221228,0.992014,0.059206,1.018105
32.448000,-0.272646,0.007986,1.040837,0.081097,0.000012,0.021042,0.174293,0.000006,1.570756,-0.049721,1.000000,1.100000,0.000000,0.000000,-1.571000,0.222925,0.992014,0.059163,1.018473
32.450000,-0.272478,0.007986,1.040879,0.084415,0.000012,0.021125,0.174323,0.000006,1.570757,-0.047861,1.000000,1.100000,0.000000,0.000000,-1.571000,0.224617,0.992014,0.059121,1.018842
32.452000,-0.272304,0.007987,1.040921,0.087726,0.000012,0.021207,0.174351,0.000006,1.570757,-0.045999,1.000000,1.100000,0.000000,0.000000,-1.571000,0.226305,0.992013,0.059079,1.019213
32.454000,-0.272124,0.007987,1.040964,0.091032,0.000012,0.021288,0.174376,0.000006,1.570758,-0.044136,1.000000,1.100000,0.000000,0.000000,-1.571000,0.227988,0.992013,0.059036,1.019585
32.456000,-0.271937,0.007987,1.041007,0.094332,0.000012,0.021368,0.174400,0.000006,1.570759,-0.042270,1.000000,1.100000,0.000000,0.000000,-1.571000,0.229666,0.992013,0.058993,1.019960
32.458000,-0.271743,0.007987,1.041049,0.097627,0.000012,0.021447,0.174422,0.000006,1.570759,-0.040403,1.000000,1.100000,0.000000,0.000000,-1.571000,0.231339,0.992013,0.058951,1.020335
32.460000,-0.271542,0.007987,1.041092,0.100915,0.000012,0.021525,0.174441,0.000006,1.570760,-0.038535,1.000000,1.100000,0.000000,0.000000,-1.571000,0.233007,0.992013,0.058908,1.020712
32.462000,-0.271335,0.007987,1.041136,0.104198,0.000012,0.021603,0.174458,0.000006,1.570760,-0.036665,1.000000,1.100000,0.000000,0.000000,-1.571000,0.234671,0.992013,0.058864,1.021091
32.464000,-0.271122,0.007987,1.041179,0.107475,0.000012,0.021679,0.174474,0.000005,1.570761,-0.034793,1.000000,1.100000,0.000000,0.000000,-1.571000,0.236329,0.992013,0.058821,1.021470
32.466000,-0.270902,0.007987,1.041223,0.110746,0.000012,0.021755,0.174488,0.000005,1.570762,-0.032920,1.000000,1.100000,0.000000,0.000000,-1.571000,0.237981,0.992013,0.058777,1.021851
32.468000,-0.270675,0.007987,1.041266,0.114011,0.000012,0.021831,0.174499,0.000005,1.570762,-0.031046,1.000000,1.100000,0.000000,0.000000,-1.571000,0.239629,0.992013,0.058734,1.022234
32.470000,-0.270442,0.007987,1.041310,0.117271,0.000012,0.021905,0.174509,0.000005,1.570763,-0.029171,1.000000,1.100000,0.000000,0.000000,-1.571000,0.241271,0.992013,0.058690,1.022618
32.472000,-0.270202,0.007987,1.041354,0.120524,0.000012,0.021980,0.174518,0.000005,1.570763,-0.027294,1.000000,1.100000,0.000000,0.000000,-1.571000,0.242908,0.992013,0.058646,1.023002
32.474000,-0.269956,0.007987,1.041398,0.123772,0.000012,0.022053,0.174524,0.000005,1.570764,-0.025416,1.000000,1.100000,0.000000,0.000000,-1.571000,0.244540,0.992013,0.058602,1.023389
32.476000,-0.269704,0.007987,1.041442,0.127013,0.000012,0.022127,0.174530,0.000004,1.570764,-0.023538,1.000000,1.100000,0.000000,0.000000,-1.571000,0.246166,0.992013,0.058558,1.023776
32.478000,-0.269444,0.007987,1.041487,0.130249,0.000012,0.022200,0.174533,0.000004,1.570764,-0.021658,1.000000,1.100000,0.000000,0.000000,-1.571000,0.247786,0.992013,0.058513,1.024164
32.480000,-0.269179,0.007987,1.041531,0.133478,0.000012,0.022272,0.174535,0.000004,1.570765,-0.019778,1.000000,1.100000,0.000000,0.000000,-1.571000,0.249401,0.992013,0.058469,1.024553
32.482000,-0.268907,0.007987,1.041576,0.136701,0.000012,0.022343,0.174536,0.000004,1.570765,-0.017896,1.000000,1.100000,0.000000,0.000000,-1.571000,0.251010,0.992013,0.058424,1.024944
32.484000,-0.268628,0.007987,1.041621,0.139918,0.000012,0.022412,0.174536,0.000003,1.570766,-0.016015,1.000000,1.100000,0.000000,0.000000,-1.571000,0.252614,0.992013,0.058379,1.025335
32.486000,-0.268343,0.007987,1.041666,0.143129,0.000012,0.022478,0.174534,0.000003,1.570766,-0.014132,1.000000,1.100000,0.000000,0.000000,-1.571000,0.254211,0.992013,0.058334,1.025727
32.488000,-0.268052,0.007987,1.041711,0.146333,0.000011,0.022543,0.174531,0.000003,1.570767,-0.012249,1.000000,1.100000,0.000000,0.000000,-1.571000,0.255803,0.992013,0.058289,1.026120
32.490000,-0.267754,0.007987,1.041756,0.149531,0.000011,0.022605,0.174527,0.000002,1.570767,-0.010365,1.000000,1.100000,0.000000,0.000000,-1.571000,0.257389,0.992013,0.058244,1.026514
32.492000,-0.267450,0.007987,1.041802,0.152723,0.000011,0.022666,0.174523,0.000002,1.570767,-0.008481,1.000000,1.100000,0.000000,0.000000,-1.571000,0.258969,0.992013,0.058198,1.026909
32.494000,-0.267139,0.007987,1.041847,0.155909,0.000011,0.022726,0.174517,0.000002,1.570768,-0.006597,1.000000,1.100000,0.000000,0.000000,-1.571000,0.260543,0.992013,0.058153,1.027304
32.496000,-0.266823,0.007987,1.041893,0.159088,0.000011,0.022784,0.174510,0.000002,1.570768,-0.004712,1.000000,1.100000,0.000000,0.000000,-1.571000,0.262110,0.992013,0.058107,1.027700
32.498000,-0.266499,0.007987,1.041938,0.162261,0.000011,0.022841,0.174503,0.000001,1.570769,-0.002827,1.000000,1.100000,0.000000,0.000000,-1.571000,0.263672,0.992013,0.058062,1.028097
32.500000,-0.266170,0.007987,1.041984,0.165428,0.000011,0.022896,0.174495,0.000001,1.570769,-0.000942,1.000000,1.100000,0.000000,0.000000,-1.571000,0.265227,0.992013,0.058016,1.028495
32.502000,-0.265834,0.007987,1.042030,0.168588,0.000011,0.022951,0.174486,0.000001,1.570769,0.000942,1.000000,1.100000,0.000000,0.000000,-1.571000,0.266776,0.992013,0.057970,1.028892
32.504000,-0.265491,0.007987,1.042076,0.171743,0.000011,0.023005,0.174477,0.000001,1.570770,0.002827,1.000000,1.100000,0.000000,0.000000,-1.571000,0.268319,0.992013,0.057924,1.029291
32.506000,-0.265143,0.007987,1.042122,0.174891,0.000011,0.023058,0.174467,0.000001,1.570770,0.004712,1.000000,1.100000,0.000000,0.000000,-1.571000,0.269855,0.992013,0.057878,1.029690
32.508000,-0.264788,0.007987,1.042168,0.178033,0.000011,0.023110,0.174457,0.000001,1.570771,0.006597,1.000000,1.100000,0.000000,0.000000,-1.571000,0.271385,0.992013,0.057832,1.030089
32.510000,-0.264427,0.007987,1.042215,0.181169,0.000011,0.023161,0.174447,0.000001,1.570771,0.008481,1.000000,1.100000,0.000000,0.000000,-1.571000,0.272908,0.992013,0.057785,1.030489
32.512000,-0.264060,0.007987,1.042261,0.184299,0.000010,0.023212,0.174436,0.000001,1.570771,0.010365,1.000000,1.100000,0.000000,0.000000,-1.571000,0.274425,0.992013,0.057739,1.030889
32.514000,-0.263686,0.007987,1.042308,0.187422,0.000010,0.023262,0.174425,0.000001,1.570771,0.012249,1.000000,1.100000,0.000000,0.000000,-1.571000,0.275935,0.992013,0.057692,1.031289
32.516000,-0.263306,0.007987,1.042354,0.190540,0.000010,0.023312,0.174413,0.000001,1.570772,0.014132,1.000000,1.100000,0.000000,0.000000,-1.571000,0.277438,0.992013,0.057646,1.031690
32.518000,-0.262920,0.007987,1.042401,0.193652,0.000010,0.023361,0.174402,0.000001,1.570772,0.016015,1.000000,1.100000,0.000000,0.000000,-1.571000,0.278934,0.992013,0.057599,1.032091
32.520000,-0.262527,0.007987,1.042448,0.196757,0.000010,0.023409,0.174390,0.000001,1.570772,0.017896,1.000000,1.100000,0.000000,0.000000,-1.571000,0.280424,0.992013,0.057552,1.032492
32.522000,-0.262129,0.007987,1.042495,0.199856,0.000010,0.023458,0.174379,0.000002,1.570772,0.019778,1.000000,1.100000,0.000000,0.000000,-1.571000,0.281907,0.992013,0.057505,1.032893
32.524000,-0.261724,0.007987,1.042542,0.202950,0.000010,0.023506,0.174367,0.000002,1.570773,0.021658,1.000000,1.100000,0.000000,0.000000,-1.571000,0.283382,0.992013,0.057458,1.033294
32.526000,-0.261313,0.007987,1.042589,0.206037,0.000010,0.023553,0.174355,0.000002,1.570773,0.023538,1.000000,1.100000,0.000000,0.000000,-1.571000,0.284851,0.992013,0.057411,1.033695
32.528000,-0.260896,0.007987,1.042636,0.209119,0.000010,0.023600,0.174344,0.000002,1.570773,0.025416,1.000000,1.100000,0.000000,0.000000,-1.571000,0.286313,0.992013,0.057364,1.034096
32.530000,-0.260473,0.007987,1.042684,0.212194,0.000010,0.023647,0.174332,0.000002,1.570773,0.027294,1.000000,1.100000,0.000000,0.000000,-1.571000,0.287767,0.992013,0.057316,1.034497
32.532000,-0.260043,0.007987,1.042731,0.215263,0.000010,0.023694,0.174321,0.000003,1.570773,0.029171,1.000000,1.100000,0.000000,0.000000,-1.571000,0.289214,0.992013,0.057269,1.034898
32.534000,-0.259608,0.007987,1.042779,0.218327,0.000010,0.023740,0.174310,0.000003,1.570773,0.031046,1.000000,1.100000,0.000000,0.000000,-1.571000,0.290654,0.992013,0.057221,1.035298
32.536000,-0.259166,0.007987,1.042826,0.221384,0.000010,0.023787,0.174299,0.000003,1.570773,0.032920,1.000000,1.100000,0.000000,0.000000,-1.571000,0.292086,0.992013,0.057174,1.035699
32.538000,-0.258718,0.007987,1.042874,0.224436,0.000010,0.023833,0.174288,0.000003,1.570773,0.034793,1.000000,1.100000,0.000000,0.000000,-1.571000,0.293512,0.992013,0.057126,1.036099
32.540000,-0.258264,0.007987,1.042922,0.227482,0.000010,0.023878,0.174277,0.000004,1.570773,0.036665,1.000000,1.100000,0.000000,0.000000,-1.571000,0.294929,0.992013,0.057078,1.036499
32.542000,-0.257805,0.007988,1.042969,0.230522,0.000010,0.023924,0.174267,0.000004,1.570773,0.038535,1.000000,1.100000,0.000000,0.000000,-1.571000,0.296339,0.992012,0.057031,1.036898
32.544000,-0.257338,0.007988,1.043017,0.233556,0.000010,0.023969,0.174257,0.000004,1.570773,0.040403,1.000000,1.100000,0.000000,0.000000,-1.571000,0.297742,0.992012,0.056983,1.037297
32.546000,-0.256866,0.007988,1.043065,0.236584,0.000010,0.024015,0.174247,0.000004,1.570774,0.042270,1.000000,1.100000,0.000000,0.000000,-1.571000,0.299137,0.992012,0.056935,1.037696
32.548000,-0.256388,0.007988,1.043114,0.239606,0.000009,0.024060,0.174238,0.000004,1.570774,0.044136,1.000000,1.100000,0.000000,0.000000,-1.571000,0.300524,0.992012,0.056886,1.038094
32.550000,-0.255904,0.007988,1.043162,0.242623,0.000009,0.024105,0.174229,0.000005,1.570774,0.045999,1.000000,1.100000,0.000000,0.000000,-1.571000,0.301903,0.992012,0.056838,1.038492
32.552000,-0.255414,0.007988,1.043210,0.245633,0.000009,0.024150,0.174220,0.000005,1.570774,0.047861,1.000000,1.100000,0.000000,0.000000,-1.571000,0.303275,0.992012,0.056790,1.038888
32.554000,-0.254917,0.007988,1.043259,0.248638,0.000009,0.024194,0.174212,0.000005,1.570774,0.049721,1.000000,1.100000,0.000000,0.000000,-1.571000,0.304638,0.992012,0.056741,1.039285
32.556000,-0.254415,0.007988,1.043307,0.251638,0.000009,0.024239,0.174204,0.000005,1.570774,0.051579,1.000000,1.100000,0.000000,0.000000,-1.571000,0.305994,0.992012,0.056693,1.039680
32.558000,-0.253907,0.007988,1.043356,0.254631,0.000009,0.024283,0.174197,0.000005,1.570774,0.053435,1.000000,1.100000,0.000000,0.000000,-1.571000,0.307341,0.992012,0.056644,1.040075
32.560000,-0.253393,0.007988,1.043404,0.257619,0.000009,0.024328,0.174190,0.000005,1.570774,0.055288,1.000000,1.100000,0.000000,0.000000,-1.571000,0.308681,0.992012,0.056596,1.040469
32.562000,-0.252872,0.007988,1.043453,0.260600,0.000009,0.024368,0.174182,0.000005,1.570774,0.057140,1.000000,1.100000,0.000000,0.000000,-1.571000,0.310012,0.992012,0.056547,1.040862
32.564000,-0.252346,0.007988,1.043502,0.263575,0.000009,0.024399,0.174174,0.000005,1.570774,0.058989,1.000000,1.100000,0.000000,0.000000,-1.571000,0.311335,0.992012,0.056498,1.041254
32.566000,-0.251814,0.007988,1.043551,0.266542,0.000009,0.024424,0.174162,0.000005,1.570774,0.060836,1.000000,1.100000,0.000000,0.000000,-1.571000,0.312650,0.992012,0.056449,1.041645
32.568000,-0.251276,0.007988,1.043600,0.269502,0.000009,0.024441,0.174146,0.000004,1.570775,0.062681,1.000000,1.100000,0.000000,0.000000,-1.571000,0.313957,0.992012,0.056400,1.042036
32.570000,-0.250732,0.007988,1.043649,0.272456,0.000009,0.024452,0.174125,0.000004,1.570775,0.064523,1.000000,1.100000,0.000000,0.000000,-1.571000,0.315255,0.992012,0.056351,1.042425
32.572000,-0.250182,0.007988,1.043698,0.275402,0.000009,0.024458,0.174097,0.000004,1.570775,0.066362,1.000000,1.100000,0.000000,0.000000,-1.571000,0.316545,0.992012,0.056302,1.042813
32.574000,-0.249626,0.007988,1.043747,0.278342,0.000009,0.024459,0.174063,0.000004,1.570775,0.068199,1.000000,1.100000,0.000000,0.000000,-1.571000,0.317826,0.992012,0.056253,1.043200
32.576000,-0.249065,0.007988,1.043796,0.281274,0.000009,0.024456,0.174020,0.000003,1.570776,0.070034,1.000000,1.100000,0.000000,0.000000,-1.571000,0.319098,0.992012,0.056204,1.043586
32.578000,-0.248497,0.007988,1.043845,0.284200,0.000009,0.024448,0.173968,0.000003,1.570776,0.071865,1.000000,1.100000,0.000000,0.000000,-1.571000,0.320362,0.992012,0.056155,1.043970
32.580000,-0.247924,0.007988,1.043894,0.287118,0.000009,0.024437,0.173907,0.000003,1.570776,0.073694,1.000000,1.100000,0.000000,0.000000,-1.571000,0.321618,0.992012,0.056106,1.044353
32.582000,-0.247345,0.007988,1.043942,0.290030,0.000009,0.024423,0.173835,0.000002,1.570777,0.075519,1.000000,1.100000,0.000000,0.000000,-1.571000,0.322864,0.992012,0.056058,1.044735
32.584000,-0.246760,0.007988,1.043991,0.292933,0.000009,0.024406,0.173754,0.000002,1.570777,0.077342,1.000000,1.100000,0.000000,0.000000,-1.571000,0.324102,0.992012,0.056009,1.045116
32.586000,-0.246169,0.007988,1.044040,0.295830,0.000009,0.024387,0.173662,0.000002,1.570778,0.079162,1.000000,1.100000,0.000000,0.000000,-1.571000,0.325331,0.992012,0.055960,1.045495
32.588000,-0.245572,0.007988,1.044089,0.298718,0.000009,0.024365,0.173559,0.000001,1.570778,0.080978,1.000000,1.100000,0.000000,0.000000,-1.571000,0.326551,0.992012,0.055911,1.045873
32.590000,-0.244970,0.007988,1.044138,0.301599,0.000009,0.024342,0.173444,0.000001,1.570779,0.082792,1.000000,1.100000,0.000000,0.000000,-1.571000,0.327762,0.992012,0.055862,1.046249
32.592000,-0.244362,0.007988,1.044186,0.304472,0.000009,0.024317,0.173319,0.000001,1.570780,0.084602,1.000000,1.100000,0.000000,0.000000,-1.571000,0.328964,0.992012,0.055814,1.046623
32.594000,-0.243748,0.007988,1.044235,0.307336,0.000009,0.024290,0.173182,0.000000,1.570780,0.086409,1.000000,1.100000,0.000000,0.000000,-1.571000,0.330157,0.992012,0.055765,1.046996
32.596000,-0.243128,0.007988,1.044284,0.310193,0.000009,0.024262,0.173035,-0.000000,1.570781,0.088212,1.000000,1.100000,0.000000,0.000000,-1.571000,0.331340,0.992012,0.055716,1.047367
32.598000,-0.242503,0.007988,1.044332,0.313040,0.000009,0.024234,0.172876,-0.000000,1.570782,0.090012,1.000000,1.100000,0.000000,0.000000,-1.571000,0.332515,0.992012,0.055668,1.047737
32.600000,-0.241872,0.007988,1.044381,0.315879,0.000009,0.024204,0.172706,-0.000001,1.570783,0.091808,1.000000,1.100000,0.000000,0.000000,-1.571000,0.333680,0.992012,0.055619,1.048105
32.602000,-0.241235,0.007988,1.044429,0.318710,0.000009,0.024174,0.172526,-0.000001,1.570783,0.093601,1.000000,1.100000,0.000000,0.000000,-1.571000,0.334836,0.992012,0.055571,1.048471
32.604000,-0.240593,0.007988,1.044477,0.321531,0.000009,0.024143,0.172335,-0.000001,1.570784,0.095390,1.000000,1.100000,0.000000,0.000000,-1.571000,0.335983,0.992012,0.055523,1.048835
32.606000,-0.239945,0.007988,1.044526,0.324343,0.000009,0.024112,0.172134,-0.000002,1.570785,0.097175,1.000000,1.100000,0.000000,0.000000,-1.571000,0.337120,0.992012,0.055474,1.049197
32.608000,-0.239292,0.007988,1.044574,0.327145,0.000008,0.024081,0.171924,-0.000002,1.570786,0.098957,1.000000,1.100000,0.000000,0.000000,-1.571000,0.338248,0.992012,0.055426,1.049558
32.610000,-0.238633,0.007988,1.044622,0.329938,0.000008,0.024050,0.171704,-0.000002,1.570786,0.100734,1.000000,1.100000,0.000000,0.000000,-1.571000,0.339367,0.992012,0.055378,1.049916
32.612000,-0.237968,0.007988,1.044670,0.332722,0.000008,0.024019,0.171475,-0.000003,1.570787,0.102508,1.000000,1.100000,0.000000,0.000000,-1.571000,0.340475,0.992012,0.055330,1.050273
32.614000,-0.237298,0.007988,1.044718,0.335495,0.000008,0.023988,0.171238,-0.000003,1.570788,0.104277,1.000000,1.100000,0.000000,0.000000,-1.571000,0.341575,0.992012,0.055282,1.050627
32.616000,-0.236622,0.007988,1.044766,0.338259,0.000008,0.023957,0.170993,-0.000003,1.570788,0.106042,1.000000,1.100000,0.000000,0.000000,-1.571000,0.342664,0.992012,0.055234,1.050979
32.618000,-0.235940,0.007988,1.044814,0.341013,0.000008,0.023926,0.170740,-0.000003,1.570789,0.107804,1.000000,1.100000,0.000000,0.000000,-1.571000,0.343744,0.992012,0.055186,1.051329
32.620000,-0.235254,0.007988,1.044862,0.343756,0.000008,0.023896,0.170480,-0.000003,1.570790,0.109561,1.000000,1.100000,0.000000,0.000000,-1.571000,0.344814,0.992012,0.055138,1.051677
32.622000,-0.234561,0.007988,1.044910,0.346489,0.000008,0.023862,0.170213,-0.000003,1.570790,0.111313,1.000000,1.100000,0.000000,0.000000,-1.571000,0.345874,0.992012,0.055090,1.052023
32.624000,-0.233864,0.007988,1.044957,0.349210,0.000008,0.023823,0.169937,-0.000003,1.570791,0.113061,1.000000,1.100000,0.000000,0.000000,-1.571000,0.346925,0.992012,0.055043,1.052366
32.626000,-0.233160,0.007988,1.045005,0.351919,0.000008,0.023778,0.169650,-0.000003,1.570791,0.114805,1.000000,1.100000,0.000000,0.000000,-1.571000,0.347965,0.992012,0.054995,1.052707
32.628000,-0.232452,0.007988,1.045053,0.354616,0.000007,0.023727,0.169350,-0.000003,1.570792,0.116544,1.000000,1.100000,0.000000,0.000000,-1.571000,0.348996,0.992012,0.054947,1.053045
32.630000,-0.231738,0.007988,1.045100,0.357302,0.000007,0.023673,0.169035,-0.000003,1.570792,0.118279,1.000000,1.100000,0.000000,0.000000,-1.571000,0.350017,0.992012,0.054900,1.053382
32.632000,-0.231018,0.007988,1.045147,0.359976,0.000007,0.023615,0.168705,-0.000003,1.570793,0.120009,1.000000,1.100000,0.000000,0.000000,-1.571000,0.351027,0.992012,0.054853,1.053715
32.634000,-0.230294,0.007988,1.045194,0.362637,0.000007,0.023553,0.168359,-0.000003,1.570793,0.121734,1.000000,1.100000,0.000000,0.000000,-1.571000,0.352028,0.992012,0.054806,1.054047
32.636000,-0.229564,0.007988,1.045242,0.365286,0.000007,0.023489,0.167996,-0.000003,1.570794,0.123454,1.000000,1.100000,0.000000,0.000000,-1.571000,0.353018,0.992012,0.054758,1.054375
32.638000,-0.228829,0.007988,1.045288,0.367922,0.000007,0.023422,0.167616,-0.000003,1.570795,0.125170,1.000000,1.100000,0.000000,0.000000,-1.571000,0.353998,0.992012,0.054712,1.054702
32.640000,-0.228088,0.007988,1.045335,0.370546,0.000007,0.023353,0.167217,-0.000003,1.570795,0.126880,1.000000,1.100000,0.000000,0.000000,-1.571000,0.354968,0.992012,0.054665,1.055025
32.642000,-0.227342,0.007988,1.045382,0.373156,0.000007,0.023283,0.166800,-0.000003,1.570796,0.128586,1.000000,1.100000,0.000000,0.000000,-1.571000,0.355928,0.992012,0.054618,1.055346
32.644000,-0.226591,0.007988,1.045428,0.375752,0.000007,0.023212,0.166364,-0.000003,1.570796,0.130286,1.000000,1.100000,0.000000,0.000000,-1.571000,0.356878,0.992012,0.054572,1.055664
32.646000,-0.225835,0.007988,1.045475,0.378335,0.000007,0.023140,0.165910,-0.000003,1.570797,0.131982,1.000000,1.100000,0.000000,0.000000,-1.571000,0.357817,0.992012,0.054525,1.055980
32.648000,-0.225074,0.007988,1.045521,0.380903,0.000007,0.023067,0.165438,-0.000003,1.570797,0.133672,1.000000,1.100000,0.000000,0.000000,-1.571000,0.358746,0.992012,0.054479,1.056292
32.650000,-0.224307,0.007988,1.045567,0.383457,0.000007,0.022994,0.164948,-0.000003,1.570798,0.135357,1.000000,1.100000,0.000000,0.000000,-1.571000,0.359664,0.992012,0.054433,1.056602
32.652000,-0.223536,0.007988,1.045613,0.385996,0.000007,0.022920,0.164440,-0.000003,1.570798,0.137036,1.000000,1.100000,0.000000,0.000000,-1.571000,0.360572,0.992012,0.054387,1.056909
32.654000,-0.222759,0.007988,1.045659,0.388521,0.000006,0.022847,0.163916,-0.000003,1.570799,0.138710,1.000000,1.100000,0.000000,0.000000,-1.571000,0.361470,0.992012,0.054341,1.057213
32.656000,-0.221978,0.007988,1.045704,0.391030,0.000006,0.022774,0.163375,-0.000003,1.570799,0.140379,1.000000,1.100000,0.000000,0.000000,-1.571000,0.362357,0.992012,0.054296,1.057515
32.658000,-0.221191,0.007988,1.045750,0.393523,0.000006,0.022702,0.162817,-0.000003,1.570800,0.142042,1.000000,1.100000,0.000000,0.000000,-1.571000,0.363233,0.992012,0.054250,1.057813
32.660000,-0.220400,0.007988,1.045795,0.396001,0.000006,0.022630,0.162245,-0.000003,1.570800,0.143699,1.000000,1.100000,0.000000,0.000000,-1.571000,0.364099,0.992012,0.054205,1.058108
32.662000,-0.219603,0.007989,1.045840,0.398463,0.000006,0.022559,0.161659,-0.000003,1.570801,0.145351,1.000000,1.100000,0.000000,0.000000,-1.571000,0.364954,0.992011,0.054160,1.058401
32.664000,-0.218802,0.007989,1.045885,0.400908,0.000006,0.022489,0.161059,-0.000003,1.570801,0.146997,1.000000,1.100000,0.000000,0.000000,-1.571000,0.365799,0.992011,0.054115,1.058690
32.666000,-0.217995,0.007989,1.045930,0.403338,0.000006,0.022421,0.160447,-0.000004,1.570801,0.148638,1.000000,1.100000,0.000000,0.000000,-1.571000,0.366633,0.992011,0.054070,1.058976
32.668000,-0.217184,0.007989,1.045975,0.405750,0.000006,0.022353,0.159823,-0.000004,1.570802,0.150272,1.000000,1.100000,0.000000,0.000000,-1.571000,0.367456,0.992011,0.054025,1.059259
32.670000,-0.216368,0.007989,1.046020,0.408145,0.000006,0.022287,0.159189,-0.000004,1.570802,0.151900,1.000000,1.100000,0.000000,0.000000,-1.571000,0.368269,0.992011,0.053980,1.059539
32.672000,-0.215548,0.007989,1.046064,0.410524,0.000006,0.022222,0.158545,-0.000004,1.570802,0.153523,1.000000,1.100000,0.000000,0.000000,-1.571000,0.369071,0.992011,0.053936,1.059816
32.674000,-0.214722,0.007989,1.046109,0.412885,0.000006,0.022159,0.157893,-0.000004,1.570802,0.155139,1.000000,1.100000,0.000000,0.000000,-1.571000,0.369862,0.992011,0.053891,1.060089
32.676000,-0.213892,0.007989,1.046153,0.415229,0.000006,0.022097,0.157234,-0.000004,1.570802,0.156750,1.000000,1.100000,0.000000,0.000000,-1.571000,0.370642,0.992011,0.053847,1.060359
32.678000,-0.213057,0.007989,1.046197,0.417556,0.000006,0.022037,0.156568,-0.000005,1.570802,0.158354,1.000000,1.100000,0.000000,0.000000,-1.571000,0.371411,0.992011,0.053803,1.060626
32.680000,-0.212218,0.007989,1.046241,0.419865,0.000006,0.021979,0.155897,-0.000005,1.570802,0.159951,1.000000,1.100000,0.000000,0.000000,-1.571000,0.372170,0.992011,0.053759,1.060890
32.682000,-0.211374,0.007989,1.046285,0.422157,0.000006,0.021918,0.155221,-0.000005,1.570802,0.161543,1.000000,1.100000,0.000000,0.000000,-1.571000,0.372917,0.992011,0.053715,1.061150
32.684000,-0.210525,0.007989,1.046329,0.424429,0.000005,0.021851,0.154538,-0.000005,1.570802,0.163128,1.000000,1.100000,0.000000,0.000000,-1.571000,0.373654,0.992011,0.053671,1.061407
32.686000,-0.209672,0.007989,1.046373,0.426682,0.000005,0.021778,0.153846,-0.000005,1.570802,0.164707,1.000000,1.100000,0.000000,0.000000,-1.571000,0.374379,0.992011,0.053627,1.061660
32.688000,-0.208815,0.007989,1.046416,0.428917,0.000005,0.021700,0.153143,-0.000006,1.570802,0.166279,1.000000,1.100000,0.000000,0.000000,-1.571000,0.375094,0.992011,0.053584,1.061910
32.690000,-0.207953,0.007989,1.046459,0.431133,0.000005,0.021618,0.152428,-0.000006,1.570801,0.167845,1.000000,1.100000,0.000000,0.000000,-1.571000,0.375797,0.992011,0.053541,1.062157
32.692000,-0.207086,0.007989,1.046502,0.433330,0.000005,0.021533,0.151700,-0.000006,1.570801,0.169404,1.000000,1.100000,0.000000,0.000000,-1.571000,0.376490,0.992011,0.053498,1.062400
32.694000,-0.206216,0.007989,1.046545,0.435507,0.000005,0.021445,0.150957,-0.000006,1.570801,0.170956,1.000000,1.100000,0.000000,0.000000,-1.571000,0.377172,0.992011,0.053455,1.062639
32.696000,-0.205340,0.007989,1.046588,0.437665,0.000005,0.021354,0.150200,-0.000006,1.570801,0.172502,1.000000,1.100000,0.000000,0.000000,-1.571000,0.377842,0.992011,0.053412,1.062875
32.698000,-0.204461,0.007989,1.046631,0.439804,0.000005,0.021262,0.149427,-0.000006,1.570800,0.174040,1.000000,1.100000,0.000000,0.000000,-1.571000,0.378501,0.992011,0.053369,1.063108
32.700000,-0.203577,0.007989,1.046673,0.441923,0.000005,0.021168,0.148638,-0.000007,1.570800,0.175572,1.000000,1.100000,0.000000,0.000000,-1.571000,0.379150,0.992011,0.053327,1.063336
32.702000,-0.202689,0.007989,1.046716,0.444022,0.000004,0.021073,0.147834,-0.000007,1.570800,0.177097,1.000000,1.100000,0.000000,0.000000,-1.571000,0.379787,0.992011,0.053284,1.063562
32.704000,-0.201797,0.007989,1.046758,0.446101,0.000004,0.020977,0.147014,-0.000007,1.570800,0.178615,1.000000,1.100000,0.000000,0.000000,-1.571000,0.380413,0.992011,0.053242,1.063783
32.706000,-0.200901,0.007989,1.046799,0.448160,0.000004,0.020881,0.146179,-0.000007,1.570799,0.180126,1.000000,1.100000,0.000000,0.000000,-1.571000,0.381027,0.992011,0.053201,1.064001
32.708000,-0.200001,0.007989,1.046841,0.450198,0.000004,0.020785,0.145328,-0.000007,1.570799,0.181630,1.000000,1.100000,0.000000,0.000000,-1.571000,0.381631,0.992011,0.053159,1.064215
32.710000,-0.199097,0.007989,1.046883,0.452215,0.000004,0.020689,0.144463,-0.000008,1.570799,0.183127,1.000000,1.100000,0.000000,0.000000,-1.571000,0.382223,0.992011,0.053117,1.064426
32.712000,-0.198188,0.007989,1.046924,0.454211,0.000004,0.020593,0.143584,-0.000008,1.570798,0.184616,1.000000,1.100000,0.000000,0.000000,-1.571000,0.382804,0.992011,0.053076,1.064633
32.714000,-0.197276,0.007989,1.046965,0.456186,0.000004,0.020499,0.142692,-0.000008,1.570798,0.186098,1.000000,1.100000,0.000000,0.000000,-1.571000,0.383374,0.992011,0.053035,1.064835
32.716000,-0.196360,0.007989,1.047006,0.458140,0.000003,0.020405,0.141787,-0.000008,1.570798,0.187573,1.000000,1.100000,0.000000,0.000000,-1.571000,0.383933,0.992011,0.052994,1.065035
32.718000,-0.195440,0.007989,1.047046,0.460072,0.000003,0.020312,0.140871,-0.000008,1.570797,0.189040,1.000000,1.100000,0.000000,0.000000,-1.571000,0.384480,0.992011,0.052954,1.065230
32.720000,-0.194516,0.007989,1.047087,0.461982,0.000003,0.020220,0.139944,-0.000008,1.570797,0.190500,1.000000,1.100000,0.000000,0.000000,-1.571000,0.385016,0.992011,0.052913,1.065422
32.722000,-0.193588,0.007989,1.047127,0.463870,0.000003,0.020130,0.139007,-0.000008,1.570797,0.191952,1.000000,1.100000,0.000000,0.000000,-1.571000,0.385540,0.992011,0.052873,1.065609
32.724000,-0.192656,0.007989,1.047168,0.465737,0.000003,0.020042,0.138062,-0.000009,1.570796,0.193397,1.000000,1.100000,0.000000,0.000000,-1.571000,0.386054,0.992011,0.052832,1.065793
32.726000,-0.191721,0.007989,1.047208,0.467581,0.000003,0.019954,0.137109,-0.000009,1.570796,0.194834,1.000000,1.100000,0.000000,0.000000,-1.571000,0.386556,0.992011,0.052792,1.065973
32.728000,-0.190782,0.007989,1.047247,0.469403,0.000002,0.019869,0.136150,-0.000009,1.570795,0.196264,1.000000,1.100000,0.000000,0.000000,-1.571000,0.387046,0.992011,0.052753,1.066149
32.730000,-0.189840,0.007989,1.047287,0.471203,0.000002,0.019786,0.135186,-0.000009,1.570795,0.197686,1.000000,1.100000,0.000000,0.000000,-1.571000,0.387526,0.992011,0.052713,1.066321
32.732000,-0.188894,0.007989,1.047326,0.472981,0.000002,0.019704,0.134218,-0.000009,1.570794,0.199100,1.000000,1.100000,0.000000,0.000000,-1.571000,0.387994,0.992011,0.052674,1.066489
32.734000,-0.187944,0.007989,1.047366,0.474736,0.000002,0.019625,0.133247,-0.000009,1.570794,0.200506,1.000000,1.100000,0.000000,0.000000,-1.571000,0.388450,0.992011,0.052634,1.066654
32.736000,-0.186991,0.007989,1.047405,0.476469,0.000002,0.019547,0.132275,-0.000009,1.570793,0.201904,1.000000,1.100000,0.000000,0.000000,-1.571000,0.388895,0.992011,0.052595,1.066814
32.738000,-0.186035,0.007989,1.047444,0.478179,0.000001,0.019471,0.131303,-0.000009,1.570792,0.203294,1.000000,1.100000,0.000000,0.000000,-1.571000,0.389329,0.992011,0.052556,1.066970
32.740000,-0.185075,0.007989,1.047483,0.479868,0.000001,0.019398,0.130332,-0.000009,1.570792,0.204676,1.000000,1.100000,0.000000,0.000000,-1.571000,0.389751,0.992011,0.052517,1.067122
32.742000,-0.184112,0.007989,1.047522,0.481534,0.000001,0.019327,0.129363,-0.000009,1.570791,0.206050,1.000000,1.100000,0.000000,0.000000,-1.571000,0.390162,0.992011,0.052478,1.067271
32.744000,-0.183145,0.007989,1.047560,0.483178,0.000001,0.019257,0.128397,-0.000009,1.570790,0.207416,1.000000,1.100000,0.000000,0.000000,-1.571000,0.390562,0.992011,0.052440,1.067415
32.746000,-0.182176,0.007989,1.047599,0.484801,0.000001,0.019190,0.127436,-0.000009,1.570789,0.208774,1.000000,1.100000,0.000000,0.000000,-1.571000,0.390949,0.992011,0.052401,1.067555
32.748000,-0.181203,0.007989,1.047637,0.486401,0.000000,0.019126,0.126481,-0.000009,1.570788,0.210123,1.000000,1.100000,0.000000,0.000000,-1.571000,0.391326,0.992011,0.052363,1.067691
32.750000,-0.180227,0.007989,1.047675,0.487980,0.000000,0.019063,0.125534,-0.000009,1.570787,0.211465,1.000000,1.100000,0.000000,0.000000,-1.571000,0.391691,0.992011,0.052325,1.067823
32.752000,-0.179247,0.007989,1.047713,0.489537,0.000000,0.019002,0.124594,-0.000009,1.570786,0.212797,1.000000,1.100000,0.000000,0.000000,-1.571000,0.392045,0.992011,0.052287,1.067951
32.754000,-0.178265,0.007989,1.047751,0.491073,-0.000000,0.018944,0.123664,-0.000009,1.570785,0.214122,1.000000,1.100000,0.000000,0.000000,-1.571000,0.392387,0.992011,0.052249,1.068075
32.756000,-0.177279,0.007989,1.047789,0.492588,-0.000000,0.018887,0.122744,-0.000009,1.570784,0.215438,1.000000,1.100000,0.000000,0.000000,-1.571000,0.392717,0.992011,0.052211,1.068194
32.758000,-0.176291,0.007989,1.047827,0.494083,-0.000001,0.018833,0.121836,-0.000009,1.570783,0.216745,1.000000,1.100000,0.000000,0.000000,-1.571000,0.393036,0.992011,0.052173,1.068310
32.760000,-0.175300,0.007989,1.047864,0.495557,-0.000001,0.018781,0.120941,-0.000009,1.570782,0.218044,1.000000,1.100000,0.000000,0.000000,-1.571000,0.393344,0.992011,0.052136,1.068421
32.762000,-0.174305,0.007989,1.047902,0.497010,-0.000001,0.018727,0.120058,-0.000009,1.570780,0.219335,1.000000,1.100000,0.000000,0.000000,-1.571000,0.393640,0.992011,0.052098,1.068528
32.764000,-0.173308,0.007989,1.047939,0.498442,-0.000001,0.018666,0.119185,-0.000009,1.570779,0.220616,1.000000,1.100000,0.000000,0.000000,-1.571000,0.393925,0.992011,0.052061,1.068631
32.766000,-0.172308,0.007989,1.047977,0.499854,-0.000001,0.018601,0.118321,-0.000009,1.570778,0.221889,1.000000,1.100000,0.000000,0.000000,-1.571000,0.394198,0.992011,0.052023,1.068730
32.768000,-0.171305,0.007989,1.048014,0.501245,-0.000002,0.018531,0.117464,-0.000009,1.570777,0.223154,1.000000,1.100000,0.000000,0.000000,-1.571000,0.394459,0.992011,0.051986,1.068825
32.770000,-0.170300,0.007989,1.048051,0.502617,-0.000002,0.018457,0.116612,-0.000009,1.570775,0.224409,1.000000,1.100000,0.000000,0.000000,-1.571000,0.394709,0.992011,0.051949,1.068915
32.772000,-0.169292,0.007989,1.048088,0.503968,-0.000002,0.018379,0.115764,-0.000009,1.570774,0.225655,1.000000,1.100000,0.000000,0.000000,-1.571000,0.394947,0.992011,0.051912,1.069002
32.774000,-0.168281,0.007989,1.048124,0.505300,-0.000002,0.018299,0.114920,-0.000009,1.570773,0.226893,1.000000,1.100000,0.000000,0.000000,-1.571000,0.395174,0.992011,0.051876,1.069084
32.776000,-0.167267,0.007989,1.048161,0.506613,-0.000003,0.018216,0.114077,-0.000009,1.570772,0.228122,1.000000,1.100000,0.000000,0.000000,-1.571000,0.395389,0.992011,0.051839,1.069161
32.778000,-0.166251,0.007989,1.048197,0.507906,-0.000003,0.018131,0.113235,-0.000009,1.570771,0.229341,1.000000,1.100000,0.000000,0.000000,-1.571000,0.395592,0.992011,0.051803,1.069235
32.780000,-0.165232,0.007989,1.048233,0.509180,-0.000003,0.018045,0.112394,-0.000009,1.570770,0.230552,1.000000,1.100000,0.000000,0.000000,-1.571000,0.395784,0.992011,0.051767,1.069304
32.782000,-0.164211,0.007989,1.048269,0.510435,-0.000003,0.017957,0.111552,-0.000010,1.570769,0.231754,1.000000,1.100000,0.000000,0.000000,-1.571000,0.395964,0.992011,0.051731,1.069369
32.784000,-0.163187,0.007989,1.048305,0.511670,-0.000004,0.017868,0.110711,-0.000010,1.570768,0.232946,1.000000,1.100000,0.000000,0.000000,-1.571000,0.396133,0.992011,0.051695,1.069430
32.786000,-0.162161,0.007989,1.048341,0.512887,-0.000004,0.017778,0.109868,-0.000010,1.570768,0.234129,1.000000,1.100000,0.000000,0.000000,-1.571000,0.396290,0.992011,0.051659,1.069486
32.788000,-0.161132,0.007989,1.048376,0.514085,-0.000004,0.017688,0.109025,-0.000010,1.570767,0.235303,1.000000,1.100000,0.000000,0.000000,-1.571000,0.396435,0.992011,0.051624,1.069538
32.790000,-0.160101,0.007989,1.048411,0.515263,-0.000004,0.017597,0.108181,-0.000010,1.570767,0.236468,1.000000,1.100000,0.000000,0.000000,-1.571000,0.396569,0.992011,0.051589,1.069586
32.792000,-0.159068,0.007989,1.048446,0.516423,-0.000005,0.017506,0.107335,-0.000010,1.570766,0.237623,1.000000,1.100000,0.000000,0.000000,-1.571000,0.396691,0.992011,0.051554,1.069630
32.794000,-0.158032,0.007989,1.048481,0.517564,-0.000005,0.017416,0.106489,-0.000010,1.570766,0.238769,1.000000,1.100000,0.000000,0.000000,-1.571000,0.396801,0.992011,0.051519,1.069669
32.796000,-0.156995,0.007989,1.048516,0.518686,-0.000005,0.017325,0.105642,-0.000010,1.570765,0.239905,1.000000,1.100000,0.000000,0.000000,-1.571000,0.396900,0.992011,0.051484,1.069704
32.798000,-0.155955,0.007989,1.048551,0.519790,-0.000005,0.017235,0.104794,-0.000010,1.570765,0.241032,1.000000,1.100000,0.000000,0.000000,-1.571000,0.396987,0.992011,0.051449,1.069735
32.800000,-0.154912,0.007989,1.048585,0.520875,-0.000006,0.017146,0.103946,-0.000010,1.570765,0.242150,1.000000,1.100000,0.000000,0.000000,-1.571000,0.397062,0.992011,0.051415,1.069761
32.802000,-0.153868,0.007989,1.048619,0.521941,-0.000006,0.017057,0.103098,-0.000010,1.570765,0.243258,1.000000,1.100000,0.000000,0.000000,-1.571000,0.397126,0.992011,0.051381,1.069783
32.804000,-0.152821,0.007989,1.048653,0.522988,-0.000006,0.016968,0.102250,-0.000011,1.570765,0.244356,1.000000,1.100000,0.000000,0.000000,-1.571000,0.397178,0.992011,0.051347,1.069800
32.806000,-0.151773,0.007989,1.048687,0.524017,-0.000006,0.016881,0.101403,-0.000011,1.570765,0.245445,1.000000,1.100000,0.000000,0.000000,-1.571000,0.397218,0.992011,0.051313,1.069814
32.808000,-0.150722,0.007989,1.048721,0.525027,-0.000007,0.016795,0.100557,-0.000011,1.570765,0.246524,1.000000,1.100000,0.000000,0.000000,-1.571000,0.397246,0.992011,0.051279,1.069823
32.810000,-0.149670,0.007989,1.048754,0.526019,-0.000007,0.016709,0.099713,-0.000011,1.570765,0.247593,1.000000,1.100000,0.000000,0.000000,-1.571000,0.397263,0.992011,0.051246,1.069827
32.812000,-0.148615,0.007989,1.048788,0.526992,-0.000007,0.016625,0.098871,-0.000011,1.570765,0.248653,1.000000,1.100000,0.000000,0.000000,-1.571000,0.397268,0.992011,0.051212,1.069828
32.814000,-0.147559,0.007989,1.048821,0.527947,-0.000007,0.016541,0.098033,-0.000012,1.570765,0.249702,1.000000,1.100000,0.000000,0.000000,-1.571000,0.397261,0.992011,0.051179,1.069823
32.816000,-0.146500,0.007989,1.048854,0.528884,-0.000008,0.016459,0.097198,-0.000012,1.570766,0.250742,1.000000,1.100000,0.000000,0.000000,-1.571000,0.397242,0.992011,0.051146,1.069815
32.818000,-0.145440,0.007989,1.048887,0.529803,-0.000008,0.016378,0.096367,-0.000012,1.570766,0.251772,1.000000,1.100000,0.000000,0.000000,-1.571000,0.397212,0.992011,0.051113,1.069802
32.820000,-0.144378,0.007989,1.048919,0.530704,-0.000008,0.016298,0.095540,-0.000012,1.570766,0.252792,1.000000,1.100000,0.000000,0.000000,-1.571000,0.397170,0.992011,0.051081,1.069785
32.822000,-0.143314,0.007989,1.048952,0.531586,-0.000008,0.016216,0.094719,-0.000013,1.570766,0.253802,1.000000,1.100000,0.000000,0.000000,-1.571000,0.397116,0.992011,0.051048,1.069764
32.824000,-0.142249,0.007989,1.048984,0.532451,-0.000009,0.016130,0.093898,-0.000013,1.570767,0.254802,1.000000,1.100000,0.000000,0.000000,-1.571000,0.397051,0.992011,0.051016,1.069738
32.826000,-0.141181,0.007989,1.049016,0.533297,-0.000009,0.016039,0.093077,-0.000013,1.570767,0.255792,1.000000,1.100000,0.000000,0.000000,-1.571000,0.396973,0.992011,0.050984,1.069707
32.828000,-0.140113,0.007989,1.049048,0.534125,-0.000009,0.015945,0.092252,-0.000013,1.570767,0.256772,1.000000,1.100000,0.000000,0.000000,-1.571000,0.396884,0.992011,0.050952,1.069673
32.830000,-0.139042,0.007988,1.049080,0.534936,-0.000010,0.015849,0.091422,-0.000014,1.570768,0.257742,1.000000,1.100000,0.000000,0.000000,-1.571000,0.396784,0.992012,0.050920,1.069634
32.832000,-0.137970,0.007988,1.049112,0.535728,-0.000010,0.015749,0.090585,-0.000014,1.570769,0.258701,1.000000,1.100000,0.000000,0.000000,-1.571000,0.396671,0.992012,0.050888,1.069591
32.834000,-0.136896,0.007988,1.049143,0.536501,-0.000010,0.015647,0.089739,-0.000014,1.570769,0.259650,1.000000,1.100000,0.000000,0.000000,-1.571000,0.396547,0.992012,0.050857,1.069543
32.836000,-0.135821,0.007988,1.049174,0.537257,-0.000011,0.015544,0.088884,-0.000014,1.570770,0.260589,1.000000,1.100000,0.000000,0.000000,-1.571000,0.396410,0.992012,0.050826,1.069491
32.838000,-0.134744,0.007988,1.049205,0.537994,-0.000011,0.015439,0.088019,-0.000014,1.570771,0.261518,1.000000,1.100000,0.000000,0.000000,-1.571000,0.396262,0.992012,0.050795,1.069435
32.840000,-0.133666,0.007988,1.049236,0.538713,-0.000011,0.015333,0.087141,-0.000014,1.570771,0.262437,1.000000,1.100000,0.000000,0.000000,-1.571000,0.396103,0.992012,0.050764,1.069374
32.842000,-0.132587,0.007988,1.049266,0.539413,-0.000011,0.015226,0.086252,-0.000014,1.570772,0.263345,1.000000,1.100000,0.000000,0.000000,-1.571000,0.395931,0.992012,0.050734,1.069309
32.844000,-0.131506,0.007988,1.049297,0.540094,-0.000012,0.015118,0.085351,-0.000014,1.570773,0.264242,1.000000,1.100000,0.000000,0.000000,-1.571000,0.395748,0.992012,0.050703,1.069240
32.846000,-0.130423,0.007988,1.049327,0.540756,-0.000012,0.015010,0.084438,-0.000014,1.570774,0.265130,1.000000,1.100000,0.000000,0.000000,-1.571000,0.395553,0.992012,0.050673,1.069167
32.848000,-0.129340,0.007988,1.049357,0.541398,-0.000012,0.014901,0.083512,-0.000014,1.570775,0.266006,1.000000,1.100000,0.000000,0.000000,-1.571000,0.395346,0.992012,0.050643,1.069089
32.850000,-0.128255,0.007988,1.049386,0.542022,-0.000013,0.014793,0.082573,-0.000014,1.570776,0.266873,1.000000,1.100000,0.000000,0.000000,-1.571000,0.395128,0.992012,0.050614,1.069007
32.852000,-0.127169,0.007988,1.049416,0.542625,-0.000013,0.014684,0.081623,-0.000014,1.570777,0.267729,1.000000,1.100000,0.000000,0.000000,-1.571000,0.394897,0.992012,0.050584,1.068920
32.854000,-0.126082,0.007988,1.049445,0.543209,-0.000013,0.014576,0.080661,-0.000014,1.570778,0.268574,1.000000,1.100000,0.000000,0.000000,-1.571000,0.394655,0.992012,0.050555,1.068829
32.856000,-0.124993,0.007988,1.049474,0.543773,-0.000013,0.014469,0.079688,-0.000013,1.570779,0.269408,1.000000,1.100000,0.000000,0.000000,-1.571000,0.394402,0.992012,0.050526,1.068734
32.858000,-0.123904,0.007988,1.049503,0.544317,-0.000014,0.014362,0.078705,-0.000013,1.570780,0.270232,1.000000,1.100000,0.000000,0.000000,-1.571000,0.394136,0.992012,0.050497,1.068635
32.860000,-0.122813,0.007988,1.049531,0.544840,-0.000014,0.014255,0.077712,-0.000013,1.570781,0.271045,1.000000,1.100000,0.000000,0.000000,-1.571000,0.393859,0.992012,0.050469,1.068531
32.862000,-0.121722,0.007988,1.049560,0.545343,-0.000014,0.014149,0.076710,-0.000013,1.570782,0.271848,1.000000,1.100000,0.000000,0.000000,-1.571000,0.393570,0.992012,0.050440,1.068424
32.864000,-0.120629,0.007988,1.049588,0.545825,-0.000014,0.014044,0.075700,-0.000012,1.570783,0.272640,1.000000,1.100000,0.000000,0.000000,-1.571000,0.393269,0.992012,0.050412,1.068312
32.866000,-0.119536,0.007988,1.049616,0.546287,-0.000015,0.013940,0.074683,-0.000012,1.570784,0.273421,1.000000,1.100000,0.000000,0.000000,-1.571000,0.392957,0.992012,0.050384,1.068195
32.868000,-0.118442,0.007988,1.049644,0.546728,-0.000015,0.013837,0.073660,-0.000012,1.570785,0.274191,1.000000,1.100000,0.000000,0.000000,-1.571000,0.392633,0.992012,0.050356,1.068075
32.870000,-0.117346,0.007988,1.049671,0.547148,-0.000015,0.013735,0.072632,-0.000011,1.570786,0.274951,1.000000,1.100000,0.000000,0.000000,-1.571000,0.392297,0.992012,0.050329,1.067950
32.872000,-0.116250,0.007988,1.049699,0.547547,-0.000015,0.013634,0.071599,-0.000011,1.570786,0.275699,1.000000,1.100000,0.000000,0.000000,-1.571000,0.391950,0.992012,0.050301,1.067821
32.874000,-0.115154,0.007988,1.049726,0.547925,-0.000016,0.013534,0.070564,-0.000011,1.570787,0.276437,1.000000,1.100000,0.000000,0.000000,-1.571000,0.391591,0.992012,0.050274,1.067689
32.876000,-0.114056,0.007988,1.049753,0.548282,-0.000016,0.013435,0.069528,-0.000010,1.570788,0.277164,1.000000,1.100000,0.000000,0.000000,-1.571000,0.391220,0.992012,0.050247,1.067551
32.878000,-0.112958,0.007988,1.049779,0.548619,-0.000016,0.013338,0.068490,-0.000010,1.570788,0.277880,1.000000,1.100000,0.000000,0.000000,-1.571000,0.390838,0.992012,0.050221,1.067410
32.880000,-0.111859,0.007988,1.049806,0.548934,-0.000016,0.013241,0.067454,-0.000010,1.570789,0.278585,1.000000,1.100000,0.000000,0.000000,-1.571000,0.390444,0.992012,0.050194,1.067265
32.882000,-0.110760,0.007988,1.049832,0.549229,-0.000016,0.013144,0.066418,-0.000009,1.570790,0.279279,1.000000,1.100000,0.000000,0.000000,-1.571000,0.390038,0.992012,0.050168,1.067115
32.884000,-0.109660,0.007988,1.049859,0.549502,-0.000016,0.013044,0.065381,-0.000009,1.570790,0.279961,1.000000,1.100000,0.000000,0.000000,-1.571000,0.389621,0.992012,0.050141,1.066962
32.886000,-0.108559,0.007988,1.049884,0.549755,-0.000017,0.012943,0.064340,-0.000009,1.570790,0.280633,1.000000,1.100000,0.000000,0.000000,-1.571000,0.389193,0.992012,0.050116,1.066804
32.888000,-0.107458,0.007988,1.049910,0.549986,-0.000017,0.012840,0.063293,-0.000008,1.570791,0.281294,1.000000,1.100000,0.000000,0.000000,-1.571000,0.388752,0.992012,0.050090,1.066642
32.890000,-0.106357,0.007988,1.049936,0.550197,-0.000017,0.012736,0.062240,-0.000008,1.570791,0.281944,1.000000,1.100000,0.000000,0.000000,-1.571000,0.388301,0.992012,0.050064,1.066477
32.892000,-0.105255,0.007988,1.049961,0.550386,-0.000017,0.012630,0.061178,-0.000007,1.570791,0.282582,1.000000,1.100000,0.000000,0.000000,-1.571000,0.387837,0.992012,0.050039,1.066307
32.894000,-0.104153,0.007988,1.049986,0.550555,-0.000017,0.012524,0.060107,-0.000007,1.570792,0.283209,1.000000,1.100000,0.000000,0.000000,-1.571000,0.387363,0.992012,0.050014,1.066133
32.896000,-0.103051,0.007988,1.050011,0.550701,-0.000017,0.012417,0.059026,-0.000007,1.570792,0.283826,1.000000,1.100000,0.000000,0.000000,-1.571000,0.386876,0.992012,0.049989,1.065955
32.898000,-0.101948,0.007988,1.050036,0.550827,-0.000017,0.012310,0.057934,-0.000006,1.570792,0.284431,1.000000,1.100000,0.000000,0.000000,-1.571000,0.386379,0.992012,0.049964,1.065774
32.900000,-0.100845,0.007987,1.050060,0.550930,-0.000017,0.012202,0.056832,-0.000006,1.570793,0.285024,1.000000,1.100000,0.000000,0.000000,-1.571000,0.385869,0.992013,0.049940,1.065588
32.902000,-0.099742,0.007987,1.050085,0.551012,-0.000017,0.012094,0.055718,-0.000006,1.570793,0.285607,1.000000,1.100000,0.000000,0.000000,-1.571000,0.385349,0.992013,0.049915,1.065399
32.904000,-0.098639,0.007987,1.050109,0.551072,-0.000018,0.011986,0.054594,-0.000006,1.570793,0.286178,1.000000,1.100000,0.000000,0.000000,-1.571000,0.384817,0.992013,0.049891,1.065205
32.906000,-0.097535,0.007987,1.050133,0.551110,-0.000018,0.011878,0.053459,-0.000005,1.570793,0.286738,1.000000,1.100000,0.000000,0.000000,-1.571000,0.384273,0.992013,0.049867,1.065008
32.908000,-0.096432,0.007987,1.050156,0.551125,-0.000018,0.011771,0.052313,-0.000005,1.570793,0.287286,1.000000,1.100000,0.000000,0.000000,-1.571000,0.383719,0.992013,0.049844,1.064807
32.910000,-0.095329,0.007987,1.050180,0.551118,-0.000018,0.011664,0.051158,-0.000005,1.570794,0.287824,1.000000,1.100000,0.000000,0.000000,-1.571000,0.383152,0.992013,0.049820,1.064602
32.912000,-0.094225,0.007987,1.050203,0.551089,-0.000018,0.011557,0.049994,-0.000004,1.570794,0.288350,1.000000,1.100000,0.000000,0.000000,-1.571000,0.382575,0.992013,0.049797,1.064393
32.914000,-0.093122,0.007987,1.050226,0.551036,-0.000018,0.011450,0.048821,-0.000004,1.570794,0.288864,1.000000,1.100000,0.000000,0.000000,-1.571000,0.381986,0.992013,0.049774,1.064181
32.916000,-0.092019,0.007987,1.050248,0.550961,-0.000018,0.011345,0.047640,-0.000004,1.570795,0.289367,1.000000,1.100000,0.000000,0.000000,-1.571000,0.381386,0.992013,0.049752,1.063964
32.918000,-0.090916,0.007987,1.050271,0.550863,-0.000018,0.011239,0.046453,-0.000004,1.570795,0.289859,1.000000,1.100000,0.000000,0.000000,-1.571000,0.380775,0.992013,0.049729,1.063744
32.920000,-0.089814,0.007987,1.050293,0.550742,-0.000018,0.011135,0.045260,-0.000004,1.570795,0.290339,1.000000,1.100000,0.000000,0.000000,-1.571000,0.380153,0.992013,0.049707,1.063521
32.922000,-0.088711,0.007987,1.050315,0.550598,-0.000018,0.011031,0.044062,-0.000003,1.570795,0.290808,1.000000,1.100000,0.000000,0.000000,-1.571000,0.379519,0.992013,0.049685,1.063293
32.924000,-0.087609,0.007987,1.050337,0.550431,-0.000018,0.010927,0.042861,-0.000003,1.570796,0.291265,1.000000,1.100000,0.000000,0.000000,-1.571000,0.378874,0.992013,0.049663,1.063062
32.926000,-0.086508,0.007987,1.050359,0.550240,-0.000018,0.010825,0.041657,-0.000003,1.570796,0.291711,1.000000,1.100000,0.000000,0.000000,-1.571000,0.378218,0.992013,0.049641,1.062828
32.928000,-0.085406,0.007987,1.050381,0.550027,-0.000018,0.010723,0.040452,-0.000003,1.570796,0.292145,1.000000,1.100000,0.000000,0.000000,-1.571000,0.377551,0.992013,0.049619,1.062590
32.930000,-0.084305,0.007987,1.050402,0.549790,-0.000018,0.010622,0.039247,-0.000003,1.570796,0.292568,1.000000,1.100000,0.000000,0.000000,-1.571000,0.376873,0.992013,0.049598,1.062348
32.932000,-0.083205,0.007987,1.050423,0.549530,-0.000018,0.010522,0.038044,-0.000002,1.570796,0.292979,1.000000,1.100000,0.000000,0.000000,-1.571000,0.376184,0.992013,0.049577,1.062103
32.934000,-0.082105,0.007987,1.050444,0.549247,-0.000018,0.010422,0.036843,-0.000002,1.570796,0.293379,1.000000,1.100000,0.000000,0.000000,-1.571000,0.375484,0.992013,0.049556,1.061854
32.936000,-0.081006,0.007987,1.050465,0.548942,-0.000018,0.010323,0.035645,-0.000002,1.570796,0.293767,1.000000,1.100000,0.000000,0.000000,-1.571000,0.374773,0.992013,0.049535,1.061602
32.938000,-0.079908,0.007987,1.050485,0.548613,-0.000018,0.010225,0.034453,-0.000002,1.570796,0.294143,1.000000,1.100000,0.000000,0.000000,-1.571000,0.374051,0.992013,0.049515,1.061346
32.940000,-0.078810,0.007987,1.050506,0.548262,-0.000018,0.010128,0.033267,-0.000002,1.570796,0.294508,1.000000,1.100000,0.000000,0.000000,-1.571000,0.373318,0.992013,0.049494,1.061087
32.942000,-0.077713,0.007987,1.050526,0.547889,-0.000018,0.010031,0.032089,-0.000002,1.570795,0.294861,1.000000,1.100000,0.000000,0.000000,-1.571000,0.372574,0.992013,0.049474,1.060825
32.944000,-0.076617,0.007987,1.050546,0.547493,-0.000018,0.009935,0.030920,-0.000002,1.570795,0.295203,1.000000,1.100000,0.000000,0.000000,-1.571000,0.371820,0.992013,0.049454,1.060559
32.946000,-0.075521,0.007987,1.050565,0.547076,-0.000018,0.009840,0.029760,-0.000001,1.570795,0.295533,1.000000,1.100000,0.000000,0.000000,-1.571000,0.371054,0.992013,0.049435,1.060290
32.948000,-0.074427,0.007987,1.050585,0.546636,-0.000018,0.009745,0.028613,-0.000001,1.570794,0.295851,1.000000,1.100000,0.000000,0.000000,-1.571000,0.370278,0.992013,0.049415,1.060018
32.950000,-0.073333,0.007987,1.050604,0.546175,-0.000018,0.009652,0.027477,-0.000001,1.570794,0.296158,1.000000,1.100000,0.000000,0.000000,-1.571000,0.369491,0.992013,0.049396,1.059742
32.952000,-0.072240,0.007987,1.050623,0.545693,-0.000018,0.009558,0.026356,-0.000001,1.570793,0.296452,1.000000,1.100000,0.000000,0.000000,-1.571000,0.368693,0.992013,0.049377,1.059464
32.954000,-0.071148,0.007987,1.050642,0.545190,-0.000018,0.009466,0.025249,-0.000001,1.570792,0.296736,1.000000,1.100000,0.000000,0.000000,-1.571000,0.367884,0.992013,0.049358,1.059182
32.956000,-0.070058,0.007986,1.050661,0.544666,-0.000018,0.009374,0.024158,-0.000001,1.570792,0.297007,1.000000,1.100000,0.000000,0.000000,-1.571000,0.367065,0.992014,0.049339,1.058896
32.958000,-0.068968,0.007986,1.050680,0.544123,-0.000018,0.009283,0.023084,-0.000001,1.570791,0.297267,1.000000,1.100000,0.000000,0.000000,-1.571000,0.366235,0.992014,0.049320,1.058608
32.960000,-0.067880,0.007986,1.050698,0.543559,-0.000018,0.009192,0.022029,-0.000001,1.570790,0.297515,1.000000,1.100000,0.000000,0.000000,-1.571000,0.365394,0.992014,0.049302,1.058317
32.962000,-0.066792,0.007986,1.050717,0.542976,-0.000018,0.009101,0.020991,-0.000001,1.570789,0.297751,1.000000,1.100000,0.000000,0.000000,-1.571000,0.364543,0.992014,0.049283,1.058023
32.964000,-0.065706,0.007986,1.050735,0.542373,-0.000018,0.009009,0.019969,-0.000001,1.570788,0.297976,1.000000,1.100000,0.000000,0.000000,-1.571000,0.363682,0.992014,0.049265,1.057725
32.966000,-0.064621,0.007986,1.050753,0.541752,-0.000018,0.008915,0.018961,-0.000000,1.570787,0.298188,1.000000,1.100000,0.000000,0.000000,-1.571000,0.362810,0.992014,0.049247,1.057425
32.968000,-0.063538,0.007986,1.050770,0.541113,-0.000018,0.008822,0.017966,-0.000000,1.570786,0.298389,1.000000,1.100000,0.000000,0.000000,-1.571000,0.361927,0.992014,0.049230,1.057122
32.970000,-0.062455,0.007986,1.050788,0.540455,-0.000018,0.008727,0.016981,-0.000000,1.570785,0.298578,1.000000,1.100000,0.000000,0.000000,-1.571000,0.361034,0.992014,0.049212,1.056815
32.972000,-0.061374,0.007986,1.050805,0.539779,-0.000018,0.008632,0.016006,-0.000000,1.570784,0.298756,1.000000,1.100000,0.000000,0.000000,-1.571000,0.360130,0.992014,0.049195,1.056506
32.974000,-0.060295,0.007986,1.050822,0.539086,-0.000018,0.008536,0.015039,-0.000000,1.570783,0.298921,1.000000,1.100000,0.000000,0.000000,-1.571000,0.359216,0.992014,0.049178,1.056194
32.976000,-0.059217,0.007986,1.050839,0.538375,-0.000018,0.008440,0.014079,-0.000000,1.570782,0.299075,1.000000,1.100000,0.000000,0.000000,-1.571000,0.358292,0.992014,0.049161,1.055879
32.978000,-0.058140,0.007986,1.050856,0.537647,-0.000018,0.008343,0.013126,-0.000000,1.570781,0.299217,1.000000,1.100000,0.000000,0.000000,-1.571000,0.357357,0.992014,0.049144,1.055562
32.980000,-0.057065,0.007986,1.050873,0.536901,-0.000018,0.008246,0.012178,-0.000000,1.570780,0.299347,1.000000,1.100000,0.000000,0.000000,-1.571000,0.356412,0.992014,0.049127,1.055242
32.982000,-0.055991,0.007986,1.050889,0.536139,-0.000018,0.008149,0.011235,-0.000000,1.570780,0.299466,1.000000,1.100000,0.000000,0.000000,-1.571000,0.355457,0.992014,0.049111,1.054918
32.984000,-0.054919,0.007986,1.050905,0.535359,-0.000018,0.008051,0.010297,-0.000000,1.570779,0.299572,1.000000,1.100000,0.000000,0.000000,-1.571000,0.354491,0.992014,0.049095,1.054593
32.986000,-0.053848,0.007986,1.050921,0.534563,-0.000018,0.007953,0.009363,-0.000000,1.570778,0.299667,1.000000,1.100000,0.000000,0.000000,-1.571000,0.353515,0.992014,0.049079,1.054264
32.988000,-0.052779,0.007986,1.050937,0.533750,-0.000018,0.007855,0.008432,-0.000000,1.570778,0.299750,1.000000,1.100000,0.000000,0.000000,-1.571000,0.352529,0.992014,0.049063,1.053933
32.990000,-0.051712,0.007986,1.050952,0.532920,-0.000018,0.007757,0.007506,-0.000000,1.570777,0.299821,1.000000,1.100000,0.000000,0.000000,-1.571000,0.351533,0.992014,0.049048,1.053600
32.992000,-0.050646,0.007986,1.050968,0.532074,-0.000018,0.007659,0.006583,-0.000000,1.570777,0.299880,1.000000,1.100000,0.000000,0.000000,-1.571000,0.350526,0.992014,0.049032,1.053264
32.994000,-0.049582,0.007986,1.050983,0.531212,-0.000018,0.007561,0.005663,-0.000001,1.570777,0.299927,1.000000,1.100000,0.000000,0.000000,-1.571000,0.349510,0.992014,0.049017,1.052925
32.996000,-0.048520,0.007986,1.050998,0.530333,-0.000018,0.007463,0.004747,-0.000001,1.570776,0.299963,1.000000,1.100000,0.000000,0.000000,-1.571000,0.348483,0.992014,0.049002,1.052584
32.998000,-0.047460,0.007986,1.051013,0.529438,-0.000018,0.007364,0.003835,-0.000001,1.570776,0.299987,1.000000,1.100000,0.000000,0.000000,-1.571000,0.347446,0.992014,0.048987,1.052241
33.000000,-0.046401,0.007986,1.051027,0.528527,-0.000018,0.007266,0.002927,-0.000001,1.570776,0.299999,1.000000,1.100000,0.000000,0.000000,-1.571000,0.346400,0.992014,0.048973,1.051895
33.002000,-0.045344,0.007986,1.051042,0.527599,-0.000018,0.007167,0.002023,-0.000001,1.570776,0.299999,1.000000,1.100000,0.000000,0.000000,-1.571000,0.345343,0.992014,0.048958,1.051547
33.004000,-0.044290,0.007986,1.051056,0.526656,-0.000018,0.007069,0.001123,-0.000001,1.570776,0.299987,1.000000,1.100000,0.000000,0.000000,-1.571000,0.344276,0.992014,0.048944,1.051197
33.006000,-0.043237,0.007986,1.051070,0.525698,-0.000018,0.006970,0.000228,-0.000001,1.570776,0.299963,1.000000,1.100000,0.000000,0.000000,-1.571000,0.343200,0.992014,0.048930,1.050844
33.008000,-0.042186,0.007986,1.051084,0.524723,-0.000018,0.006872,-0.000662,-0.000002,1.570776,0.299927,1.000000,1.100000,0.000000,0.000000,-1.571000,0.342113,0.992014,0.048916,1.050489
33.010000,-0.041137,0.007986,1.051097,0.523733,-0.000018,0.006773,-0.001547,-0.000002,1.570776,0.299880,1.000000,1.100000,0.000000,0.000000,-1.571000,0.341017,0.992014,0.048903,1.050132
33.012000,-0.040090,0.007985,1.051111,0.522728,-0.000018,0.006675,-0.002426,-0.000002,1.570776,0.299821,1.000000,1.100000,0.000000,0.000000,-1.571000,0.339910,0.992015,0.048889,1.049772
33.014000,-0.039045,0.007985,1.051124,0.521707,-0.000018,0.006577,-0.003299,-0.000002,1.570777,0.299750,1.000000,1.100000,0.000000,0.000000,-1.571000,0.338794,0.992015,0.048876,1.049411
33.016000,-0.038002,0.007985,1.051137,0.520672,-0.000018,0.006478,-0.004165,-0.000002,1.570777,0.299667,1.000000,1.100000,0.000000,0.000000,-1.571000,0.337669,0.992015,0.048863,1.049048
33.018000,-0.036961,0.007985,1.051150,0.519621,-0.000018,0.006380,-0.005025,-0.000003,1.570777,0.299572,1.000000,1.100000,0.000000,0.000000,-1.571000,0.336533,0.992015,0.048850,1.048682
33.020000,-0.035922,0.007985,1.051162,0.518556,-0.000018,0.006281,-0.005877,-0.000003,1.570777,0.299466,1.000000,1.100000,0.000000,0.000000,-1.571000,0.335388,0.992015,0.048838,1.048314
33.022000,-0.034886,0.007985,1.051175,0.517476,-0.000018,0.006181,-0.006721,-0.000003,1.570778,0.299347,1.000000,1.100000,0.000000,0.000000,-1.571000,0.334233,0.992015,0.048825,1.047945
33.024000,-0.033851,0.007985,1.051187,0.516382,-0.000018,0.006078,-0.007556,-0.000003,1.570778,0.299217,1.000000,1.100000,0.000000,0.000000,-1.571000,0.333069,0.992015,0.048813,1.047574
33.026000,-0.032819,0.007985,1.051199,0.515273,-0.000018,0.005973,-0.008383,-0.000003,1.570778,0.299075,1.000000,1.100000,0.000000,0.000000,-1.571000,0.331894,0.992015,0.048801,1.047200
33.028000,-0.031789,0.007985,1.051211,0.514151,-0.000018,0.005866,-0.009200,-0.000004,1.570778,0.298921,1.000000,1.100000,0.000000,0.000000,-1.571000,0.330711,0.992015,0.048789,1.046825
33.030000,-0.030762,0.007985,1.051223,0.513014,-0.000018,0.005757,-0.010007,-0.000004,1.570779,0.298756,1.000000,1.100000,0.000000,0.000000,-1.571000,0.329517,0.992015,0.048777,1.046449
33.032000,-0.029736,0.007985,1.051234,0.511865,-0.000018,0.005646,-0.010803,-0.000004,1.570779,0.298578,1.000000,1.100000,0.000000,0.000000,-1.571000,0.328315,0.992015,0.048766,1.046070
33.034000,-0.028713,0.007985,1.051245,0.510701,-0.000018,0.005533,-0.011589,-0.000004,1.570779,0.298389,1.000000,1.100000,0.000000,0.000000,-1.571000,0.327103,0.992015,0.048755,1.045690
33.036000,-0.027693,0.007985,1.051256,0.509525,-0.000018,0.005419,-0.012363,-0.000005,1.570779,0.298188,1.000000,1.100000,0.000000,0.000000,-1.571000,0.325881,0.992015,0.048744,1.045308
33.038000,-0.026674,0.007985,1.051267,0.508336,-0.000018,0.005303,-0.013124,-0.000005,1.570779,0.297976,1.000000,1.100000,0.000000,0.000000,-1.571000,0.324650,0.992015,0.048733,1.044924
33.040000,-0.025659,0.007985,1.051277,0.507135,-0.000018,0.005187,-0.013874,-0.000005,1.570780,0.297751,1.000000,1.100000,0.000000,0.000000,-1.571000,0.323410,0.992015,0.048723,1.044539
33.042000,-0.024645,0.007985,1.051287,0.505921,-0.000018,0.005069,-0.014611,-0.000005,1.570780,0.297515,1.000000,1.100000,0.000000,0.000000,-1.571000,0.322160,0.992015,0.048713,1.044152
33.044000,-0.023634,0.007985,1.051297,0.504695,-0.000018,0.004950,-0.015334,-0.000005,1.570780,0.297267,1.000000,1.100000,0.000000,0.000000,-1.571000,0.320901,0.992015,0.048703,1.043764
33.046000,-0.022625,0.007985,1.051307,0.503458,-0.000018,0.004830,-0.016044,-0.000005,1.570780,0.297007,1.000000,1.100000,0.000000,0.000000,-1.571000,0.319633,0.992015,0.048693,1.043374
33.048000,-0.021619,0.007985,1.051316,0.502209,-0.000018,0.004709,-0.016739,-0.000005,1.570780,0.296736,1.000000,1.100000,0.000000,0.000000,-1.571000,0.318355,0.992015,0.048684,1.042983
33.050000,-0.020616,0.007985,1.051326,0.500949,-0.000018,0.004587,-0.017421,-0.000005,1.570780,0.296452,1.000000,1.100000,0.000000,0.000000,-1.571000,0.317068,0.992015,0.048674,1.042591
33.052000,-0.019615,0.007985,1.051335,0.499678,-0.000018,0.004465,-0.018087,-0.000005,1.570780,0.296158,1.000000,1.100000,0.000000,0.000000,-1.571000,0.315773,0.992015,0.048665,1.042197
33.054000,-0.018616,0.007985,1.051343,0.498396,-0.000018,0.004342,-0.018738,-0.000005,1.570780,0.295851,1.000000,1.100000,0.000000,0.000000,-1.571000,0.314468,0.992015,0.048657,1.041802
33.056000,-0.017621,0.007985,1.051352,0.497105,-0.000018,0.004219,-0.019374,-0.000005,1.570780,0.295533,1.000000,1.100000,0.000000,0.000000,-1.571000,0.313153,0.992015,0.048648,1.041406
33.058000,-0.016627,0.007985,1.051360,0.495803,-0.000019,0.004095,-0.019994,-0.000004,1.570780,0.295203,1.000000,1.100000,0.000000,0.000000,-1.571000,0.311830,0.992015,0.048640,1.041008
33.060000,-0.015637,0.007985,1.051368,0.494492,-0.000019,0.003970,-0.020599,-0.000004,1.570780,0.294861,1.000000,1.100000,0.000000,0.000000,-1.571000,0.310498,0.992015,0.048632,1.040610
33.062000,-0.014649,0.007985,1.051376,0.493172,-0.000019,0.003846,-0.021187,-0.000004,1.570780,0.294508,1.000000,1.100000,0.000000,0.000000,-1.571000,0.309157,0.992015,0.048624,1.040210
33.064000,-0.013663,0.007985,1.051383,0.491842,-0.000019,0.003720,-0.021759,-0.000004,1.570780,0.294143,1.000000,1.100000,0.000000,0.000000,-1.571000,0.307807,0.992015,0.048617,1.039809
33.066000,-0.012681,0.007984,1.051391,0.490505,-0.000019,0.003595,-0.022315,-0.000004,1.570780,0.293767,1.000000,1.100000,0.000000,0.000000,-1.571000,0.306448,0.992016,0.048609,1.039407
33.068000,-0.011701,0.007984,1.051398,0.489158,-0.000019,0.003469,-0.022854,-0.000004,1.570780,0.293379,1.000000,1.100000,0.000000,0.000000,-1.571000,0.305080,0.992016,0.048602,1.039005
33.070000,-0.010724,0.007984,1.051405,0.487804,-0.000019,0.003342,-0.023377,-0.000004,1.570780,0.292979,1.000000,1.100000,0.000000,0.000000,-1.571000,0.303703,0.992016,0.048595,1.038601
33.072000,-0.009749,0.007984,1.051411,0.486443,-0.000019,0.003216,-0.023883,-0.000004,1.570780,0.292568,1.000000,1.100000,0.000000,0.000000,-1.571000,0.302317,0.992016,0.048589,1.038196
33.074000,-0.008777,0.007984,1.051417,0.485074,-0.000019,0.003089,-0.024373,-0.000003,1.570780,0.292145,1.000000,1.100000,0.000000,0.000000,-1.571000,0.300922,0.992016,0.048583,1.037791
33.076000,-0.007808,0.007984,1.051423,0.483698,-0.000019,0.002962,-0.024846,-0.000003,1.570780,0.291711,1.000000,1.100000,0.000000,0.000000,-1.571000,0.299519,0.992016,0.048577,1.037384
33.078000,-0.006842,0.007984,1.051429,0.482316,-0.000019,0.002835,-0.025302,-0.000003,1.570780,0.291265,1.000000,1.100000,0.000000,0.000000,-1.571000,0.298107,0.992016,0.048571,1.036977
33.080000,-0.005878,0.007984,1.051434,0.480928,-0.000019,0.002707,-0.025742,-0.000003,1.570779,0.290808,1.000000,1.100000,0.000000,0.000000,-1.571000,0.296686,0.992016,0.048566,1.036570
33.082000,-0.004918,0.007984,1.051440,0.479533,-0.000019,0.002588,-0.026168,-0.000003,1.570779,0.290339,1.000000,1.100000,0.000000,0.000000,-1.571000,0.295257,0.992016,0.048560,1.036161
33.084000,-0.003960,0.007984,1.051445,0.478132,-0.000019,0.002483,-0.026593,-0.000003,1.570779,0.289859,1.000000,1.100000,0.000000,0.000000,-1.571000,0.293819,0.992016,0.048555,1.035752
33.086000,-0.003005,0.007984,1.051450,0.476726,-0.000019,0.002392,-0.027024,-0.000003,1.570780,0.289367,1.000000,1.100000,0.000000,0.000000,-1.571000,0.292372,0.992016,0.048550,1.035342
33.088000,-0.002052,0.007984,1.051454,0.475313,-0.000019,0.002312,-0.027473,-0.000003,1.570780,0.288864,1.000000,1.100000,0.000000,0.000000,-1.571000,0.290916,0.992016,0.048546,1.034932
33.090000,-0.001103,0.007984,1.051459,0.473893,-0.000019,0.002244,-0.027946,-0.000002,1.570781,0.288350,1.000000,1.100000,0.000000,0.000000,-1.571000,0.289452,0.992016,0.048541,1.034521
33.092000,-0.000156,0.007984,1.051463,0.472467,-0.000019,0.002186,-0.028452,-0.000002,1.570782,0.287824,1.000000,1.100000,0.000000,0.000000,-1.571000,0.287980,0.992016,0.048537,1.034110
33.094000,0.000788,0.007984,1.051467,0.471033,-0.000019,0.002136,-0.028996,-0.000002,1.570783,0.287286,1.000000,1.100000,0.000000,0.000000,-1.571000,0.286499,0.992016,0.048533,1.033699
33.096000,0.001728,0.007984,1.051472,0.469590,-0.000019,0.002094,-0.029585,-0.000002,1.570784,0.286738,1.000000,1.100000,0.000000,0.000000,-1.571000,0.285010,0.992016,0.048528,1.033287
33.098000,0.002666,0.007984,1.051476,0.468138,-0.000019,0.002060,-0.030224,-0.000002,1.570786,0.286178,1.000000,1.100000,0.000000,0.000000,-1.571000,0.283512,0.992016,0.048524,1.032874
33.100000,0.003601,0.007984,1.051480,0.466676,-0.000019,0.002032,-0.030916,-0.000002,1.570788,0.285607,1.000000,1.100000,0.000000,0.000000,-1.571000,0.282005,0.992016,0.048520,1.032462
33.102000,0.004533,0.007984,1.051484,0.465203,-0.000019,0.002010,-0.031667,-0.000001,1.570791,0.285024,1.000000,1.100000,0.000000,0.000000,-1.571000,0.280491,0.992016,0.048516,1.032049
33.104000,0.005462,0.007984,1.051488,0.463717,-0.000019,0.001993,-0.032478,-0.000001,1.570793,0.284431,1.000000,1.100000,0.000000,0.000000,-1.571000,0.278968,0.992016,0.048512,1.031636
33.106000,0.006389,0.007984,1.051492,0.462218,-0.000019,0.001980,-0.033352,-0.000001,1.570796,0.283826,1.000000,1.100000,0.000000,0.000000,-1.571000,0.277437,0.992016,0.048508,1.031223
33.108000,0.007312,0.007984,1.051496,0.460703,-0.000019,0.001972,-0.034291,-0.000001,1.570799,0.283209,1.000000,1.100000,0.000000,0.000000,-1.571000,0.275898,0.992016,0.048504,1.030810
33.110000,0.008232,0.007984,1.051500,0.459173,-0.000019,0.001967,-0.035297,-0.000000,1.570803,0.282582,1.000000,1.100000,0.000000,0.000000,-1.571000,0.274350,0.992016,0.048500,1.030396
33.112000,0.009149,0.007984,1.051504,0.457626,-0.000019,0.001965,-0.036370,-0.000000,1.570806,0.281944,1.000000,1.100000,0.000000,0.000000,-1.571000,0.272795,0.992016,0.048496,1.029983
33.114000,0.010062,0.007984,1.051508,0.456060,-0.000019,0.001966,-0.037510,0.000000,1.570810,0.281294,1.000000,1.100000,0.000000,0.000000,-1.571000,0.271231,0.992016,0.048492,1.029570
33.116000,0.010973,0.007984,1.051512,0.454474,-0.000019,0.001969,-0.038718,0.000000,1.570814,0.280633,1.000000,1.100000,0.000000,0.000000,-1.571000,0.269660,0.992016,0.048488,1.029157
33.118000,0.011881,0.007984,1.051516,0.452867,-0.000019,0.001974,-0.039994,0.000001,1.570818,0.279961,1.000000,1.100000,0.000000,0.000000,-1.571000,0.268081,0.992016,0.048484,1.028744
33.120000,0.012785,0.007983,1.051520,0.451237,-0.000019,0.001981,-0.041336,0.000001,1.570823,0.279279,1.000000,1.100000,0.000000,0.000000,-1.571000,0.266494,0.992017,0.048480,1.028332
33.122000,0.013686,0.007983,1.051523,0.449584,-0.000019,0.001988,-0.042742,0.000002,1.570827,0.278585,1.000000,1.100000,0.000000,0.000000,-1.571000,0.264899,0.992017,0.048477,1.027919
33.124000,0.014583,0.007983,1.051527,0.447906,-0.000019,0.001997,-0.044213,0.000002,1.570831,0.277880,1.000000,1.100000,0.000000,0.000000,-1.571000,0.263296,0.992017,0.048473,1.027507
33.126000,0.015477,0.007983,1.051531,0.446201,-0.000019,0.002006,-0.045745,0.000003,1.570836,0.277164,1.000000,1.100000,0.000000,0.000000,-1.571000,0.261686,0.992017,0.048469,1.027096
33.128000,0.016368,0.007983,1.051536,0.444470,-0.000019,0.002016,-0.047337,0.000003,1.570840,0.276437,1.000000,1.100000,0.000000,0.000000,-1.571000,0.260069,0.992017,0.048464,1.026685
33.130000,0.017255,0.007983,1.051540,0.442710,-0.000018,0.002025,-0.048987,0.000004,1.570844,0.275699,1.000000,1.100000,0.000000,0.000000,-1.571000,0.258444,0.992017,0.048460,1.026274
33.132000,0.018139,0.007983,1.051544,0.440921,-0.000018,0.002035,-0.050691,0.000004,1.570848,0.274951,1.000000,1.100000,0.000000,0.000000,-1.571000,0.256812,0.992017,0.048456,1.025864
33.134000,0.019019,0.007983,1.051548,0.439101,-0.000018,0.002044,-0.052446,0.000005,1.570852,0.274191,1.000000,1.100000,0.000000,0.000000,-1.571000,0.255172,0.992017,0.048452,1.025455
33.136000,0.019895,0.007983,1.051552,0.437251,-0.000018,0.002052,-0.054251,0.000006,1.570856,0.273421,1.000000,1.100000,0.000000,0.000000,-1.571000,0.253526,0.992017,0.048448,1.025046
33.138000,0.020768,0.007983,1.051556,0.435367,-0.000018,0.002059,-0.056101,0.000006,1.570860,0.272640,1.000000,1.100000,0.000000,0.000000,-1.571000,0.251872,0.992017,0.048444,1.024638
33.140000,0.021637,0.007983,1.051560,0.433451,-0.000018,0.002066,-0.057993,0.000007,1.570864,0.271848,1.000000,1.100000,0.000000,0.000000,-1.571000,0.250212,0.992017,0.048440,1.024231
33.142000,0.022501,0.007983,1.051564,0.431502,-0.000018,0.002071,-0.059923,0.000008,1.570867,0.271045,1.000000,1.100000,0.000000,0.000000,-1.571000,0.248544,0.992017,0.048436,1.023825
33.144000,0.023362,0.007983,1.051568,0.429517,-0.000018,0.002075,-0.061889,0.000009,1.570870,0.270232,1.000000,1.100000,0.000000,0.000000,-1.571000,0.246870,0.992017,0.048432,1.023420
33.146000,0.024219,0.007983,1.051573,0.427498,-0.000018,0.002076,-0.063886,0.000009,1.570873,0.269408,1.000000,1.100000,0.000000,0.000000,-1.571000,0.245189,0.992017,0.048427,1.023015
33.148000,0.025072,0.007983,1.051577,0.425443,-0.000018,0.002077,-0.065911,0.000010,1.570875,0.268574,1.000000,1.100000,0.000000,0.000000,-1.571000,0.243502,0.992017,0.048423,1.022612
33.150000,0.025920,0.007983,1.051581,0.423353,-0.000018,0.002075,-0.067960,0.000011,1.570877,0.267729,1.000000,1.100000,0.000000,0.000000,-1.571000,0.241808,0.992017,0.048419,1.022210
33.152000,0.026765,0.007983,1.051585,0.421226,-0.000017,0.002071,-0.070028,0.000012,1.570879,0.266873,1.000000,1.100000,0.000000,0.000000,-1.571000,0.240108,0.992017,0.048415,1.021809
33.154000,0.027605,0.007983,1.051589,0.419062,-0.000017,0.002064,-0.072113,0.000013,1.570880,0.266006,1.000000,1.100000,0.000000,0.000000,-1.571000,0.238402,0.992017,0.048411,1.021409
33.156000,0.028441,0.007983,1.051593,0.416861,-0.000017,0.002055,-0.074210,0.000014,1.570881,0.265130,1.000000,1.100000,0.000000,0.000000,-1.571000,0.236689,0.992017,0.048407,1.021011
33.158000,0.029272,0.007983,1.051597,0.414624,-0.000017,0.002044,-0.076315,0.000015,1.570881,0.264242,1.000000,1.100000,0.000000,0.000000,-1.571000,0.234971,0.992017,0.048403,1.020614
33.160000,0.030098,0.007983,1.051601,0.412349,-0.000017,0.002029,-0.078424,0.000016,1.570882,0.263345,1.000000,1.100000,0.000000,0.000000,-1.571000,0.233246,0.992017,0.048399,1.020218
33.162000,0.030920,0.007983,1.051605,0.410037,-0.000016,0.002015,-0.080535,0.000017,1.570881,0.262437,1.000000,1.100000,0.000000,0.000000,-1.571000,0.231516,0.992017,0.048395,1.019824
33.164000,0.031738,0.007983,1.051609,0.407687,-0.000016,0.002003,-0.082646,0.000018,1.570881,0.261518,1.000000,1.100000,0.000000,0.000000,-1.571000,0.229780,0.992017,0.048391,1.019431
33.166000,0.032550,0.007983,1.051613,0.405300,-0.000016,0.001993,-0.084754,0.000019,1.570879,0.260589,1.000000,1.100000,0.000000,0.000000,-1.571000,0.228039,0.992017,0.048387,1.019039
33.168000,0.033358,0.007983,1.051617,0.402876,-0.000016,0.001984,-0.086857,0.000019,1.570878,0.259650,1.000000,1.100000,0.000000,0.000000,-1.571000,0.226292,0.992017,0.048383,1.018650
33.170000,0.034161,0.007983,1.051621,0.400415,-0.000015,0.001975,-0.088953,0.000020,1.570876,0.258701,1.000000,1.100000,0.000000,0.000000,-1.571000,0.224540,0.992017,0.048379,1.018262
33.172000,0.034959,0.007983,1.051625,0.397918,-0.000015,0.001967,-0.091040,0.000021,1.570874,0.257742,1.000000,1.100000,0.000000,0.000000,-1.571000,0.222783,0.992017,0.048375,1.017876
33.174000,0.035752,0.007983,1.051629,0.395383,-0.000015,0.001958,-0.093116,0.000022,1.570872,0.256772,1.000000,1.100000,0.000000,0.000000,-1.571000,0.221020,0.992017,0.048371,1.017491
33.176000,0.036540,0.007983,1.051633,0.392813,-0.000015,0.001949,-0.095178,0.000023,1.570869,0.255792,1.000000,1.100000,0.000000,0.000000,-1.571000,0.219253,0.992017,0.048367,1.017109
33.178000,0.037322,0.007982,1.051637,0.390207,-0.000014,0.001939,-0.097225,0.000023,1.570866,0.254802,1.000000,1.100000,0.000000,0.000000,-1.571000,0.217480,0.992018,0.048363,1.016728
33.180000,0.038099,0.007982,1.051641,0.387565,-0.000014,0.001928,-0.099253,0.000024,1.570862,0.253802,1.000000,1.100000,0.000000,0.000000,-1.571000,0.215703,0.992018,0.048359,1.016349
33.182000,0.038871,0.007982,1.051645,0.384889,-0.000013,0.001914,-0.101262,0.000025,1.570859,0.252792,1.000000,1.100000,0.000000,0.000000,-1.571000,0.213921,0.992018,0.048355,1.015972
33.184000,0.039638,0.007982,1.051649,0.382178,-0.000013,0.001899,-0.103249,0.000025,1.570855,0.251772,1.000000,1.100000,0.000000,0.000000,-1.571000,0.212134,0.992018,0.048351,1.015597
33.186000,0.040399,0.007982,1.051652,0.379433,-0.000013,0.001882,-0.105211,0.000026,1.570851,0.250742,1.000000,1.100000,0.000000,0.000000,-1.571000,0.210344,0.992018,0.048348,1.015225
33.188000,0.041154,0.007982,1.051656,0.376655,-0.000012,0.001862,-0.107147,0.000026,1.570847,0.249702,1.000000,1.100000,0.000000,0.000000,-1.571000,0.208548,0.992018,0.048344,1.014854
33.190000,0.041904,0.007982,1.051660,0.373844,-0.000012,0.001839,-0.109055,0.000027,1.570842,0.248653,1.000000,1.100000,0.000000,0.000000,-1.571000,0.206749,0.992018,0.048340,1.014486
33.192000,0.042648,0.007982,1.051663,0.371002,-0.000011,0.001814,-0.110934,0.000027,1.570838,0.247593,1.000000,1.100000,0.000000,0.000000,-1.571000,0.204945,0.992018,0.048337,1.014119
33.194000,0.043387,0.007982,1.051667,0.368127,-0.000011,0.001785,-0.112780,0.000027,1.570833,0.246524,1.000000,1.100000,0.000000,0.000000,-1.571000,0.203137,0.992018,0.048333,1.013755
33.196000,0.044119,0.007982,1.051671,0.365222,-0.000010,0.001754,-0.114594,0.000028,1.570828,0.245445,1.000000,1.100000,0.000000,0.000000,-1.571000,0.201326,0.992018,0.048329,1.013394
33.198000,0.044846,0.007982,1.051674,0.362287,-0.000010,0.001720,-0.116372,0.000028,1.570823,0.244356,1.000000,1.100000,0.000000,0.000000,-1.571000,0.199510,0.992018,0.048326,1.013035
33.200000,0.045567,0.007982,1.051677,0.359323,-0.000009,0.001682,-0.118114,0.000028,1.570818,0.243258,1.000000,1.100000,0.000000,0.000000,-1.571000,0.197691,0.992018,0.048323,1.012678
33.202000,0.046282,0.007982,1.051681,0.356331,-0.000009,0.001642,-0.119819,0.000029,1.570813,0.242150,1.000000,1.100000,0.000000,0.000000,-1.571000,0.195868,0.992018,0.048319,1.012323
33.204000,0.046991,0.007982,1.051684,0.353310,-0.000008,0.001598,-0.121484,0.000029,1.570808,0.241032,1.000000,1.100000,0.000000,0.000000,-1.571000,0.194042,0.992018,0.048316,1.011971
33.206000,0.047693,0.007982,1.051687,0.350263,-0.000008,0.001551,-0.123110,0.000029,1.570803,0.239905,1.000000,1.100000,0.000000,0.000000,-1.571000,0.192212,0.992018,0.048313,1.011622
33.208000,0.048390,0.007982,1.051690,0.347190,-0.000007,0.001501,-0.124694,0.000029,1.570798,0.238769,1.000000,1.100000,0.000000,0.000000,-1.571000,0.190379,0.992018,0.048310,1.011275
33.210000,0.049080,0.007982,1.051693,0.344092,-0.000007,0.001447,-0.126236,0.000029,1.570793,0.237623,1.000000,1.100000,0.000000,0.000000,-1.571000,0.188543,0.992018,0.048307,1.010931
33.212000,0.049765,0.007982,1.051696,0.340970,-0.000006,0.001391,-0.127736,0.000029,1.570788,0.236468,1.000000,1.100000,0.000000,0.000000,-1.571000,0.186703,0.992018,0.048304,1.010589
33.214000,0.050442,0.007982,1.051699,0.337824,-0.000005,0.001331,-0.129192,0.000029,1.570783,0.235303,1.000000,1.100000,0.000000,0.000000,-1.571000,0.184861,0.992018,0.048301,1.010250
33.216000,0.051114,0.007982,1.051701,0.334656,-0.000005,0.001268,-0.130604,0.000029,1.570778,0.234129,1.000000,1.100000,0.000000,0.000000,-1.571000,0.183015,0.992018,0.048299,1.009914
33.218000,0.051779,0.007982,1.051704,0.331467,-0.000004,0.001201,-0.131972,0.000029,1.570773,0.232946,1.000000,1.100000,0.000000,0.000000,-1.571000,0.181167,0.992018,0.048296,1.009581
33.220000,0.052438,0.007982,1.051706,0.328256,-0.000004,0.001132,-0.133294,0.000029,1.570769,0.231754,1.000000,1.100000,0.000000,0.000000,-1.571000,0.179316,0.992018,0.048294,1.009250
33.222000,0.053090,0.007982,1.051708,0.325026,-0.000003,0.001063,-0.134572,0.000029,1.570764,0.230552,1.000000,1.100000,0.000000,0.000000,-1.571000,0.177462,0.992018,0.048292,1.008922
33.224000,0.053736,0.007982,1.051710,0.321777,-0.000002,0.000995,-0.135807,0.000029,1.570760,0.229341,1.000000,1.100000,0.000000,0.000000,-1.571000,0.175605,0.992018,0.048290,1.008597
33.226000,0.054375,0.007982,1.051712,0.318508,-0.000002,0.000929,-0.137001,0.000029,1.570756,0.228122,1.000000,1.100000,0.000000,0.000000,-1.571000,0.173746,0.992018,0.048288,1.008275
33.228000,0.055008,0.007982,1.051714,0.315223,-0.000001,0.000865,-0.138154,0.000029,1.570752,0.226893,1.000000,1.100000,0.000000,0.000000,-1.571000,0.171885,0.992018,0.048286,1.007956
33.230000,0.055634,0.007982,1.051715,0.311920,-0.000000,0.000801,-0.139269,0.000028,1.570748,0.225655,1.000000,1.100000,0.000000,0.000000,-1.571000,0.170021,0.992018,0.048285,1.007640
33.232000,0.056254,0.007982,1.051717,0.308602,0.000000,0.000738,-0.140347,0.000028,1.570744,0.224409,1.000000,1.100000,0.000000,0.000000,-1.571000,0.168155,0.992018,0.048283,1.007327
33.234000,0.056867,0.007982,1.051718,0.305268,0.000001,0.000676,-0.141388,0.000028,1.570741,0.223154,1.000000,1.100000,0.000000,0.000000,-1.571000,0.166287,0.992018,0.048282,1.007016
33.236000,0.057473,0.007982,1.051719,0.301920,0.000002,0.000614,-0.142395,0.000027,1.570738,0.221889,1.000000,1.100000,0.000000,0.000000,-1.571000,0.164417,0.992018,0.048281,1.006709
33.238000,0.058072,0.007982,1.051721,0.298558,0.000003,0.000551,-0.143369,0.000027,1.570735,0.220616,1.000000,1.100000,0.000000,0.000000,-1.571000,0.162544,0.992018,0.048279,1.006405
33.240000,0.058665,0.007982,1.051722,0.295184,0.000003,0.000489,-0.144310,0.000027,1.570733,0.219335,1.000000,1.100000,0.000000,0.000000,-1.571000,0.160670,0.992018,0.048278,1.006104
33.242000,0.059251,0.007982,1.051722,0.291797,0.000004,0.000426,-0.145221,0.000026,1.570730,0.218044,1.000000,1.100000,0.000000,0.000000,-1.571000,0.158794,0.992018,0.048278,1.005806
33.244000,0.059830,0.007982,1.051723,0.288399,0.000005,0.000363,-0.146101,0.000026,1.570728,0.216745,1.000000,1.100000,0.000000,0.000000,-1.571000,0.156916,0.992018,0.048277,1.005511
33.246000,0.060402,0.007982,1.051724,0.284989,0.000005,0.000299,-0.146953,0.000026,1.570727,0.215438,1.000000,1.100000,0.000000,0.000000,-1.571000,0.155036,0.992018,0.048276,1.005219
33.248000,0.060967,0.007982,1.051724,0.281569,0.000006,0.000235,-0.147778,0.000025,1.570725,0.214122,1.000000,1.100000,0.000000,0.000000,-1.571000,0.153155,0.992018,0.048276,1.004931
33.250000,0.061526,0.007982,1.051725,0.278139,0.000007,0.000169,-0.148575,0.000025,1.570724,0.212797,1.000000,1.100000,0.000000,0.000000,-1.571000,0.151272,0.992018,0.048275,1.004646
33.252000,0.062078,0.007982,1.051725,0.274700,0.000007,0.000103,-0.149348,0.000024,1.570723,0.211465,1.000000,1.100000,0.000000,0.000000,-1.571000,0.149387,0.992018,0.048275,1.004364
33.254000,0.062622,0.007982,1.051725,0.271253,0.000008,0.000036,-0.150095,0.000024,1.570723,0.210123,1.000000,1.100000,0.000000,0.000000,-1.571000,0.147501,0.992018,0.048275,1.004085
33.256000,0.063160,0.007982,1.051725,0.267797,0.000009,-0.000032,-0.150819,0.000024,1.570722,0.208774,1.000000,1.100000,0.000000,0.000000,-1.571000,0.145614,0.992018,0.048275,1.003809
33.258000,0.063691,0.007982,1.051725,0.264333,0.000009,-0.000101,-0.151521,0.000023,1.570722,0.207416,1.000000,1.100000,0.000000,0.000000,-1.571000,0.143725,0.992018,0.048275,1.003537
33.260000,0.064215,0.007982,1.051725,0.260862,0.000010,-0.000171,-0.152201,0.000023,1.570722,0.206050,1.000000,1.100000,0.000000,0.000000,-1.571000,0.141835,0.992018,0.048275,1.003268
33.262000,0.064732,0.007982,1.051724,0.257384,0.000011,-0.000242,-0.152860,0.000022,1.570722,0.204676,1.000000,1.100000,0.000000,0.000000,-1.571000,0.139944,0.992018,0.048276,1.003003
33.264000,0.065242,0.007982,1.051724,0.253899,0.000011,-0.000314,-0.153499,0.000022,1.570723,0.203294,1.000000,1.100000,0.000000,0.000000,-1.571000,0.138052,0.992018,0.048276,1.002740
33.266000,0.065745,0.007982,1.051723,0.250409,0.000012,-0.000386,-0.154118,0.000021,1.570724,0.201904,1.000000,1.100000,0.000000,0.000000,-1.571000,0.136158,0.992018,0.048277,1.002481
33.268000,0.066241,0.007982,1.051722,0.246913,0.000013,-0.000460,-0.154720,0.000020,1.570725,0.200506,1.000000,1.100000,0.000000,0.000000,-1.571000,0.134264,0.992018,0.048278,1.002226
33.270000,0.066730,0.007982,1.051721,0.243412,0.000013,-0.000535,-0.155304,0.000020,1.570726,0.199100,1.000000,1.100000,0.000000,0.000000,-1.571000,0.132369,0.992018,0.048279,1.001974
33.272000,0.067212,0.007982,1.051720,0.239905,0.000014,-0.000610,-0.155871,0.000019,1.570727,0.197686,1.000000,1.100000,0.000000,0.000000,-1.571000,0.130473,0.992018,0.048280,1.001725
33.274000,0.067687,0.007982,1.051718,0.236394,0.000014,-0.000686,-0.156421,0.000018,1.570729,0.196264,1.000000,1.100000,0.000000,0.000000,-1.571000,0.128576,0.992018,0.048282,1.001480
33.276000,0.068155,0.007982,1.051717,0.232879,0.000015,-0.000764,-0.156957,0.000018,1.570730,0.194834,1.000000,1.100000,0.000000,0.000000,-1.571000,0.126679,0.992018,0.048283,1.001238
33.278000,0.068616,0.007982,1.051715,0.229360,0.000015,-0.000842,-0.157477,0.000017,1.570732,0.193397,1.000000,1.100000,0.000000,0.000000,-1.571000,0.124781,0.992018,0.048285,1.001000
33.280000,0.069070,0.007982,1.051713,0.225838,0.000016,-0.000921,-0.157983,0.000016,1.570734,0.191952,1.000000,1.100000,0.000000,0.000000,-1.571000,0.122882,0.992018,0.048287,1.000765
33.282000,0.069517,0.007983,1.051711,0.222311,0.000016,-0.000998,-0.158475,0.000015,1.570736,0.190500,1.000000,1.100000,0.000000,0.000000,-1.571000,0.120983,0.992017,0.048289,1.000534
33.284000,0.069957,0.007983,1.051709,0.218780,0.000017,-0.001067,-0.158955,0.000014,1.570738,0.189040,1.000000,1.100000,0.000000,0.000000,-1.571000,0.119083,0.992017,0.048291,1.000306
33.286000,0.070390,0.007983,1.051707,0.215245,0.000017,-0.001131,-0.159421,0.000013,1.570740,0.187573,1.000000,1.100000,0.000000,0.000000,-1.571000,0.117183,0.992017,0.048293,1.000081
33.288000,0.070815,0.007983,1.051705,0.211707,0.000018,-0.001189,-0.159876,0.000012,1.570743,0.186098,1.000000,1.100000,0.000000,0.000000,-1.571000,0.115283,0.992017,0.048295,0.999861
33.290000,0.071234,0.007983,1.051702,0.208165,0.000018,-0.001243,-0.160318,0.000011,1.570745,0.184616,1.000000,1.100000,0.000000,0.000000,-1.571000,0.113382,0.992017,0.048298,0.999643
33.292000,0.071645,0.007983,1.051700,0.204621,0.000018,-0.001293,-0.160750,0.000010,1.570747,0.183127,1.000000,1.100000,0.000000,0.000000,-1.571000,0.111481,0.992017,0.048300,0.999430
33.294000,0.072049,0.007983,1.051697,0.201074,0.000019,-0.001339,-0.161170,0.000009,1.570750,0.181630,1.000000,1.100000,0.000000,0.000000,-1.571000,0.109580,0.992017,0.048303,0.999219
33.296000,0.072447,0.007983,1.051694,0.197524,0.000019,-0.001381,-0.161581,0.000008,1.570752,0.180126,1.000000,1.100000,0.000000,0.000000,-1.571000,0.107679,0.992017,0.048306,0.999013
33.298000,0.072837,0.007983,1.051692,0.193973,0.000019,-0.001421,-0.161981,0.000007,1.570755,0.178615,1.000000,1.100000,0.000000,0.000000,-1.571000,0.105778,0.992017,0.048308,0.998810
33.300000,0.073220,0.007983,1.051689,0.190420,0.000019,-0.001459,-0.162371,0.000006,1.570757,0.177097,1.000000,1.100000,0.000000,0.000000,-1.571000,0.103877,0.992017,0.048311,0.998610
33.302000,0.073596,0.007983,1.051686,0.186865,0.000020,-0.001494,-0.162752,0.000005,1.570760,0.175572,1.000000,1.100000,0.000000,0.000000,-1.571000,0.101977,0.992017,0.048314,0.998414
33.304000,0.073964,0.007983,1.051683,0.183309,0.000020,-0.001528,-0.163124,0.000004,1.570762,0.174040,1.000000,1.100000,0.000000,0.000000,-1.571000,0.100076,0.992017,0.048317,0.998222
33.306000,0.074326,0.007983,1.051680,0.179752,0.000020,-0.001559,-0.163487,0.000003,1.570765,0.172502,1.000000,1.100000,0.000000,0.000000,-1.571000,0.098175,0.992017,0.048320,0.998034
33.308000,0.074681,0.007983,1.051676,0.176194,0.000020,-0.001590,-0.163842,0.000002,1.570767,0.170956,1.000000,1.100000,0.000000,0.000000,-1.571000,0.096275,0.992017,0.048324,0.997849
33.310000,0.075028,0.007983,1.051673,0.172635,0.000020,-0.001619,-0.164188,0.000002,1.570769,0.169404,1.000000,1.100000,0.000000,0.000000,-1.571000,0.094376,0.992017,0.048327,0.997667
33.312000,0.075368,0.007983,1.051670,0.169076,0.000020,-0.001647,-0.164526,0.000001,1.570772,0.167845,1.000000,1.100000,0.000000,0.000000,-1.571000,0.092476,0.992017,0.048330,0.997489
33.314000,0.075701,0.007983,1.051666,0.165517,0.000020,-0.001675,-0.164856,-0.000000,1.570774,0.166279,1.000000,1.100000,0.000000,0.000000,-1.571000,0.090578,0.992017,0.048334,0.997315
33.316000,0.076027,0.007983,1.051663,0.161957,0.000020,-0.001702,-0.165179,-0.000001,1.570776,0.164707,1.000000,1.100000,0.000000,0.000000,-1.571000,0.088679,0.992017,0.048337,0.997145
33.318000,0.076346,0.007983,1.051660,0.158398,0.000020,-0.001728,-0.165494,-0.000002,1.570779,0.163128,1.000000,1.100000,0.000000,0.000000,-1.571000,0.086782,0.992017,0.048340,0.996978
33.320000,0.076658,0.007983,1.051656,0.154839,0.000020,-0.001754,-0.165801,-0.000003,1.570781,0.161543,1.000000,1.100000,0.000000,0.000000,-1.571000,0.084885,0.992017,0.048344,0.996815
33.322000,0.076963,0.007983,1.051653,0.151280,0.000020,-0.001779,-0.166102,-0.000004,1.570783,0.159951,1.000000,1.100000,0.000000,0.000000,-1.571000,0.082989,0.992017,0.048347,0.996655
33.324000,0.077260,0.007983,1.051649,0.147722,0.000020,-0.001805,-0.166395,-0.000005,1.570785,0.158354,1.000000,1.100000,0.000000,0.000000,-1.571000,0.081093,0.992017,0.048351,0.996499
33.326000,0.077551,0.007983,1.051645,0.144164,0.000020,-0.001830,-0.166681,-0.000006,1.570787,0.156750,1.000000,1.100000,0.000000,0.000000,-1.571000,0.079199,0.992017,0.048355,0.996347
33.328000,0.077834,0.007983,1.051642,0.140608,0.000020,-0.001855,-0.166960,-0.000006,1.570789,0.155139,1.000000,1.100000,0.000000,0.000000,-1.571000,0.077305,0.992017,0.048358,0.996199
33.330000,0.078110,0.007983,1.051638,0.137052,0.000020,-0.001880,-0.167233,-0.000007,1.570791,0.153523,1.000000,1.100000,0.000000,0.000000,-1.571000,0.075413,0.992017,0.048362,0.996054
33.332000,0.078379,0.007983,1.051634,0.133498,0.000020,-0.001906,-0.167499,-0.000008,1.570792,0.151900,1.000000,1.100000,0.000000,0.000000,-1.571000,0.073521,0.992017,0.048366,0.995912
33.334000,0.078641,0.007984,1.051630,0.129945,0.000019,-0.001931,-0.167758,-0.000008,1.570794,0.150272,1.000000,1.100000,0.000000,0.000000,-1.571000,0.071631,0.992016,0.048370,0.995775
33.336000,0.078896,0.007984,1.051626,0.126393,0.000019,-0.001957,-0.168011,-0.000009,1.570796,0.148638,1.000000,1.100000,0.000000,0.000000,-1.571000,0.069742,0.992016,0.048374,0.995641
33.338000,0.079144,0.007984,1.051622,0.122843,0.000019,-0.001982,-0.168257,-0.000010,1.570797,0.146997,1.000000,1.100000,0.000000,0.000000,-1.571000,0.067854,0.992016,0.048378,0.995510
33.340000,0.079384,0.007984,1.051618,0.119295,0.000019,-0.002009,-0.168497,-0.000010,1.570799,0.145351,1.000000,1.100000,0.000000,0.000000,-1.571000,0.065967,0.992016,0.048382,0.995384
33.342000,0.079618,0.007984,1.051614,0.115748,0.000019,-0.002035,-0.168730,-0.000011,1.570801,0.143699,1.000000,1.100000,0.000000,0.000000,-1.571000,0.064082,0.992016,0.048386,0.995261
33.344000,0.079844,0.007984,1.051610,0.112204,0.000018,-0.002061,-0.168958,-0.000011,1.570802,0.142042,1.000000,1.100000,0.000000,0.000000,-1.571000,0.062198,0.992016,0.048390,0.995141
33.346000,0.080063,0.007984,1.051606,0.108661,0.000018,-0.002088,-0.169179,-0.000012,1.570803,0.140379,1.000000,1.100000,0.000000,0.000000,-1.571000,0.060316,0.992016,0.048394,0.995026
33.348000,0.080276,0.007984,1.051602,0.105121,0.000018,-0.002116,-0.169394,-0.000012,1.570805,0.138710,1.000000,1.100000,0.000000,0.000000,-1.571000,0.058435,0.992016,0.048398,0.994914
33.350000,0.080481,0.007984,1.051598,0.101583,0.000017,-0.002143,-0.169603,-0.000012,1.570806,0.137036,1.000000,1.100000,0.000000,0.000000,-1.571000,0.056555,0.992016,0.048402,0.994805
33.352000,0.080679,0.007984,1.051593,0.098048,0.000017,-0.002171,-0.169806,-0.000013,1.570807,0.135357,1.000000,1.100000,0.000000,0.000000,-1.571000,0.054678,0.992016,0.048407,0.994700
33.354000,0.080870,0.007984,1.051589,0.094515,0.000017,-0.002200,-0.170004,-0.000013,1.570808,0.133672,1.000000,1.100000,0.000000,0.000000,-1.571000,0.052802,0.992016,0.048411,0.994599
33.356000,0.081054,0.007984,1.051584,0.090985,0.000016,-0.002228,-0.170195,-0.000013,1.570809,0.131982,1.000000,1.100000,0.000000,0.000000,-1.571000,0.050928,0.992016,0.048416,0.994502
33.358000,0.081231,0.007984,1.051580,0.087457,0.000016,-0.002257,-0.170380,-0.000014,1.570810,0.130286,1.000000,1.100000,0.000000,0.000000,-1.571000,0.049056,0.992016,0.048420,0.994408
33.360000,0.081400,0.007984,1.051575,0.083933,0.000016,-0.002287,-0.170560,-0.000014,1.570811,0.128586,1.000000,1.100000,0.000000,0.000000,-1.571000,0.047186,0.992016,0.048425,0.994317
33.362000,0.081563,0.007984,1.051571,0.080411,0.000015,-0.002313,-0.170734,-0.000014,1.570812,0.126880,1.000000,1.100000,0.000000,0.000000,-1.571000,0.045317,0.992016,0.048429,0.994231
33.364000,0.081719,0.007984,1.051566,0.076891,0.000015,-0.002335,-0.170902,-0.000014,1.570813,0.125170,1.000000,1.100000,0.000000,0.000000,-1.571000,0.043451,0.992016,0.048434,0.994148
33.366000,0.081867,0.007984,1.051561,0.073373,0.000015,-0.002351,-0.171065,-0.000014,1.570814,0.123454,1.000000,1.100000,0.000000,0.000000,-1.571000,0.041587,0.992016,0.048439,0.994068
33.368000,0.082009,0.007984,1.051557,0.069858,0.000014,-0.002363,-0.171222,-0.000014,1.570815,0.121734,1.000000,1.100000,0.000000,0.000000,-1.571000,0.039725,0.992016,0.048443,0.993992
33.370000,0.082144,0.007984,1.051552,0.066346,0.000014,-0.002371,-0.171373,-0.000014,1.570816,0.120009,1.000000,1.100000,0.000000,0.000000,-1.571000,0.037865,0.992016,0.048448,0.993920
33.372000,0.082271,0.007984,1.051547,0.062837,0.000014,-0.002376,-0.171520,-0.000014,1.570816,0.118279,1.000000,1.100000,0.000000,0.000000,-1.571000,0.036008,0.992016,0.048453,0.993851
33.374000,0.082392,0.007984,1.051542,0.059330,0.000013,-0.002377,-0.171661,-0.000014,1.570817,0.116544,1.000000,1.100000,0.000000,0.000000,-1.571000,0.034152,0.992016,0.048458,0.993786
33.376000,0.082505,0.007984,1.051538,0.055827,0.000013,-0.002376,-0.171796,-0.000014,1.570818,0.114805,1.000000,1.100000,0.000000,0.000000,-1.571000,0.032300,0.992016,0.048462,0.993724
33.378000,0.082612,0.007984,1.051533,0.052327,0.000012,-0.002372,-0.171927,-0.000014,1.570818,0.113061,1.000000,1.100000,0.000000,0.000000,-1.571000,0.030449,0.992016,0.048467,0.993666
33.380000,0.082711,0.007984,1.051528,0.048831,0.000012,-0.002366,-0.172052,-0.000014,1.570819,0.111313,1.000000,1.100000,0.000000,0.000000,-1.571000,0.028602,0.992016,0.048472,0.993611
33.382000,0.082804,0.007984,1.051523,0.045338,0.000012,-0.002358,-0.172173,-0.000014,1.570820,0.109561,1.000000,1.100000,0.000000,0.000000,-1.571000,0.026757,0.992016,0.048477,0.993560
33.384000,0.082889,0.007984,1.051519,0.041849,0.000011,-0.002348,-0.172288,-0.000014,1.570820,0.107804,1.000000,1.100000,0.000000,0.000000,-1.571000,0.024914,0.992016,0.048481,0.993512
33.386000,0.082968,0.007984,1.051514,0.038364,0.000011,-0.002336,-0.172399,-0.000013,1.570821,0.106042,1.000000,1.100000,0.000000,0.000000,-1.571000,0.023075,0.992016,0.048486,0.993468
33.388000,0.083039,0.007984,1.051509,0.034883,0.000011,-0.002323,-0.172505,-0.000013,1.570821,0.104277,1.000000,1.100000,0.000000,0.000000,-1.571000,0.021238,0.992016,0.048491,0.993427
33.390000,0.083104,0.007984,1.051505,0.031406,0.000010,-0.002308,-0.172606,-0.000013,1.570822,0.102508,1.000000,1.100000,0.000000,0.000000,-1.571000,0.019404,0.992016,0.048495,0.993390
33.392000,0.083162,0.007984,1.051500,0.027933,0.000010,-0.002293,-0.172703,-0.000012,1.570822,0.100734,1.000000,1.100000,0.000000,0.000000,-1.571000,0.017572,0.992016,0.048500,0.993356
33.394000,0.083212,0.007984,1.051496,0.024465,0.000010,-0.002276,-0.172795,-0.000012,1.570822,0.098957,1.000000,1.100000,0.000000,0.000000,-1.571000,0.015744,0.992016,0.048504,0.993325
33.396000,0.083256,0.007984,1.051491,0.021001,0.000009,-0.002259,-0.172883,-0.000011,1.570823,0.097175,1.000000,1.100000,0.000000,0.000000,-1.571000,0.013919,0.992016,0.048509,0.993298
33.398000,0.083293,0.007984,1.051486,0.017541,0.000009,-0.002240,-0.172967,-0.000011,1.570823,0.095390,1.000000,1.100000,0.000000,0.000000,-1.571000,0.012097,0.992016,0.048514,0.993275
33.400000,0.083323,0.007984,1.051482,0.014086,0.000009,-0.002221,-0.173046,-0.000010,1.570823,0.093601,1.000000,1.100000,0.000000,0.000000,-1.571000,0.010278,0.992016,0.048518,0.993254
33.402000,0.083346,0.007984,1.051478,0.010636,0.000008,-0.002202,-0.173122,-0.000010,1.570824,0.091808,1.000000,1.100000,0.000000,0.000000,-1.571000,0.008462,0.992016,0.048522,0.993238
33.404000,0.083362,0.007985,1.051473,0.007206,0.000008,-0.002186,-0.173193,-0.000009,1.570824,0.090012,1.000000,1.100000,0.000000,0.000000,-1.571000,0.006650,0.992015,0.048527,0.993224
33.406000,0.083371,0.007985,1.051469,0.003774,0.000008,-0.002169,-0.173261,-0.000009,1.570824,0.088212,1.000000,1.100000,0.000000,0.000000,-1.571000,0.004841,0.992015,0.048531,0.993214
33.408000,0.083374,0.007985,1.051465,0.000341,0.000007,-0.002152,-0.173325,-0.000008,1.570824,0.086409,1.000000,1.100000,0.000000,0.000000,-1.571000,0.003035,0.992015,0.048535,0.993207
33.410000,0.083369,0.007985,1.051460,-0.003094,0.000007,-0.002135,-0.173386,-0.000007,1.570825,0.084602,1.000000,1.100000,0.000000,0.000000,-1.571000,0.001233,0.992015,0.048540,0.993203
33.412000,0.083358,0.007985,1.051456,-0.006531,0.000007,-0.002117,-0.173443,-0.000007,1.570825,0.082792,1.000000,1.100000,0.000000,0.000000,-1.571000,-0.000566,0.992015,0.048544,0.993203
33.414000,0.083340,0.007985,1.051452,-0.009958,0.000007,-0.002096,-0.173496,-0.000006,1.570825,0.080978,1.000000,1.100000,0.000000,0.000000,-1.571000,-0.002361,0.992015,0.048548,0.993205
33.416000,0.083315,0.007985,1.051448,-0.013373,0.000007,-0.002074,-0.173547,-0.000005,1.570825,0.079162,1.000000,1.100000,0.000000,0.000000,-1.571000,-0.004153,0.992015,0.048552,0.993212
33.418000,0.083283,0.007985,1.051444,-0.016783,0.000006,-0.002052,-0.173594,-0.000004,1.570825,0.077342,1.000000,1.100000,0.000000,0.000000,-1.571000,-0.005941,0.992015,0.048556,0.993221
33.420000,0.083244,0.007985,1.051439,-0.020188,0.000006,-0.002029,-0.173639,-0.000003,1.570825,0.075519,1.000000,1.100000,0.000000,0.000000,-1.571000,-0.007725,0.992015,0.048561,0.993233
33.422000,0.083199,0.007985,1.051435,-0.023587,0.000006,-0.002004,-0.173680,-0.000003,1.570826,0.073694,1.000000,1.100000,0.000000,0.000000,-1.571000,-0.009505,0.992015,0.048565,0.993249
33.424000,0.083146,0.007985,1.051432,-0.026981,0.000006,-0.001977,-0.173719,-0.000002,1.570826,0.071865,1.000000,1.100000,0.000000,0.000000,-1.571000,-0.011281,0.992015,0.048568,0.993268
33.426000,0.083087,0.007985,1.051428,-0.030371,0.000006,-0.001947,-0.173755,-0.000001,1.570826,0.070034,1.000000,1.100000,0.000000,0.000000,-1.571000,-0.013054,0.992015,0.048572,0.993290
33.428000,0.083021,0.007985,1.051424,-0.033755,0.000006,-0.001914,-0.173788,-0.000000,1.570826,0.068199,1.000000,1.100000,0.000000,0.000000,-1.571000,-0.014822,0.992015,0.048576,0.993315
33.430000,0.082949,0.007985,1.051420,-0.037134,0.000005,-0.001879,-0.173820,0.000001,1.570826,0.066362,1.000000,1.100000,0.000000,0.000000,-1.571000,-0.016586,0.992015,0.048580,0.993343
33.432000,0.082869,0.007985,1.051416,-0.040508,0.000005,-0.001842,-0.173849,0.000001,1.570826,0.064523,1.000000,1.100000,0.000000,0.000000,-1.571000,-0.018346,0.992015,0.048584,0.993374
33.434000,0.082783,0.007985,1.051413,-0.043876,0.000005,-0.001804,-0.173875,0.000002,1.570826,0.062681,1.000000,1.100000,0.000000,0.000000,-1.571000,-0.020102,0.992015,0.048587,0.993408
33.436000,0.082690,0.007985,1.051409,-0.047239,0.000005,-0.001763,-0.173900,0.000003,1.570826,0.060836,1.000000,1.100000,0.000000,0.000000,-1.571000,-0.021854,0.992015,0.048591,0.993445
33.438000,0.082591,0.007985,1.051406,-0.050596,0.000005,-0.001722,-0.173923,0.000004,1.570826,0.058989,1.000000,1.100000,0.000000,0.000000,-1.571000,-0.023601,0.992015,0.048594,0.993485
33.440000,0.082484,0.007985,1.051402,-0.053948,0.000005,-0.001679,-0.173944,0.000004,1.570826,0.057140,1.000000,1.100000,0.000000,0.000000,-1.571000,-0.025344,0.992015,0.048598,0.993528
33.442000,0.082371,0.007985,1.051399,-0.057295,0.000005,-0.001634,-0.173963,0.000005,1.570826,0.055288,1.000000,1.100000,0.000000,0.000000,-1.571000,-0.027083,0.992015,0.048601,0.993574
33.444000,0.082252,0.007985,1.051396,-0.060635,0.000005,-0.001589,-0.173981,0.000006,1.570826,0.053435,1.000000,1.100000,0.000000,0.000000,-1.571000,-0.028817,0.992015,0.048604,0.993623
33.446000,0.082125,0.007985,1.051393,-0.063971,0.000005,-0.001543,-0.173997,0.000006,1.570826,0.051579,1.000000,1.100000,0.000000,0.000000,-1.571000,-0.030546,0.992015,0.048607,0.993675
33.448000,0.081992,0.007985,1.051390,-0.067300,0.000005,-0.001496,-0.174012,0.000007,1.570826,0.049721,1.000000,1.100000,0.000000,0.000000,-1.571000,-0.032271,0.992015,0.048610,0.993730
33.450000,0.081852,0.007985,1.051387,-0.070624,0.000005,-0.001448,-0.174025,0.000007,1.570826,0.047861,1.000000,1.100000,0.000000,0.000000,-1.571000,-0.033991,0.992015,0.048613,0.993787
33.452000,0.081706,0.007985,1.051384,-0.073942,0.000005,-0.001399,-0.174037,0.000008,1.570826,0.045999,1.000000,1.100000,0.000000,0.000000,-1.571000,-0.035707,0.992015,0.048616,0.993847
33.454000,0.081553,0.007985,1.051381,-0.077254,0.000005,-0.001350,-0.174048,0.000008,1.570826,0.044136,1.000000,1.100000,0.000000,0.000000,-1.571000,-0.037417,0.992015,0.048619,0.993910
33.456000,0.081393,0.007985,1.051378,-0.080560,0.000005,-0.001300,-0.174058,0.000009,1.570826,0.042270,1.000000,1.100000,0.000000,0.000000,-1.571000,-0.039123,0.992015,0.048622,0.993976
33.458000,0.081227,0.007985,1.051376,-0.083860,0.000005,-0.001250,-0.174067,0.000009,1.570826,0.040403,1.000000,1.100000,0.000000,0.000000,-1.571000,-0.040824,0.992015,0.048624,0.994045
33.460000,0.081054,0.007985,1.051374,-0.087155,0.000005,-0.001200,-0.174075,0.000009,1.570826,0.038535,1.000000,1.100000,0.000000,0.000000,-1.571000,-0.042519,0.992015,0.048626,0.994116
33.462000,0.080875,0.007985,1.051371,-0.090444,0.000005,-0.001149,-0.174082,0.000010,1.570826,0.036665,1.000000,1.100000,0.000000,0.000000,-1.571000,-0.044210,0.992015,0.048629,0.994190
33.464000,0.080689,0.007985,1.051369,-0.093727,0.000005,-0.001097,-0.174089,0.000010,1.570826,0.034793,1.000000,1.100000,0.000000,0.000000,-1.571000,-0.045896,0.992015,0.048631,0.994266
33.466000,0.080496,0.007985,1.051367,-0.097004,0.000006,-0.001046,-0.174095,0.000010,1.570826,0.032920,1.000000,1.100000,0.000000,0.000000,-1.571000,-0.047576,0.992015,0.048633,0.994345
33.468000,0.080297,0.007985,1.051365,-0.100275,0.000006,-0.000994,-0.174100,0.000010,1.570826,0.031046,1.000000,1.100000,0.000000,0.000000,-1.571000,-0.049251,0.992015,0.048635,0.994427
33.470000,0.080091,0.007985,1.051363,-0.103540,0.000006,-0.000942,-0.174105,0.000011,1.570826,0.029171,1.000000,1.100000,0.000000,0.000000,-1.571000,-0.050921,0.992015,0.048637,0.994511
33.472000,0.079879,0.007985,1.051361,-0.106799,0.000006,-0.000889,-0.174109,0.000011,1.570826,0.027294,1.000000,1.100000,0.000000,0.000000,-1.571000,-0.052585,0.992015,0.048639,0.994598
33.474000,0.079661,0.007985,1.051359,-0.110053,0.000006,-0.000837,-0.174113,0.000011,1.570826,0.025416,1.000000,1.100000,0.000000,0.000000,-1.571000,-0.054244,0.992015,0.048641,0.994687
33.476000,0.079435,0.007985,1.051358,-0.113300,0.000006,-0.000784,-0.174117,0.000011,1.570826,0.023538,1.000000,1.100000,0.000000,0.000000,-1.571000,-0.055898,0.992015,0.048642,0.994779
33.478000,0.079204,0.007985,1.051356,-0.116542,0.000006,-0.000731,-0.174120,0.000011,1.570826,0.021658,1.000000,1.100000,0.000000,0.000000,-1.571000,-0.057546,0.992015,0.048644,0.994873
33.480000,0.078966,0.007985,1.051355,-0.119777,0.000006,-0.000679,-0.174122,0.000011,1.570826,0.019778,1.000000,1.100000,0.000000,0.000000,-1.571000,-0.059188,0.992015,0.048645,0.994969
33.482000,0.078721,0.007985,1.051354,-0.123007,0.000006,-0.000625,-0.174125,0.000011,1.570826,0.017896,1.000000,1.100000,0.000000,0.000000,-1.571000,-0.060824,0.992015,0.048646,0.995068
33.484000,0.078470,0.007985,1.051353,-0.126231,0.000006,-0.000570,-0.174127,0.000011,1.570826,0.016015,1.000000,1.100000,0.000000,0.000000,-1.571000,-0.062455,0.992015,0.048647,0.995169
33.486000,0.078212,0.007985,1.051351,-0.129450,0.000007,-0.000515,-0.174129,0.000011,1.570826,0.014132,1.000000,1.100000,0.000000,0.000000,-1.571000,-0.064080,0.992015,0.048649,0.995272
33.488000,0.077948,0.007985,1.051351,-0.132662,0.000007,-0.000458,-0.174130,0.000010,1.570825,0.012249,1.000000,1.100000,0.000000,0.000000,-1.571000,-0.065699,0.992015,0.048649,0.995378
33.490000,0.077678,0.007985,1.051350,-0.135869,0.000007,-0.000401,-0.174132,0.000010,1.570825,0.010365,1.000000,1.100000,0.000000,0.000000,-1.571000,-0.067313,0.992015,0.048650,0.995486
33.492000,0.077401,0.007985,1.051349,-0.139070,0.000007,-0.000343,-0.174133,0.000010,1.570825,0.008481,1.000000,1.100000,0.000000,0.000000,-1.571000,-0.068920,0.992015,0.048651,0.995596
33.494000,0.077118,0.007985,1.051348,-0.142265,0.000007,-0.000284,-0.174135,0.000010,1.570825,0.006597,1.000000,1.100000,0.000000,0.000000,-1.571000,-0.070521,0.992015,0.048652,0.995708
33.496000,0.076828,0.007985,1.051348,-0.145455,0.000007,-0.000225,-0.174136,0.000010,1.570825,0.004712,1.000000,1.100000,0.000000,0.000000,-1.571000,-0.072116,0.992015,0.048652,0.995822
33.498000,0.076532,0.007985,1.051348,-0.148639,0.000007,-0.000165,-0.174137,0.000009,1.570825,0.002827,1.000000,1.100000,0.000000,0.000000,-1.571000,-0.073705,0.992015,0.048652,0.995938
33.500000,0.076230,0.007985,1.051347,-0.151817,0.000007,-0.000105,-0.174138,0.000009,1.570825,0.000942,1.000000,1.100000,0.000000,0.000000,-1.571000,-0.075287,0.992015,0.048653,0.996057
33.502000,0.075921,0.007985,1.051347,-0.154989,0.000007,-0.000045,-0.174139,0.000009,1.570825,-0.000942,1.000000,1.100000,0.000000,0.000000,-1.571000,-0.076864,0.992015,0.048653,0.996177
33.504000,0.075606,0.007985,1.051347,-0.158155,0.000007,0.000016,-0.174140,0.000009,1.570825,-0.002827,1.000000,1.100000,0.000000,0.000000,-1.571000,-0.078434,0.992015,0.048653,0.996299
33.506000,0.075285,0.007985,1.051347,-0.161316,0.000007,0.000077,-0.174141,0.000008,1.570825,-0.004712,1.000000,1.100000,0.000000,0.000000,-1.571000,-0.079997,0.992015,0.048653,0.996424
33.508000,0.074957,0.007985,1.051348,-0.164471,0.000007,0.000139,-0.174142,0.000008,1.570825,-0.006597,1.000000,1.100000,0.000000,0.000000,-1.571000,-0.081554,0.992015,0.048652,0.996550
33.510000,0.074623,0.007985,1.051348,-0.167620,0.000007,0.000201,-0.174143,0.000008,1.570825,-0.008481,1.000000,1.100000,0.000000,0.000000,-1.571000,-0.083104,0.992015,0.048652,0.996678
33.512000,0.074283,0.007985,1.051348,-0.170763,0.000007,0.000262,-0.174144,0.000008,1.570825,-0.010365,1.000000,1.100000,0.000000,0.000000,-1.571000,-0.084648,0.992015,0.048652,0.996808
33.514000,0.073936,0.007985,1.051349,-0.173901,0.000007,0.000325,-0.174145,0.000007,1.570825,-0.012249,1.000000,1.100000,0.000000,0.000000,-1.571000,-0.086185,0.992015,0.048651,0.996939
33.516000,0.073583,0.007985,1.051350,-0.177032,0.000008,0.000387,-0.174146,0.000007,1.570824,-0.014132,1.000000,1.100000,0.000000,0.000000,-1.571000,-0.087715,0.992015,0.048650,0.997073
33.518000,0.073224,0.007985,1.051351,-0.180159,0.000008,0.000449,-0.174148,0.000007,1.570824,-0.016015,1.000000,1.100000,0.000000,0.000000,-1.571000,-0.089239,0.992015,0.048649,0.997208
33.520000,0.072859,0.007985,1.051352,-0.183279,0.000008,0.000511,-0.174149,0.000007,1.570824,-0.017896,1.000000,1.100000,0.000000,0.000000,-1.571000,-0.090755,0.992015,0.048648,0.997345
33.522000,0.072487,0.007985,1.051353,-0.186393,0.000008,0.000574,-0.174150,0.000007,1.570824,-0.019778,1.000000,1.100000,0.000000,0.000000,-1.571000,-0.092265,0.992015,0.048647,0.997483
33.524000,0.072109,0.007985,1.051354,-0.189502,0.000008,0.000636,-0.174151,0.000007,1.570824,-0.021658,1.000000,1.100000,0.000000,0.000000,-1.571000,-0.093768,0.992015,0.048646,0.997623
33.526000,0.071725,0.007985,1.051355,-0.192605,0.000008,0.000699,-0.174152,0.000007,1.570824,-0.023538,1.000000,1.100000,0.000000,0.000000,-1.571000,-0.095263,0.992015,0.048645,0.997765
33.528000,0.071335,0.007985,1.051357,-0.195703,0.000008,0.000762,-0.174153,0.000007,1.570824,-0.025416,1.000000,1.100000,0.000000,0.000000,-1.571000,-0.096752,0.992015,0.048643,0.997908
33.530000,0.070939,0.007985,1.051358,-0.198795,0.000008,0.000824,-0.174155,0.000007,1.570824,-0.027294,1.000000,1.100000,0.000000,0.000000,-1.571000,-0.098233,0.992015,0.048642,0.998053
33.532000,0.070536,0.007985,1.051360,-0.201881,0.000008,0.000887,-0.174156,0.000007,1.570824,-0.029171,1.000000,1.100000,0.000000,0.000000,-1.571000,-0.099707,0.992015,0.048640,0.998199
33.534000,0.070127,0.007985,1.051362,-0.204961,0.000008,0.000949,-0.174158,0.000007,1.570824,-0.031046,1.000000,1.100000,0.000000,0.000000,-1.571000,-0.101173,0.992015,0.048638,0.998346
33.536000,0.069712,0.007985,1.051364,-0.208036,0.000008,0.001012,-0.174160,0.000007,1.570824,-0.032920,1.000000,1.100000,0.000000,0.000000,-1.571000,-0.102633,0.992015,0.048636,0.998495
33.538000,0.069291,0.007985,1.051366,-0.211105,0.000008,0.001074,-0.174161,0.000007,1.570824,-0.034793,1.000000,1.100000,0.000000,0.000000,-1.571000,-0.104084,0.992015,0.048634,0.998645
33.540000,0.068864,0.007985,1.051368,-0.214169,0.000008,0.001137,-0.174163,0.000007,1.570824,-0.036665,1.000000,1.100000,0.000000,0.000000,-1.571000,-0.105529,0.992015,0.048632,0.998796
33.542000,0.068431,0.007985,1.051371,-0.217226,0.000008,0.001199,-0.174165,0.000007,1.570824,-0.038535,1.000000,1.100000,0.000000,0.000000,-1.571000,-0.106965,0.992015,0.048629,0.998949
33.544000,0.067991,0.007985,1.051373,-0.220279,0.000008,0.001262,-0.174167,0.000007,1.570824,-0.040403,1.000000,1.100000,0.000000,0.000000,-1.571000,-0.108395,0.992015,0.048627,0.999103
33.546000,0.067546,0.007985,1.051376,-0.223325,0.000008,0.001324,-0.174170,0.000007,1.570824,-0.042270,1.000000,1.100000,0.000000,0.000000,-1.571000,-0.109816,0.992015,0.048624,0.999258
33.548000,0.067094,0.007985,1.051379,-0.226366,0.000008,0.001386,-0.174172,0.000007,1.570824,-0.044136,1.000000,1.100000,0.000000,0.000000,-1.571000,-0.111230,0.992015,0.048621,0.999414
33.550000,0.066636,0.007985,1.051382,-0.229402,0.000008,0.001448,-0.174175,0.000007,1.570824,-0.045999,1.000000,1.100000,0.000000,0.000000,-1.571000,-0.112635,0.992015,0.048618,0.999572
33.552000,0.066172,0.007985,1.051385,-0.232431,0.000008,0.001510,-0.174177,0.000007,1.570824,-0.047861,1.000000,1.100000,0.000000,0.000000,-1.571000,-0.114033,0.992015,0.048615,0.999730
33.554000,0.065703,0.007985,1.051388,-0.235456,0.000008,0.001572,-0.174180,0.000007,1.570824,-0.049721,1.000000,1.100000,0.000000,0.000000,-1.571000,-0.115423,0.992015,0.048612,0.999889
33.556000,0.065227,0.007986,1.051391,-0.238475,0.000008,0.001634,-0.174183,0.000007,1.570823,-0.051579,1.000000,1.100000,0.000000,0.000000,-1.571000,-0.116805,0.992014,0.048609,1.000050
33.558000,0.064745,0.007986,1.051394,-0.241488,0.000008,0.001696,-0.174186,0.000007,1.570823,-0.053435,1.000000,1.100000,0.000000,0.000000,-1.571000,-0.118179,0.992014,0.048606,1.000211
33.560000,0.064257,0.007986,1.051398,-0.244495,0.000008,0.001758,-0.174189,0.000007,1.570823,-0.055288,1.000000,1.100000,0.000000,0.000000,-1.571000,-0.119545,0.992014,0.048602,1.000373
33.562000,0.063763,0.007986,1.051401,-0.247497,0.000008,0.001816,-0.174192,0.000007,1.570823,-0.057140,1.000000,1.100000,0.000000,0.000000,-1.571000,-0.120903,0.992014,0.048599,1.000536
33.564000,0.063263,0.007986,1.051405,-0.250492,0.000008,0.001868,-0.174196,0.000007,1.570823,-0.058989,1.000000,1.100000,0.000000,0.000000,-1.571000,-0.122252,0.992014,0.048595,1.000700
33.566000,0.062757,0.007986,1.051409,-0.253481,0.000008,0.001914,-0.174199,0.000007,1.570823,-0.060836,1.000000,1.100000,0.000000,0.000000,-1.571000,-0.123593,0.992014,0.048591,1.000864
33.568000,0.062245,0.007986,1.051413,-0.256463,0.000008,0.001954,-0.174202,0.000007,1.570822,-0.062681,1.000000,1.100000,0.000000,0.000000,-1.571000,-0.124926,0.992014,0.048587,1.001029
33.570000,0.061727,0.007986,1.051417,-0.259438,0.000008,0.001990,-0.174206,0.000007,1.570822,-0.064523,1.000000,1.100000,0.000000,0.000000,-1.571000,-0.126250,0.992014,0.048583,1.001195
33.572000,0.061203,0.007986,1.051421,-0.262408,0.000008,0.002020,-0.174209,0.000007,1.570822,-0.066362,1.000000,1.100000,0.000000,0.000000,-1.571000,-0.127565,0.992014,0.048579,1.001362
33.574000,0.060673,0.007986,1.051425,-0.265371,0.000008,0.002047,-0.174213,0.000006,1.570822,-0.068199,1.000000,1.100000,0.000000,0.000000,-1.571000,-0.128873,0.992014,0.048575,1.001529
33.576000,0.060138,0.007986,1.051429,-0.268329,0.000008,0.002070,-0.174217,0.000006,1.570822,-0.070034,1.000000,1.100000,0.000000,0.000000,-1.571000,-0.130171,0.992014,0.048571,1.001697
33.578000,0.059596,0.007986,1.051433,-0.271280,0.000008,0.002090,-0.174220,0.000006,1.570821,-0.071865,1.000000,1.100000,0.000000,0.000000,-1.571000,-0.131461,0.992014,0.048567,1.001865
33.580000,0.059048,0.007986,1.051437,-0.274225,0.000008,0.002106,-0.174224,0.000006,1.570821,-0.073694,1.000000,1.100000,0.000000,0.000000,-1.571000,-0.132742,0.992014,0.048563,1.002034
33.582000,0.058495,0.007986,1.051442,-0.277165,0.000008,0.002120,-0.174228,0.000005,1.570821,-0.075519,1.000000,1.100000,0.000000,0.000000,-1.571000,-0.134014,0.992014,0.048558,1.002203
33.584000,0.057936,0.007986,1.051446,-0.280098,0.000008,0.002131,-0.174231,0.000005,1.570821,-0.077342,1.000000,1.100000,0.000000,0.000000,-1.571000,-0.135278,0.992014,0.048554,1.002372
33.586000,0.057370,0.007986,1.051450,-0.283026,0.000008,0.002140,-0.174235,0.000005,1.570820,-0.079162,1.000000,1.100000,0.000000,0.000000,-1.571000,-0.136532,0.992014,0.048550,1.002542
33.588000,0.056799,0.007986,1.051454,-0.285948,0.000008,0.002147,-0.174239,0.000005,1.570820,-0.080978,1.000000,1.100000,0.000000,0.000000,-1.571000,-0.137778,0.992014,0.048546,1.002712
33.590000,0.056223,0.007986,1.051459,-0.288865,0.000008,0.002152,-0.174243,0.000004,1.570820,-0.082792,1.000000,1.100000,0.000000,0.000000,-1.571000,-0.139015,0.992014,0.048541,1.002883
33.592000,0.055640,0.007986,1.051463,-0.291776,0.000008,0.002155,-0.174247,0.000004,1.570820,-0.084602,1.000000,1.100000,0.000000,0.000000,-1.571000,-0.140242,0.992014,0.048537,1.003053
33.594000,0.055051,0.007986,1.051467,-0.294681,0.000008,0.002157,-0.174251,0.000004,1.570819,-0.086409,1.000000,1.100000,0.000000,0.000000,-1.571000,-0.141460,0.992014,0.048533,1.003224
33.596000,0.054457,0.007986,1.051472,-0.297581,0.000008,0.002157,-0.174254,0.000004,1.570819,-0.088212,1.000000,1.100000,0.000000,0.000000,-1.571000,-0.142669,0.992014,0.048528,1.003395
33.598000,0.053857,0.007986,1.051476,-0.300475,0.000008,0.002156,-0.174258,0.000004,1.570819,-0.090012,1.000000,1.100000,0.000000,0.000000,-1.571000,-0.143869,0.992014,0.048524,1.003566
33.600000,0.053251,0.007986,1.051480,-0.303364,0.000008,0.002154,-0.174262,0.000004,1.570818,-0.091808,1.000000,1.100000,0.000000,0.000000,-1.571000,-0.145059,0.992014,0.048520,1.003737
33.602000,0.052639,0.007986,1.051485,-0.306247,0.000008,0.002151,-0.174266,0.000004,1.570818,-0.093601,1.000000,1.100000,0.000000,0.000000,-1.571000,-0.146240,0.992014,0.048515,1.003908
33.604000,0.052022,0.007986,1.051489,-0.309125,0.000008,0.002147,-0.174270,0.000003,1.570818,-0.095390,1.000000,1.100000,0.000000,0.000000,-1.571000,-0.147412,0.992014,0.048511,1.004079
33.606000,0.051399,0.007986,1.051493,-0.311997,0.000008,0.002142,-0.174274,0.000003,1.570818,-0.097175,1.000000,1.100000,0.000000,0.000000,-1.571000,-0.148574,0.992014,0.048507,1.004251
33.608000,0.050770,0.007986,1.051498,-0.314864,0.000008,0.002137,-0.174278,0.000003,1.570817,-0.098957,1.000000,1.100000,0.000000,0.000000,-1.571000,-0.149727,0.992014,0.048502,1.004421
33.610000,0.050135,0.007986,1.051502,-0.317726,0.000008,0.002130,-0.174282,0.000003,1.570817,-0.100734,1.000000,1.100000,0.000000,0.000000,-1.571000,-0.150869,0.992014,0.048498,1.004592
33.612000,0.049495,0.007986,1.051506,-0.320583,0.000008,0.002123,-0.174286,0.000003,1.570817,-0.102508,1.000000,1.100000,0.000000,0.000000,-1.571000,-0.152003,0.992014,0.048494,1.004763
33.614000,0.048849,0.007986,1.051510,-0.323434,0.000008,0.002115,-0.174290,0.000003,1.570816,-0.104277,1.000000,1.100000,0.000000,0.000000,-1.571000,-0.153126,0.992014,0.048490,1.004933
33.616000,0.048197,0.007986,1.051514,-0.326279,0.000008,0.002107,-0.174294,0.000003,1.570816,-0.106042,1.000000,1.100000,0.000000,0.000000,-1.571000,-0.154239,0.992014,0.048486,1.005103
33.618000,0.047540,0.007986,1.051519,-0.329120,0.000008,0.002099,-0.174298,0.000003,1.570816,-0.107804,1.000000,1.100000,0.000000,0.000000,-1.571000,-0.155343,0.992014,0.048481,1.005273
33.620000,0.046876,0.007986,1.051523,-0.331955,0.000008,0.002090,-0.174302,0.000003,1.570816,-0.109561,1.000000,1.100000,0.000000,0.000000,-1.571000,-0.156437,0.992014,0.048477,1.005442
33.622000,0.046208,0.007986,1.051527,-0.334784,0.000008,0.002077,-0.174305,0.000003,1.570815,-0.111313,1.000000,1.100000,0.000000,0.000000,-1.571000,-0.157521,0.992014,0.048473,1.005611
33.624000,0.045533,0.007986,1.051531,-0.337608,0.000008,0.002059,-0.174304,0.000003,1.570815,-0.113061,1.000000,1.100000,0.000000,0.000000,-1.571000,-0.158594,0.992014,0.048469,1.005780
33.626000,0.044853,0.007986,1.051535,-0.340424,0.000008,0.002034,-0.174297,0.000003,1.570815,-0.114805,1.000000,1.100000,0.000000,0.000000,-1.571000,-0.159658,0.992014,0.048465,1.005948
33.628000,0.044167,0.007986,1.051539,-0.343235,0.000008,0.002005,-0.174282,0.000003,1.570814,-0.116544,1.000000,1.100000,0.000000,0.000000,-1.571000,-0.160711,0.992014,0.048461,1.006115
33.630000,0.043476,0.007986,1.051543,-0.346039,0.000008,0.001972,-0.174257,0.000003,1.570814,-0.118279,1.000000,1.100000,0.000000,0.000000,-1.571000,-0.161755,0.992014,0.048457,1.006282
33.632000,0.042779,0.007986,1.051547,-0.348837,0.000008,0.001934,-0.174219,0.000003,1.570813,-0.120009,1.000000,1.100000,0.000000,0.000000,-1.571000,-0.162788,0.992014,0.048453,1.006449
33.634000,0.042076,0.007986,1.051551,-0.351628,0.000008,0.001893,-0.174168,0.000003,1.570813,-0.121734,1.000000,1.100000,0.000000,0.000000,-1.571000,-0.163810,0.992014,0.048449,1.006614
33.636000,0.041368,0.007986,1.051555,-0.354412,0.000008,0.001849,-0.174102,0.000003,1.570812,-0.123454,1.000000,1.100000,0.000000,0.000000,-1.571000,-0.164822,0.992014,0.048445,1.006779
33.638000,0.040654,0.007986,1.051558,-0.357190,0.000008,0.001802,-0.174019,0.000002,1.570812,-0.125170,1.000000,1.100000,0.000000,0.000000,-1.571000,-0.165824,0.992014,0.048442,1.006944
33.640000,0.039935,0.007986,1.051562,-0.359959,0.000008,0.001753,-0.173919,0.000002,1.570811,-0.126880,1.000000,1.100000,0.000000,0.000000,-1.571000,-0.166816,0.992014,0.048438,1.007107
33.642000,0.039210,0.007986,1.051565,-0.362722,0.000008,0.001701,-0.173801,0.000002,1.570810,-0.128586,1.000000,1.100000,0.000000,0.000000,-1.571000,-0.167796,0.992014,0.048435,1.007270
33.644000,0.038480,0.007986,1.051569,-0.365476,0.000008,0.001648,-0.173664,0.000001,1.570809,-0.130286,1.000000,1.100000,0.000000,0.000000,-1.571000,-0.168767,0.992014,0.048431,1.007432
33.646000,0.037744,0.007986,1.051572,-0.368222,0.000008,0.001593,-0.173507,0.000001,1.570808,-0.131982,1.000000,1.100000,0.000000,0.000000,-1.571000,-0.169726,0.992014,0.048428,1.007593
33.648000,0.037003,0.007986,1.051575,-0.370959,0.000008,0.001537,-0.173331,0.000000,1.570808,-0.133672,1.000000,1.100000,0.000000,0.000000,-1.571000,-0.170675,0.992014,0.048425,1.007753
33.650000,0.036256,0.007986,1.051578,-0.373688,0.000008,0.001480,-0.173135,0.000000,1.570807,-0.135357,1.000000,1.100000,0.000000,0.000000,-1.571000,-0.171613,0.992014,0.048422,1.007912
33.652000,0.035504,0.007986,1.051581,-0.376407,0.000008,0.001422,-0.172919,-0.000000,1.570806,-0.137036,1.000000,1.100000,0.000000,0.000000,-1.571000,-0.172540,0.992014,0.048419,1.008070
33.654000,0.034746,0.007986,1.051584,-0.379117,0.000008,0.001364,-0.172682,-0.000001,1.570805,-0.138710,1.000000,1.100000,0.000000,0.000000,-1.571000,-0.173457,0.992014,0.048416,1.008227
33.656000,0.033983,0.007986,1.051586,-0.381817,0.000008,0.001305,-0.172426,-0.000001,1.570804,-0.140379,1.000000,1.100000,0.000000,0.000000,-1.571000,-0.174362,0.992014,0.048414,1.008383
33.658000,0.033215,0.007986,1.051589,-0.384506,0.000008,0.001246,-0.172150,-0.000002,1.570802,-0.142042,1.000000,1.100000,0.000000,0.000000,-1.571000,-0.175257,0.992014,0.048411,1.008538
33.660000,0.032441,0.007986,1.051591,-0.387185,0.000007,0.001187,-0.171854,-0.000002,1.570801,-0.143699,1.000000,1.100000,0.000000,0.000000,-1.571000,-0.176141,0.992014,0.048409,1.008692
33.662000,0.031662,0.007986,1.051593,-0.389853,0.000007,0.001128,-0.171540,-0.000003,1.570800,-0.145351,1.000000,1.100000,0.000000,0.000000,-1.571000,-0.177013,0.992014,0.048407,1.008845
33.664000,0.030878,0.007986,1.051596,-0.392509,0.000007,0.001070,-0.171206,-0.000003,1.570799,-0.146997,1.000000,1.100000,0.000000,0.000000,-1.571000,-0.177875,0.992014,0.048404,1.008996
33.666000,0.030088,0.007986,1.051598,-0.395154,0.000007,0.001012,-0.170855,-0.000004,1.570798,-0.148638,1.000000,1.100000,0.000000,0.000000,-1.571000,-0.178725,0.992014,0.048402,1.009146
33.668000,0.029293,0.007986,1.051600,-0.397787,0.000007,0.000955,-0.170487,-0.000004,1.570797,-0.150272,1.000000,1.100000,0.000000,0.000000,-1.571000,-0.179565,0.992014,0.048400,1.009295
33.670000,0.028492,0.007986,1.051601,-0.400407,0.000007,0.000898,-0.170101,-0.000005,1.570796,-0.151900,1.000000,1.100000,0.000000,0.000000,-1.571000,-0.180393,0.992014,0.048399,1.009443
33.672000,0.027687,0.007986,1.051603,-0.403015,0.000007,0.000842,-0.169700,-0.000005,1.570795,-0.153523,1.000000,1.100000,0.000000,0.000000,-1.571000,-0.181210,0.992014,0.048397,1.009589
33.674000,0.026876,0.007986,1.051605,-0.405611,0.000007,0.000787,-0.169284,-0.000005,1.570794,-0.155139,1.000000,1.100000,0.000000,0.000000,-1.571000,-0.182015,0.992014,0.048395,1.009734
33.676000,0.026060,0.007986,1.051606,-0.408193,0.000007,0.000733,-0.168854,-0.000006,1.570793,-0.156750,1.000000,1.100000,0.000000,0.000000,-1.571000,-0.182810,0.992014,0.048394,1.009877
33.678000,0.025239,0.007986,1.051608,-0.410761,0.000007,0.000680,-0.168411,-0.000006,1.570793,-0.158354,1.000000,1.100000,0.000000,0.000000,-1.571000,-0.183593,0.992014,0.048392,1.010019
33.680000,0.024413,0.007986,1.051609,-0.413317,0.000006,0.000629,-0.167955,-0.000006,1.570792,-0.159951,1.000000,1.100000,0.000000,0.000000,-1.571000,-0.184364,0.992014,0.048391,1.010160
33.682000,0.023582,0.007987,1.051610,-0.415857,0.000006,0.000574,-0.167487,-0.000007,1.570791,-0.161543,1.000000,1.100000,0.000000,0.000000,-1.571000,-0.185125,0.992013,0.048390,1.010299
33.684000,0.022745,0.007987,1.051611,-0.418383,0.000006,0.000511,-0.167004,-0.000007,1.570790,-0.163128,1.000000,1.100000,0.000000,0.000000,-1.571000,-0.185873,0.992013,0.048389,1.010436
33.686000,0.021904,0.007987,1.051612,-0.420892,0.000006,0.000441,-0.166504,-0.000007,1.570790,-0.164707,1.000000,1.100000,0.000000,0.000000,-1.571000,-0.186611,0.992013,0.048388,1.010572
33.688000,0.021058,0.007987,1.051613,-0.423386,0.000006,0.000366,-0.165986,-0.000008,1.570789,-0.166279,1.000000,1.100000,0.000000,0.000000,-1.571000,-0.187337,0.992013,0.048387,1.010706
33.690000,0.020206,0.007987,1.051613,-0.425864,0.000006,0.000286,-0.165447,-0.000008,1.570789,-0.167845,1.000000,1.100000,0.000000,0.000000,-1.571000,-0.188051,0.992013,0.048387,1.010839
33.692000,0.019350,0.007987,1.051614,-0.428325,0.000006,0.000201,-0.164887,-0.000008,1.570788,-0.169404,1.000000,1.100000,0.000000,0.000000,-1.571000,-0.188754,0.992013,0.048386,1.010970
33.694000,0.018489,0.007987,1.051614,-0.430770,0.000006,0.000113,-0.164304,-0.000008,1.570787,-0.170956,1.000000,1.100000,0.000000,0.000000,-1.571000,-0.189445,0.992013,0.048386,1.011099
33.696000,0.017623,0.007987,1.051614,-0.433199,0.000005,0.000021,-0.163699,-0.000009,1.570787,-0.172502,1.000000,1.100000,0.000000,0.000000,-1.571000,-0.190124,0.992013,0.048386,1.011227
33.698000,0.016752,0.007987,1.051614,-0.435610,0.000005,-0.000073,-0.163069,-0.000009,1.570786,-0.174040,1.000000,1.100000,0.000000,0.000000,-1.571000,-0.190792,0.992013,0.048386,1.011352
33.700000,0.015876,0.007987,1.051614,-0.438003,0.000005,-0.000169,-0.162416,-0.000009,1.570786,-0.175572,1.000000,1.100000,0.000000,0.000000,-1.571000,-0.191448,0.992013,0.048386,1.011476
33.702000,0.014996,0.007987,1.051613,-0.440379,0.000005,-0.000267,-0.161739,-0.000009,1.570785,-0.177097,1.000000,1.100000,0.000000,0.000000,-1.571000,-0.192093,0.992013,0.048387,1.011598
33.704000,0.014111,0.007987,1.051613,-0.442736,0.000005,-0.000365,-0.161039,-0.000010,1.570785,-0.178615,1.000000,1.100000,0.000000,0.000000,-1.571000,-0.192726,0.992013,0.048387,1.011719
33.706000,0.013221,0.007987,1.051612,-0.445075,0.000005,-0.000465,-0.160315,-0.000010,1.570784,-0.180126,1.000000,1.100000,0.000000,0.000000,-1.571000,-0.193347,0.992013,0.048388,1.011837
33.708000,0.012326,0.007987,1.051611,-0.447394,0.000004,-0.000565,-0.159568,-0.000010,1.570784,-0.181630,1.000000,1.100000,0.000000,0.000000,-1.571000,-0.193956,0.992013,0.048389,1.011954
33.710000,0.011427,0.007987,1.051609,-0.449694,0.000004,-0.000665,-0.158798,-0.000010,1.570783,-0.183127,1.000000,1.100000,0.000000,0.000000,-1.571000,-0.194553,0.992013,0.048391,1.012069
33.712000,0.010523,0.007987,1.051608,-0.451975,0.000004,-0.000765,-0.158007,-0.000011,1.570783,-0.184616,1.000000,1.100000,0.000000,0.000000,-1.571000,-0.195139,0.992013,0.048392,1.012182
33.714000,0.009615,0.007987,1.051606,-0.454235,0.000004,-0.000864,-0.157196,-0.000011,1.570782,-0.186098,1.000000,1.100000,0.000000,0.000000,-1.571000,-0.195713,0.992013,0.048394,1.012292
33.716000,0.008702,0.007987,1.051604,-0.456476,0.000004,-0.000962,-0.156364,-0.000011,1.570782,-0.187573,1.000000,1.100000,0.000000,0.000000,-1.571000,-0.196275,0.992013,0.048396,1.012401
33.718000,0.007785,0.007987,1.051602,-0.458695,0.000004,-0.001060,-0.155514,-0.000011,1.570781,-0.189040,1.000000,1.100000,0.000000,0.000000,-1.571000,-0.196825,0.992013,0.048398,1.012508
33.720000,0.006863,0.007987,1.051600,-0.460893,0.000003,-0.001156,-0.154646,-0.000011,1.570781,-0.190500,1.000000,1.100000,0.000000,0.000000,-1.571000,-0.197364,0.992013,0.048400,1.012613
33.722000,0.005937,0.007987,1.051598,-0.463070,0.000003,-0.001251,-0.153762,-0.000011,1.570781,-0.191952,1.000000,1.100000,0.000000,0.000000,-1.571000,-0.197890,0.992013,0.048402,1.012716
33.724000,0.005007,0.007987,1.051595,-0.465226,0.000003,-0.001344,-0.152863,-0.000012,1.570781,-0.193397,1.000000,1.100000,0.000000,0.000000,-1.571000,-0.198404,0.992013,0.048405,1.012817
33.726000,0.004073,0.007987,1.051592,-0.467360,0.000003,-0.001436,-0.151951,-0.000012,1.570780,-0.194834,1.000000,1.100000,0.000000,0.000000,-1.571000,-0.198907,0.992013,0.048408,1.012915
33.728000,0.003134,0.007987,1.051589,-0.469471,0.000003,-0.001526,-0.151027,-0.000012,1.570780,-0.196264,1.000000,1.100000,0.000000,0.000000,-1.571000,-0.199398,0.992013,0.048411,1.013012
33.730000,0.002191,0.007987,1.051586,-0.471561,0.000002,-0.001614,-0.150092,-0.000012,1.570780,-0.197686,1.000000,1.100000,0.000000,0.000000,-1.571000,-0.199876,0.992013,0.048414,1.013107
33.732000,0.001244,0.007987,1.051583,-0.473628,0.000002,-0.001700,-0.149148,-0.000012,1.570781,-0.199100,1.000000,1.100000,0.000000,0.000000,-1.571000,-0.200343,0.992013,0.048417,1.013199
33.734000,0.000292,0.007987,1.051579,-0.475674,0.000002,-0.001784,-0.148197,-0.000012,1.570781,-0.200506,1.000000,1.100000,0.000000,0.000000,-1.571000,-0.200798,0.992013,0.048421,1.013289
33.736000,-0.000663,0.007987,1.051575,-0.477696,0.000002,-0.001865,-0.147239,-0.000012,1.570781,-0.201904,1.000000,1.100000,0.000000,0.000000,-1.571000,-0.201241,0.992013,0.048425,1.013377
33.738000,-0.001622,0.007987,1.051571,-0.479696,0.000002,-0.001944,-0.146277,-0.000012,1.570781,-0.203294,1.000000,1.100000,0.000000,0.000000,-1.571000,-0.201672,0.992013,0.048429,1.013463
33.740000,-0.002586,0.007987,1.051567,-0.481674,0.000002,-0.002021,-0.145312,-0.000012,1.570782,-0.204676,1.000000,1.100000,0.000000,0.000000,-1.571000,-0.202090,0.992013,0.048433,1.013547
33.742000,-0.003553,0.007987,1.051563,-0.483628,0.000001,-0.002096,-0.144345,-0.000012,1.570783,-0.206050,1.000000,1.100000,0.000000,0.000000,-1.571000,-0.202497,0.992013,0.048437,1.013628
33.744000,-0.004524,0.007987,1.051559,-0.485561,0.000001,-0.002168,-0.143379,-0.000012,1.570783,-0.207416,1.000000,1.100000,0.000000,0.000000,-1.571000,-0.202892,0.992013,0.048441,1.013707
33.746000,-0.005499,0.007987,1.051555,-0.487471,0.000001,-0.002238,-0.142414,-0.000011,1.570784,-0.208774,1.000000,1.100000,0.000000,0.000000,-1.571000,-0.203275,0.992013,0.048445,1.013784
33.748000,-0.006478,0.007987,1.051550,-0.489358,0.000001,-0.002306,-0.141452,-0.000011,1.570785,-0.210123,1.000000,1.100000,0.000000,0.000000,-1.571000,-0.203646,0.992013,0.048450,1.013859
33.750000,-0.007460,0.007987,1.051545,-0.491223,0.000001,-0.002371,-0.140495,-0.000011,1.570786,-0.211465,1.000000,1.100000,0.000000,0.000000,-1.571000,-0.204004,0.992013,0.048455,1.013931
33.752000,-0.008447,0.007987,1.051540,-0.493066,0.000000,-0.002433,-0.139543,-0.000011,1.570787,-0.212797,1.000000,1.100000,0.000000,0.000000,-1.571000,-0.204351,0.992013,0.048460,1.014001
33.754000,-0.009436,0.007987,1.051535,-0.494887,0.000000,-0.002493,-0.138599,-0.000011,1.570789,-0.214122,1.000000,1.100000,0.000000,0.000000,-1.571000,-0.204685,0.992013,0.048465,1.014069
33.756000,-0.010430,0.007987,1.051530,-0.496687,-0.000000,-0.002551,-0.137663,-0.000010,1.570790,-0.215438,1.000000,1.100000,0.000000,0.000000,-1.571000,-0.205008,0.992013,0.048470,1.014134
33.758000,-0.011427,0.007987,1.051525,-0.498464,-0.000000,-0.002607,-0.136737,-0.000010,1.570791,-0.216745,1.000000,1.100000,0.000000,0.000000,-1.571000,-0.205318,0.992013,0.048475,1.014197
33.760000,-0.012427,0.007987,1.051520,-0.500221,-0.000000,-0.002660,-0.135822,-0.000010,1.570793,-0.218044,1.000000,1.100000,0.000000,0.000000,-1.571000,-0.205617,0.992013,0.048480,1.014258
33.762000,-0.013432,0.007987,1.051514,-0.501955,-0.000001,-0.002714,-0.134918,-0.000010,1.570795,-0.219335,1.000000,1.100000,0.000000,0.000000,-1.571000,-0.205903,0.992013,0.048486,1.014316
33.764000,-0.014439,0.007987,1.051509,-0.503669,-0.000001,-0.002772,-0.134024,-0.000009,1.570796,-0.220616,1.000000,1.100000,0.000000,0.000000,-1.571000,-0.206177,0.992013,0.048491,1.014372
33.766000,-0.015450,0.007987,1.051503,-0.505360,-0.000001,-0.002834,-0.133137,-0.000009,1.570798,-0.221889,1.000000,1.100000,0.000000,0.000000,-1.571000,-0.206439,0.992013,0.048497,1.014426
33.768000,-0.016464,0.007987,1.051498,-0.507031,-0.000001,-0.002900,-0.132256,-0.000009,1.570800,-0.223154,1.000000,1.100000,0.000000,0.000000,-1.571000,-0.206689,0.992013,0.048502,1.014477
33.770000,-0.017482,0.007987,1.051492,-0.508680,-0.000001,-0.002968,-0.131379,-0.000008,1.570802,-0.224409,1.000000,1.100000,0.000000,0.000000,-1.571000,-0.206927,0.992013,0.048508,1.014526
33.772000,-0.018503,0.007987,1.051486,-0.510309,-0.000001,-0.003038,-0.130506,-0.000008,1.570804,-0.225655,1.000000,1.100000,0.000000,0.000000,-1.571000,-0.207153,0.992013,0.048514,1.014572
33.774000,-0.019527,0.007987,1.051479,-0.511917,-0.000002,-0.003110,-0.129635,-0.000007,1.570806,-0.226893,1.000000,1.100000,0.000000,0.000000,-1.571000,-0.207367,0.992013,0.048521,1.014616
33.776000,-0.020554,0.007987,1.051473,-0.513505,-0.000002,-0.003184,-0.128765,-0.000007,1.570807,-0.228122,1.000000,1.100000,0.000000,0.000000,-1.571000,-0.207568,0.992013,0.048527,1.014657
33.778000,-0.021584,0.007987,1.051467,-0.515072,-0.000002,-0.003258,-0.127896,-0.000006,1.570809,-0.229341,1.000000,1.100000,0.000000,0.000000,-1.571000,-0.207757,0.992013,0.048533,1.014696
33.780000,-0.022618,0.007987,1.051460,-0.516620,-0.000002,-0.003334,-0.127027,-0.000006,1.570811,-0.230552,1.000000,1.100000,0.000000,0.000000,-1.571000,-0.207934,0.992013,0.048540,1.014733
33.782000,-0.023654,0.007987,1.051453,-0.518147,-0.000002,-0.003410,-0.126158,-0.000006,1.570813,-0.231754,1.000000,1.100000,0.000000,0.000000,-1.571000,-0.208099,0.992013,0.048547,1.014767
33.784000,-0.024694,0.007987,1.051446,-0.519654,-0.000002,-0.003486,-0.125288,-0.000005,1.570814,-0.232946,1.000000,1.100000,0.000000,0.000000,-1.571000,-0.208252,0.992013,0.048554,1.014799
33.786000,-0.025736,0.007987,1.051439,-0.521141,-0.000003,-0.003562,-0.124417,-0.000005,1.570816,-0.234129,1.000000,1.100000,0.000000,0.000000,-1.571000,-0.208393,0.992013,0.048561,1.014828
33.788000,-0.026782,0.007987,1.051432,-0.522608,-0.000003,-0.003638,-0.123546,-0.000004,1.570817,-0.235303,1.000000,1.100000,0.000000,0.000000,-1.571000,-0.208521,0.992013,0.048568,1.014855
33.790000,-0.027830,0.007987,1.051424,-0.524055,-0.000003,-0.003714,-0.122674,-0.000004,1.570819,-0.236468,1.000000,1.100000,0.000000,0.000000,-1.571000,-0.208637,0.992013,0.048576,1.014879
33.792000,-0.028882,0.007987,1.051417,-0.525482,-0.000003,-0.003789,-0.121801,-0.000003,1.570820,-0.237623,1.000000,1.100000,0.000000,0.000000,-1.571000,-0.208741,0.992013,0.048583,1.014901
33.794000,-0.029936,0.007987,1.051409,-0.526889,-0.000003,-0.003863,-0.120927,-0.000003,1.570821,-0.238769,1.000000,1.100000,0.000000,0.000000,-1.571000,-0.208833,0.992013,0.048591,1.014920
33.796000,-0.030993,0.007987,1.051401,-0.528276,-0.000003,-0.003937,-0.120053,-0.000003,1.570822,-0.239905,1.000000,1.100000,0.000000,0.000000,-1.571000,-0.208913,0.992013,0.048599,1.014937
33.798000,-0.032052,0.007987,1.051393,-0.529644,-0.000003,-0.004010,-0.119178,-0.000002,1.570823,-0.241032,1.000000,1.100000,0.000000,0.000000,-1.571000,-0.208980,0.992013,0.048607,1.014951
33.800000,-0.033115,0.007987,1.051385,-0.530992,-0.000003,-0.004082,-0.118304,-0.000002,1.570824,-0.242150,1.000000,1.100000,0.000000,0.000000,-1.571000,-0.209035,0.992013,0.048615,1.014963
33.802000,-0.034180,0.007987,1.051377,-0.532320,-0.000003,-0.004153,-0.117430,-0.000002,1.570825,-0.243258,1.000000,1.100000,0.000000,0.000000,-1.571000,-0.209078,0.992013,0.048623,1.014972
33.804000,-0.035248,0.007987,1.051369,-0.533629,-0.000004,-0.004222,-0.116557,-0.000001,1.570826,-0.244356,1.000000,1.100000,0.000000,0.000000,-1.571000,-0.209109,0.992013,0.048631,1.014979
33.806000,-0.036318,0.007987,1.051360,-0.534918,-0.000004,-0.004291,-0.115686,-0.000001,1.570826,-0.245445,1.000000,1.100000,0.000000,0.000000,-1.571000,-0.209127,0.992013,0.048640,1.014983
33.808000,-0.037391,0.007987,1.051351,-0.536187,-0.000004,-0.004358,-0.114816,-0.000001,1.570827,-0.246524,1.000000,1.100000,0.000000,0.000000,-1.571000,-0.209133,0.992013,0.048649,1.014985
33.810000,-0.038466,0.007987,1.051343,-0.537438,-0.000004,-0.004423,-0.113949,-0.000000,1.570828,-0.247593,1.000000,1.100000,0.000000,0.000000,-1.571000,-0.209127,0.992013,0.048657,1.014984
33.812000,-0.039544,0.007987,1.051334,-0.538669,-0.000004,-0.004488,-0.113085,-0.000000,1.570828,-0.248653,1.000000,1.100000,0.000000,0.000000,-1.571000,-0.209109,0.992013,0.048666,1.014981
33.814000,-0.040624,0.007987,1.051324,-0.539880,-0.000004,-0.004551,-0.112225,0.000000,1.570828,-0.249702,1.000000,1.100000,0.000000,0.000000,-1.571000,-0.209078,0.992013,0.048676,1.014975
33.816000,-0.041707,0.007987,1.051315,-0.541073,-0.000004,-0.004612,-0.111369,0.000000,1.570829,-0.250742,1.000000,1.100000,0.000000,0.000000,-1.571000,-0.209036,0.992013,0.048685,1.014966
33.818000,-0.042792,0.007987,1.051306,-0.542247,-0.000004,-0.004672,-0.110517,0.000001,1.570829,-0.251772,1.000000,1.100000,0.000000,0.000000,-1.571000,-0.208981,0.992013,0.048694,1.014955
33.820000,-0.043879,0.007987,1.051297,-0.543402,-0.000004,-0.004730,-0.109671,0.000001,1.570829,-0.252792,1.000000,1.100000,0.000000,0.000000,-1.571000,-0.208913,0.992013,0.048703,1.014942
33.822000,-0.044969,0.007987,1.051287,-0.544538,-0.000004,-0.004790,-0.108830,0.000001,1.570829,-0.253802,1.000000,1.100000,0.000000,0.000000,-1.571000,-0.208834,0.992013,0.048713,1.014926
33.824000,-0.046060,0.007987,1.051277,-0.545655,-0.000004,-0.004854,-0.107990,0.000002,1.570829,-0.254802,1.000000,1.100000,0.000000,0.000000,-1.571000,-0.208742,0.992013,0.048723,1.014908
33.826000,-0.047154,0.007987,1.051267,-0.546753,-0.000004,-0.004921,-0.107148,0.000002,1.570829,-0.255792,1.000000,1.100000,0.000000,0.000000,-1.571000,-0.208638,0.992013,0.048733,1.014887
33.828000,-0.048251,0.007987,1.051257,-0.547831,-0.000004,-0.004991,-0.106301,0.000002,1.570829,-0.256772,1.000000,1.100000,0.000000,0.000000,-1.571000,-0.208521,0.992013,0.048743,1.014863
33.830000,-0.049349,0.007987,1.051247,-0.548891,-0.000004,-0.005064,-0.105447,0.000002,1.570829,-0.257742,1.000000,1.100000,0.000000,0.000000,-1.571000,-0.208393,0.992013,0.048753,1.014837
33.832000,-0.050449,0.007987,1.051237,-0.549932,-0.000004,-0.005139,-0.104582,0.000002,1.570829,-0.258701,1.000000,1.100000,0.000000,0.000000,-1.571000,-0.208252,0.992013,0.048763,1.014809
33.834000,-0.051552,0.007987,1.051227,-0.550953,-0.000004,-0.005216,-0.103706,0.000003,1.570828,-0.259650,1.000000,1.100000,0.000000,0.000000,-1.571000,-0.208098,0.992013,0.048773,1.014778
33.836000,-0.052656,0.007987,1.051216,-0.551956,-0.000004,-0.005294,-0.102817,0.000003,1.570828,-0.260589,1.000000,1.100000,0.000000,0.000000,-1.571000,-0.207933,0.992013,0.048784,1.014745
33.838000,-0.053763,0.007987,1.051205,-0.552938,-0.000004,-0.005373,-0.101913,0.000003,1.570827,-0.261518,1.000000,1.100000,0.000000,0.000000,-1.571000,-0.207755,0.992013,0.048795,1.014709
33.840000,-0.054871,0.007987,1.051195,-0.553901,-0.000004,-0.005453,-0.100994,0.000003,1.570827,-0.262437,1.000000,1.100000,0.000000,0.000000,-1.571000,-0.207565,0.992013,0.048805,1.014670
33.842000,-0.055982,0.007986,1.051184,-0.554844,-0.000004,-0.005533,-0.100058,0.000003,1.570826,-0.263345,1.000000,1.100000,0.000000,0.000000,-1.571000,-0.207363,0.992014,0.048816,1.014630
33.844000,-0.057094,0.007986,1.051172,-0.555766,-0.000004,-0.005613,-0.099105,0.000004,1.570825,-0.264242,1.000000,1.100000,0.000000,0.000000,-1.571000,-0.207149,0.992014,0.048828,1.014586
33.846000,-0.058208,0.007986,1.051161,-0.556668,-0.000004,-0.005694,-0.098135,0.000004,1.570824,-0.265130,1.000000,1.100000,0.000000,0.000000,-1.571000,-0.206922,0.992014,0.048839,1.014541
33.848000,-0.059324,0.007986,1.051149,-0.557549,-0.000004,-0.005774,-0.097147,0.000004,1.570823,-0.266006,1.000000,1.100000,0.000000,0.000000,-1.571000,-0.206683,0.992014,0.048851,1.014492
33.850000,-0.060441,0.007986,1.051138,-0.558409,-0.000004,-0.005854,-0.096141,0.000004,1.570822,-0.266873,1.000000,1.100000,0.000000,0.000000,-1.571000,-0.206432,0.992014,0.048862,1.014442
33.852000,-0.061560,0.007986,1.051126,-0.559248,-0.000004,-0.005934,-0.095118,0.000004,1.570820,-0.267729,1.000000,1.100000,0.000000,0.000000,-1.571000,-0.206168,0.992014,0.048874,1.014389
33.854000,-0.062681,0.007986,1.051114,-0.560064,-0.000004,-0.006013,-0.094078,0.000004,1.570819,-0.268574,1.000000,1.100000,0.000000,0.000000,-1.571000,-0.205892,0.992014,0.048886,1.014333
33.856000,-0.063804,0.007986,1.051102,-0.560859,-0.000004,-0.006091,-0.093021,0.000004,1.570818,-0.269408,1.000000,1.100000,0.000000,0.000000,-1.571000,-0.205605,0.992014,0.048898,1.014276
33.858000,-0.064928,0.007986,1.051089,-0.561632,-0.000004,-0.006168,-0.091949,0.000004,1.570817,-0.270232,1.000000,1.100000,0.000000,0.000000,-1.571000,-0.205305,0.992014,0.048911,1.014216
33.860000,-0.066053,0.007986,1.051077,-0.562382,-0.000004,-0.006243,-0.090861,0.000005,1.570815,-0.271045,1.000000,1.100000,0.000000,0.000000,-1.571000,-0.204992,0.992014,0.048923,1.014153
33.862000,-0.067180,0.007986,1.051064,-0.563109,-0.000004,-0.006318,-0.089759,0.000005,1.570814,-0.271848,1.000000,1.100000,0.000000,0.000000,-1.571000,-0.204668,0.992014,0.048936,1.014088
33.864000,-0.068309,0.007986,1.051052,-0.563814,-0.000004,-0.006392,-0.088644,0.000005,1.570813,-0.272640,1.000000,1.100000,0.000000,0.000000,-1.571000,-0.204331,0.992014,0.048948,1.014021
33.866000,-0.069438,0.007986,1.051039,-0.564495,-0.000004,-0.006464,-0.087517,0.000005,1.570811,-0.273421,1.000000,1.100000,0.000000,0.000000,-1.571000,-0.203983,0.992014,0.048961,1.013951
33.868000,-0.070569,0.007986,1.051026,-0.565153,-0.000004,-0.006535,-0.086378,0.000005,1.570810,-0.274191,1.000000,1.100000,0.000000,0.000000,-1.571000,-0.203622,0.992014,0.048974,1.013879
33.870000,-0.071702,0.007986,1.051013,-0.565787,-0.000004,-0.006604,-0.085230,0.000005,1.570809,-0.274951,1.000000,1.100000,0.000000,0.000000,-1.571000,-0.203249,0.992014,0.048987,1.013805
33.872000,-0.072836,0.007986,1.050999,-0.566398,-0.000003,-0.006672,-0.084074,0.000005,1.570808,-0.275699,1.000000,1.100000,0.000000,0.000000,-1.571000,-0.202864,0.992014,0.049001,1.013729
33.874000,-0.073970,0.007986,1.050986,-0.566985,-0.000003,-0.006739,-0.082910,0.000005,1.570806,-0.276437,1.000000,1.100000,0.000000,0.000000,-1.571000,-0.202467,0.992014,0.049014,1.013650
33.876000,-0.075106,0.007986,1.050972,-0.567548,-0.000003,-0.006804,-0.081740,0.000005,1.570805,-0.277164,1.000000,1.100000,0.000000,0.000000,-1.571000,-0.202058,0.992014,0.049028,1.013569
33.878000,-0.076243,0.007986,1.050958,-0.568087,-0.000003,-0.006867,-0.080566,0.000006,1.570804,-0.277880,1.000000,1.100000,0.000000,0.000000,-1.571000,-0.201636,0.992014,0.049042,1.013486
33.880000,-0.077381,0.007986,1.050945,-0.568603,-0.000003,-0.006929,-0.079390,0.000006,1.570804,-0.278585,1.000000,1.100000,0.000000,0.000000,-1.571000,-0.201203,0.992014,0.049055,1.013400
33.882000,-0.078521,0.007986,1.050931,-0.569094,-0.000003,-0.006991,-0.078210,0.000006,1.570803,-0.279279,1.000000,1.100000,0.000000,0.000000,-1.571000,-0.200758,0.992014,0.049069,1.013313
33.884000,-0.079661,0.007986,1.050917,-0.569561,-0.000003,-0.007054,-0.077026,0.000006,1.570802,-0.279961,1.000000,1.100000,0.000000,0.000000,-1.571000,-0.200301,0.992014,0.049083,1.013223
33.886000,-0.080801,0.007986,1.050902,-0.570004,-0.000003,-0.007120,-0.075834,0.000006,1.570801,-0.280633,1.000000,1.100000,0.000000,0.000000,-1.571000,-0.199832,0.992014,0.049098,1.013131
33.888000,-0.081943,0.007986,1.050888,-0.570422,-0.000003,-0.007186,-0.074634,0.000006,1.570801,-0.281294,1.000000,1.100000,0.000000,0.000000,-1.571000,-0.199351,0.992014,0.049112,1.013037
33.890000,-0.083086,0.007986,1.050873,-0.570816,-0.000002,-0.007254,-0.073422,0.000006,1.570800,-0.281944,1.000000,1.100000,0.000000,0.000000,-1.571000,-0.198858,0.992014,0.049127,1.012941
33.892000,-0.084229,0.007986,1.050859,-0.571185,-0.000002,-0.007322,-0.072200,0.000006,1.570800,-0.282582,1.000000,1.100000,0.000000,0.000000,-1.571000,-0.198353,0.992014,0.049141,1.012842
33.894000,-0.085373,0.007986,1.050844,-0.571530,-0.000002,-0.007391,-0.070964,0.000006,1.570799,-0.283209,1.000000,1.100000,0.000000,0.000000,-1.571000,-0.197836,0.992014,0.049156,1.012742
33.896000,-0.086518,0.007986,1.050829,-0.571850,-0.000002,-0.007459,-0.069716,0.000006,1.570799,-0.283826,1.000000,1.100000,0.000000,0.000000,-1.571000,-0.197308,0.992014,0.049171,1.012640
33.898000,-0.087663,0.007986,1.050814,-0.572144,-0.000002,-0.007528,-0.068454,0.000006,1.570798,-0.284431,1.000000,1.100000,0.000000,0.000000,-1.571000,-0.196767,0.992014,0.049186,1.012535
33.900000,-0.088809,0.007986,1.050799,-0.572414,-0.000002,-0.007597,-0.067178,0.000006,1.570798,-0.285024,1.000000,1.100000,0.000000,0.000000,-1.571000,-0.196215,0.992014,0.049201,1.012429
33.902000,-0.089955,0.007986,1.050784,-0.572657,-0.000002,-0.007666,-0.065888,0.000006,1.570797,-0.285607,1.000000,1.100000,0.000000,0.000000,-1.571000,-0.195651,0.992014,0.049216,1.012321
33.904000,-0.091102,0.007986,1.050768,-0.572875,-0.000002,-0.007734,-0.064585,0.000006,1.570797,-0.286178,1.000000,1.100000,0.000000,0.000000,-1.571000,-0.195076,0.992014,0.049232,1.012210
33.906000,-0.092249,0.007986,1.050753,-0.573067,-0.000002,-0.007802,-0.063270,0.000006,1.570797,-0.286738,1.000000,1.100000,0.000000,0.000000,-1.571000,-0.194489,0.992014,0.049247,1.012098
33.908000,-0.093397,0.007986,1.050737,-0.573233,-0.000001,-0.007869,-0.061942,0.000006,1.570796,-0.287286,1.000000,1.100000,0.000000,0.000000,-1.571000,-0.193890,0.992014,0.049263,1.011984
33.910000,-0.094545,0.007986,1.050721,-0.573373,-0.000001,-0.007935,-0.060602,0.000006,1.570796,-0.287824,1.000000,1.100000,0.000000,0.000000,-1.571000,-0.193279,0.992014,0.049279,1.011868
33.912000,-0.095693,0.007986,1.050705,-0.573486,-0.000001,-0.008001,-0.059251,0.000006,1.570796,-0.288350,1.000000,1.100000,0.000000,0.000000,-1.571000,-0.192657,0.992014,0.049295,1.011750
33.914000,-0.096841,0.007986,1.050689,-0.573572,-0.000001,-0.008066,-0.057891,0.000005,1.570796,-0.288864,1.000000,1.100000,0.000000,0.000000,-1.571000,-0.192023,0.992014,0.049311,1.011630
33.916000,-0.097989,0.007986,1.050673,-0.573632,-0.000001,-0.008130,-0.056522,0.000005,1.570796,-0.289367,1.000000,1.100000,0.000000,0.000000,-1.571000,-0.191378,0.992014,0.049327,1.011509
33.918000,-0.099138,0.007986,1.050656,-0.573665,-0.000001,-0.008193,-0.055146,0.000005,1.570796,-0.289859,1.000000,1.100000,0.000000,0.000000,-1.571000,-0.190721,0.992014,0.049344,1.011385
33.920000,-0.100286,0.007986,1.050640,-0.573671,-0.000001,-0.008255,-0.053764,0.000005,1.570796,-0.290339,1.000000,1.100000,0.000000,0.000000,-1.571000,-0.190053,0.992014,0.049360,1.011260
33.922000,-0.101435,0.007986,1.050623,-0.573650,-0.000001,-0.008316,-0.052376,0.000005,1.570796,-0.290808,1.000000,1.100000,0.000000,0.000000,-1.571000,-0.189373,0.992014,0.049377,1.011134
33.924000,-0.102583,0.007986,1.050606,-0.573601,-0.000001,-0.008377,-0.050985,0.000005,1.570796,-0.291265,1.000000,1.100000,0.000000,0.000000,-1.571000,-0.188682,0.992014,0.049394,1.011005
33.926000,-0.103731,0.007986,1.050590,-0.573526,-0.000000,-0.008436,-0.049592,0.000005,1.570796,-0.291711,1.000000,1.100000,0.000000,0.000000,-1.571000,-0.187980,0.992014,0.049410,1.010875
33.928000,-0.104879,0.007986,1.050573,-0.573424,-0.000000,-0.008494,-0.048198,0.000005,1.570796,-0.292145,1.000000,1.100000,0.000000,0.000000,-1.571000,-0.187266,0.992014,0.049427,1.010744
33.930000,-0.106027,0.007986,1.050556,-0.573295,-0.000000,-0.008551,-0.046805,0.000005,1.570796,-0.292568,1.000000,1.100000,0.000000,0.000000,-1.571000,-0.186541,0.992014,0.049444,1.010610
33.932000,-0.107175,0.007986,1.050538,-0.573138,-0.000000,-0.008607,-0.045414,0.000005,1.570796,-0.292979,1.000000,1.100000,0.000000,0.000000,-1.571000,-0.185804,0.992014,0.049462,1.010476
33.934000,-0.108322,0.007986,1.050521,-0.572955,-0.000000,-0.008662,-0.044027,0.000005,1.570797,-0.293379,1.000000,1.100000,0.000000,0.000000,-1.571000,-0.185057,0.992014,0.049479,1.010339
33.936000,-0.109469,0.007986,1.050504,-0.572745,0.000000,-0.008716,-0.042646,0.000005,1.570797,-0.293767,1.000000,1.100000,0.000000,0.000000,-1.571000,-0.184298,0.992014,0.049496,1.010201
33.938000,-0.110615,0.007986,1.050486,-0.572509,0.000000,-0.008769,-0.041271,0.000005,1.570798,-0.294143,1.000000,1.100000,0.000000,0.000000,-1.571000,-0.183528,0.992014,0.049514,1.010062
33.940000,-0.111761,0.007986,1.050468,-0.572246,0.000000,-0.008821,-0.039905,0.000004,1.570798,-0.294508,1.000000,1.100000,0.000000,0.000000,-1.571000,-0.182747,0.992014,0.049532,1.009921
33.942000,-0.112906,0.007986,1.050451,-0.571958,0.000000,-0.008872,-0.038549,0.000004,1.570799,-0.294861,1.000000,1.100000,0.000000,0.000000,-1.571000,-0.181955,0.992014,0.049549,1.009779
33.944000,-0.114051,0.007986,1.050433,-0.571643,0.000000,-0.008922,-0.037204,0.000004,1.570799,-0.295203,1.000000,1.100000,0.000000,0.000000,-1.571000,-0.181152,0.992014,0.049567,1.009636
33.946000,-0.115194,0.007986,1.050415,-0.571303,0.000000,-0.008972,-0.035872,0.000004,1.570800,-0.295533,1.000000,1.100000,0.000000,0.000000,-1.571000,-0.180338,0.992014,0.049585,1.009491
33.948000,-0.116338,0.007986,1.050397,-0.570937,0.000001,-0.009020,-0.034554,0.000004,1.570801,-0.295851,1.000000,1.100000,0.000000,0.000000,-1.571000,-0.179513,0.992014,0.049603,1.009345
33.950000,-0.117480,0.007986,1.050379,-0.570547,0.000001,-0.009068,-0.033252,0.000004,1.570802,-0.296158,1.000000,1.100000,0.000000,0.000000,-1.571000,-0.178677,0.992014,0.049621,1.009197
33.952000,-0.118622,0.007986,1.050361,-0.570132,0.000001,-0.009115,-0.031966,0.000004,1.570803,-0.296452,1.000000,1.100000,0.000000,0.000000,-1.571000,-0.177831,0.992014,0.049639,1.009049
33.954000,-0.119762,0.007986,1.050342,-0.569692,0.000001,-0.009161,-0.030699,0.000004,1.570804,-0.296736,1.000000,1.100000,0.000000,0.000000,-1.571000,-0.176973,0.992014,0.049658,1.008899
33.956000,-0.120902,0.007986,1.050324,-0.569229,0.000001,-0.009206,-0.029452,0.000004,1.570805,-0.297007,1.000000,1.100000,0.000000,0.000000,-1.571000,-0.176105,0.992014,0.049676,1.008748
33.958000,-0.122041,0.007986,1.050305,-0.568743,0.000001,-0.009251,-0.028225,0.000004,1.570806,-0.297267,1.000000,1.100000,0.000000,0.000000,-1.571000,-0.175226,0.992014,0.049695,1.008595
33.960000,-0.123179,0.007986,1.050287,-0.568233,0.000001,-0.009295,-0.027020,0.000005,1.570808,-0.297515,1.000000,1.100000,0.000000,0.000000,-1.571000,-0.174336,0.992014,0.049713,1.008442
33.962000,-0.124316,0.007986,1.050268,-0.567701,0.000001,-0.009338,-0.025836,0.000005,1.570809,-0.297751,1.000000,1.100000,0.000000,0.000000,-1.571000,-0.173435,0.992014,0.049732,1.008288
33.964000,-0.125452,0.007986,1.050249,-0.567148,0.000001,-0.009380,-0.024670,0.000005,1.570810,-0.297976,1.000000,1.100000,0.000000,0.000000,-1.571000,-0.172524,0.992014,0.049751,1.008132
33.966000,-0.126586,0.007986,1.050230,-0.566572,0.000001,-0.009422,-0.023518,0.000005,1.570812,-0.298188,1.000000,1.100000,0.000000,0.000000,-1.571000,-0.171602,0.992014,0.049770,1.007976
33.968000,-0.127720,0.007986,1.050212,-0.565975,0.000001,-0.009462,-0.022378,0.000005,1.570813,-0.298389,1.000000,1.100000,0.000000,0.000000,-1.571000,-0.170670,0.992014,0.049788,1.007819
33.970000,-0.128852,0.007986,1.050193,-0.565357,0.000001,-0.009502,-0.021246,0.000005,1.570814,-0.298578,1.000000,1.100000,0.000000,0.000000,-1.571000,-0.169727,0.992014,0.049807,1.007660
33.972000,-0.129983,0.007986,1.050173,-0.564718,0.000002,-0.009542,-0.020121,0.000005,1.570815,-0.298756,1.000000,1.100000,0.000000,0.000000,-1.571000,-0.168773,0.992014,0.049827,1.007501
33.974000,-0.131112,0.007986,1.050154,-0.564059,0.000002,-0.009580,-0.019000,0.000005,1.570816,-0.298921,1.000000,1.100000,0.000000,0.000000,-1.571000,-0.167809,0.992014,0.049846,1.007341
33.976000,-0.132240,0.007986,1.050135,-0.563378,0.000002,-0.009618,-0.017881,0.000005,1.570817,-0.299075,1.000000,1.100000,0.000000,0.000000,-1.571000,-0.166835,0.992014,0.049865,1.007180
33.978000,-0.133367,0.007986,1.050116,-0.562677,0.000002,-0.009656,-0.016762,0.000005,1.570818,-0.299217,1.000000,1.100000,0.000000,0.000000,-1.571000,-0.165850,0.992014,0.049884,1.007018
33.980000,-0.134493,0.007986,1.050096,-0.561956,0.000002,-0.009693,-0.015643,0.000005,1.570819,-0.299347,1.000000,1.100000,0.000000,0.000000,-1.571000,-0.164855,0.992014,0.049904,1.006856
33.982000,-0.135617,0.007986,1.050077,-0.561214,0.000002,-0.009729,-0.014522,0.000005,1.570820,-0.299466,1.000000,1.100000,0.000000,0.000000,-1.571000,-0.163849,0.992014,0.049923,1.006693
33.984000,-0.136739,0.007986,1.050057,-0.560452,0.000002,-0.009765,-0.013398,0.000005,1.570820,-0.299572,1.000000,1.100000,0.000000,0.000000,-1.571000,-0.162833,0.992014,0.049943,1.006529
33.986000,-0.137860,0.007986,1.050038,-0.559669,0.000002,-0.009801,-0.012271,0.000005,1.570821,-0.299667,1.000000,1.100000,0.000000,0.000000,-1.571000,-0.161807,0.992014,0.049962,1.006364
33.988000,-0.138979,0.007986,1.050018,-0.558865,0.000002,-0.009836,-0.011140,0.000005,1.570821,-0.299750,1.000000,1.100000,0.000000,0.000000,-1.571000,-0.160771,0.992014,0.049982,1.006199
33.990000,-0.140097,0.007986,1.049998,-0.558041,0.000002,-0.009871,-0.010005,0.000005,1.570821,-0.299821,1.000000,1.100000,0.000000,0.000000,-1.571000,-0.159724,0.992014,0.050002,1.006033
33.992000,-0.141213,0.007986,1.049979,-0.557196,0.000002,-0.009905,-0.008865,0.000005,1.570821,-0.299880,1.000000,1.100000,0.000000,0.000000,-1.571000,-0.158667,0.992014,0.050021,1.005867
33.994000,-0.142327,0.007986,1.049959,-0.556331,0.000003,-0.009940,-0.007721,0.000004,1.570821,-0.299927,1.000000,1.100000,0.000000,0.000000,-1.571000,-0.157601,0.992014,0.050041,1.005700
33.996000,-0.143439,0.007986,1.049939,-0.555445,0.000003,-0.009973,-0.006571,0.000004,1.570821,-0.299963,1.000000,1.100000,0.000000,0.000000,-1.571000,-0.156524,0.992014,0.050061,1.005533
33.998000,-0.144550,0.007986,1.049919,-0.554538,0.000003,-0.010007,-0.005418,0.000004,1.570821,-0.299987,1.000000,1.100000,0.000000,0.000000,-1.571000,-0.155437,0.992014,0.050081,1.005365
34.000000,-0.145659,0.007986,1.049899,-0.553610,0.000003,-0.010040,-0.004260,0.000004,1.570820,-0.299999,1.000000,1.100000,0.000000,0.000000,-1.571000,-0.154340,0.992014,0.050101,1.005197
34.002000,-0.146766,0.007986,1.049878,-0.552661,0.000003,-0.010074,-0.003099,0.000003,1.570820,-0.299999,1.000000,1.100000,0.000000,0.000000,-1.571000,-0.153233,0.992014,0.050122,1.005029
34.004000,-0.147871,0.007986,1.049858,-0.551691,0.000003,-0.010107,-0.001935,0.000003,1.570819,-0.299987,1.000000,1.100000,0.000000,0.000000,-1.571000,-0.152116,0.992014,0.050142,1.004860
34.006000,-0.148974,0.007986,1.049838,-0.550701,0.000003,-0.010140,-0.000768,0.000003,1.570818,-0.299963,1.000000,1.100000,0.000000,0.000000,-1.571000,-0.150989,0.992014,0.050162,1.004692
34.008000,-0.150075,0.007986,1.049818,-0.549689,0.000003,-0.010172,0.000401,0.000003,1.570818,-0.299927,1.000000,1.100000,0.000000,0.000000,-1.571000,-0.149853,0.992014,0.050182,1.004522
34.010000,-0.151173,0.007986,1.049797,-0.548657,0.000003,-0.010205,0.001571,0.000002,1.570817,-0.299880,1.000000,1.100000,0.000000,0.000000,-1.571000,-0.148707,0.992014,0.050203,1.004353
34.012000,-0.152270,0.007986,1.049777,-0.547603,0.000003,-0.010238,0.002742,0.000002,1.570816,-0.299821,1.000000,1.100000,0.000000,0.000000,-1.571000,-0.147551,0.992014,0.050223,1.004184
34.014000,-0.153365,0.007986,1.049756,-0.546529,0.000003,-0.010270,0.003912,0.000002,1.570815,-0.299750,1.000000,1.100000,0.000000,0.000000,-1.571000,-0.146385,0.992014,0.050244,1.004014
34.016000,-0.154458,0.007986,1.049736,-0.545434,0.000003,-0.010303,0.005081,0.000001,1.570814,-0.299667,1.000000,1.100000,0.000000,0.000000,-1.571000,-0.145209,0.992014,0.050264,1.003844
34.018000,-0.155548,0.007986,1.049715,-0.544317,0.000003,-0.010336,0.006247,0.000001,1.570813,-0.299572,1.000000,1.100000,0.000000,0.000000,-1.571000,-0.144024,0.992014,0.050285,1.003675
34.020000,-0.156636,0.007986,1.049694,-0.543181,0.000003,-0.010368,0.007411,0.000001,1.570813,-0.299466,1.000000,1.100000,0.000000,0.000000,-1.571000,-0.142830,0.992014,0.050306,1.003505
34.022000,-0.157722,0.007986,1.049673,-0.542024,0.000003,-0.010402,0.008570,0.000000,1.570812,-0.299347,1.000000,1.100000,0.000000,0.000000,-1.571000,-0.141626,0.992014,0.050327,1.003335
34.024000,-0.158805,0.007986,1.049652,-0.540846,0.000003,-0.010436,0.009724,-0.000000,1.570811,-0.299217,1.000000,1.100000,0.000000,0.000000,-1.571000,-0.140412,0.992014,0.050348,1.003166
34.026000,-0.159886,0.007986,1.049632,-0.539648,0.000003,-0.010471,0.010872,-0.000000,1.570810,-0.299075,1.000000,1.100000,0.000000,0.000000,-1.571000,-0.139189,0.992014,0.050368,1.002996
34.028000,-0.160964,0.007986,1.049611,-0.538430,0.000003,-0.010507,0.012013,-0.000001,1.570810,-0.298921,1.000000,1.100000,0.000000,0.000000,-1.571000,-0.137957,0.992014,0.050389,1.002827
34.030000,-0.162041,0.007986,1.049589,-0.537191,0.000003,-0.010543,0.013146,-0.000001,1.570809,-0.298756,1.000000,1.100000,0.000000,0.000000,-1.571000,-0.136715,0.992014,0.050411,1.002658
34.032000,-0.163114,0.007986,1.049568,-0.535934,0.000003,-0.010581,0.014269,-0.000001,1.570808,-0.298578,1.000000,1.100000,0.000000,0.000000,-1.571000,-0.135464,0.992014,0.050432,1.002489
34.034000,-0.164185,0.007986,1.049547,-0.534656,0.000003,-0.010619,0.015382,-0.000002,1.570808,-0.298389,1.000000,1.100000,0.000000,0.000000,-1.571000,-0.134204,0.992014,0.050453,1.002321
34.036000,-0.165254,0.007986,1.049526,-0.533359,0.000003,-0.010657,0.016484,-0.000002,1.570807,-0.298188,1.000000,1.100000,0.000000,0.000000,-1.571000,-0.132935,0.992014,0.050474,1.002153
34.038000,-0.166319,0.007986,1.049504,-0.532044,0.000003,-0.010697,0.017574,-0.000003,1.570807,-0.297976,1.000000,1.100000,0.000000,0.000000,-1.571000,-0.131656,0.992014,0.050496,1.001985
34.040000,-0.167383,0.007986,1.049483,-0.530709,0.000003,-0.010737,0.018650,-0.000003,1.570807,-0.297751,1.000000,1.100000,0.000000,0.000000,-1.571000,-0.130369,0.992014,0.050517,1.001818
34.042000,-0.168443,0.007986,1.049461,-0.529356,0.000003,-0.010778,0.019712,-0.000003,1.570806,-0.297515,1.000000,1.100000,0.000000,0.000000,-1.571000,-0.129072,0.992014,0.050539,1.001651
34.044000,-0.169501,0.007987,1.049440,-0.527985,0.000003,-0.010819,0.020759,-0.000004,1.570806,-0.297267,1.000000,1.100000,0.000000,0.000000,-1.571000,-0.127766,0.992013,0.050560,1.001485
34.046000,-0.170556,0.007987,1.049418,-0.526596,0.000003,-0.010861,0.021790,-0.000004,1.570806,-0.297007,1.000000,1.100000,0.000000,0.000000,-1.571000,-0.126451,0.992013,0.050582,1.001319
34.048000,-0.171608,0.007987,1.049396,-0.525190,0.000003,-0.010904,0.022805,-0.000004,1.570806,-0.296736,1.000000,1.100000,0.000000,0.000000,-1.571000,-0.125128,0.992013,0.050604,1.001154
34.050000,-0.172657,0.007987,1.049374,-0.523766,0.000003,-0.010947,0.023802,-0.000005,1.570806,-0.296452,1.000000,1.100000,0.000000,0.000000,-1.571000,-0.123795,0.992013,0.050626,1.000989
34.052000,-0.173703,0.007987,1.049352,-0.522326,0.000002,-0.010991,0.024780,-0.000005,1.570807,-0.296158,1.000000,1.100000,0.000000,0.000000,-1.571000,-0.122454,0.992013,0.050648,1.000825
34.054000,-0.174747,0.007987,1.049330,-0.520870,0.000002,-0.011035,0.025739,-0.000005,1.570807,-0.295851,1.000000,1.100000,0.000000,0.000000,-1.571000,-0.121104,0.992013,0.050670,1.000662
34.056000,-0.175788,0.007987,1.049308,-0.519397,0.000002,-0.011080,0.026679,-0.000006,1.570807,-0.295533,1.000000,1.100000,0.000000,0.000000,-1.571000,-0.119745,0.992013,0.050692,1.000500
34.058000,-0.176825,0.007987,1.049286,-0.517909,0.000002,-0.011125,0.027598,-0.000006,1.570808,-0.295203,1.000000,1.100000,0.000000,0.000000,-1.571000,-0.118378,0.992013,0.050714,1.000338
34.060000,-0.177860,0.007987,1.049263,-0.516406,0.000002,-0.011171,0.028496,-0.000006,1.570808,-0.294861,1.000000,1.100000,0.000000,0.000000,-1.571000,-0.117002,0.992013,0.050737,1.000177
34.062000,-0.178891,0.007987,1.049241,-0.514889,0.000002,-0.011218,0.029373,-0.000007,1.570809,-0.294508,1.000000,1.100000,0.000000,0.000000,-1.571000,-0.115617,0.992013,0.050759,1.000017
34.064000,-0.179920,0.007987,1.049218,-0.513357,0.000002,-0.011265,0.030227,-0.000007,1.570810,-0.294143,1.000000,1.100000,0.000000,0.000000,-1.571000,-0.114223,0.992013,0.050782,0.999858
34.066000,-0.180945,0.007987,1.049196,-0.511812,0.000002,-0.011313,0.031060,-0.000008,1.570810,-0.293767,1.000000,1.100000,0.000000,0.000000,-1.571000,-0.112822,0.992013,0.050804,0.999700
34.068000,-0.181968,0.007987,1.049173,-0.510253,0.000001,-0.011361,0.031869,-0.000008,1.570811,-0.293379,1.000000,1.100000,0.000000,0.000000,-1.571000,-0.111411,0.992013,0.050827,0.999543
34.070000,-0.182987,0.007987,1.049150,-0.508681,0.000001,-0.011409,0.032655,-0.000008,1.570812,-0.292979,1.000000,1.100000,0.000000,0.000000,-1.571000,-0.109992,0.992013,0.050850,0.999387
34.072000,-0.184003,0.007987,1.049127,-0.507098,0.000001,-0.011458,0.033418,-0.000009,1.570813,-0.292568,1.000000,1.100000,0.000000,0.000000,-1.571000,-0.108565,0.992013,0.050873,0.999232
34.074000,-0.185016,0.007987,1.049104,-0.505502,0.000001,-0.011508,0.034157,-0.000009,1.570814,-0.292145,1.000000,1.100000,0.000000,0.000000,-1.571000,-0.107130,0.992013,0.050896,0.999078
34.076000,-0.186025,0.007987,1.049081,-0.503895,0.000001,-0.011558,0.034872,-0.000010,1.570814,-0.291711,1.000000,1.100000,0.000000,0.000000,-1.571000,-0.105686,0.992013,0.050919,0.998926
34.078000,-0.187032,0.007987,1.049058,-0.502277,0.000001,-0.011608,0.035564,-0.000010,1.570815,-0.291265,1.000000,1.100000,0.000000,0.000000,-1.571000,-0.104234,0.992013,0.050942,0.998774
34.080000,-0.188035,0.007987,1.049035,-0.500649,0.000000,-0.011659,0.036231,-0.000011,1.570816,-0.290808,1.000000,1.100000,0.000000,0.000000,-1.571000,-0.102773,0.992013,0.050965,0.998624
34.082000,-0.189035,0.007987,1.049011,-0.499011,0.000000,-0.011699,0.036878,-0.000011,1.570817,-0.290339,1.000000,1.100000,0.000000,0.000000,-1.571000,-0.101305,0.992013,0.050989,0.998475
34.084000,-0.190031,0.007987,1.048988,-0.497362,0.000000,-0.011718,0.037516,-0.000011,1.570818,-0.289859,1.000000,1.100000,0.000000,0.000000,-1.571000,-0.099828,0.992013,0.051012,0.998328
34.086000,-0.191024,0.007987,1.048964,-0.495703,-0.000000,-0.011718,0.038155,-0.000012,1.570818,-0.289367,1.000000,1.100000,0.000000,0.000000,-1.571000,-0.098343,0.992013,0.051036,0.998182
34.088000,-0.192014,0.007987,1.048941,-0.494034,-0.000000,-0.011701,0.038805,-0.000012,1.570818,-0.288864,1.000000,1.100000,0.000000,0.000000,-1.571000,-0.096850,0.992013,0.051059,0.998037
34.090000,-0.193001,0.007987,1.048918,-0.492355,-0.000001,-0.011669,0.039475,-0.000013,1.570818,-0.288350,1.000000,1.100000,0.000000,0.000000,-1.571000,-0.095349,0.992013,0.051082,0.997894
34.092000,-0.193984,0.007987,1.048894,-0.490665,-0.000001,-0.011623,0.040172,-0.000013,1.570818,-0.287824,1.000000,1.100000,0.000000,0.000000,-1.571000,-0.093840,0.992013,0.051106,0.997752
34.094000,-0.194964,0.007987,1.048871,-0.488963,-0.000001,-0.011564,0.040904,-0.000013,1.570817,-0.287286,1.000000,1.100000,0.000000,0.000000,-1.571000,-0.092323,0.992013,0.051129,0.997611
34.096000,-0.195940,0.007987,1.048848,-0.487250,-0.000001,-0.011494,0.041676,-0.000014,1.570816,-0.286738,1.000000,1.100000,0.000000,0.000000,-1.571000,-0.090798,0.992013,0.051152,0.997473
34.098000,-0.196913,0.007987,1.048825,-0.485525,-0.000002,-0.011414,0.042495,-0.000014,1.570815,-0.286178,1.000000,1.100000,0.000000,0.000000,-1.571000,-0.089265,0.992013,0.051175,0.997335
34.100000,-0.197882,0.007987,1.048802,-0.483785,-0.000002,-0.011324,0.043364,-0.000014,1.570814,-0.285607,1.000000,1.100000,0.000000,0.000000,-1.571000,-0.087725,0.992013,0.051198,0.997200
34.102000,-0.198848,0.007987,1.048780,-0.482031,-0.000002,-0.011227,0.044287,-0.000015,1.570812,-0.285024,1.000000,1.100000,0.000000,0.000000,-1.571000,-0.086176,0.992013,0.051220,0.997066
34.104000,-0.199811,0.007987,1.048758,-0.480262,-0.000002,-0.011122,0.045269,-0.000015,1.570809,-0.284431,1.000000,1.100000,0.000000,0.000000,-1.571000,-0.084620,0.992013,0.051242,0.996934
34.106000,-0.200769,0.007987,1.048735,-0.478476,-0.000003,-0.011011,0.046312,-0.000015,1.570807,-0.283826,1.000000,1.100000,0.000000,0.000000,-1.571000,-0.083056,0.992013,0.051265,0.996803
34.108000,-0.201725,0.007987,1.048714,-0.476672,-0.000003,-0.010895,0.047417,-0.000015,1.570804,-0.283209,1.000000,1.100000,0.000000,0.000000,-1.571000,-0.081485,0.992013,0.051286,0.996675
34.110000,-0.202676,0.007987,1.048692,-0.474849,-0.000003,-0.010773,0.048587,-0.000015,1.570801,-0.282582,1.000000,1.100000,0.000000,0.000000,-1.571000,-0.079906,0.992013,0.051308,0.996548
34.112000,-0.203624,0.007987,1.048671,-0.473006,-0.000003,-0.010647,0.049822,-0.000015,1.570797,-0.281944,1.000000,1.100000,0.000000,0.000000,-1.571000,-0.078320,0.992013,0.051329,0.996423
34.114000,-0.204568,0.007987,1.048649,-0.471142,-0.000004,-0.010518,0.051123,-0.000015,1.570793,-0.281294,1.000000,1.100000,0.000000,0.000000,-1.571000,-0.076726,0.992013,0.051351,0.996300
34.116000,-0.205509,0.007987,1.048629,-0.469255,-0.000004,-0.010386,0.052490,-0.000015,1.570789,-0.280633,1.000000,1.100000,0.000000,0.000000,-1.571000,-0.075125,0.992013,0.051371,0.996179
34.118000,-0.206445,0.007986,1.048608,-0.467343,-0.000004,-0.010251,0.053924,-0.000015,1.570785,-0.279961,1.000000,1.100000,0.000000,0.000000,-1.571000,-0.073516,0.992014,0.051392,0.996061
34.120000,-0.207378,0.007986,1.048588,-0.465407,-0.000005,-0.010115,0.055422,-0.000015,1.570781,-0.279279,1.000000,1.100000,0.000000,0.000000,-1.571000,-0.071901,0.992014,0.051412,0.995944
34.122000,-0.208307,0.007986,1.048568,-0.463444,-0.000005,-0.009976,0.056984,-0.000015,1.570777,-0.278585,1.000000,1.100000,0.000000,0.000000,-1.571000,-0.070278,0.992014,0.051432,0.995829
34.124000,-0.209231,0.007986,1.048548,-0.461454,-0.000005,-0.009837,0.058608,-0.000014,1.570772,-0.277880,1.000000,1.100000,0.000000,0.000000,-1.571000,-0.068648,0.992014,0.051452,0.995716
34.126000,-0.210152,0.007986,1.048528,-0.459434,-0.000006,-0.009697,0.060294,-0.000014,1.570768,-0.277164,1.000000,1.100000,0.000000,0.000000,-1.571000,-0.067012,0.992014,0.051472,0.995606
34.128000,-0.211069,0.007986,1.048509,-0.457385,-0.000006,-0.009557,0.062037,-0.000014,1.570763,-0.276437,1.000000,1.100000,0.000000,0.000000,-1.571000,-0.065368,0.992014,0.051491,0.995497
34.130000,-0.211982,0.007986,1.048490,-0.455305,-0.000006,-0.009417,0.063838,-0.000013,1.570759,-0.275699,1.000000,1.100000,0.000000,0.000000,-1.571000,-0.063718,0.992014,0.051510,0.995391
34.132000,-0.212890,0.007986,1.048472,-0.453193,-0.000007,-0.009277,0.065691,-0.000013,1.570754,-0.274951,1.000000,1.100000,0.000000,0.000000,-1.571000,-0.062061,0.992014,0.051528,0.995288
34.134000,-0.213794,0.007986,1.048453,-0.451048,-0.000007,-0.009138,0.067596,-0.000012,1.570750,-0.274191,1.000000,1.100000,0.000000,0.000000,-1.571000,-0.060397,0.992014,0.051547,0.995186
34.136000,-0.214694,0.007986,1.048435,-0.448869,-0.000007,-0.009001,0.069548,-0.000012,1.570746,-0.273421,1.000000,1.100000,0.000000,0.000000,-1.571000,-0.058727,0.992014,0.051565,0.995087
34.138000,-0.215589,0.007986,1.048417,-0.446656,-0.000007,-0.008864,0.071545,-0.000011,1.570742,-0.272640,1.000000,1.100000,0.000000,0.000000,-1.571000,-0.057051,0.992014,0.051583,0.994991
34.140000,-0.216480,0.007986,1.048400,-0.444406,-0.000008,-0.008729,0.073583,-0.000010,1.570738,-0.271848,1.000000,1.100000,0.000000,0.000000,-1.571000,-0.055368,0.992014,0.051600,0.994897
34.142000,-0.217366,0.007986,1.048383,-0.442121,-0.000008,-0.008597,0.075658,-0.000010,1.570734,-0.271045,1.000000,1.100000,0.000000,0.000000,-1.571000,-0.053679,0.992014,0.051617,0.994805
34.144000,-0.218248,0.007986,1.048366,-0.439799,-0.000008,-0.008466,0.077768,-0.000009,1.570731,-0.270232,1.000000,1.100000,0.000000,0.000000,-1.571000,-0.051984,0.992014,0.051634,0.994716
34.146000,-0.219125,0.007986,1.048349,-0.437439,-0.000008,-0.008338,0.079908,-0.000008,1.570728,-0.269408,1.000000,1.100000,0.000000,0.000000,-1.571000,-0.050284,0.992014,0.051651,0.994629
34.148000,-0.219997,0.007986,1.048332,-0.435041,-0.000009,-0.008212,0.082075,-0.000007,1.570725,-0.268574,1.000000,1.100000,0.000000,0.000000,-1.571000,-0.048577,0.992014,0.051668,0.994545
34.150000,-0.220864,0.007986,1.048316,-0.432605,-0.000009,-0.008089,0.084264,-0.000006,1.570722,-0.267729,1.000000,1.100000,0.000000,0.000000,-1.571000,-0.046864,0.992014,0.051684,0.994464
34.152000,-0.221727,0.007986,1.048300,-0.430130,-0.000009,-0.007970,0.086472,-0.000005,1.570720,-0.266873,1.000000,1.100000,0.000000,0.000000,-1.571000,-0.045146,0.992014,0.051700,0.994385
34.154000,-0.222584,0.007986,1.048284,-0.427616,-0.000009,-0.007853,0.088694,-0.000004,1.570719,-0.266006,1.000000,1.100000,0.000000,0.000000,-1.571000,-0.043423,0.992014,0.051716,0.994309
34.156000,-0.223436,0.007986,1.048269,-0.425063,-0.000010,-0.007740,0.090928,-0.000003,1.570717,-0.265130,1.000000,1.100000,0.000000,0.000000,-1.571000,-0.041693,0.992014,0.051731,0.994236
34.158000,-0.224283,0.007986,1.048253,-0.422471,-0.000010,-0.007631,0.093169,-0.000002,1.570716,-0.264242,1.000000,1.100000,0.000000,0.000000,-1.571000,-0.039959,0.992014,0.051747,0.994166
34.160000,-0.225125,0.007986,1.048238,-0.419839,-0.000010,-0.007525,0.095413,-0.000001,1.570716,-0.263345,1.000000,1.100000,0.000000,0.000000,-1.571000,-0.038220,0.992014,0.051762,0.994098
34.162000,-0.225962,0.007986,1.048223,-0.417168,-0.000010,-0.007419,0.097657,0.000000,1.570716,-0.262437,1.000000,1.100000,0.000000,0.000000,-1.571000,-0.036475,0.992014,0.051777,0.994034
34.164000,-0.226793,0.007986,1.048209,-0.414457,-0.000010,-0.007309,0.099897,0.000001,1.570716,-0.261518,1.000000,1.100000,0.000000,0.000000,-1.571000,-0.034725,0.992014,0.051791,0.993972
34.166000,-0.227618,0.007986,1.048194,-0.411706,-0.000010,-0.007196,0.102133,0.000002,1.570717,-0.260589,1.000000,1.100000,0.000000,0.000000,-1.571000,-0.032971,0.992014,0.051806,0.993913
34.168000,-0.228438,0.007986,1.048180,-0.408915,-0.000010,-0.007080,0.104360,0.000004,1.570718,-0.259650,1.000000,1.100000,0.000000,0.000000,-1.571000,-0.031212,0.992014,0.051820,0.993857
34.170000,-0.229253,0.007986,1.048166,-0.406085,-0.000010,-0.006963,0.106577,0.000005,1.570719,-0.258701,1.000000,1.100000,0.000000,0.000000,-1.571000,-0.029448,0.992014,0.051834,0.993804
34.172000,-0.230061,0.007986,1.048152,-0.403216,-0.000011,-0.006846,0.108781,0.000006,1.570721,-0.257742,1.000000,1.100000,0.000000,0.000000,-1.571000,-0.027680,0.992014,0.051848,0.993754
34.174000,-0.230864,0.007986,1.048139,-0.400309,-0.000011,-0.006728,0.110968,0.000007,1.570723,-0.256772,1.000000,1.100000,0.000000,0.000000,-1.571000,-0.025908,0.992014,0.051861,0.993706
34.176000,-0.231661,0.007986,1.048125,-0.397363,-0.000011,-0.006610,0.113138,0.000009,1.570726,-0.255792,1.000000,1.100000,0.000000,0.000000,-1.571000,-0.024131,0.992014,0.051875,0.993662
34.178000,-0.232452,0.007986,1.048112,-0.394380,-0.000010,-0.006493,0.115286,0.000010,1.570729,-0.254802,1.000000,1.100000,0.000000,0.000000,-1.571000,-0.022350,0.992014,0.051888,0.993621
34.180000,-0.233237,0.007986,1.048099,-0.391360,-0.000010,-0.006378,0.117412,0.000011,1.570732,-0.253802,1.000000,1.100000,0.000000,0.000000,-1.571000,-0.020565,0.992014,0.051901,0.993584
34.182000,-0.234016,0.007986,1.048087,-0.388304,-0.000010,-0.006264,0.119511,0.000012,1.570736,-0.252792,1.000000,1.100000,0.000000,0.000000,-1.571000,-0.018776,0.992014,0.051913,0.993549
34.184000,-0.234789,0.007986,1.048075,-0.385211,-0.000010,-0.006152,0.121583,0.000013,1.570739,-0.251772,1.000000,1.100000,0.000000,0.000000,-1.571000,-0.016983,0.992014,0.051925,0.993517
34.186000,-0.235556,0.007986,1.048062,-0.382083,-0.000010,-0.006043,0.123624,0.000014,1.570743,-0.250742,1.000000,1.100000,0.000000,0.000000,-1.571000,-0.015187,0.992014,0.051938,0.993489
34.188000,-0.236316,0.007986,1.048050,-0.378921,-0.000010,-0.005936,0.125634,0.000016,1.570748,-0.249702,1.000000,1.100000,0.000000,0.000000,-1.571000,-0.013387,0.992014,0.051950,0.993464
34.190000,-0.237070,0.007986,1.048039,-0.375725,-0.000010,-0.005831,0.127609,0.000017,1.570752,-0.248653,1.000000,1.100000,0.000000,0.000000,-1.571000,-0.011583,0.992014,0.051961,0.993442
34.192000,-0.237817,0.007986,1.048027,-0.372496,-0.000009,-0.005730,0.129548,0.000018,1.570757,-0.247593,1.000000,1.100000,0.000000,0.000000,-1.571000,-0.009776,0.992014,0.051973,0.993423
34.194000,-0.238558,0.007986,1.048016,-0.369235,-0.000009,-0.005632,0.131449,0.000019,1.570762,-0.246524,1.000000,1.100000,0.000000,0.000000,-1.571000,-0.007966,0.992014,0.051984,0.993407
34.196000,-0.239292,0.007986,1.048005,-0.365942,-0.000009,-0.005538,0.133311,0.000020,1.570767,-0.245445,1.000000,1.100000,0.000000,0.000000,-1.571000,-0.006153,0.992014,0.051995,0.993395
34.198000,-0.240020,0.007986,1.047994,-0.362619,-0.000009,-0.005446,0.135132,0.000021,1.570772,-0.244356,1.000000,1.100000,0.000000,0.000000,-1.571000,-0.004337,0.992014,0.052006,0.993386
34.200000,-0.240741,0.007986,1.047983,-0.359267,-0.000008,-0.005359,0.136910,0.000021,1.570777,-0.243258,1.000000,1.100000,0.000000,0.000000,-1.571000,-0.002517,0.992014,0.052017,0.993380
34.202000,-0.241455,0.007986,1.047972,-0.355885,-0.000008,-0.005275,0.138645,0.000022,1.570782,-0.242150,1.000000,1.100000,0.000000,0.000000,-1.571000,-0.000695,0.992014,0.052028,0.993378
34.204000,-0.242162,0.007986,1.047962,-0.352476,-0.000007,-0.005195,0.140335,0.000023,1.570787,-0.241032,1.000000,1.100000,0.000000,0.000000,-1.571000,0.001130,0.992014,0.052038,0.993379
34.206000,-0.242863,0.007986,1.047952,-0.349040,-0.000007,-0.005118,0.141979,0.000024,1.570793,-0.239905,1.000000,1.100000,0.000000,0.000000,-1.571000,0.002957,0.992014,0.052048,0.993383
34.208000,-0.243556,0.007986,1.047942,-0.345579,-0.000006,-0.005045,0.143576,0.000024,1.570798,-0.238769,1.000000,1.100000,0.000000,0.000000,-1.571000,0.004787,0.992014,0.052058,0.993391
34.210000,-0.244243,0.007986,1.047932,-0.342092,-0.000006,-0.004977,0.145126,0.000025,1.570803,-0.237623,1.000000,1.100000,0.000000,0.000000,-1.571000,0.006620,0.992014,0.052068,0.993402
34.212000,-0.244922,0.007986,1.047922,-0.338582,-0.000005,-0.004912,0.146628,0.000025,1.570809,-0.236468,1.000000,1.100000,0.000000,0.000000,-1.571000,0.008455,0.992014,0.052078,0.993416
34.214000,-0.245595,0.007986,1.047912,-0.335049,-0.000005,-0.004851,0.148081,0.000025,1.570814,-0.235303,1.000000,1.100000,0.000000,0.000000,-1.571000,0.010292,0.992014,0.052088,0.993434
34.216000,-0.246260,0.007986,1.047902,-0.331494,-0.000004,-0.004794,0.149486,0.000026,1.570819,-0.234129,1.000000,1.100000,0.000000,0.000000,-1.571000,0.012131,0.992014,0.052098,0.993455
34.218000,-0.246919,0.007986,1.047893,-0.327918,-0.000004,-0.004740,0.150841,0.000026,1.570824,-0.232946,1.000000,1.100000,0.000000,0.000000,-1.571000,0.013973,0.992014,0.052107,0.993480
34.220000,-0.247570,0.007986,1.047883,-0.324323,-0.000003,-0.004690,0.152147,0.000026,1.570829,-0.231754,1.000000,1.100000,0.000000,0.000000,-1.571000,0.015816,0.992014,0.052117,0.993508
34.222000,-0.248214,0.007986,1.047874,-0.320708,-0.000003,-0.004640,0.153403,0.000026,1.570833,-0.230552,1.000000,1.100000,0.000000,0.000000,-1.571000,0.017662,0.992014,0.052126,0.993540
34.224000,-0.248850,0.007986,1.047865,-0.317074,-0.000002,-0.004589,0.154610,0.000026,1.570838,-0.229341,1.000000,1.100000,0.000000,0.000000,-1.571000,0.019509,0.992014,0.052135,0.993575
34.226000,-0.249480,0.007986,1.047856,-0.313424,-0.000001,-0.004536,0.155768,0.000026,1.570842,-0.228122,1.000000,1.100000,0.000000,0.000000,-1.571000,0.021358,0.992014,0.052144,0.993613
34.228000,-0.250102,0.007986,1.047847,-0.309756,-0.000001,-0.004482,0.156877,0.000025,1.570846,-0.226893,1.000000,1.100000,0.000000,0.000000,-1.571000,0.023208,0.992014,0.052153,0.993655
34.230000,-0.250716,0.007986,1.047838,-0.306074,0.000000,-0.004427,0.157938,0.000025,1.570850,-0.225655,1.000000,1.100000,0.000000,0.000000,-1.571000,0.025061,0.992014,0.052162,0.993701
34.232000,-0.251323,0.007986,1.047829,-0.302377,0.000001,-0.004371,0.158951,0.000024,1.570854,-0.224409,1.000000,1.100000,0.000000,0.000000,-1.571000,0.026914,0.992014,0.052171,0.993750
34.234000,-0.251923,0.007986,1.047820,-0.298666,0.000001,-0.004315,0.159916,0.000024,1.570858,-0.223154,1.000000,1.100000,0.000000,0.000000,-1.571000,0.028770,0.992014,0.052180,0.993802
34.236000,-0.252516,0.007986,1.047812,-0.294943,0.000002,-0.004260,0.160835,0.000023,1.570861,-0.221889,1.000000,1.100000,0.000000,0.000000,-1.571000,0.030626,0.992014,0.052188,0.993858
34.238000,-0.253100,0.007986,1.047803,-0.291209,0.000003,-0.004204,0.161708,0.000023,1.570864,-0.220616,1.000000,1.100000,0.000000,0.000000,-1.571000,0.032484,0.992014,0.052197,0.993918
34.240000,-0.253678,0.007986,1.047795,-0.287465,0.000003,-0.004148,0.162536,0.000022,1.570867,-0.219335,1.000000,1.100000,0.000000,0.000000,-1.571000,0.034343,0.992014,0.052205,0.993980
34.242000,-0.254248,0.007986,1.047787,-0.283711,0.000004,-0.004093,0.163320,0.000021,1.570869,-0.218044,1.000000,1.100000,0.000000,0.000000,-1.571000,0.036203,0.992014,0.052213,0.994047
34.244000,-0.254810,0.007986,1.047779,-0.279948,0.000005,-0.004038,0.164060,0.000021,1.570871,-0.216745,1.000000,1.100000,0.000000,0.000000,-1.571000,0.038065,0.992014,0.052221,0.994117
34.246000,-0.255365,0.007986,1.047771,-0.276178,0.000005,-0.003984,0.164758,0.000020,1.570873,-0.215438,1.000000,1.100000,0.000000,0.000000,-1.571000,0.039927,0.992014,0.052229,0.994190
34.248000,-0.255912,0.007986,1.047763,-0.272401,0.000006,-0.003930,0.165415,0.000019,1.570875,-0.214122,1.000000,1.100000,0.000000,0.000000,-1.571000,0.041790,0.992014,0.052237,0.994267
34.250000,-0.256452,0.007986,1.047755,-0.268618,0.000007,-0.003877,0.166032,0.000018,1.570876,-0.212797,1.000000,1.100000,0.000000,0.000000,-1.571000,0.043654,0.992014,0.052245,0.994348
34.252000,-0.256984,0.007986,1.047747,-0.264830,0.000007,-0.003825,0.166610,0.000017,1.570878,-0.211465,1.000000,1.100000,0.000000,0.000000,-1.571000,0.045519,0.992014,0.052253,0.994432
34.254000,-0.257508,0.007986,1.047740,-0.261037,0.000008,-0.003773,0.167151,0.000016,1.570878,-0.210123,1.000000,1.100000,0.000000,0.000000,-1.571000,0.047385,0.992014,0.052260,0.994519
34.256000,-0.258025,0.007986,1.047732,-0.257241,0.000008,-0.003722,0.167655,0.000016,1.570879,-0.208774,1.000000,1.100000,0.000000,0.000000,-1.571000,0.049251,0.992014,0.052268,0.994610
34.258000,-0.258534,0.007986,1.047725,-0.253442,0.000009,-0.003671,0.168123,0.000015,1.570879,-0.207416,1.000000,1.100000,0.000000,0.000000,-1.571000,0.051118,0.992014,0.052275,0.994705
34.260000,-0.259036,0.007986,1.047718,-0.249641,0.000009,-0.003622,0.168558,0.000014,1.570880,-0.206050,1.000000,1.100000,0.000000,0.000000,-1.571000,0.052986,0.992014,0.052282,0.994803
34.262000,-0.259530,0.007986,1.047710,-0.245838,0.000010,-0.003572,0.168961,0.000013,1.570879,-0.204676,1.000000,1.100000,0.000000,0.000000,-1.571000,0.054854,0.992014,0.052290,0.994905
34.264000,-0.260017,0.007986,1.047703,-0.242035,0.000010,-0.003524,0.169332,0.000012,1.570879,-0.203294,1.000000,1.100000,0.000000,0.000000,-1.571000,0.056723,0.992014,0.052297,0.995010
34.266000,-0.260496,0.007986,1.047696,-0.238231,0.000011,-0.003475,0.169673,0.000011,1.570879,-0.201904,1.000000,1.100000,0.000000,0.000000,-1.571000,0.058592,0.992014,0.052304,0.995118
34.268000,-0.260967,0.007986,1.047690,-0.234428,0.000011,-0.003427,0.169986,0.000010,1.570878,-0.200506,1.000000,1.100000,0.000000,0.000000,-1.571000,0.060461,0.992014,0.052310,0.995231
34.270000,-0.261430,0.007986,1.047683,-0.230626,0.000012,-0.003380,0.170272,0.000009,1.570877,-0.199100,1.000000,1.100000,0.000000,0.000000,-1.571000,0.062331,0.992014,0.052317,0.995346
34.272000,-0.261886,0.007986,1.047676,-0.226825,0.000012,-0.003332,0.170531,0.000008,1.570876,-0.197686,1.000000,1.100000,0.000000,0.000000,-1.571000,0.064201,0.992014,0.052324,0.995465
34.274000,-0.262335,0.007986,1.047669,-0.223026,0.000013,-0.003285,0.170766,0.000007,1.570874,-0.196264,1.000000,1.100000,0.000000,0.000000,-1.571000,0.066071,0.992014,0.052331,0.995588
34.276000,-0.262776,0.007986,1.047663,-0.219229,0.000013,-0.003238,0.170978,0.000006,1.570873,-0.194834,1.000000,1.100000,0.000000,0.000000,-1.571000,0.067941,0.992014,0.052337,0.995714
34.278000,-0.263209,0.007986,1.047657,-0.215435,0.000013,-0.003191,0.171168,0.000006,1.570871,-0.193397,1.000000,1.100000,0.000000,0.000000,-1.571000,0.069812,0.992014,0.052343,0.995844
34.280000,-0.263634,0.007986,1.047650,-0.211645,0.000014,-0.003145,0.171338,0.000005,1.570869,-0.191952,1.000000,1.100000,0.000000,0.000000,-1.571000,0.071682,0.992014,0.052350,0.995977
34.282000,-0.264052,0.007986,1.047644,-0.207858,0.000014,-0.003096,0.171488,0.000004,1.570867,-0.190500,1.000000,1.100000,0.000000,0.000000,-1.571000,0.073552,0.992014,0.052356,0.996114
34.284000,-0.264463,0.007986,1.047638,-0.204074,0.000014,-0.003043,0.171620,0.000003,1.570865,-0.189040,1.000000,1.100000,0.000000,0.000000,-1.571000,0.075423,0.992014,0.052362,0.996254
34.286000,-0.264866,0.007986,1.047632,-0.200294,0.000015,-0.002986,0.171736,0.000003,1.570862,-0.187573,1.000000,1.100000,0.000000,0.000000,-1.571000,0.077293,0.992014,0.052368,0.996398
34.288000,-0.265261,0.007986,1.047626,-0.196518,0.000015,-0.002925,0.171836,0.000002,1.570860,-0.186098,1.000000,1.100000,0.000000,0.000000,-1.571000,0.079163,0.992014,0.052374,0.996545
34.290000,-0.265649,0.007986,1.047620,-0.192747,0.000015,-0.002862,0.171921,0.000001,1.570857,-0.184616,1.000000,1.100000,0.000000,0.000000,-1.571000,0.081033,0.992014,0.052380,0.996695
34.292000,-0.266029,0.007986,1.047615,-0.188980,0.000015,-0.002795,0.171993,0.000001,1.570855,-0.183127,1.000000,1.100000,0.000000,0.000000,-1.571000,0.082903,0.992014,0.052385,0.996849
34.294000,-0.266402,0.007986,1.047609,-0.185219,0.000015,-0.002725,0.172053,0.000000,1.570852,-0.181630,1.000000,1.100000,0.000000,0.000000,-1.571000,0.084772,0.992014,0.052391,0.997007
34.296000,-0.266767,0.007986,1.047604,-0.181462,0.000016,-0.002652,0.172102,0.000000,1.570849,-0.180126,1.000000,1.100000,0.000000,0.000000,-1.571000,0.086641,0.992014,0.052396,0.997168
34.298000,-0.267125,0.007986,1.047599,-0.177712,0.000016,-0.002577,0.172140,-0.000000,1.570846,-0.178615,1.000000,1.100000,0.000000,0.000000,-1.571000,0.088509,0.992014,0.052401,0.997332
34.300000,-0.267475,0.007986,1.047594,-0.173967,0.000016,-0.002500,0.172170,-0.000001,1.570843,-0.177097,1.000000,1.100000,0.000000,0.000000,-1.571000,0.090378,0.992014,0.052406,0.997500
34.302000,-0.267817,0.007986,1.047589,-0.170228,0.000016,-0.002421,0.172191,-0.000001,1.570840,-0.175572,1.000000,1.100000,0.000000,0.000000,-1.571000,0.092245,0.992014,0.052411,0.997671
34.304000,-0.268153,0.007986,1.047584,-0.166495,0.000016,-0.002340,0.172206,-0.000001,1.570837,-0.174040,1.000000,1.100000,0.000000,0.000000,-1.571000,0.094112,0.992014,0.052416,0.997845
34.306000,-0.268480,0.007986,1.047579,-0.162769,0.000016,-0.002258,0.172214,-0.000001,1.570834,-0.172502,1.000000,1.100000,0.000000,0.000000,-1.571000,0.095979,0.992014,0.052421,0.998023
34.308000,-0.268801,0.007986,1.047575,-0.159049,0.000016,-0.002174,0.172216,-0.000001,1.570831,-0.170956,1.000000,1.100000,0.000000,0.000000,-1.571000,0.097845,0.992014,0.052425,0.998205
34.310000,-0.269113,0.007987,1.047571,-0.155336,0.000016,-0.002089,0.172214,-0.000002,1.570828,-0.169404,1.000000,1.100000,0.000000,0.000000,-1.571000,0.099710,0.992013,0.052429,0.998390
34.312000,-0.269419,0.007987,1.047567,-0.151630,0.000016,-0.002002,0.172208,-0.000002,1.570825,-0.167845,1.000000,1.100000,0.000000,0.000000,-1.571000,0.101574,0.992013,0.052433,0.998578
34.314000,-0.269717,0.007987,1.047563,-0.147930,0.000016,-0.001915,0.172198,-0.000001,1.570822,-0.166279,1.000000,1.100000,0.000000,0.000000,-1.571000,0.103438,0.992013,0.052437,0.998769
34.316000,-0.270007,0.007987,1.047559,-0.144237,0.000016,-0.001826,0.172186,-0.000001,1.570819,-0.164707,1.000000,1.100000,0.000000,0.000000,-1.571000,0.105301,0.992013,0.052441,0.998964
34.318000,-0.270291,0.007987,1.047556,-0.140551,0.000016,-0.001737,0.172172,-0.000001,1.570816,-0.163128,1.000000,1.100000,0.000000,0.000000,-1.571000,0.107163,0.992013,0.052444,0.999162
34.320000,-0.270567,0.007987,1.047552,-0.136872,0.000016,-0.001647,0.172156,-0.000001,1.570813,-0.161543,1.000000,1.100000,0.000000,0.000000,-1.571000,0.109024,0.992013,0.052448,0.999363
34.322000,-0.270835,0.007987,1.047549,-0.133200,0.000016,-0.001556,0.172140,-0.000001,1.570810,-0.159951,1.000000,1.100000,0.000000,0.000000,-1.571000,0.110884,0.992013,0.052451,0.999568
34.324000,-0.271096,0.007987,1.047546,-0.129536,0.000016,-0.001464,0.172124,-0.000001,1.570808,-0.158354,1.000000,1.100000,0.000000,0.000000,-1.571000,0.112743,0.992013,0.052454,0.999776
34.326000,-0.271350,0.007987,1.047543,-0.125878,0.000016,-0.001372,0.172107,-0.000000,1.570805,-0.156750,1.000000,1.100000,0.000000,0.000000,-1.571000,0.114601,0.992013,0.052457,0.999988
34.328000,-0.271597,0.007987,1.047541,-0.122227,0.000016,-0.001280,0.172091,0.000000,1.570802,-0.155139,1.000000,1.100000,0.000000,0.000000,-1.571000,0.116457,0.992013,0.052459,1.000202
34.330000,-0.271836,0.007987,1.047538,-0.118583,0.000016,-0.001186,0.172076,0.000000,1.570799,-0.153523,1.000000,1.100000,0.000000,0.000000,-1.571000,0.118313,0.992013,0.052462,1.000420
34.332000,-0.272068,0.007987,1.047536,-0.114946,0.000016,-0.001093,0.172062,0.000001,1.570796,-0.151900,1.000000,1.100000,0.000000,0.000000,-1.571000,0.120167,0.992013,0.052464,1.000641
34.334000,-0.272292,0.007987,1.047534,-0.111316,0.000016,-0.000999,0.172050,0.000001,1.570794,-0.150272,1.000000,1.100000,0.000000,0.000000,-1.571000,0.122020,0.992013,0.052466,1.000865
34.336000,-0.272510,0.007987,1.047532,-0.107692,0.000016,-0.000905,0.172040,0.000001,1.570791,-0.148638,1.000000,1.100000,0.000000,0.000000,-1.571000,0.123872,0.992013,0.052468,1.001093
34.338000,-0.272720,0.007987,1.047530,-0.104076,0.000016,-0.000811,0.172032,0.000002,1.570789,-0.146997,1.000000,1.100000,0.000000,0.000000,-1.571000,0.125723,0.992013,0.052470,1.001324
34.340000,-0.272923,0.007987,1.047529,-0.100466,0.000016,-0.000717,0.172026,0.000002,1.570786,-0.145351,1.000000,1.100000,0.000000,0.000000,-1.571000,0.127572,0.992013,0.052471,1.001558
34.342000,-0.273119,0.007987,1.047528,-0.096864,0.000016,-0.000622,0.172023,0.000003,1.570784,-0.143699,1.000000,1.100000,0.000000,0.000000,-1.571000,0.129419,0.992013,0.052472,1.001795
34.344000,-0.273307,0.007987,1.047527,-0.093267,0.000016,-0.000527,0.172022,0.000003,1.570782,-0.142042,1.000000,1.100000,0.000000,0.000000,-1.571000,0.131265,0.992013,0.052473,1.002035
34.346000,-0.273489,0.007987,1.047526,-0.089678,0.000016,-0.000432,0.172024,0.000003,1.570780,-0.140379,1.000000,1.100000,0.000000,0.000000,-1.571000,0.133110,0.992013,0.052474,1.002278
34.348000,-0.273663,0.007987,1.047525,-0.086095,0.000016,-0.000338,0.172030,0.000004,1.570778,-0.138710,1.000000,1.100000,0.000000,0.000000,-1.571000,0.134952,0.992013,0.052475,1.002524
34.350000,-0.273830,0.007987,1.047524,-0.082519,0.000016,-0.000243,0.172038,0.000004,1.570776,-0.137036,1.000000,1.100000,0.000000,0.000000,-1.571000,0.136793,0.992013,0.052476,1.002774
34.352000,-0.273990,0.007987,1.047524,-0.078949,0.000016,-0.000148,0.172049,0.000004,1.570774,-0.135357,1.000000,1.100000,0.000000,0.000000,-1.571000,0.138633,0.992013,0.052476,1.003027
34.354000,-0.274142,0.007987,1.047524,-0.075385,0.000016,-0.000054,0.172063,0.000004,1.570772,-0.133672,1.000000,1.100000,0.000000,0.000000,-1.571000,0.140470,0.992013,0.052476,1.003282
34.356000,-0.274288,0.007987,1.047524,-0.071828,0.000016,0.000040,0.172080,0.000005,1.570770,-0.131982,1.000000,1.100000,0.000000,0.000000,-1.571000,0.142306,0.992013,0.052476,1.003541
34.358000,-0.274426,0.007987,1.047524,-0.068277,0.000016,0.000133,0.172100,0.000005,1.570768,-0.130286,1.000000,1.100000,0.000000,0.000000,-1.571000,0.144140,0.992013,0.052476,1.003802
34.360000,-0.274558,0.007987,1.047525,-0.064732,0.000016,0.000226,0.172123,0.000005,1.570767,-0.128586,1.000000,1.100000,0.000000,0.000000,-1.571000,0.145972,0.992013,0.052475,1.004067
34.362000,-0.274682,0.007987,1.047525,-0.061193,0.000016,0.000321,0.172149,0.000005,1.570765,-0.126880,1.000000,1.100000,0.000000,0.000000,-1.571000,0.147802,0.992013,0.052475,1.004335
34.364000,-0.274799,0.007987,1.047526,-0.057660,0.000016,0.000417,0.172178,0.000006,1.570764,-0.125170,1.000000,1.100000,0.000000,0.000000,-1.571000,0.149629,0.992013,0.052474,1.004605
34.366000,-0.274909,0.007987,1.047527,-0.054132,0.000016,0.000515,0.172210,0.000006,1.570762,-0.123454,1.000000,1.100000,0.000000,0.000000,-1.571000,0.151455,0.992013,0.052473,1.004879
34.368000,-0.275012,0.007987,1.047528,-0.050610,0.000016,0.000615,0.172244,0.000006,1.570761,-0.121734,1.000000,1.100000,0.000000,0.000000,-1.571000,0.153278,0.992013,0.052472,1.005155
34.370000,-0.275108,0.007987,1.047529,-0.047093,0.000016,0.000716,0.172281,0.000006,1.570760,-0.120009,1.000000,1.100000,0.000000,0.000000,-1.571000,0.155100,0.992013,0.052471,1.005434
34.372000,-0.275197,0.007988,1.047531,-0.043582,0.000016,0.000818,0.172320,0.000006,1.570759,-0.118279,1.000000,1.100000,0.000000,0.000000,-1.571000,0.156919,0.992012,0.052469,1.005716
34.374000,-0.275279,0.007988,1.047533,-0.040076,0.000016,0.000922,0.172362,0.000006,1.570758,-0.116544,1.000000,1.100000,0.000000,0.000000,-1.571000,0.158735,0.992012,0.052467,1.006001
34.376000,-0.275354,0.007988,1.047535,-0.036576,0.000016,0.001026,0.172405,0.000006,1.570757,-0.114805,1.000000,1.100000,0.000000,0.000000,-1.571000,0.160549,0.992012,0.052465,1.006289
34.378000,-0.275422,0.007988,1.047537,-0.033082,0.000016,0.001132,0.172451,0.000006,1.570756,-0.113061,1.000000,1.100000,0.000000,0.000000,-1.571000,0.162361,0.992012,0.052463,1.006579
34.380000,-0.275483,0.007988,1.047540,-0.029592,0.000016,0.001238,0.172499,0.000006,1.570755,-0.111313,1.000000,1.100000,0.000000,0.000000,-1.571000,0.164170,0.992012,0.052460,1.006873
34.382000,-0.275537,0.007988,1.047542,-0.026108,0.000016,0.001344,0.172548,0.000006,1.570754,-0.109561,1.000000,1.100000,0.000000,0.000000,-1.571000,0.165977,0.992012,0.052458,1.007169
34.384000,-0.275584,0.007988,1.047545,-0.022629,0.000016,0.001452,0.172599,0.000006,1.570753,-0.107804,1.000000,1.100000,0.000000,0.000000,-1.571000,0.167781,0.992012,0.052455,1.007467
34.386000,-0.275624,0.007988,1.047548,-0.019156,0.000016,0.001559,0.172651,0.000006,1.570753,-0.106042,1.000000,1.100000,0.000000,0.000000,-1.571000,0.169582,0.992012,0.052452,1.007769
34.388000,-0.275658,0.007988,1.047551,-0.015688,0.000015,0.001667,0.172704,0.000005,1.570752,-0.104277,1.000000,1.100000,0.000000,0.000000,-1.571000,0.171380,0.992012,0.052449,1.008073
34.390000,-0.275684,0.007988,1.047555,-0.012225,0.000015,0.001775,0.172759,0.000005,1.570752,-0.102508,1.000000,1.100000,0.000000,0.000000,-1.571000,0.173176,0.992012,0.052445,1.008379
34.392000,-0.275703,0.007988,1.047559,-0.008776,0.000015,0.001885,0.172814,0.000005,1.570751,-0.100734,1.000000,1.100000,0.000000,0.000000,-1.571000,0.174969,0.992012,0.052441,1.008688
34.394000,-0.275715,0.007988,1.047563,-0.005335,0.000015,0.001998,0.172870,0.000005,1.570751,-0.098957,1.000000,1.100000,0.000000,0.000000,-1.571000,0.176759,0.992012,0.052437,1.009000
34.396000,-0.275721,0.007988,1.047567,-0.001893,0.000015,0.002110,0.172927,0.000004,1.570751,-0.097175,1.000000,1.100000,0.000000,0.000000,-1.571000,0.178546,0.992012,0.052433,1.009315
34.398000,-0.275720,0.007988,1.047571,0.001551,0.000015,0.002223,0.172984,0.000004,1.570750,-0.095390,1.000000,1.100000,0.000000,0.000000,-1.571000,0.180330,0.992012,0.052429,1.009631
34.400000,-0.275711,0.007988,1.047576,0.004995,0.000015,0.002336,0.173042,0.000004,1.570750,-0.093601,1.000000,1.100000,0.000000,0.000000,-1.571000,0.182110,0.992012,0.052424,1.009951
34.402000,-0.275696,0.007988,1.047581,0.008441,0.000015,0.002449,0.173099,0.000004,1.570750,-0.091808,1.000000,1.100000,0.000000,0.000000,-1.571000,0.183888,0.992012,0.052419,1.010272
34.404000,-0.275674,0.007988,1.047586,0.011867,0.000015,0.002557,0.173157,0.000003,1.570750,-0.090012,1.000000,1.100000,0.000000,0.000000,-1.571000,0.185662,0.992012,0.052414,1.010597
34.406000,-0.275645,0.007988,1.047591,0.015289,0.000015,0.002666,0.173214,0.000003,1.570750,-0.088212,1.000000,1.100000,0.000000,0.000000,-1.571000,0.187433,0.992012,0.052409,1.010923
34.408000,-0.275610,0.007988,1.047596,0.018705,0.000015,0.002774,0.173272,0.000003,1.570750,-0.086409,1.000000,1.100000,0.000000,0.000000,-1.571000,0.189201,0.992012,0.052404,1.011252
34.410000,-0.275567,0.007988,1.047602,0.022116,0.000014,0.002882,0.173328,0.000003,1.570750,-0.084602,1.000000,1.100000,0.000000,0.000000,-1.571000,0.190965,0.992012,0.052398,1.011583
34.412000,-0.275518,0.007988,1.047608,0.025521,0.000014,0.002990,0.173385,0.000003,1.570750,-0.082792,1.000000,1.100000,0.000000,0.000000,-1.571000,0.192726,0.992012,0.052392,1.011917
34.414000,-0.275461,0.007988,1.047614,0.028922,0.000014,0.003098,0.173440,0.000002,1.570750,-0.080978,1.000000,1.100000,0.000000,0.000000,-1.571000,0.194483,0.992012,0.052386,1.012253
34.416000,-0.275398,0.007988,1.047621,0.032317,0.000014,0.003205,0.173495,0.000002,1.570750,-0.079162,1.000000,1.100000,0.000000,0.000000,-1.571000,0.196236,0.992012,0.052379,1.012591
34.418000,-0.275329,0.007988,1.047627,0.035708,0.000014,0.003313,0.173549,0.000002,1.570750,-0.077342,1.000000,1.100000,0.000000,0.000000,-1.571000,0.197986,0.992012,0.052373,1.012931
34.420000,-0.275252,0.007988,1.047634,0.039093,0.000014,0.003420,0.173602,0.000002,1.570751,-0.075519,1.000000,1.100000,0.000000,0.000000,-1.571000,0.199733,0.992012,0.052366,1.013273
34.422000,-0.275169,0.007988,1.047641,0.042473,0.000014,0.003527,0.173654,0.000002,1.570751,-0.073694,1.000000,1.100000,0.000000,0.000000,-1.571000,0.201475,0.992012,0.052359,1.013618
34.424000,-0.275079,0.007988,1.047648,0.045848,0.000013,0.003635,0.173705,0.000002,1.570751,-0.071865,1.000000,1.100000,0.000000,0.000000,-1.571000,0.203213,0.992012,0.052352,1.013964
34.426000,-0.274982,0.007988,1.047656,0.049217,0.000013,0.003744,0.173754,0.000002,1.570751,-0.070034,1.000000,1.100000,0.000000,0.000000,-1.571000,0.204948,0.992012,0.052344,1.014313
34.428000,-0.274878,0.007988,1.047663,0.052582,0.000013,0.003854,0.173802,0.000002,1.570752,-0.068199,1.000000,1.100000,0.000000,0.000000,-1.571000,0.206679,0.992012,0.052337,1.014664
34.430000,-0.274768,0.007988,1.047671,0.055942,0.000013,0.003964,0.173849,0.000002,1.570752,-0.066362,1.000000,1.100000,0.000000,0.000000,-1.571000,0.208405,0.992012,0.052329,1.015016
34.432000,-0.274651,0.007988,1.047679,0.059296,0.000013,0.004074,0.173894,0.000002,1.570753,-0.064523,1.000000,1.100000,0.000000,0.000000,-1.571000,0.210128,0.992012,0.052321,1.015371
34.434000,-0.274527,0.007988,1.047688,0.062645,0.000013,0.004185,0.173938,0.000002,1.570753,-0.062681,1.000000,1.100000,0.000000,0.000000,-1.571000,0.211846,0.992012,0.052312,1.015728
34.436000,-0.274397,0.007988,1.047696,0.065989,0.000013,0.004296,0.173979,0.000002,1.570754,-0.060836,1.000000,1.100000,0.000000,0.000000,-1.571000,0.213560,0.992012,0.052304,1.016086
34.438000,-0.274259,0.007988,1.047705,0.069328,0.000013,0.004408,0.174020,0.000002,1.570754,-0.058989,1.000000,1.100000,0.000000,0.000000,-1.571000,0.215270,0.992012,0.052295,1.016446
34.440000,-0.274116,0.007988,1.047714,0.072661,0.000012,0.004519,0.174058,0.000002,1.570755,-0.057140,1.000000,1.100000,0.000000,0.000000,-1.571000,0.216976,0.992012,0.052286,1.016808
34.442000,-0.273965,0.007989,1.047723,0.075989,0.000012,0.004631,0.174095,0.000002,1.570755,-0.055288,1.000000,1.100000,0.000000,0.000000,-1.571000,0.218677,0.992011,0.052277,1.017172
34.444000,-0.273808,0.007989,1.047732,0.079312,0.000012,0.004743,0.174130,0.000002,1.570755,-0.053435,1.000000,1.100000,0.000000,0.000000,-1.571000,0.220373,0.992011,0.052268,1.017538
34.446000,-0.273644,0.007989,1.047742,0.082629,0.000012,0.004855,0.174164,0.000001,1.570756,-0.051579,1.000000,1.100000,0.000000,0.000000,-1.571000,0.222066,0.992011,0.052258,1.017905
34.448000,-0.273474,0.007989,1.047752,0.085940,0.000012,0.004966,0.174195,0.000001,1.570756,-0.049721,1.000000,1.100000,0.000000,0.000000,-1.571000,0.223753,0.992011,0.052248,1.018274
34.450000,-0.273297,0.007989,1.047762,0.089247,0.000012,0.005078,0.174225,0.000001,1.570757,-0.047861,1.000000,1.100000,0.000000,0.000000,-1.571000,0.225436,0.992011,0.052238,1.018645
34.452000,-0.273113,0.007989,1.047772,0.092548,0.000012,0.005190,0.174253,0.000001,1.570757,-0.045999,1.000000,1.100000,0.000000,0.000000,-1.571000,0.227114,0.992011,0.052228,1.019017
34.454000,-0.272923,0.007989,1.047783,0.095843,0.000011,0.005302,0.174279,0.000001,1.570758,-0.044136,1.000000,1.100000,0.000000,0.000000,-1.571000,0.228787,0.992011,0.052217,1.019390
34.456000,-0.272726,0.007989,1.047794,0.099133,0.000011,0.005414,0.174304,0.000000,1.570758,-0.042270,1.000000,1.100000,0.000000,0.000000,-1.571000,0.230456,0.992011,0.052206,1.019766
34.458000,-0.272523,0.007989,1.047805,0.102417,0.000011,0.005526,0.174326,0.000000,1.570759,-0.040403,1.000000,1.100000,0.000000,0.000000,-1.571000,0.232119,0.992011,0.052195,1.020142
34.460000,-0.272313,0.007989,1.047816,0.105695,0.000011,0.005638,0.174347,0.000000,1.570759,-0.038535,1.000000,1.100000,0.000000,0.000000,-1.571000,0.233778,0.992011,0.052184,1.020520
34.462000,-0.272096,0.007989,1.047828,0.108968,0.000011,0.005749,0.174366,-0.000000,1.570760,-0.036665,1.000000,1.100000,0.000000,0.000000,-1.571000,0.235432,0.992011,0.052172,1.020900
34.464000,-0.271873,0.007989,1.047839,0.112235,0.000011,0.005861,0.174383,-0.000000,1.570760,-0.034793,1.000000,1.100000,0.000000,0.000000,-1.571000,0.237080,0.992011,0.052161,1.021281
34.466000,-0.271644,0.007989,1.047851,0.115497,0.000011,0.005972,0.174399,-0.000000,1.570761,-0.032920,1.000000,1.100000,0.000000,0.000000,-1.571000,0.238723,0.992011,0.052149,1.021663
34.468000,-0.271408,0.007989,1.047863,0.118752,0.000010,0.006083,0.174413,-0.000000,1.570761,-0.031046,1.000000,1.100000,0.000000,0.000000,-1.571000,0.240362,0.992011,0.052137,1.022046
34.470000,-0.271165,0.007989,1.047876,0.122003,0.000010,0.006194,0.174426,-0.000000,1.570762,-0.029171,1.000000,1.100000,0.000000,0.000000,-1.571000,0.241994,0.992011,0.052124,1.022431
34.472000,-0.270916,0.007989,1.047888,0.125247,0.000010,0.006305,0.174437,-0.000000,1.570762,-0.027294,1.000000,1.100000,0.000000,0.000000,-1.571000,0.243622,0.992011,0.052112,1.022816
34.474000,-0.270660,0.007989,1.047901,0.128485,0.000010,0.006416,0.174447,-0.000000,1.570763,-0.025416,1.000000,1.100000,0.000000,0.000000,-1.571000,0.245244,0.992011,0.052099,1.023203
34.476000,-0.270398,0.007989,1.047914,0.131718,0.000010,0.006527,0.174455,-0.000000,1.570763,-0.023538,1.000000,1.100000,0.000000,0.000000,-1.571000,0.246860,0.992011,0.052086,1.023591
34.478000,-0.270130,0.007989,1.047927,0.134945,0.000010,0.006638,0.174462,-0.000000,1.570764,-0.021658,1.000000,1.100000,0.000000,0.000000,-1.571000,0.248471,0.992011,0.052073,1.023980
34.480000,-0.269855,0.007989,1.047941,0.138166,0.000010,0.006748,0.174467,-0.000000,1.570764,-0.019778,1.000000,1.100000,0.000000,0.000000,-1.571000,0.250077,0.992011,0.052059,1.024370
34.482000,-0.269573,0.007989,1.047954,0.141380,0.000009,0.006854,0.174471,0.000000,1.570765,-0.017896,1.000000,1.100000,0.000000,0.000000,-1.571000,0.251677,0.992011,0.052046,1.024761
34.484000,-0.269285,0.007989,1.047968,0.144588,0.000009,0.006954,0.174474,0.000000,1.570765,-0.016015,1.000000,1.100000,0.000000,0.000000,-1.571000,0.253271,0.992011,0.052032,1.025153
34.486000,-0.268991,0.007989,1.047982,0.147788,0.000009,0.007046,0.174476,0.000000,1.570766,-0.014132,1.000000,1.100000,0.000000,0.000000,-1.571000,0.254859,0.992011,0.052018,1.025546
34.488000,-0.268690,0.007989,1.047996,0.150981,0.000009,0.007133,0.174477,0.000001,1.570766,-0.012249,1.000000,1.100000,0.000000,0.000000,-1.571000,0.256442,0.992011,0.052004,1.025940
34.490000,-0.268383,0.007989,1.048011,0.154168,0.000009,0.007214,0.174477,0.000001,1.570767,-0.010365,1.000000,1.100000,0.000000,0.000000,-1.571000,0.258018,0.992011,0.051989,1.026334
34.492000,-0.268070,0.007989,1.048025,0.157348,0.000009,0.007291,0.174476,0.000001,1.570767,-0.008481,1.000000,1.100000,0.000000,0.000000,-1.571000,0.259589,0.992011,0.051975,1.026729
34.494000,-0.267750,0.007989,1.048040,0.160521,0.000009,0.007363,0.174474,0.000001,1.570768,-0.006597,1.000000,1.100000,0.000000,0.000000,-1.571000,0.261153,0.992011,0.051960,1.027125
34.496000,-0.267424,0.007989,1.048055,0.163688,0.000009,0.007431,0.174471,0.000001,1.570768,-0.004712,1.000000,1.100000,0.000000,0.000000,-1.571000,0.262712,0.992011,0.051945,1.027522
34.498000,-0.267092,0.007989,1.048070,0.166848,0.000009,0.007495,0.174467,0.000002,1.570769,-0.002827,1.000000,1.100000,0.000000,0.000000,-1.571000,0.264264,0.992011,0.051930,1.027919
34.500000,-0.266753,0.007989,1.048085,0.170001,0.000009,0.007556,0.174463,0.000002,1.570769,-0.000942,1.000000,1.100000,0.000000,0.000000,-1.571000,0.265810,0.992011,0.051915,1.028317
34.502000,-0.266408,0.007989,1.048100,0.173148,0.000008,0.007614,0.174458,0.000002,1.570770,0.000942,1.000000,1.100000,0.000000,0.000000,-1.571000,0.267350,0.992011,0.051900,1.028715
34.504000,-0.266056,0.007989,1.048116,0.176289,0.000008,0.007669,0.174452,0.000002,1.570770,0.002827,1.000000,1.100000,0.000000,0.000000,-1.571000,0.268884,0.992011,0.051884,1.029114
34.506000,-0.265699,0.007989,1.048131,0.179423,0.000008,0.007722,0.174446,0.000002,1.570770,0.004712,1.000000,1.100000,0.000000,0.000000,-1.571000,0.270411,0.992011,0.051869,1.029513
34.508000,-0.265335,0.007989,1.048147,0.182551,0.000008,0.007772,0.174439,0.000002,1.570771,0.006597,1.000000,1.100000,0.000000,0.000000,-1.571000,0.271932,0.992011,0.051853,1.029913
34.510000,-0.264965,0.007989,1.048162,0.185673,0.000008,0.007820,0.174432,0.000002,1.570771,0.008481,1.000000,1.100000,0.000000,0.000000,-1.571000,0.273446,0.992011,0.051838,1.030313
34.512000,-0.264588,0.007989,1.048178,0.188788,0.000008,0.007867,0.174424,0.000002,1.570771,0.010365,1.000000,1.100000,0.000000,0.000000,-1.571000,0.274953,0.992011,0.051822,1.030714
34.514000,-0.264206,0.007989,1.048194,0.191897,0.000008,0.007912,0.174416,0.000002,1.570771,0.012249,1.000000,1.100000,0.000000,0.000000,-1.571000,0.276454,0.992011,0.051806,1.031114
34.516000,-0.263817,0.007989,1.048210,0.195000,0.000008,0.007955,0.174408,0.000002,1.570771,0.014132,1.000000,1.100000,0.000000,0.000000,-1.571000,0.277949,0.992011,0.051790,1.031515
34.518000,-0.263422,0.007989,1.048226,0.198097,0.000008,0.007997,0.174399,0.000002,1.570772,0.016015,1.000000,1.100000,0.000000,0.000000,-1.571000,0.279436,0.992011,0.051774,1.031916
34.520000,-0.263021,0.007989,1.048242,0.201188,0.000008,0.008038,0.174390,0.000002,1.570772,0.017896,1.000000,1.100000,0.000000,0.000000,-1.571000,0.280917,0.992011,0.051758,1.032317
34.522000,-0.262613,0.007989,1.048258,0.204272,0.000008,0.008077,0.174381,0.000002,1.570772,0.019778,1.000000,1.100000,0.000000,0.000000,-1.571000,0.282391,0.992011,0.051742,1.032718
34.524000,-0.262200,0.007989,1.048274,0.207351,0.000008,0.008116,0.174372,0.000002,1.570772,0.021658,1.000000,1.100000,0.000000,0.000000,-1.571000,0.283858,0.992011,0.051726,1.033120
34.526000,-0.261780,0.007989,1.048290,0.210424,0.000008,0.008153,0.174363,0.000001,1.570772,0.023538,1.000000,1.100000,0.000000,0.000000,-1.571000,0.285318,0.992011,0.051710,1.033521
34.528000,-0.261354,0.007989,1.048307,0.213490,0.000008,0.008190,0.174353,0.000001,1.570772,0.025416,1.000000,1.100000,0.000000,0.000000,-1.571000,0.286770,0.992011,0.051693,1.033922
34.530000,-0.260922,0.007989,1.048323,0.216551,0.000008,0.008226,0.174344,0.000001,1.570772,0.027294,1.000000,1.100000,0.000000,0.000000,-1.571000,0.288216,0.992011,0.051677,1.034323
34.532000,-0.260484,0.007989,1.048340,0.219605,0.000007,0.008261,0.174334,0.000001,1.570772,0.029171,1.000000,1.100000,0.000000,0.000000,-1.571000,0.289654,0.992011,0.051660,1.034724
34.534000,-0.260040,0.007989,1.048356,0.222654,0.000007,0.008295,0.174325,0.000001,1.570772,0.031046,1.000000,1.100000,0.000000,0.000000,-1.571000,0.291086,0.992011,0.051644,1.035125
34.536000,-0.259589,0.007989,1.048373,0.225696,0.000007,0.008329,0.174315,0.000000,1.570772,0.032920,1.000000,1.100000,0.000000,0.000000,-1.571000,0.292510,0.992011,0.051627,1.035525
34.538000,-0.259133,0.007989,1.048390,0.228733,0.000007,0.008363,0.174306,0.000000,1.570772,0.034793,1.000000,1.100000,0.000000,0.000000,-1.571000,0.293926,0.992011,0.051610,1.035925
34.540000,-0.258670,0.007989,1.048406,0.231764,0.000007,0.008396,0.174297,-0.000000,1.570772,0.036665,1.000000,1.100000,0.000000,0.000000,-1.571000,0.295335,0.992011,0.051594,1.036325
34.542000,-0.258202,0.007989,1.048423,0.234789,0.000007,0.008428,0.174288,-0.000000,1.570772,0.038535,1.000000,1.100000,0.000000,0.000000,-1.571000,0.296737,0.992011,0.051577,1.036725
34.544000,-0.257727,0.007989,1.048440,0.237808,0.000007,0.008460,0.174279,-0.000001,1.570772,0.040403,1.000000,1.100000,0.000000,0.000000,-1.571000,0.298131,0.992011,0.051560,1.037124
34.546000,-0.257247,0.007989,1.048457,0.240821,0.000007,0.008492,0.174270,-0.000001,1.570772,0.042270,1.000000,1.100000,0.000000,0.000000,-1.571000,0.299517,0.992011,0.051543,1.037522
34.548000,-0.256760,0.007989,1.048474,0.243829,0.000007,0.008524,0.174262,-0.000001,1.570772,0.044136,1.000000,1.100000,0.000000,0.000000,-1.571000,0.300896,0.992011,0.051526,1.037920
34.550000,-0.256267,0.007989,1.048491,0.246830,0.000007,0.008555,0.174254,-0.000001,1.570772,0.045999,1.000000,1.100000,0.000000,0.000000,-1.571000,0.302267,0.992011,0.051509,1.038317
34.552000,-0.255769,0.007990,1.048509,0.249826,0.000006,0.008585,0.174246,-0.000001,1.570772,0.047861,1.000000,1.100000,0.000000,0.000000,-1.571000,0.303630,0.992010,0.051491,1.038714
34.554000,-0.255264,0.007990,1.048526,0.252816,0.000006,0.008616,0.174238,-0.000002,1.570772,0.049721,1.000000,1.100000,0.000000,0.000000,-1.571000,0.304985,0.992010,0.051474,1.039110
34.556000,-0.254753,0.007990,1.048543,0.255801,0.000006,0.008646,0.174231,-0.000002,1.570772,0.051579,1.000000,1.100000,0.000000,0.000000,-1.571000,0.306332,0.992010,0.051457,1.039506
34.558000,-0.254237,0.007990,1.048560,0.258780,0.000006,0.008676,0.174224,-0.000002,1.570773,0.053435,1.000000,1.100000,0.000000,0.000000,-1.571000,0.307671,0.992010,0.051440,1.039900
34.560000,-0.253714,0.007990,1.048578,0.261753,0.000006,0.008706,0.174217,-0.000002,1.570773,0.055288,1.000000,1.100000,0.000000,0.000000,-1.571000,0.309003,0.992010,0.051422,1.040294
34.562000,-0.253186,0.007990,1.048595,0.264720,0.000006,0.008733,0.174211,-0.000002,1.570773,0.057140,1.000000,1.100000,0.000000,0.000000,-1.571000,0.310326,0.992010,0.051405,1.040687
34.564000,-0.252651,0.007990,1.048613,0.267680,0.000006,0.008755,0.174202,-0.000002,1.570773,0.058989,1.000000,1.100000,0.000000,0.000000,-1.571000,0.311641,0.992010,0.051387,1.041079
34.566000,-0.252111,0.007990,1.048630,0.270634,0.000006,0.008771,0.174189,-0.000002,1.570773,0.060836,1.000000,1.100000,0.000000,0.000000,-1.571000,0.312947,0.992010,0.051370,1.041470
34.568000,-0.251565,0.007990,1.048648,0.273581,0.000005,0.008783,0.174172,-0.000003,1.570773,0.062681,1.000000,1.100000,0.000000,0.000000,-1.571000,0.314246,0.992010,0.051352,1.041860
34.570000,-0.251013,0.007990,1.048666,0.276522,0.000005,0.008791,0.174148,-0.000003,1.570774,0.064523,1.000000,1.100000,0.000000,0.000000,-1.571000,0.315536,0.992010,0.051334,1.042249
34.572000,-0.250455,0.007990,1.048683,0.279456,0.000005,0.008796,0.174116,-0.000003,1.570774,0.066362,1.000000,1.100000,0.000000,0.000000,-1.571000,0.316817,0.992010,0.051317,1.042637
34.574000,-0.249891,0.007990,1.048701,0.282383,0.000005,0.008797,0.174076,-0.000003,1.570774,0.068199,1.000000,1.100000,0.000000,0.000000,-1.571000,0.318090,0.992010,0.051299,1.043023
34.576000,-0.249321,0.007990,1.048718,0.285304,0.000005,0.008796,0.174026,-0.000003,1.570775,0.070034,1.000000,1.100000,0.000000,0.000000,-1.571000,0.319355,0.992010,0.051282,1.043409
34.578000,-0.248746,0.007990,1.048736,0.288217,0.000005,0.008792,0.173965,-0.000003,1.570775,0.071865,1.000000,1.100000,0.000000,0.000000,-1.571000,0.320611,0.992010,0.051264,1.043793
34.580000,-0.248164,0.007990,1.048754,0.291124,0.000005,0.008786,0.173893,-0.000003,1.570776,0.073694,1.000000,1.100000,0.000000,0.000000,-1.571000,0.321858,0.992010,0.051246,1.044176
34.582000,-0.247577,0.007990,1.048771,0.294023,0.000004,0.008777,0.173810,-0.000003,1.570776,0.075519,1.000000,1.100000,0.000000,0.000000,-1.571000,0.323096,0.992010,0.051229,1.044557
34.584000,-0.246984,0.007990,1.048789,0.296915,0.000004,0.008768,0.173714,-0.000003,1.570777,0.077342,1.000000,1.100000,0.000000,0.000000,-1.571000,0.324326,0.992010,0.051211,1.044938
34.586000,-0.246385,0.007990,1.048806,0.299800,0.000004,0.008756,0.173606,-0.000003,1.570778,0.079162,1.000000,1.100000,0.000000,0.000000,-1.571000,0.325547,0.992010,0.051194,1.045316
34.588000,-0.245781,0.007990,1.048824,0.302676,0.000004,0.008743,0.173485,-0.000003,1.570778,0.080978,1.000000,1.100000,0.000000,0.000000,-1.571000,0.326759,0.992010,0.051176,1.045694
34.590000,-0.245170,0.007990,1.048841,0.305545,0.000004,0.008730,0.173351,-0.000003,1.570779,0.082792,1.000000,1.100000,0.000000,0.000000,-1.571000,0.327962,0.992010,0.051159,1.046069
34.592000,-0.244555,0.007990,1.048859,0.308405,0.000004,0.008715,0.173204,-0.000003,1.570780,0.084602,1.000000,1.100000,0.000000,0.000000,-1.571000,0.329156,0.992010,0.051141,1.046443
34.594000,-0.243933,0.007990,1.048876,0.311257,0.000004,0.008699,0.173043,-0.000002,1.570781,0.086409,1.000000,1.100000,0.000000,0.000000,-1.571000,0.330342,0.992010,0.051124,1.046816
34.596000,-0.243305,0.007990,1.048894,0.314100,0.000004,0.008683,0.172870,-0.000002,1.570782,0.088212,1.000000,1.100000,0.000000,0.000000,-1.571000,0.331517,0.992010,0.051106,1.047187
34.598000,-0.242672,0.007990,1.048911,0.316934,0.000003,0.008666,0.172684,-0.000002,1.570782,0.090012,1.000000,1.100000,0.000000,0.000000,-1.571000,0.332684,0.992010,0.051089,1.047556
34.600000,-0.242034,0.007990,1.048928,0.319759,0.000003,0.008649,0.172485,-0.000002,1.570783,0.091808,1.000000,1.100000,0.000000,0.000000,-1.571000,0.333842,0.992010,0.051072,1.047923
34.602000,-0.241389,0.007990,1.048946,0.322574,0.000003,0.008631,0.172274,-0.000002,1.570784,0.093601,1.000000,1.100000,0.000000,0.000000,-1.571000,0.334990,0.992010,0.051054,1.048289
34.604000,-0.240739,0.007990,1.048963,0.325380,0.000003,0.008613,0.172050,-0.000002,1.570785,0.095390,1.000000,1.100000,0.000000,0.000000,-1.571000,0.336129,0.992010,0.051037,1.048652
34.606000,-0.240084,0.007990,1.048980,0.328176,0.000003,0.008595,0.171815,-0.000002,1.570786,0.097175,1.000000,1.100000,0.000000,0.000000,-1.571000,0.337259,0.992010,0.051020,1.049014
34.608000,-0.239422,0.007990,1.048997,0.330962,0.000003,0.008577,0.171569,-0.000002,1.570787,0.098957,1.000000,1.100000,0.000000,0.000000,-1.571000,0.338379,0.992010,0.051003,1.049374
34.610000,-0.238756,0.007990,1.049014,0.333738,0.000003,0.008560,0.171311,-0.000002,1.570788,0.100734,1.000000,1.100000,0.000000,0.000000,-1.571000,0.339490,0.992010,0.050986,1.049732
34.612000,-0.238083,0.007990,1.049031,0.336504,0.000003,0.008542,0.171043,-0.000002,1.570789,0.102508,1.000000,1.100000,0.000000,0.000000,-1.571000,0.340591,0.992010,0.050969,1.050088
34.614000,-0.237405,0.007990,1.049049,0.339259,0.000003,0.008525,0.170766,-0.000002,1.570789,0.104277,1.000000,1.100000,0.000000,0.000000,-1.571000,0.341683,0.992010,0.050951,1.050441
34.616000,-0.236722,0.007990,1.049066,0.342004,0.000003,0.008509,0.170479,-0.000002,1.570790,0.106042,1.000000,1.100000,0.000000,0.000000,-1.571000,0.342765,0.992010,0.050934,1.050793
34.618000,-0.236033,0.007990,1.049083,0.344737,0.000003,0.008493,0.170183,-0.000002,1.570791,0.107804,1.000000,1.100000,0.000000,0.000000,-1.571000,0.343837,0.992010,0.050917,1.051143
34.620000,-0.235339,0.007990,1.049100,0.347460,0.000003,0.008477,0.169879,-0.000002,1.570792,0.109561,1.000000,1.100000,0.000000,0.000000,-1.571000,0.344900,0.992010,0.050900,1.051490
34.622000,-0.234639,0.007990,1.049116,0.350171,0.000003,0.008459,0.169567,-0.000003,1.570792,0.111313,1.000000,1.100000,0.000000,0.000000,-1.571000,0.345953,0.992010,0.050884,1.051835
34.624000,-0.233934,0.007990,1.049133,0.352870,0.000002,0.008435,0.169245,-0.000003,1.570793,0.113061,1.000000,1.100000,0.000000,0.000000,-1.571000,0.346996,0.992010,0.050867,1.052178
34.626000,-0.233224,0.007990,1.049150,0.355556,0.000002,0.008406,0.168912,-0.000003,1.570793,0.114805,1.000000,1.100000,0.000000,0.000000,-1.571000,0.348029,0.992010,0.050850,1.052518
34.628000,-0.232508,0.007990,1.049167,0.358230,0.000002,0.008372,0.168565,-0.000003,1.570794,0.116544,1.000000,1.100000,0.000000,0.000000,-1.571000,0.349052,0.992010,0.050833,1.052856
34.630000,-0.231787,0.007990,1.049184,0.360891,0.000002,0.008334,0.168204,-0.000003,1.570795,0.118279,1.000000,1.100000,0.000000,0.000000,-1.571000,0.350066,0.992010,0.050816,1.053192
34.632000,-0.231060,0.007990,1.049200,0.363539,0.000002,0.008293,0.167828,-0.000004,1.570795,0.120009,1.000000,1.100000,0.000000,0.000000,-1.571000,0.351069,0.992010,0.050800,1.053525
34.634000,-0.230329,0.007990,1.049217,0.366174,0.000002,0.008249,0.167436,-0.000004,1.570796,0.121734,1.000000,1.100000,0.000000,0.000000,-1.571000,0.352063,0.992010,0.050783,1.053855
34.636000,-0.229592,0.007990,1.049233,0.368796,0.000002,0.008202,0.167028,-0.000004,1.570796,0.123454,1.000000,1.100000,0.000000,0.000000,-1.571000,0.353046,0.992010,0.050767,1.054183
34.638000,-0.228849,0.007990,1.049250,0.371404,0.000002,0.008154,0.166603,-0.000005,1.570797,0.125170,1.000000,1.100000,0.000000,0.000000,-1.571000,0.354019,0.992010,0.050750,1.054509
34.640000,-0.228102,0.007990,1.049266,0.373998,0.000002,0.008103,0.166160,-0.000005,1.570797,0.126880,1.000000,1.100000,0.000000,0.000000,-1.571000,0.354982,0.992010,0.050734,1.054832
34.642000,-0.227349,0.007990,1.049282,0.376579,0.000002,0.008052,0.165700,-0.000005,1.570797,0.128586,1.000000,1.100000,0.000000,0.000000,-1.571000,0.355935,0.992010,0.050718,1.055152
34.644000,-0.226591,0.007990,1.049298,0.379145,0.000002,0.007999,0.165223,-0.000006,1.570798,0.130286,1.000000,1.100000,0.000000,0.000000,-1.571000,0.356878,0.992010,0.050702,1.055470
34.646000,-0.225829,0.007990,1.049314,0.381697,0.000002,0.007946,0.164729,-0.000006,1.570798,0.131982,1.000000,1.100000,0.000000,0.000000,-1.571000,0.357810,0.992010,0.050686,1.055785
34.648000,-0.225061,0.007990,1.049330,0.384233,0.000001,0.007892,0.164217,-0.000006,1.570799,0.133672,1.000000,1.100000,0.000000,0.000000,-1.571000,0.358733,0.992010,0.050670,1.056097
34.650000,-0.224288,0.007990,1.049346,0.386755,0.000001,0.007838,0.163690,-0.000006,1.570799,0.135357,1.000000,1.100000,0.000000,0.000000,-1.571000,0.359644,0.992010,0.050654,1.056406
34.652000,-0.223510,0.007990,1.049361,0.389262,0.000001,0.007784,0.163146,-0.000007,1.570799,0.137036,1.000000,1.100000,0.000000,0.000000,-1.571000,0.360546,0.992010,0.050639,1.056713
34.654000,-0.222727,0.007990,1.049377,0.391752,0.000001,0.007731,0.162587,-0.000007,1.570800,0.138710,1.000000,1.100000,0.000000,0.000000,-1.571000,0.361437,0.992010,0.050623,1.057016
34.656000,-0.221939,0.007990,1.049392,0.394227,0.000001,0.007678,0.162013,-0.000007,1.570800,0.140379,1.000000,1.100000,0.000000,0.000000,-1.571000,0.362317,0.992010,0.050608,1.057317
34.658000,-0.221146,0.007990,1.049407,0.396686,0.000001,0.007625,0.161426,-0.000008,1.570800,0.142042,1.000000,1.100000,0.000000,0.000000,-1.571000,0.363188,0.992010,0.050593,1.057615
34.660000,-0.220348,0.007990,1.049423,0.399129,0.000001,0.007573,0.160825,-0.000008,1.570800,0.143699,1.000000,1.100000,0.000000,0.000000,-1.571000,0.364047,0.992010,0.050577,1.057910
34.662000,-0.219545,0.007990,1.049438,0.401555,0.000001,0.007523,0.160211,-0.000008,1.570801,0.145351,1.000000,1.100000,0.000000,0.000000,-1.571000,0.364896,0.992010,0.050562,1.058201
34.664000,-0.218737,0.007990,1.049453,0.403964,0.000000,0.007473,0.159586,-0.000008,1.570801,0.146997,1.000000,1.100000,0.000000,0.000000,-1.571000,0.365735,0.992010,0.050547,1.058490
34.666000,-0.217925,0.007990,1.049468,0.406356,0.000000,0.007424,0.158951,-0.000008,1.570801,0.148638,1.000000,1.100000,0.000000,0.000000,-1.571000,0.366563,0.992010,0.050532,1.058776
34.668000,-0.217108,0.007990,1.049482,0.408732,0.000000,0.007377,0.158306,-0.000009,1.570801,0.150272,1.000000,1.100000,0.000000,0.000000,-1.571000,0.367380,0.992010,0.050518,1.059058
34.670000,-0.216286,0.007990,1.049497,0.411090,-0.000000,0.007331,0.157652,-0.000009,1.570801,0.151900,1.000000,1.100000,0.000000,0.000000,-1.571000,0.368187,0.992010,0.050503,1.059338
34.672000,-0.215460,0.007990,1.049512,0.413431,-0.000000,0.007286,0.156991,-0.000009,1.570801,0.153523,1.000000,1.100000,0.000000,0.000000,-1.571000,0.368983,0.992010,0.050488,1.059614
34.674000,-0.214629,0.007990,1.049526,0.415755,-0.000000,0.007244,0.156323,-0.000009,1.570801,0.155139,1.000000,1.100000,0.000000,0.000000,-1.571000,0.369768,0.992010,0.050474,1.059887
34.676000,-0.213793,0.007990,1.049541,0.418061,-0.000001,0.007202,0.155650,-0.000009,1.570801,0.156750,1.000000,1.100000,0.000000,0.000000,-1.571000,0.370542,0.992010,0.050459,1.060157
34.678000,-0.212952,0.007990,1.049555,0.420349,-0.000001,0.007162,0.154973,-0.000009,1.570801,0.158354,1.000000,1.100000,0.000000,0.000000,-1.571000,0.371306,0.992010,0.050445,1.060423
34.680000,-0.212107,0.007990,1.049569,0.422620,-0.000001,0.007124,0.154293,-0.000009,1.570801,0.159951,1.000000,1.100000,0.000000,0.000000,-1.571000,0.372059,0.992010,0.050431,1.060686
34.682000,-0.211258,0.007990,1.049583,0.424873,-0.000001,0.007083,0.153609,-0.000009,1.570800,0.161543,1.000000,1.100000,0.000000,0.000000,-1.571000,0.372801,0.992010,0.050417,1.060946
34.684000,-0.210404,0.007990,1.049598,0.427107,-0.000001,0.007034,0.152920,-0.000009,1.570800,0.163128,1.000000,1.100000,0.000000,0.000000,-1.571000,0.373532,0.992010,0.050402,1.061203
34.686000,-0.209546,0.007990,1.049612,0.429321,-0.000001,0.006978,0.152223,-0.000009,1.570800,0.164707,1.000000,1.100000,0.000000,0.000000,-1.571000,0.374252,0.992010,0.050388,1.061456
34.688000,-0.208683,0.007990,1.049625,0.431517,-0.000002,0.006917,0.151518,-0.000009,1.570799,0.166279,1.000000,1.100000,0.000000,0.000000,-1.571000,0.374962,0.992010,0.050375,1.061705
34.690000,-0.207816,0.007990,1.049639,0.433693,-0.000002,0.006850,0.150802,-0.000009,1.570799,0.167845,1.000000,1.100000,0.000000,0.000000,-1.571000,0.375660,0.992010,0.050361,1.061951
34.692000,-0.206944,0.007990,1.049653,0.435851,-0.000002,0.006778,0.150075,-0.000009,1.570799,0.169404,1.000000,1.100000,0.000000,0.000000,-1.571000,0.376348,0.992010,0.050347,1.062194
34.694000,-0.206068,0.007990,1.049666,0.437989,-0.000002,0.006703,0.149336,-0.000009,1.570798,0.170956,1.000000,1.100000,0.000000,0.000000,-1.571000,0.377024,0.992010,0.050334,1.062434
34.696000,-0.205188,0.007990,1.049680,0.440108,-0.000002,0.006625,0.148583,-0.000009,1.570798,0.172502,1.000000,1.100000,0.000000,0.000000,-1.571000,0.377690,0.992010,0.050320,1.062669
34.698000,-0.204304,0.007990,1.049693,0.442208,-0.000002,0.006544,0.147817,-0.000009,1.570797,0.174040,1.000000,1.100000,0.000000,0.000000,-1.571000,0.378344,0.992010,0.050307,1.062901
34.700000,-0.203416,0.007990,1.049706,0.444288,-0.000003,0.006461,0.147036,-0.000008,1.570797,0.175572,1.000000,1.100000,0.000000,0.000000,-1.571000,0.378988,0.992010,0.050294,1.063130
34.702000,-0.202523,0.007990,1.049718,0.446348,-0.000003,0.006377,0.146242,-0.000008,1.570797,0.177097,1.000000,1.100000,0.000000,0.000000,-1.571000,0.379620,0.992010,0.050282,1.063355
34.704000,-0.201626,0.007990,1.049731,0.448388,-0.000003,0.006291,0.145433,-0.000008,1.570796,0.178615,1.000000,1.100000,0.000000,0.000000,-1.571000,0.380242,0.992010,0.050269,1.063576
34.706000,-0.200726,0.007990,1.049744,0.450409,-0.000003,0.006204,0.144611,-0.000008,1.570796,0.180126,1.000000,1.100000,0.000000,0.000000,-1.571000,0.380852,0.992010,0.050256,1.063794
34.708000,-0.199821,0.007990,1.049756,0.452409,-0.000003,0.006117,0.143775,-0.000008,1.570796,0.181630,1.000000,1.100000,0.000000,0.000000,-1.571000,0.381451,0.992010,0.050244,1.064008
34.710000,-0.198912,0.007990,1.049768,0.454388,-0.000003,0.006029,0.142925,-0.000008,1.570795,0.183127,1.000000,1.100000,0.000000,0.000000,-1.571000,0.382039,0.992010,0.050232,1.064219
34.712000,-0.198000,0.007990,1.049780,0.456347,-0.000003,0.005942,0.142063,-0.000008,1.570795,0.184616,1.000000,1.100000,0.000000,0.000000,-1.571000,0.382616,0.992010,0.050220,1.064425
34.714000,-0.197083,0.007990,1.049792,0.458285,-0.000004,0.005854,0.141189,-0.000007,1.570794,0.186098,1.000000,1.100000,0.000000,0.000000,-1.571000,0.383181,0.992010,0.050208,1.064628
34.716000,-0.196163,0.007990,1.049803,0.460202,-0.000004,0.005768,0.140303,-0.000007,1.570794,0.187573,1.000000,1.100000,0.000000,0.000000,-1.571000,0.383736,0.992010,0.050197,1.064827
34.718000,-0.195239,0.007990,1.049815,0.462098,-0.000004,0.005682,0.139407,-0.000007,1.570794,0.189040,1.000000,1.100000,0.000000,0.000000,-1.571000,0.384279,0.992010,0.050185,1.065023
34.720000,-0.194311,0.007990,1.049826,0.463972,-0.000004,0.005597,0.138501,-0.000007,1.570794,0.190500,1.000000,1.100000,0.000000,0.000000,-1.571000,0.384811,0.992010,0.050174,1.065214
34.722000,-0.193379,0.007990,1.049837,0.465826,-0.000004,0.005513,0.137586,-0.000007,1.570793,0.191952,1.000000,1.100000,0.000000,0.000000,-1.571000,0.385331,0.992010,0.050163,1.065402
34.724000,-0.192444,0.007990,1.049848,0.467657,-0.000004,0.005430,0.136663,-0.000007,1.570793,0.193397,1.000000,1.100000,0.000000,0.000000,-1.571000,0.385841,0.992010,0.050152,1.065586
34.726000,-0.191505,0.007990,1.049859,0.469467,-0.000004,0.005348,0.135734,-0.000006,1.570792,0.194834,1.000000,1.100000,0.000000,0.000000,-1.571000,0.386339,0.992010,0.050141,1.065766
34.728000,-0.190562,0.007990,1.049869,0.471256,-0.000005,0.005269,0.134799,-0.000006,1.570792,0.196264,1.000000,1.100000,0.000000,0.000000,-1.571000,0.386826,0.992010,0.050131,1.065942
34.730000,-0.189616,0.007990,1.049880,0.473022,-0.000005,0.005190,0.133859,-0.000006,1.570792,0.197686,1.000000,1.100000,0.000000,0.000000,-1.571000,0.387302,0.992010,0.050120,1.066114
34.732000,-0.188666,0.007990,1.049890,0.474767,-0.000005,0.005114,0.132916,-0.000006,1.570791,0.199100,1.000000,1.100000,0.000000,0.000000,-1.571000,0.387766,0.992010,0.050110,1.066282
34.734000,-0.187713,0.007990,1.049900,0.476491,-0.000005,0.005039,0.131971,-0.000005,1.570791,0.200506,1.000000,1.100000,0.000000,0.000000,-1.571000,0.388219,0.992010,0.050100,1.066447
34.736000,-0.186757,0.007990,1.049910,0.478192,-0.000005,0.004966,0.131025,-0.000005,1.570791,0.201904,1.000000,1.100000,0.000000,0.000000,-1.571000,0.388661,0.992010,0.050090,1.066607
34.738000,-0.185797,0.007990,1.049920,0.479872,-0.000005,0.004895,0.130078,-0.000005,1.570790,0.203294,1.000000,1.100000,0.000000,0.000000,-1.571000,0.389091,0.992010,0.050080,1.066763
34.740000,-0.184834,0.007990,1.049930,0.481530,-0.000005,0.004826,0.129133,-0.000004,1.570789,0.204676,1.000000,1.100000,0.000000,0.000000,-1.571000,0.389510,0.992010,0.050070,1.066916
34.742000,-0.183867,0.007990,1.049939,0.483167,-0.000005,0.004760,0.128190,-0.000004,1.570789,0.206050,1.000000,1.100000,0.000000,0.000000,-1.571000,0.389917,0.992010,0.050061,1.067064
34.744000,-0.182898,0.007990,1.049949,0.484782,-0.000005,0.004695,0.127251,-0.000004,1.570788,0.207416,1.000000,1.100000,0.000000,0.000000,-1.571000,0.390314,0.992010,0.050051,1.067209
34.746000,-0.181925,0.007990,1.049958,0.486376,-0.000005,0.004633,0.126317,-0.000003,1.570788,0.208774,1.000000,1.100000,0.000000,0.000000,-1.571000,0.390698,0.992010,0.050042,1.067349
34.748000,-0.180949,0.007990,1.049967,0.487948,-0.000006,0.004573,0.125389,-0.000003,1.570787,0.210123,1.000000,1.100000,0.000000,0.000000,-1.571000,0.391072,0.992010,0.050033,1.067485
34.750000,-0.179969,0.007990,1.049976,0.489500,-0.000006,0.004515,0.124467,-0.000003,1.570786,0.211465,1.000000,1.100000,0.000000,0.000000,-1.571000,0.391434,0.992010,0.050024,1.067618
34.752000,-0.178987,0.007990,1.049985,0.491031,-0.000006,0.004459,0.123554,-0.000002,1.570785,0.212797,1.000000,1.100000,0.000000,0.000000,-1.571000,0.391784,0.992010,0.050015,1.067746
34.754000,-0.178002,0.007990,1.049994,0.492541,-0.000006,0.004406,0.122650,-0.000002,1.570785,0.214122,1.000000,1.100000,0.000000,0.000000,-1.571000,0.392124,0.992010,0.050006,1.067870
34.756000,-0.177013,0.007990,1.050003,0.494030,-0.000006,0.004354,0.121756,-0.000001,1.570784,0.215438,1.000000,1.100000,0.000000,0.000000,-1.571000,0.392451,0.992010,0.049997,1.067990
34.758000,-0.176022,0.007990,1.050011,0.495500,-0.000006,0.004305,0.120873,-0.000001,1.570783,0.216745,1.000000,1.100000,0.000000,0.000000,-1.571000,0.392768,0.992010,0.049989,1.068106
34.760000,-0.175028,0.007990,1.050020,0.496949,-0.000006,0.004257,0.120003,-0.000000,1.570782,0.218044,1.000000,1.100000,0.000000,0.000000,-1.571000,0.393072,0.992010,0.049980,1.068217
34.762000,-0.174031,0.007990,1.050028,0.498379,-0.000006,0.004209,0.119144,-0.000000,1.570781,0.219335,1.000000,1.100000,0.000000,0.000000,-1.571000,0.393366,0.992010,0.049972,1.068325
34.764000,-0.173031,0.007990,1.050037,0.499789,-0.000006,0.004159,0.118296,0.000000,1.570780,0.220616,1.000000,1.100000,0.000000,0.000000,-1.571000,0.393647,0.992010,0.049963,1.068428
34.766000,-0.172028,0.007990,1.050045,0.501179,-0.000006,0.004105,0.117456,0.000001,1.570779,0.221889,1.000000,1.100000,0.000000,0.000000,-1.571000,0.393918,0.992010,0.049955,1.068528
34.768000,-0.171023,0.007990,1.050053,0.502549,-0.000006,0.004050,0.116621,0.000001,1.570778,0.223154,1.000000,1.100000,0.000000,0.000000,-1.571000,0.394176,0.992010,0.049947,1.068623
34.770000,-0.170015,0.007990,1.050061,0.503900,-0.000006,0.003993,0.115792,0.000002,1.570777,0.224409,1.000000,1.100000,0.000000,0.000000,-1.571000,0.394424,0.992010,0.049939,1.068714
34.772000,-0.169004,0.007989,1.050069,0.505233,-0.000006,0.003935,0.114966,0.000002,1.570776,0.225655,1.000000,1.100000,0.000000,0.000000,-1.571000,0.394659,0.992011,0.049931,1.068800
34.774000,-0.167991,0.007989,1.050077,0.506546,-0.000006,0.003876,0.114143,0.000003,1.570775,0.226893,1.000000,1.100000,0.000000,0.000000,-1.571000,0.394884,0.992011,0.049923,1.068883
34.776000,-0.166975,0.007989,1.050084,0.507841,-0.000006,0.003816,0.113320,0.000003,1.570774,0.228122,1.000000,1.100000,0.000000,0.000000,-1.571000,0.395096,0.992011,0.049916,1.068961
34.778000,-0.165956,0.007989,1.050092,0.509116,-0.000006,0.003756,0.112499,0.000004,1.570773,0.229341,1.000000,1.100000,0.000000,0.000000,-1.571000,0.395297,0.992011,0.049908,1.069035
34.780000,-0.164935,0.007989,1.050099,0.510374,-0.000006,0.003695,0.111677,0.000004,1.570772,0.230552,1.000000,1.100000,0.000000,0.000000,-1.571000,0.395487,0.992011,0.049901,1.069105
34.782000,-0.163911,0.007989,1.050107,0.511612,-0.000006,0.003634,0.110854,0.000005,1.570772,0.231754,1.000000,1.100000,0.000000,0.000000,-1.571000,0.395665,0.992011,0.049893,1.069170
34.784000,-0.162885,0.007989,1.050114,0.512832,-0.000006,0.003573,0.110030,0.000005,1.570771,0.232946,1.000000,1.100000,0.000000,0.000000,-1.571000,0.395831,0.992011,0.049886,1.069231
34.786000,-0.161857,0.007989,1.050121,0.514034,-0.000006,0.003513,0.109205,0.000005,1.570770,0.234129,1.000000,1.100000,0.000000,0.000000,-1.571000,0.395986,0.992011,0.049879,1.069288
34.788000,-0.160826,0.007989,1.050128,0.515216,-0.000006,0.003453,0.108378,0.000005,1.570770,0.235303,1.000000,1.100000,0.000000,0.000000,-1.571000,0.396129,0.992011,0.049872,1.069341
34.790000,-0.159792,0.007989,1.050135,0.516381,-0.000006,0.003393,0.107549,0.000006,1.570770,0.236468,1.000000,1.100000,0.000000,0.000000,-1.571000,0.396260,0.992011,0.049865,1.069389
34.792000,-0.158757,0.007989,1.050141,0.517527,-0.000005,0.003334,0.106719,0.000006,1.570769,0.237623,1.000000,1.100000,0.000000,0.000000,-1.571000,0.396380,0.992011,0.049859,1.069433
34.794000,-0.157719,0.007989,1.050148,0.518654,-0.000005,0.003275,0.105888,0.000006,1.570769,0.238769,1.000000,1.100000,0.000000,0.000000,-1.571000,0.396488,0.992011,0.049852,1.069473
34.796000,-0.156679,0.007989,1.050155,0.519763,-0.000005,0.003218,0.105055,0.000006,1.570769,0.239905,1.000000,1.100000,0.000000,0.000000,-1.571000,0.396585,0.992011,0.049845,1.069509
34.798000,-0.155637,0.007989,1.050161,0.520854,-0.000005,0.003161,0.104220,0.000006,1.570768,0.241032,1.000000,1.100000,0.000000,0.000000,-1.571000,0.396669,0.992011,0.049839,1.069540
34.800000,-0.154593,0.007989,1.050167,0.521926,-0.000005,0.003105,0.103385,0.000006,1.570768,0.242150,1.000000,1.100000,0.000000,0.000000,-1.571000,0.396742,0.992011,0.049833,1.069567
34.802000,-0.153546,0.007989,1.050173,0.522980,-0.000005,0.003050,0.102550,0.000006,1.570768,0.243258,1.000000,1.100000,0.000000,0.000000,-1.571000,0.396804,0.992011,0.049827,1.069589
34.804000,-0.152498,0.007989,1.050179,0.524016,-0.000005,0.002997,0.101714,0.000006,1.570768,0.244356,1.000000,1.100000,0.000000,0.000000,-1.571000,0.396854,0.992011,0.049821,1.069607
34.806000,-0.151447,0.007989,1.050185,0.525033,-0.000005,0.002944,0.100879,0.000006,1.570768,0.245445,1.000000,1.100000,0.000000,0.000000,-1.571000,0.396892,0.992011,0.049815,1.069621
34.808000,-0.150394,0.007989,1.050191,0.526032,-0.000005,0.002893,0.100045,0.000005,1.570768,0.246524,1.000000,1.100000,0.000000,0.000000,-1.571000,0.396918,0.992011,0.049809,1.069631
34.810000,-0.149340,0.007989,1.050197,0.527013,-0.000005,0.002843,0.099213,0.000005,1.570768,0.247593,1.000000,1.100000,0.000000,0.000000,-1.571000,0.396933,0.992011,0.049803,1.069636
34.812000,-0.148283,0.007989,1.050202,0.527976,-0.000005,0.002794,0.098382,0.000005,1.570769,0.248653,1.000000,1.100000,0.000000,0.000000,-1.571000,0.396936,0.992011,0.049798,1.069637
34.814000,-0.147225,0.007989,1.050208,0.528920,-0.000005,0.002747,0.097554,0.000005,1.570769,0.249702,1.000000,1.100000,0.000000,0.000000,-1.571000,0.396927,0.992011,0.049792,1.069633
34.816000,-0.146164,0.007989,1.050213,0.529847,-0.000005,0.002700,0.096729,0.000005,1.570769,0.250742,1.000000,1.100000,0.000000,0.000000,-1.571000,0.396907,0.992011,0.049787,1.069626
34.818000,-0.145102,0.007989,1.050219,0.530756,-0.000005,0.002655,0.095908,0.000004,1.570769,0.251772,1.000000,1.100000,0.000000,0.000000,-1.571000,0.396874,0.992011,0.049781,1.069613
34.820000,-0.144038,0.007989,1.050224,0.531647,-0.000005,0.002612,0.095092,0.000004,1.570769,0.252792,1.000000,1.100000,0.000000,0.000000,-1.571000,0.396831,0.992011,0.049776,1.069597
34.822000,-0.142973,0.007989,1.050229,0.532520,-0.000005,0.002565,0.094279,0.000004,1.570770,0.253802,1.000000,1.100000,0.000000,0.000000,-1.571000,0.396775,0.992011,0.049771,1.069576
34.824000,-0.141905,0.007989,1.050234,0.533375,-0.000005,0.002511,0.093468,0.000004,1.570770,0.254802,1.000000,1.100000,0.000000,0.000000,-1.571000,0.396707,0.992011,0.049766,1.069551
34.826000,-0.140836,0.007989,1.050239,0.534212,-0.000005,0.002451,0.092656,0.000003,1.570770,0.255792,1.000000,1.100000,0.000000,0.000000,-1.571000,0.396628,0.992011,0.049761,1.069521
34.828000,-0.139766,0.007989,1.050244,0.535030,-0.000005,0.002386,0.091840,0.000003,1.570771,0.256772,1.000000,1.100000,0.000000,0.000000,-1.571000,0.396537,0.992011,0.049756,1.069487
34.830000,-0.138693,0.007989,1.050249,0.535831,-0.000005,0.002316,0.091019,0.000002,1.570771,0.257742,1.000000,1.100000,0.000000,0.000000,-1.571000,0.396435,0.992011,0.049751,1.069449
34.832000,-0.137619,0.007989,1.050253,0.536613,-0.000005,0.002242,0.090191,0.000002,1.570772,0.258701,1.000000,1.100000,0.000000,0.000000,-1.571000,0.396320,0.992011,0.049747,1.069406
34.834000,-0.136544,0.007989,1.050257,0.537378,-0.000005,0.002165,0.089354,0.000002,1.570772,0.259650,1.000000,1.100000,0.000000,0.000000,-1.571000,0.396194,0.992011,0.049743,1.069359
34.836000,-0.135467,0.007989,1.050262,0.538124,-0.000005,0.002084,0.088507,0.000001,1.570773,0.260589,1.000000,1.100000,0.000000,0.000000,-1.571000,0.396056,0.992011,0.049738,1.069308
34.838000,-0.134388,0.007989,1.050266,0.538852,-0.000005,0.002000,0.087649,0.000001,1.570774,0.261518,1.000000,1.100000,0.000000,0.000000,-1.571000,0.395907,0.992011,0.049734,1.069253
34.840000,-0.133309,0.007989,1.050270,0.539561,-0.000005,0.001915,0.086780,0.000000,1.570774,0.262437,1.000000,1.100000,0.000000,0.000000,-1.571000,0.395745,0.992011,0.049730,1.069193
34.842000,-0.132227,0.007989,1.050273,0.540252,-0.000005,0.001827,0.085899,-0.000000,1.570775,0.263345,1.000000,1.100000,0.000000,0.000000,-1.571000,0.395572,0.992011,0.049727,1.069128
34.844000,-0.131145,0.007989,1.050277,0.540924,-0.000005,0.001738,0.085006,-0.000001,1.570776,0.264242,1.000000,1.100000,0.000000,0.000000,-1.571000,0.395387,0.992011,0.049723,1.069060
34.846000,-0.130061,0.007989,1.050280,0.541577,-0.000005,0.001647,0.084100,-0.000001,1.570777,0.265130,1.000000,1.100000,0.000000,0.000000,-1.571000,0.395191,0.992011,0.049720,1.068987
34.848000,-0.128976,0.007989,1.050283,0.542211,-0.000005,0.001556,0.083182,-0.000002,1.570777,0.266006,1.000000,1.100000,0.000000,0.000000,-1.571000,0.394982,0.992011,0.049717,1.068910
34.850000,-0.127889,0.007989,1.050286,0.542826,-0.000005,0.001464,0.082251,-0.000002,1.570778,0.266873,1.000000,1.100000,0.000000,0.000000,-1.571000,0.394762,0.992011,0.049714,1.068828
34.852000,-0.126802,0.007989,1.050289,0.543421,-0.000005,0.001371,0.081308,-0.000003,1.570779,0.267729,1.000000,1.100000,0.000000,0.000000,-1.571000,0.394530,0.992011,0.049711,1.068743
34.854000,-0.125713,0.007989,1.050292,0.543996,-0.000005,0.001278,0.080354,-0.000003,1.570780,0.268574,1.000000,1.100000,0.000000,0.000000,-1.571000,0.394286,0.992011,0.049708,1.068653
34.856000,-0.124623,0.007989,1.050294,0.544552,-0.000005,0.001185,0.079388,-0.000004,1.570781,0.269408,1.000000,1.100000,0.000000,0.000000,-1.571000,0.394031,0.992011,0.049706,1.068558
34.858000,-0.123532,0.007989,1.050296,0.545087,-0.000005,0.001093,0.078412,-0.000005,1.570782,0.270232,1.000000,1.100000,0.000000,0.000000,-1.571000,0.393764,0.992011,0.049704,1.068460
34.860000,-0.122440,0.007989,1.050298,0.545603,-0.000005,0.001000,0.077427,-0.000005,1.570783,0.271045,1.000000,1.100000,0.000000,0.000000,-1.571000,0.393485,0.992011,0.049702,1.068357
34.862000,-0.121347,0.007989,1.050300,0.546098,-0.000005,0.000907,0.076432,-0.000006,1.570784,0.271848,1.000000,1.100000,0.000000,0.000000,-1.571000,0.393195,0.992011,0.049700,1.068250
34.864000,-0.120253,0.007989,1.050302,0.546572,-0.000005,0.000816,0.075429,-0.000006,1.570785,0.272640,1.000000,1.100000,0.000000,0.000000,-1.571000,0.392893,0.992011,0.049698,1.068139
34.866000,-0.119158,0.007989,1.050303,0.547026,-0.000006,0.000724,0.074419,-0.000007,1.570786,0.273421,1.000000,1.100000,0.000000,0.000000,-1.571000,0.392579,0.992011,0.049697,1.068023
34.868000,-0.118062,0.007989,1.050305,0.547460,-0.000006,0.000633,0.073403,-0.000007,1.570786,0.274191,1.000000,1.100000,0.000000,0.000000,-1.571000,0.392253,0.992011,0.049695,1.067904
34.870000,-0.116965,0.007989,1.050306,0.547873,-0.000006,0.000544,0.072381,-0.000008,1.570787,0.274951,1.000000,1.100000,0.000000,0.000000,-1.571000,0.391916,0.992011,0.049694,1.067780
34.872000,-0.115868,0.007989,1.050307,0.548265,-0.000006,0.000454,0.071356,-0.000008,1.570788,0.275699,1.000000,1.100000,0.000000,0.000000,-1.571000,0.391567,0.992011,0.049693,1.067652
34.874000,-0.114770,0.007989,1.050308,0.548636,-0.000006,0.000366,0.070328,-0.000009,1.570788,0.276437,1.000000,1.100000,0.000000,0.000000,-1.571000,0.391207,0.992011,0.049692,1.067520
34.876000,-0.113671,0.007989,1.050308,0.548986,-0.000006,0.000279,0.069298,-0.000010,1.570789,0.277164,1.000000,1.100000,0.000000,0.000000,-1.571000,0.390835,0.992011,0.049692,1.067383
34.878000,-0.112571,0.007989,1.050309,0.549316,-0.000007,0.000192,0.068268,-0.000010,1.570790,0.277880,1.000000,1.100000,0.000000,0.000000,-1.571000,0.390451,0.992011,0.049691,1.067243
34.880000,-0.111471,0.007989,1.050309,0.549625,-0.000007,0.000107,0.067238,-0.000011,1.570790,0.278585,1.000000,1.100000,0.000000,0.000000,-1.571000,0.390056,0.992011,0.049691,1.067098
34.882000,-0.110370,0.007989,1.050309,0.549913,-0.000007,0.000021,0.066209,-0.000011,1.570790,0.279279,1.000000,1.100000,0.000000,0.000000,-1.571000,0.389649,0.992011,0.049691,1.066950
34.884000,-0.109269,0.007989,1.050309,0.550181,-0.000007,-0.000064,0.065178,-0.000012,1.570791,0.279961,1.000000,1.100000,0.000000,0.000000,-1.571000,0.389230,0.992011,0.049691,1.066797
34.886000,-0.108167,0.007989,1.050309,0.550428,-0.000007,-0.000151,0.064144,-0.000013,1.570791,0.280633,1.000000,1.100000,0.000000,0.000000,-1.571000,0.388800,0.992011,0.049691,1.066640
34.888000,-0.107065,0.007989,1.050308,0.550654,-0.000008,-0.000237,0.063104,-0.000013,1.570791,0.281294,1.000000,1.100000,0.000000,0.000000,-1.571000,0.388359,0.992011,0.049692,1.066479
34.890000,-0.105962,0.007989,1.050308,0.550859,-0.000008,-0.000324,0.062057,-0.000014,1.570792,0.281944,1.000000,1.100000,0.000000,0.000000,-1.571000,0.387906,0.992011,0.049692,1.066314
34.892000,-0.104859,0.007989,1.050307,0.551043,-0.000008,-0.000410,0.061001,-0.000014,1.570792,0.282582,1.000000,1.100000,0.000000,0.000000,-1.571000,0.387441,0.992011,0.049693,1.066145
34.894000,-0.103756,0.007989,1.050306,0.551207,-0.000008,-0.000497,0.059937,-0.000014,1.570792,0.283209,1.000000,1.100000,0.000000,0.000000,-1.571000,0.386965,0.992011,0.049694,1.065973
34.896000,-0.102652,0.007989,1.050305,0.551349,-0.000009,-0.000583,0.058862,-0.000015,1.570792,0.283826,1.000000,1.100000,0.000000,0.000000,-1.571000,0.386478,0.992011,0.049695,1.065796
34.898000,-0.101548,0.007989,1.050303,0.551470,-0.000009,-0.000668,0.057777,-0.000015,1.570793,0.284431,1.000000,1.100000,0.000000,0.000000,-1.571000,0.385978,0.992011,0.049697,1.065615
34.900000,-0.100444,0.007989,1.050302,0.551569,-0.000009,-0.000754,0.056682,-0.000015,1.570793,0.285024,1.000000,1.100000,0.000000,0.000000,-1.571000,0.385468,0.992011,0.049698,1.065430
34.902000,-0.099339,0.007989,1.050300,0.551647,-0.000010,-0.000838,0.055575,-0.000016,1.570793,0.285607,1.000000,1.100000,0.000000,0.000000,-1.571000,0.384946,0.992011,0.049700,1.065242
34.904000,-0.098235,0.007989,1.050299,0.551703,-0.000010,-0.000922,0.054458,-0.000016,1.570793,0.286178,1.000000,1.100000,0.000000,0.000000,-1.571000,0.384413,0.992011,0.049701,1.065049
34.906000,-0.097130,0.007989,1.050297,0.551737,-0.000010,-0.001006,0.053330,-0.000016,1.570793,0.286738,1.000000,1.100000,0.000000,0.000000,-1.571000,0.383868,0.992011,0.049703,1.064853
34.908000,-0.096026,0.007989,1.050294,0.551748,-0.000010,-0.001089,0.052192,-0.000016,1.570794,0.287286,1.000000,1.100000,0.000000,0.000000,-1.571000,0.383312,0.992011,0.049706,1.064653
34.910000,-0.094921,0.007989,1.050292,0.551738,-0.000011,-0.001171,0.051045,-0.000016,1.570794,0.287824,1.000000,1.100000,0.000000,0.000000,-1.571000,0.382745,0.992011,0.049708,1.064449
34.912000,-0.093817,0.007989,1.050290,0.551705,-0.000011,-0.001252,0.049889,-0.000016,1.570794,0.288350,1.000000,1.100000,0.000000,0.000000,-1.571000,0.382166,0.992011,0.049710,1.064241
34.914000,-0.092712,0.007989,1.050287,0.551650,-0.000011,-0.001332,0.048724,-0.000016,1.570794,0.288864,1.000000,1.100000,0.000000,0.000000,-1.571000,0.381576,0.992011,0.049713,1.064029
34.916000,-0.091608,0.007989,1.050284,0.551572,-0.000012,-0.001412,0.047552,-0.000016,1.570795,0.289367,1.000000,1.100000,0.000000,0.000000,-1.571000,0.380975,0.992011,0.049716,1.063814
34.918000,-0.090504,0.007989,1.050281,0.551471,-0.000012,-0.001491,0.046374,-0.000016,1.570795,0.289859,1.000000,1.100000,0.000000,0.000000,-1.571000,0.380363,0.992011,0.049719,1.063595
34.920000,-0.089400,0.007989,1.050278,0.551347,-0.000012,-0.001569,0.045190,-0.000016,1.570795,0.290339,1.000000,1.100000,0.000000,0.000000,-1.571000,0.379739,0.992011,0.049722,1.063372
34.922000,-0.088296,0.007989,1.050275,0.551201,-0.000012,-0.001646,0.044002,-0.000016,1.570795,0.290808,1.000000,1.100000,0.000000,0.000000,-1.571000,0.379104,0.992011,0.049725,1.063146
34.924000,-0.087193,0.007989,1.050272,0.551032,-0.000013,-0.001722,0.042810,-0.000016,1.570796,0.291265,1.000000,1.100000,0.000000,0.000000,-1.571000,0.378458,0.992011,0.049728,1.062916
34.926000,-0.086090,0.007988,1.050268,0.550839,-0.000013,-0.001797,0.041616,-0.000015,1.570796,0.291711,1.000000,1.100000,0.000000,0.000000,-1.571000,0.377801,0.992012,0.049732,1.062682
34.928000,-0.084988,0.007988,1.050264,0.550624,-0.000013,-0.001872,0.040421,-0.000015,1.570796,0.292145,1.000000,1.100000,0.000000,0.000000,-1.571000,0.377133,0.992012,0.049736,1.062445
34.930000,-0.083886,0.007988,1.050260,0.550386,-0.000014,-0.001945,0.039226,-0.000015,1.570796,0.292568,1.000000,1.100000,0.000000,0.000000,-1.571000,0.376454,0.992012,0.049740,1.062205
34.932000,-0.082784,0.007988,1.050256,0.550125,-0.000014,-0.002018,0.038033,-0.000015,1.570796,0.292979,1.000000,1.100000,0.000000,0.000000,-1.571000,0.375763,0.992012,0.049744,1.061960
34.934000,-0.081683,0.007988,1.050252,0.549841,-0.000014,-0.002090,0.036842,-0.000014,1.570796,0.293379,1.000000,1.100000,0.000000,0.000000,-1.571000,0.375062,0.992012,0.049748,1.061713
34.936000,-0.080583,0.007988,1.050248,0.549534,-0.000014,-0.002160,0.035655,-0.000014,1.570796,0.293767,1.000000,1.100000,0.000000,0.000000,-1.571000,0.374350,0.992012,0.049752,1.061461
34.938000,-0.079483,0.007988,1.050244,0.549205,-0.000015,-0.002231,0.034474,-0.000014,1.570796,0.294143,1.000000,1.100000,0.000000,0.000000,-1.571000,0.373627,0.992012,0.049756,1.061207
34.940000,-0.078384,0.007988,1.050239,0.548854,-0.000015,-0.002300,0.033299,-0.000013,1.570795,0.294508,1.000000,1.100000,0.000000,0.000000,-1.571000,0.372892,0.992012,0.049761,1.060949
34.942000,-0.077286,0.007988,1.050234,0.548480,-0.000015,-0.002369,0.032132,-0.000013,1.570795,0.294861,1.000000,1.100000,0.000000,0.000000,-1.571000,0.372147,0.992012,0.049766,1.060687
34.944000,-0.076189,0.007988,1.050229,0.548084,-0.000015,-0.002436,0.030973,-0.000013,1.570795,0.295203,1.000000,1.100000,0.000000,0.000000,-1.571000,0.371392,0.992012,0.049771,1.060423
34.946000,-0.075092,0.007988,1.050224,0.547667,-0.000016,-0.002504,0.029825,-0.000012,1.570794,0.295533,1.000000,1.100000,0.000000,0.000000,-1.571000,0.370625,0.992012,0.049776,1.060155
34.948000,-0.073996,0.007988,1.050219,0.547228,-0.000016,-0.002570,0.028689,-0.000012,1.570794,0.295851,1.000000,1.100000,0.000000,0.000000,-1.571000,0.369847,0.992012,0.049781,1.059883
34.950000,-0.072901,0.007988,1.050214,0.546768,-0.000016,-0.002636,0.027565,-0.000012,1.570793,0.296158,1.000000,1.100000,0.000000,0.000000,-1.571000,0.369059,0.992012,0.049786,1.059609
34.952000,-0.071807,0.007988,1.050209,0.546286,-0.000016,-0.002701,0.026454,-0.000011,1.570793,0.296452,1.000000,1.100000,0.000000,0.000000,-1.571000,0.368260,0.992012,0.049791,1.059331
34.954000,-0.070715,0.007988,1.050203,0.545784,-0.000016,-0.002765,0.025359,-0.000011,1.570792,0.296736,1.000000,1.100000,0.000000,0.000000,-1.571000,0.367450,0.992012,0.049797,1.059050
34.956000,-0.069623,0.007988,1.050198,0.545262,-0.000017,-0.002829,0.024279,-0.000011,1.570791,0.297007,1.000000,1.100000,0.000000,0.000000,-1.571000,0.366630,0.992012,0.049802,1.058766
34.958000,-0.068532,0.007988,1.050192,0.544719,-0.000017,-0.002892,0.023216,-0.000010,1.570790,0.297267,1.000000,1.100000,0.000000,0.000000,-1.571000,0.365799,0.992012,0.049808,1.058479
34.960000,-0.067442,0.007988,1.050186,0.544157,-0.000017,-0.002955,0.022171,-0.000010,1.570789,0.297515,1.000000,1.100000,0.000000,0.000000,-1.571000,0.364957,0.992012,0.049814,1.058189
34.962000,-0.066354,0.007988,1.050180,0.543576,-0.000017,-0.003018,0.021143,-0.000010,1.570788,0.297751,1.000000,1.100000,0.000000,0.000000,-1.571000,0.364105,0.992012,0.049820,1.057895
34.964000,-0.065266,0.007988,1.050174,0.542976,-0.000017,-0.003083,0.020132,-0.000009,1.570787,0.297976,1.000000,1.100000,0.000000,0.000000,-1.571000,0.363242,0.992012,0.049826,1.057599
34.966000,-0.064180,0.007988,1.050167,0.542357,-0.000017,-0.003150,0.019134,-0.000009,1.570786,0.298188,1.000000,1.100000,0.000000,0.000000,-1.571000,0.362368,0.992012,0.049833,1.057300
34.968000,-0.063095,0.007988,1.050161,0.541720,-0.000017,-0.003217,0.018148,-0.000008,1.570785,0.298389,1.000000,1.100000,0.000000,0.000000,-1.571000,0.361485,0.992012,0.049839,1.056997
34.970000,-0.062012,0.007988,1.050155,0.541064,-0.000018,-0.003286,0.017172,-0.000008,1.570784,0.298578,1.000000,1.100000,0.000000,0.000000,-1.571000,0.360590,0.992012,0.049845,1.056692
34.972000,-0.060930,0.007988,1.050148,0.540391,-0.000018,-0.003356,0.016205,-0.000008,1.570783,0.298756,1.000000,1.100000,0.000000,0.000000,-1.571000,0.359685,0.992012,0.049852,1.056384
34.974000,-0.059849,0.007988,1.050141,0.539701,-0.000018,-0.003427,0.015246,-0.000007,1.570782,0.298921,1.000000,1.100000,0.000000,0.000000,-1.571000,0.358770,0.992012,0.049859,1.056073
34.976000,-0.058769,0.007988,1.050134,0.538993,-0.000018,-0.003498,0.014294,-0.000007,1.570781,0.299075,1.000000,1.100000,0.000000,0.000000,-1.571000,0.357845,0.992012,0.049866,1.055759
34.978000,-0.057691,0.007988,1.050127,0.538268,-0.000018,-0.003570,0.013347,-0.000007,1.570780,0.299217,1.000000,1.100000,0.000000,0.000000,-1.571000,0.356909,0.992012,0.049873,1.055443
34.980000,-0.056615,0.007988,1.050120,0.537526,-0.000018,-0.003643,0.012406,-0.000006,1.570780,0.299347,1.000000,1.100000,0.000000,0.000000,-1.571000,0.355962,0.992012,0.049880,1.055124
34.982000,-0.055540,0.007988,1.050112,0.536766,-0.000018,-0.003717,0.011469,-0.000006,1.570779,0.299466,1.000000,1.100000,0.000000,0.000000,-1.571000,0.355006,0.992012,0.049888,1.054802
34.984000,-0.054466,0.007988,1.050105,0.535990,-0.000018,-0.003790,0.010536,-0.000006,1.570778,0.299572,1.000000,1.100000,0.000000,0.000000,-1.571000,0.354039,0.992012,0.049895,1.054477
34.986000,-0.053395,0.007987,1.050097,0.535197,-0.000018,-0.003865,0.009606,-0.000006,1.570778,0.299667,1.000000,1.100000,0.000000,0.000000,-1.571000,0.353061,0.992013,0.049903,1.054150
34.988000,-0.052324,0.007987,1.050089,0.534388,-0.000019,-0.003939,0.008680,-0.000005,1.570777,0.299750,1.000000,1.100000,0.000000,0.000000,-1.571000,0.352074,0.992013,0.049911,1.053820
34.990000,-0.051256,0.007987,1.050081,0.533562,-0.000019,-0.004014,0.007757,-0.000005,1.570777,0.299821,1.000000,1.100000,0.000000,0.000000,-1.571000,0.351077,0.992013,0.049919,1.053487
34.992000,-0.050189,0.007987,1.050073,0.532720,-0.000019,-0.004089,0.006837,-0.000005,1.570776,0.299880,1.000000,1.100000,0.000000,0.000000,-1.571000,0.350069,0.992013,0.049927,1.053152
34.994000,-0.049124,0.007987,1.050065,0.531861,-0.000019,-0.004165,0.005920,-0.000005,1.570776,0.299927,1.000000,1.100000,0.000000,0.000000,-1.571000,0.349051,0.992013,0.049935,1.052815
34.996000,-0.048060,0.007987,1.050056,0.530986,-0.000019,-0.004240,0.005006,-0.000005,1.570776,0.299963,1.000000,1.100000,0.000000,0.000000,-1.571000,0.348023,0.992013,0.049944,1.052475
34.998000,-0.046998,0.007987,1.050048,0.530095,-0.000019,-0.004316,0.004096,-0.000004,1.570776,0.299987,1.000000,1.100000,0.000000,0.000000,-1.571000,0.346985,0.992013,0.049952,1.052133
35.000000,-0.045938,0.007987,1.050039,0.529187,-0.000019,-0.004392,0.003188,-0.000004,1.570776,0.299999,1.000000,1.100000,0.000000,0.000000,-1.571000,0.345937,0.992013,0.049961,1.051788
35.002000,-0.044880,0.007987,1.050030,0.528264,-0.000019,-0.004468,0.002285,-0.000004,1.570776,0.299999,1.000000,1.100000,0.000000,0.000000,-1.571000,0.344879,0.992013,0.049970,1.051441
35.004000,-0.043824,0.007987,1.050021,0.527325,-0.000019,-0.004545,0.001385,-0.000004,1.570776,0.299987,1.000000,1.100000,0.000000,0.000000,-1.571000,0.343811,0.992013,0.049979,1.051091
35.006000,-0.042770,0.007987,1.050012,0.526370,-0.000019,-0.004621,0.000490,-0.000004,1.570776,0.299963,1.000000,1.100000,0.000000,0.000000,-1.571000,0.342733,0.992013,0.049988,1.050740
35.008000,-0.041718,0.007987,1.050002,0.525399,-0.000019,-0.004697,-0.000401,-0.000004,1.570776,0.299927,1.000000,1.100000,0.000000,0.000000,-1.571000,0.341645,0.992013,0.049998,1.050386
35.010000,-0.040667,0.007987,1.049993,0.524413,-0.000019,-0.004774,-0.001287,-0.000004,1.570776,0.299880,1.000000,1.100000,0.000000,0.000000,-1.571000,0.340547,0.992013,0.050007,1.050030
35.012000,-0.039619,0.007987,1.049983,0.523412,-0.000019,-0.004851,-0.002167,-0.000003,1.570776,0.299821,1.000000,1.100000,0.000000,0.000000,-1.571000,0.339440,0.992013,0.050017,1.049672
35.014000,-0.038573,0.007987,1.049973,0.522395,-0.000019,-0.004927,-0.003042,-0.000003,1.570777,0.299750,1.000000,1.100000,0.000000,0.000000,-1.571000,0.338322,0.992013,0.050027,1.049311
35.016000,-0.037528,0.007987,1.049963,0.521363,-0.000019,-0.005004,-0.003909,-0.000003,1.570777,0.299667,1.000000,1.100000,0.000000,0.000000,-1.571000,0.337195,0.992013,0.050037,1.048949
35.018000,-0.036486,0.007987,1.049953,0.520316,-0.000019,-0.005081,-0.004770,-0.000003,1.570778,0.299572,1.000000,1.100000,0.000000,0.000000,-1.571000,0.336058,0.992013,0.050047,1.048585
35.020000,-0.035446,0.007987,1.049943,0.519254,-0.000019,-0.005158,-0.005624,-0.000003,1.570778,0.299466,1.000000,1.100000,0.000000,0.000000,-1.571000,0.334912,0.992013,0.050057,1.048218
35.022000,-0.034408,0.007987,1.049933,0.518178,-0.000019,-0.005236,-0.006469,-0.000003,1.570778,0.299347,1.000000,1.100000,0.000000,0.000000,-1.571000,0.333755,0.992013,0.050067,1.047850
35.024000,-0.033372,0.007987,1.049922,0.517087,-0.000019,-0.005316,-0.007306,-0.000003,1.570779,0.299217,1.000000,1.100000,0.000000,0.000000,-1.571000,0.332589,0.992013,0.050078,1.047480
35.026000,-0.032339,0.007987,1.049911,0.515982,-0.000019,-0.005397,-0.008134,-0.000003,1.570779,0.299075,1.000000,1.100000,0.000000,0.000000,-1.571000,0.331414,0.992013,0.050089,1.047108
35.028000,-0.031307,0.007987,1.049900,0.514863,-0.000019,-0.005481,-0.008952,-0.000003,1.570779,0.298921,1.000000,1.100000,0.000000,0.000000,-1.571000,0.330229,0.992013,0.050100,1.046734
35.030000,-0.030278,0.007987,1.049889,0.513731,-0.000019,-0.005566,-0.009761,-0.000003,1.570780,0.298756,1.000000,1.100000,0.000000,0.000000,-1.571000,0.329034,0.992013,0.050111,1.046358
35.032000,-0.029252,0.007987,1.049878,0.512584,-0.000019,-0.005652,-0.010558,-0.000003,1.570780,0.298578,1.000000,1.100000,0.000000,0.000000,-1.571000,0.327830,0.992013,0.050122,1.045981
35.034000,-0.028227,0.007987,1.049866,0.511425,-0.000019,-0.005739,-0.011344,-0.000003,1.570780,0.298389,1.000000,1.100000,0.000000,0.000000,-1.571000,0.326616,0.992013,0.050134,1.045601
35.036000,-0.027205,0.007987,1.049855,0.510252,-0.000019,-0.005827,-0.012119,-0.000003,1.570781,0.298188,1.000000,1.100000,0.000000,0.000000,-1.571000,0.325393,0.992013,0.050145,1.045221
35.038000,-0.026185,0.007987,1.049843,0.509066,-0.000019,-0.005917,-0.012882,-0.000002,1.570781,0.297976,1.000000,1.100000,0.000000,0.000000,-1.571000,0.324161,0.992013,0.050157,1.044838
35.040000,-0.025168,0.007986,1.049831,0.507868,-0.000019,-0.006007,-0.013632,-0.000002,1.570781,0.297751,1.000000,1.100000,0.000000,0.000000,-1.571000,0.322919,0.992014,0.050169,1.044454
35.042000,-0.024153,0.007986,1.049819,0.506658,-0.000019,-0.006098,-0.014368,-0.000002,1.570782,0.297515,1.000000,1.100000,0.000000,0.000000,-1.571000,0.321668,0.992014,0.050181,1.044069
35.044000,-0.023140,0.007986,1.049806,0.505435,-0.000019,-0.006191,-0.015092,-0.000003,1.570782,0.297267,1.000000,1.100000,0.000000,0.000000,-1.571000,0.320407,0.992014,0.050194,1.043682
35.046000,-0.022130,0.007986,1.049794,0.504201,-0.000019,-0.006283,-0.015801,-0.000003,1.570782,0.297007,1.000000,1.100000,0.000000,0.000000,-1.571000,0.319138,0.992014,0.050206,1.043293
35.048000,-0.021123,0.007986,1.049781,0.502955,-0.000019,-0.006377,-0.016496,-0.000003,1.570782,0.296736,1.000000,1.100000,0.000000,0.000000,-1.571000,0.317859,0.992014,0.050219,1.042903
35.050000,-0.020118,0.007986,1.049768,0.501698,-0.000019,-0.006471,-0.017177,-0.000003,1.570782,0.296452,1.000000,1.100000,0.000000,0.000000,-1.571000,0.316570,0.992014,0.050232,1.042512
35.052000,-0.019115,0.007986,1.049755,0.500430,-0.000019,-0.006565,-0.017842,-0.000003,1.570782,0.296158,1.000000,1.100000,0.000000,0.000000,-1.571000,0.315273,0.992014,0.050245,1.042119
35.054000,-0.018115,0.007986,1.049742,0.499152,-0.000019,-0.006660,-0.018492,-0.000003,1.570782,0.295851,1.000000,1.100000,0.000000,0.000000,-1.571000,0.313966,0.992014,0.050258,1.041726
35.056000,-0.017118,0.007986,1.049728,0.497864,-0.000019,-0.006756,-0.019126,-0.000003,1.570782,0.295533,1.000000,1.100000,0.000000,0.000000,-1.571000,0.312651,0.992014,0.050272,1.041331
35.058000,-0.016123,0.007986,1.049715,0.496566,-0.000019,-0.006852,-0.019745,-0.000003,1.570782,0.295203,1.000000,1.100000,0.000000,0.000000,-1.571000,0.311326,0.992014,0.050285,1.040934
35.060000,-0.015131,0.007986,1.049701,0.495258,-0.000020,-0.006948,-0.020347,-0.000003,1.570782,0.294861,1.000000,1.100000,0.000000,0.000000,-1.571000,0.309992,0.992014,0.050299,1.040537
35.062000,-0.014142,0.007986,1.049687,0.493941,-0.000020,-0.007045,-0.020933,-0.000003,1.570782,0.294508,1.000000,1.100000,0.000000,0.000000,-1.571000,0.308650,0.992014,0.050313,1.040138
35.064000,-0.013155,0.007986,1.049673,0.492615,-0.000020,-0.007142,-0.021503,-0.000003,1.570782,0.294143,1.000000,1.100000,0.000000,0.000000,-1.571000,0.307298,0.992014,0.050327,1.039739
35.066000,-0.012170,0.007986,1.049658,0.491280,-0.000020,-0.007239,-0.022056,-0.000003,1.570782,0.293767,1.000000,1.100000,0.000000,0.000000,-1.571000,0.305937,0.992014,0.050342,1.039338
35.068000,-0.011189,0.007986,1.049644,0.489938,-0.000020,-0.007337,-0.022592,-0.000004,1.570782,0.293379,1.000000,1.100000,0.000000,0.000000,-1.571000,0.304568,0.992014,0.050356,1.038937
35.070000,-0.010210,0.007986,1.049629,0.488587,-0.000020,-0.007435,-0.023112,-0.000004,1.570782,0.292979,1.000000,1.100000,0.000000,0.000000,-1.571000,0.303189,0.992014,0.050371,1.038534
35.072000,-0.009234,0.007986,1.049614,0.487229,-0.000020,-0.007533,-0.023614,-0.000004,1.570781,0.292568,1.000000,1.100000,0.000000,0.000000,-1.571000,0.301802,0.992014,0.050386,1.038131
35.074000,-0.008261,0.007986,1.049598,0.485864,-0.000020,-0.007631,-0.024100,-0.000004,1.570781,0.292145,1.000000,1.100000,0.000000,0.000000,-1.571000,0.300406,0.992014,0.050402,1.037726
35.076000,-0.007290,0.007986,1.049583,0.484492,-0.000020,-0.007730,-0.024569,-0.000004,1.570781,0.291711,1.000000,1.100000,0.000000,0.000000,-1.571000,0.299001,0.992014,0.050417,1.037321
35.078000,-0.006322,0.007986,1.049567,0.483113,-0.000020,-0.007829,-0.025021,-0.000004,1.570781,0.291265,1.000000,1.100000,0.000000,0.000000,-1.571000,0.297587,0.992014,0.050433,1.036916
35.080000,-0.005357,0.007986,1.049552,0.481729,-0.000020,-0.007928,-0.025456,-0.000004,1.570780,0.290808,1.000000,1.100000,0.000000,0.000000,-1.571000,0.296165,0.992014,0.050448,1.036509
35.082000,-0.004395,0.007986,1.049536,0.480338,-0.000020,-0.008019,-0.025879,-0.000005,1.570780,0.290339,1.000000,1.100000,0.000000,0.000000,-1.571000,0.294734,0.992014,0.050464,1.036102
35.084000,-0.003435,0.007986,1.049519,0.478941,-0.000020,-0.008094,-0.026299,-0.000005,1.570780,0.289859,1.000000,1.100000,0.000000,0.000000,-1.571000,0.293294,0.992014,0.050481,1.035694
35.086000,-0.002478,0.007986,1.049503,0.477538,-0.000020,-0.008156,-0.026726,-0.000005,1.570780,0.289367,1.000000,1.100000,0.000000,0.000000,-1.571000,0.291846,0.992014,0.050497,1.035286
35.088000,-0.001524,0.007986,1.049487,0.476130,-0.000020,-0.008205,-0.027169,-0.000005,1.570780,0.288864,1.000000,1.100000,0.000000,0.000000,-1.571000,0.290389,0.992014,0.050513,1.034877
35.090000,-0.000573,0.007985,1.049470,0.474714,-0.000020,-0.008243,-0.027638,-0.000005,1.570781,0.288350,1.000000,1.100000,0.000000,0.000000,-1.571000,0.288923,0.992015,0.050530,1.034467
35.092000,0.000375,0.007985,1.049454,0.473292,-0.000020,-0.008270,-0.028139,-0.000005,1.570782,0.287824,1.000000,1.100000,0.000000,0.000000,-1.571000,0.287449,0.992015,0.050546,1.034057
35.094000,0.001320,0.007985,1.049437,0.471862,-0.000020,-0.008289,-0.028679,-0.000006,1.570783,0.287286,1.000000,1.100000,0.000000,0.000000,-1.571000,0.285966,0.992015,0.050563,1.033647
35.096000,0.002263,0.007985,1.049420,0.470424,-0.000020,-0.008299,-0.029263,-0.000006,1.570784,0.286738,1.000000,1.100000,0.000000,0.000000,-1.571000,0.284475,0.992015,0.050580,1.033236
35.098000,0.003202,0.007985,1.049404,0.468976,-0.000020,-0.008302,-0.029897,-0.000006,1.570785,0.286178,1.000000,1.100000,0.000000,0.000000,-1.571000,0.282976,0.992015,0.050596,1.032825
35.100000,0.004139,0.007985,1.049387,0.467519,-0.000020,-0.008298,-0.030585,-0.000006,1.570787,0.285607,1.000000,1.100000,0.000000,0.000000,-1.571000,0.281468,0.992015,0.050613,1.032414
35.102000,0.005073,0.007985,1.049371,0.466050,-0.000020,-0.008288,-0.031331,-0.000006,1.570790,0.285024,1.000000,1.100000,0.000000,0.000000,-1.571000,0.279951,0.992015,0.050629,1.032003
35.104000,0.006004,0.007985,1.049354,0.464569,-0.000020,-0.008273,-0.032138,-0.000006,1.570792,0.284431,1.000000,1.100000,0.000000,0.000000,-1.571000,0.278427,0.992015,0.050646,1.031591
35.106000,0.006931,0.007985,1.049338,0.463074,-0.000021,-0.008253,-0.033007,-0.000005,1.570795,0.283826,1.000000,1.100000,0.000000,0.000000,-1.571000,0.276894,0.992015,0.050662,1.031179
35.108000,0.007856,0.007985,1.049321,0.461565,-0.000021,-0.008229,-0.033942,-0.000005,1.570798,0.283209,1.000000,1.100000,0.000000,0.000000,-1.571000,0.275353,0.992015,0.050679,1.030767
35.110000,0.008778,0.007985,1.049305,0.460039,-0.000021,-0.008201,-0.034944,-0.000005,1.570801,0.282582,1.000000,1.100000,0.000000,0.000000,-1.571000,0.273804,0.992015,0.050695,1.030355
35.112000,0.009697,0.007985,1.049288,0.458497,-0.000021,-0.008170,-0.036013,-0.000005,1.570805,0.281944,1.000000,1.100000,0.000000,0.000000,-1.571000,0.272247,0.992015,0.050712,1.029944
35.114000,0.010612,0.007985,1.049272,0.456935,-0.000021,-0.008136,-0.037150,-0.000005,1.570809,0.281294,1.000000,1.100000,0.000000,0.000000,-1.571000,0.270682,0.992015,0.050728,1.029532
35.116000,0.011525,0.007985,1.049256,0.455354,-0.000021,-0.008100,-0.038354,-0.000004,1.570813,0.280633,1.000000,1.100000,0.000000,0.000000,-1.571000,0.269108,0.992015,0.050744,1.029120
35.118000,0.012434,0.007985,1.049240,0.453752,-0.000021,-0.008063,-0.039626,-0.000004,1.570817,0.279961,1.000000,1.100000,0.000000,0.000000,-1.571000,0.267527,0.992015,0.050760,1.028709
35.120000,0.013340,0.007985,1.049223,0.452128,-0.000021,-0.008023,-0.040965,-0.000003,1.570821,0.279279,1.000000,1.100000,0.000000,0.000000,-1.571000,0.265939,0.992015,0.050777,1.028297
35.122000,0.014243,0.007985,1.049207,0.450479,-0.000021,-0.007982,-0.042369,-0.000003,1.570825,0.278585,1.000000,1.100000,0.000000,0.000000,-1.571000,0.264342,0.992015,0.050793,1.027887
35.124000,0.015142,0.007985,1.049192,0.448806,-0.000021,-0.007941,-0.043837,-0.000003,1.570830,0.277880,1.000000,1.100000,0.000000,0.000000,-1.571000,0.262738,0.992015,0.050808,1.027476
35.126000,0.016038,0.007985,1.049176,0.447107,-0.000021,-0.007899,-0.045366,-0.000002,1.570834,0.277164,1.000000,1.100000,0.000000,0.000000,-1.571000,0.261126,0.992015,0.050824,1.027066
35.128000,0.016930,0.007985,1.049160,0.445381,-0.000021,-0.007856,-0.046956,-0.000002,1.570838,0.276437,1.000000,1.100000,0.000000,0.000000,-1.571000,0.259507,0.992015,0.050840,1.026656
35.130000,0.017819,0.007985,1.049144,0.443626,-0.000021,-0.007813,-0.048603,-0.000001,1.570843,0.275699,1.000000,1.100000,0.000000,0.000000,-1.571000,0.257880,0.992015,0.050856,1.026247
35.132000,0.018705,0.007985,1.049129,0.441842,-0.000021,-0.007771,-0.050304,-0.000000,1.570847,0.274951,1.000000,1.100000,0.000000,0.000000,-1.571000,0.256246,0.992015,0.050871,1.025838
35.134000,0.019587,0.007985,1.049113,0.440028,-0.000021,-0.007729,-0.052058,0.000000,1.570851,0.274191,1.000000,1.100000,0.000000,0.000000,-1.571000,0.254604,0.992015,0.050887,1.025430
35.136000,0.020465,0.007985,1.049098,0.438182,-0.000021,-0.007687,-0.053860,0.000001,1.570855,0.273421,1.000000,1.100000,0.000000,0.000000,-1.571000,0.252956,0.992015,0.050902,1.025023
35.138000,0.021339,0.007984,1.049082,0.436304,-0.000021,-0.007647,-0.055708,0.000002,1.570859,0.272640,1.000000,1.100000,0.000000,0.000000,-1.571000,0.251301,0.992016,0.050918,1.024617
35.140000,0.022210,0.007984,1.049067,0.434393,-0.000021,-0.007607,-0.057599,0.000003,1.570862,0.271848,1.000000,1.100000,0.000000,0.000000,-1.571000,0.249638,0.992016,0.050933,1.024211
35.142000,0.023077,0.007984,1.049052,0.432448,-0.000021,-0.007569,-0.059528,0.000003,1.570866,0.271045,1.000000,1.100000,0.000000,0.000000,-1.571000,0.247969,0.992016,0.050948,1.023806
35.144000,0.023940,0.007984,1.049037,0.430469,-0.000021,-0.007532,-0.061492,0.000004,1.570869,0.270232,1.000000,1.100000,0.000000,0.000000,-1.571000,0.246293,0.992016,0.050963,1.023402
35.146000,0.024798,0.007984,1.049022,0.428455,-0.000021,-0.007497,-0.063488,0.000005,1.570872,0.269408,1.000000,1.100000,0.000000,0.000000,-1.571000,0.244610,0.992016,0.050978,1.022999
35.148000,0.025653,0.007984,1.049007,0.426406,-0.000021,-0.007464,-0.065511,0.000006,1.570874,0.268574,1.000000,1.100000,0.000000,0.000000,-1.571000,0.242921,0.992016,0.050993,1.022598
35.150000,0.026504,0.007984,1.048992,0.424320,-0.000021,-0.007433,-0.067559,0.000007,1.570876,0.267729,1.000000,1.100000,0.000000,0.000000,-1.571000,0.241225,0.992016,0.051008,1.022197
35.152000,0.027350,0.007984,1.048977,0.422198,-0.000021,-0.007404,-0.069626,0.000008,1.570878,0.266873,1.000000,1.100000,0.000000,0.000000,-1.571000,0.239523,0.992016,0.051023,1.021797
35.154000,0.028192,0.007984,1.048962,0.420039,-0.000021,-0.007378,-0.071710,0.000009,1.570879,0.266006,1.000000,1.100000,0.000000,0.000000,-1.571000,0.237815,0.992016,0.051038,1.021399
35.156000,0.029029,0.007984,1.048948,0.417843,-0.000021,-0.007354,-0.073807,0.000010,1.570880,0.265130,1.000000,1.100000,0.000000,0.000000,-1.571000,0.236100,0.992016,0.051052,1.021002
35.158000,0.029863,0.007984,1.048933,0.415611,-0.000021,-0.007332,-0.075912,0.000011,1.570881,0.264242,1.000000,1.100000,0.000000,0.000000,-1.571000,0.234380,0.992016,0.051067,1.020606
35.160000,0.030691,0.007984,1.048918,0.413341,-0.000020,-0.007314,-0.078022,0.000012,1.570881,0.263345,1.000000,1.100000,0.000000,0.000000,-1.571000,0.232653,0.992016,0.051082,1.020212
35.162000,0.031515,0.007984,1.048904,0.411034,-0.000020,-0.007296,-0.080133,0.000013,1.570881,0.262437,1.000000,1.100000,0.000000,0.000000,-1.571000,0.230921,0.992016,0.051096,1.019819
35.164000,0.032335,0.007984,1.048889,0.408689,-0.000020,-0.007276,-0.082244,0.000014,1.570880,0.261518,1.000000,1.100000,0.000000,0.000000,-1.571000,0.229183,0.992016,0.051111,1.019428
35.166000,0.033149,0.007984,1.048875,0.406307,-0.000020,-0.007255,-0.084353,0.000015,1.570879,0.260589,1.000000,1.100000,0.000000,0.000000,-1.571000,0.227440,0.992016,0.051125,1.019038
35.168000,0.033959,0.007984,1.048860,0.403888,-0.000020,-0.007233,-0.086457,0.000016,1.570878,0.259650,1.000000,1.100000,0.000000,0.000000,-1.571000,0.225691,0.992016,0.051140,1.018650
35.170000,0.034764,0.007984,1.048846,0.401432,-0.000020,-0.007211,-0.088555,0.000017,1.570876,0.258701,1.000000,1.100000,0.000000,0.000000,-1.571000,0.223937,0.992016,0.051154,1.018264
35.172000,0.035564,0.007984,1.048831,0.398939,-0.000019,-0.007189,-0.090643,0.000018,1.570874,0.257742,1.000000,1.100000,0.000000,0.000000,-1.571000,0.222178,0.992016,0.051169,1.017879
35.174000,0.036359,0.007984,1.048817,0.396409,-0.000019,-0.007168,-0.092721,0.000019,1.570872,0.256772,1.000000,1.100000,0.000000,0.000000,-1.571000,0.220413,0.992016,0.051183,1.017496
35.176000,0.037149,0.007984,1.048803,0.393844,-0.000019,-0.007147,-0.094786,0.000020,1.570869,0.255792,1.000000,1.100000,0.000000,0.000000,-1.571000,0.218643,0.992016,0.051197,1.017115
35.178000,0.037933,0.007984,1.048788,0.391242,-0.000019,-0.007128,-0.096835,0.000021,1.570866,0.254802,1.000000,1.100000,0.000000,0.000000,-1.571000,0.216869,0.992016,0.051212,1.016736
35.180000,0.038713,0.007984,1.048774,0.388605,-0.000018,-0.007111,-0.098866,0.000021,1.570863,0.253802,1.000000,1.100000,0.000000,0.000000,-1.571000,0.215090,0.992016,0.051226,1.016358
35.182000,0.039487,0.007984,1.048760,0.385933,-0.000018,-0.007095,-0.100878,0.000022,1.570859,0.252792,1.000000,1.100000,0.000000,0.000000,-1.571000,0.213306,0.992016,0.051240,1.015983
35.184000,0.040255,0.007984,1.048746,0.383227,-0.000018,-0.007082,-0.102868,0.000023,1.570855,0.251772,1.000000,1.100000,0.000000,0.000000,-1.571000,0.211517,0.992016,0.051254,1.015610
35.186000,0.041018,0.007984,1.048732,0.380486,-0.000017,-0.007071,-0.104833,0.000023,1.570851,0.250742,1.000000,1.100000,0.000000,0.000000,-1.571000,0.209724,0.992016,0.051268,1.015239
35.188000,0.041776,0.007983,1.048717,0.377713,-0.000017,-0.007062,-0.106773,0.000024,1.570847,0.249702,1.000000,1.100000,0.000000,0.000000,-1.571000,0.207927,0.992017,0.051283,1.014870
35.190000,0.042528,0.007983,1.048703,0.374906,-0.000016,-0.007056,-0.108685,0.000025,1.570843,0.248653,1.000000,1.100000,0.000000,0.000000,-1.571000,0.206125,0.992017,0.051297,1.014503
35.192000,0.043274,0.007983,1.048689,0.372067,-0.000016,-0.007053,-0.110567,0.000025,1.570838,0.247593,1.000000,1.100000,0.000000,0.000000,-1.571000,0.204319,0.992017,0.051311,1.014138
35.194000,0.044015,0.007983,1.048675,0.369197,-0.000016,-0.007054,-0.112418,0.000026,1.570834,0.246524,1.000000,1.100000,0.000000,0.000000,-1.571000,0.202509,0.992017,0.051325,1.013776
35.196000,0.044749,0.007983,1.048661,0.366296,-0.000015,-0.007057,-0.114235,0.000026,1.570829,0.245445,1.000000,1.100000,0.000000,0.000000,-1.571000,0.200696,0.992017,0.051339,1.013416
35.198000,0.045478,0.007983,1.048647,0.363365,-0.000015,-0.007064,-0.116018,0.000027,1.570824,0.244356,1.000000,1.100000,0.000000,0.000000,-1.571000,0.198878,0.992017,0.051353,1.013058
35.200000,0.046201,0.007983,1.048633,0.360404,-0.000014,-0.007074,-0.117765,0.000027,1.570819,0.243258,1.000000,1.100000,0.000000,0.000000,-1.571000,0.197057,0.992017,0.051367,1.012703
35.202000,0.046918,0.007983,1.048618,0.357415,-0.000014,-0.007088,-0.119474,0.000028,1.570814,0.242150,1.000000,1.100000,0.000000,0.000000,-1.571000,0.195232,0.992017,0.051382,1.012350
35.204000,0.047629,0.007983,1.048604,0.354398,-0.000013,-0.007104,-0.121144,0.000028,1.570809,0.241032,1.000000,1.100000,0.000000,0.000000,-1.571000,0.193403,0.992017,0.051396,1.012000
35.206000,0.048334,0.007983,1.048590,0.351355,-0.000013,-0.007125,-0.122774,0.000028,1.570804,0.239905,1.000000,1.100000,0.000000,0.000000,-1.571000,0.191571,0.992017,0.051410,1.011652
35.208000,0.049033,0.007983,1.048576,0.348285,-0.000012,-0.007148,-0.124363,0.000029,1.570799,0.238769,1.000000,1.100000,0.000000,0.000000,-1.571000,0.189736,0.992017,0.051424,1.011307
35.210000,0.049726,0.007983,1.048561,0.345190,-0.000011,-0.007175,-0.125910,0.000029,1.570794,0.237623,1.000000,1.100000,0.000000,0.000000,-1.571000,0.187897,0.992017,0.051439,1.010964
35.212000,0.050412,0.007983,1.048547,0.342071,-0.000011,-0.007205,-0.127415,0.000029,1.570789,0.236468,1.000000,1.100000,0.000000,0.000000,-1.571000,0.186056,0.992017,0.051453,1.010624
35.214000,0.051092,0.007983,1.048532,0.338928,-0.000010,-0.007239,-0.128876,0.000029,1.570784,0.235303,1.000000,1.100000,0.000000,0.000000,-1.571000,0.184211,0.992017,0.051468,1.010287
35.216000,0.051766,0.007983,1.048518,0.335763,-0.000010,-0.007276,-0.130294,0.000029,1.570779,0.234129,1.000000,1.100000,0.000000,0.000000,-1.571000,0.182363,0.992017,0.051482,1.009953
35.218000,0.052433,0.007983,1.048503,0.332576,-0.000009,-0.007316,-0.131667,0.000029,1.570774,0.232946,1.000000,1.100000,0.000000,0.000000,-1.571000,0.180512,0.992017,0.051497,1.009621
35.220000,0.053094,0.007983,1.048489,0.329368,-0.000008,-0.007359,-0.132995,0.000029,1.570770,0.231754,1.000000,1.100000,0.000000,0.000000,-1.571000,0.178659,0.992017,0.051511,1.009292
35.222000,0.053749,0.007983,1.048474,0.326141,-0.000008,-0.007403,-0.134279,0.000029,1.570765,0.230552,1.000000,1.100000,0.000000,0.000000,-1.571000,0.176803,0.992017,0.051526,1.008966
35.224000,0.054397,0.007983,1.048459,0.322894,-0.000007,-0.007444,-0.135520,0.000029,1.570761,0.229341,1.000000,1.100000,0.000000,0.000000,-1.571000,0.174944,0.992017,0.051541,1.008642
35.226000,0.055039,0.007983,1.048444,0.319628,-0.000006,-0.007484,-0.136719,0.000029,1.570757,0.228122,1.000000,1.100000,0.000000,0.000000,-1.571000,0.173083,0.992017,0.051556,1.008322
35.228000,0.055674,0.007983,1.048429,0.316344,-0.000006,-0.007523,-0.137879,0.000029,1.570753,0.226893,1.000000,1.100000,0.000000,0.000000,-1.571000,0.171220,0.992017,0.051571,1.008005
35.230000,0.056302,0.007983,1.048414,0.313044,-0.000005,-0.007561,-0.139000,0.000028,1.570749,0.225655,1.000000,1.100000,0.000000,0.000000,-1.571000,0.169354,0.992017,0.051586,1.007690
35.232000,0.056924,0.007983,1.048399,0.309727,-0.000004,-0.007599,-0.140083,0.000028,1.570745,0.224409,1.000000,1.100000,0.000000,0.000000,-1.571000,0.167485,0.992017,0.051601,1.007379
35.234000,0.057539,0.007983,1.048383,0.306395,-0.000004,-0.007636,-0.141131,0.000027,1.570742,0.223154,1.000000,1.100000,0.000000,0.000000,-1.571000,0.165615,0.992017,0.051617,1.007070
35.236000,0.058147,0.007983,1.048368,0.303049,-0.000003,-0.007673,-0.142145,0.000027,1.570739,0.221889,1.000000,1.100000,0.000000,0.000000,-1.571000,0.163742,0.992017,0.051632,1.006765
35.238000,0.058749,0.007983,1.048353,0.299688,-0.000002,-0.007710,-0.143125,0.000027,1.570736,0.220616,1.000000,1.100000,0.000000,0.000000,-1.571000,0.161868,0.992017,0.051647,1.006462
35.240000,0.059344,0.007983,1.048337,0.296315,-0.000001,-0.007747,-0.144073,0.000026,1.570734,0.219335,1.000000,1.100000,0.000000,0.000000,-1.571000,0.159991,0.992017,0.051663,1.006163
35.242000,0.059932,0.007983,1.048321,0.292929,-0.000001,-0.007785,-0.144990,0.000026,1.570731,0.218044,1.000000,1.100000,0.000000,0.000000,-1.571000,0.158112,0.992017,0.051679,1.005867
35.244000,0.060513,0.007983,1.048306,0.289532,-0.000000,-0.007823,-0.145877,0.000025,1.570729,0.216745,1.000000,1.100000,0.000000,0.000000,-1.571000,0.156232,0.992017,0.051694,1.005574
35.246000,0.061088,0.007983,1.048290,0.286123,0.000001,-0.007862,-0.146735,0.000025,1.570728,0.215438,1.000000,1.100000,0.000000,0.000000,-1.571000,0.154350,0.992017,0.051710,1.005284
35.248000,0.061655,0.007983,1.048274,0.282704,0.000001,-0.007902,-0.147566,0.000024,1.570726,0.214122,1.000000,1.100000,0.000000,0.000000,-1.571000,0.152466,0.992017,0.051726,1.004997
35.250000,0.062216,0.007983,1.048258,0.279275,0.000002,-0.007943,-0.148370,0.000024,1.570725,0.212797,1.000000,1.100000,0.000000,0.000000,-1.571000,0.150581,0.992017,0.051742,1.004714
35.252000,0.062770,0.007983,1.048242,0.275837,0.000003,-0.007984,-0.149149,0.000023,1.570724,0.211465,1.000000,1.100000,0.000000,0.000000,-1.571000,0.148694,0.992017,0.051758,1.004433
35.254000,0.063317,0.007983,1.048226,0.272389,0.000003,-0.008027,-0.149903,0.000022,1.570724,0.210123,1.000000,1.100000,0.000000,0.000000,-1.571000,0.146806,0.992017,0.051774,1.004156
35.256000,0.063857,0.007983,1.048210,0.268934,0.000004,-0.008070,-0.150634,0.000022,1.570723,0.208774,1.000000,1.100000,0.000000,0.000000,-1.571000,0.144916,0.992017,0.051790,1.003883
35.258000,0.064391,0.007983,1.048194,0.265470,0.000005,-0.008114,-0.151342,0.000021,1.570723,0.207416,1.000000,1.100000,0.000000,0.000000,-1.571000,0.143025,0.992017,0.051806,1.003612
35.260000,0.064917,0.007983,1.048178,0.261999,0.000005,-0.008159,-0.152028,0.000020,1.570723,0.206050,1.000000,1.100000,0.000000,0.000000,-1.571000,0.141133,0.992017,0.051822,1.003345
35.262000,0.065436,0.007983,1.048161,0.258520,0.000006,-0.008205,-0.152693,0.000020,1.570723,0.204676,1.000000,1.100000,0.000000,0.000000,-1.571000,0.139240,0.992017,0.051839,1.003082
35.264000,0.065948,0.007983,1.048145,0.255036,0.000006,-0.008252,-0.153338,0.000019,1.570724,0.203294,1.000000,1.100000,0.000000,0.000000,-1.571000,0.137345,0.992017,0.051855,1.002821
35.266000,0.066454,0.007983,1.048128,0.251545,0.000007,-0.008300,-0.153964,0.000018,1.570725,0.201904,1.000000,1.100000,0.000000,0.000000,-1.571000,0.135450,0.992017,0.051872,1.002564
35.268000,0.066952,0.007983,1.048112,0.248048,0.000007,-0.008349,-0.154572,0.000018,1.570726,0.200506,1.000000,1.100000,0.000000,0.000000,-1.571000,0.133553,0.992017,0.051888,1.002311
35.270000,0.067444,0.007983,1.048095,0.244546,0.000008,-0.008398,-0.155162,0.000017,1.570727,0.199100,1.000000,1.100000,0.000000,0.000000,-1.571000,0.131656,0.992017,0.051905,1.002060
35.272000,0.067928,0.007983,1.048078,0.241039,0.000009,-0.008449,-0.155734,0.000016,1.570728,0.197686,1.000000,1.100000,0.000000,0.000000,-1.571000,0.129758,0.992017,0.051922,1.001814
35.274000,0.068405,0.007983,1.048061,0.237527,0.000009,-0.008501,-0.156291,0.000015,1.570730,0.196264,1.000000,1.100000,0.000000,0.000000,-1.571000,0.127859,0.992017,0.051939,1.001570
35.276000,0.068875,0.007983,1.048044,0.234011,0.000010,-0.008555,-0.156832,0.000014,1.570731,0.194834,1.000000,1.100000,0.000000,0.000000,-1.571000,0.125959,0.992017,0.051956,1.001330
35.278000,0.069339,0.007983,1.048027,0.230491,0.000010,-0.008609,-0.157357,0.000014,1.570733,0.193397,1.000000,1.100000,0.000000,0.000000,-1.571000,0.124059,0.992017,0.051973,1.001094
35.280000,0.069795,0.007983,1.048009,0.226967,0.000010,-0.008664,-0.157869,0.000013,1.570735,0.191952,1.000000,1.100000,0.000000,0.000000,-1.571000,0.122158,0.992017,0.051991,1.000861
35.282000,0.070244,0.007983,1.047992,0.223439,0.000011,-0.008716,-0.158366,0.000012,1.570737,0.190500,1.000000,1.100000,0.000000,0.000000,-1.571000,0.120256,0.992017,0.052008,1.000632
35.284000,0.070686,0.007983,1.047974,0.219906,0.000011,-0.008762,-0.158851,0.000011,1.570739,0.189040,1.000000,1.100000,0.000000,0.000000,-1.571000,0.118354,0.992017,0.052026,1.000406
35.286000,0.071121,0.007983,1.047957,0.216370,0.000012,-0.008802,-0.159322,0.000010,1.570741,0.187573,1.000000,1.100000,0.000000,0.000000,-1.571000,0.116452,0.992017,0.052043,1.000183
35.288000,0.071549,0.007983,1.047939,0.212830,0.000012,-0.008837,-0.159781,0.000009,1.570743,0.186098,1.000000,1.100000,0.000000,0.000000,-1.571000,0.114549,0.992017,0.052061,0.999965
35.290000,0.071969,0.007983,1.047921,0.209287,0.000012,-0.008867,-0.160229,0.000008,1.570746,0.184616,1.000000,1.100000,0.000000,0.000000,-1.571000,0.112647,0.992017,0.052079,0.999749
35.292000,0.072383,0.007983,1.047904,0.205740,0.000013,-0.008893,-0.160665,0.000007,1.570748,0.183127,1.000000,1.100000,0.000000,0.000000,-1.571000,0.110743,0.992017,0.052096,0.999537
35.294000,0.072790,0.007983,1.047886,0.202191,0.000013,-0.008916,-0.161090,0.000006,1.570750,0.181630,1.000000,1.100000,0.000000,0.000000,-1.571000,0.108840,0.992017,0.052114,0.999329
35.296000,0.073189,0.007983,1.047868,0.198640,0.000013,-0.008935,-0.161504,0.000005,1.570753,0.180126,1.000000,1.100000,0.000000,0.000000,-1.571000,0.106937,0.992017,0.052132,0.999125
35.298000,0.073581,0.007983,1.047850,0.195087,0.000013,-0.008952,-0.161908,0.000004,1.570755,0.178615,1.000000,1.100000,0.000000,0.000000,-1.571000,0.105034,0.992017,0.052150,0.998924
35.300000,0.073967,0.007983,1.047832,0.191531,0.000013,-0.008966,-0.162303,0.000004,1.570758,0.177097,1.000000,1.100000,0.000000,0.000000,-1.571000,0.103131,0.992017,0.052168,0.998726
35.302000,0.074345,0.007983,1.047814,0.187974,0.000014,-0.008978,-0.162687,0.000003,1.570760,0.175572,1.000000,1.100000,0.000000,0.000000,-1.571000,0.101227,0.992017,0.052186,0.998533
35.304000,0.074716,0.007983,1.047796,0.184416,0.000014,-0.008988,-0.163063,0.000002,1.570762,0.174040,1.000000,1.100000,0.000000,0.000000,-1.571000,0.099325,0.992017,0.052204,0.998342
35.306000,0.075080,0.007984,1.047778,0.180856,0.000014,-0.008997,-0.163430,0.000001,1.570765,0.172502,1.000000,1.100000,0.000000,0.000000,-1.571000,0.097422,0.992016,0.052222,0.998156
35.308000,0.075436,0.007984,1.047760,0.177296,0.000014,-0.009005,-0.163787,0.000000,1.570767,0.170956,1.000000,1.100000,0.000000,0.000000,-1.571000,0.095520,0.992016,0.052240,0.997973
35.310000,0.075786,0.007984,1.047742,0.173735,0.000014,-0.009011,-0.164137,-0.000000,1.570769,0.169404,1.000000,1.100000,0.000000,0.000000,-1.571000,0.093618,0.992016,0.052258,0.997793
35.312000,0.076128,0.007984,1.047724,0.170173,0.000014,-0.009016,-0.164478,-0.000001,1.570772,0.167845,1.000000,1.100000,0.000000,0.000000,-1.571000,0.091716,0.992016,0.052276,0.997618
35.314000,0.076464,0.007984,1.047706,0.166611,0.000014,-0.009021,-0.164811,-0.000002,1.570774,0.166279,1.000000,1.100000,0.000000,0.000000,-1.571000,0.089815,0.992016,0.052294,0.997446
35.316000,0.076792,0.007984,1.047688,0.163049,0.000014,-0.009025,-0.165136,-0.000003,1.570776,0.164707,1.000000,1.100000,0.000000,0.000000,-1.571000,0.087915,0.992016,0.052312,0.997277
35.318000,0.077113,0.007984,1.047670,0.159487,0.000014,-0.009029,-0.165453,-0.000003,1.570778,0.163128,1.000000,1.100000,0.000000,0.000000,-1.571000,0.086015,0.992016,0.052330,0.997113
35.320000,0.077427,0.007984,1.047652,0.155925,0.000014,-0.009032,-0.165763,-0.000004,1.570780,0.161543,1.000000,1.100000,0.000000,0.000000,-1.571000,0.084116,0.992016,0.052348,0.996951
35.322000,0.077734,0.007984,1.047634,0.152364,0.000014,-0.009035,-0.166066,-0.000005,1.570782,0.159951,1.000000,1.100000,0.000000,0.000000,-1.571000,0.082218,0.992016,0.052366,0.996794
35.324000,0.078033,0.007984,1.047615,0.148803,0.000014,-0.009038,-0.166361,-0.000005,1.570784,0.158354,1.000000,1.100000,0.000000,0.000000,-1.571000,0.080320,0.992016,0.052385,0.996640
35.326000,0.078326,0.007984,1.047597,0.145242,0.000014,-0.009041,-0.166649,-0.000006,1.570786,0.156750,1.000000,1.100000,0.000000,0.000000,-1.571000,0.078424,0.992016,0.052403,0.996490
35.328000,0.078611,0.007984,1.047579,0.141683,0.000014,-0.009043,-0.166930,-0.000006,1.570788,0.155139,1.000000,1.100000,0.000000,0.000000,-1.571000,0.076528,0.992016,0.052421,0.996344
35.330000,0.078890,0.007984,1.047561,0.138124,0.000014,-0.009046,-0.167204,-0.000007,1.570790,0.153523,1.000000,1.100000,0.000000,0.000000,-1.571000,0.074633,0.992016,0.052439,0.996201
35.332000,0.079161,0.007984,1.047543,0.134567,0.000013,-0.009049,-0.167472,-0.000007,1.570792,0.151900,1.000000,1.100000,0.000000,0.000000,-1.571000,0.072740,0.992016,0.052457,0.996062
35.334000,0.079425,0.007984,1.047525,0.131011,0.000013,-0.009052,-0.167732,-0.000008,1.570793,0.150272,1.000000,1.100000,0.000000,0.000000,-1.571000,0.070847,0.992016,0.052475,0.995926
35.336000,0.079682,0.007984,1.047507,0.127456,0.000013,-0.009056,-0.167987,-0.000008,1.570795,0.148638,1.000000,1.100000,0.000000,0.000000,-1.571000,0.068956,0.992016,0.052493,0.995794
35.338000,0.079932,0.007984,1.047489,0.123903,0.000013,-0.009059,-0.168234,-0.000009,1.570796,0.146997,1.000000,1.100000,0.000000,0.000000,-1.571000,0.067066,0.992016,0.052511,0.995666
35.340000,0.080175,0.007984,1.047470,0.120352,0.000013,-0.009063,-0.168475,-0.000009,1.570798,0.145351,1.000000,1.100000,0.000000,0.000000,-1.571000,0.065177,0.992016,0.052530,0.995542
35.342000,0.080410,0.007984,1.047452,0.116802,0.000013,-0.009068,-0.168710,-0.000009,1.570799,0.143699,1.000000,1.100000,0.000000,0.000000,-1.571000,0.063289,0.992016,0.052548,0.995421
35.344000,0.080639,0.007984,1.047434,0.113255,0.000012,-0.009072,-0.168938,-0.000009,1.570801,0.142042,1.000000,1.100000,0.000000,0.000000,-1.571000,0.061403,0.992016,0.052566,0.995304
35.346000,0.080860,0.007984,1.047416,0.109709,0.000012,-0.009077,-0.169160,-0.000010,1.570802,0.140379,1.000000,1.100000,0.000000,0.000000,-1.571000,0.059519,0.992016,0.052584,0.995190
35.348000,0.081074,0.007984,1.047398,0.106166,0.000012,-0.009082,-0.169376,-0.000010,1.570803,0.138710,1.000000,1.100000,0.000000,0.000000,-1.571000,0.057636,0.992016,0.052602,0.995080
35.350000,0.081282,0.007984,1.047380,0.102625,0.000012,-0.009088,-0.169586,-0.000010,1.570805,0.137036,1.000000,1.100000,0.000000,0.000000,-1.571000,0.055755,0.992016,0.052620,0.994974
35.352000,0.081482,0.007984,1.047361,0.099086,0.000011,-0.009094,-0.169789,-0.000010,1.570806,0.135357,1.000000,1.100000,0.000000,0.000000,-1.571000,0.053875,0.992016,0.052639,0.994871
35.354000,0.081675,0.007984,1.047343,0.095550,0.000011,-0.009101,-0.169987,-0.000010,1.570807,0.133672,1.000000,1.100000,0.000000,0.000000,-1.571000,0.051997,0.992016,0.052657,0.994772
35.356000,0.081861,0.007984,1.047325,0.092017,0.000011,-0.009108,-0.170179,-0.000010,1.570808,0.131982,1.000000,1.100000,0.000000,0.000000,-1.571000,0.050121,0.992016,0.052675,0.994677
35.358000,0.082040,0.007984,1.047307,0.088486,0.000011,-0.009115,-0.170364,-0.000010,1.570809,0.130286,1.000000,1.100000,0.000000,0.000000,-1.571000,0.048247,0.992016,0.052693,0.994585
35.360000,0.082212,0.007984,1.047288,0.084959,0.000010,-0.009123,-0.170544,-0.000010,1.570810,0.128586,1.000000,1.100000,0.000000,0.000000,-1.571000,0.046374,0.992016,0.052712,0.994497
35.362000,0.082376,0.007984,1.047270,0.081434,0.000010,-0.009128,-0.170718,-0.000010,1.570811,0.126880,1.000000,1.100000,0.000000,0.000000,-1.571000,0.044504,0.992016,0.052730,0.994413
35.364000,0.082534,0.007984,1.047252,0.077911,0.000010,-0.009128,-0.170887,-0.000010,1.570812,0.125170,1.000000,1.100000,0.000000,0.000000,-1.571000,0.042636,0.992016,0.052748,0.994332
35.366000,0.082685,0.007984,1.047234,0.074390,0.000010,-0.009123,-0.171050,-0.000010,1.570812,0.123454,1.000000,1.100000,0.000000,0.000000,-1.571000,0.040770,0.992016,0.052766,0.994254
35.368000,0.082828,0.007984,1.047215,0.070872,0.000009,-0.009113,-0.171207,-0.000010,1.570813,0.121734,1.000000,1.100000,0.000000,0.000000,-1.571000,0.038906,0.992016,0.052785,0.994181
35.370000,0.082965,0.007984,1.047197,0.067357,0.000009,-0.009100,-0.171359,-0.000009,1.570814,0.120009,1.000000,1.100000,0.000000,0.000000,-1.571000,0.037044,0.992016,0.052803,0.994110
35.372000,0.083095,0.007984,1.047179,0.063844,0.000009,-0.009083,-0.171505,-0.000009,1.570815,0.118279,1.000000,1.100000,0.000000,0.000000,-1.571000,0.035184,0.992016,0.052821,0.994044
35.374000,0.083217,0.007984,1.047161,0.060334,0.000009,-0.009063,-0.171646,-0.000009,1.570815,0.116544,1.000000,1.100000,0.000000,0.000000,-1.571000,0.033327,0.992016,0.052839,0.993981
35.376000,0.083333,0.007984,1.047143,0.056828,0.000008,-0.009040,-0.171782,-0.000009,1.570816,0.114805,1.000000,1.100000,0.000000,0.000000,-1.571000,0.031472,0.992016,0.052857,0.993921
35.378000,0.083441,0.007984,1.047125,0.053325,0.000008,-0.009015,-0.171913,-0.000008,1.570817,0.113061,1.000000,1.100000,0.000000,0.000000,-1.571000,0.029620,0.992016,0.052875,0.993865
35.380000,0.083543,0.007984,1.047107,0.049826,0.000008,-0.008988,-0.172038,-0.000008,1.570817,0.111313,1.000000,1.100000,0.000000,0.000000,-1.571000,0.027770,0.992016,0.052893,0.993813
35.382000,0.083637,0.007984,1.047089,0.046330,0.000008,-0.008958,-0.172159,-0.000007,1.570818,0.109561,1.000000,1.100000,0.000000,0.000000,-1.571000,0.025923,0.992016,0.052911,0.993764
35.384000,0.083725,0.007984,1.047071,0.042838,0.000007,-0.008927,-0.172275,-0.000007,1.570818,0.107804,1.000000,1.100000,0.000000,0.000000,-1.571000,0.024079,0.992016,0.052929,0.993718
35.386000,0.083805,0.007984,1.047053,0.039350,0.000007,-0.008894,-0.172386,-0.000006,1.570819,0.106042,1.000000,1.100000,0.000000,0.000000,-1.571000,0.022237,0.992016,0.052947,0.993676
35.388000,0.083879,0.007984,1.047035,0.035865,0.000007,-0.008860,-0.172492,-0.000006,1.570819,0.104277,1.000000,1.100000,0.000000,0.000000,-1.571000,0.020398,0.992016,0.052965,0.993638
35.390000,0.083945,0.007984,1.047018,0.032385,0.000007,-0.008824,-0.172593,-0.000005,1.570820,0.102508,1.000000,1.100000,0.000000,0.000000,-1.571000,0.018562,0.992016,0.052982,0.993603
35.392000,0.084005,0.007984,1.047000,0.028909,0.000007,-0.008788,-0.172690,-0.000004,1.570820,0.100734,1.000000,1.100000,0.000000,0.000000,-1.571000,0.016729,0.992016,0.053000,0.993571
35.394000,0.084058,0.007984,1.046982,0.025438,0.000006,-0.008750,-0.172783,-0.000004,1.570821,0.098957,1.000000,1.100000,0.000000,0.000000,-1.571000,0.014899,0.992016,0.053018,0.993543
35.396000,0.084103,0.007985,1.046965,0.021971,0.000006,-0.008712,-0.172871,-0.000003,1.570821,0.097175,1.000000,1.100000,0.000000,0.000000,-1.571000,0.013072,0.992015,0.053035,0.993518
35.398000,0.084142,0.007985,1.046948,0.018508,0.000006,-0.008673,-0.172955,-0.000002,1.570821,0.095390,1.000000,1.100000,0.000000,0.000000,-1.571000,0.011248,0.992015,0.053052,0.993497
35.400000,0.084174,0.007985,1.046930,0.015050,0.000006,-0.008633,-0.173034,-0.000002,1.570822,0.093601,1.000000,1.100000,0.000000,0.000000,-1.571000,0.009427,0.992015,0.053070,0.993479
35.402000,0.084199,0.007985,1.046913,0.011597,0.000006,-0.008592,-0.173110,-0.000001,1.570822,0.091808,1.000000,1.100000,0.000000,0.000000,-1.571000,0.007609,0.992015,0.053087,0.993464
35.404000,0.084217,0.007985,1.046896,0.008148,0.000006,-0.008551,-0.173182,-0.000000,1.570822,0.090012,1.000000,1.100000,0.000000,0.000000,-1.571000,0.005795,0.992015,0.053104,0.993453
35.406000,0.084228,0.007985,1.046879,0.004709,0.000006,-0.008518,-0.173250,0.000000,1.570822,0.088212,1.000000,1.100000,0.000000,0.000000,-1.571000,0.003984,0.992015,0.053121,0.993445
35.408000,0.084232,0.007985,1.046862,0.001274,0.000005,-0.008492,-0.173314,0.000001,1.570823,0.086409,1.000000,1.100000,0.000000,0.000000,-1.571000,0.002176,0.992015,0.053138,0.993440
35.410000,0.084230,0.007985,1.046845,-0.002162,0.000005,-0.008466,-0.173375,0.000002,1.570823,0.084602,1.000000,1.100000,0.000000,0.000000,-1.571000,0.000372,0.992015,0.053155,0.993439
35.412000,0.084220,0.007985,1.046828,-0.005594,0.000005,-0.008431,-0.173432,0.000003,1.570823,0.082792,1.000000,1.100000,0.000000,0.000000,-1.571000,-0.001428,0.992015,0.053172,0.993440
35.414000,0.084204,0.007985,1.046811,-0.009017,0.000005,-0.008388,-0.173486,0.000003,1.570823,0.080978,1.000000,1.100000,0.000000,0.000000,-1.571000,-0.003225,0.992015,0.053189,0.993446
35.416000,0.084181,0.007985,1.046794,-0.012435,0.000005,-0.008345,-0.173536,0.000004,1.570824,0.079162,1.000000,1.100000,0.000000,0.000000,-1.571000,-0.005019,0.992015,0.053206,0.993454
35.418000,0.084151,0.007985,1.046778,-0.015848,0.000005,-0.008302,-0.173584,0.000004,1.570824,0.077342,1.000000,1.100000,0.000000,0.000000,-1.571000,-0.006809,0.992015,0.053222,0.993465
35.420000,0.084114,0.007985,1.046761,-0.019256,0.000005,-0.008259,-0.173628,0.000005,1.570824,0.075519,1.000000,1.100000,0.000000,0.000000,-1.571000,-0.008594,0.992015,0.053239,0.993480
35.422000,0.084070,0.007985,1.046745,-0.022658,0.000005,-0.008214,-0.173670,0.000006,1.570824,0.073694,1.000000,1.100000,0.000000,0.000000,-1.571000,-0.010377,0.992015,0.053255,0.993498
35.424000,0.084020,0.007985,1.046728,-0.026056,0.000005,-0.008166,-0.173709,0.000006,1.570824,0.071865,1.000000,1.100000,0.000000,0.000000,-1.571000,-0.012155,0.992015,0.053272,0.993519
35.426000,0.083963,0.007985,1.046712,-0.029448,0.000005,-0.008115,-0.173745,0.000007,1.570824,0.070034,1.000000,1.100000,0.000000,0.000000,-1.571000,-0.013929,0.992015,0.053288,0.993543
35.428000,0.083898,0.007985,1.046696,-0.032835,0.000005,-0.008062,-0.173779,0.000007,1.570825,0.068199,1.000000,1.100000,0.000000,0.000000,-1.571000,-0.015699,0.992015,0.053304,0.993570
35.430000,0.083828,0.007985,1.046680,-0.036218,0.000005,-0.008007,-0.173810,0.000008,1.570825,0.066362,1.000000,1.100000,0.000000,0.000000,-1.571000,-0.017465,0.992015,0.053320,0.993601
35.432000,0.083750,0.007985,1.046664,-0.039594,0.000005,-0.007950,-0.173839,0.000008,1.570825,0.064523,1.000000,1.100000,0.000000,0.000000,-1.571000,-0.019227,0.992015,0.053336,0.993634
35.434000,0.083666,0.007985,1.046648,-0.042966,0.000005,-0.007891,-0.173866,0.000009,1.570825,0.062681,1.000000,1.100000,0.000000,0.000000,-1.571000,-0.020985,0.992015,0.053352,0.993671
35.436000,0.083575,0.007985,1.046632,-0.046332,0.000005,-0.007831,-0.173891,0.000009,1.570825,0.060836,1.000000,1.100000,0.000000,0.000000,-1.571000,-0.022738,0.992015,0.053368,0.993710
35.438000,0.083477,0.007985,1.046617,-0.049692,0.000006,-0.007769,-0.173914,0.000009,1.570825,0.058989,1.000000,1.100000,0.000000,0.000000,-1.571000,-0.024488,0.992015,0.053383,0.993752
35.440000,0.083372,0.007985,1.046601,-0.053047,0.000006,-0.007705,-0.173935,0.000010,1.570825,0.057140,1.000000,1.100000,0.000000,0.000000,-1.571000,-0.026232,0.992015,0.053399,0.993798
35.442000,0.083261,0.007985,1.046586,-0.056397,0.000006,-0.007641,-0.173955,0.000010,1.570825,0.055288,1.000000,1.100000,0.000000,0.000000,-1.571000,-0.027973,0.992015,0.053414,0.993846
35.444000,0.083143,0.007985,1.046571,-0.059741,0.000006,-0.007576,-0.173972,0.000010,1.570825,0.053435,1.000000,1.100000,0.000000,0.000000,-1.571000,-0.029709,0.992015,0.053429,0.993897
35.446000,0.083019,0.007985,1.046556,-0.063079,0.000006,-0.007510,-0.173989,0.000010,1.570825,0.051579,1.000000,1.100000,0.000000,0.000000,-1.571000,-0.031440,0.992015,0.053444,0.993951
35.448000,0.082887,0.007985,1.046541,-0.066411,0.000006,-0.007442,-0.174004,0.000011,1.570826,0.049721,1.000000,1.100000,0.000000,0.000000,-1.571000,-0.033166,0.992015,0.053459,0.994008
35.450000,0.082749,0.007985,1.046526,-0.069738,0.000006,-0.007375,-0.174017,0.000011,1.570826,0.047861,1.000000,1.100000,0.000000,0.000000,-1.571000,-0.034888,0.992015,0.053474,0.994068
35.452000,0.082605,0.007985,1.046511,-0.073059,0.000006,-0.007306,-0.174030,0.000011,1.570826,0.045999,1.000000,1.100000,0.000000,0.000000,-1.571000,-0.036605,0.992015,0.053489,0.994130
35.454000,0.082453,0.007985,1.046497,-0.076374,0.000006,-0.007237,-0.174041,0.000011,1.570826,0.044136,1.000000,1.100000,0.000000,0.000000,-1.571000,-0.038318,0.992015,0.053503,0.994196
35.456000,0.082296,0.007985,1.046483,-0.079684,0.000006,-0.007168,-0.174051,0.000011,1.570826,0.042270,1.000000,1.100000,0.000000,0.000000,-1.571000,-0.040025,0.992015,0.053517,0.994264
35.458000,0.082131,0.007985,1.046468,-0.082987,0.000006,-0.007098,-0.174060,0.000011,1.570826,0.040403,1.000000,1.100000,0.000000,0.000000,-1.571000,-0.041728,0.992015,0.053532,0.994334
35.460000,0.081960,0.007985,1.046454,-0.086285,0.000007,-0.007027,-0.174069,0.000011,1.570826,0.038535,1.000000,1.100000,0.000000,0.000000,-1.571000,-0.043425,0.992015,0.053546,0.994408
35.462000,0.081782,0.007985,1.046440,-0.089577,0.000007,-0.006956,-0.174076,0.000011,1.570826,0.036665,1.000000,1.100000,0.000000,0.000000,-1.571000,-0.045118,0.992015,0.053560,0.994484
35.464000,0.081598,0.007985,1.046426,-0.092863,0.000007,-0.006885,-0.174083,0.000011,1.570826,0.034793,1.000000,1.100000,0.000000,0.000000,-1.571000,-0.046805,0.992015,0.053574,0.994563
35.466000,0.081407,0.007985,1.046413,-0.096143,0.000007,-0.006814,-0.174089,0.000010,1.570826,0.032920,1.000000,1.100000,0.000000,0.000000,-1.571000,-0.048487,0.992015,0.053587,0.994644
35.468000,0.081210,0.007985,1.046399,-0.099417,0.000007,-0.006743,-0.174095,0.000010,1.570826,0.031046,1.000000,1.100000,0.000000,0.000000,-1.571000,-0.050164,0.992015,0.053601,0.994728
35.470000,0.081006,0.007985,1.046386,-0.102685,0.000007,-0.006671,-0.174100,0.000010,1.570826,0.029171,1.000000,1.100000,0.000000,0.000000,-1.571000,-0.051835,0.992015,0.053614,0.994814
35.472000,0.080795,0.007985,1.046373,-0.105947,0.000007,-0.006599,-0.174104,0.000010,1.570826,0.027294,1.000000,1.100000,0.000000,0.000000,-1.571000,-0.053501,0.992015,0.053627,0.994903
35.474000,0.080578,0.007985,1.046359,-0.109204,0.000007,-0.006527,-0.174108,0.000010,1.570826,0.025416,1.000000,1.100000,0.000000,0.000000,-1.571000,-0.055162,0.992015,0.053641,0.994994
35.476000,0.080355,0.007985,1.046346,-0.112454,0.000007,-0.006455,-0.174112,0.000009,1.570826,0.023538,1.000000,1.100000,0.000000,0.000000,-1.571000,-0.056817,0.992015,0.053654,0.995088
35.478000,0.080125,0.007985,1.046334,-0.115699,0.000007,-0.006383,-0.174115,0.000009,1.570826,0.021658,1.000000,1.100000,0.000000,0.000000,-1.571000,-0.058467,0.992015,0.053666,0.995185
35.480000,0.079888,0.007985,1.046321,-0.118937,0.000007,-0.006311,-0.174118,0.000009,1.570826,0.019778,1.000000,1.100000,0.000000,0.000000,-1.571000,-0.060111,0.992015,0.053679,0.995283
35.482000,0.079645,0.007985,1.046308,-0.122170,0.000007,-0.006239,-0.174121,0.000009,1.570826,0.017896,1.000000,1.100000,0.000000,0.000000,-1.571000,-0.061749,0.992015,0.053692,0.995384
35.484000,0.079396,0.007985,1.046296,-0.125397,0.000008,-0.006169,-0.174123,0.000009,1.570826,0.016015,1.000000,1.100000,0.000000,0.000000,-1.571000,-0.063382,0.992015,0.053704,0.995487
35.486000,0.079140,0.007985,1.046284,-0.128617,0.000008,-0.006100,-0.174125,0.000008,1.570826,0.014132,1.000000,1.100000,0.000000,0.000000,-1.571000,-0.065008,0.992015,0.053716,0.995593
35.488000,0.078878,0.007985,1.046272,-0.131831,0.000008,-0.006032,-0.174127,0.000008,1.570826,0.012249,1.000000,1.100000,0.000000,0.000000,-1.571000,-0.066629,0.992015,0.053728,0.995701
35.490000,0.078609,0.007985,1.046260,-0.135040,0.000008,-0.005965,-0.174129,0.000008,1.570826,0.010365,1.000000,1.100000,0.000000,0.000000,-1.571000,-0.068244,0.992015,0.053740,0.995811
35.492000,0.078334,0.007985,1.046248,-0.138242,0.000008,-0.005898,-0.174131,0.000008,1.570826,0.008481,1.000000,1.100000,0.000000,0.000000,-1.571000,-0.069853,0.992015,0.053752,0.995923
35.494000,0.078052,0.007985,1.046236,-0.141438,0.000008,-0.005833,-0.174133,0.000008,1.570826,0.006597,1.000000,1.100000,0.000000,0.000000,-1.571000,-0.071456,0.992015,0.053764,0.996037
35.496000,0.077764,0.007985,1.046225,-0.144628,0.000008,-0.005768,-0.174134,0.000008,1.570826,0.004712,1.000000,1.100000,0.000000,0.000000,-1.571000,-0.073052,0.992015,0.053775,0.996154
35.498000,0.077470,0.007985,1.046213,-0.147812,0.000008,-0.005705,-0.174136,0.000008,1.570826,0.002827,1.000000,1.100000,0.000000,0.000000,-1.571000,-0.074643,0.992015,0.053787,0.996272
35.500000,0.077169,0.007985,1.046202,-0.150990,0.000008,-0.005641,-0.174137,0.000008,1.570826,0.000942,1.000000,1.100000,0.000000,0.000000,-1.571000,-0.076227,0.992015,0.053798,0.996393
35.502000,0.076862,0.007985,1.046191,-0.154163,0.000008,-0.005579,-0.174139,0.000008,1.570825,-0.000942,1.000000,1.100000,0.000000,0.000000,-1.571000,-0.077805,0.992015,0.053809,0.996515
35.504000,0.076549,0.007985,1.046180,-0.157329,0.000008,-0.005517,-0.174140,0.000008,1.570825,-0.002827,1.000000,1.100000,0.000000,0.000000,-1.571000,-0.079376,0.992015,0.053820,0.996640
35.506000,0.076229,0.007985,1.046169,-0.160489,0.000008,-0.005455,-0.174142,0.000008,1.570825,-0.004712,1.000000,1.100000,0.000000,0.000000,-1.571000,-0.080941,0.992015,0.053831,0.996766
35.508000,0.075903,0.007985,1.046158,-0.163644,0.000008,-0.005394,-0.174143,0.000008,1.570825,-0.006597,1.000000,1.100000,0.000000,0.000000,-1.571000,-0.082500,0.992015,0.053842,0.996894
35.510000,0.075571,0.007985,1.046147,-0.166792,0.000008,-0.005333,-0.174145,0.000008,1.570825,-0.008481,1.000000,1.100000,0.000000,0.000000,-1.571000,-0.084052,0.992015,0.053853,0.997025
35.512000,0.075232,0.007985,1.046136,-0.169935,0.000008,-0.005273,-0.174147,0.000008,1.570825,-0.010365,1.000000,1.100000,0.000000,0.000000,-1.571000,-0.085597,0.992015,0.053864,0.997157
35.514000,0.074887,0.007985,1.046126,-0.173072,0.000008,-0.005213,-0.174148,0.000008,1.570825,-0.012249,1.000000,1.100000,0.000000,0.000000,-1.571000,-0.087136,0.992015,0.053874,0.997290
35.516000,0.074536,0.007985,1.046116,-0.176203,0.000008,-0.005154,-0.174150,0.000008,1.570825,-0.014132,1.000000,1.100000,0.000000,0.000000,-1.571000,-0.088668,0.992015,0.053884,0.997426
35.518000,0.074179,0.007985,1.046105,-0.179329,0.000008,-0.005095,-0.174152,0.000008,1.570825,-0.016015,1.000000,1.100000,0.000000,0.000000,-1.571000,-0.090193,0.992015,0.053895,0.997563
35.520000,0.073815,0.007985,1.046095,-0.182448,0.000008,-0.005036,-0.174154,0.000008,1.570825,-0.017896,1.000000,1.100000,0.000000,0.000000,-1.571000,-0.091711,0.992015,0.053905,0.997702
35.522000,0.073445,0.007985,1.046085,-0.185562,0.000008,-0.004977,-0.174156,0.000008,1.570825,-0.019778,1.000000,1.100000,0.000000,0.000000,-1.571000,-0.093223,0.992015,0.053915,0.997843
35.524000,0.073069,0.007985,1.046075,-0.188670,0.000008,-0.004919,-0.174158,0.000008,1.570825,-0.021658,1.000000,1.100000,0.000000,0.000000,-1.571000,-0.094727,0.992015,0.053925,0.997985
35.526000,0.072686,0.007985,1.046066,-0.191772,0.000008,-0.004861,-0.174161,0.000008,1.570824,-0.023538,1.000000,1.100000,0.000000,0.000000,-1.571000,-0.096224,0.992015,0.053934,0.998129
35.528000,0.072298,0.007985,1.046056,-0.194869,0.000009,-0.004803,-0.174163,0.000008,1.570824,-0.025416,1.000000,1.100000,0.000000,0.000000,-1.571000,-0.097714,0.992015,0.053944,0.998274
35.530000,0.071903,0.007985,1.046047,-0.197959,0.000009,-0.004746,-0.174165,0.000008,1.570824,-0.027294,1.000000,1.100000,0.000000,0.000000,-1.571000,-0.099197,0.992015,0.053953,0.998421
35.532000,0.071502,0.007985,1.046037,-0.201045,0.000009,-0.004688,-0.174168,0.000008,1.570824,-0.029171,1.000000,1.100000,0.000000,0.000000,-1.571000,-0.100673,0.992015,0.053963,0.998569
35.534000,0.071095,0.007985,1.046028,-0.204124,0.000009,-0.004631,-0.174171,0.000008,1.570824,-0.031046,1.000000,1.100000,0.000000,0.000000,-1.571000,-0.102141,0.992015,0.053972,0.998719
35.536000,0.070682,0.007985,1.046019,-0.207198,0.000009,-0.004574,-0.174173,0.000008,1.570824,-0.032920,1.000000,1.100000,0.000000,0.000000,-1.571000,-0.103602,0.992015,0.053981,0.998869
35.538000,0.070262,0.007985,1.046010,-0.210266,0.000009,-0.004518,-0.174176,0.000007,1.570824,-0.034793,1.000000,1.100000,0.000000,0.000000,-1.571000,-0.105056,0.992015,0.053990,0.999022
35.540000,0.069837,0.007986,1.046001,-0.213328,0.000009,-0.004461,-0.174179,0.000007,1.570824,-0.036665,1.000000,1.100000,0.000000,0.000000,-1.571000,-0.106502,0.992014,0.053999,0.999175
35.542000,0.069405,0.007986,1.045992,-0.216385,0.000009,-0.004405,-0.174182,0.000007,1.570824,-0.038535,1.000000,1.100000,0.000000,0.000000,-1.571000,-0.107940,0.992014,0.054008,0.999330
35.544000,0.068967,0.007986,1.045983,-0.219436,0.000009,-0.004349,-0.174185,0.000006,1.570824,-0.040403,1.000000,1.100000,0.000000,0.000000,-1.571000,-0.109371,0.992014,0.054017,0.999486
35.546000,0.068523,0.007986,1.045974,-0.222482,0.000009,-0.004293,-0.174188,0.000006,1.570824,-0.042270,1.000000,1.100000,0.000000,0.000000,-1.571000,-0.110794,0.992014,0.054026,0.999643
35.548000,0.068074,0.007986,1.045966,-0.225522,0.000009,-0.004237,-0.174191,0.000006,1.570824,-0.044136,1.000000,1.100000,0.000000,0.000000,-1.571000,-0.112209,0.992014,0.054034,0.999802
35.550000,0.067617,0.007986,1.045957,-0.228556,0.000009,-0.004181,-0.174194,0.000006,1.570824,-0.045999,1.000000,1.100000,0.000000,0.000000,-1.571000,-0.113617,0.992014,0.054043,0.999961
35.552000,0.067155,0.007986,1.045949,-0.231585,0.000009,-0.004126,-0.174197,0.000005,1.570824,-0.047861,1.000000,1.100000,0.000000,0.000000,-1.571000,-0.115016,0.992014,0.054051,1.000121
35.554000,0.066687,0.007986,1.045941,-0.234608,0.000009,-0.004070,-0.174200,0.000005,1.570824,-0.049721,1.000000,1.100000,0.000000,0.000000,-1.571000,-0.116408,0.992014,0.054059,1.000283
35.556000,0.066213,0.007986,1.045933,-0.237626,0.000009,-0.004015,-0.174203,0.000005,1.570824,-0.051579,1.000000,1.100000,0.000000,0.000000,-1.571000,-0.117792,0.992014,0.054067,1.000445
35.558000,0.065733,0.007986,1.045925,-0.240638,0.000009,-0.003960,-0.174206,0.000005,1.570824,-0.053435,1.000000,1.100000,0.000000,0.000000,-1.571000,-0.119167,0.992014,0.054075,1.000609
35.560000,0.065246,0.007986,1.045917,-0.243645,0.000009,-0.003905,-0.174209,0.000005,1.570824,-0.055288,1.000000,1.100000,0.000000,0.000000,-1.571000,-0.120535,0.992014,0.054083,1.000773
35.562000,0.064754,0.007986,1.045909,-0.246646,0.000009,-0.003852,-0.174212,0.000004,1.570824,-0.057140,1.000000,1.100000,0.000000,0.000000,-1.571000,-0.121894,0.992014,0.054091,1.000938
35.564000,0.064256,0.007986,1.045902,-0.249641,0.000009,-0.003802,-0.174216,0.000004,1.570823,-0.058989,1.000000,1.100000,0.000000,0.000000,-1.571000,-0.123245,0.992014,0.054098,1.001104
35.566000,0.063752,0.007986,1.045894,-0.252629,0.000009,-0.003754,-0.174219,0.000004,1.570823,-0.060836,1.000000,1.100000,0.000000,0.000000,-1.571000,-0.124588,0.992014,0.054106,1.001270
35.568000,0.063241,0.007986,1.045887,-0.255612,0.000009,-0.003709,-0.174222,0.000004,1.570823,-0.062681,1.000000,1.100000,0.000000,0.000000,-1.571000,-0.125922,0.992014,0.054113,1.001437
35.570000,0.062725,0.007986,1.045879,-0.258590,0.000009,-0.003667,-0.174225,0.000004,1.570823,-0.064523,1.000000,1.100000,0.000000,0.000000,-1.571000,-0.127248,0.992014,0.054121,1.001605
35.572000,0.062203,0.007986,1.045872,-0.261561,0.000009,-0.003626,-0.174228,0.000004,1.570822,-0.066362,1.000000,1.100000,0.000000,0.000000,-1.571000,-0.128565,0.992014,0.054128,1.001774
35.574000,0.061675,0.007986,1.045865,-0.264526,0.000009,-0.003587,-0.174232,0.000004,1.570822,-0.068199,1.000000,1.100000,0.000000,0.000000,-1.571000,-0.129874,0.992014,0.054135,1.001943
35.576000,0.061141,0.007986,1.045858,-0.267486,0.000009,-0.003550,-0.174235,0.000004,1.570822,-0.070034,1.000000,1.100000,0.000000,0.000000,-1.571000,-0.131174,0.992014,0.054142,1.002113
35.578000,0.060601,0.007986,1.045851,-0.270441,0.000009,-0.003515,-0.174238,0.000004,1.570822,-0.071865,1.000000,1.100000,0.000000,0.000000,-1.571000,-0.132466,0.992014,0.054149,1.002283
35.580000,0.060055,0.007986,1.045844,-0.273389,0.000009,-0.003481,-0.174241,0.000004,1.570821,-0.073694,1.000000,1.100000,0.000000,0.000000,-1.571000,-0.133749,0.992014,0.054156,1.002454
35.582000,0.059503,0.007986,1.045837,-0.276332,0.000009,-0.003448,-0.174245,0.000005,1.570821,-0.075519,1.000000,1.100000,0.000000,0.000000,-1.571000,-0.135023,0.992014,0.054163,1.002625
35.584000,0.058946,0.007986,1.045830,-0.279269,0.000009,-0.003416,-0.174248,0.000005,1.570821,-0.077342,1.000000,1.100000,0.000000,0.000000,-1.571000,-0.136288,0.992014,0.054170,1.002796
35.586000,0.058382,0.007986,1.045823,-0.282201,0.000008,-0.003385,-0.174251,0.000005,1.570820,-0.079162,1.000000,1.100000,0.000000,0.000000,-1.571000,-0.137544,0.992014,0.054177,1.002968
35.588000,0.057813,0.007986,1.045816,-0.285127,0.000008,-0.003356,-0.174255,0.000005,1.570820,-0.080978,1.000000,1.100000,0.000000,0.000000,-1.571000,-0.138791,0.992014,0.054184,1.003140
35.590000,0.057238,0.007986,1.045810,-0.288048,0.000009,-0.003327,-0.174258,0.000005,1.570820,-0.082792,1.000000,1.100000,0.000000,0.000000,-1.571000,-0.140029,0.992014,0.054190,1.003313
35.592000,0.056657,0.007986,1.045803,-0.290963,0.000009,-0.003299,-0.174261,0.000005,1.570819,-0.084602,1.000000,1.100000,0.000000,0.000000,-1.571000,-0.141259,0.992014,0.054197,1.003485
35.594000,0.056070,0.007986,1.045797,-0.293873,0.000009,-0.003272,-0.174265,0.000005,1.570819,-0.086409,1.000000,1.100000,0.000000,0.000000,-1.571000,-0.142478,0.992014,0.054203,1.003658
35.596000,0.055477,0.007986,1.045790,-0.296778,0.000009,-0.003245,-0.174268,0.000006,1.570819,-0.088212,1.000000,1.100000,0.000000,0.000000,-1.571000,-0.143689,0.992014,0.054210,1.003831
35.598000,0.054878,0.007986,1.045784,-0.299676,0.000009,-0.003220,-0.174271,0.000006,1.570818,-0.090012,1.000000,1.100000,0.000000,0.000000,-1.571000,-0.144890,0.992014,0.054216,1.004004
35.600000,0.054274,0.007986,1.045777,-0.302570,0.000009,-0.003194,-0.174274,0.000005,1.570818,-0.091808,1.000000,1.100000,0.000000,0.000000,-1.571000,-0.146082,0.992014,0.054223,1.004177
35.602000,0.053664,0.007986,1.045771,-0.305458,0.000009,-0.003169,-0.174278,0.000005,1.570818,-0.093601,1.000000,1.100000,0.000000,0.000000,-1.571000,-0.147265,0.992014,0.054229,1.004350
35.604000,0.053048,0.007986,1.045765,-0.308341,0.000009,-0.003145,-0.174281,0.000005,1.570817,-0.095390,1.000000,1.100000,0.000000,0.000000,-1.571000,-0.148438,0.992014,0.054235,1.004523
35.606000,0.052427,0.007986,1.045758,-0.311218,0.000009,-0.003121,-0.174284,0.000005,1.570817,-0.097175,1.000000,1.100000,0.000000,0.000000,-1.571000,-0.149602,0.992014,0.054242,1.004696
35.608000,0.051799,0.007986,1.045752,-0.314091,0.000009,-0.003098,-0.174288,0.000005,1.570817,-0.098957,1.000000,1.100000,0.000000,0.000000,-1.571000,-0.150756,0.992014,0.054248,1.004869
35.610000,0.051166,0.007986,1.045746,-0.316957,0.000009,-0.003074,-0.174291,0.000004,1.570817,-0.100734,1.000000,1.100000,0.000000,0.000000,-1.571000,-0.151900,0.992014,0.054254,1.005042
35.612000,0.050527,0.007986,1.045740,-0.319819,0.000009,-0.003052,-0.174294,0.000004,1.570816,-0.102508,1.000000,1.100000,0.000000,0.000000,-1.571000,-0.153035,0.992014,0.054260,1.005214
35.614000,0.049883,0.007986,1.045734,-0.322675,0.000009,-0.003029,-0.174298,0.000003,1.570816,-0.104277,1.000000,1.100000,0.000000,0.000000,-1.571000,-0.154160,0.992014,0.054266,1.005386
35.616000,0.049232,0.007986,1.045728,-0.325526,0.000009,-0.003007,-0.174301,0.000003,1.570816,-0.106042,1.000000,1.100000,0.000000,0.000000,-1.571000,-0.155275,0.992014,0.054272,1.005558
35.618000,0.048576,0.007986,1.045722,-0.328372,0.000009,-0.002985,-0.174304,0.000002,1.570816,-0.107804,1.000000,1.100000,0.000000,0.000000,-1.571000,-0.156380,0.992014,0.054278,1.005730
35.620000,0.047915,0.007986,1.045716,-0.331212,0.000009,-0.002963,-0.174307,0.000002,1.570816,-0.109561,1.000000,1.100000,0.000000,0.000000,-1.571000,-0.157475,0.992014,0.054284,1.005901
35.622000,0.047247,0.007986,1.045710,-0.334047,0.000008,-0.002945,-0.174309,0.000001,1.570816,-0.111313,1.000000,1.100000,0.000000,0.000000,-1.571000,-0.158561,0.992014,0.054290,1.006072
35.624000,0.046574,0.007986,1.045704,-0.336875,0.000008,-0.002934,-0.174308,0.000000,1.570815,-0.113061,1.000000,1.100000,0.000000,0.000000,-1.571000,-0.159636,0.992014,0.054296,1.006242
35.626000,0.045896,0.007986,1.045698,-0.339697,0.000008,-0.002929,-0.174302,-0.000000,1.570815,-0.114805,1.000000,1.100000,0.000000,0.000000,-1.571000,-0.160701,0.992014,0.054302,1.006412
35.628000,0.045211,0.007986,1.045692,-0.342513,0.000008,-0.002929,-0.174287,-0.000001,1.570815,-0.116544,1.000000,1.100000,0.000000,0.000000,-1.571000,-0.161756,0.992014,0.054308,1.006581
35.630000,0.044522,0.007986,1.045686,-0.345322,0.000008,-0.002934,-0.174263,-0.000002,1.570815,-0.118279,1.000000,1.100000,0.000000,0.000000,-1.571000,-0.162800,0.992014,0.054314,1.006750
35.632000,0.043826,0.007986,1.045681,-0.348124,0.000008,-0.002944,-0.174228,-0.000002,1.570814,-0.120009,1.000000,1.100000,0.000000,0.000000,-1.571000,-0.163835,0.992014,0.054319,1.006918
35.634000,0.043125,0.007986,1.045675,-0.350920,0.000008,-0.002958,-0.174180,-0.000003,1.570814,-0.121734,1.000000,1.100000,0.000000,0.000000,-1.571000,-0.164859,0.992014,0.054325,1.007085
35.636000,0.042418,0.007986,1.045669,-0.353709,0.000008,-0.002975,-0.174118,-0.000004,1.570813,-0.123454,1.000000,1.100000,0.000000,0.000000,-1.571000,-0.165872,0.992014,0.054331,1.007252
35.638000,0.041706,0.007986,1.045663,-0.356491,0.000008,-0.002995,-0.174041,-0.000005,1.570813,-0.125170,1.000000,1.100000,0.000000,0.000000,-1.571000,-0.166876,0.992014,0.054337,1.007418
35.640000,0.040988,0.007986,1.045657,-0.359266,0.000007,-0.003018,-0.173947,-0.000006,1.570812,-0.126880,1.000000,1.100000,0.000000,0.000000,-1.571000,-0.167868,0.992014,0.054343,1.007583
35.642000,0.040265,0.007986,1.045651,-0.362033,0.000007,-0.003044,-0.173837,-0.000007,1.570812,-0.128586,1.000000,1.100000,0.000000,0.000000,-1.571000,-0.168850,0.992014,0.054349,1.007748
35.644000,0.039536,0.007986,1.045644,-0.364792,0.000007,-0.003072,-0.173710,-0.000007,1.570811,-0.130286,1.000000,1.100000,0.000000,0.000000,-1.571000,-0.169822,0.992014,0.054356,1.007911
35.646000,0.038801,0.007986,1.045638,-0.367543,0.000007,-0.003101,-0.173564,-0.000008,1.570810,-0.131982,1.000000,1.100000,0.000000,0.000000,-1.571000,-0.170783,0.992014,0.054362,1.008074
35.648000,0.038061,0.007986,1.045632,-0.370286,0.000007,-0.003132,-0.173400,-0.000009,1.570810,-0.133672,1.000000,1.100000,0.000000,0.000000,-1.571000,-0.171733,0.992014,0.054368,1.008236
35.650000,0.037316,0.007986,1.045626,-0.373020,0.000006,-0.003164,-0.173218,-0.000010,1.570809,-0.135357,1.000000,1.100000,0.000000,0.000000,-1.571000,-0.172673,0.992014,0.054374,1.008396
35.652000,0.036565,0.007986,1.045619,-0.375745,0.000006,-0.003198,-0.173017,-0.000011,1.570808,-0.137036,1.000000,1.100000,0.000000,0.000000,-1.571000,-0.173601,0.992014,0.054381,1.008556
35.654000,0.035809,0.007986,1.045613,-0.378461,0.000006,-0.003232,-0.172797,-0.000012,1.570807,-0.138710,1.000000,1.100000,0.000000,0.000000,-1.571000,-0.174519,0.992014,0.054387,1.008715
35.656000,0.035047,0.007986,1.045606,-0.381167,0.000006,-0.003267,-0.172559,-0.000012,1.570806,-0.140379,1.000000,1.100000,0.000000,0.000000,-1.571000,-0.175426,0.992014,0.054394,1.008873
35.658000,0.034280,0.007986,1.045600,-0.383863,0.000005,-0.003302,-0.172302,-0.000013,1.570805,-0.142042,1.000000,1.100000,0.000000,0.000000,-1.571000,-0.176322,0.992014,0.054400,1.009029
35.660000,0.033507,0.007986,1.045593,-0.386549,0.000005,-0.003338,-0.172028,-0.000014,1.570804,-0.143699,1.000000,1.100000,0.000000,0.000000,-1.571000,-0.177207,0.992014,0.054407,1.009184
35.662000,0.032729,0.007986,1.045586,-0.389224,0.000005,-0.003375,-0.171735,-0.000015,1.570803,-0.145351,1.000000,1.100000,0.000000,0.000000,-1.571000,-0.178081,0.992014,0.054414,1.009339
35.664000,0.031946,0.007987,1.045579,-0.391888,0.000004,-0.003411,-0.171426,-0.000016,1.570802,-0.146997,1.000000,1.100000,0.000000,0.000000,-1.571000,-0.178943,0.992013,0.054421,1.009492
35.666000,0.031158,0.007987,1.045573,-0.394540,0.000004,-0.003447,-0.171100,-0.000016,1.570801,-0.148638,1.000000,1.100000,0.000000,0.000000,-1.571000,-0.179795,0.992013,0.054427,1.009643
35.668000,0.030364,0.007987,1.045566,-0.397182,0.000004,-0.003483,-0.170757,-0.000017,1.570800,-0.150272,1.000000,1.100000,0.000000,0.000000,-1.571000,-0.180636,0.992013,0.054434,1.009794
35.670000,0.029565,0.007987,1.045559,-0.399811,0.000003,-0.003519,-0.170400,-0.000018,1.570800,-0.151900,1.000000,1.100000,0.000000,0.000000,-1.571000,-0.181465,0.992013,0.054441,1.009943
35.672000,0.028760,0.007987,1.045552,-0.402429,0.000003,-0.003554,-0.170027,-0.000018,1.570799,-0.153523,1.000000,1.100000,0.000000,0.000000,-1.571000,-0.182283,0.992013,0.054448,1.010090
35.674000,0.027951,0.007987,1.045544,-0.405034,0.000003,-0.003589,-0.169641,-0.000019,1.570798,-0.155139,1.000000,1.100000,0.000000,0.000000,-1.571000,-0.183090,0.992013,0.054456,1.010237
35.676000,0.027136,0.007987,1.045537,-0.407626,0.000002,-0.003622,-0.169242,-0.000020,1.570797,-0.156750,1.000000,1.100000,0.000000,0.000000,-1.571000,-0.183885,0.992013,0.054463,1.010382
35.678000,0.026316,0.007987,1.045530,-0.410206,0.000002,-0.003655,-0.168830,-0.000020,1.570796,-0.158354,1.000000,1.100000,0.000000,0.000000,-1.571000,-0.184670,0.992013,0.054470,1.010525
35.680000,0.025491,0.007987,1.045522,-0.412773,0.000001,-0.003687,-0.168407,-0.000020,1.570796,-0.159951,1.000000,1.100000,0.000000,0.000000,-1.571000,-0.185442,0.992013,0.054478,1.010667
35.682000,0.024661,0.007987,1.045515,-0.415326,0.000001,-0.003721,-0.167973,-0.000021,1.570795,-0.161543,1.000000,1.100000,0.000000,0.000000,-1.571000,-0.186204,0.992013,0.054485,1.010807
35.684000,0.023825,0.007987,1.045507,-0.417864,0.000001,-0.003762,-0.167524,-0.000021,1.570794,-0.163128,1.000000,1.100000,0.000000,0.000000,-1.571000,-0.186954,0.992013,0.054493,1.010946
35.686000,0.022985,0.007987,1.045500,-0.420388,0.000000,-0.003809,-0.167059,-0.000021,1.570794,-0.164707,1.000000,1.100000,0.000000,0.000000,-1.571000,-0.187692,0.992013,0.054500,1.011083
35.688000,0.022140,0.007987,1.045492,-0.422897,-0.000000,-0.003861,-0.166575,-0.000022,1.570793,-0.166279,1.000000,1.100000,0.000000,0.000000,-1.571000,-0.188419,0.992013,0.054508,1.011219
35.690000,0.021289,0.007987,1.045484,-0.425390,-0.000001,-0.003917,-0.166072,-0.000022,1.570793,-0.167845,1.000000,1.100000,0.000000,0.000000,-1.571000,-0.189134,0.992013,0.054516,1.011353
35.692000,0.020434,0.007987,1.045476,-0.427868,-0.000001,-0.003977,-0.165547,-0.000022,1.570792,-0.169404,1.000000,1.100000,0.000000,0.000000,-1.571000,-0.189838,0.992013,0.054524,1.011485
35.694000,0.019574,0.007987,1.045468,-0.430330,-0.000001,-0.004040,-0.165000,-0.000022,1.570791,-0.170956,1.000000,1.100000,0.000000,0.000000,-1.571000,-0.190530,0.992013,0.054532,1.011615
35.696000,0.018708,0.007987,1.045460,-0.432776,-0.000002,-0.004106,-0.164429,-0.000022,1.570791,-0.172502,1.000000,1.100000,0.000000,0.000000,-1.571000,-0.191210,0.992013,0.054540,1.011744
35.698000,0.017838,0.007987,1.045452,-0.435206,-0.000002,-0.004174,-0.163834,-0.000022,1.570790,-0.174040,1.000000,1.100000,0.000000,0.000000,-1.571000,-0.191879,0.992013,0.054548,1.011871
35.700000,0.016963,0.007987,1.045443,-0.437619,-0.000003,-0.004243,-0.163216,-0.000022,1.570790,-0.175572,1.000000,1.100000,0.000000,0.000000,-1.571000,-0.192536,0.992013,0.054557,1.011997
35.702000,0.016084,0.007987,1.045435,-0.440015,-0.000003,-0.004314,-0.162572,-0.000022,1.570789,-0.177097,1.000000,1.100000,0.000000,0.000000,-1.571000,-0.193181,0.992013,0.054565,1.012120
35.704000,0.015199,0.007987,1.045426,-0.442393,-0.000003,-0.004386,-0.161905,-0.000022,1.570789,-0.178615,1.000000,1.100000,0.000000,0.000000,-1.571000,-0.193814,0.992013,0.054574,1.012242
35.706000,0.014310,0.007987,1.045417,-0.444753,-0.000004,-0.004458,-0.161213,-0.000022,1.570788,-0.180126,1.000000,1.100000,0.000000,0.000000,-1.571000,-0.194436,0.992013,0.054583,1.012361
35.708000,0.013416,0.007987,1.045408,-0.447094,-0.000004,-0.004530,-0.160497,-0.000022,1.570788,-0.181630,1.000000,1.100000,0.000000,0.000000,-1.571000,-0.195046,0.992013,0.054592,1.012479
35.710000,0.012518,0.007986,1.045399,-0.449417,-0.000005,-0.004602,-0.159758,-0.000022,1.570787,-0.183127,1.000000,1.100000,0.000000,0.000000,-1.571000,-0.195644,0.992014,0.054601,1.012595
35.712000,0.011614,0.007986,1.045390,-0.451721,-0.000005,-0.004674,-0.158997,-0.000022,1.570787,-0.184616,1.000000,1.100000,0.000000,0.000000,-1.571000,-0.196230,0.992014,0.054610,1.012709
35.714000,0.010707,0.007986,1.045380,-0.454005,-0.000005,-0.004745,-0.158214,-0.000022,1.570786,-0.186098,1.000000,1.100000,0.000000,0.000000,-1.571000,-0.196805,0.992014,0.054620,1.012821
35.716000,0.009794,0.007986,1.045371,-0.456269,-0.000006,-0.004815,-0.157410,-0.000022,1.570786,-0.187573,1.000000,1.100000,0.000000,0.000000,-1.571000,-0.197367,0.992014,0.054629,1.012931
35.718000,0.008877,0.007986,1.045361,-0.458513,-0.000006,-0.004884,-0.156586,-0.000022,1.570785,-0.189040,1.000000,1.100000,0.000000,0.000000,-1.571000,-0.197918,0.992014,0.054639,1.013039
35.720000,0.007956,0.007986,1.045351,-0.460737,-0.000007,-0.004951,-0.155743,-0.000022,1.570785,-0.190500,1.000000,1.100000,0.000000,0.000000,-1.571000,-0.198456,0.992014,0.054649,1.013145
35.722000,0.007030,0.007986,1.045341,-0.462940,-0.000007,-0.005018,-0.154883,-0.000022,1.570784,-0.191952,1.000000,1.100000,0.000000,0.000000,-1.571000,-0.198983,0.992014,0.054659,1.013249
35.724000,0.006100,0.007986,1.045331,-0.465121,-0.000007,-0.005082,-0.154007,-0.000021,1.570784,-0.193397,1.000000,1.100000,0.000000,0.000000,-1.571000,-0.199498,0.992014,0.054669,1.013350
35.726000,0.005166,0.007986,1.045321,-0.467282,-0.000008,-0.005145,-0.153115,-0.000021,1.570783,-0.194834,1.000000,1.100000,0.000000,0.000000,-1.571000,-0.200000,0.992014,0.054679,1.013450
35.728000,0.004227,0.007986,1.045310,-0.469420,-0.000008,-0.005206,-0.152210,-0.000021,1.570783,-0.196264,1.000000,1.100000,0.000000,0.000000,-1.571000,-0.200491,0.992014,0.054690,1.013548
35.730000,0.003284,0.007986,1.045300,-0.471537,-0.000008,-0.005265,-0.151293,-0.000021,1.570783,-0.197686,1.000000,1.100000,0.000000,0.000000,-1.571000,-0.200970,0.992014,0.054700,1.013643
35.732000,0.002337,0.007986,1.045289,-0.473632,-0.000009,-0.005322,-0.150365,-0.000021,1.570783,-0.199100,1.000000,1.100000,0.000000,0.000000,-1.571000,-0.201437,0.992014,0.054711,1.013736
35.734000,0.001386,0.007986,1.045278,-0.475705,-0.000009,-0.005377,-0.149428,-0.000020,1.570783,-0.200506,1.000000,1.100000,0.000000,0.000000,-1.571000,-0.201891,0.992014,0.054722,1.013827
35.736000,0.000430,0.007986,1.045267,-0.477755,-0.000009,-0.005430,-0.148484,-0.000020,1.570783,-0.201904,1.000000,1.100000,0.000000,0.000000,-1.571000,-0.202334,0.992014,0.054733,1.013916
35.738000,-0.000529,0.007986,1.045256,-0.479783,-0.000010,-0.005480,-0.147533,-0.000020,1.570783,-0.203294,1.000000,1.100000,0.000000,0.000000,-1.571000,-0.202765,0.992014,0.054744,1.014003
35.740000,-0.001493,0.007986,1.045245,-0.481789,-0.000010,-0.005528,-0.146577,-0.000019,1.570783,-0.204676,1.000000,1.100000,0.000000,0.000000,-1.571000,-0.203183,0.992014,0.054755,1.014087
35.742000,-0.002460,0.007986,1.045234,-0.483772,-0.000010,-0.005574,-0.145619,-0.000019,1.570784,-0.206050,1.000000,1.100000,0.000000,0.000000,-1.571000,-0.203590,0.992014,0.054766,1.014169
35.744000,-0.003432,0.007986,1.045223,-0.485733,-0.000011,-0.005617,-0.144658,-0.000018,1.570784,-0.207416,1.000000,1.100000,0.000000,0.000000,-1.571000,-0.203984,0.992014,0.054777,1.014249
35.746000,-0.004407,0.007986,1.045212,-0.487671,-0.000011,-0.005658,-0.143698,-0.000018,1.570785,-0.208774,1.000000,1.100000,0.000000,0.000000,-1.571000,-0.204367,0.992014,0.054788,1.014327
35.748000,-0.005386,0.007986,1.045200,-0.489587,-0.000011,-0.005696,-0.142739,-0.000018,1.570785,-0.210123,1.000000,1.100000,0.000000,0.000000,-1.571000,-0.204737,0.992014,0.054800,1.014402
35.750000,-0.006369,0.007986,1.045189,-0.491481,-0.000012,-0.005732,-0.141783,-0.000017,1.570786,-0.211465,1.000000,1.100000,0.000000,0.000000,-1.571000,-0.205095,0.992014,0.054811,1.014475
35.752000,-0.007356,0.007986,1.045177,-0.493353,-0.000012,-0.005765,-0.140831,-0.000017,1.570787,-0.212797,1.000000,1.100000,0.000000,0.000000,-1.571000,-0.205441,0.992014,0.054823,1.014546
35.754000,-0.008347,0.007986,1.045166,-0.495202,-0.000012,-0.005795,-0.139885,-0.000016,1.570788,-0.214122,1.000000,1.100000,0.000000,0.000000,-1.571000,-0.205775,0.992014,0.054834,1.014614
35.756000,-0.009341,0.007986,1.045154,-0.497030,-0.000012,-0.005823,-0.138947,-0.000015,1.570789,-0.215438,1.000000,1.100000,0.000000,0.000000,-1.571000,-0.206097,0.992014,0.054846,1.014680
35.758000,-0.010338,0.007986,1.045142,-0.498836,-0.000013,-0.005848,-0.138017,-0.000015,1.570791,-0.216745,1.000000,1.100000,0.000000,0.000000,-1.571000,-0.206407,0.992014,0.054858,1.014744
35.760000,-0.011340,0.007986,1.045131,-0.500620,-0.000013,-0.005870,-0.137097,-0.000014,1.570792,-0.218044,1.000000,1.100000,0.000000,0.000000,-1.571000,-0.206705,0.992014,0.054869,1.014805
35.762000,-0.012345,0.007986,1.045119,-0.502383,-0.000013,-0.005895,-0.136187,-0.000014,1.570793,-0.219335,1.000000,1.100000,0.000000,0.000000,-1.571000,-0.206990,0.992014,0.054881,1.014864
35.764000,-0.013353,0.007986,1.045107,-0.504123,-0.000013,-0.005925,-0.135284,-0.000013,1.570795,-0.220616,1.000000,1.100000,0.000000,0.000000,-1.571000,-0.207263,0.992014,0.054893,1.014920
35.766000,-0.014365,0.007986,1.045095,-0.505842,-0.000014,-0.005961,-0.134386,-0.000012,1.570796,-0.221889,1.000000,1.100000,0.000000,0.000000,-1.571000,-0.207524,0.992014,0.054905,1.014974
35.768000,-0.015380,0.007986,1.045083,-0.507539,-0.000014,-0.006001,-0.133490,-0.000012,1.570798,-0.223154,1.000000,1.100000,0.000000,0.000000,-1.571000,-0.207773,0.992014,0.054917,1.015026
35.770000,-0.016399,0.007986,1.045071,-0.509214,-0.000014,-0.006045,-0.132596,-0.000011,1.570800,-0.224409,1.000000,1.100000,0.000000,0.000000,-1.571000,-0.208010,0.992014,0.054929,1.015075
35.772000,-0.017421,0.007986,1.045059,-0.510868,-0.000014,-0.006093,-0.131700,-0.000011,1.570801,-0.225655,1.000000,1.100000,0.000000,0.000000,-1.571000,-0.208235,0.992014,0.054941,1.015122
35.774000,-0.018446,0.007986,1.045047,-0.512501,-0.000014,-0.006143,-0.130803,-0.000010,1.570803,-0.226893,1.000000,1.100000,0.000000,0.000000,-1.571000,-0.208447,0.992014,0.054953,1.015166
35.776000,-0.019474,0.007986,1.045034,-0.514113,-0.000015,-0.006196,-0.129901,-0.000009,1.570805,-0.228122,1.000000,1.100000,0.000000,0.000000,-1.571000,-0.208647,0.992014,0.054966,1.015208
35.778000,-0.020506,0.007986,1.045022,-0.515703,-0.000015,-0.006251,-0.128996,-0.000009,1.570806,-0.229341,1.000000,1.100000,0.000000,0.000000,-1.571000,-0.208835,0.992014,0.054978,1.015247
35.780000,-0.021541,0.007986,1.045009,-0.517273,-0.000015,-0.006307,-0.128085,-0.000008,1.570808,-0.230552,1.000000,1.100000,0.000000,0.000000,-1.571000,-0.209011,0.992014,0.054991,1.015284
35.782000,-0.022579,0.007986,1.044996,-0.518821,-0.000015,-0.006364,-0.127168,-0.000007,1.570809,-0.231754,1.000000,1.100000,0.000000,0.000000,-1.571000,-0.209175,0.992014,0.055004,1.015319
35.784000,-0.023620,0.007986,1.044984,-0.520348,-0.000015,-0.006422,-0.126245,-0.000007,1.570811,-0.232946,1.000000,1.100000,0.000000,0.000000,-1.571000,-0.209326,0.992014,0.055016,1.015351
35.786000,-0.024664,0.007986,1.044971,-0.521854,-0.000015,-0.006480,-0.125315,-0.000006,1.570812,-0.234129,1.000000,1.100000,0.000000,0.000000,-1.571000,-0.209465,0.992014,0.055029,1.015380
35.788000,-0.025711,0.007986,1.044958,-0.523338,-0.000016,-0.006539,-0.124379,-0.000006,1.570813,-0.235303,1.000000,1.100000,0.000000,0.000000,-1.571000,-0.209592,0.992014,0.055042,1.015407
35.790000,-0.026761,0.007986,1.044944,-0.524802,-0.000016,-0.006598,-0.123436,-0.000005,1.570814,-0.236468,1.000000,1.100000,0.000000,0.000000,-1.571000,-0.209707,0.992014,0.055056,1.015431
35.792000,-0.027813,0.007986,1.044931,-0.526244,-0.000016,-0.006656,-0.122486,-0.000005,1.570815,-0.237623,1.000000,1.100000,0.000000,0.000000,-1.571000,-0.209810,0.992014,0.055069,1.015453
35.794000,-0.028869,0.007986,1.044918,-0.527664,-0.000016,-0.006714,-0.121530,-0.000004,1.570816,-0.238769,1.000000,1.100000,0.000000,0.000000,-1.571000,-0.209900,0.992014,0.055082,1.015473
35.796000,-0.029928,0.007985,1.044904,-0.529063,-0.000016,-0.006772,-0.120569,-0.000004,1.570817,-0.239905,1.000000,1.100000,0.000000,0.000000,-1.571000,-0.209978,0.992015,0.055096,1.015490
35.798000,-0.030989,0.007985,1.044891,-0.530440,-0.000016,-0.006829,-0.119601,-0.000003,1.570818,-0.241032,1.000000,1.100000,0.000000,0.000000,-1.571000,-0.210044,0.992015,0.055109,1.015504
35.800000,-0.032053,0.007985,1.044877,-0.531796,-0.000016,-0.006884,-0.118628,-0.000003,1.570819,-0.242150,1.000000,1.100000,0.000000,0.000000,-1.571000,-0.210097,0.992015,0.055123,1.015516
35.802000,-0.033120,0.007985,1.044863,-0.533130,-0.000016,-0.006939,-0.117651,-0.000003,1.570819,-0.243258,1.000000,1.100000,0.000000,0.000000,-1.571000,-0.210138,0.992015,0.055137,1.015525
35.804000,-0.034189,0.007985,1.044849,-0.534442,-0.000016,-0.006993,-0.116670,-0.000002,1.570820,-0.244356,1.000000,1.100000,0.000000,0.000000,-1.571000,-0.210167,0.992015,0.055151,1.015532
35.806000,-0.035261,0.007985,1.044835,-0.535732,-0.000016,-0.007045,-0.115685,-0.000002,1.570820,-0.245445,1.000000,1.100000,0.000000,0.000000,-1.571000,-0.210184,0.992015,0.055165,1.015536
35.808000,-0.036335,0.007985,1.044821,-0.537001,-0.000016,-0.007096,-0.114697,-0.000001,1.570821,-0.246524,1.000000,1.100000,0.000000,0.000000,-1.571000,-0.210189,0.992015,0.055179,1.015538
35.810000,-0.037412,0.007985,1.044806,-0.538248,-0.000017,-0.007145,-0.113708,-0.000001,1.570821,-0.247593,1.000000,1.100000,0.000000,0.000000,-1.571000,-0.210181,0.992015,0.055194,1.015537
35.812000,-0.038492,0.007985,1.044792,-0.539474,-0.000017,-0.007193,-0.112718,-0.000001,1.570821,-0.248653,1.000000,1.100000,0.000000,0.000000,-1.571000,-0.210161,0.992015,0.055208,1.015534
35.814000,-0.039573,0.007985,1.044778,-0.540677,-0.000017,-0.007240,-0.111727,-0.000000,1.570821,-0.249702,1.000000,1.100000,0.000000,0.000000,-1.571000,-0.210129,0.992015,0.055222,1.015528
35.816000,-0.040658,0.007985,1.044763,-0.541859,-0.000017,-0.007285,-0.110737,-0.000000,1.570822,-0.250742,1.000000,1.100000,0.000000,0.000000,-1.571000,-0.210085,0.992015,0.055237,1.015520
35.818000,-0.041744,0.007985,1.044748,-0.543020,-0.000017,-0.007328,-0.109748,0.000000,1.570822,-0.251772,1.000000,1.100000,0.000000,0.000000,-1.571000,-0.210028,0.992015,0.055252,1.015509
35.820000,-0.042833,0.007985,1.044734,-0.544159,-0.000017,-0.007370,-0.108762,0.000000,1.570822,-0.252792,1.000000,1.100000,0.000000,0.000000,-1.571000,-0.209959,0.992015,0.055266,1.015495
35.822000,-0.043924,0.007985,1.044719,-0.545276,-0.000017,-0.007412,-0.107779,0.000001,1.570822,-0.253802,1.000000,1.100000,0.000000,0.000000,-1.571000,-0.209878,0.992015,0.055281,1.015479
35.824000,-0.045017,0.007985,1.044704,-0.546372,-0.000017,-0.007457,-0.106795,0.000001,1.570822,-0.254802,1.000000,1.100000,0.000000,0.000000,-1.571000,-0.209785,0.992015,0.055296,1.015461
35.826000,-0.046113,0.007985,1.044689,-0.547445,-0.000017,-0.007504,-0.105810,0.000001,1.570822,-0.255792,1.000000,1.100000,0.000000,0.000000,-1.571000,-0.209679,0.992015,0.055311,1.015440
35.828000,-0.047210,0.007985,1.044674,-0.548498,-0.000017,-0.007552,-0.104821,0.000002,1.570822,-0.256772,1.000000,1.100000,0.000000,0.000000,-1.571000,-0.209562,0.992015,0.055326,1.015417
35.830000,-0.048310,0.007985,1.044659,-0.549528,-0.000017,-0.007602,-0.103827,0.000002,1.570822,-0.257742,1.000000,1.100000,0.000000,0.000000,-1.571000,-0.209432,0.992015,0.055341,1.015391
35.832000,-0.049412,0.007985,1.044643,-0.550537,-0.000017,-0.007653,-0.102827,0.000002,1.570822,-0.258701,1.000000,1.100000,0.000000,0.000000,-1.571000,-0.209289,0.992015,0.055357,1.015362
35.834000,-0.050515,0.007985,1.044628,-0.551524,-0.000017,-0.007705,-0.101819,0.000002,1.570822,-0.259650,1.000000,1.100000,0.000000,0.000000,-1.571000,-0.209135,0.992015,0.055372,1.015331
35.836000,-0.051621,0.007985,1.044612,-0.552490,-0.000017,-0.007757,-0.100804,0.000002,1.570821,-0.260589,1.000000,1.100000,0.000000,0.000000,-1.571000,-0.208969,0.992015,0.055388,1.015298
35.838000,-0.052728,0.007985,1.044597,-0.553433,-0.000017,-0.007810,-0.099780,0.000003,1.570821,-0.261518,1.000000,1.100000,0.000000,0.000000,-1.571000,-0.208790,0.992015,0.055403,1.015262
35.840000,-0.053838,0.007985,1.044581,-0.554355,-0.000017,-0.007863,-0.098748,0.000003,1.570821,-0.262437,1.000000,1.100000,0.000000,0.000000,-1.571000,-0.208599,0.992015,0.055419,1.015224
35.842000,-0.054949,0.007985,1.044565,-0.555255,-0.000017,-0.007915,-0.097706,0.000003,1.570820,-0.263345,1.000000,1.100000,0.000000,0.000000,-1.571000,-0.208396,0.992015,0.055435,1.015183
35.844000,-0.056062,0.007985,1.044549,-0.556132,-0.000016,-0.007967,-0.096655,0.000003,1.570820,-0.264242,1.000000,1.100000,0.000000,0.000000,-1.571000,-0.208181,0.992015,0.055451,1.015140
35.846000,-0.057177,0.007985,1.044533,-0.556987,-0.000016,-0.008019,-0.095595,0.000004,1.570819,-0.265130,1.000000,1.100000,0.000000,0.000000,-1.571000,-0.207953,0.992015,0.055467,1.015094
35.848000,-0.058293,0.007985,1.044517,-0.557819,-0.000016,-0.008070,-0.094527,0.000004,1.570819,-0.266006,1.000000,1.100000,0.000000,0.000000,-1.571000,-0.207714,0.992015,0.055483,1.015046
35.850000,-0.059411,0.007985,1.044501,-0.558629,-0.000016,-0.008120,-0.093450,0.000004,1.570818,-0.266873,1.000000,1.100000,0.000000,0.000000,-1.571000,-0.207462,0.992015,0.055499,1.014995
35.852000,-0.060530,0.007985,1.044485,-0.559417,-0.000016,-0.008170,-0.092366,0.000004,1.570818,-0.267729,1.000000,1.100000,0.000000,0.000000,-1.571000,-0.207198,0.992015,0.055515,1.014942
35.854000,-0.061652,0.007985,1.044468,-0.560181,-0.000016,-0.008218,-0.091274,0.000004,1.570817,-0.268574,1.000000,1.100000,0.000000,0.000000,-1.571000,-0.206922,0.992015,0.055532,1.014887
35.856000,-0.062774,0.007985,1.044452,-0.560923,-0.000016,-0.008265,-0.090176,0.000005,1.570816,-0.269408,1.000000,1.100000,0.000000,0.000000,-1.571000,-0.206634,0.992015,0.055548,1.014829
35.858000,-0.063898,0.007984,1.044435,-0.561642,-0.000016,-0.008312,-0.089072,0.000005,1.570816,-0.270232,1.000000,1.100000,0.000000,0.000000,-1.571000,-0.206334,0.992016,0.055565,1.014769
35.860000,-0.065024,0.007984,1.044418,-0.562338,-0.000016,-0.008357,-0.087964,0.000005,1.570815,-0.271045,1.000000,1.100000,0.000000,0.000000,-1.571000,-0.206022,0.992016,0.055582,1.014706
35.862000,-0.066150,0.007984,1.044402,-0.563011,-0.000016,-0.008400,-0.086852,0.000005,1.570815,-0.271848,1.000000,1.100000,0.000000,0.000000,-1.571000,-0.205698,0.992016,0.055598,1.014642
35.864000,-0.067279,0.007984,1.044385,-0.563660,-0.000016,-0.008443,-0.085736,0.000006,1.570814,-0.272640,1.000000,1.100000,0.000000,0.000000,-1.571000,-0.205361,0.992016,0.055615,1.014574
35.866000,-0.068408,0.007984,1.044368,-0.564287,-0.000016,-0.008484,-0.084619,0.000006,1.570814,-0.273421,1.000000,1.100000,0.000000,0.000000,-1.571000,-0.205013,0.992016,0.055632,1.014505
35.868000,-0.069539,0.007984,1.044351,-0.564891,-0.000015,-0.008524,-0.083501,0.000006,1.570813,-0.274191,1.000000,1.100000,0.000000,0.000000,-1.571000,-0.204653,0.992016,0.055649,1.014433
35.870000,-0.070670,0.007984,1.044334,-0.565472,-0.000015,-0.008562,-0.082383,0.000006,1.570813,-0.274951,1.000000,1.100000,0.000000,0.000000,-1.571000,-0.204280,0.992016,0.055666,1.014359
35.872000,-0.071803,0.007984,1.044316,-0.566030,-0.000015,-0.008599,-0.081267,0.000007,1.570813,-0.275699,1.000000,1.100000,0.000000,0.000000,-1.571000,-0.203896,0.992016,0.055684,1.014283
35.874000,-0.072937,0.007984,1.044299,-0.566565,-0.000015,-0.008634,-0.080153,0.000007,1.570812,-0.276437,1.000000,1.100000,0.000000,0.000000,-1.571000,-0.203500,0.992016,0.055701,1.014204
35.876000,-0.074072,0.007984,1.044282,-0.567077,-0.000015,-0.008668,-0.079043,0.000007,1.570812,-0.277164,1.000000,1.100000,0.000000,0.000000,-1.571000,-0.203092,0.992016,0.055718,1.014123
35.878000,-0.075208,0.007984,1.044264,-0.567567,-0.000015,-0.008701,-0.077938,0.000008,1.570812,-0.277880,1.000000,1.100000,0.000000,0.000000,-1.571000,-0.202671,0.992016,0.055736,1.014040
35.880000,-0.076345,0.007984,1.044247,-0.568034,-0.000015,-0.008732,-0.076838,0.000008,1.570812,-0.278585,1.000000,1.100000,0.000000,0.000000,-1.571000,-0.202239,0.992016,0.055753,1.013955
35.882000,-0.077483,0.007984,1.044229,-0.568478,-0.000014,-0.008764,-0.075744,0.000008,1.570812,-0.279279,1.000000,1.100000,0.000000,0.000000,-1.571000,-0.201795,0.992016,0.055771,1.013867
35.884000,-0.078622,0.007984,1.044212,-0.568901,-0.000014,-0.008798,-0.074654,0.000008,1.570811,-0.279961,1.000000,1.100000,0.000000,0.000000,-1.571000,-0.201339,0.992016,0.055788,1.013778
35.886000,-0.079762,0.007984,1.044194,-0.569301,-0.000014,-0.008835,-0.073562,0.000009,1.570811,-0.280633,1.000000,1.100000,0.000000,0.000000,-1.571000,-0.200872,0.992016,0.055806,1.013686
35.888000,-0.080902,0.007984,1.044176,-0.569678,-0.000014,-0.008873,-0.072469,0.000009,1.570811,-0.281294,1.000000,1.100000,0.000000,0.000000,-1.571000,-0.200392,0.992016,0.055824,1.013592
35.890000,-0.082043,0.007984,1.044159,-0.570033,-0.000014,-0.008913,-0.071370,0.000009,1.570811,-0.281944,1.000000,1.100000,0.000000,0.000000,-1.571000,-0.199901,0.992016,0.055841,1.013496
35.892000,-0.083185,0.007984,1.044141,-0.570366,-0.000014,-0.008954,-0.070265,0.000009,1.570811,-0.282582,1.000000,1.100000,0.000000,0.000000,-1.571000,-0.199398,0.992016,0.055859,1.013398
35.894000,-0.084327,0.007984,1.044123,-0.570677,-0.000013,-0.008996,-0.069153,0.000010,1.570811,-0.283209,1.000000,1.100000,0.000000,0.000000,-1.571000,-0.198883,0.992016,0.055877,1.013298
35.896000,-0.085470,0.007984,1.044105,-0.570965,-0.000013,-0.009039,-0.068030,0.000010,1.570811,-0.283826,1.000000,1.100000,0.000000,0.000000,-1.571000,-0.198356,0.992016,0.055895,1.013196
35.898000,-0.086613,0.007984,1.044086,-0.571230,-0.000013,-0.009083,-0.066898,0.000010,1.570811,-0.284431,1.000000,1.100000,0.000000,0.000000,-1.571000,-0.197817,0.992016,0.055914,1.013091
35.900000,-0.087757,0.007984,1.044068,-0.571473,-0.000013,-0.009126,-0.065755,0.000010,1.570811,-0.285024,1.000000,1.100000,0.000000,0.000000,-1.571000,-0.197267,0.992016,0.055932,1.012985
35.902000,-0.088902,0.007984,1.044050,-0.571693,-0.000013,-0.009170,-0.064600,0.000010,1.570811,-0.285607,1.000000,1.100000,0.000000,0.000000,-1.571000,-0.196705,0.992016,0.055950,1.012877
35.904000,-0.090047,0.007984,1.044031,-0.571889,-0.000012,-0.009215,-0.063434,0.000011,1.570810,-0.286178,1.000000,1.100000,0.000000,0.000000,-1.571000,-0.196131,0.992016,0.055969,1.012767
35.906000,-0.091192,0.007984,1.044013,-0.572062,-0.000012,-0.009259,-0.062255,0.000011,1.570810,-0.286738,1.000000,1.100000,0.000000,0.000000,-1.571000,-0.195546,0.992016,0.055987,1.012654
35.908000,-0.092337,0.007984,1.043994,-0.572212,-0.000012,-0.009302,-0.061066,0.000011,1.570810,-0.287286,1.000000,1.100000,0.000000,0.000000,-1.571000,-0.194949,0.992016,0.056006,1.012540
35.910000,-0.093483,0.007984,1.043976,-0.572339,-0.000012,-0.009346,-0.059865,0.000011,1.570809,-0.287824,1.000000,1.100000,0.000000,0.000000,-1.571000,-0.194341,0.992016,0.056024,1.012424
35.912000,-0.094629,0.007984,1.043957,-0.572441,-0.000012,-0.009389,-0.058652,0.000011,1.570809,-0.288350,1.000000,1.100000,0.000000,0.000000,-1.571000,-0.193721,0.992016,0.056043,1.012307
35.914000,-0.095775,0.007984,1.043938,-0.572520,-0.000011,-0.009431,-0.057430,0.000011,1.570808,-0.288864,1.000000,1.100000,0.000000,0.000000,-1.571000,-0.193089,0.992016,0.056062,1.012187
35.916000,-0.096921,0.007984,1.043919,-0.572574,-0.000011,-0.009473,-0.056198,0.000012,1.570808,-0.289367,1.000000,1.100000,0.000000,0.000000,-1.571000,-0.192446,0.992016,0.056081,1.012066
35.918000,-0.098068,0.007984,1.043900,-0.572604,-0.000011,-0.009515,-0.054956,0.000012,1.570807,-0.289859,1.000000,1.100000,0.000000,0.000000,-1.571000,-0.191791,0.992016,0.056100,1.011942
35.920000,-0.099214,0.007984,1.043881,-0.572610,-0.000011,-0.009556,-0.053707,0.000012,1.570807,-0.290339,1.000000,1.100000,0.000000,0.000000,-1.571000,-0.191125,0.992016,0.056119,1.011817
35.922000,-0.100360,0.007984,1.043862,-0.572592,-0.000010,-0.009595,-0.052451,0.000012,1.570806,-0.290808,1.000000,1.100000,0.000000,0.000000,-1.571000,-0.190447,0.992016,0.056138,1.011691
35.924000,-0.101507,0.007984,1.043842,-0.572548,-0.000010,-0.009635,-0.051188,0.000012,1.570806,-0.291265,1.000000,1.100000,0.000000,0.000000,-1.571000,-0.189758,0.992016,0.056158,1.011562
35.926000,-0.102653,0.007984,1.043823,-0.572481,-0.000010,-0.009673,-0.049921,0.000013,1.570805,-0.291711,1.000000,1.100000,0.000000,0.000000,-1.571000,-0.189058,0.992016,0.056177,1.011432
35.928000,-0.103799,0.007984,1.043804,-0.572388,-0.000010,-0.009711,-0.048650,0.000013,1.570805,-0.292145,1.000000,1.100000,0.000000,0.000000,-1.571000,-0.188346,0.992016,0.056196,1.011301
35.930000,-0.104945,0.007984,1.043784,-0.572271,-0.000009,-0.009747,-0.047376,0.000013,1.570805,-0.292568,1.000000,1.100000,0.000000,0.000000,-1.571000,-0.187623,0.992016,0.056216,1.011167
35.932000,-0.106090,0.007984,1.043765,-0.572129,-0.000009,-0.009783,-0.046101,0.000013,1.570804,-0.292979,1.000000,1.100000,0.000000,0.000000,-1.571000,-0.186889,0.992016,0.056235,1.011032
35.934000,-0.107235,0.007983,1.043745,-0.571963,-0.000009,-0.009818,-0.044826,0.000013,1.570804,-0.293379,1.000000,1.100000,0.000000,0.000000,-1.571000,-0.186144,0.992017,0.056255,1.010896
35.936000,-0.108380,0.007983,1.043725,-0.571772,-0.000009,-0.009853,-0.043552,0.000013,1.570804,-0.293767,1.000000,1.100000,0.000000,0.000000,-1.571000,-0.185387,0.992017,0.056275,1.010758
35.938000,-0.109524,0.007983,1.043705,-0.571556,-0.000008,-0.009886,-0.042281,0.000013,1.570803,-0.294143,1.000000,1.100000,0.000000,0.000000,-1.571000,-0.184619,0.992017,0.056295,1.010619
35.940000,-0.110668,0.007983,1.043686,-0.571316,-0.000008,-0.009918,-0.041014,0.000013,1.570803,-0.294508,1.000000,1.100000,0.000000,0.000000,-1.571000,-0.183840,0.992017,0.056314,1.010478
35.942000,-0.111812,0.007983,1.043666,-0.571052,-0.000008,-0.009950,-0.039752,0.000013,1.570803,-0.294861,1.000000,1.100000,0.000000,0.000000,-1.571000,-0.183050,0.992017,0.056334,1.010335
35.944000,-0.112954,0.007983,1.043646,-0.570764,-0.000007,-0.009981,-0.038497,0.000013,1.570803,-0.295203,1.000000,1.100000,0.000000,0.000000,-1.571000,-0.182248,0.992017,0.056354,1.010192
35.946000,-0.114097,0.007983,1.043626,-0.570452,-0.000007,-0.010011,-0.037250,0.000013,1.570803,-0.295533,1.000000,1.100000,0.000000,0.000000,-1.571000,-0.181436,0.992017,0.056374,1.010047
35.948000,-0.115238,0.007983,1.043606,-0.570116,-0.000007,-0.010040,-0.036013,0.000013,1.570803,-0.295851,1.000000,1.100000,0.000000,0.000000,-1.571000,-0.180613,0.992017,0.056394,1.009900
35.950000,-0.116379,0.007983,1.043586,-0.569756,-0.000007,-0.010069,-0.034786,0.000013,1.570804,-0.296158,1.000000,1.100000,0.000000,0.000000,-1.571000,-0.179779,0.992017,0.056414,1.009752
35.952000,-0.117519,0.007983,1.043565,-0.569373,-0.000006,-0.010097,-0.033572,0.000012,1.570804,-0.296452,1.000000,1.100000,0.000000,0.000000,-1.571000,-0.178933,0.992017,0.056435,1.009603
35.954000,-0.118658,0.007983,1.043545,-0.568968,-0.000006,-0.010124,-0.032370,0.000012,1.570804,-0.296736,1.000000,1.100000,0.000000,0.000000,-1.571000,-0.178077,0.992017,0.056455,1.009453
35.956000,-0.119797,0.007983,1.043525,-0.568539,-0.000006,-0.010150,-0.031184,0.000012,1.570805,-0.297007,1.000000,1.100000,0.000000,0.000000,-1.571000,-0.177210,0.992017,0.056475,1.009302
35.958000,-0.120934,0.007983,1.043504,-0.568089,-0.000006,-0.010176,-0.030012,0.000012,1.570805,-0.297267,1.000000,1.100000,0.000000,0.000000,-1.571000,-0.176332,0.992017,0.056496,1.009149
35.960000,-0.122071,0.007983,1.043484,-0.567616,-0.000006,-0.010201,-0.028858,0.000011,1.570806,-0.297515,1.000000,1.100000,0.000000,0.000000,-1.571000,-0.175444,0.992017,0.056516,1.008995
35.962000,-0.123207,0.007983,1.043464,-0.567122,-0.000005,-0.010225,-0.027720,0.000011,1.570807,-0.297751,1.000000,1.100000,0.000000,0.000000,-1.571000,-0.174544,0.992017,0.056536,1.008841
35.964000,-0.124341,0.007983,1.043443,-0.566607,-0.000005,-0.010249,-0.026595,0.000011,1.570807,-0.297976,1.000000,1.100000,0.000000,0.000000,-1.571000,-0.173634,0.992017,0.056557,1.008685
35.966000,-0.125475,0.007983,1.043422,-0.566070,-0.000005,-0.010271,-0.025479,0.000011,1.570808,-0.298188,1.000000,1.100000,0.000000,0.000000,-1.571000,-0.172714,0.992017,0.056578,1.008528
35.968000,-0.126607,0.007983,1.043402,-0.565513,-0.000005,-0.010293,-0.024370,0.000010,1.570809,-0.298389,1.000000,1.100000,0.000000,0.000000,-1.571000,-0.171782,0.992017,0.056598,1.008370
35.970000,-0.127738,0.007983,1.043381,-0.564936,-0.000004,-0.010315,-0.023265,0.000010,1.570809,-0.298578,1.000000,1.100000,0.000000,0.000000,-1.571000,-0.170840,0.992017,0.056619,1.008211
35.972000,-0.128869,0.007983,1.043361,-0.564337,-0.000004,-0.010335,-0.022162,0.000010,1.570810,-0.298756,1.000000,1.100000,0.000000,0.000000,-1.571000,-0.169887,0.992017,0.056639,1.008051
35.974000,-0.129997,0.007983,1.043340,-0.563719,-0.000004,-0.010355,-0.021058,0.000009,1.570811,-0.298921,1.000000,1.100000,0.000000,0.000000,-1.571000,-0.168924,0.992017,0.056660,1.007890
35.976000,-0.131125,0.007983,1.043319,-0.563080,-0.000004,-0.010374,-0.019952,0.000009,1.570811,-0.299075,1.000000,1.100000,0.000000,0.000000,-1.571000,-0.167950,0.992017,0.056681,1.007729
35.978000,-0.132251,0.007983,1.043298,-0.562420,-0.000004,-0.010393,-0.018843,0.000009,1.570812,-0.299217,1.000000,1.100000,0.000000,0.000000,-1.571000,-0.166966,0.992017,0.056702,1.007566
35.980000,-0.133376,0.007983,1.043277,-0.561740,-0.000004,-0.010411,-0.017729,0.000008,1.570812,-0.299347,1.000000,1.100000,0.000000,0.000000,-1.571000,-0.165971,0.992017,0.056723,1.007403
35.982000,-0.134500,0.007983,1.043257,-0.561040,-0.000003,-0.010429,-0.016610,0.000008,1.570812,-0.299466,1.000000,1.100000,0.000000,0.000000,-1.571000,-0.164966,0.992017,0.056743,1.007239
35.984000,-0.135622,0.007983,1.043236,-0.560319,-0.000003,-0.010446,-0.015484,0.000007,1.570812,-0.299572,1.000000,1.100000,0.000000,0.000000,-1.571000,-0.163950,0.992017,0.056764,1.007075
35.986000,-0.136743,0.007983,1.043215,-0.559577,-0.000003,-0.010463,-0.014351,0.000007,1.570813,-0.299667,1.000000,1.100000,0.000000,0.000000,-1.571000,-0.162924,0.992017,0.056785,1.006909
35.988000,-0.137862,0.007983,1.043194,-0.558815,-0.000003,-0.010480,-0.013212,0.000007,1.570813,-0.299750,1.000000,1.100000,0.000000,0.000000,-1.571000,-0.161888,0.992017,0.056806,1.006743
35.990000,-0.138979,0.007983,1.043173,-0.558031,-0.000003,-0.010496,-0.012064,0.000006,1.570813,-0.299821,1.000000,1.100000,0.000000,0.000000,-1.571000,-0.160842,0.992017,0.056827,1.006577
35.992000,-0.140095,0.007983,1.043152,-0.557227,-0.000003,-0.010511,-0.010910,0.000006,1.570812,-0.299880,1.000000,1.100000,0.000000,0.000000,-1.571000,-0.159785,0.992017,0.056848,1.006410
35.994000,-0.141210,0.007983,1.043131,-0.556401,-0.000003,-0.010527,-0.009748,0.000006,1.570812,-0.299927,1.000000,1.100000,0.000000,0.000000,-1.571000,-0.158718,0.992017,0.056869,1.006242
35.996000,-0.142322,0.007983,1.043110,-0.555555,-0.000002,-0.010542,-0.008579,0.000005,1.570812,-0.299963,1.000000,1.100000,0.000000,0.000000,-1.571000,-0.157641,0.992017,0.056890,1.006074
35.998000,-0.143433,0.007983,1.043088,-0.554686,-0.000002,-0.010556,-0.007403,0.000005,1.570811,-0.299987,1.000000,1.100000,0.000000,0.000000,-1.571000,-0.156553,0.992017,0.056912,1.005905
36.000000,-0.144542,0.007983,1.043067,-0.553797,-0.000002,-0.010571,-0.006221,0.000005,1.570811,-0.299999,1.000000,1.100000,0.000000,0.000000,-1.571000,-0.155456,0.992017,0.056933,1.005736
36.002000,-0.145650,0.007983,1.043046,-0.552886,-0.000002,-0.010585,-0.005033,0.000005,1.570811,-0.299999,1.000000,1.100000,0.000000,0.000000,-1.571000,-0.154349,0.992017,0.056954,1.005567
36.004000,-0.146755,0.007983,1.043025,-0.551954,-0.000002,-0.010599,-0.003840,0.000004,1.570810,-0.299987,1.000000,1.100000,0.000000,0.000000,-1.571000,-0.153231,0.992017,0.056975,1.005397
36.006000,-0.147859,0.007983,1.043004,-0.551000,-0.000002,-0.010613,-0.002643,0.000004,1.570809,-0.299963,1.000000,1.100000,0.000000,0.000000,-1.571000,-0.152104,0.992017,0.056996,1.005227
36.008000,-0.148960,0.007983,1.042982,-0.550024,-0.000002,-0.010627,-0.001443,0.000004,1.570809,-0.299927,1.000000,1.100000,0.000000,0.000000,-1.571000,-0.150967,0.992017,0.057018,1.005057
36.010000,-0.150060,0.007983,1.042961,-0.549027,-0.000002,-0.010641,-0.000240,0.000003,1.570808,-0.299880,1.000000,1.100000,0.000000,0.000000,-1.571000,-0.149820,0.992017,0.057039,1.004887
36.012000,-0.151158,0.007983,1.042940,-0.548008,-0.000002,-0.010655,0.000964,0.000003,1.570808,-0.299821,1.000000,1.100000,0.000000,0.000000,-1.571000,-0.148663,0.992017,0.057060,1.004716
36.014000,-0.152253,0.007983,1.042918,-0.546967,-0.000002,-0.010669,0.002169,0.000003,1.570807,-0.299750,1.000000,1.100000,0.000000,0.000000,-1.571000,-0.147497,0.992017,0.057082,1.004545
36.016000,-0.153347,0.007983,1.042897,-0.545905,-0.000002,-0.010682,0.003373,0.000003,1.570806,-0.299667,1.000000,1.100000,0.000000,0.000000,-1.571000,-0.146320,0.992017,0.057103,1.004374
36.018000,-0.154438,0.007983,1.042876,-0.544821,-0.000002,-0.010696,0.004575,0.000002,1.570806,-0.299572,1.000000,1.100000,0.000000,0.000000,-1.571000,-0.145134,0.992017,0.057124,1.004203
36.020000,-0.155527,0.007983,1.042854,-0.543716,-0.000002,-0.010710,0.005775,0.000002,1.570805,-0.299466,1.000000,1.100000,0.000000,0.000000,-1.571000,-0.143939,0.992017,0.057146,1.004033
36.022000,-0.156614,0.007983,1.042833,-0.542589,-0.000001,-0.010724,0.006971,0.000002,1.570805,-0.299347,1.000000,1.100000,0.000000,0.000000,-1.571000,-0.142733,0.992017,0.057167,1.003862
36.024000,-0.157698,0.007983,1.042811,-0.541441,-0.000001,-0.010740,0.008162,0.000002,1.570804,-0.299217,1.000000,1.100000,0.000000,0.000000,-1.571000,-0.141519,0.992017,0.057189,1.003691
36.026000,-0.158781,0.007983,1.042790,-0.540272,-0.000001,-0.010756,0.009347,0.000002,1.570804,-0.299075,1.000000,1.100000,0.000000,0.000000,-1.571000,-0.140295,0.992017,0.057210,1.003520
36.028000,-0.159860,0.007983,1.042768,-0.539082,-0.000001,-0.010773,0.010525,0.000002,1.570803,-0.298921,1.000000,1.100000,0.000000,0.000000,-1.571000,-0.139061,0.992017,0.057232,1.003350
36.030000,-0.160938,0.007983,1.042747,-0.537872,-0.000001,-0.010791,0.011694,0.000001,1.570803,-0.298756,1.000000,1.100000,0.000000,0.000000,-1.571000,-0.137818,0.992017,0.057253,1.003180
36.032000,-0.162013,0.007983,1.042725,-0.536641,-0.000001,-0.010809,0.012853,0.000001,1.570803,-0.298578,1.000000,1.100000,0.000000,0.000000,-1.571000,-0.136566,0.992017,0.057275,1.003010
36.034000,-0.163085,0.007983,1.042703,-0.535389,-0.000001,-0.010828,0.014002,0.000001,1.570802,-0.298389,1.000000,1.100000,0.000000,0.000000,-1.571000,-0.135304,0.992017,0.057297,1.002840
36.036000,-0.164155,0.007983,1.042682,-0.534117,-0.000001,-0.010848,0.015138,0.000001,1.570802,-0.298188,1.000000,1.100000,0.000000,0.000000,-1.571000,-0.134033,0.992017,0.057318,1.002670
36.038000,-0.165223,0.007983,1.042660,-0.532826,-0.000001,-0.010869,0.016262,0.000001,1.570802,-0.297976,1.000000,1.100000,0.000000,0.000000,-1.571000,-0.132753,0.992017,0.057340,1.002501
36.040000,-0.166287,0.007983,1.042638,-0.531515,-0.000001,-0.010890,0.017372,0.000001,1.570802,-0.297751,1.000000,1.100000,0.000000,0.000000,-1.571000,-0.131464,0.992017,0.057362,1.002333
36.042000,-0.167350,0.007983,1.042616,-0.530185,-0.000001,-0.010912,0.018467,0.000000,1.570802,-0.297515,1.000000,1.100000,0.000000,0.000000,-1.571000,-0.130165,0.992017,0.057384,1.002164
36.044000,-0.168409,0.007983,1.042594,-0.528836,-0.000001,-0.010935,0.019546,0.000000,1.570803,-0.297267,1.000000,1.100000,0.000000,0.000000,-1.571000,-0.128858,0.992017,0.057406,1.001997
36.046000,-0.169466,0.007983,1.042572,-0.527469,-0.000001,-0.010958,0.020608,0.000000,1.570803,-0.297007,1.000000,1.100000,0.000000,0.000000,-1.571000,-0.127541,0.992017,0.057428,1.001829
36.048000,-0.170520,0.007983,1.042550,-0.526084,-0.000001,-0.010982,0.021652,-0.000000,1.570803,-0.296736,1.000000,1.100000,0.000000,0.000000,-1.571000,-0.126216,0.992017,0.057450,1.001663
36.050000,-0.171571,0.007983,1.042528,-0.524680,-0.000001,-0.011007,0.022678,-0.000000,1.570804,-0.296452,1.000000,1.100000,0.000000,0.000000,-1.571000,-0.124882,0.992017,0.057472,1.001497
36.052000,-0.172619,0.007983,1.042506,-0.523260,-0.000001,-0.011032,0.023684,-0.000000,1.570804,-0.296158,1.000000,1.100000,0.000000,0.000000,-1.571000,-0.123539,0.992017,0.057494,1.001332
36.054000,-0.173664,0.007983,1.042484,-0.521823,-0.000001,-0.011058,0.024669,-0.000000,1.570805,-0.295851,1.000000,1.100000,0.000000,0.000000,-1.571000,-0.122187,0.992017,0.057516,1.001167
36.056000,-0.174707,0.007983,1.042462,-0.520369,-0.000001,-0.011084,0.025634,-0.000000,1.570806,-0.295533,1.000000,1.100000,0.000000,0.000000,-1.571000,-0.120826,0.992017,0.057538,1.001003
36.058000,-0.175746,0.007983,1.042440,-0.518899,-0.000001,-0.011111,0.026577,-0.000001,1.570806,-0.295203,1.000000,1.100000,0.000000,0.000000,-1.571000,-0.119456,0.992017,0.057560,1.000840
36.060000,-0.176783,0.007983,1.042417,-0.517413,-0.000001,-0.011138,0.027498,-0.000001,1.570807,-0.294861,1.000000,1.100000,0.000000,0.000000,-1.571000,-0.118078,0.992017,0.057583,1.000678
36.062000,-0.177817,0.007983,1.042395,-0.515913,-0.000001,-0.011166,0.028396,-0.000001,1.570808,-0.294508,1.000000,1.100000,0.000000,0.000000,-1.571000,-0.116691,0.992017,0.057605,1.000516
36.064000,-0.178847,0.007983,1.042373,-0.514398,-0.000001,-0.011194,0.029271,-0.000001,1.570809,-0.294143,1.000000,1.100000,0.000000,0.000000,-1.571000,-0.115296,0.992017,0.057627,1.000356
36.066000,-0.179875,0.007983,1.042350,-0.512868,-0.000001,-0.011223,0.030122,-0.000001,1.570810,-0.293767,1.000000,1.100000,0.000000,0.000000,-1.571000,-0.113892,0.992017,0.057650,1.000196
36.068000,-0.180899,0.007983,1.042328,-0.511325,-0.000001,-0.011253,0.030949,-0.000001,1.570810,-0.293379,1.000000,1.100000,0.000000,0.000000,-1.571000,-0.112480,0.992017,0.057672,1.000038
36.070000,-0.181921,0.007983,1.042305,-0.509769,-0.000001,-0.011283,0.031751,-0.000001,1.570811,-0.292979,1.000000,1.100000,0.000000,0.000000,-1.571000,-0.111059,0.992017,0.057695,0.999880
36.072000,-0.182939,0.007983,1.042283,-0.508200,-0.000001,-0.011313,0.032529,-0.000001,1.570812,-0.292568,1.000000,1.100000,0.000000,0.000000,-1.571000,-0.109629,0.992017,0.057717,0.999724
36.074000,-0.183954,0.007983,1.042260,-0.506619,-0.000001,-0.011344,0.033281,-0.000001,1.570813,-0.292145,1.000000,1.100000,0.000000,0.000000,-1.571000,-0.108191,0.992017,0.057740,0.999568
36.076000,-0.184966,0.007983,1.042237,-0.505027,-0.000001,-0.011376,0.034009,-0.000001,1.570814,-0.291711,1.000000,1.100000,0.000000,0.000000,-1.571000,-0.106745,0.992017,0.057763,0.999414
36.078000,-0.185974,0.007983,1.042214,-0.503423,-0.000001,-0.011408,0.034711,-0.000001,1.570816,-0.291265,1.000000,1.100000,0.000000,0.000000,-1.571000,-0.105291,0.992017,0.057786,0.999261
36.080000,-0.186980,0.007983,1.042191,-0.501808,-0.000001,-0.011440,0.035388,-0.000001,1.570817,-0.290808,1.000000,1.100000,0.000000,0.000000,-1.571000,-0.103828,0.992017,0.057809,0.999109
36.082000,-0.187982,0.007983,1.042168,-0.500184,-0.000001,-0.011462,0.036044,-0.000001,1.570818,-0.290339,1.000000,1.100000,0.000000,0.000000,-1.571000,-0.102357,0.992017,0.057832,0.998959
36.084000,-0.188981,0.007983,1.042145,-0.498548,-0.000001,-0.011463,0.036689,-0.000001,1.570818,-0.289859,1.000000,1.100000,0.000000,0.000000,-1.571000,-0.100878,0.992017,0.057855,0.998810
36.086000,-0.189976,0.007983,1.042123,-0.496903,-0.000001,-0.011445,0.037335,-0.000001,1.570819,-0.289367,1.000000,1.100000,0.000000,0.000000,-1.571000,-0.099391,0.992017,0.057877,0.998662
36.088000,-0.190969,0.007983,1.042100,-0.495247,-0.000001,-0.011409,0.037991,-0.000001,1.570819,-0.288864,1.000000,1.100000,0.000000,0.000000,-1.571000,-0.097895,0.992017,0.057900,0.998516
36.090000,-0.191958,0.007983,1.042077,-0.493580,-0.000001,-0.011359,0.038665,-0.000001,1.570820,-0.288350,1.000000,1.100000,0.000000,0.000000,-1.571000,-0.096392,0.992017,0.057923,0.998371
36.092000,-0.192943,0.007983,1.042054,-0.491903,-0.000001,-0.011295,0.039366,-0.000000,1.570819,-0.287824,1.000000,1.100000,0.000000,0.000000,-1.571000,-0.094880,0.992017,0.057946,0.998227
36.094000,-0.193926,0.007983,1.042032,-0.490215,-0.000001,-0.011218,0.040101,-0.000000,1.570819,-0.287286,1.000000,1.100000,0.000000,0.000000,-1.571000,-0.093361,0.992017,0.057968,0.998085
36.096000,-0.194905,0.007983,1.042009,-0.488514,-0.000001,-0.011130,0.040876,-0.000000,1.570818,-0.286738,1.000000,1.100000,0.000000,0.000000,-1.571000,-0.091833,0.992017,0.057991,0.997945
36.098000,-0.195880,0.007983,1.041987,-0.486801,-0.000001,-0.011032,0.041697,0.000000,1.570817,-0.286178,1.000000,1.100000,0.000000,0.000000,-1.571000,-0.090298,0.992017,0.058013,0.997806
36.100000,-0.196852,0.007983,1.041965,-0.485074,-0.000001,-0.010925,0.042567,0.000000,1.570816,-0.285607,1.000000,1.100000,0.000000,0.000000,-1.571000,-0.088755,0.992017,0.058035,0.997669
36.102000,-0.197820,0.007983,1.041944,-0.483333,-0.000001,-0.010810,0.043492,0.000001,1.570814,-0.285024,1.000000,1.100000,0.000000,0.000000,-1.571000,-0.087204,0.992017,0.058056,0.997533
36.104000,-0.198785,0.007983,1.041922,-0.481576,-0.000001,-0.010687,0.044474,0.000001,1.570812,-0.284431,1.000000,1.100000,0.000000,0.000000,-1.571000,-0.085645,0.992017,0.058078,0.997400
36.106000,-0.199747,0.007983,1.041901,-0.479803,-0.000001,-0.010559,0.045516,0.000002,1.570809,-0.283826,1.000000,1.100000,0.000000,0.000000,-1.571000,-0.084079,0.992017,0.058099,0.997267
36.108000,-0.200705,0.007983,1.041880,-0.478011,-0.000001,-0.010424,0.046621,0.000002,1.570807,-0.283209,1.000000,1.100000,0.000000,0.000000,-1.571000,-0.082505,0.992017,0.058120,0.997137
36.110000,-0.201659,0.007983,1.041859,-0.476201,-0.000001,-0.010285,0.047790,0.000003,1.570804,-0.282582,1.000000,1.100000,0.000000,0.000000,-1.571000,-0.080923,0.992017,0.058141,0.997009
36.112000,-0.202610,0.007983,1.041839,-0.474370,-0.000001,-0.010141,0.049025,0.000003,1.570800,-0.281944,1.000000,1.100000,0.000000,0.000000,-1.571000,-0.079334,0.992017,0.058161,0.996882
36.114000,-0.203557,0.007983,1.041819,-0.472518,-0.000001,-0.009994,0.050325,0.000004,1.570797,-0.281294,1.000000,1.100000,0.000000,0.000000,-1.571000,-0.077737,0.992017,0.058181,0.996758
36.116000,-0.204500,0.007983,1.041799,-0.470643,-0.000001,-0.009844,0.051691,0.000005,1.570793,-0.280633,1.000000,1.100000,0.000000,0.000000,-1.571000,-0.076133,0.992017,0.058201,0.996635
36.118000,-0.205439,0.007983,1.041780,-0.468744,-0.000001,-0.009692,0.053122,0.000005,1.570789,-0.279961,1.000000,1.100000,0.000000,0.000000,-1.571000,-0.074522,0.992017,0.058220,0.996514
36.120000,-0.206375,0.007983,1.041761,-0.466820,-0.000001,-0.009537,0.054619,0.000006,1.570785,-0.279279,1.000000,1.100000,0.000000,0.000000,-1.571000,-0.072904,0.992017,0.058239,0.996396
36.122000,-0.207306,0.007983,1.041742,-0.464869,-0.000000,-0.009381,0.056180,0.000007,1.570780,-0.278585,1.000000,1.100000,0.000000,0.000000,-1.571000,-0.071278,0.992017,0.058258,0.996279
36.124000,-0.208234,0.007983,1.041723,-0.462891,-0.000000,-0.009224,0.057803,0.000007,1.570776,-0.277880,1.000000,1.100000,0.000000,0.000000,-1.571000,-0.069646,0.992017,0.058277,0.996165
36.126000,-0.209158,0.007983,1.041705,-0.460884,-0.000000,-0.009067,0.059486,0.000008,1.570771,-0.277164,1.000000,1.100000,0.000000,0.000000,-1.571000,-0.068006,0.992017,0.058295,0.996053
36.128000,-0.210077,0.007983,1.041687,-0.458847,-0.000000,-0.008909,0.061229,0.000009,1.570767,-0.276437,1.000000,1.100000,0.000000,0.000000,-1.571000,-0.066360,0.992017,0.058313,0.995943
36.130000,-0.210993,0.007983,1.041669,-0.456779,0.000000,-0.008751,0.063027,0.000009,1.570762,-0.275699,1.000000,1.100000,0.000000,0.000000,-1.571000,-0.064706,0.992017,0.058331,0.995835
36.132000,-0.211904,0.007983,1.041652,-0.454679,0.000000,-0.008594,0.064880,0.000010,1.570758,-0.274951,1.000000,1.100000,0.000000,0.000000,-1.571000,-0.063047,0.992017,0.058348,0.995729
36.134000,-0.212811,0.007983,1.041635,-0.452546,0.000000,-0.008437,0.066783,0.000011,1.570753,-0.274191,1.000000,1.100000,0.000000,0.000000,-1.571000,-0.061380,0.992017,0.058365,0.995626
36.136000,-0.213714,0.007983,1.041618,-0.450379,0.000001,-0.008281,0.068734,0.000011,1.570749,-0.273421,1.000000,1.100000,0.000000,0.000000,-1.571000,-0.059707,0.992017,0.058382,0.995525
36.138000,-0.214612,0.007983,1.041602,-0.448177,0.000001,-0.008127,0.070730,0.000012,1.570745,-0.272640,1.000000,1.100000,0.000000,0.000000,-1.571000,-0.058028,0.992017,0.058398,0.995427
36.140000,-0.215506,0.007983,1.041586,-0.445940,0.000001,-0.007975,0.072767,0.000013,1.570741,-0.271848,1.000000,1.100000,0.000000,0.000000,-1.571000,-0.056342,0.992017,0.058414,0.995331
36.142000,-0.216396,0.007983,1.041570,-0.443667,0.000001,-0.007824,0.074842,0.000013,1.570738,-0.271045,1.000000,1.100000,0.000000,0.000000,-1.571000,-0.054650,0.992017,0.058430,0.995238
36.144000,-0.217280,0.007983,1.041555,-0.441356,0.000001,-0.007676,0.076951,0.000014,1.570734,-0.270232,1.000000,1.100000,0.000000,0.000000,-1.571000,-0.052952,0.992017,0.058445,0.995147
36.146000,-0.218160,0.007983,1.041540,-0.439008,0.000001,-0.007530,0.079091,0.000015,1.570731,-0.269408,1.000000,1.100000,0.000000,0.000000,-1.571000,-0.051248,0.992017,0.058460,0.995059
36.148000,-0.219036,0.007983,1.041525,-0.436622,0.000002,-0.007386,0.081257,0.000015,1.570728,-0.268574,1.000000,1.100000,0.000000,0.000000,-1.571000,-0.049538,0.992017,0.058475,0.994973
36.150000,-0.219906,0.007983,1.041510,-0.434198,0.000002,-0.007246,0.083447,0.000016,1.570726,-0.267729,1.000000,1.100000,0.000000,0.000000,-1.571000,-0.047822,0.992017,0.058490,0.994890
36.152000,-0.220772,0.007983,1.041496,-0.431734,0.000002,-0.007109,0.085655,0.000016,1.570723,-0.266873,1.000000,1.100000,0.000000,0.000000,-1.571000,-0.046101,0.992017,0.058504,0.994809
36.154000,-0.221632,0.007983,1.041482,-0.429232,0.000002,-0.006974,0.087879,0.000017,1.570722,-0.266006,1.000000,1.100000,0.000000,0.000000,-1.571000,-0.044374,0.992017,0.058518,0.994732
36.156000,-0.222488,0.007983,1.041468,-0.426691,0.000002,-0.006844,0.090113,0.000017,1.570720,-0.265130,1.000000,1.100000,0.000000,0.000000,-1.571000,-0.042642,0.992017,0.058532,0.994657
36.158000,-0.223338,0.007983,1.041455,-0.424110,0.000003,-0.006717,0.092355,0.000017,1.570719,-0.264242,1.000000,1.100000,0.000000,0.000000,-1.571000,-0.040904,0.992017,0.058545,0.994584
36.160000,-0.224183,0.007983,1.041441,-0.421489,0.000003,-0.006593,0.094601,0.000018,1.570719,-0.263345,1.000000,1.100000,0.000000,0.000000,-1.571000,-0.039161,0.992017,0.058559,0.994515
36.162000,-0.225023,0.007983,1.041428,-0.418829,0.000003,-0.006470,0.096846,0.000018,1.570718,-0.262437,1.000000,1.100000,0.000000,0.000000,-1.571000,-0.037413,0.992017,0.058572,0.994449
36.164000,-0.225858,0.007983,1.041416,-0.416129,0.000003,-0.006344,0.099089,0.000018,1.570719,-0.261518,1.000000,1.100000,0.000000,0.000000,-1.571000,-0.035661,0.992017,0.058584,0.994385
36.166000,-0.226687,0.007983,1.041403,-0.413389,0.000003,-0.006216,0.101327,0.000018,1.570719,-0.260589,1.000000,1.100000,0.000000,0.000000,-1.571000,-0.033903,0.992017,0.058597,0.994324
36.168000,-0.227510,0.007983,1.041391,-0.410610,0.000004,-0.006087,0.103558,0.000018,1.570720,-0.259650,1.000000,1.100000,0.000000,0.000000,-1.571000,-0.032140,0.992017,0.058609,0.994266
36.170000,-0.228328,0.007983,1.041379,-0.407791,0.000004,-0.005957,0.105778,0.000019,1.570721,-0.258701,1.000000,1.100000,0.000000,0.000000,-1.571000,-0.030373,0.992017,0.058621,0.994212
36.172000,-0.229140,0.007983,1.041367,-0.404934,0.000004,-0.005828,0.107985,0.000019,1.570723,-0.257742,1.000000,1.100000,0.000000,0.000000,-1.571000,-0.028602,0.992017,0.058633,0.994160
36.174000,-0.229946,0.007983,1.041356,-0.402037,0.000004,-0.005699,0.110177,0.000019,1.570725,-0.256772,1.000000,1.100000,0.000000,0.000000,-1.571000,-0.026826,0.992017,0.058644,0.994111
36.176000,-0.230747,0.007983,1.041345,-0.399103,0.000004,-0.005571,0.112351,0.000019,1.570728,-0.255792,1.000000,1.100000,0.000000,0.000000,-1.571000,-0.025045,0.992017,0.058655,0.994065
36.178000,-0.231541,0.007983,1.041334,-0.396131,0.000005,-0.005445,0.114505,0.000019,1.570730,-0.254802,1.000000,1.100000,0.000000,0.000000,-1.571000,-0.023261,0.992017,0.058666,0.994022
36.180000,-0.232330,0.007983,1.041323,-0.393122,0.000005,-0.005320,0.116636,0.000018,1.570733,-0.253802,1.000000,1.100000,0.000000,0.000000,-1.571000,-0.021472,0.992017,0.058677,0.993983
36.182000,-0.233112,0.007983,1.041312,-0.390077,0.000005,-0.005198,0.118742,0.000018,1.570737,-0.252792,1.000000,1.100000,0.000000,0.000000,-1.571000,-0.019680,0.992017,0.058688,0.993946
36.184000,-0.233889,0.007983,1.041302,-0.386995,0.000005,-0.005079,0.120820,0.000018,1.570740,-0.251772,1.000000,1.100000,0.000000,0.000000,-1.571000,-0.017883,0.992017,0.058698,0.993913
36.186000,-0.234659,0.007983,1.041292,-0.383878,0.000005,-0.004962,0.122869,0.000018,1.570744,-0.250742,1.000000,1.100000,0.000000,0.000000,-1.571000,-0.016083,0.992017,0.058708,0.993883
36.188000,-0.235423,0.007983,1.041282,-0.380726,0.000006,-0.004848,0.124887,0.000017,1.570748,-0.249702,1.000000,1.100000,0.000000,0.000000,-1.571000,-0.014280,0.992017,0.058718,0.993856
36.190000,-0.236180,0.007983,1.041273,-0.377541,0.000006,-0.004737,0.126871,0.000017,1.570752,-0.248653,1.000000,1.100000,0.000000,0.000000,-1.571000,-0.012473,0.992017,0.058727,0.993832
36.192000,-0.236931,0.007983,1.041264,-0.374322,0.000006,-0.004630,0.128819,0.000017,1.570757,-0.247593,1.000000,1.100000,0.000000,0.000000,-1.571000,-0.010662,0.992017,0.058736,0.993811
36.194000,-0.237676,0.007983,1.041254,-0.371071,0.000006,-0.004526,0.130730,0.000016,1.570761,-0.246524,1.000000,1.100000,0.000000,0.000000,-1.571000,-0.008848,0.992017,0.058746,0.993794
36.196000,-0.238414,0.007983,1.041246,-0.367788,0.000006,-0.004426,0.132602,0.000016,1.570766,-0.245445,1.000000,1.100000,0.000000,0.000000,-1.571000,-0.007031,0.992017,0.058754,0.993780
36.198000,-0.239145,0.007983,1.041237,-0.364475,0.000007,-0.004329,0.134434,0.000015,1.570771,-0.244356,1.000000,1.100000,0.000000,0.000000,-1.571000,-0.005211,0.992017,0.058763,0.993769
36.200000,-0.239870,0.007983,1.041228,-0.361132,0.000007,-0.004237,0.136224,0.000015,1.570776,-0.243258,1.000000,1.100000,0.000000,0.000000,-1.571000,-0.003388,0.992017,0.058772,0.993762
36.202000,-0.240587,0.007983,1.041220,-0.357760,0.000007,-0.004148,0.137971,0.000014,1.570781,-0.242150,1.000000,1.100000,0.000000,0.000000,-1.571000,-0.001562,0.992017,0.058780,0.993758
36.204000,-0.241299,0.007983,1.041212,-0.354360,0.000007,-0.004063,0.139673,0.000014,1.570786,-0.241032,1.000000,1.100000,0.000000,0.000000,-1.571000,0.000266,0.992017,0.058788,0.993757
36.206000,-0.242003,0.007983,1.041204,-0.350933,0.000008,-0.003982,0.141330,0.000013,1.570791,-0.239905,1.000000,1.100000,0.000000,0.000000,-1.571000,0.002097,0.992017,0.058796,0.993760
36.208000,-0.242700,0.007983,1.041196,-0.347480,0.000008,-0.003905,0.142941,0.000012,1.570796,-0.238769,1.000000,1.100000,0.000000,0.000000,-1.571000,0.003931,0.992017,0.058804,0.993766
36.210000,-0.243391,0.007983,1.041188,-0.344001,0.000008,-0.003832,0.144504,0.000012,1.570801,-0.237623,1.000000,1.100000,0.000000,0.000000,-1.571000,0.005768,0.992017,0.058812,0.993775
36.212000,-0.244074,0.007983,1.041181,-0.340499,0.000008,-0.003763,0.146020,0.000011,1.570806,-0.236468,1.000000,1.100000,0.000000,0.000000,-1.571000,0.007606,0.992017,0.058819,0.993788
36.214000,-0.244751,0.007983,1.041173,-0.336973,0.000008,-0.003697,0.147488,0.000010,1.570811,-0.235303,1.000000,1.100000,0.000000,0.000000,-1.571000,0.009447,0.992017,0.058827,0.993804
36.216000,-0.245420,0.007983,1.041166,-0.333426,0.000009,-0.003636,0.148907,0.000010,1.570816,-0.234129,1.000000,1.100000,0.000000,0.000000,-1.571000,0.011291,0.992017,0.058834,0.993824
36.218000,-0.246082,0.007983,1.041159,-0.329857,0.000009,-0.003578,0.150277,0.000009,1.570821,-0.232946,1.000000,1.100000,0.000000,0.000000,-1.571000,0.013136,0.992017,0.058841,0.993847
36.220000,-0.246737,0.007983,1.041152,-0.326268,0.000009,-0.003524,0.151597,0.000008,1.570826,-0.231754,1.000000,1.100000,0.000000,0.000000,-1.571000,0.014983,0.992017,0.058848,0.993874
36.222000,-0.247385,0.007983,1.041145,-0.322660,0.000009,-0.003471,0.152869,0.000007,1.570830,-0.230552,1.000000,1.100000,0.000000,0.000000,-1.571000,0.016833,0.992017,0.058855,0.993904
36.224000,-0.248025,0.007983,1.041138,-0.319033,0.000010,-0.003419,0.154092,0.000007,1.570835,-0.229341,1.000000,1.100000,0.000000,0.000000,-1.571000,0.018684,0.992017,0.058862,0.993937
36.226000,-0.248659,0.007983,1.041131,-0.315389,0.000010,-0.003367,0.155265,0.000006,1.570839,-0.228122,1.000000,1.100000,0.000000,0.000000,-1.571000,0.020537,0.992017,0.058869,0.993974
36.228000,-0.249284,0.007983,1.041124,-0.311728,0.000010,-0.003316,0.156390,0.000005,1.570843,-0.226893,1.000000,1.100000,0.000000,0.000000,-1.571000,0.022391,0.992017,0.058876,0.994014
36.230000,-0.249903,0.007984,1.041118,-0.308052,0.000010,-0.003265,0.157467,0.000005,1.570847,-0.225655,1.000000,1.100000,0.000000,0.000000,-1.571000,0.024248,0.992016,0.058882,0.994058
36.232000,-0.250514,0.007984,1.041111,-0.304361,0.000011,-0.003215,0.158495,0.000004,1.570850,-0.224409,1.000000,1.100000,0.000000,0.000000,-1.571000,0.026105,0.992016,0.058889,0.994106
36.234000,-0.251118,0.007984,1.041105,-0.300657,0.000011,-0.003166,0.159477,0.000003,1.570854,-0.223154,1.000000,1.100000,0.000000,0.000000,-1.571000,0.027964,0.992016,0.058895,0.994157
36.236000,-0.251714,0.007984,1.041099,-0.296940,0.000011,-0.003118,0.160411,0.000002,1.570857,-0.221889,1.000000,1.100000,0.000000,0.000000,-1.571000,0.029825,0.992016,0.058901,0.994211
36.238000,-0.252303,0.007984,1.041092,-0.293212,0.000011,-0.003072,0.161300,0.000002,1.570860,-0.220616,1.000000,1.100000,0.000000,0.000000,-1.571000,0.031687,0.992016,0.058908,0.994269
36.240000,-0.252885,0.007984,1.041086,-0.289473,0.000011,-0.003026,0.162144,0.000001,1.570863,-0.219335,1.000000,1.100000,0.000000,0.000000,-1.571000,0.033550,0.992016,0.058914,0.994330
36.242000,-0.253458,0.007984,1.041080,-0.285724,0.000012,-0.002981,0.162943,0.000000,1.570865,-0.218044,1.000000,1.100000,0.000000,0.000000,-1.571000,0.035414,0.992016,0.058920,0.994395
36.244000,-0.254025,0.007984,1.041074,-0.281967,0.000012,-0.002938,0.163699,-0.000000,1.570868,-0.216745,1.000000,1.100000,0.000000,0.000000,-1.571000,0.037279,0.992016,0.058926,0.994464
36.246000,-0.254584,0.007984,1.041069,-0.278202,0.000012,-0.002896,0.164412,-0.000001,1.570869,-0.215438,1.000000,1.100000,0.000000,0.000000,-1.571000,0.039146,0.992016,0.058931,0.994536
36.248000,-0.255135,0.007984,1.041063,-0.274430,0.000012,-0.002855,0.165084,-0.000002,1.570871,-0.214122,1.000000,1.100000,0.000000,0.000000,-1.571000,0.041013,0.992016,0.058937,0.994611
36.250000,-0.255679,0.007984,1.041057,-0.270652,0.000012,-0.002815,0.165716,-0.000002,1.570873,-0.212797,1.000000,1.100000,0.000000,0.000000,-1.571000,0.042881,0.992016,0.058943,0.994691
36.252000,-0.256215,0.007984,1.041052,-0.266868,0.000013,-0.002777,0.166309,-0.000003,1.570874,-0.211465,1.000000,1.100000,0.000000,0.000000,-1.571000,0.044750,0.992016,0.058948,0.994773
36.254000,-0.256743,0.007984,1.041046,-0.263080,0.000013,-0.002739,0.166864,-0.000004,1.570875,-0.210123,1.000000,1.100000,0.000000,0.000000,-1.571000,0.046620,0.992016,0.058954,0.994859
36.256000,-0.257264,0.007984,1.041041,-0.259288,0.000013,-0.002703,0.167382,-0.000004,1.570876,-0.208774,1.000000,1.100000,0.000000,0.000000,-1.571000,0.048491,0.992016,0.058959,0.994949
36.258000,-0.257778,0.007984,1.041035,-0.255493,0.000013,-0.002668,0.167865,-0.000005,1.570876,-0.207416,1.000000,1.100000,0.000000,0.000000,-1.571000,0.050362,0.992016,0.058965,0.995042
36.260000,-0.258284,0.007984,1.041030,-0.251695,0.000013,-0.002633,0.168313,-0.000006,1.570876,-0.206050,1.000000,1.100000,0.000000,0.000000,-1.571000,0.052233,0.992016,0.058970,0.995139
36.262000,-0.258782,0.007984,1.041025,-0.247896,0.000013,-0.002599,0.168729,-0.000006,1.570876,-0.204676,1.000000,1.100000,0.000000,0.000000,-1.571000,0.054106,0.992016,0.058975,0.995239
36.264000,-0.259272,0.007984,1.041020,-0.244096,0.000013,-0.002565,0.169113,-0.000007,1.570876,-0.203294,1.000000,1.100000,0.000000,0.000000,-1.571000,0.055978,0.992016,0.058980,0.995343
36.266000,-0.259755,0.007984,1.041015,-0.240295,0.000014,-0.002532,0.169467,-0.000007,1.570876,-0.201904,1.000000,1.100000,0.000000,0.000000,-1.571000,0.057852,0.992016,0.058985,0.995451
36.268000,-0.260231,0.007984,1.041010,-0.236494,0.000014,-0.002500,0.169792,-0.000008,1.570875,-0.200506,1.000000,1.100000,0.000000,0.000000,-1.571000,0.059725,0.992016,0.058990,0.995562
36.270000,-0.260699,0.007984,1.041005,-0.232694,0.000014,-0.002469,0.170090,-0.000008,1.570874,-0.199100,1.000000,1.100000,0.000000,0.000000,-1.571000,0.061599,0.992016,0.058995,0.995676
36.272000,-0.261159,0.007984,1.041000,-0.228896,0.000014,-0.002438,0.170361,-0.000009,1.570873,-0.197686,1.000000,1.100000,0.000000,0.000000,-1.571000,0.063473,0.992016,0.059000,0.995794
36.274000,-0.261611,0.007984,1.040995,-0.225099,0.000014,-0.002407,0.170608,-0.000009,1.570872,-0.196264,1.000000,1.100000,0.000000,0.000000,-1.571000,0.065347,0.992016,0.059005,0.995915
36.276000,-0.262056,0.007984,1.040990,-0.221304,0.000014,-0.002377,0.170831,-0.000009,1.570870,-0.194834,1.000000,1.100000,0.000000,0.000000,-1.571000,0.067222,0.992016,0.059010,0.996040
36.278000,-0.262494,0.007984,1.040985,-0.217512,0.000014,-0.002347,0.171031,-0.000010,1.570869,-0.193397,1.000000,1.100000,0.000000,0.000000,-1.571000,0.069096,0.992016,0.059015,0.996169
36.280000,-0.262923,0.007984,1.040981,-0.213723,0.000014,-0.002318,0.171211,-0.000010,1.570867,-0.191952,1.000000,1.100000,0.000000,0.000000,-1.571000,0.070971,0.992016,0.059019,0.996301
36.282000,-0.263345,0.007984,1.040976,-0.209937,0.000014,-0.002284,0.171371,-0.000010,1.570865,-0.190500,1.000000,1.100000,0.000000,0.000000,-1.571000,0.072845,0.992016,0.059024,0.996436
36.284000,-0.263760,0.007984,1.040972,-0.206154,0.000014,-0.002243,0.171512,-0.000010,1.570863,-0.189040,1.000000,1.100000,0.000000,0.000000,-1.571000,0.074720,0.992016,0.059028,0.996576
36.286000,-0.264167,0.007984,1.040967,-0.202373,0.000014,-0.002194,0.171636,-0.000010,1.570861,-0.187573,1.000000,1.100000,0.000000,0.000000,-1.571000,0.076594,0.992016,0.059033,0.996718
36.288000,-0.264567,0.007984,1.040963,-0.198596,0.000014,-0.002138,0.171744,-0.000010,1.570858,-0.186098,1.000000,1.100000,0.000000,0.000000,-1.571000,0.078469,0.992016,0.059037,0.996864
36.290000,-0.264959,0.007984,1.040959,-0.194823,0.000014,-0.002077,0.171838,-0.000010,1.570856,-0.184616,1.000000,1.100000,0.000000,0.000000,-1.571000,0.080343,0.992016,0.059041,0.997014
36.292000,-0.265343,0.007984,1.040955,-0.191054,0.000014,-0.002009,0.171917,-0.000010,1.570854,-0.183127,1.000000,1.100000,0.000000,0.000000,-1.571000,0.082216,0.992016,0.059045,0.997166
36.294000,-0.265720,0.007984,1.040951,-0.187289,0.000014,-0.001937,0.171985,-0.000010,1.570851,-0.181630,1.000000,1.100000,0.000000,0.000000,-1.571000,0.084090,0.992016,0.059049,0.997323
36.296000,-0.266089,0.007984,1.040947,-0.183529,0.000014,-0.001861,0.172040,-0.000010,1.570848,-0.180126,1.000000,1.100000,0.000000,0.000000,-1.571000,0.085963,0.992016,0.059053,0.997483
36.298000,-0.266451,0.007984,1.040943,-0.179775,0.000014,-0.001780,0.172085,-0.000009,1.570846,-0.178615,1.000000,1.100000,0.000000,0.000000,-1.571000,0.087836,0.992016,0.059057,0.997646
36.300000,-0.266805,0.007984,1.040940,-0.176026,0.000014,-0.001696,0.172121,-0.000009,1.570843,-0.177097,1.000000,1.100000,0.000000,0.000000,-1.571000,0.089708,0.992016,0.059060,0.997813
36.302000,-0.267152,0.007984,1.040937,-0.172282,0.000014,-0.001608,0.172148,-0.000009,1.570840,-0.175572,1.000000,1.100000,0.000000,0.000000,-1.571000,0.091580,0.992016,0.059063,0.997983
36.304000,-0.267491,0.007984,1.040934,-0.168545,0.000014,-0.001518,0.172168,-0.000008,1.570837,-0.174040,1.000000,1.100000,0.000000,0.000000,-1.571000,0.093451,0.992016,0.059066,0.998157
36.306000,-0.267823,0.007985,1.040931,-0.164813,0.000014,-0.001424,0.172181,-0.000008,1.570835,-0.172502,1.000000,1.100000,0.000000,0.000000,-1.571000,0.095321,0.992015,0.059069,0.998334
36.308000,-0.268147,0.007985,1.040928,-0.161088,0.000014,-0.001328,0.172188,-0.000007,1.570832,-0.170956,1.000000,1.100000,0.000000,0.000000,-1.571000,0.097191,0.992015,0.059072,0.998514
36.310000,-0.268464,0.007985,1.040926,-0.157369,0.000014,-0.001230,0.172190,-0.000006,1.570829,-0.169404,1.000000,1.100000,0.000000,0.000000,-1.571000,0.099061,0.992015,0.059074,0.998698
36.312000,-0.268774,0.007985,1.040923,-0.153657,0.000014,-0.001130,0.172187,-0.000006,1.570826,-0.167845,1.000000,1.100000,0.000000,0.000000,-1.571000,0.100929,0.992015,0.059077,0.998885
36.314000,-0.269076,0.007985,1.040921,-0.149951,0.000014,-0.001028,0.172181,-0.000005,1.570823,-0.166279,1.000000,1.100000,0.000000,0.000000,-1.571000,0.102797,0.992015,0.059079,0.999076
36.316000,-0.269370,0.007985,1.040919,-0.146252,0.000014,-0.000925,0.172172,-0.000004,1.570820,-0.164707,1.000000,1.100000,0.000000,0.000000,-1.571000,0.104664,0.992015,0.059081,0.999269
36.318000,-0.269658,0.007985,1.040918,-0.142559,0.000014,-0.000820,0.172161,-0.000004,1.570817,-0.163128,1.000000,1.100000,0.000000,0.000000,-1.571000,0.106530,0.992015,0.059082,0.999467
36.320000,-0.269938,0.007985,1.040916,-0.138874,0.000013,-0.000713,0.172149,-0.000003,1.570814,-0.161543,1.000000,1.100000,0.000000,0.000000,-1.571000,0.108395,0.992015,0.059084,0.999667
36.322000,-0.270210,0.007985,1.040915,-0.135195,0.000013,-0.000605,0.172135,-0.000002,1.570812,-0.159951,1.000000,1.100000,0.000000,0.000000,-1.571000,0.110259,0.992015,0.059085,0.999871
36.324000,-0.270475,0.007985,1.040914,-0.131523,0.000013,-0.000497,0.172120,-0.000002,1.570809,-0.158354,1.000000,1.100000,0.000000,0.000000,-1.571000,0.112122,0.992015,0.059086,1.000078
36.326000,-0.270733,0.007985,1.040913,-0.127858,0.000013,-0.000387,0.172105,-0.000001,1.570806,-0.156750,1.000000,1.100000,0.000000,0.000000,-1.571000,0.113983,0.992015,0.059087,1.000289
36.328000,-0.270984,0.007985,1.040912,-0.124200,0.000013,-0.000276,0.172091,-0.000000,1.570803,-0.155139,1.000000,1.100000,0.000000,0.000000,-1.571000,0.115844,0.992015,0.059088,1.000503
36.330000,-0.271227,0.007985,1.040912,-0.120549,0.000013,-0.000165,0.172077,0.000000,1.570801,-0.153523,1.000000,1.100000,0.000000,0.000000,-1.571000,0.117704,0.992015,0.059088,1.000720
36.332000,-0.271463,0.007985,1.040912,-0.116905,0.000013,-0.000053,0.172065,0.000001,1.570798,-0.151900,1.000000,1.100000,0.000000,0.000000,-1.571000,0.119562,0.992015,0.059088,1.000940
36.334000,-0.271691,0.007985,1.040912,-0.113267,0.000013,0.000060,0.172054,0.000001,1.570795,-0.150272,1.000000,1.100000,0.000000,0.000000,-1.571000,0.121419,0.992015,0.059088,1.001163
36.336000,-0.271912,0.007985,1.040912,-0.109637,0.000013,0.000173,0.172044,0.000002,1.570793,-0.148638,1.000000,1.100000,0.000000,0.000000,-1.571000,0.123275,0.992015,0.059088,1.001390
36.338000,-0.272127,0.007985,1.040913,-0.106013,0.000013,0.000286,0.172037,0.000003,1.570790,-0.146997,1.000000,1.100000,0.000000,0.000000,-1.571000,0.125129,0.992015,0.059087,1.001620
36.340000,-0.272333,0.007985,1.040913,-0.102396,0.000013,0.000400,0.172031,0.000003,1.570788,-0.145351,1.000000,1.100000,0.000000,0.000000,-1.571000,0.126982,0.992015,0.059087,1.001853
36.342000,-0.272533,0.007985,1.040914,-0.098786,0.000013,0.000514,0.172028,0.000004,1.570786,-0.143699,1.000000,1.100000,0.000000,0.000000,-1.571000,0.128833,0.992015,0.059086,1.002089
36.344000,-0.272725,0.007985,1.040916,-0.095182,0.000013,0.000629,0.172028,0.000004,1.570783,-0.142042,1.000000,1.100000,0.000000,0.000000,-1.571000,0.130683,0.992015,0.059084,1.002329
36.346000,-0.272910,0.007985,1.040917,-0.091585,0.000013,0.000744,0.172030,0.000005,1.570781,-0.140379,1.000000,1.100000,0.000000,0.000000,-1.571000,0.132531,0.992015,0.059083,1.002571
36.348000,-0.273088,0.007985,1.040919,-0.087995,0.000013,0.000859,0.172035,0.000005,1.570779,-0.138710,1.000000,1.100000,0.000000,0.000000,-1.571000,0.134378,0.992015,0.059081,1.002817
36.350000,-0.273259,0.007985,1.040921,-0.084411,0.000013,0.000974,0.172043,0.000005,1.570777,-0.137036,1.000000,1.100000,0.000000,0.000000,-1.571000,0.136223,0.992015,0.059079,1.003066
36.352000,-0.273423,0.007985,1.040923,-0.080833,0.000013,0.001089,0.172053,0.000006,1.570775,-0.135357,1.000000,1.100000,0.000000,0.000000,-1.571000,0.138066,0.992015,0.059077,1.003317
36.354000,-0.273579,0.007985,1.040925,-0.077262,0.000013,0.001204,0.172067,0.000006,1.570773,-0.133672,1.000000,1.100000,0.000000,0.000000,-1.571000,0.139907,0.992015,0.059075,1.003572
36.356000,-0.273729,0.007985,1.040928,-0.073697,0.000014,0.001319,0.172083,0.000006,1.570771,-0.131982,1.000000,1.100000,0.000000,0.000000,-1.571000,0.141747,0.992015,0.059072,1.003830
36.358000,-0.273871,0.007985,1.040930,-0.070138,0.000014,0.001434,0.172103,0.000007,1.570769,-0.130286,1.000000,1.100000,0.000000,0.000000,-1.571000,0.143584,0.992015,0.059070,1.004091
36.360000,-0.274006,0.007985,1.040933,-0.066586,0.000014,0.001549,0.172125,0.000007,1.570768,-0.128586,1.000000,1.100000,0.000000,0.000000,-1.571000,0.145420,0.992015,0.059067,1.004355
36.362000,-0.274134,0.007985,1.040937,-0.063039,0.000014,0.001665,0.172150,0.000007,1.570766,-0.126880,1.000000,1.100000,0.000000,0.000000,-1.571000,0.147253,0.992015,0.059063,1.004622
36.364000,-0.274255,0.007985,1.040940,-0.059498,0.000014,0.001782,0.172179,0.000007,1.570765,-0.125170,1.000000,1.100000,0.000000,0.000000,-1.571000,0.149085,0.992015,0.059060,1.004892
36.366000,-0.274368,0.007985,1.040944,-0.055963,0.000014,0.001900,0.172209,0.000007,1.570763,-0.123454,1.000000,1.100000,0.000000,0.000000,-1.571000,0.150914,0.992015,0.059056,1.005165
36.368000,-0.274475,0.007985,1.040948,-0.052434,0.000014,0.002020,0.172243,0.000007,1.570762,-0.121734,1.000000,1.100000,0.000000,0.000000,-1.571000,0.152741,0.992015,0.059052,1.005440
36.370000,-0.274575,0.007985,1.040952,-0.048910,0.000014,0.002140,0.172279,0.000007,1.570761,-0.120009,1.000000,1.100000,0.000000,0.000000,-1.571000,0.154566,0.992015,0.059048,1.005719
36.372000,-0.274668,0.007985,1.040957,-0.045392,0.000014,0.002262,0.172317,0.000007,1.570759,-0.118279,1.000000,1.100000,0.000000,0.000000,-1.571000,0.156389,0.992015,0.059043,1.006000
36.374000,-0.274753,0.007985,1.040961,-0.041879,0.000014,0.002384,0.172358,0.000007,1.570758,-0.116544,1.000000,1.100000,0.000000,0.000000,-1.571000,0.158209,0.992015,0.059039,1.006285
36.376000,-0.274832,0.007985,1.040966,-0.038372,0.000014,0.002506,0.172401,0.000007,1.570757,-0.114805,1.000000,1.100000,0.000000,0.000000,-1.571000,0.160027,0.992015,0.059034,1.006572
36.378000,-0.274903,0.007985,1.040972,-0.034871,0.000013,0.002630,0.172446,0.000007,1.570756,-0.113061,1.000000,1.100000,0.000000,0.000000,-1.571000,0.161842,0.992015,0.059028,1.006861
36.380000,-0.274968,0.007986,1.040977,-0.031374,0.000013,0.002753,0.172492,0.000007,1.570755,-0.111313,1.000000,1.100000,0.000000,0.000000,-1.571000,0.163655,0.992014,0.059023,1.007154
36.382000,-0.275025,0.007986,1.040983,-0.027884,0.000013,0.002877,0.172541,0.000007,1.570754,-0.109561,1.000000,1.100000,0.000000,0.000000,-1.571000,0.165465,0.992014,0.059017,1.007449
36.384000,-0.275076,0.007986,1.040989,-0.024399,0.000013,0.003001,0.172591,0.000006,1.570754,-0.107804,1.000000,1.100000,0.000000,0.000000,-1.571000,0.167272,0.992014,0.059011,1.007748
36.386000,-0.275120,0.007986,1.040995,-0.020919,0.000013,0.003126,0.172642,0.000006,1.570753,-0.106042,1.000000,1.100000,0.000000,0.000000,-1.571000,0.169077,0.992014,0.059005,1.008048
36.388000,-0.275156,0.007986,1.041001,-0.017444,0.000013,0.003250,0.172695,0.000006,1.570752,-0.104277,1.000000,1.100000,0.000000,0.000000,-1.571000,0.170879,0.992014,0.058999,1.008352
36.390000,-0.275186,0.007986,1.041008,-0.013975,0.000013,0.003375,0.172749,0.000006,1.570752,-0.102508,1.000000,1.100000,0.000000,0.000000,-1.571000,0.172678,0.992014,0.058992,1.008658
36.392000,-0.275209,0.007986,1.041015,-0.010511,0.000013,0.003500,0.172804,0.000006,1.570751,-0.100734,1.000000,1.100000,0.000000,0.000000,-1.571000,0.174475,0.992014,0.058985,1.008966
36.394000,-0.275225,0.007986,1.041022,-0.007067,0.000013,0.003631,0.172859,0.000006,1.570751,-0.098957,1.000000,1.100000,0.000000,0.000000,-1.571000,0.176268,0.992014,0.058978,1.009278
36.396000,-0.275234,0.007986,1.041030,-0.003622,0.000013,0.003763,0.172915,0.000006,1.570751,-0.097175,1.000000,1.100000,0.000000,0.000000,-1.571000,0.178058,0.992014,0.058970,1.009591
36.398000,-0.275236,0.007986,1.041037,-0.000175,0.000013,0.003894,0.172972,0.000006,1.570750,-0.095390,1.000000,1.100000,0.000000,0.000000,-1.571000,0.179846,0.992014,0.058963,1.009908
36.400000,-0.275231,0.007986,1.041045,0.003273,0.000013,0.004026,0.173029,0.000006,1.570750,-0.093601,1.000000,1.100000,0.000000,0.000000,-1.571000,0.181630,0.992014,0.058955,1.010226
36.402000,-0.275219,0.007986,1.041053,0.006722,0.000013,0.004158,0.173086,0.000006,1.570750,-0.091808,1.000000,1.100000,0.000000,0.000000,-1.571000,0.183411,0.992014,0.058947,1.010548
36.404000,-0.275201,0.007986,1.041062,0.010162,0.000013,0.004286,0.173144,0.000006,1.570750,-0.090012,1.000000,1.100000,0.000000,0.000000,-1.571000,0.185189,0.992014,0.058938,1.010871
36.406000,-0.275175,0.007986,1.041071,0.013589,0.000013,0.004409,0.173201,0.000006,1.570750,-0.088212,1.000000,1.100000,0.000000,0.000000,-1.571000,0.186963,0.992014,0.058929,1.011197
36.408000,-0.275143,0.007986,1.041080,0.017011,0.000013,0.004533,0.173258,0.000006,1.570750,-0.086409,1.000000,1.100000,0.000000,0.000000,-1.571000,0.188734,0.992014,0.058920,1.011526
36.410000,-0.275103,0.007986,1.041089,0.020428,0.000013,0.004656,0.173314,0.000006,1.570750,-0.084602,1.000000,1.100000,0.000000,0.000000,-1.571000,0.190502,0.992014,0.058911,1.011856
36.412000,-0.275057,0.007986,1.041099,0.023840,0.000013,0.004779,0.173370,0.000006,1.570750,-0.082792,1.000000,1.100000,0.000000,0.000000,-1.571000,0.192266,0.992014,0.058901,1.012189
36.414000,-0.275005,0.007986,1.041108,0.027247,0.000013,0.004902,0.173426,0.000006,1.570750,-0.080978,1.000000,1.100000,0.000000,0.000000,-1.571000,0.194026,0.992014,0.058892,1.012525
36.416000,-0.274945,0.007986,1.041118,0.030648,0.000012,0.005024,0.173480,0.000006,1.570750,-0.079162,1.000000,1.100000,0.000000,0.000000,-1.571000,0.195783,0.992014,0.058882,1.012862
36.418000,-0.274879,0.007986,1.041129,0.034044,0.000012,0.005145,0.173534,0.000006,1.570750,-0.077342,1.000000,1.100000,0.000000,0.000000,-1.571000,0.197536,0.992014,0.058871,1.013202
36.420000,-0.274805,0.007986,1.041139,0.037435,0.000012,0.005267,0.173587,0.000006,1.570751,-0.075519,1.000000,1.100000,0.000000,0.000000,-1.571000,0.199286,0.992014,0.058861,1.013544
36.422000,-0.274725,0.007986,1.041150,0.040821,0.000012,0.005386,0.173639,0.000006,1.570751,-0.073694,1.000000,1.100000,0.000000,0.000000,-1.571000,0.201032,0.992014,0.058850,1.013888
36.424000,-0.274638,0.007986,1.041161,0.044200,0.000012,0.005504,0.173689,0.000006,1.570751,-0.071865,1.000000,1.100000,0.000000,0.000000,-1.571000,0.202773,0.992014,0.058839,1.014234
36.426000,-0.274545,0.007986,1.041172,0.047575,0.000012,0.005620,0.173739,0.000006,1.570752,-0.070034,1.000000,1.100000,0.000000,0.000000,-1.571000,0.204511,0.992014,0.058828,1.014582
36.428000,-0.274445,0.007986,1.041183,0.050944,0.000012,0.005734,0.173787,0.000006,1.570752,-0.068199,1.000000,1.100000,0.000000,0.000000,-1.571000,0.206245,0.992014,0.058817,1.014933
36.430000,-0.274338,0.007986,1.041195,0.054307,0.000012,0.005846,0.173833,0.000006,1.570752,-0.066362,1.000000,1.100000,0.000000,0.000000,-1.571000,0.207975,0.992014,0.058805,1.015285
36.432000,-0.274224,0.007986,1.041207,0.057665,0.000012,0.005957,0.173878,0.000005,1.570753,-0.064523,1.000000,1.100000,0.000000,0.000000,-1.571000,0.209701,0.992014,0.058793,1.015639
36.434000,-0.274103,0.007986,1.041219,0.061017,0.000012,0.006066,0.173922,0.000005,1.570753,-0.062681,1.000000,1.100000,0.000000,0.000000,-1.571000,0.211423,0.992014,0.058781,1.015995
36.436000,-0.273976,0.007986,1.041231,0.064364,0.000012,0.006175,0.173964,0.000005,1.570754,-0.060836,1.000000,1.100000,0.000000,0.000000,-1.571000,0.213140,0.992014,0.058769,1.016353
36.438000,-0.273842,0.007986,1.041244,0.067705,0.000012,0.006282,0.174004,0.000005,1.570754,-0.058989,1.000000,1.100000,0.000000,0.000000,-1.571000,0.214853,0.992014,0.058756,1.016713
36.440000,-0.273702,0.007986,1.041257,0.071040,0.000012,0.006388,0.174043,0.000004,1.570754,-0.057140,1.000000,1.100000,0.000000,0.000000,-1.571000,0.216562,0.992014,0.058743,1.017075
36.442000,-0.273554,0.007986,1.041269,0.074370,0.000012,0.006493,0.174079,0.000004,1.570755,-0.055288,1.000000,1.100000,0.000000,0.000000,-1.571000,0.218266,0.992014,0.058731,1.017438
36.444000,-0.273401,0.007986,1.041283,0.077695,0.000011,0.006597,0.174115,0.000003,1.570755,-0.053435,1.000000,1.100000,0.000000,0.000000,-1.571000,0.219966,0.992014,0.058717,1.017803
36.446000,-0.273240,0.007986,1.041296,0.081014,0.000011,0.006700,0.174148,0.000003,1.570756,-0.051579,1.000000,1.100000,0.000000,0.000000,-1.571000,0.221661,0.992014,0.058704,1.018170
36.448000,-0.273073,0.007986,1.041310,0.084327,0.000011,0.006802,0.174180,0.000002,1.570756,-0.049721,1.000000,1.100000,0.000000,0.000000,-1.571000,0.223352,0.992014,0.058690,1.018539
36.450000,-0.272899,0.007986,1.041323,0.087635,0.000011,0.006904,0.174210,0.000002,1.570756,-0.047861,1.000000,1.100000,0.000000,0.000000,-1.571000,0.225038,0.992014,0.058677,1.018909
36.452000,-0.272719,0.007986,1.041337,0.090937,0.000011,0.007004,0.174238,0.000002,1.570757,-0.045999,1.000000,1.100000,0.000000,0.000000,-1.571000,0.226719,0.992014,0.058663,1.019281
36.454000,-0.272532,0.007986,1.041351,0.094234,0.000011,0.007105,0.174264,0.000001,1.570757,-0.044136,1.000000,1.100000,0.000000,0.000000,-1.571000,0.228396,0.992014,0.058649,1.019655
36.456000,-0.272338,0.007986,1.041366,0.097524,0.000011,0.007204,0.174289,0.000001,1.570758,-0.042270,1.000000,1.100000,0.000000,0.000000,-1.571000,0.230068,0.992014,0.058634,1.020029
36.458000,-0.272138,0.007986,1.041380,0.100810,0.000011,0.007303,0.174312,0.000000,1.570758,-0.040403,1.000000,1.100000,0.000000,0.000000,-1.571000,0.231735,0.992014,0.058620,1.020406
36.460000,-0.271931,0.007986,1.041395,0.104089,0.000010,0.007401,0.174333,-0.000000,1.570759,-0.038535,1.000000,1.100000,0.000000,0.000000,-1.571000,0.233396,0.992014,0.058605,1.020784
36.462000,-0.271718,0.007987,1.041410,0.107363,0.000010,0.007499,0.174352,-0.000001,1.570759,-0.036665,1.000000,1.100000,0.000000,0.000000,-1.571000,0.235053,0.992013,0.058590,1.021163
36.464000,-0.271498,0.007987,1.041425,0.110631,0.000010,0.007597,0.174370,-0.000001,1.570760,-0.034793,1.000000,1.100000,0.000000,0.000000,-1.571000,0.236705,0.992013,0.058575,1.021543
36.466000,-0.271272,0.007987,1.041441,0.113893,0.000010,0.007694,0.174387,-0.000001,1.570760,-0.032920,1.000000,1.100000,0.000000,0.000000,-1.571000,0.238351,0.992013,0.058559,1.021925
36.468000,-0.271039,0.007987,1.041456,0.117149,0.000010,0.007790,0.174401,-0.000002,1.570761,-0.031046,1.000000,1.100000,0.000000,0.000000,-1.571000,0.239993,0.992013,0.058544,1.022308
36.470000,-0.270799,0.007987,1.041472,0.120400,0.000010,0.007886,0.174414,-0.000002,1.570761,-0.029171,1.000000,1.100000,0.000000,0.000000,-1.571000,0.241629,0.992013,0.058528,1.022693
36.472000,-0.270553,0.007987,1.041488,0.123645,0.000009,0.007982,0.174426,-0.000002,1.570762,-0.027294,1.000000,1.100000,0.000000,0.000000,-1.571000,0.243259,0.992013,0.058512,1.023078
36.474000,-0.270301,0.007987,1.041504,0.126884,0.000009,0.008077,0.174436,-0.000003,1.570762,-0.025416,1.000000,1.100000,0.000000,0.000000,-1.571000,0.244885,0.992013,0.058496,1.023465
36.476000,-0.270042,0.007987,1.041520,0.130117,0.000009,0.008172,0.174445,-0.000003,1.570763,-0.023538,1.000000,1.100000,0.000000,0.000000,-1.571000,0.246504,0.992013,0.058480,1.023853
36.478000,-0.269777,0.007987,1.041537,0.133345,0.000009,0.008267,0.174452,-0.000003,1.570763,-0.021658,1.000000,1.100000,0.000000,0.000000,-1.571000,0.248119,0.992013,0.058463,1.024242
36.480000,-0.269505,0.007987,1.041553,0.136566,0.000009,0.008362,0.174458,-0.000003,1.570764,-0.019778,1.000000,1.100000,0.000000,0.000000,-1.571000,0.249727,0.992013,0.058447,1.024632
36.482000,-0.269227,0.007987,1.041570,0.139781,0.000008,0.008454,0.174463,-0.000004,1.570764,-0.017896,1.000000,1.100000,0.000000,0.000000,-1.571000,0.251330,0.992013,0.058430,1.025023
36.484000,-0.268942,0.007987,1.041587,0.142990,0.000008,0.008545,0.174466,-0.000004,1.570765,-0.016015,1.000000,1.100000,0.000000,0.000000,-1.571000,0.252928,0.992013,0.058413,1.025414
36.486000,-0.268651,0.007987,1.041605,0.146193,0.000008,0.008632,0.174469,-0.000004,1.570765,-0.014132,1.000000,1.100000,0.000000,0.000000,-1.571000,0.254519,0.992013,0.058395,1.025807
36.488000,-0.268354,0.007987,1.041622,0.149390,0.000008,0.008718,0.174470,-0.000004,1.570766,-0.012249,1.000000,1.100000,0.000000,0.000000,-1.571000,0.256105,0.992013,0.058378,1.026201
36.490000,-0.268050,0.007987,1.041640,0.152580,0.000008,0.008802,0.174470,-0.000004,1.570766,-0.010365,1.000000,1.100000,0.000000,0.000000,-1.571000,0.257684,0.992013,0.058360,1.026595
36.492000,-0.267739,0.007987,1.041657,0.155764,0.000008,0.008884,0.174470,-0.000004,1.570767,-0.008481,1.000000,1.100000,0.000000,0.000000,-1.571000,0.259258,0.992013,0.058343,1.026990
36.494000,-0.267423,0.007987,1.041675,0.158942,0.000007,0.008964,0.174468,-0.000003,1.570767,-0.006597,1.000000,1.100000,0.000000,0.000000,-1.571000,0.260826,0.992013,0.058325,1.027386
36.496000,-0.267100,0.007987,1.041693,0.162114,0.000007,0.009042,0.174466,-0.000003,1.570768,-0.004712,1.000000,1.100000,0.000000,0.000000,-1.571000,0.262388,0.992013,0.058307,1.027783
36.498000,-0.266771,0.007987,1.041712,0.165280,0.000007,0.009120,0.174463,-0.000003,1.570768,-0.002827,1.000000,1.100000,0.000000,0.000000,-1.571000,0.263943,0.992013,0.058288,1.028180
36.500000,-0.266435,0.007987,1.041730,0.168439,0.000007,0.009196,0.174459,-0.000003,1.570769,-0.000942,1.000000,1.100000,0.000000,0.000000,-1.571000,0.265492,0.992013,0.058270,1.028578
36.502000,-0.266093,0.007987,1.041748,0.171593,0.000007,0.009270,0.174454,-0.000003,1.570769,0.000942,1.000000,1.100000,0.000000,0.000000,-1.571000,0.267035,0.992013,0.058252,1.028976
36.504000,-0.265745,0.007987,1.041767,0.174740,0.000007,0.009344,0.174449,-0.000002,1.570770,0.002827,1.000000,1.100000,0.000000,0.000000,-1.571000,0.268572,0.992013,0.058233,1.029375
36.506000,-0.265390,0.007987,1.041786,0.177881,0.000006,0.009417,0.174443,-0.000002,1.570770,0.004712,1.000000,1.100000,0.000000,0.000000,-1.571000,0.270102,0.992013,0.058214,1.029774
36.508000,-0.265029,0.007987,1.041805,0.181016,0.000006,0.009489,0.174437,-0.000002,1.570770,0.006597,1.000000,1.100000,0.000000,0.000000,-1.571000,0.271626,0.992013,0.058195,1.030174
36.510000,-0.264662,0.007987,1.041824,0.184145,0.000006,0.009560,0.174430,-0.000001,1.570771,0.008481,1.000000,1.100000,0.000000,0.000000,-1.571000,0.273143,0.992013,0.058176,1.030574
36.512000,-0.264289,0.007987,1.041843,0.187268,0.000006,0.009631,0.174423,-0.000001,1.570771,0.010365,1.000000,1.100000,0.000000,0.000000,-1.571000,0.274654,0.992013,0.058157,1.030974
36.514000,-0.263909,0.007987,1.041863,0.190385,0.000006,0.009701,0.174415,-0.000000,1.570771,0.012249,1.000000,1.100000,0.000000,0.000000,-1.571000,0.276158,0.992013,0.058137,1.031374
36.516000,-0.263523,0.007987,1.041882,0.193496,0.000006,0.009770,0.174407,0.000000,1.570772,0.014132,1.000000,1.100000,0.000000,0.000000,-1.571000,0.277655,0.992013,0.058118,1.031775
36.518000,-0.263131,0.007987,1.041902,0.196601,0.000006,0.009838,0.174399,0.000000,1.570772,0.016015,1.000000,1.100000,0.000000,0.000000,-1.571000,0.279146,0.992013,0.058098,1.032176
36.520000,-0.262733,0.007987,1.041922,0.199700,0.000006,0.009906,0.174391,0.000001,1.570772,0.017896,1.000000,1.100000,0.000000,0.000000,-1.571000,0.280630,0.992013,0.058078,1.032577
36.522000,-0.262329,0.007987,1.041942,0.202793,0.000006,0.009974,0.174382,0.000001,1.570772,0.019778,1.000000,1.100000,0.000000,0.000000,-1.571000,0.282106,0.992013,0.058058,1.032979
36.524000,-0.261918,0.007987,1.041962,0.205880,0.000005,0.010041,0.174374,0.000002,1.570772,0.021658,1.000000,1.100000,0.000000,0.000000,-1.571000,0.283576,0.992013,0.058038,1.033380
36.526000,-0.261501,0.007987,1.041982,0.208961,0.000005,0.010108,0.174365,0.000002,1.570773,0.023538,1.000000,1.100000,0.000000,0.000000,-1.571000,0.285039,0.992013,0.058018,1.033781
36.528000,-0.261078,0.007987,1.042002,0.212036,0.000005,0.010174,0.174356,0.000002,1.570773,0.025416,1.000000,1.100000,0.000000,0.000000,-1.571000,0.286495,0.992013,0.057998,1.034182
36.530000,-0.260649,0.007987,1.042023,0.215105,0.000005,0.010240,0.174347,0.000003,1.570773,0.027294,1.000000,1.100000,0.000000,0.000000,-1.571000,0.287943,0.992013,0.057977,1.034583
36.532000,-0.260214,0.007987,1.042043,0.218169,0.000005,0.010306,0.174338,0.000003,1.570773,0.029171,1.000000,1.100000,0.000000,0.000000,-1.571000,0.289385,0.992013,0.057957,1.034984
36.534000,-0.259773,0.007987,1.042064,0.221226,0.000005,0.010371,0.174329,0.000003,1.570773,0.031046,1.000000,1.100000,0.000000,0.000000,-1.571000,0.290819,0.992013,0.057936,1.035385
36.536000,-0.259325,0.007987,1.042085,0.224278,0.000005,0.010437,0.174320,0.000003,1.570773,0.032920,1.000000,1.100000,0.000000,0.000000,-1.571000,0.292245,0.992013,0.057915,1.035785
36.538000,-0.258872,0.007987,1.042106,0.227323,0.000005,0.010501,0.174312,0.000003,1.570773,0.034793,1.000000,1.100000,0.000000,0.000000,-1.571000,0.293665,0.992013,0.057894,1.036186
36.540000,-0.258412,0.007987,1.042127,0.230363,0.000005,0.010566,0.174303,0.000004,1.570773,0.036665,1.000000,1.100000,0.000000,0.000000,-1.571000,0.295077,0.992013,0.057873,1.036585
36.542000,-0.257946,0.007987,1.042148,0.233397,0.000005,0.010630,0.174294,0.000004,1.570773,0.038535,1.000000,1.100000,0.000000,0.000000,-1.571000,0.296481,0.992013,0.057852,1.036985
36.544000,-0.257474,0.007987,1.042170,0.236425,0.000005,0.010694,0.174286,0.000004,1.570773,0.040403,1.000000,1.100000,0.000000,0.000000,-1.571000,0.297878,0.992013,0.057830,1.037384
36.546000,-0.256996,0.007987,1.042191,0.239448,0.000005,0.010758,0.174278,0.000004,1.570773,0.042270,1.000000,1.100000,0.000000,0.000000,-1.571000,0.299267,0.992013,0.057809,1.037782
36.548000,-0.256513,0.007987,1.042213,0.242464,0.000005,0.010822,0.174270,0.000004,1.570773,0.044136,1.000000,1.100000,0.000000,0.000000,-1.571000,0.300648,0.992013,0.057787,1.038180
36.550000,-0.256023,0.007987,1.042235,0.245475,0.000005,0.010886,0.174262,0.000004,1.570773,0.045999,1.000000,1.100000,0.000000,0.000000,-1.571000,0.302022,0.992013,0.057765,1.038578
36.552000,-0.255527,0.007987,1.042256,0.248480,0.000005,0.010949,0.174254,0.000004,1.570773,0.047861,1.000000,1.100000,0.000000,0.000000,-1.571000,0.303388,0.992013,0.057744,1.038974
36.554000,-0.255025,0.007987,1.042278,0.251480,0.000005,0.011012,0.174246,0.000004,1.570773,0.049721,1.000000,1.100000,0.000000,0.000000,-1.571000,0.304746,0.992013,0.057722,1.039371
36.556000,-0.254517,0.007987,1.042301,0.254473,0.000005,0.011075,0.174239,0.000004,1.570773,0.051579,1.000000,1.100000,0.000000,0.000000,-1.571000,0.306096,0.992013,0.057699,1.039766
36.558000,-0.254003,0.007987,1.042323,0.257461,0.000005,0.011138,0.174232,0.000003,1.570773,0.053435,1.000000,1.100000,0.000000,0.000000,-1.571000,0.307437,0.992013,0.057677,1.040161
36.560000,-0.253483,0.007987,1.042345,0.260443,0.000005,0.011201,0.174226,0.000003,1.570773,0.055288,1.000000,1.100000,0.000000,0.000000,-1.571000,0.308771,0.992013,0.057655,1.040554
36.562000,-0.252957,0.007987,1.042368,0.263419,0.000005,0.011259,0.174219,0.000003,1.570773,0.057140,1.000000,1.100000,0.000000,0.000000,-1.571000,0.310097,0.992013,0.057632,1.040947
36.564000,-0.252425,0.007987,1.042390,0.266388,0.000005,0.011309,0.174210,0.000003,1.570774,0.058989,1.000000,1.100000,0.000000,0.000000,-1.571000,0.311414,0.992013,0.057610,1.041339
36.566000,-0.251887,0.007987,1.042413,0.269350,0.000005,0.011353,0.174198,0.000002,1.570774,0.060836,1.000000,1.100000,0.000000,0.000000,-1.571000,0.312724,0.992013,0.057587,1.041730
36.568000,-0.251344,0.007987,1.042436,0.272305,0.000005,0.011389,0.174182,0.000002,1.570774,0.062681,1.000000,1.100000,0.000000,0.000000,-1.571000,0.314025,0.992013,0.057564,1.042120
36.570000,-0.250794,0.007987,1.042459,0.275253,0.000005,0.011420,0.174160,0.000002,1.570774,0.064523,1.000000,1.100000,0.000000,0.000000,-1.571000,0.315317,0.992013,0.057541,1.042509
36.572000,-0.250239,0.007987,1.042482,0.278194,0.000005,0.011445,0.174131,0.000002,1.570774,0.066362,1.000000,1.100000,0.000000,0.000000,-1.571000,0.316601,0.992013,0.057518,1.042897
36.574000,-0.249677,0.007987,1.042505,0.281128,0.000005,0.011465,0.174095,0.000001,1.570775,0.068199,1.000000,1.100000,0.000000,0.000000,-1.571000,0.317877,0.992013,0.057495,1.043284
36.576000,-0.249110,0.007987,1.042527,0.284056,0.000005,0.011482,0.174050,0.000001,1.570775,0.070034,1.000000,1.100000,0.000000,0.000000,-1.571000,0.319144,0.992013,0.057473,1.043669
36.578000,-0.248537,0.007987,1.042551,0.286976,0.000005,0.011494,0.173996,0.000001,1.570775,0.071865,1.000000,1.100000,0.000000,0.000000,-1.571000,0.320402,0.992013,0.057449,1.044053
36.580000,-0.247958,0.007987,1.042574,0.289889,0.000005,0.011503,0.173932,0.000001,1.570776,0.073694,1.000000,1.100000,0.000000,0.000000,-1.571000,0.321652,0.992013,0.057426,1.044436
36.582000,-0.247373,0.007987,1.042597,0.292795,0.000004,0.011508,0.173857,0.000000,1.570776,0.075519,1.000000,1.100000,0.000000,0.000000,-1.571000,0.322893,0.992013,0.057403,1.044818
36.584000,-0.246783,0.007987,1.042620,0.295693,0.000004,0.011511,0.173772,0.000000,1.570777,0.077342,1.000000,1.100000,0.000000,0.000000,-1.571000,0.324125,0.992013,0.057380,1.045198
36.586000,-0.246187,0.007987,1.042643,0.298584,0.000004,0.011512,0.173676,-0.000000,1.570777,0.079162,1.000000,1.100000,0.000000,0.000000,-1.571000,0.325349,0.992013,0.057357,1.045577
36.588000,-0.245585,0.007987,1.042666,0.301467,0.000004,0.011511,0.173568,-0.000000,1.570778,0.080978,1.000000,1.100000,0.000000,0.000000,-1.571000,0.326563,0.992013,0.057334,1.045954
36.590000,-0.244977,0.007987,1.042689,0.304342,0.000004,0.011507,0.173449,-0.000001,1.570778,0.082792,1.000000,1.100000,0.000000,0.000000,-1.571000,0.327769,0.992013,0.057311,1.046330
36.592000,-0.244363,0.007987,1.042712,0.307209,0.000004,0.011502,0.173318,-0.000001,1.570779,0.084602,1.000000,1.100000,0.000000,0.000000,-1.571000,0.328965,0.992013,0.057288,1.046704
36.594000,-0.243744,0.007987,1.042735,0.310068,0.000004,0.011496,0.173176,-0.000001,1.570780,0.086409,1.000000,1.100000,0.000000,0.000000,-1.571000,0.330152,0.992013,0.057265,1.047076
36.596000,-0.243119,0.007987,1.042758,0.312919,0.000004,0.011488,0.173022,-0.000001,1.570781,0.088212,1.000000,1.100000,0.000000,0.000000,-1.571000,0.331331,0.992013,0.057242,1.047447
36.598000,-0.242488,0.007987,1.042781,0.315760,0.000004,0.011480,0.172856,-0.000002,1.570781,0.090012,1.000000,1.100000,0.000000,0.000000,-1.571000,0.332500,0.992013,0.057219,1.047816
36.600000,-0.241852,0.007987,1.042804,0.318593,0.000004,0.011471,0.172679,-0.000002,1.570782,0.091808,1.000000,1.100000,0.000000,0.000000,-1.571000,0.333660,0.992013,0.057196,1.048184
36.602000,-0.241209,0.007987,1.042827,0.321417,0.000004,0.011461,0.172491,-0.000002,1.570783,0.093601,1.000000,1.100000,0.000000,0.000000,-1.571000,0.334810,0.992013,0.057173,1.048549
36.604000,-0.240562,0.007987,1.042850,0.324232,0.000004,0.011451,0.172293,-0.000002,1.570784,0.095390,1.000000,1.100000,0.000000,0.000000,-1.571000,0.335952,0.992013,0.057150,1.048913
36.606000,-0.239908,0.007987,1.042873,0.327038,0.000003,0.011440,0.172084,-0.000002,1.570784,0.097175,1.000000,1.100000,0.000000,0.000000,-1.571000,0.337084,0.992013,0.057127,1.049275
36.608000,-0.239250,0.007987,1.042895,0.329834,0.000003,0.011429,0.171865,-0.000002,1.570785,0.098957,1.000000,1.100000,0.000000,0.000000,-1.571000,0.338206,0.992013,0.057105,1.049635
36.610000,-0.238585,0.007987,1.042918,0.332620,0.000003,0.011418,0.171636,-0.000002,1.570786,0.100734,1.000000,1.100000,0.000000,0.000000,-1.571000,0.339319,0.992013,0.057082,1.049993
36.612000,-0.237915,0.007987,1.042941,0.335397,0.000003,0.011408,0.171398,-0.000003,1.570787,0.102508,1.000000,1.100000,0.000000,0.000000,-1.571000,0.340423,0.992013,0.057059,1.050349
36.614000,-0.237239,0.007987,1.042964,0.338163,0.000003,0.011397,0.171151,-0.000003,1.570788,0.104277,1.000000,1.100000,0.000000,0.000000,-1.571000,0.341516,0.992013,0.057036,1.050702
36.616000,-0.236558,0.007987,1.042987,0.340920,0.000003,0.011387,0.170896,-0.000003,1.570788,0.106042,1.000000,1.100000,0.000000,0.000000,-1.571000,0.342601,0.992013,0.057013,1.051054
36.618000,-0.235872,0.007987,1.043010,0.343666,0.000003,0.011377,0.170633,-0.000003,1.570789,0.107804,1.000000,1.100000,0.000000,0.000000,-1.571000,0.343675,0.992013,0.056990,1.051404
36.620000,-0.235179,0.007987,1.043032,0.346402,0.000003,0.011367,0.170363,-0.000003,1.570790,0.109561,1.000000,1.100000,0.000000,0.000000,-1.571000,0.344740,0.992013,0.056968,1.051751
36.622000,-0.234482,0.007987,1.043055,0.349126,0.000003,0.011355,0.170085,-0.000002,1.570790,0.111313,1.000000,1.100000,0.000000,0.000000,-1.571000,0.345795,0.992013,0.056945,1.052096
36.624000,-0.233779,0.007987,1.043078,0.351840,0.000003,0.011338,0.169798,-0.000002,1.570791,0.113061,1.000000,1.100000,0.000000,0.000000,-1.571000,0.346840,0.992013,0.056922,1.052439
36.626000,-0.233070,0.007987,1.043100,0.354542,0.000003,0.011317,0.169500,-0.000002,1.570792,0.114805,1.000000,1.100000,0.000000,0.000000,-1.571000,0.347875,0.992013,0.056900,1.052779
36.628000,-0.232357,0.007987,1.043123,0.357232,0.000003,0.011293,0.169190,-0.000002,1.570792,0.116544,1.000000,1.100000,0.000000,0.000000,-1.571000,0.348901,0.992013,0.056877,1.053117
36.630000,-0.231637,0.007987,1.043146,0.359910,0.000002,0.011265,0.168865,-0.000002,1.570793,0.118279,1.000000,1.100000,0.000000,0.000000,-1.571000,0.349916,0.992013,0.056854,1.053453
36.632000,-0.230913,0.007987,1.043168,0.362576,0.000002,0.011235,0.168525,-0.000002,1.570793,0.120009,1.000000,1.100000,0.000000,0.000000,-1.571000,0.350922,0.992013,0.056832,1.053786
36.634000,-0.230183,0.007987,1.043191,0.365230,0.000002,0.011202,0.168169,-0.000002,1.570794,0.121734,1.000000,1.100000,0.000000,0.000000,-1.571000,0.351917,0.992013,0.056809,1.054117
36.636000,-0.229448,0.007987,1.043213,0.367871,0.000002,0.011167,0.167796,-0.000002,1.570795,0.123454,1.000000,1.100000,0.000000,0.000000,-1.571000,0.352902,0.992013,0.056787,1.054445
36.638000,-0.228707,0.007987,1.043235,0.370500,0.000002,0.011131,0.167406,-0.000002,1.570795,0.125170,1.000000,1.100000,0.000000,0.000000,-1.571000,0.353877,0.992013,0.056765,1.054770
36.640000,-0.227962,0.007987,1.043257,0.373116,0.000002,0.011094,0.166998,-0.000001,1.570796,0.126880,1.000000,1.100000,0.000000,0.000000,-1.571000,0.354842,0.992013,0.056743,1.055093
36.642000,-0.227211,0.007987,1.043280,0.375718,0.000002,0.011056,0.166572,-0.000001,1.570796,0.128586,1.000000,1.100000,0.000000,0.000000,-1.571000,0.355797,0.992013,0.056720,1.055413
36.644000,-0.226455,0.007987,1.043302,0.378307,0.000002,0.011017,0.166128,-0.000001,1.570797,0.130286,1.000000,1.100000,0.000000,0.000000,-1.571000,0.356741,0.992013,0.056698,1.055731
36.646000,-0.225693,0.007987,1.043324,0.380881,0.000002,0.010977,0.165667,-0.000001,1.570797,0.131982,1.000000,1.100000,0.000000,0.000000,-1.571000,0.357675,0.992013,0.056676,1.056046
36.648000,-0.224927,0.007987,1.043346,0.383442,0.000002,0.010938,0.165187,-0.000001,1.570798,0.133672,1.000000,1.100000,0.000000,0.000000,-1.571000,0.358599,0.992013,0.056654,1.056358
36.650000,-0.224156,0.007987,1.043367,0.385988,0.000002,0.010898,0.164691,-0.000002,1.570798,0.135357,1.000000,1.100000,0.000000,0.000000,-1.571000,0.359512,0.992013,0.056633,1.056667
36.652000,-0.223379,0.007987,1.043389,0.388520,0.000002,0.010859,0.164177,-0.000002,1.570799,0.137036,1.000000,1.100000,0.000000,0.000000,-1.571000,0.360415,0.992013,0.056611,1.056973
36.654000,-0.222597,0.007987,1.043411,0.391036,0.000002,0.010820,0.163646,-0.000002,1.570799,0.138710,1.000000,1.100000,0.000000,0.000000,-1.571000,0.361308,0.992013,0.056589,1.057277
36.656000,-0.221811,0.007987,1.043432,0.393537,0.000002,0.010782,0.163100,-0.000002,1.570800,0.140379,1.000000,1.100000,0.000000,0.000000,-1.571000,0.362190,0.992013,0.056568,1.057577
36.658000,-0.221019,0.007987,1.043454,0.396023,0.000002,0.010745,0.162538,-0.000002,1.570800,0.142042,1.000000,1.100000,0.000000,0.000000,-1.571000,0.363061,0.992013,0.056546,1.057875
36.660000,-0.220223,0.007987,1.043475,0.398492,0.000002,0.010708,0.161962,-0.000002,1.570800,0.143699,1.000000,1.100000,0.000000,0.000000,-1.571000,0.363922,0.992013,0.056525,1.058170
36.662000,-0.219421,0.007988,1.043497,0.400946,0.000002,0.010673,0.161373,-0.000003,1.570801,0.145351,1.000000,1.100000,0.000000,0.000000,-1.571000,0.364773,0.992012,0.056503,1.058461
36.664000,-0.218615,0.007988,1.043518,0.403383,0.000002,0.010639,0.160770,-0.000003,1.570801,0.146997,1.000000,1.100000,0.000000,0.000000,-1.571000,0.365612,0.992012,0.056482,1.058750
36.666000,-0.217804,0.007988,1.043539,0.405804,0.000002,0.010606,0.160156,-0.000003,1.570801,0.148638,1.000000,1.100000,0.000000,0.000000,-1.571000,0.366441,0.992012,0.056461,1.059035
36.668000,-0.216988,0.007988,1.043561,0.408208,0.000002,0.010574,0.159531,-0.000003,1.570802,0.150272,1.000000,1.100000,0.000000,0.000000,-1.571000,0.367260,0.992012,0.056439,1.059318
36.670000,-0.216167,0.007988,1.043582,0.410596,0.000002,0.010544,0.158895,-0.000004,1.570802,0.151900,1.000000,1.100000,0.000000,0.000000,-1.571000,0.368067,0.992012,0.056418,1.059597
36.672000,-0.215341,0.007988,1.043603,0.412966,0.000002,0.010515,0.158251,-0.000004,1.570802,0.153523,1.000000,1.100000,0.000000,0.000000,-1.571000,0.368864,0.992012,0.056397,1.059873
36.674000,-0.214511,0.007988,1.043624,0.415319,0.000002,0.010488,0.157599,-0.000004,1.570802,0.155139,1.000000,1.100000,0.000000,0.000000,-1.571000,0.369650,0.992012,0.056376,1.060145
36.676000,-0.213676,0.007988,1.043645,0.417655,0.000002,0.010462,0.156941,-0.000004,1.570802,0.156750,1.000000,1.100000,0.000000,0.000000,-1.571000,0.370426,0.992012,0.056355,1.060415
36.678000,-0.212836,0.007988,1.043666,0.419974,0.000001,0.010438,0.156276,-0.000005,1.570802,0.158354,1.000000,1.100000,0.000000,0.000000,-1.571000,0.371190,0.992012,0.056334,1.060681
36.680000,-0.211992,0.007988,1.043687,0.422275,0.000001,0.010416,0.155607,-0.000005,1.570802,0.159951,1.000000,1.100000,0.000000,0.000000,-1.571000,0.371944,0.992012,0.056313,1.060944
36.682000,-0.211143,0.007988,1.043707,0.424558,0.000001,0.010391,0.154933,-0.000005,1.570801,0.161543,1.000000,1.100000,0.000000,0.000000,-1.571000,0.372686,0.992012,0.056293,1.061203
36.684000,-0.210290,0.007988,1.043728,0.426822,0.000001,0.010357,0.154253,-0.000005,1.570801,0.163128,1.000000,1.100000,0.000000,0.000000,-1.571000,0.373418,0.992012,0.056272,1.061460
36.686000,-0.209432,0.007988,1.043749,0.429067,0.000001,0.010316,0.153564,-0.000006,1.570801,0.164707,1.000000,1.100000,0.000000,0.000000,-1.571000,0.374139,0.992012,0.056251,1.061712
36.688000,-0.208570,0.007988,1.043769,0.431293,0.000001,0.010268,0.152865,-0.000006,1.570801,0.166279,1.000000,1.100000,0.000000,0.000000,-1.571000,0.374849,0.992012,0.056231,1.061961
36.690000,-0.207703,0.007988,1.043790,0.433500,0.000001,0.010215,0.152153,-0.000006,1.570800,0.167845,1.000000,1.100000,0.000000,0.000000,-1.571000,0.375548,0.992012,0.056210,1.062207
36.692000,-0.206832,0.007988,1.043810,0.435688,0.000001,0.010158,0.151429,-0.000006,1.570800,0.169404,1.000000,1.100000,0.000000,0.000000,-1.571000,0.376235,0.992012,0.056190,1.062450
36.694000,-0.205956,0.007988,1.043830,0.437857,0.000001,0.010096,0.150691,-0.000006,1.570800,0.170956,1.000000,1.100000,0.000000,0.000000,-1.571000,0.376912,0.992012,0.056170,1.062688
36.696000,-0.205076,0.007988,1.043851,0.440006,0.000001,0.010031,0.149939,-0.000007,1.570799,0.172502,1.000000,1.100000,0.000000,0.000000,-1.571000,0.377578,0.992012,0.056149,1.062924
36.698000,-0.204192,0.007988,1.043871,0.442136,0.000000,0.009963,0.149171,-0.000007,1.570799,0.174040,1.000000,1.100000,0.000000,0.000000,-1.571000,0.378233,0.992012,0.056129,1.063155
36.700000,-0.203304,0.007988,1.043890,0.444246,0.000000,0.009892,0.148388,-0.000007,1.570799,0.175572,1.000000,1.100000,0.000000,0.000000,-1.571000,0.378876,0.992012,0.056110,1.063383
36.702000,-0.202411,0.007988,1.043910,0.446336,0.000000,0.009820,0.147590,-0.000008,1.570798,0.177097,1.000000,1.100000,0.000000,0.000000,-1.571000,0.379509,0.992012,0.056090,1.063608
36.704000,-0.201515,0.007988,1.043930,0.448406,0.000000,0.009746,0.146776,-0.000008,1.570798,0.178615,1.000000,1.100000,0.000000,0.000000,-1.571000,0.380130,0.992012,0.056070,1.063829
36.706000,-0.200614,0.007988,1.043949,0.450456,-0.000000,0.009672,0.145947,-0.000008,1.570798,0.180126,1.000000,1.100000,0.000000,0.000000,-1.571000,0.380740,0.992012,0.056051,1.064046
36.708000,-0.199709,0.007988,1.043968,0.452485,-0.000000,0.009596,0.145103,-0.000008,1.570797,0.181630,1.000000,1.100000,0.000000,0.000000,-1.571000,0.381339,0.992012,0.056032,1.064259
36.710000,-0.198800,0.007988,1.043987,0.454493,-0.000000,0.009521,0.144245,-0.000009,1.570797,0.183127,1.000000,1.100000,0.000000,0.000000,-1.571000,0.381927,0.992012,0.056013,1.064469
36.712000,-0.197887,0.007988,1.044006,0.456481,-0.000001,0.009445,0.143373,-0.000009,1.570797,0.184616,1.000000,1.100000,0.000000,0.000000,-1.571000,0.382503,0.992012,0.055994,1.064675
36.714000,-0.196971,0.007988,1.044025,0.458447,-0.000001,0.009369,0.142487,-0.000009,1.570796,0.186098,1.000000,1.100000,0.000000,0.000000,-1.571000,0.383069,0.992012,0.055975,1.064877
36.716000,-0.196050,0.007988,1.044044,0.460392,-0.000001,0.009294,0.141590,-0.000010,1.570796,0.187573,1.000000,1.100000,0.000000,0.000000,-1.571000,0.383623,0.992012,0.055956,1.065076
36.718000,-0.195125,0.007988,1.044062,0.462316,-0.000001,0.009220,0.140680,-0.000010,1.570796,0.189040,1.000000,1.100000,0.000000,0.000000,-1.571000,0.384165,0.992012,0.055938,1.065270
36.720000,-0.194197,0.007988,1.044081,0.464218,-0.000001,0.009147,0.139760,-0.000010,1.570795,0.190500,1.000000,1.100000,0.000000,0.000000,-1.571000,0.384697,0.992012,0.055919,1.065461
36.722000,-0.193265,0.007988,1.044099,0.466098,-0.000002,0.009074,0.138831,-0.000010,1.570795,0.191952,1.000000,1.100000,0.000000,0.000000,-1.571000,0.385217,0.992012,0.055901,1.065648
36.724000,-0.192329,0.007988,1.044117,0.467956,-0.000002,0.009003,0.137892,-0.000011,1.570795,0.193397,1.000000,1.100000,0.000000,0.000000,-1.571000,0.385726,0.992012,0.055883,1.065831
36.726000,-0.191389,0.007988,1.044135,0.469793,-0.000002,0.008933,0.136947,-0.000011,1.570794,0.194834,1.000000,1.100000,0.000000,0.000000,-1.571000,0.386223,0.992012,0.055865,1.066010
36.728000,-0.190446,0.007988,1.044153,0.471607,-0.000002,0.008865,0.135995,-0.000011,1.570794,0.196264,1.000000,1.100000,0.000000,0.000000,-1.571000,0.386710,0.992012,0.055847,1.066186
36.730000,-0.189499,0.007988,1.044170,0.473399,-0.000002,0.008798,0.135037,-0.000012,1.570794,0.197686,1.000000,1.100000,0.000000,0.000000,-1.571000,0.387185,0.992012,0.055830,1.066357
36.732000,-0.188549,0.007988,1.044188,0.475169,-0.000003,0.008733,0.134076,-0.000012,1.570793,0.199100,1.000000,1.100000,0.000000,0.000000,-1.571000,0.387648,0.992012,0.055812,1.066525
36.734000,-0.187595,0.007988,1.044205,0.476917,-0.000003,0.008669,0.133112,-0.000012,1.570793,0.200506,1.000000,1.100000,0.000000,0.000000,-1.571000,0.388100,0.992012,0.055795,1.066688
36.736000,-0.186637,0.007988,1.044222,0.478643,-0.000003,0.008608,0.132146,-0.000012,1.570792,0.201904,1.000000,1.100000,0.000000,0.000000,-1.571000,0.388541,0.992012,0.055778,1.066848
36.738000,-0.185676,0.007987,1.044240,0.480346,-0.000003,0.008548,0.131181,-0.000013,1.570792,0.203294,1.000000,1.100000,0.000000,0.000000,-1.571000,0.388970,0.992013,0.055760,1.067003
36.740000,-0.184712,0.007987,1.044257,0.482028,-0.000004,0.008490,0.130216,-0.000013,1.570791,0.204676,1.000000,1.100000,0.000000,0.000000,-1.571000,0.389388,0.992013,0.055743,1.067155
36.742000,-0.183745,0.007987,1.044273,0.483687,-0.000004,0.008435,0.129253,-0.000013,1.570790,0.206050,1.000000,1.100000,0.000000,0.000000,-1.571000,0.389795,0.992013,0.055727,1.067302
36.744000,-0.182774,0.007987,1.044290,0.485324,-0.000004,0.008381,0.128294,-0.000013,1.570790,0.207416,1.000000,1.100000,0.000000,0.000000,-1.571000,0.390190,0.992013,0.055710,1.067446
36.746000,-0.181800,0.007987,1.044307,0.486940,-0.000004,0.008329,0.127339,-0.000013,1.570789,0.208774,1.000000,1.100000,0.000000,0.000000,-1.571000,0.390574,0.992013,0.055693,1.067585
36.748000,-0.180823,0.007987,1.044324,0.488534,-0.000005,0.008279,0.126390,-0.000014,1.570788,0.210123,1.000000,1.100000,0.000000,0.000000,-1.571000,0.390946,0.992013,0.055676,1.067721
36.750000,-0.179842,0.007987,1.044340,0.490106,-0.000005,0.008232,0.125448,-0.000014,1.570787,0.211465,1.000000,1.100000,0.000000,0.000000,-1.571000,0.391307,0.992013,0.055660,1.067852
36.752000,-0.178859,0.007987,1.044356,0.491658,-0.000005,0.008186,0.124514,-0.000014,1.570786,0.212797,1.000000,1.100000,0.000000,0.000000,-1.571000,0.391656,0.992013,0.055644,1.067979
36.754000,-0.177872,0.007987,1.044373,0.493188,-0.000006,0.008143,0.123590,-0.000014,1.570785,0.214122,1.000000,1.100000,0.000000,0.000000,-1.571000,0.391994,0.992013,0.055627,1.068102
36.756000,-0.176882,0.007987,1.044389,0.494697,-0.000006,0.008101,0.122675,-0.000014,1.570784,0.215438,1.000000,1.100000,0.000000,0.000000,-1.571000,0.392320,0.992013,0.055611,1.068221
36.758000,-0.175890,0.007987,1.044405,0.496185,-0.000006,0.008061,0.121773,-0.000014,1.570783,0.216745,1.000000,1.100000,0.000000,0.000000,-1.571000,0.392635,0.992013,0.055595,1.068336
36.760000,-0.174894,0.007987,1.044421,0.497653,-0.000006,0.008024,0.120882,-0.000014,1.570782,0.218044,1.000000,1.100000,0.000000,0.000000,-1.571000,0.392939,0.992013,0.055579,1.068447
36.762000,-0.173896,0.007987,1.044437,0.499101,-0.000007,0.007985,0.120004,-0.000015,1.570780,0.219335,1.000000,1.100000,0.000000,0.000000,-1.571000,0.393230,0.992013,0.055563,1.068553
36.764000,-0.172894,0.007987,1.044453,0.500528,-0.000007,0.007942,0.119136,-0.000015,1.570779,0.220616,1.000000,1.100000,0.000000,0.000000,-1.571000,0.393511,0.992013,0.055547,1.068656
36.766000,-0.171890,0.007987,1.044469,0.501934,-0.000007,0.007895,0.118276,-0.000015,1.570778,0.221889,1.000000,1.100000,0.000000,0.000000,-1.571000,0.393780,0.992013,0.055531,1.068754
36.768000,-0.170883,0.007987,1.044485,0.503321,-0.000008,0.007845,0.117423,-0.000015,1.570777,0.223154,1.000000,1.100000,0.000000,0.000000,-1.571000,0.394037,0.992013,0.055515,1.068848
36.770000,-0.169874,0.007987,1.044500,0.504688,-0.000008,0.007793,0.116576,-0.000015,1.570776,0.224409,1.000000,1.100000,0.000000,0.000000,-1.571000,0.394283,0.992013,0.055500,1.068938
36.772000,-0.168861,0.007987,1.044516,0.506036,-0.000008,0.007738,0.115732,-0.000015,1.570775,0.225655,1.000000,1.100000,0.000000,0.000000,-1.571000,0.394517,0.992013,0.055484,1.069023
36.774000,-0.167846,0.007987,1.044531,0.507364,-0.000009,0.007682,0.114891,-0.000015,1.570773,0.226893,1.000000,1.100000,0.000000,0.000000,-1.571000,0.394739,0.992013,0.055469,1.069105
36.776000,-0.166828,0.007987,1.044547,0.508672,-0.000009,0.007624,0.114051,-0.000015,1.570772,0.228122,1.000000,1.100000,0.000000,0.000000,-1.571000,0.394950,0.992013,0.055453,1.069182
36.778000,-0.165808,0.007987,1.044562,0.509962,-0.000009,0.007564,0.113213,-0.000015,1.570771,0.229341,1.000000,1.100000,0.000000,0.000000,-1.571000,0.395150,0.992013,0.055438,1.069255
36.780000,-0.164785,0.007987,1.044577,0.511233,-0.000010,0.007504,0.112375,-0.000016,1.570770,0.230552,1.000000,1.100000,0.000000,0.000000,-1.571000,0.395337,0.992013,0.055423,1.069323
36.782000,-0.163760,0.007987,1.044592,0.512484,-0.000010,0.007444,0.111536,-0.000016,1.570770,0.231754,1.000000,1.100000,0.000000,0.000000,-1.571000,0.395513,0.992013,0.055408,1.069388
36.784000,-0.162732,0.007987,1.044607,0.513717,-0.000010,0.007382,0.110698,-0.000016,1.570769,0.232946,1.000000,1.100000,0.000000,0.000000,-1.571000,0.395678,0.992013,0.055393,1.069448
36.786000,-0.161702,0.007987,1.044621,0.514930,-0.000011,0.007321,0.109858,-0.000016,1.570768,0.234129,1.000000,1.100000,0.000000,0.000000,-1.571000,0.395831,0.992013,0.055379,1.069504
36.788000,-0.160669,0.007987,1.044636,0.516125,-0.000011,0.007260,0.109017,-0.000016,1.570767,0.235303,1.000000,1.100000,0.000000,0.000000,-1.571000,0.395972,0.992013,0.055364,1.069555
36.790000,-0.159634,0.007987,1.044650,0.517301,-0.000011,0.007198,0.108175,-0.000015,1.570767,0.236468,1.000000,1.100000,0.000000,0.000000,-1.571000,0.396102,0.992013,0.055350,1.069603
36.792000,-0.158597,0.007987,1.044665,0.518458,-0.000012,0.007137,0.107332,-0.000015,1.570766,0.237623,1.000000,1.100000,0.000000,0.000000,-1.571000,0.396220,0.992013,0.055335,1.069646
36.794000,-0.157557,0.007987,1.044679,0.519596,-0.000012,0.007077,0.106488,-0.000015,1.570766,0.238769,1.000000,1.100000,0.000000,0.000000,-1.571000,0.396326,0.992013,0.055321,1.069684
36.796000,-0.156515,0.007987,1.044693,0.520716,-0.000012,0.007017,0.105643,-0.000015,1.570766,0.239905,1.000000,1.100000,0.000000,0.000000,-1.571000,0.396420,0.992013,0.055307,1.069719
36.798000,-0.155471,0.007987,1.044707,0.521817,-0.000013,0.006957,0.104797,-0.000015,1.570766,0.241032,1.000000,1.100000,0.000000,0.000000,-1.571000,0.396503,0.992013,0.055293,1.069749
36.800000,-0.154425,0.007987,1.044721,0.522899,-0.000013,0.006899,0.103951,-0.000015,1.570765,0.242150,1.000000,1.100000,0.000000,0.000000,-1.571000,0.396575,0.992013,0.055279,1.069774
36.802000,-0.153376,0.007987,1.044734,0.523963,-0.000013,0.006841,0.103105,-0.000014,1.570765,0.243258,1.000000,1.100000,0.000000,0.000000,-1.571000,0.396634,0.992013,0.055266,1.069796
36.804000,-0.152326,0.007987,1.044748,0.525008,-0.000014,0.006784,0.102259,-0.000014,1.570765,0.244356,1.000000,1.100000,0.000000,0.000000,-1.571000,0.396682,0.992013,0.055252,1.069813
36.806000,-0.151273,0.007987,1.044762,0.526034,-0.000014,0.006728,0.101413,-0.000014,1.570765,0.245445,1.000000,1.100000,0.000000,0.000000,-1.571000,0.396718,0.992013,0.055238,1.069825
36.808000,-0.150218,0.007987,1.044775,0.527042,-0.000014,0.006674,0.100569,-0.000014,1.570765,0.246524,1.000000,1.100000,0.000000,0.000000,-1.571000,0.396742,0.992013,0.055225,1.069834
36.810000,-0.149162,0.007987,1.044788,0.528032,-0.000015,0.006620,0.099726,-0.000014,1.570765,0.247593,1.000000,1.100000,0.000000,0.000000,-1.571000,0.396755,0.992013,0.055212,1.069838
36.812000,-0.148103,0.007987,1.044801,0.529003,-0.000015,0.006567,0.098886,-0.000013,1.570766,0.248653,1.000000,1.100000,0.000000,0.000000,-1.571000,0.396756,0.992013,0.055199,1.069837
36.814000,-0.147043,0.007987,1.044814,0.529956,-0.000015,0.006516,0.098049,-0.000013,1.570766,0.249702,1.000000,1.100000,0.000000,0.000000,-1.571000,0.396745,0.992013,0.055186,1.069833
36.816000,-0.145980,0.007987,1.044827,0.530891,-0.000016,0.006466,0.097214,-0.000013,1.570766,0.250742,1.000000,1.100000,0.000000,0.000000,-1.571000,0.396723,0.992013,0.055173,1.069824
36.818000,-0.144916,0.007987,1.044840,0.531807,-0.000016,0.006417,0.096384,-0.000013,1.570766,0.251772,1.000000,1.100000,0.000000,0.000000,-1.571000,0.396688,0.992013,0.055160,1.069810
36.820000,-0.143850,0.007987,1.044853,0.532706,-0.000016,0.006369,0.095559,-0.000013,1.570766,0.252792,1.000000,1.100000,0.000000,0.000000,-1.571000,0.396642,0.992013,0.055147,1.069793
36.822000,-0.142782,0.007987,1.044866,0.533587,-0.000016,0.006320,0.094738,-0.000012,1.570767,0.253802,1.000000,1.100000,0.000000,0.000000,-1.571000,0.396584,0.992013,0.055134,1.069771
36.824000,-0.141713,0.007987,1.044878,0.534449,-0.000017,0.006265,0.093918,-0.000012,1.570767,0.254802,1.000000,1.100000,0.000000,0.000000,-1.571000,0.396515,0.992013,0.055122,1.069744
36.826000,-0.140641,0.007987,1.044891,0.535294,-0.000017,0.006205,0.093097,-0.000012,1.570767,0.255792,1.000000,1.100000,0.000000,0.000000,-1.571000,0.396434,0.992013,0.055109,1.069714
36.828000,-0.139569,0.007987,1.044903,0.536120,-0.000017,0.006142,0.092273,-0.000012,1.570768,0.256772,1.000000,1.100000,0.000000,0.000000,-1.571000,0.396340,0.992013,0.055097,1.069678
36.830000,-0.138494,0.007987,1.044915,0.536928,-0.000017,0.006075,0.091443,-0.000012,1.570768,0.257742,1.000000,1.100000,0.000000,0.000000,-1.571000,0.396236,0.992013,0.055085,1.069639
36.832000,-0.137418,0.007987,1.044927,0.537718,-0.000018,0.006006,0.090606,-0.000011,1.570769,0.258701,1.000000,1.100000,0.000000,0.000000,-1.571000,0.396119,0.992013,0.055073,1.069595
36.834000,-0.136340,0.007986,1.044939,0.538489,-0.000018,0.005934,0.089761,-0.000011,1.570770,0.259650,1.000000,1.100000,0.000000,0.000000,-1.571000,0.395991,0.992014,0.055061,1.069547
36.836000,-0.135261,0.007986,1.044951,0.539243,-0.000018,0.005860,0.088906,-0.000011,1.570770,0.260589,1.000000,1.100000,0.000000,0.000000,-1.571000,0.395851,0.992014,0.055049,1.069495
36.838000,-0.134180,0.007986,1.044963,0.539977,-0.000018,0.005784,0.088040,-0.000011,1.570771,0.261518,1.000000,1.100000,0.000000,0.000000,-1.571000,0.395699,0.992014,0.055037,1.069438
36.840000,-0.133098,0.007986,1.044974,0.540694,-0.000019,0.005706,0.087163,-0.000011,1.570772,0.262437,1.000000,1.100000,0.000000,0.000000,-1.571000,0.395535,0.992014,0.055026,1.069377
36.842000,-0.132015,0.007986,1.044985,0.541391,-0.000019,0.005628,0.086274,-0.000011,1.570773,0.263345,1.000000,1.100000,0.000000,0.000000,-1.571000,0.395360,0.992014,0.055015,1.069311
36.844000,-0.130930,0.007986,1.044997,0.542070,-0.000019,0.005548,0.085373,-0.000011,1.570773,0.264242,1.000000,1.100000,0.000000,0.000000,-1.571000,0.395172,0.992014,0.055003,1.069242
36.846000,-0.129844,0.007986,1.045008,0.542730,-0.000019,0.005468,0.084459,-0.000011,1.570774,0.265130,1.000000,1.100000,0.000000,0.000000,-1.571000,0.394973,0.992014,0.054992,1.069168
36.848000,-0.128756,0.007986,1.045018,0.543370,-0.000019,0.005388,0.083533,-0.000011,1.570775,0.266006,1.000000,1.100000,0.000000,0.000000,-1.571000,0.394763,0.992014,0.054982,1.069089
36.850000,-0.127667,0.007986,1.045029,0.543991,-0.000020,0.005307,0.082595,-0.000010,1.570776,0.266873,1.000000,1.100000,0.000000,0.000000,-1.571000,0.394540,0.992014,0.054971,1.069007
36.852000,-0.126577,0.007986,1.045040,0.544592,-0.000020,0.005226,0.081644,-0.000010,1.570777,0.267729,1.000000,1.100000,0.000000,0.000000,-1.571000,0.394306,0.992014,0.054960,1.068920
36.854000,-0.125486,0.007986,1.045050,0.545173,-0.000020,0.005146,0.080682,-0.000010,1.570778,0.268574,1.000000,1.100000,0.000000,0.000000,-1.571000,0.394060,0.992014,0.054950,1.068829
36.856000,-0.124394,0.007986,1.045060,0.545735,-0.000020,0.005065,0.079709,-0.000010,1.570779,0.269408,1.000000,1.100000,0.000000,0.000000,-1.571000,0.393802,0.992014,0.054940,1.068733
36.858000,-0.123301,0.007986,1.045070,0.546276,-0.000020,0.004986,0.078725,-0.000010,1.570780,0.270232,1.000000,1.100000,0.000000,0.000000,-1.571000,0.393533,0.992014,0.054930,1.068633
36.860000,-0.122206,0.007986,1.045080,0.546797,-0.000021,0.004906,0.077732,-0.000010,1.570781,0.271045,1.000000,1.100000,0.000000,0.000000,-1.571000,0.393252,0.992014,0.054920,1.068529
36.862000,-0.121111,0.007986,1.045090,0.547297,-0.000021,0.004827,0.076730,-0.000010,1.570782,0.271848,1.000000,1.100000,0.000000,0.000000,-1.571000,0.392959,0.992014,0.054910,1.068421
36.864000,-0.120014,0.007986,1.045099,0.547777,-0.000021,0.004749,0.075719,-0.000010,1.570783,0.272640,1.000000,1.100000,0.000000,0.000000,-1.571000,0.392654,0.992014,0.054901,1.068309
36.866000,-0.118917,0.007986,1.045109,0.548236,-0.000021,0.004672,0.074702,-0.000010,1.570784,0.273421,1.000000,1.100000,0.000000,0.000000,-1.571000,0.392338,0.992014,0.054891,1.068192
36.868000,-0.117819,0.007986,1.045118,0.548674,-0.000021,0.004595,0.073678,-0.000010,1.570785,0.274191,1.000000,1.100000,0.000000,0.000000,-1.571000,0.392010,0.992014,0.054882,1.068071
36.870000,-0.116720,0.007986,1.045127,0.549092,-0.000021,0.004520,0.072650,-0.000010,1.570786,0.274951,1.000000,1.100000,0.000000,0.000000,-1.571000,0.391670,0.992014,0.054873,1.067946
36.872000,-0.115620,0.007986,1.045136,0.549489,-0.000022,0.004445,0.071617,-0.000010,1.570787,0.275699,1.000000,1.100000,0.000000,0.000000,-1.571000,0.391319,0.992014,0.054864,1.067817
36.874000,-0.114519,0.007986,1.045145,0.549864,-0.000022,0.004372,0.070582,-0.000010,1.570788,0.276437,1.000000,1.100000,0.000000,0.000000,-1.571000,0.390956,0.992014,0.054855,1.067684
36.876000,-0.113418,0.007986,1.045153,0.550219,-0.000022,0.004299,0.069544,-0.000010,1.570788,0.277164,1.000000,1.100000,0.000000,0.000000,-1.571000,0.390582,0.992014,0.054847,1.067546
36.878000,-0.112316,0.007986,1.045162,0.550553,-0.000022,0.004228,0.068507,-0.000010,1.570789,0.277880,1.000000,1.100000,0.000000,0.000000,-1.571000,0.390195,0.992014,0.054838,1.067404
36.880000,-0.111213,0.007986,1.045170,0.550865,-0.000022,0.004157,0.067470,-0.000010,1.570789,0.278585,1.000000,1.100000,0.000000,0.000000,-1.571000,0.389798,0.992014,0.054830,1.067259
36.882000,-0.110110,0.007985,1.045178,0.551157,-0.000022,0.004086,0.066434,-0.000010,1.570790,0.279279,1.000000,1.100000,0.000000,0.000000,-1.571000,0.389388,0.992015,0.054822,1.067109
36.884000,-0.109006,0.007985,1.045186,0.551428,-0.000023,0.004013,0.065396,-0.000010,1.570790,0.279961,1.000000,1.100000,0.000000,0.000000,-1.571000,0.388967,0.992015,0.054814,1.066955
36.886000,-0.107902,0.007985,1.045194,0.551678,-0.000023,0.003937,0.064355,-0.000010,1.570791,0.280633,1.000000,1.100000,0.000000,0.000000,-1.571000,0.388535,0.992015,0.054806,1.066797
36.888000,-0.106797,0.007985,1.045202,0.551907,-0.000023,0.003860,0.063308,-0.000010,1.570791,0.281294,1.000000,1.100000,0.000000,0.000000,-1.571000,0.388091,0.992015,0.054798,1.066635
36.890000,-0.105692,0.007985,1.045210,0.552115,-0.000023,0.003782,0.062254,-0.000010,1.570791,0.281944,1.000000,1.100000,0.000000,0.000000,-1.571000,0.387635,0.992015,0.054790,1.066469
36.892000,-0.104586,0.007985,1.045217,0.552302,-0.000023,0.003702,0.061192,-0.000010,1.570792,0.282582,1.000000,1.100000,0.000000,0.000000,-1.571000,0.387168,0.992015,0.054783,1.066299
36.894000,-0.103480,0.007985,1.045224,0.552467,-0.000023,0.003621,0.060120,-0.000010,1.570792,0.283209,1.000000,1.100000,0.000000,0.000000,-1.571000,0.386689,0.992015,0.054776,1.066125
36.896000,-0.102374,0.007985,1.045232,0.552611,-0.000024,0.003540,0.059039,-0.000010,1.570792,0.283826,1.000000,1.100000,0.000000,0.000000,-1.571000,0.386199,0.992015,0.054768,1.065947
36.898000,-0.101267,0.007985,1.045239,0.552734,-0.000024,0.003458,0.057947,-0.000010,1.570792,0.284431,1.000000,1.100000,0.000000,0.000000,-1.571000,0.385698,0.992015,0.054761,1.065765
36.900000,-0.100160,0.007985,1.045245,0.552835,-0.000024,0.003376,0.056844,-0.000010,1.570793,0.285024,1.000000,1.100000,0.000000,0.000000,-1.571000,0.385185,0.992015,0.054755,1.065579
36.902000,-0.099054,0.007985,1.045252,0.552914,-0.000024,0.003294,0.055730,-0.000010,1.570793,0.285607,1.000000,1.100000,0.000000,0.000000,-1.571000,0.384660,0.992015,0.054748,1.065389
36.904000,-0.097947,0.007985,1.045258,0.552971,-0.000024,0.003211,0.054605,-0.000009,1.570793,0.286178,1.000000,1.100000,0.000000,0.000000,-1.571000,0.384125,0.992015,0.054742,1.065196
36.906000,-0.096839,0.007985,1.045265,0.553006,-0.000024,0.003129,0.053470,-0.000009,1.570793,0.286738,1.000000,1.100000,0.000000,0.000000,-1.571000,0.383577,0.992015,0.054735,1.064998
36.908000,-0.095732,0.007985,1.045271,0.553019,-0.000024,0.003047,0.052324,-0.000009,1.570794,0.287286,1.000000,1.100000,0.000000,0.000000,-1.571000,0.383019,0.992015,0.054729,1.064797
36.910000,-0.094625,0.007985,1.045277,0.553009,-0.000025,0.002965,0.051168,-0.000009,1.570794,0.287824,1.000000,1.100000,0.000000,0.000000,-1.571000,0.382449,0.992015,0.054723,1.064592
36.912000,-0.093518,0.007985,1.045283,0.552976,-0.000025,0.002883,0.050004,-0.000009,1.570794,0.288350,1.000000,1.100000,0.000000,0.000000,-1.571000,0.381868,0.992015,0.054717,1.064383
36.914000,-0.092411,0.007985,1.045288,0.552921,-0.000025,0.002802,0.048830,-0.000009,1.570794,0.288864,1.000000,1.100000,0.000000,0.000000,-1.571000,0.381275,0.992015,0.054712,1.064170
36.916000,-0.091304,0.007985,1.045294,0.552843,-0.000025,0.002721,0.047650,-0.000008,1.570795,0.289367,1.000000,1.100000,0.000000,0.000000,-1.571000,0.380672,0.992015,0.054706,1.063954
36.918000,-0.090198,0.007985,1.045299,0.552742,-0.000025,0.002641,0.046462,-0.000008,1.570795,0.289859,1.000000,1.100000,0.000000,0.000000,-1.571000,0.380057,0.992015,0.054701,1.063734
36.920000,-0.089091,0.007985,1.045304,0.552618,-0.000025,0.002561,0.045269,-0.000008,1.570795,0.290339,1.000000,1.100000,0.000000,0.000000,-1.571000,0.379430,0.992015,0.054696,1.063510
36.922000,-0.087985,0.007985,1.045309,0.552471,-0.000025,0.002482,0.044071,-0.000007,1.570796,0.290808,1.000000,1.100000,0.000000,0.000000,-1.571000,0.378793,0.992015,0.054691,1.063283
36.924000,-0.086879,0.007984,1.045314,0.552301,-0.000025,0.002404,0.042870,-0.000007,1.570796,0.291265,1.000000,1.100000,0.000000,0.000000,-1.571000,0.378145,0.992016,0.054686,1.063052
36.926000,-0.085774,0.007984,1.045319,0.552107,-0.000025,0.002326,0.041666,-0.000007,1.570796,0.291711,1.000000,1.100000,0.000000,0.000000,-1.571000,0.377485,0.992016,0.054681,1.062817
36.928000,-0.084669,0.007984,1.045323,0.551891,-0.000025,0.002249,0.040461,-0.000006,1.570796,0.292145,1.000000,1.100000,0.000000,0.000000,-1.571000,0.376814,0.992016,0.054677,1.062579
36.930000,-0.083564,0.007984,1.045328,0.551651,-0.000026,0.002172,0.039256,-0.000006,1.570796,0.292568,1.000000,1.100000,0.000000,0.000000,-1.571000,0.376132,0.992016,0.054672,1.062337
36.932000,-0.082460,0.007984,1.045332,0.551389,-0.000026,0.002097,0.038052,-0.000005,1.570796,0.292979,1.000000,1.100000,0.000000,0.000000,-1.571000,0.375440,0.992016,0.054668,1.062092
36.934000,-0.081357,0.007984,1.045336,0.551103,-0.000026,0.002022,0.036851,-0.000005,1.570796,0.293379,1.000000,1.100000,0.000000,0.000000,-1.571000,0.374736,0.992016,0.054664,1.061843
36.936000,-0.080254,0.007984,1.045340,0.550794,-0.000026,0.001948,0.035654,-0.000004,1.570796,0.293767,1.000000,1.100000,0.000000,0.000000,-1.571000,0.374021,0.992016,0.054660,1.061591
36.938000,-0.079152,0.007984,1.045344,0.550463,-0.000026,0.001874,0.034462,-0.000004,1.570796,0.294143,1.000000,1.100000,0.000000,0.000000,-1.571000,0.373295,0.992016,0.054656,1.061335
36.940000,-0.078050,0.007984,1.045347,0.550109,-0.000026,0.001801,0.033277,-0.000004,1.570796,0.294508,1.000000,1.100000,0.000000,0.000000,-1.571000,0.372558,0.992016,0.054653,1.061076
36.942000,-0.076950,0.007984,1.045351,0.549733,-0.000026,0.001729,0.032100,-0.000003,1.570795,0.294861,1.000000,1.100000,0.000000,0.000000,-1.571000,0.371811,0.992016,0.054649,1.060814
36.944000,-0.075850,0.007984,1.045354,0.549334,-0.000026,0.001658,0.030931,-0.000003,1.570795,0.295203,1.000000,1.100000,0.000000,0.000000,-1.571000,0.371053,0.992016,0.054646,1.060548
36.946000,-0.074750,0.007984,1.045358,0.548914,-0.000026,0.001587,0.029774,-0.000002,1.570795,0.295533,1.000000,1.100000,0.000000,0.000000,-1.571000,0.370283,0.992016,0.054642,1.060279
36.948000,-0.073652,0.007984,1.045361,0.548471,-0.000026,0.001517,0.028628,-0.000002,1.570794,0.295851,1.000000,1.100000,0.000000,0.000000,-1.571000,0.369503,0.992016,0.054639,1.060007
36.950000,-0.072555,0.007984,1.045364,0.548008,-0.000026,0.001447,0.027495,-0.000001,1.570794,0.296158,1.000000,1.100000,0.000000,0.000000,-1.571000,0.368712,0.992016,0.054636,1.059731
36.952000,-0.071459,0.007984,1.045366,0.547523,-0.000026,0.001378,0.026376,-0.000001,1.570793,0.296452,1.000000,1.100000,0.000000,0.000000,-1.571000,0.367911,0.992016,0.054634,1.059452
36.954000,-0.070363,0.007984,1.045369,0.547017,-0.000026,0.001310,0.025272,-0.000000,1.570792,0.296736,1.000000,1.100000,0.000000,0.000000,-1.571000,0.367099,0.992016,0.054631,1.059171
36.956000,-0.069269,0.007984,1.045372,0.546490,-0.000026,0.001242,0.024184,0.000000,1.570791,0.297007,1.000000,1.100000,0.000000,0.000000,-1.571000,0.366276,0.992016,0.054628,1.058886
36.958000,-0.068176,0.007984,1.045374,0.545944,-0.000026,0.001175,0.023114,0.000001,1.570790,0.297267,1.000000,1.100000,0.000000,0.000000,-1.571000,0.365442,0.992016,0.054626,1.058597
36.960000,-0.067083,0.007984,1.045376,0.545378,-0.000026,0.001108,0.022061,0.000001,1.570790,0.297515,1.000000,1.100000,0.000000,0.000000,-1.571000,0.364598,0.992016,0.054624,1.058306
36.962000,-0.065992,0.007984,1.045378,0.544792,-0.000025,0.001041,0.021027,0.000002,1.570789,0.297751,1.000000,1.100000,0.000000,0.000000,-1.571000,0.363743,0.992016,0.054622,1.058012
36.964000,-0.064903,0.007983,1.045380,0.544187,-0.000025,0.000972,0.020009,0.000002,1.570787,0.297976,1.000000,1.100000,0.000000,0.000000,-1.571000,0.362878,0.992017,0.054620,1.057715
36.966000,-0.063814,0.007983,1.045382,0.543564,-0.000025,0.000903,0.019005,0.000003,1.570786,0.298188,1.000000,1.100000,0.000000,0.000000,-1.571000,0.362002,0.992017,0.054618,1.057415
36.968000,-0.062727,0.007983,1.045384,0.542922,-0.000025,0.000833,0.018013,0.000003,1.570785,0.298389,1.000000,1.100000,0.000000,0.000000,-1.571000,0.361116,0.992017,0.054616,1.057112
36.970000,-0.061641,0.007983,1.045385,0.542262,-0.000025,0.000762,0.017033,0.000004,1.570784,0.298578,1.000000,1.100000,0.000000,0.000000,-1.571000,0.360219,0.992017,0.054615,1.056806
36.972000,-0.060556,0.007983,1.045387,0.541584,-0.000025,0.000691,0.016061,0.000004,1.570783,0.298756,1.000000,1.100000,0.000000,0.000000,-1.571000,0.359312,0.992017,0.054613,1.056497
36.974000,-0.059473,0.007983,1.045388,0.540889,-0.000025,0.000619,0.015098,0.000005,1.570782,0.298921,1.000000,1.100000,0.000000,0.000000,-1.571000,0.358395,0.992017,0.054612,1.056185
36.976000,-0.058391,0.007983,1.045389,0.540176,-0.000025,0.000546,0.014142,0.000005,1.570781,0.299075,1.000000,1.100000,0.000000,0.000000,-1.571000,0.357467,0.992017,0.054611,1.055870
36.978000,-0.057311,0.007983,1.045390,0.539445,-0.000025,0.000473,0.013192,0.000006,1.570781,0.299217,1.000000,1.100000,0.000000,0.000000,-1.571000,0.356528,0.992017,0.054610,1.055553
36.980000,-0.056232,0.007983,1.045391,0.538698,-0.000024,0.000399,0.012248,0.000006,1.570780,0.299347,1.000000,1.100000,0.000000,0.000000,-1.571000,0.355579,0.992017,0.054609,1.055233
36.982000,-0.055155,0.007983,1.045392,0.537934,-0.000024,0.000325,0.011309,0.000007,1.570779,0.299466,1.000000,1.100000,0.000000,0.000000,-1.571000,0.354621,0.992017,0.054608,1.054910
36.984000,-0.054079,0.007983,1.045392,0.537152,-0.000024,0.000251,0.010374,0.000007,1.570778,0.299572,1.000000,1.100000,0.000000,0.000000,-1.571000,0.353651,0.992017,0.054608,1.054585
36.986000,-0.053005,0.007983,1.045393,0.536354,-0.000024,0.000177,0.009443,0.000007,1.570778,0.299667,1.000000,1.100000,0.000000,0.000000,-1.571000,0.352672,0.992017,0.054607,1.054257
36.988000,-0.051932,0.007983,1.045393,0.535540,-0.000024,0.000102,0.008516,0.000008,1.570777,0.299750,1.000000,1.100000,0.000000,0.000000,-1.571000,0.351682,0.992017,0.054607,1.053926
36.990000,-0.050861,0.007983,1.045393,0.534708,-0.000023,0.000028,0.007592,0.000008,1.570777,0.299821,1.000000,1.100000,0.000000,0.000000,-1.571000,0.350682,0.992017,0.054607,1.053593
36.992000,-0.049792,0.007983,1.045393,0.533861,-0.000023,-0.000047,0.006672,0.000009,1.570776,0.299880,1.000000,1.100000,0.000000,0.000000,-1.571000,0.349672,0.992017,0.054607,1.053257
36.994000,-0.048725,0.007983,1.045393,0.532997,-0.000023,-0.000122,0.005755,0.000009,1.570776,0.299927,1.000000,1.100000,0.000000,0.000000,-1.571000,0.348652,0.992017,0.054607,1.052919
36.996000,-0.047659,0.007983,1.045392,0.532116,-0.000023,-0.000197,0.004842,0.000009,1.570776,0.299963,1.000000,1.100000,0.000000,0.000000,-1.571000,0.347622,0.992017,0.054608,1.052578
36.998000,-0.046595,0.007983,1.045392,0.531220,-0.000023,-0.000272,0.003932,0.000010,1.570776,0.299987,1.000000,1.100000,0.000000,0.000000,-1.571000,0.346582,0.992017,0.054608,1.052235
37.000000,-0.045533,0.007983,1.045391,0.530307,-0.000022,-0.000348,0.003026,0.000010,1.570776,0.299999,1.000000,1.100000,0.000000,0.000000,-1.571000,0.345531,0.992017,0.054609,1.051890
37.002000,-0.044473,0.007983,1.045390,0.529379,-0.000022,-0.000423,0.002123,0.000011,1.570776,0.299999,1.000000,1.100000,0.000000,0.000000,-1.571000,0.344471,0.992017,0.054610,1.051542
37.004000,-0.043414,0.007982,1.045389,0.528434,-0.000022,-0.000498,0.001225,0.000011,1.570776,0.299987,1.000000,1.100000,0.000000,0.000000,-1.571000,0.343401,0.992018,0.054611,1.051192
37.006000,-0.042358,0.007982,1.045388,0.527474,-0.000022,-0.000574,0.000332,0.000011,1.570776,0.299963,1.000000,1.100000,0.000000,0.000000,-1.571000,0.342321,0.992018,0.054612,1.050840
37.008000,-0.041303,0.007982,1.045387,0.526499,-0.000021,-0.000649,-0.000557,0.000012,1.570776,0.299927,1.000000,1.100000,0.000000,0.000000,-1.571000,0.341231,0.992018,0.054613,1.050486
37.010000,-0.040251,0.007982,1.045386,0.525508,-0.000021,-0.000725,-0.001440,0.000012,1.570776,0.299880,1.000000,1.100000,0.000000,0.000000,-1.571000,0.340131,0.992018,0.054614,1.050129
37.012000,-0.039200,0.007982,1.045384,0.524501,-0.000021,-0.000800,-0.002317,0.000012,1.570776,0.299821,1.000000,1.100000,0.000000,0.000000,-1.571000,0.339021,0.992018,0.054616,1.049770
37.014000,-0.038151,0.007982,1.045382,0.523479,-0.000021,-0.000876,-0.003189,0.000013,1.570777,0.299750,1.000000,1.100000,0.000000,0.000000,-1.571000,0.337901,0.992018,0.054618,1.049409
37.016000,-0.037105,0.007982,1.045380,0.522442,-0.000020,-0.000952,-0.004054,0.000013,1.570777,0.299667,1.000000,1.100000,0.000000,0.000000,-1.571000,0.336772,0.992018,0.054620,1.049046
37.018000,-0.036061,0.007982,1.045378,0.521391,-0.000020,-0.001027,-0.004911,0.000014,1.570778,0.299572,1.000000,1.100000,0.000000,0.000000,-1.571000,0.335633,0.992018,0.054622,1.048681
37.020000,-0.035018,0.007982,1.045376,0.520324,-0.000020,-0.001103,-0.005761,0.000014,1.570778,0.299466,1.000000,1.100000,0.000000,0.000000,-1.571000,0.334484,0.992018,0.054624,1.048314
37.022000,-0.033978,0.007982,1.045374,0.519243,-0.000019,-0.001180,-0.006603,0.000015,1.570778,0.299347,1.000000,1.100000,0.000000,0.000000,-1.571000,0.333326,0.992018,0.054626,1.047945
37.024000,-0.032941,0.007982,1.045371,0.518148,-0.000019,-0.001259,-0.007437,0.000015,1.570779,0.299217,1.000000,1.100000,0.000000,0.000000,-1.571000,0.332158,0.992018,0.054629,1.047575
37.026000,-0.031905,0.007982,1.045369,0.517038,-0.000019,-0.001339,-0.008261,0.000015,1.570779,0.299075,1.000000,1.100000,0.000000,0.000000,-1.571000,0.330980,0.992018,0.054631,1.047202
37.028000,-0.030871,0.007982,1.045366,0.515915,-0.000018,-0.001421,-0.009076,0.000016,1.570779,0.298921,1.000000,1.100000,0.000000,0.000000,-1.571000,0.329793,0.992018,0.054634,1.046828
37.030000,-0.029840,0.007982,1.045363,0.514778,-0.000018,-0.001505,-0.009882,0.000016,1.570780,0.298756,1.000000,1.100000,0.000000,0.000000,-1.571000,0.328596,0.992018,0.054637,1.046451
37.032000,-0.028811,0.007982,1.045360,0.513627,-0.000018,-0.001589,-0.010676,0.000016,1.570780,0.298578,1.000000,1.100000,0.000000,0.000000,-1.571000,0.327390,0.992018,0.054640,1.046073
37.034000,-0.027785,0.007982,1.045357,0.512463,-0.000017,-0.001675,-0.011460,0.000017,1.570780,0.298389,1.000000,1.100000,0.000000,0.000000,-1.571000,0.326174,0.992018,0.054643,1.045694
37.036000,-0.026761,0.007982,1.045353,0.511286,-0.000017,-0.001763,-0.012232,0.000017,1.570781,0.298188,1.000000,1.100000,0.000000,0.000000,-1.571000,0.324949,0.992018,0.054647,1.045312
37.038000,-0.025739,0.007982,1.045349,0.510096,-0.000017,-0.001851,-0.012993,0.000017,1.570781,0.297976,1.000000,1.100000,0.000000,0.000000,-1.571000,0.323714,0.992018,0.054651,1.044930
37.040000,-0.024719,0.007982,1.045346,0.508894,-0.000016,-0.001940,-0.013741,0.000017,1.570781,0.297751,1.000000,1.100000,0.000000,0.000000,-1.571000,0.322471,0.992018,0.054654,1.044545
37.042000,-0.023702,0.007982,1.045342,0.507679,-0.000016,-0.002030,-0.014477,0.000018,1.570781,0.297515,1.000000,1.100000,0.000000,0.000000,-1.571000,0.321217,0.992018,0.054658,1.044159
37.044000,-0.022688,0.007982,1.045337,0.506452,-0.000015,-0.002120,-0.015199,0.000018,1.570782,0.297267,1.000000,1.100000,0.000000,0.000000,-1.571000,0.319955,0.992018,0.054663,1.043772
37.046000,-0.021676,0.007982,1.045333,0.505214,-0.000015,-0.002212,-0.015908,0.000018,1.570782,0.297007,1.000000,1.100000,0.000000,0.000000,-1.571000,0.318683,0.992018,0.054667,1.043383
37.048000,-0.020666,0.007982,1.045328,0.503964,-0.000015,-0.002304,-0.016603,0.000018,1.570782,0.296736,1.000000,1.100000,0.000000,0.000000,-1.571000,0.317402,0.992018,0.054672,1.042992
37.050000,-0.019659,0.007982,1.045324,0.502703,-0.000014,-0.002396,-0.017283,0.000018,1.570782,0.296452,1.000000,1.100000,0.000000,0.000000,-1.571000,0.316112,0.992018,0.054676,1.042601
37.052000,-0.018655,0.007982,1.045319,0.501431,-0.000014,-0.002489,-0.017949,0.000017,1.570782,0.296158,1.000000,1.100000,0.000000,0.000000,-1.571000,0.314812,0.992018,0.054681,1.042208
37.054000,-0.017653,0.007982,1.045314,0.500149,-0.000014,-0.002583,-0.018600,0.000017,1.570782,0.295851,1.000000,1.100000,0.000000,0.000000,-1.571000,0.313504,0.992018,0.054686,1.041814
37.056000,-0.016653,0.007982,1.045308,0.498857,-0.000013,-0.002677,-0.019236,0.000017,1.570782,0.295533,1.000000,1.100000,0.000000,0.000000,-1.571000,0.312186,0.992018,0.054692,1.041418
37.058000,-0.015657,0.007982,1.045303,0.497554,-0.000013,-0.002772,-0.019856,0.000017,1.570782,0.295203,1.000000,1.100000,0.000000,0.000000,-1.571000,0.310860,0.992018,0.054697,1.041022
37.060000,-0.014663,0.007982,1.045297,0.496242,-0.000012,-0.002867,-0.020460,0.000017,1.570782,0.294861,1.000000,1.100000,0.000000,0.000000,-1.571000,0.309524,0.992018,0.054703,1.040624
37.062000,-0.013671,0.007981,1.045291,0.494921,-0.000012,-0.002962,-0.021048,0.000016,1.570782,0.294508,1.000000,1.100000,0.000000,0.000000,-1.571000,0.308179,0.992019,0.054709,1.040225
37.064000,-0.012682,0.007981,1.045285,0.493591,-0.000012,-0.003058,-0.021620,0.000016,1.570782,0.294143,1.000000,1.100000,0.000000,0.000000,-1.571000,0.306826,0.992019,0.054715,1.039825
37.066000,-0.011696,0.007981,1.045279,0.492252,-0.000011,-0.003154,-0.022175,0.000016,1.570782,0.293767,1.000000,1.100000,0.000000,0.000000,-1.571000,0.305463,0.992019,0.054721,1.039424
37.068000,-0.010713,0.007981,1.045272,0.490905,-0.000011,-0.003250,-0.022714,0.000016,1.570782,0.293379,1.000000,1.100000,0.000000,0.000000,-1.571000,0.304091,0.992019,0.054728,1.039022
37.070000,-0.009732,0.007981,1.045266,0.489550,-0.000011,-0.003347,-0.023236,0.000015,1.570781,0.292979,1.000000,1.100000,0.000000,0.000000,-1.571000,0.302711,0.992019,0.054734,1.038620
37.072000,-0.008754,0.007981,1.045259,0.488188,-0.000010,-0.003444,-0.023741,0.000015,1.570781,0.292568,1.000000,1.100000,0.000000,0.000000,-1.571000,0.301322,0.992019,0.054741,1.038216
37.074000,-0.007779,0.007981,1.045252,0.486818,-0.000010,-0.003541,-0.024230,0.000014,1.570781,0.292145,1.000000,1.100000,0.000000,0.000000,-1.571000,0.299924,0.992019,0.054748,1.037811
37.076000,-0.006806,0.007981,1.045245,0.485441,-0.000010,-0.003638,-0.024701,0.000014,1.570781,0.291711,1.000000,1.100000,0.000000,0.000000,-1.571000,0.298517,0.992019,0.054755,1.037406
37.078000,-0.005836,0.007981,1.045237,0.484058,-0.000010,-0.003735,-0.025156,0.000014,1.570781,0.291265,1.000000,1.100000,0.000000,0.000000,-1.571000,0.297101,0.992019,0.054763,1.037000
37.080000,-0.004869,0.007981,1.045230,0.482669,-0.000009,-0.003833,-0.025594,0.000013,1.570780,0.290808,1.000000,1.100000,0.000000,0.000000,-1.571000,0.295677,0.992019,0.054770,1.036593
37.082000,-0.003905,0.007981,1.045222,0.481273,-0.000009,-0.003922,-0.026019,0.000013,1.570780,0.290339,1.000000,1.100000,0.000000,0.000000,-1.571000,0.294244,0.992019,0.054778,1.036186
37.084000,-0.002944,0.007981,1.045214,0.479872,-0.000009,-0.003997,-0.026441,0.000012,1.570780,0.289859,1.000000,1.100000,0.000000,0.000000,-1.571000,0.292802,0.992019,0.054786,1.035778
37.086000,-0.001985,0.007981,1.045206,0.478465,-0.000008,-0.004057,-0.026871,0.000012,1.570780,0.289367,1.000000,1.100000,0.000000,0.000000,-1.571000,0.291352,0.992019,0.054794,1.035369
37.088000,-0.001029,0.007981,1.045198,0.477051,-0.000008,-0.004105,-0.027317,0.000012,1.570781,0.288864,1.000000,1.100000,0.000000,0.000000,-1.571000,0.289893,0.992019,0.054802,1.034960
37.090000,-0.000076,0.007981,1.045189,0.475631,-0.000008,-0.004141,-0.027788,0.000011,1.570781,0.288350,1.000000,1.100000,0.000000,0.000000,-1.571000,0.288426,0.992019,0.054811,1.034551
37.092000,0.000874,0.007981,1.045181,0.474204,-0.000008,-0.004167,-0.028291,0.000011,1.570782,0.287824,1.000000,1.100000,0.000000,0.000000,-1.571000,0.286950,0.992019,0.054819,1.034141
37.094000,0.001821,0.007981,1.045173,0.472769,-0.000007,-0.004185,-0.028833,0.000010,1.570783,0.287286,1.000000,1.100000,0.000000,0.000000,-1.571000,0.285466,0.992019,0.054827,1.033730
37.096000,0.002765,0.007981,1.045164,0.471326,-0.000007,-0.004193,-0.029419,0.000010,1.570784,0.286738,1.000000,1.100000,0.000000,0.000000,-1.571000,0.283973,0.992019,0.054836,1.033319
37.098000,0.003707,0.007981,1.045156,0.469873,-0.000007,-0.004195,-0.030054,0.000010,1.570786,0.286178,1.000000,1.100000,0.000000,0.000000,-1.571000,0.282471,0.992019,0.054844,1.032908
37.100000,0.004645,0.007981,1.045147,0.468411,-0.000007,-0.004189,-0.030744,0.000009,1.570788,0.285607,1.000000,1.100000,0.000000,0.000000,-1.571000,0.280962,0.992019,0.054853,1.032497
37.102000,0.005581,0.007981,1.045139,0.466937,-0.000007,-0.004178,-0.031491,0.000009,1.570790,0.285024,1.000000,1.100000,0.000000,0.000000,-1.571000,0.279444,0.992019,0.054861,1.032085
37.104000,0.006513,0.007981,1.045131,0.465450,-0.000006,-0.004162,-0.032298,0.000009,1.570792,0.284431,1.000000,1.100000,0.000000,0.000000,-1.571000,0.277917,0.992019,0.054869,1.031673
37.106000,0.007443,0.007981,1.045122,0.463951,-0.000006,-0.004141,-0.033169,0.000008,1.570795,0.283826,1.000000,1.100000,0.000000,0.000000,-1.571000,0.276383,0.992019,0.054878,1.031262
37.108000,0.008369,0.007981,1.045114,0.462436,-0.000006,-0.004115,-0.034105,0.000008,1.570798,0.283209,1.000000,1.100000,0.000000,0.000000,-1.571000,0.274840,0.992019,0.054886,1.030850
37.110000,0.009293,0.007981,1.045106,0.460906,-0.000006,-0.004086,-0.035107,0.000008,1.570802,0.282582,1.000000,1.100000,0.000000,0.000000,-1.571000,0.273289,0.992019,0.054894,1.030438
37.112000,0.010213,0.007981,1.045098,0.459358,-0.000006,-0.004053,-0.036176,0.000008,1.570805,0.281944,1.000000,1.100000,0.000000,0.000000,-1.571000,0.271730,0.992019,0.054902,1.030026
37.114000,0.011131,0.007981,1.045090,0.457791,-0.000006,-0.004018,-0.037313,0.000008,1.570809,0.281294,1.000000,1.100000,0.000000,0.000000,-1.571000,0.270163,0.992019,0.054910,1.029614
37.116000,0.012045,0.007981,1.045082,0.456205,-0.000005,-0.003980,-0.038517,0.000007,1.570813,0.280633,1.000000,1.100000,0.000000,0.000000,-1.571000,0.268588,0.992019,0.054918,1.029202
37.118000,0.012956,0.007981,1.045074,0.454598,-0.000005,-0.003940,-0.039789,0.000007,1.570817,0.279961,1.000000,1.100000,0.000000,0.000000,-1.571000,0.267006,0.992019,0.054926,1.028791
37.120000,0.013863,0.007981,1.045066,0.452968,-0.000005,-0.003898,-0.041127,0.000007,1.570821,0.279279,1.000000,1.100000,0.000000,0.000000,-1.571000,0.265415,0.992019,0.054934,1.028380
37.122000,0.014768,0.007981,1.045058,0.451315,-0.000005,-0.003854,-0.042531,0.000007,1.570825,0.278585,1.000000,1.100000,0.000000,0.000000,-1.571000,0.263817,0.992019,0.054942,1.027969
37.124000,0.015669,0.007981,1.045051,0.449636,-0.000005,-0.003810,-0.043997,0.000007,1.570830,0.277880,1.000000,1.100000,0.000000,0.000000,-1.571000,0.262211,0.992019,0.054949,1.027558
37.126000,0.016566,0.007981,1.045043,0.447932,-0.000005,-0.003765,-0.045526,0.000007,1.570834,0.277164,1.000000,1.100000,0.000000,0.000000,-1.571000,0.260597,0.992019,0.054957,1.027148
37.128000,0.017461,0.007981,1.045036,0.446201,-0.000005,-0.003719,-0.047114,0.000007,1.570838,0.276437,1.000000,1.100000,0.000000,0.000000,-1.571000,0.258977,0.992019,0.054964,1.026738
37.130000,0.018351,0.007981,1.045028,0.444441,-0.000005,-0.003673,-0.048760,0.000007,1.570843,0.275699,1.000000,1.100000,0.000000,0.000000,-1.571000,0.257348,0.992019,0.054972,1.026329
37.132000,0.019238,0.007981,1.045021,0.442652,-0.000004,-0.003628,-0.050460,0.000008,1.570847,0.274951,1.000000,1.100000,0.000000,0.000000,-1.571000,0.255712,0.992019,0.054979,1.025921
37.134000,0.020122,0.007981,1.045014,0.440832,-0.000004,-0.003582,-0.052211,0.000008,1.570851,0.274191,1.000000,1.100000,0.000000,0.000000,-1.571000,0.254070,0.992019,0.054986,1.025513
37.136000,0.021002,0.007981,1.045007,0.438981,-0.000004,-0.003537,-0.054012,0.000008,1.570855,0.273421,1.000000,1.100000,0.000000,0.000000,-1.571000,0.252419,0.992019,0.054993,1.025106
37.138000,0.021878,0.007981,1.045000,0.437098,-0.000004,-0.003493,-0.055858,0.000008,1.570859,0.272640,1.000000,1.100000,0.000000,0.000000,-1.571000,0.250762,0.992019,0.055000,1.024699
37.140000,0.022750,0.007981,1.044993,0.435182,-0.000004,-0.003450,-0.057746,0.000008,1.570862,0.271848,1.000000,1.100000,0.000000,0.000000,-1.571000,0.249098,0.992019,0.055007,1.024294
37.142000,0.023618,0.007981,1.044986,0.433233,-0.000004,-0.003409,-0.059672,0.000009,1.570866,0.271045,1.000000,1.100000,0.000000,0.000000,-1.571000,0.247427,0.992019,0.055014,1.023889
37.144000,0.024482,0.007981,1.044979,0.431249,-0.000004,-0.003369,-0.061634,0.000009,1.570869,0.270232,1.000000,1.100000,0.000000,0.000000,-1.571000,0.245750,0.992019,0.055021,1.023485
37.146000,0.025343,0.007981,1.044972,0.429230,-0.000004,-0.003330,-0.063627,0.000009,1.570871,0.269408,1.000000,1.100000,0.000000,0.000000,-1.571000,0.244066,0.992019,0.055028,1.023083
37.148000,0.026199,0.007981,1.044966,0.427175,-0.000004,-0.003293,-0.065647,0.000010,1.570874,0.268574,1.000000,1.100000,0.000000,0.000000,-1.571000,0.242375,0.992019,0.055034,1.022681
37.150000,0.027051,0.007981,1.044959,0.425085,-0.000004,-0.003259,-0.067691,0.000010,1.570876,0.267729,1.000000,1.100000,0.000000,0.000000,-1.571000,0.240677,0.992019,0.055041,1.022280
37.152000,0.027899,0.007981,1.044953,0.422958,-0.000003,-0.003227,-0.069756,0.000011,1.570878,0.266873,1.000000,1.100000,0.000000,0.000000,-1.571000,0.238974,0.992019,0.055047,1.021881
37.154000,0.028742,0.007981,1.044946,0.420794,-0.000003,-0.003198,-0.071836,0.000011,1.570879,0.266006,1.000000,1.100000,0.000000,0.000000,-1.571000,0.237264,0.992019,0.055054,1.021483
37.156000,0.029582,0.007981,1.044940,0.418594,-0.000003,-0.003171,-0.073929,0.000011,1.570880,0.265130,1.000000,1.100000,0.000000,0.000000,-1.571000,0.235548,0.992019,0.055060,1.021086
37.158000,0.030416,0.007981,1.044934,0.416357,-0.000003,-0.003147,-0.076030,0.000012,1.570881,0.264242,1.000000,1.100000,0.000000,0.000000,-1.571000,0.233826,0.992019,0.055066,1.020690
37.160000,0.031246,0.007981,1.044927,0.414083,-0.000003,-0.003126,-0.078136,0.000012,1.570881,0.263345,1.000000,1.100000,0.000000,0.000000,-1.571000,0.232098,0.992019,0.055073,1.020296
37.162000,0.032072,0.007981,1.044921,0.411771,-0.000003,-0.003106,-0.080244,0.000013,1.570881,0.262437,1.000000,1.100000,0.000000,0.000000,-1.571000,0.230365,0.992019,0.055079,1.019904
37.164000,0.032893,0.007981,1.044915,0.409422,-0.000003,-0.003083,-0.082351,0.000013,1.570880,0.261518,1.000000,1.100000,0.000000,0.000000,-1.571000,0.228626,0.992019,0.055085,1.019513
37.166000,0.033709,0.007981,1.044909,0.407036,-0.000003,-0.003060,-0.084456,0.000014,1.570879,0.260589,1.000000,1.100000,0.000000,0.000000,-1.571000,0.226881,0.992019,0.055091,1.019123
37.168000,0.034520,0.007981,1.044903,0.404612,-0.000003,-0.003036,-0.086555,0.000014,1.570878,0.259650,1.000000,1.100000,0.000000,0.000000,-1.571000,0.225130,0.992019,0.055097,1.018735
37.170000,0.035326,0.007981,1.044897,0.402152,-0.000002,-0.003012,-0.088649,0.000014,1.570876,0.258701,1.000000,1.100000,0.000000,0.000000,-1.571000,0.223375,0.992019,0.055103,1.018349
37.172000,0.036128,0.007981,1.044891,0.399655,-0.000002,-0.002989,-0.090733,0.000014,1.570874,0.257742,1.000000,1.100000,0.000000,0.000000,-1.571000,0.221614,0.992019,0.055109,1.017965
37.174000,0.036924,0.007981,1.044885,0.397122,-0.000002,-0.002966,-0.092806,0.000015,1.570872,0.256772,1.000000,1.100000,0.000000,0.000000,-1.571000,0.219848,0.992019,0.055115,1.017582
37.176000,0.037715,0.007981,1.044879,0.394552,-0.000002,-0.002944,-0.094866,0.000015,1.570869,0.255792,1.000000,1.100000,0.000000,0.000000,-1.571000,0.218077,0.992019,0.055121,1.017201
37.178000,0.038501,0.007981,1.044873,0.391947,-0.000002,-0.002923,-0.096911,0.000015,1.570866,0.254802,1.000000,1.100000,0.000000,0.000000,-1.571000,0.216301,0.992019,0.055127,1.016822
37.180000,0.039282,0.007981,1.044867,0.389306,-0.000002,-0.002904,-0.098937,0.000015,1.570863,0.253802,1.000000,1.100000,0.000000,0.000000,-1.571000,0.214520,0.992019,0.055133,1.016445
37.182000,0.040057,0.007981,1.044861,0.386631,-0.000001,-0.002887,-0.100944,0.000015,1.570859,0.252792,1.000000,1.100000,0.000000,0.000000,-1.571000,0.212735,0.992019,0.055139,1.016070
37.184000,0.040827,0.007981,1.044856,0.383921,-0.000001,-0.002872,-0.102930,0.000015,1.570856,0.251772,1.000000,1.100000,0.000000,0.000000,-1.571000,0.210945,0.992019,0.055144,1.015697
37.186000,0.041592,0.007981,1.044850,0.381177,-0.000001,-0.002860,-0.104891,0.000015,1.570852,0.250742,1.000000,1.100000,0.000000,0.000000,-1.571000,0.209150,0.992019,0.055150,1.015326
37.188000,0.042351,0.007981,1.044844,0.378400,-0.000001,-0.002849,-0.106826,0.000015,1.570848,0.249702,1.000000,1.100000,0.000000,0.000000,-1.571000,0.207352,0.992019,0.055156,1.014958
37.190000,0.043104,0.007981,1.044839,0.375590,-0.000001,-0.002842,-0.108734,0.000015,1.570843,0.248653,1.000000,1.100000,0.000000,0.000000,-1.571000,0.205549,0.992019,0.055161,1.014591
37.192000,0.043852,0.007981,1.044833,0.372748,-0.000001,-0.002837,-0.110611,0.000015,1.570839,0.247593,1.000000,1.100000,0.000000,0.000000,-1.571000,0.203741,0.992019,0.055167,1.014227
37.194000,0.044594,0.007981,1.044827,0.369874,-0.000000,-0.002835,-0.112458,0.000015,1.570834,0.246524,1.000000,1.100000,0.000000,0.000000,-1.571000,0.201930,0.992019,0.055173,1.013865
37.196000,0.045330,0.007981,1.044822,0.366970,-0.000000,-0.002837,-0.114271,0.000014,1.570830,0.245445,1.000000,1.100000,0.000000,0.000000,-1.571000,0.200115,0.992019,0.055178,1.013505
37.198000,0.046060,0.007981,1.044816,0.364036,0.000000,-0.002841,-0.116049,0.000014,1.570825,0.244356,1.000000,1.100000,0.000000,0.000000,-1.571000,0.198296,0.992019,0.055184,1.013148
37.200000,0.046784,0.007981,1.044810,0.361072,0.000000,-0.002848,-0.117791,0.000014,1.570820,0.243258,1.000000,1.100000,0.000000,0.000000,-1.571000,0.196473,0.992019,0.055190,1.012793
37.202000,0.047503,0.007981,1.044804,0.358080,0.000001,-0.002859,-0.119496,0.000013,1.570815,0.242150,1.000000,1.100000,0.000000,0.000000,-1.571000,0.194647,0.992019,0.055196,1.012441
37.204000,0.048215,0.007981,1.044799,0.355060,0.000001,-0.002873,-0.121162,0.000013,1.570810,0.241032,1.000000,1.100000,0.000000,0.000000,-1.571000,0.192817,0.992019,0.055201,1.012091
37.206000,0.048921,0.007981,1.044793,0.352014,0.000001,-0.002890,-0.122788,0.000012,1.570805,0.239905,1.000000,1.100000,0.000000,0.000000,-1.571000,0.190984,0.992019,0.055207,1.011743
37.208000,0.049622,0.007981,1.044787,0.348941,0.000001,-0.002910,-0.124374,0.000012,1.570800,0.238769,1.000000,1.100000,0.000000,0.000000,-1.571000,0.189147,0.992019,0.055213,1.011399
37.210000,0.050315,0.007981,1.044781,0.345843,0.000001,-0.002934,-0.125917,0.000011,1.570795,0.237623,1.000000,1.100000,0.000000,0.000000,-1.571000,0.187307,0.992019,0.055219,1.011057
37.212000,0.051003,0.007981,1.044775,0.342721,0.000002,-0.002961,-0.127418,0.000011,1.570790,0.236468,1.000000,1.100000,0.000000,0.000000,-1.571000,0.185464,0.992019,0.055225,1.010717
37.214000,0.051685,0.007981,1.044769,0.339576,0.000002,-0.002991,-0.128876,0.000010,1.570785,0.235303,1.000000,1.100000,0.000000,0.000000,-1.571000,0.183618,0.992019,0.055231,1.010380
37.216000,0.052360,0.007981,1.044763,0.336408,0.000002,-0.003025,-0.130290,0.000009,1.570781,0.234129,1.000000,1.100000,0.000000,0.000000,-1.571000,0.181769,0.992019,0.055237,1.010046
37.218000,0.053028,0.007981,1.044757,0.333219,0.000002,-0.003061,-0.131660,0.000009,1.570776,0.232946,1.000000,1.100000,0.000000,0.000000,-1.571000,0.179918,0.992019,0.055243,1.009715
37.220000,0.053691,0.007981,1.044751,0.330009,0.000002,-0.003101,-0.132985,0.000008,1.570771,0.231754,1.000000,1.100000,0.000000,0.000000,-1.571000,0.178063,0.992019,0.055249,1.009386
37.222000,0.054347,0.007981,1.044745,0.326779,0.000003,-0.003141,-0.134266,0.000007,1.570767,0.230552,1.000000,1.100000,0.000000,0.000000,-1.571000,0.176206,0.992019,0.055255,1.009061
37.224000,0.054996,0.007981,1.044738,0.323529,0.000003,-0.003179,-0.135505,0.000006,1.570763,0.229341,1.000000,1.100000,0.000000,0.000000,-1.571000,0.174346,0.992019,0.055262,1.008738
37.226000,0.055639,0.007981,1.044732,0.320261,0.000003,-0.003217,-0.136702,0.000006,1.570758,0.228122,1.000000,1.100000,0.000000,0.000000,-1.571000,0.172483,0.992019,0.055268,1.008418
37.228000,0.056275,0.007981,1.044725,0.316975,0.000003,-0.003253,-0.137859,0.000005,1.570755,0.226893,1.000000,1.100000,0.000000,0.000000,-1.571000,0.170618,0.992019,0.055275,1.008101
37.230000,0.056904,0.007981,1.044719,0.313672,0.000004,-0.003288,-0.138978,0.000004,1.570751,0.225655,1.000000,1.100000,0.000000,0.000000,-1.571000,0.168751,0.992019,0.055281,1.007787
37.232000,0.057527,0.007981,1.044712,0.310353,0.000004,-0.003323,-0.140060,0.000003,1.570747,0.224409,1.000000,1.100000,0.000000,0.000000,-1.571000,0.166881,0.992019,0.055288,1.007476
37.234000,0.058144,0.007981,1.044706,0.307019,0.000004,-0.003358,-0.141106,0.000002,1.570744,0.223154,1.000000,1.100000,0.000000,0.000000,-1.571000,0.165010,0.992019,0.055294,1.007168
37.236000,0.058753,0.007981,1.044699,0.303671,0.000004,-0.003392,-0.142117,0.000001,1.570741,0.221889,1.000000,1.100000,0.000000,0.000000,-1.571000,0.163136,0.992019,0.055301,1.006863
37.238000,0.059356,0.007981,1.044692,0.300308,0.000004,-0.003427,-0.143096,0.000000,1.570739,0.220616,1.000000,1.100000,0.000000,0.000000,-1.571000,0.161260,0.992019,0.055308,1.006561
37.240000,0.059952,0.007981,1.044685,0.296933,0.000004,-0.003463,-0.144042,-0.000000,1.570736,0.219335,1.000000,1.100000,0.000000,0.000000,-1.571000,0.159382,0.992019,0.055315,1.006263
37.242000,0.060542,0.007981,1.044678,0.293545,0.000005,-0.003498,-0.144958,-0.000001,1.570734,0.218044,1.000000,1.100000,0.000000,0.000000,-1.571000,0.157502,0.992019,0.055322,1.005967
37.244000,0.061124,0.007981,1.044671,0.290146,0.000005,-0.003535,-0.145844,-0.000002,1.570732,0.216745,1.000000,1.100000,0.000000,0.000000,-1.571000,0.155621,0.992019,0.055329,1.005674
37.246000,0.061700,0.007981,1.044664,0.286735,0.000005,-0.003571,-0.146702,-0.000003,1.570730,0.215438,1.000000,1.100000,0.000000,0.000000,-1.571000,0.153738,0.992019,0.055336,1.005385
37.248000,0.062269,0.007981,1.044657,0.283314,0.000005,-0.003609,-0.147532,-0.000003,1.570729,0.214122,1.000000,1.100000,0.000000,0.000000,-1.571000,0.151853,0.992019,0.055343,1.005099
37.250000,0.062831,0.007981,1.044649,0.279883,0.000005,-0.003647,-0.148335,-0.000004,1.570728,0.212797,1.000000,1.100000,0.000000,0.000000,-1.571000,0.149966,0.992019,0.055351,1.004816
37.252000,0.063386,0.007981,1.044642,0.276443,0.000005,-0.003686,-0.149113,-0.000005,1.570727,0.211465,1.000000,1.100000,0.000000,0.000000,-1.571000,0.148078,0.992019,0.055358,1.004536
37.254000,0.063935,0.007981,1.044635,0.272993,0.000005,-0.003725,-0.149867,-0.000005,1.570726,0.210123,1.000000,1.100000,0.000000,0.000000,-1.571000,0.146189,0.992019,0.055365,1.004260
37.256000,0.064476,0.007981,1.044627,0.269536,0.000005,-0.003766,-0.150597,-0.000006,1.570726,0.208774,1.000000,1.100000,0.000000,0.000000,-1.571000,0.144298,0.992019,0.055373,1.003987
37.258000,0.065010,0.007981,1.044619,0.266070,0.000005,-0.003807,-0.151305,-0.000006,1.570726,0.207416,1.000000,1.100000,0.000000,0.000000,-1.571000,0.142406,0.992019,0.055381,1.003717
37.260000,0.065538,0.007981,1.044612,0.262597,0.000006,-0.003850,-0.151991,-0.000006,1.570726,0.206050,1.000000,1.100000,0.000000,0.000000,-1.571000,0.140512,0.992019,0.055388,1.003451
37.262000,0.066058,0.007981,1.044604,0.259117,0.000006,-0.003894,-0.152656,-0.000007,1.570726,0.204676,1.000000,1.100000,0.000000,0.000000,-1.571000,0.138618,0.992019,0.055396,1.003188
37.264000,0.066572,0.007981,1.044596,0.255630,0.000006,-0.003938,-0.153301,-0.000007,1.570727,0.203294,1.000000,1.100000,0.000000,0.000000,-1.571000,0.136722,0.992019,0.055404,1.002928
37.266000,0.067078,0.007981,1.044588,0.252137,0.000006,-0.003984,-0.153928,-0.000007,1.570728,0.201904,1.000000,1.100000,0.000000,0.000000,-1.571000,0.134825,0.992019,0.055412,1.002671
37.268000,0.067578,0.007981,1.044580,0.248638,0.000006,-0.004031,-0.154535,-0.000007,1.570729,0.200506,1.000000,1.100000,0.000000,0.000000,-1.571000,0.132928,0.992019,0.055420,1.002418
37.270000,0.068070,0.007981,1.044572,0.245134,0.000006,-0.004079,-0.155126,-0.000007,1.570730,0.199100,1.000000,1.100000,0.000000,0.000000,-1.571000,0.131029,0.992019,0.055428,1.002169
37.272000,0.068556,0.007981,1.044564,0.241625,0.000006,-0.004128,-0.155699,-0.000008,1.570731,0.197686,1.000000,1.100000,0.000000,0.000000,-1.571000,0.129130,0.992019,0.055436,1.001923
37.274000,0.069034,0.007981,1.044555,0.238112,0.000006,-0.004179,-0.156256,-0.000008,1.570732,0.196264,1.000000,1.100000,0.000000,0.000000,-1.571000,0.127230,0.992019,0.055445,1.001680
37.276000,0.069506,0.007981,1.044547,0.234594,0.000006,-0.004230,-0.156797,-0.000007,1.570734,0.194834,1.000000,1.100000,0.000000,0.000000,-1.571000,0.125329,0.992019,0.055453,1.001441
37.278000,0.069970,0.007981,1.044538,0.231071,0.000006,-0.004283,-0.157324,-0.000007,1.570736,0.193397,1.000000,1.100000,0.000000,0.000000,-1.571000,0.123427,0.992019,0.055462,1.001205
37.280000,0.070427,0.007981,1.044530,0.227546,0.000006,-0.004337,-0.157836,-0.000007,1.570737,0.191952,1.000000,1.100000,0.000000,0.000000,-1.571000,0.121525,0.992019,0.055470,1.000973
37.282000,0.070878,0.007981,1.044521,0.224016,0.000006,-0.004387,-0.158335,-0.000007,1.570739,0.190500,1.000000,1.100000,0.000000,0.000000,-1.571000,0.119622,0.992019,0.055479,1.000744
37.284000,0.071321,0.007981,1.044512,0.220481,0.000006,-0.004432,-0.158820,-0.000007,1.570741,0.189040,1.000000,1.100000,0.000000,0.000000,-1.571000,0.117719,0.992019,0.055488,1.000519
37.286000,0.071757,0.007981,1.044503,0.216943,0.000006,-0.004470,-0.159292,-0.000006,1.570743,0.187573,1.000000,1.100000,0.000000,0.000000,-1.571000,0.115816,0.992019,0.055497,1.000297
37.288000,0.072186,0.007981,1.044494,0.213401,0.000006,-0.004504,-0.159753,-0.000006,1.570745,0.186098,1.000000,1.100000,0.000000,0.000000,-1.571000,0.113912,0.992019,0.055506,1.000079
37.290000,0.072608,0.007981,1.044485,0.209856,0.000006,-0.004533,-0.160201,-0.000006,1.570747,0.184616,1.000000,1.100000,0.000000,0.000000,-1.571000,0.112008,0.992019,0.055515,0.999865
37.292000,0.073023,0.007981,1.044476,0.206308,0.000006,-0.004558,-0.160638,-0.000005,1.570750,0.183127,1.000000,1.100000,0.000000,0.000000,-1.571000,0.110104,0.992019,0.055524,0.999653
37.294000,0.073430,0.007981,1.044467,0.202757,0.000006,-0.004579,-0.161064,-0.000005,1.570752,0.181630,1.000000,1.100000,0.000000,0.000000,-1.571000,0.108200,0.992019,0.055533,0.999446
37.296000,0.073831,0.007981,1.044458,0.199203,0.000006,-0.004597,-0.161480,-0.000004,1.570754,0.180126,1.000000,1.100000,0.000000,0.000000,-1.571000,0.106295,0.992019,0.055542,0.999242
37.298000,0.074224,0.007981,1.044448,0.195648,0.000006,-0.004613,-0.161885,-0.000004,1.570756,0.178615,1.000000,1.100000,0.000000,0.000000,-1.571000,0.104391,0.992019,0.055552,0.999042
37.300000,0.074611,0.007981,1.044439,0.192090,0.000006,-0.004626,-0.162281,-0.000003,1.570758,0.177097,1.000000,1.100000,0.000000,0.000000,-1.571000,0.102486,0.992019,0.055561,0.998845
37.302000,0.074990,0.007981,1.044430,0.188531,0.000006,-0.004637,-0.162667,-0.000003,1.570761,0.175572,1.000000,1.100000,0.000000,0.000000,-1.571000,0.100582,0.992019,0.055570,0.998652
37.304000,0.075362,0.007981,1.044421,0.184971,0.000007,-0.004646,-0.163043,-0.000002,1.570763,0.174040,1.000000,1.100000,0.000000,0.000000,-1.571000,0.098678,0.992019,0.055579,0.998463
37.306000,0.075727,0.007981,1.044411,0.181409,0.000007,-0.004654,-0.163411,-0.000002,1.570765,0.172502,1.000000,1.100000,0.000000,0.000000,-1.571000,0.096775,0.992019,0.055589,0.998277
37.308000,0.076085,0.007981,1.044402,0.177846,0.000007,-0.004660,-0.163770,-0.000001,1.570767,0.170956,1.000000,1.100000,0.000000,0.000000,-1.571000,0.094871,0.992019,0.055598,0.998095
37.310000,0.076436,0.007981,1.044393,0.174283,0.000007,-0.004665,-0.164121,-0.000001,1.570769,0.169404,1.000000,1.100000,0.000000,0.000000,-1.571000,0.092968,0.992019,0.055607,0.997916
37.312000,0.076779,0.007981,1.044383,0.170719,0.000007,-0.004670,-0.164463,-0.000001,1.570772,0.167845,1.000000,1.100000,0.000000,0.000000,-1.571000,0.091066,0.992019,0.055617,0.997741
37.314000,0.077116,0.007981,1.044374,0.167155,0.000007,-0.004674,-0.164797,-0.000000,1.570774,0.166279,1.000000,1.100000,0.000000,0.000000,-1.571000,0.089164,0.992019,0.055626,0.997570
37.316000,0.077445,0.007981,1.044365,0.163591,0.000007,-0.004677,-0.165123,0.000000,1.570776,0.164707,1.000000,1.100000,0.000000,0.000000,-1.571000,0.087262,0.992019,0.055635,0.997402
37.318000,0.077767,0.007981,1.044355,0.160026,0.000007,-0.004679,-0.165442,0.000000,1.570778,0.163128,1.000000,1.100000,0.000000,0.000000,-1.571000,0.085361,0.992019,0.055645,0.997238
37.320000,0.078082,0.007981,1.044346,0.156462,0.000007,-0.004682,-0.165753,0.000001,1.570780,0.161543,1.000000,1.100000,0.000000,0.000000,-1.571000,0.083461,0.992019,0.055654,0.997078
37.322000,0.078390,0.007981,1.044336,0.152898,0.000007,-0.004684,-0.166056,0.000001,1.570782,0.159951,1.000000,1.100000,0.000000,0.000000,-1.571000,0.081562,0.992019,0.055664,0.996921
37.324000,0.078691,0.007981,1.044327,0.149335,0.000007,-0.004686,-0.166352,0.000001,1.570783,0.158354,1.000000,1.100000,0.000000,0.000000,-1.571000,0.079663,0.992019,0.055673,0.996768
37.326000,0.078984,0.007981,1.044318,0.145772,0.000007,-0.004687,-0.166641,0.000001,1.570785,0.156750,1.000000,1.100000,0.000000,0.000000,-1.571000,0.077765,0.992019,0.055682,0.996619
37.328000,0.079271,0.007981,1.044308,0.142210,0.000007,-0.004689,-0.166923,0.000001,1.570787,0.155139,1.000000,1.100000,0.000000,0.000000,-1.571000,0.075869,0.992019,0.055692,0.996473
37.330000,0.079550,0.007981,1.044299,0.138650,0.000007,-0.004691,-0.167199,0.000001,1.570789,0.153523,1.000000,1.100000,0.000000,0.000000,-1.571000,0.073973,0.992019,0.055701,0.996331
37.332000,0.079822,0.007981,1.044290,0.135090,0.000007,-0.004693,-0.167467,0.000001,1.570790,0.151900,1.000000,1.100000,0.000000,0.000000,-1.571000,0.072078,0.992019,0.055710,0.996193
37.334000,0.080087,0.007981,1.044280,0.131531,0.000007,-0.004696,-0.167728,0.000001,1.570792,0.150272,1.000000,1.100000,0.000000,0.000000,-1.571000,0.070185,0.992019,0.055720,0.996058
37.336000,0.080345,0.007981,1.044271,0.127974,0.000007,-0.004698,-0.167983,0.000002,1.570794,0.148638,1.000000,1.100000,0.000000,0.000000,-1.571000,0.068292,0.992019,0.055729,0.995927
37.338000,0.080596,0.007982,1.044261,0.124419,0.000007,-0.004701,-0.168231,0.000002,1.570795,0.146997,1.000000,1.100000,0.000000,0.000000,-1.571000,0.066401,0.992018,0.055739,0.995799
37.340000,0.080840,0.007982,1.044252,0.120865,0.000007,-0.004704,-0.168473,0.000002,1.570797,0.145351,1.000000,1.100000,0.000000,0.000000,-1.571000,0.064511,0.992018,0.055748,0.995676
37.342000,0.081077,0.007982,1.044242,0.117313,0.000007,-0.004708,-0.168708,0.000002,1.570798,0.143699,1.000000,1.100000,0.000000,0.000000,-1.571000,0.062623,0.992018,0.055758,0.995556
37.344000,0.081306,0.007982,1.044233,0.113763,0.000007,-0.004711,-0.168937,0.000002,1.570799,0.142042,1.000000,1.100000,0.000000,0.000000,-1.571000,0.060736,0.992018,0.055767,0.995439
37.346000,0.081529,0.007982,1.044224,0.110215,0.000007,-0.004715,-0.169160,0.000002,1.570801,0.140379,1.000000,1.100000,0.000000,0.000000,-1.571000,0.058850,0.992018,0.055776,0.995327
37.348000,0.081744,0.007982,1.044214,0.106669,0.000007,-0.004720,-0.169376,0.000002,1.570802,0.138710,1.000000,1.100000,0.000000,0.000000,-1.571000,0.056966,0.992018,0.055786,0.995217
37.350000,0.081952,0.007982,1.044205,0.103126,0.000007,-0.004725,-0.169587,0.000002,1.570803,0.137036,1.000000,1.100000,0.000000,0.000000,-1.571000,0.055084,0.992018,0.055795,0.995112
37.352000,0.082153,0.007982,1.044195,0.099585,0.000007,-0.004730,-0.169791,0.000002,1.570804,0.135357,1.000000,1.100000,0.000000,0.000000,-1.571000,0.053203,0.992018,0.055805,0.995010
37.354000,0.082347,0.007982,1.044186,0.096046,0.000007,-0.004736,-0.169989,0.000002,1.570805,0.133672,1.000000,1.100000,0.000000,0.000000,-1.571000,0.051324,0.992018,0.055814,0.994912
37.356000,0.082534,0.007982,1.044176,0.092511,0.000007,-0.004742,-0.170181,0.000002,1.570806,0.131982,1.000000,1.100000,0.000000,0.000000,-1.571000,0.049447,0.992018,0.055824,0.994817
37.358000,0.082714,0.007982,1.044167,0.088978,0.000007,-0.004749,-0.170367,0.000002,1.570807,0.130286,1.000000,1.100000,0.000000,0.000000,-1.571000,0.047572,0.992018,0.055833,0.994727
37.360000,0.082887,0.007982,1.044157,0.085447,0.000007,-0.004755,-0.170547,0.000002,1.570808,0.128586,1.000000,1.100000,0.000000,0.000000,-1.571000,0.045699,0.992018,0.055843,0.994639
37.362000,0.083053,0.007982,1.044148,0.081920,0.000007,-0.004760,-0.170721,0.000002,1.570809,0.126880,1.000000,1.100000,0.000000,0.000000,-1.571000,0.043828,0.992018,0.055852,0.994556
37.364000,0.083212,0.007982,1.044138,0.078394,0.000007,-0.004759,-0.170890,0.000002,1.570810,0.125170,1.000000,1.100000,0.000000,0.000000,-1.571000,0.041958,0.992018,0.055862,0.994475
37.366000,0.083363,0.007982,1.044129,0.074871,0.000007,-0.004753,-0.171053,0.000002,1.570811,0.123454,1.000000,1.100000,0.000000,0.000000,-1.571000,0.040091,0.992018,0.055871,0.994399
37.368000,0.083508,0.007982,1.044119,0.071351,0.000007,-0.004743,-0.171210,0.000003,1.570812,0.121734,1.000000,1.100000,0.000000,0.000000,-1.571000,0.038226,0.992018,0.055881,0.994326
37.370000,0.083645,0.007982,1.044110,0.067833,0.000007,-0.004728,-0.171362,0.000003,1.570812,0.120009,1.000000,1.100000,0.000000,0.000000,-1.571000,0.036363,0.992018,0.055890,0.994257
37.372000,0.083776,0.007982,1.044100,0.064318,0.000007,-0.004711,-0.171508,0.000003,1.570813,0.118279,1.000000,1.100000,0.000000,0.000000,-1.571000,0.034503,0.992018,0.055900,0.994191
37.374000,0.083899,0.007982,1.044091,0.060806,0.000007,-0.004690,-0.171649,0.000003,1.570814,0.116544,1.000000,1.100000,0.000000,0.000000,-1.571000,0.032645,0.992018,0.055909,0.994129
37.376000,0.084016,0.007982,1.044082,0.057297,0.000007,-0.004667,-0.171785,0.000003,1.570814,0.114805,1.000000,1.100000,0.000000,0.000000,-1.571000,0.030789,0.992018,0.055918,0.994070
37.378000,0.084125,0.007982,1.044072,0.053792,0.000007,-0.004641,-0.171915,0.000004,1.570815,0.113061,1.000000,1.100000,0.000000,0.000000,-1.571000,0.028936,0.992018,0.055928,0.994015
37.380000,0.084228,0.007982,1.044063,0.050290,0.000007,-0.004612,-0.172041,0.000004,1.570816,0.111313,1.000000,1.100000,0.000000,0.000000,-1.571000,0.027085,0.992018,0.055937,0.993963
37.382000,0.084323,0.007982,1.044054,0.046791,0.000007,-0.004582,-0.172161,0.000004,1.570816,0.109561,1.000000,1.100000,0.000000,0.000000,-1.571000,0.025237,0.992018,0.055946,0.993915
37.384000,0.084412,0.007982,1.044045,0.043297,0.000007,-0.004550,-0.172277,0.000005,1.570817,0.107804,1.000000,1.100000,0.000000,0.000000,-1.571000,0.023392,0.992018,0.055955,0.993870
37.386000,0.084493,0.007982,1.044036,0.039806,0.000007,-0.004516,-0.172388,0.000005,1.570817,0.106042,1.000000,1.100000,0.000000,0.000000,-1.571000,0.021549,0.992018,0.055964,0.993829
37.388000,0.084568,0.007982,1.044027,0.036319,0.000007,-0.004481,-0.172494,0.000005,1.570818,0.104277,1.000000,1.100000,0.000000,0.000000,-1.571000,0.019710,0.992018,0.055973,0.993791
37.390000,0.084635,0.007982,1.044018,0.032837,0.000007,-0.004445,-0.172595,0.000005,1.570818,0.102508,1.000000,1.100000,0.000000,0.000000,-1.571000,0.017873,0.992018,0.055982,0.993757
37.392000,0.084696,0.007982,1.044009,0.029359,0.000007,-0.004408,-0.172692,0.000006,1.570819,0.100734,1.000000,1.100000,0.000000,0.000000,-1.571000,0.016039,0.992018,0.055991,0.993726
37.394000,0.084749,0.007982,1.044000,0.025885,0.000007,-0.004370,-0.172784,0.000006,1.570819,0.098957,1.000000,1.100000,0.000000,0.000000,-1.571000,0.014208,0.992018,0.056000,0.993699
37.396000,0.084796,0.007982,1.043991,0.022415,0.000007,-0.004330,-0.172872,0.000006,1.570820,0.097175,1.000000,1.100000,0.000000,0.000000,-1.571000,0.012380,0.992018,0.056009,0.993675
37.398000,0.084835,0.007982,1.043983,0.018950,0.000007,-0.004290,-0.172956,0.000006,1.570820,0.095390,1.000000,1.100000,0.000000,0.000000,-1.571000,0.010555,0.992018,0.056017,0.993654
37.400000,0.084868,0.007982,1.043974,0.015490,0.000007,-0.004250,-0.173035,0.000006,1.570820,0.093601,1.000000,1.100000,0.000000,0.000000,-1.571000,0.008733,0.992018,0.056026,0.993637
37.402000,0.084894,0.007982,1.043966,0.012034,0.000007,-0.004209,-0.173111,0.000007,1.570821,0.091808,1.000000,1.100000,0.000000,0.000000,-1.571000,0.006914,0.992018,0.056034,0.993623
37.404000,0.084913,0.007982,1.043957,0.008592,0.000007,-0.004171,-0.173183,0.000007,1.570821,0.090012,1.000000,1.100000,0.000000,0.000000,-1.571000,0.005099,0.992018,0.056043,0.993613
37.406000,0.084925,0.007982,1.043949,0.005157,0.000007,-0.004137,-0.173250,0.000007,1.570821,0.088212,1.000000,1.100000,0.000000,0.000000,-1.571000,0.003287,0.992018,0.056051,0.993606
37.408000,0.084930,0.007982,1.043941,0.001720,0.000008,-0.004102,-0.173315,0.000007,1.570822,0.086409,1.000000,1.100000,0.000000,0.000000,-1.571000,0.001479,0.992018,0.056059,0.993602
37.410000,0.084928,0.007982,1.043933,-0.001718,0.000008,-0.004066,-0.173375,0.000007,1.570822,0.084602,1.000000,1.100000,0.000000,0.000000,-1.571000,-0.000326,0.992018,0.056067,0.993601
37.412000,0.084920,0.007982,1.043925,-0.005157,0.000008,-0.004031,-0.173433,0.000007,1.570823,0.082792,1.000000,1.100000,0.000000,0.000000,-1.571000,-0.002128,0.992018,0.056075,0.993604
37.414000,0.084904,0.007982,1.043917,-0.008597,0.000008,-0.003995,-0.173486,0.000007,1.570823,0.080978,1.000000,1.100000,0.000000,0.000000,-1.571000,-0.003926,0.992018,0.056083,0.993610
37.416000,0.084882,0.007982,1.043909,-0.012017,0.000008,-0.003951,-0.173537,0.000007,1.570823,0.079162,1.000000,1.100000,0.000000,0.000000,-1.571000,-0.005720,0.992018,0.056091,0.993619
37.418000,0.084853,0.007982,1.043901,-0.015432,0.000008,-0.003907,-0.173585,0.000007,1.570823,0.077342,1.000000,1.100000,0.000000,0.000000,-1.571000,-0.007510,0.992018,0.056099,0.993631
37.420000,0.084817,0.007982,1.043893,-0.018842,0.000008,-0.003863,-0.173630,0.000007,1.570824,0.075519,1.000000,1.100000,0.000000,0.000000,-1.571000,-0.009297,0.992018,0.056107,0.993647
37.422000,0.084774,0.007982,1.043885,-0.022247,0.000008,-0.003816,-0.173672,0.000006,1.570824,0.073694,1.000000,1.100000,0.000000,0.000000,-1.571000,-0.011080,0.992018,0.056115,0.993665
37.424000,0.084724,0.007982,1.043878,-0.025648,0.000008,-0.003763,-0.173711,0.000006,1.570824,0.071865,1.000000,1.100000,0.000000,0.000000,-1.571000,-0.012859,0.992018,0.056122,0.993687
37.426000,0.084668,0.007982,1.043870,-0.029044,0.000008,-0.003705,-0.173748,0.000006,1.570825,0.070034,1.000000,1.100000,0.000000,0.000000,-1.571000,-0.014634,0.992018,0.056130,0.993712
37.428000,0.084605,0.007982,1.043863,-0.032435,0.000008,-0.003643,-0.173782,0.000006,1.570825,0.068199,1.000000,1.100000,0.000000,0.000000,-1.571000,-0.016405,0.992018,0.056137,0.993740
37.430000,0.084534,0.007982,1.043856,-0.035821,0.000008,-0.003577,-0.173814,0.000006,1.570825,0.066362,1.000000,1.100000,0.000000,0.000000,-1.571000,-0.018172,0.992018,0.056144,0.993771
37.432000,0.084458,0.007982,1.043849,-0.039203,0.000008,-0.003506,-0.173843,0.000006,1.570825,0.064523,1.000000,1.100000,0.000000,0.000000,-1.571000,-0.019935,0.992018,0.056151,0.993806
37.434000,0.084374,0.007982,1.043842,-0.042579,0.000008,-0.003433,-0.173870,0.000006,1.570825,0.062681,1.000000,1.100000,0.000000,0.000000,-1.571000,-0.021693,0.992018,0.056158,0.993843
37.436000,0.084284,0.007982,1.043835,-0.045950,0.000008,-0.003357,-0.173896,0.000006,1.570826,0.060836,1.000000,1.100000,0.000000,0.000000,-1.571000,-0.023448,0.992018,0.056165,0.993883
37.438000,0.084187,0.007982,1.043829,-0.049316,0.000008,-0.003277,-0.173919,0.000005,1.570826,0.058989,1.000000,1.100000,0.000000,0.000000,-1.571000,-0.025198,0.992018,0.056171,0.993926
37.440000,0.084083,0.007982,1.043822,-0.052676,0.000008,-0.003196,-0.173941,0.000005,1.570826,0.057140,1.000000,1.100000,0.000000,0.000000,-1.571000,-0.026943,0.992018,0.056178,0.993972
37.442000,0.083973,0.007982,1.043816,-0.056031,0.000008,-0.003112,-0.173960,0.000005,1.570826,0.055288,1.000000,1.100000,0.000000,0.000000,-1.571000,-0.028684,0.992018,0.056184,0.994021
37.444000,0.083855,0.007982,1.043810,-0.059381,0.000008,-0.003026,-0.173979,0.000005,1.570826,0.053435,1.000000,1.100000,0.000000,0.000000,-1.571000,-0.030421,0.992018,0.056190,0.994073
37.446000,0.083731,0.007982,1.043804,-0.062725,0.000008,-0.002938,-0.173995,0.000005,1.570826,0.051579,1.000000,1.100000,0.000000,0.000000,-1.571000,-0.032153,0.992018,0.056196,0.994128
37.448000,0.083601,0.007982,1.043798,-0.066064,0.000008,-0.002849,-0.174010,0.000005,1.570826,0.049721,1.000000,1.100000,0.000000,0.000000,-1.571000,-0.033880,0.992018,0.056202,0.994186
37.450000,0.083464,0.007982,1.043793,-0.069397,0.000008,-0.002759,-0.174024,0.000006,1.570826,0.047861,1.000000,1.100000,0.000000,0.000000,-1.571000,-0.035603,0.992018,0.056207,0.994246
37.452000,0.083320,0.007982,1.043787,-0.072724,0.000008,-0.002667,-0.174037,0.000006,1.570827,0.045999,1.000000,1.100000,0.000000,0.000000,-1.571000,-0.037320,0.992018,0.056213,0.994310
37.454000,0.083169,0.007982,1.043782,-0.076046,0.000008,-0.002574,-0.174048,0.000006,1.570827,0.044136,1.000000,1.100000,0.000000,0.000000,-1.571000,-0.039033,0.992018,0.056218,0.994376
37.456000,0.083012,0.007982,1.043777,-0.079362,0.000008,-0.002480,-0.174059,0.000006,1.570827,0.042270,1.000000,1.100000,0.000000,0.000000,-1.571000,-0.040741,0.992018,0.056223,0.994444
37.458000,0.082848,0.007982,1.043772,-0.082672,0.000008,-0.002385,-0.174068,0.000006,1.570827,0.040403,1.000000,1.100000,0.000000,0.000000,-1.571000,-0.042445,0.992018,0.056228,0.994516
37.460000,0.082677,0.007982,1.043768,-0.085977,0.000008,-0.002289,-0.174076,0.000006,1.570827,0.038535,1.000000,1.100000,0.000000,0.000000,-1.571000,-0.044143,0.992018,0.056232,0.994590
37.462000,0.082500,0.007982,1.043763,-0.089275,0.000008,-0.002192,-0.174084,0.000007,1.570827,0.036665,1.000000,1.100000,0.000000,0.000000,-1.571000,-0.045836,0.992018,0.056237,0.994667
37.464000,0.082317,0.007982,1.043759,-0.092568,0.000008,-0.002095,-0.174091,0.000007,1.570827,0.034793,1.000000,1.100000,0.000000,0.000000,-1.571000,-0.047524,0.992018,0.056241,0.994746
37.466000,0.082126,0.007982,1.043755,-0.095855,0.000008,-0.001998,-0.174097,0.000007,1.570827,0.032920,1.000000,1.100000,0.000000,0.000000,-1.571000,-0.049206,0.992018,0.056245,0.994828
37.468000,0.081930,0.007982,1.043751,-0.099136,0.000008,-0.001900,-0.174102,0.000007,1.570827,0.031046,1.000000,1.100000,0.000000,0.000000,-1.571000,-0.050884,0.992018,0.056249,0.994913
37.470000,0.081726,0.007983,1.043747,-0.102411,0.000008,-0.001801,-0.174107,0.000007,1.570827,0.029171,1.000000,1.100000,0.000000,0.000000,-1.571000,-0.052556,0.992017,0.056253,0.995000
37.472000,0.081516,0.007983,1.043744,-0.105681,0.000008,-0.001702,-0.174112,0.000008,1.570827,0.027294,1.000000,1.100000,0.000000,0.000000,-1.571000,-0.054222,0.992017,0.056256,0.995090
37.474000,0.081300,0.007983,1.043741,-0.108944,0.000008,-0.001603,-0.174116,0.000008,1.570827,0.025416,1.000000,1.100000,0.000000,0.000000,-1.571000,-0.055883,0.992017,0.056259,0.995182
37.476000,0.081077,0.007983,1.043738,-0.112202,0.000008,-0.001504,-0.174119,0.000008,1.570827,0.023538,1.000000,1.100000,0.000000,0.000000,-1.571000,-0.057539,0.992017,0.056262,0.995276
37.478000,0.080847,0.007983,1.043735,-0.115453,0.000008,-0.001404,-0.174122,0.000008,1.570826,0.021658,1.000000,1.100000,0.000000,0.000000,-1.571000,-0.059189,0.992017,0.056265,0.995373
37.480000,0.080611,0.007983,1.043732,-0.118699,0.000008,-0.001304,-0.174125,0.000008,1.570826,0.019778,1.000000,1.100000,0.000000,0.000000,-1.571000,-0.060834,0.992017,0.056268,0.995472
37.482000,0.080369,0.007983,1.043730,-0.121939,0.000008,-0.001206,-0.174127,0.000008,1.570826,0.017896,1.000000,1.100000,0.000000,0.000000,-1.571000,-0.062472,0.992017,0.056270,0.995574
37.484000,0.080120,0.007983,1.043727,-0.125172,0.000008,-0.001110,-0.174130,0.000008,1.570826,0.016015,1.000000,1.100000,0.000000,0.000000,-1.571000,-0.064105,0.992017,0.056273,0.995678
37.486000,0.079864,0.007983,1.043725,-0.128399,0.000008,-0.001017,-0.174132,0.000009,1.570826,0.014132,1.000000,1.100000,0.000000,0.000000,-1.571000,-0.065732,0.992017,0.056275,0.995784
37.488000,0.079603,0.007983,1.043723,-0.131619,0.000008,-0.000926,-0.174133,0.000009,1.570826,0.012249,1.000000,1.100000,0.000000,0.000000,-1.571000,-0.067354,0.992017,0.056277,0.995893
37.490000,0.079334,0.007983,1.043722,-0.134833,0.000008,-0.000837,-0.174135,0.000009,1.570826,0.010365,1.000000,1.100000,0.000000,0.000000,-1.571000,-0.068969,0.992017,0.056278,0.996003
37.492000,0.079059,0.007983,1.043720,-0.138041,0.000008,-0.000750,-0.174136,0.000009,1.570826,0.008481,1.000000,1.100000,0.000000,0.000000,-1.571000,-0.070578,0.992017,0.056280,0.996116
37.494000,0.078778,0.007983,1.043719,-0.141243,0.000008,-0.000665,-0.174137,0.000009,1.570826,0.006597,1.000000,1.100000,0.000000,0.000000,-1.571000,-0.072181,0.992017,0.056281,0.996231
37.496000,0.078491,0.007983,1.043717,-0.144439,0.000008,-0.000582,-0.174138,0.000009,1.570826,0.004712,1.000000,1.100000,0.000000,0.000000,-1.571000,-0.073779,0.992017,0.056283,0.996348
37.498000,0.078197,0.007983,1.043716,-0.147628,0.000008,-0.000500,-0.174139,0.000008,1.570826,0.002827,1.000000,1.100000,0.000000,0.000000,-1.571000,-0.075369,0.992017,0.056284,0.996467
37.500000,0.077896,0.007983,1.043716,-0.150811,0.000008,-0.000419,-0.174140,0.000008,1.570825,0.000942,1.000000,1.100000,0.000000,0.000000,-1.571000,-0.076954,0.992017,0.056284,0.996588
37.502000,0.077590,0.007983,1.043715,-0.153989,0.000008,-0.000340,-0.174141,0.000008,1.570825,-0.000942,1.000000,1.100000,0.000000,0.000000,-1.571000,-0.078532,0.992017,0.056285,0.996711
37.504000,0.077277,0.007983,1.043714,-0.157160,0.000009,-0.000261,-0.174142,0.000008,1.570825,-0.002827,1.000000,1.100000,0.000000,0.000000,-1.571000,-0.080104,0.992017,0.056286,0.996836
37.506000,0.076957,0.007983,1.043714,-0.160325,0.000009,-0.000184,-0.174143,0.000008,1.570825,-0.004712,1.000000,1.100000,0.000000,0.000000,-1.571000,-0.081669,0.992017,0.056286,0.996963
37.508000,0.076632,0.007983,1.043714,-0.163485,0.000009,-0.000108,-0.174144,0.000008,1.570825,-0.006597,1.000000,1.100000,0.000000,0.000000,-1.571000,-0.083228,0.992017,0.056286,0.997092
37.510000,0.076300,0.007983,1.043713,-0.166638,0.000009,-0.000032,-0.174145,0.000007,1.570825,-0.008481,1.000000,1.100000,0.000000,0.000000,-1.571000,-0.084781,0.992017,0.056287,0.997223
37.512000,0.075961,0.007983,1.043714,-0.169785,0.000009,0.000043,-0.174146,0.000007,1.570825,-0.010365,1.000000,1.100000,0.000000,0.000000,-1.571000,-0.086326,0.992017,0.056286,0.997356
37.514000,0.075617,0.007983,1.043714,-0.172927,0.000009,0.000117,-0.174147,0.000007,1.570825,-0.012249,1.000000,1.100000,0.000000,0.000000,-1.571000,-0.087865,0.992017,0.056286,0.997490
37.516000,0.075266,0.007983,1.043714,-0.176062,0.000009,0.000190,-0.174149,0.000007,1.570825,-0.014132,1.000000,1.100000,0.000000,0.000000,-1.571000,-0.089398,0.992017,0.056286,0.997626
37.518000,0.074908,0.007983,1.043715,-0.179192,0.000009,0.000263,-0.174150,0.000006,1.570825,-0.016015,1.000000,1.100000,0.000000,0.000000,-1.571000,-0.090923,0.992017,0.056285,0.997764
37.520000,0.074545,0.007983,1.043715,-0.182316,0.000009,0.000335,-0.174151,0.000006,1.570825,-0.017896,1.000000,1.100000,0.000000,0.000000,-1.571000,-0.092442,0.992017,0.056285,0.997903
37.522000,0.074175,0.007983,1.043716,-0.185434,0.000009,0.000406,-0.174152,0.000006,1.570825,-0.019778,1.000000,1.100000,0.000000,0.000000,-1.571000,-0.093953,0.992017,0.056284,0.998045
37.524000,0.073799,0.007983,1.043717,-0.188546,0.000009,0.000477,-0.174154,0.000006,1.570825,-0.021658,1.000000,1.100000,0.000000,0.000000,-1.571000,-0.095458,0.992017,0.056283,0.998187
37.526000,0.073417,0.007983,1.043718,-0.191652,0.000009,0.000548,-0.174155,0.000005,1.570825,-0.023538,1.000000,1.100000,0.000000,0.000000,-1.571000,-0.096955,0.992017,0.056282,0.998331
37.528000,0.073029,0.007983,1.043719,-0.194753,0.000009,0.000618,-0.174156,0.000005,1.570825,-0.025416,1.000000,1.100000,0.000000,0.000000,-1.571000,-0.098445,0.992017,0.056281,0.998477
37.530000,0.072634,0.007983,1.043720,-0.197847,0.000009,0.000688,-0.174158,0.000005,1.570825,-0.027294,1.000000,1.100000,0.000000,0.000000,-1.571000,-0.099929,0.992017,0.056280,0.998624
37.532000,0.072234,0.007983,1.043722,-0.200937,0.000009,0.000757,-0.174160,0.000005,1.570825,-0.029171,1.000000,1.100000,0.000000,0.000000,-1.571000,-0.101404,0.992017,0.056278,0.998773
37.534000,0.071827,0.007983,1.043724,-0.204020,0.000009,0.000826,-0.174162,0.000005,1.570825,-0.031046,1.000000,1.100000,0.000000,0.000000,-1.571000,-0.102873,0.992017,0.056276,0.998923
37.536000,0.071414,0.007983,1.043725,-0.207097,0.000009,0.000895,-0.174163,0.000005,1.570825,-0.032920,1.000000,1.100000,0.000000,0.000000,-1.571000,-0.104334,0.992017,0.056275,0.999075
37.538000,0.070995,0.007983,1.043727,-0.210169,0.000009,0.000963,-0.174165,0.000004,1.570825,-0.034793,1.000000,1.100000,0.000000,0.000000,-1.571000,-0.105788,0.992017,0.056273,0.999227
37.540000,0.070569,0.007983,1.043729,-0.213236,0.000009,0.001031,-0.174168,0.000004,1.570825,-0.036665,1.000000,1.100000,0.000000,0.000000,-1.571000,-0.107234,0.992017,0.056271,0.999381
37.542000,0.070138,0.007983,1.043731,-0.216296,0.000009,0.001099,-0.174170,0.000004,1.570825,-0.038535,1.000000,1.100000,0.000000,0.000000,-1.571000,-0.108672,0.992017,0.056269,0.999537
37.544000,0.069700,0.007983,1.043734,-0.219351,0.000009,0.001166,-0.174172,0.000004,1.570825,-0.040403,1.000000,1.100000,0.000000,0.000000,-1.571000,-0.110103,0.992017,0.056266,0.999693
37.546000,0.069256,0.007983,1.043736,-0.222400,0.000008,0.001233,-0.174174,0.000004,1.570825,-0.042270,1.000000,1.100000,0.000000,0.000000,-1.571000,-0.111527,0.992017,0.056264,0.999851
37.548000,0.068807,0.007983,1.043739,-0.225444,0.000008,0.001300,-0.174177,0.000004,1.570825,-0.044136,1.000000,1.100000,0.000000,0.000000,-1.571000,-0.112942,0.992017,0.056261,1.000009
37.550000,0.068351,0.007983,1.043741,-0.228482,0.000008,0.001367,-0.174180,0.000004,1.570825,-0.045999,1.000000,1.100000,0.000000,0.000000,-1.571000,-0.114350,0.992017,0.056259,1.000169
37.552000,0.067889,0.007983,1.043744,-0.231514,0.000008,0.001434,-0.174182,0.000004,1.570824,-0.047861,1.000000,1.100000,0.000000,0.000000,-1.571000,-0.115750,0.992017,0.056256,1.000330
37.554000,0.067421,0.007983,1.043747,-0.234541,0.000008,0.001500,-0.174185,0.000004,1.570824,-0.049721,1.000000,1.100000,0.000000,0.000000,-1.571000,-0.117141,0.992017,0.056253,1.000492
37.556000,0.066947,0.007983,1.043750,-0.237562,0.000008,0.001566,-0.174188,0.000004,1.570824,-0.051579,1.000000,1.100000,0.000000,0.000000,-1.571000,-0.118525,0.992017,0.056250,1.000655
37.558000,0.066466,0.007983,1.043754,-0.240578,0.000008,0.001632,-0.174191,0.000004,1.570824,-0.053435,1.000000,1.100000,0.000000,0.000000,-1.571000,-0.119901,0.992017,0.056246,1.000818
37.560000,0.065980,0.007983,1.043757,-0.243588,0.000008,0.001698,-0.174194,0.000004,1.570824,-0.055288,1.000000,1.100000,0.000000,0.000000,-1.571000,-0.121269,0.992017,0.056243,1.000983
37.562000,0.065488,0.007983,1.043760,-0.246592,0.000008,0.001760,-0.174197,0.000004,1.570824,-0.057140,1.000000,1.100000,0.000000,0.000000,-1.571000,-0.122628,0.992017,0.056240,1.001148
37.564000,0.064990,0.007983,1.043764,-0.249590,0.000008,0.001817,-0.174200,0.000004,1.570824,-0.058989,1.000000,1.100000,0.000000,0.000000,-1.571000,-0.123979,0.992017,0.056236,1.001314
37.566000,0.064486,0.007983,1.043768,-0.252581,0.000008,0.001869,-0.174203,0.000004,1.570823,-0.060836,1.000000,1.100000,0.000000,0.000000,-1.571000,-0.125322,0.992017,0.056232,1.001481
37.568000,0.063976,0.007983,1.043772,-0.255566,0.000008,0.001916,-0.174205,0.000004,1.570823,-0.062681,1.000000,1.100000,0.000000,0.000000,-1.571000,-0.126656,0.992017,0.056228,1.001649
37.570000,0.063459,0.007983,1.043775,-0.258545,0.000008,0.001958,-0.174207,0.000004,1.570823,-0.064523,1.000000,1.100000,0.000000,0.000000,-1.571000,-0.127982,0.992017,0.056225,1.001817
37.572000,0.062937,0.007983,1.043779,-0.261518,0.000008,0.001997,-0.174208,0.000004,1.570823,-0.066362,1.000000,1.100000,0.000000,0.000000,-1.571000,-0.129300,0.992017,0.056221,1.001986
37.574000,0.062409,0.007983,1.043784,-0.264484,0.000008,0.002033,-0.174209,0.000003,1.570822,-0.068199,1.000000,1.100000,0.000000,0.000000,-1.571000,-0.130609,0.992017,0.056216,1.002156
37.576000,0.061875,0.007983,1.043788,-0.267444,0.000008,0.002065,-0.174208,0.000003,1.570822,-0.070034,1.000000,1.100000,0.000000,0.000000,-1.571000,-0.131909,0.992017,0.056212,1.002326
37.578000,0.061336,0.007983,1.043792,-0.270399,0.000008,0.002094,-0.174208,0.000003,1.570822,-0.071865,1.000000,1.100000,0.000000,0.000000,-1.571000,-0.133201,0.992017,0.056208,1.002496
37.580000,0.060790,0.007983,1.043796,-0.273347,0.000008,0.002121,-0.174206,0.000003,1.570822,-0.073694,1.000000,1.100000,0.000000,0.000000,-1.571000,-0.134483,0.992017,0.056204,1.002667
37.582000,0.060238,0.007983,1.043800,-0.276290,0.000008,0.002146,-0.174203,0.000002,1.570821,-0.075519,1.000000,1.100000,0.000000,0.000000,-1.571000,-0.135758,0.992017,0.056200,1.002839
37.584000,0.059681,0.007983,1.043805,-0.279227,0.000008,0.002168,-0.174199,0.000002,1.570821,-0.077342,1.000000,1.100000,0.000000,0.000000,-1.571000,-0.137023,0.992017,0.056195,1.003010
37.586000,0.059117,0.007983,1.043809,-0.282158,0.000008,0.002188,-0.174195,0.000002,1.570821,-0.079162,1.000000,1.100000,0.000000,0.000000,-1.571000,-0.138279,0.992017,0.056191,1.003183
37.588000,0.058548,0.007983,1.043813,-0.285083,0.000008,0.002207,-0.174189,0.000001,1.570821,-0.080978,1.000000,1.100000,0.000000,0.000000,-1.571000,-0.139526,0.992017,0.056187,1.003355
37.590000,0.057973,0.007984,1.043818,-0.288002,0.000008,0.002224,-0.174183,0.000001,1.570820,-0.082792,1.000000,1.100000,0.000000,0.000000,-1.571000,-0.140765,0.992016,0.056182,1.003528
37.592000,0.057392,0.007984,1.043822,-0.290915,0.000008,0.002240,-0.174175,0.000001,1.570820,-0.084602,1.000000,1.100000,0.000000,0.000000,-1.571000,-0.141994,0.992016,0.056178,1.003701
37.594000,0.056805,0.007984,1.043827,-0.293823,0.000007,0.002254,-0.174166,0.000000,1.570820,-0.086409,1.000000,1.100000,0.000000,0.000000,-1.571000,-0.143214,0.992016,0.056173,1.003874
37.596000,0.056212,0.007984,1.043831,-0.296725,0.000007,0.002267,-0.174157,-0.000000,1.570819,-0.088212,1.000000,1.100000,0.000000,0.000000,-1.571000,-0.144425,0.992016,0.056169,1.004047
37.598000,0.055614,0.007984,1.043836,-0.299621,0.000007,0.002279,-0.174146,-0.000000,1.570819,-0.090012,1.000000,1.100000,0.000000,0.000000,-1.571000,-0.145626,0.992016,0.056164,1.004220
37.600000,0.055010,0.007984,1.043841,-0.302511,0.000007,0.002290,-0.174134,-0.000001,1.570819,-0.091808,1.000000,1.100000,0.000000,0.000000,-1.571000,-0.146818,0.992016,0.056159,1.004393
37.602000,0.054400,0.007984,1.043845,-0.305396,0.000007,0.002301,-0.174121,-0.000001,1.570818,-0.093601,1.000000,1.100000,0.000000,0.000000,-1.571000,-0.148001,0.992016,0.056155,1.004567
37.604000,0.053784,0.007984,1.043850,-0.308275,0.000007,0.002310,-0.174107,-0.000001,1.570818,-0.095390,1.000000,1.100000,0.000000,0.000000,-1.571000,-0.149174,0.992016,0.056150,1.004740
37.606000,0.053163,0.007984,1.043854,-0.311148,0.000007,0.002319,-0.174092,-0.000002,1.570818,-0.097175,1.000000,1.100000,0.000000,0.000000,-1.571000,-0.150338,0.992016,0.056146,1.004913
37.608000,0.052535,0.007984,1.043859,-0.314015,0.000007,0.002327,-0.174077,-0.000002,1.570817,-0.098957,1.000000,1.100000,0.000000,0.000000,-1.571000,-0.151492,0.992016,0.056141,1.005086
37.610000,0.051903,0.007984,1.043864,-0.316877,0.000007,0.002335,-0.174060,-0.000002,1.570817,-0.100734,1.000000,1.100000,0.000000,0.000000,-1.571000,-0.152637,0.992016,0.056136,1.005259
37.612000,0.051264,0.007984,1.043868,-0.319733,0.000006,0.002342,-0.174042,-0.000003,1.570817,-0.102508,1.000000,1.100000,0.000000,0.000000,-1.571000,-0.153771,0.992016,0.056132,1.005432
37.614000,0.050619,0.007984,1.043873,-0.322583,0.000006,0.002349,-0.174024,-0.000003,1.570816,-0.104277,1.000000,1.100000,0.000000,0.000000,-1.571000,-0.154897,0.992016,0.056127,1.005604
37.616000,0.049969,0.007984,1.043878,-0.325427,0.000006,0.002355,-0.174004,-0.000003,1.570816,-0.106042,1.000000,1.100000,0.000000,0.000000,-1.571000,-0.156012,0.992016,0.056122,1.005776
37.618000,0.049314,0.007984,1.043883,-0.328266,0.000006,0.002361,-0.173984,-0.000003,1.570816,-0.107804,1.000000,1.100000,0.000000,0.000000,-1.571000,-0.157117,0.992016,0.056117,1.005948
37.620000,0.048652,0.007984,1.043887,-0.331099,0.000006,0.002367,-0.173963,-0.000004,1.570815,-0.109561,1.000000,1.100000,0.000000,0.000000,-1.571000,-0.158213,0.992016,0.056113,1.006119
37.622000,0.047985,0.007984,1.043892,-0.333926,0.000006,0.002369,-0.173941,-0.000004,1.570815,-0.111313,1.000000,1.100000,0.000000,0.000000,-1.571000,-0.159298,0.992016,0.056108,1.006290
37.624000,0.047312,0.007984,1.043897,-0.336745,0.000006,0.002363,-0.173915,-0.000004,1.570815,-0.113061,1.000000,1.100000,0.000000,0.000000,-1.571000,-0.160374,0.992016,0.056103,1.006461
37.626000,0.046634,0.007984,1.043901,-0.339558,0.000005,0.002351,-0.173882,-0.000004,1.570814,-0.114805,1.000000,1.100000,0.000000,0.000000,-1.571000,-0.161439,0.992016,0.056099,1.006631
37.628000,0.045950,0.007984,1.043906,-0.342364,0.000005,0.002333,-0.173840,-0.000004,1.570814,-0.116544,1.000000,1.100000,0.000000,0.000000,-1.571000,-0.162494,0.992016,0.056094,1.006800
37.630000,0.045260,0.007984,1.043911,-0.345163,0.000005,0.002309,-0.173788,-0.000004,1.570813,-0.118279,1.000000,1.100000,0.000000,0.000000,-1.571000,-0.163539,0.992016,0.056089,1.006969
37.632000,0.044565,0.007984,1.043915,-0.347954,0.000005,0.002281,-0.173724,-0.000004,1.570813,-0.120009,1.000000,1.100000,0.000000,0.000000,-1.571000,-0.164574,0.992016,0.056085,1.007138
37.634000,0.043864,0.007984,1.043920,-0.350738,0.000005,0.002249,-0.173645,-0.000004,1.570812,-0.121734,1.000000,1.100000,0.000000,0.000000,-1.571000,-0.165598,0.992016,0.056080,1.007305
37.636000,0.043158,0.007984,1.043924,-0.353515,0.000005,0.002212,-0.173552,-0.000005,1.570812,-0.123454,1.000000,1.100000,0.000000,0.000000,-1.571000,-0.166612,0.992016,0.056076,1.007472
37.638000,0.042446,0.007984,1.043929,-0.356284,0.000005,0.002173,-0.173443,-0.000005,1.570811,-0.125170,1.000000,1.100000,0.000000,0.000000,-1.571000,-0.167616,0.992016,0.056071,1.007638
37.640000,0.041729,0.007984,1.043933,-0.359045,0.000004,0.002130,-0.173316,-0.000005,1.570811,-0.126880,1.000000,1.100000,0.000000,0.000000,-1.571000,-0.168609,0.992016,0.056067,1.007804
37.642000,0.041006,0.007984,1.043937,-0.361798,0.000004,0.002085,-0.173172,-0.000005,1.570810,-0.128586,1.000000,1.100000,0.000000,0.000000,-1.571000,-0.169592,0.992016,0.056063,1.007968
37.644000,0.040277,0.007984,1.043941,-0.364543,0.000004,0.002038,-0.173009,-0.000005,1.570809,-0.130286,1.000000,1.100000,0.000000,0.000000,-1.571000,-0.170564,0.992016,0.056059,1.008132
37.646000,0.039543,0.007984,1.043945,-0.367278,0.000004,0.001989,-0.172827,-0.000005,1.570808,-0.131982,1.000000,1.100000,0.000000,0.000000,-1.571000,-0.171525,0.992016,0.056055,1.008295
37.648000,0.038804,0.007984,1.043949,-0.370005,0.000004,0.001938,-0.172625,-0.000005,1.570807,-0.133672,1.000000,1.100000,0.000000,0.000000,-1.571000,-0.172476,0.992016,0.056051,1.008457
37.650000,0.038059,0.007984,1.043953,-0.372722,0.000004,0.001886,-0.172404,-0.000005,1.570806,-0.135357,1.000000,1.100000,0.000000,0.000000,-1.571000,-0.173416,0.992016,0.056047,1.008618
37.652000,0.037309,0.007984,1.043957,-0.375429,0.000004,0.001833,-0.172164,-0.000005,1.570805,-0.137036,1.000000,1.100000,0.000000,0.000000,-1.571000,-0.174345,0.992016,0.056043,1.008778
37.654000,0.036553,0.007984,1.043960,-0.378126,0.000003,0.001779,-0.171904,-0.000005,1.570804,-0.138710,1.000000,1.100000,0.000000,0.000000,-1.571000,-0.175263,0.992016,0.056040,1.008937
37.656000,0.035792,0.007984,1.043964,-0.380813,0.000003,0.001725,-0.171625,-0.000005,1.570803,-0.140379,1.000000,1.100000,0.000000,0.000000,-1.571000,-0.176171,0.992016,0.056036,1.009095
37.658000,0.035026,0.007984,1.043967,-0.383489,0.000003,0.001671,-0.171326,-0.000006,1.570802,-0.142042,1.000000,1.100000,0.000000,0.000000,-1.571000,-0.177068,0.992016,0.056033,1.009252
37.660000,0.034254,0.007984,1.043970,-0.386154,0.000003,0.001616,-0.171009,-0.000006,1.570801,-0.143699,1.000000,1.100000,0.000000,0.000000,-1.571000,-0.177953,0.992016,0.056030,1.009407
37.662000,0.033477,0.007984,1.043974,-0.388807,0.000003,0.001561,-0.170673,-0.000006,1.570800,-0.145351,1.000000,1.100000,0.000000,0.000000,-1.571000,-0.178828,0.992016,0.056026,1.009562
37.664000,0.032695,0.007984,1.043977,-0.391449,0.000003,0.001506,-0.170320,-0.000006,1.570799,-0.146997,1.000000,1.100000,0.000000,0.000000,-1.571000,-0.179692,0.992016,0.056023,1.009715
37.666000,0.031907,0.007984,1.043980,-0.394078,0.000003,0.001452,-0.169949,-0.000006,1.570798,-0.148638,1.000000,1.100000,0.000000,0.000000,-1.571000,-0.180544,0.992016,0.056020,1.009867
37.668000,0.031114,0.007984,1.043982,-0.396696,0.000002,0.001398,-0.169562,-0.000006,1.570797,-0.150272,1.000000,1.100000,0.000000,0.000000,-1.571000,-0.181386,0.992016,0.056018,1.010017
37.670000,0.030316,0.007984,1.043985,-0.399300,0.000002,0.001345,-0.169159,-0.000006,1.570796,-0.151900,1.000000,1.100000,0.000000,0.000000,-1.571000,-0.182216,0.992016,0.056015,1.010167
37.672000,0.029513,0.007984,1.043988,-0.401892,0.000002,0.001293,-0.168741,-0.000006,1.570795,-0.153523,1.000000,1.100000,0.000000,0.000000,-1.571000,-0.183036,0.992016,0.056012,1.010314
37.674000,0.028704,0.007984,1.043990,-0.404471,0.000002,0.001241,-0.168309,-0.000005,1.570794,-0.155139,1.000000,1.100000,0.000000,0.000000,-1.571000,-0.183843,0.992016,0.056010,1.010461
37.676000,0.027891,0.007984,1.043993,-0.407036,0.000002,0.001191,-0.167864,-0.000005,1.570794,-0.156750,1.000000,1.100000,0.000000,0.000000,-1.571000,-0.184640,0.992016,0.056007,1.010606
37.678000,0.027072,0.007984,1.043995,-0.409588,0.000002,0.001141,-0.167406,-0.000005,1.570793,-0.158354,1.000000,1.100000,0.000000,0.000000,-1.571000,-0.185425,0.992016,0.056005,1.010750
37.680000,0.026248,0.007984,1.043997,-0.412126,0.000002,0.001093,-0.166937,-0.000005,1.570792,-0.159951,1.000000,1.100000,0.000000,0.000000,-1.571000,-0.186200,0.992016,0.056003,1.010892
37.682000,0.025419,0.007984,1.043999,-0.414649,0.000002,0.001042,-0.166456,-0.000005,1.570791,-0.161543,1.000000,1.100000,0.000000,0.000000,-1.571000,-0.186962,0.992016,0.056001,1.011033
37.684000,0.024585,0.007984,1.044001,-0.417157,0.000002,0.000986,-0.165961,-0.000005,1.570791,-0.163128,1.000000,1.100000,0.000000,0.000000,-1.571000,-0.187713,0.992016,0.055999,1.011172
37.686000,0.023746,0.007984,1.044003,-0.419649,0.000002,0.000925,-0.165451,-0.000004,1.570790,-0.164707,1.000000,1.100000,0.000000,0.000000,-1.571000,-0.188453,0.992016,0.055997,1.011309
37.688000,0.022903,0.007984,1.044005,-0.422126,0.000002,0.000859,-0.164922,-0.000004,1.570790,-0.166279,1.000000,1.100000,0.000000,0.000000,-1.571000,-0.189182,0.992016,0.055995,1.011445
37.690000,0.022054,0.007984,1.044007,-0.424587,0.000001,0.000791,-0.164375,-0.000004,1.570789,-0.167845,1.000000,1.100000,0.000000,0.000000,-1.571000,-0.189898,0.992016,0.055993,1.011579
37.692000,0.021200,0.007984,1.044008,-0.427031,0.000001,0.000719,-0.163807,-0.000004,1.570788,-0.169404,1.000000,1.100000,0.000000,0.000000,-1.571000,-0.190604,0.992016,0.055992,1.011712
37.694000,0.020341,0.007984,1.044009,-0.429460,0.000001,0.000644,-0.163218,-0.000004,1.570788,-0.170956,1.000000,1.100000,0.000000,0.000000,-1.571000,-0.191297,0.992016,0.055991,1.011843
37.696000,0.019478,0.007984,1.044010,-0.431871,0.000001,0.000568,-0.162607,-0.000003,1.570787,-0.172502,1.000000,1.100000,0.000000,0.000000,-1.571000,-0.191980,0.992016,0.055990,1.011972
37.698000,0.018610,0.007984,1.044012,-0.434266,0.000001,0.000490,-0.161974,-0.000003,1.570787,-0.174040,1.000000,1.100000,0.000000,0.000000,-1.571000,-0.192650,0.992016,0.055988,1.012099
37.700000,0.017737,0.007984,1.044012,-0.436643,0.000001,0.000411,-0.161317,-0.000003,1.570786,-0.175572,1.000000,1.100000,0.000000,0.000000,-1.571000,-0.193309,0.992016,0.055988,1.012225
37.702000,0.016859,0.007984,1.044013,-0.439002,0.000001,0.000332,-0.160638,-0.000003,1.570786,-0.177097,1.000000,1.100000,0.000000,0.000000,-1.571000,-0.193956,0.992016,0.055987,1.012348
37.704000,0.015977,0.007984,1.044014,-0.441343,0.000001,0.000251,-0.159936,-0.000003,1.570785,-0.178615,1.000000,1.100000,0.000000,0.000000,-1.571000,-0.194592,0.992016,0.055986,1.012470
37.706000,0.015090,0.007984,1.044014,-0.443665,0.000001,0.000171,-0.159212,-0.000003,1.570785,-0.180126,1.000000,1.100000,0.000000,0.000000,-1.571000,-0.195216,0.992016,0.055986,1.012590
37.708000,0.014198,0.007984,1.044014,-0.445969,0.000001,0.000091,-0.158466,-0.000003,1.570784,-0.181630,1.000000,1.100000,0.000000,0.000000,-1.571000,-0.195828,0.992016,0.055986,1.012709
37.710000,0.013302,0.007984,1.044014,-0.448253,0.000001,0.000012,-0.157698,-0.000003,1.570784,-0.183127,1.000000,1.100000,0.000000,0.000000,-1.571000,-0.196428,0.992016,0.055986,1.012825
37.712000,0.012401,0.007984,1.044014,-0.450518,0.000001,-0.000067,-0.156910,-0.000003,1.570784,-0.184616,1.000000,1.100000,0.000000,0.000000,-1.571000,-0.197017,0.992016,0.055986,1.012939
37.714000,0.011496,0.007984,1.044014,-0.452763,0.000001,-0.000145,-0.156102,-0.000004,1.570783,-0.186098,1.000000,1.100000,0.000000,0.000000,-1.571000,-0.197594,0.992016,0.055986,1.013052
37.716000,0.010586,0.007984,1.044014,-0.454988,0.000001,-0.000222,-0.155275,-0.000004,1.570783,-0.187573,1.000000,1.100000,0.000000,0.000000,-1.571000,-0.198159,0.992016,0.055986,1.013162
37.718000,0.009672,0.007984,1.044013,-0.457192,0.000001,-0.000298,-0.154430,-0.000004,1.570782,-0.189040,1.000000,1.100000,0.000000,0.000000,-1.571000,-0.198712,0.992016,0.055987,1.013270
37.720000,0.008753,0.007984,1.044012,-0.459375,0.000001,-0.000372,-0.153569,-0.000004,1.570782,-0.190500,1.000000,1.100000,0.000000,0.000000,-1.571000,-0.199253,0.992016,0.055988,1.013377
37.722000,0.007830,0.007984,1.044011,-0.461537,0.000001,-0.000444,-0.152692,-0.000004,1.570782,-0.191952,1.000000,1.100000,0.000000,0.000000,-1.571000,-0.199783,0.992016,0.055989,1.013481
37.724000,0.006903,0.007984,1.044010,-0.463678,0.000001,-0.000515,-0.151801,-0.000004,1.570782,-0.193397,1.000000,1.100000,0.000000,0.000000,-1.571000,-0.200300,0.992016,0.055990,1.013583
37.726000,0.005972,0.007984,1.044009,-0.465797,0.000001,-0.000584,-0.150897,-0.000004,1.570781,-0.194834,1.000000,1.100000,0.000000,0.000000,-1.571000,-0.200806,0.992016,0.055991,1.013683
37.728000,0.005036,0.007984,1.044008,-0.467894,0.000001,-0.000651,-0.149981,-0.000005,1.570781,-0.196264,1.000000,1.100000,0.000000,0.000000,-1.571000,-0.201300,0.992016,0.055992,1.013781
37.730000,0.004096,0.007984,1.044007,-0.469970,0.000001,-0.000715,-0.149055,-0.000005,1.570781,-0.197686,1.000000,1.100000,0.000000,0.000000,-1.571000,-0.201782,0.992016,0.055993,1.013877
37.732000,0.003152,0.007984,1.044005,-0.472023,0.000001,-0.000778,-0.148121,-0.000005,1.570781,-0.199100,1.000000,1.100000,0.000000,0.000000,-1.571000,-0.202252,0.992016,0.055995,1.013971
37.734000,0.002204,0.007984,1.044003,-0.474055,0.000001,-0.000839,-0.147179,-0.000005,1.570782,-0.200506,1.000000,1.100000,0.000000,0.000000,-1.571000,-0.202710,0.992016,0.055997,1.014062
37.736000,0.001252,0.007984,1.044002,-0.476064,0.000001,-0.000897,-0.146231,-0.000005,1.570782,-0.201904,1.000000,1.100000,0.000000,0.000000,-1.571000,-0.203156,0.992016,0.055998,1.014152
37.738000,0.000296,0.007984,1.044000,-0.478051,0.000000,-0.000953,-0.145279,-0.000005,1.570782,-0.203294,1.000000,1.100000,0.000000,0.000000,-1.571000,-0.203590,0.992016,0.056000,1.014239
37.740000,-0.000664,0.007984,1.043998,-0.480015,0.000000,-0.001006,-0.144324,-0.000005,1.570783,-0.204676,1.000000,1.100000,0.000000,0.000000,-1.571000,-0.204012,0.992016,0.056002,1.014324
37.742000,-0.001628,0.007984,1.043996,-0.481957,0.000000,-0.001057,-0.143367,-0.000005,1.570783,-0.206050,1.000000,1.100000,0.000000,0.000000,-1.571000,-0.204422,0.992016,0.056004,1.014407
37.744000,-0.002596,0.007984,1.043994,-0.483877,0.000000,-0.001106,-0.142410,-0.000005,1.570784,-0.207416,1.000000,1.100000,0.000000,0.000000,-1.571000,-0.204820,0.992016,0.056006,1.014487
37.746000,-0.003567,0.007984,1.043991,-0.485774,0.000000,-0.001152,-0.141455,-0.000005,1.570785,-0.208774,1.000000,1.100000,0.000000,0.000000,-1.571000,-0.205206,0.992016,0.056009,1.014565
37.748000,-0.004543,0.007984,1.043989,-0.487649,0.000000,-0.001196,-0.140503,-0.000005,1.570786,-0.210123,1.000000,1.100000,0.000000,0.000000,-1.571000,-0.205581,0.992016,0.056011,1.014641
37.750000,-0.005522,0.007984,1.043986,-0.489503,0.000000,-0.001237,-0.139555,-0.000005,1.570787,-0.211465,1.000000,1.100000,0.000000,0.000000,-1.571000,-0.205943,0.992016,0.056014,1.014715
37.752000,-0.006505,0.007984,1.043984,-0.491334,-0.000000,-0.001276,-0.138613,-0.000005,1.570788,-0.212797,1.000000,1.100000,0.000000,0.000000,-1.571000,-0.206293,0.992016,0.056016,1.014786
37.754000,-0.007491,0.007984,1.043981,-0.493143,-0.000000,-0.001313,-0.137677,-0.000005,1.570789,-0.214122,1.000000,1.100000,0.000000,0.000000,-1.571000,-0.206631,0.992016,0.056019,1.014855
37.756000,-0.008481,0.007984,1.043979,-0.494931,-0.000000,-0.001347,-0.136751,-0.000005,1.570790,-0.215438,1.000000,1.100000,0.000000,0.000000,-1.571000,-0.206957,0.992016,0.056021,1.014921
37.758000,-0.009474,0.007984,1.043976,-0.496697,-0.000000,-0.001379,-0.135834,-0.000005,1.570792,-0.216745,1.000000,1.100000,0.000000,0.000000,-1.571000,-0.207271,0.992016,0.056024,1.014986
37.760000,-0.010471,0.007984,1.043973,-0.498443,-0.000000,-0.001408,-0.134927,-0.000005,1.570793,-0.218044,1.000000,1.100000,0.000000,0.000000,-1.571000,-0.207573,0.992016,0.056027,1.015047
37.762000,-0.011472,0.007984,1.043970,-0.500166,-0.000000,-0.001439,-0.134032,-0.000005,1.570795,-0.219335,1.000000,1.100000,0.000000,0.000000,-1.571000,-0.207863,0.992016,0.056030,1.015107
37.764000,-0.012476,0.007984,1.043967,-0.501868,-0.000001,-0.001475,-0.133147,-0.000005,1.570796,-0.220616,1.000000,1.100000,0.000000,0.000000,-1.571000,-0.208141,0.992016,0.056033,1.015164
37.766000,-0.013483,0.007984,1.043964,-0.503549,-0.000001,-0.001515,-0.132268,-0.000004,1.570798,-0.221889,1.000000,1.100000,0.000000,0.000000,-1.571000,-0.208406,0.992016,0.056036,1.015219
37.768000,-0.014494,0.007984,1.043961,-0.505209,-0.000001,-0.001559,-0.131396,-0.000004,1.570800,-0.223154,1.000000,1.100000,0.000000,0.000000,-1.571000,-0.208660,0.992016,0.056039,1.015271
37.770000,-0.015508,0.007984,1.043958,-0.506848,-0.000001,-0.001606,-0.130527,-0.000004,1.570802,-0.224409,1.000000,1.100000,0.000000,0.000000,-1.571000,-0.208901,0.992016,0.056042,1.015321
37.772000,-0.016525,0.007984,1.043955,-0.508467,-0.000001,-0.001656,-0.129662,-0.000004,1.570804,-0.225655,1.000000,1.100000,0.000000,0.000000,-1.571000,-0.209131,0.992016,0.056045,1.015368
37.774000,-0.017545,0.007984,1.043951,-0.510065,-0.000001,-0.001707,-0.128799,-0.000004,1.570805,-0.226893,1.000000,1.100000,0.000000,0.000000,-1.571000,-0.209348,0.992016,0.056049,1.015413
37.776000,-0.018569,0.007984,1.043948,-0.511642,-0.000001,-0.001761,-0.127938,-0.000003,1.570807,-0.228122,1.000000,1.100000,0.000000,0.000000,-1.571000,-0.209553,0.992016,0.056052,1.015456
37.778000,-0.019595,0.007984,1.043944,-0.513200,-0.000001,-0.001815,-0.127077,-0.000003,1.570809,-0.229341,1.000000,1.100000,0.000000,0.000000,-1.571000,-0.209746,0.992016,0.056056,1.015496
37.780000,-0.020625,0.007984,1.043940,-0.514737,-0.000001,-0.001871,-0.126216,-0.000003,1.570811,-0.230552,1.000000,1.100000,0.000000,0.000000,-1.571000,-0.209927,0.992016,0.056060,1.015533
37.782000,-0.021658,0.007984,1.043937,-0.516254,-0.000001,-0.001928,-0.125355,-0.000003,1.570812,-0.231754,1.000000,1.100000,0.000000,0.000000,-1.571000,-0.210096,0.992016,0.056063,1.015568
37.784000,-0.022694,0.007984,1.043933,-0.517752,-0.000001,-0.001985,-0.124493,-0.000003,1.570814,-0.232946,1.000000,1.100000,0.000000,0.000000,-1.571000,-0.210252,0.992016,0.056067,1.015601
37.786000,-0.023732,0.007984,1.043929,-0.519229,-0.000002,-0.002043,-0.123630,-0.000002,1.570815,-0.234129,1.000000,1.100000,0.000000,0.000000,-1.571000,-0.210397,0.992016,0.056071,1.015631
37.788000,-0.024774,0.007984,1.043924,-0.520687,-0.000002,-0.002101,-0.122766,-0.000002,1.570817,-0.235303,1.000000,1.100000,0.000000,0.000000,-1.571000,-0.210529,0.992016,0.056076,1.015659
37.790000,-0.025819,0.007984,1.043920,-0.522124,-0.000002,-0.002158,-0.121901,-0.000002,1.570818,-0.236468,1.000000,1.100000,0.000000,0.000000,-1.571000,-0.210649,0.992016,0.056080,1.015684
37.792000,-0.026866,0.007984,1.043916,-0.523542,-0.000002,-0.002215,-0.121036,-0.000002,1.570819,-0.237623,1.000000,1.100000,0.000000,0.000000,-1.571000,-0.210757,0.992016,0.056084,1.015707
37.794000,-0.027916,0.007984,1.043911,-0.524941,-0.000002,-0.002272,-0.120170,-0.000002,1.570821,-0.238769,1.000000,1.100000,0.000000,0.000000,-1.571000,-0.210853,0.992016,0.056089,1.015727
37.796000,-0.028969,0.007984,1.043907,-0.526319,-0.000002,-0.002328,-0.119303,-0.000002,1.570822,-0.239905,1.000000,1.100000,0.000000,0.000000,-1.571000,-0.210936,0.992016,0.056093,1.015744
37.798000,-0.030025,0.007984,1.043902,-0.527678,-0.000002,-0.002383,-0.118436,-0.000001,1.570823,-0.241032,1.000000,1.100000,0.000000,0.000000,-1.571000,-0.211007,0.992016,0.056098,1.015759
37.800000,-0.031083,0.007984,1.043897,-0.529017,-0.000002,-0.002437,-0.117570,-0.000001,1.570824,-0.242150,1.000000,1.100000,0.000000,0.000000,-1.571000,-0.211067,0.992016,0.056103,1.015772
37.802000,-0.032144,0.007984,1.043892,-0.530337,-0.000002,-0.002491,-0.116704,-0.000001,1.570825,-0.243258,1.000000,1.100000,0.000000,0.000000,-1.571000,-0.211113,0.992016,0.056108,1.015782
37.804000,-0.033208,0.007984,1.043887,-0.531638,-0.000002,-0.002543,-0.115839,-0.000001,1.570825,-0.244356,1.000000,1.100000,0.000000,0.000000,-1.571000,-0.211148,0.992016,0.056113,1.015789
37.806000,-0.034274,0.007984,1.043882,-0.532919,-0.000002,-0.002595,-0.114976,-0.000001,1.570826,-0.245445,1.000000,1.100000,0.000000,0.000000,-1.571000,-0.211170,0.992016,0.056118,1.015794
37.808000,-0.035343,0.007984,1.043877,-0.534180,-0.000002,-0.002645,-0.114114,-0.000001,1.570827,-0.246524,1.000000,1.100000,0.000000,0.000000,-1.571000,-0.211181,0.992016,0.056123,1.015797
37.810000,-0.036415,0.007984,1.043871,-0.535423,-0.000003,-0.002693,-0.113256,-0.000001,1.570827,-0.247593,1.000000,1.100000,0.000000,0.000000,-1.571000,-0.211179,0.992016,0.056129,1.015797
37.812000,-0.037488,0.007984,1.043866,-0.536646,-0.000003,-0.002741,-0.112400,-0.000001,1.570828,-0.248653,1.000000,1.100000,0.000000,0.000000,-1.571000,-0.211164,0.992016,0.056134,1.015794
37.814000,-0.038564,0.007984,1.043860,-0.537850,-0.000003,-0.002787,-0.111549,-0.000001,1.570828,-0.249702,1.000000,1.100000,0.000000,0.000000,-1.571000,-0.211138,0.992016,0.056140,1.015789
37.816000,-0.039643,0.007984,1.043854,-0.539036,-0.000003,-0.002832,-0.110702,-0.000000,1.570828,-0.250742,1.000000,1.100000,0.000000,0.000000,-1.571000,-0.211099,0.992016,0.056146,1.015781
37.818000,-0.040724,0.007984,1.043849,-0.540202,-0.000003,-0.002875,-0.109860,-0.000000,1.570829,-0.251772,1.000000,1.100000,0.000000,0.000000,-1.571000,-0.211048,0.992016,0.056151,1.015771
37.820000,-0.041807,0.007984,1.043843,-0.541350,-0.000003,-0.002917,-0.109024,-0.000000,1.570829,-0.252792,1.000000,1.100000,0.000000,0.000000,-1.571000,-0.210985,0.992016,0.056157,1.015758
37.822000,-0.042893,0.007984,1.043837,-0.542480,-0.000003,-0.002961,-0.108192,-0.000000,1.570829,-0.253802,1.000000,1.100000,0.000000,0.000000,-1.571000,-0.210910,0.992016,0.056163,1.015743
37.824000,-0.043980,0.007984,1.043831,-0.543590,-0.000003,-0.003008,-0.107362,-0.000000,1.570829,-0.254802,1.000000,1.100000,0.000000,0.000000,-1.571000,-0.210822,0.992016,0.056169,1.015725
37.826000,-0.045070,0.007984,1.043825,-0.544681,-0.000003,-0.003059,-0.106530,-0.000000,1.570829,-0.255792,1.000000,1.100000,0.000000,0.000000,-1.571000,-0.210722,0.992016,0.056175,1.015704
37.828000,-0.046162,0.007984,1.043819,-0.545754,-0.000003,-0.003112,-0.105693,-0.000000,1.570829,-0.256772,1.000000,1.100000,0.000000,0.000000,-1.571000,-0.210610,0.992016,0.056181,1.015681
37.830000,-0.047256,0.007984,1.043812,-0.546808,-0.000003,-0.003168,-0.104849,-0.000000,1.570829,-0.257742,1.000000,1.100000,0.000000,0.000000,-1.571000,-0.210485,0.992016,0.056188,1.015656
37.832000,-0.048353,0.007984,1.043806,-0.547843,-0.000003,-0.003226,-0.103994,0.000000,1.570828,-0.258701,1.000000,1.100000,0.000000,0.000000,-1.571000,-0.210348,0.992016,0.056194,1.015628
37.834000,-0.049451,0.007984,1.043799,-0.548859,-0.000003,-0.003285,-0.103128,0.000000,1.570828,-0.259650,1.000000,1.100000,0.000000,0.000000,-1.571000,-0.210199,0.992016,0.056201,1.015598
37.836000,-0.050551,0.007984,1.043793,-0.549856,-0.000003,-0.003346,-0.102249,0.000000,1.570828,-0.260589,1.000000,1.100000,0.000000,0.000000,-1.571000,-0.210038,0.992016,0.056207,1.015565
37.838000,-0.051654,0.007984,1.043786,-0.550833,-0.000004,-0.003408,-0.101355,0.000000,1.570827,-0.261518,1.000000,1.100000,0.000000,0.000000,-1.571000,-0.209865,0.992016,0.056214,1.015529
37.840000,-0.052758,0.007984,1.043779,-0.551791,-0.000004,-0.003470,-0.100445,0.000000,1.570826,-0.262437,1.000000,1.100000,0.000000,0.000000,-1.571000,-0.209679,0.992016,0.056221,1.015491
37.842000,-0.053864,0.007984,1.043772,-0.552729,-0.000004,-0.003533,-0.099519,0.000000,1.570826,-0.263345,1.000000,1.100000,0.000000,0.000000,-1.571000,-0.209481,0.992016,0.056228,1.015451
37.844000,-0.054972,0.007984,1.043765,-0.553647,-0.000004,-0.003596,-0.098576,0.000000,1.570825,-0.264242,1.000000,1.100000,0.000000,0.000000,-1.571000,-0.209271,0.992016,0.056235,1.015408
37.846000,-0.056082,0.007984,1.043758,-0.554545,-0.000004,-0.003659,-0.097615,-0.000000,1.570824,-0.265130,1.000000,1.100000,0.000000,0.000000,-1.571000,-0.209048,0.992016,0.056242,1.015362
37.848000,-0.057193,0.007984,1.043750,-0.555422,-0.000004,-0.003722,-0.096636,-0.000000,1.570823,-0.266006,1.000000,1.100000,0.000000,0.000000,-1.571000,-0.208813,0.992016,0.056250,1.015314
37.850000,-0.058306,0.007984,1.043743,-0.556278,-0.000004,-0.003785,-0.095640,-0.000000,1.570822,-0.266873,1.000000,1.100000,0.000000,0.000000,-1.571000,-0.208566,0.992016,0.056257,1.015264
37.852000,-0.059421,0.007984,1.043735,-0.557112,-0.000004,-0.003847,-0.094626,-0.000000,1.570820,-0.267729,1.000000,1.100000,0.000000,0.000000,-1.571000,-0.208307,0.992016,0.056265,1.015211
37.854000,-0.060538,0.007984,1.043727,-0.557925,-0.000004,-0.003908,-0.093595,-0.000000,1.570819,-0.268574,1.000000,1.100000,0.000000,0.000000,-1.571000,-0.208036,0.992016,0.056273,1.015156
37.856000,-0.061656,0.007984,1.043719,-0.558717,-0.000004,-0.003968,-0.092547,-0.000000,1.570818,-0.269408,1.000000,1.100000,0.000000,0.000000,-1.571000,-0.207752,0.992016,0.056281,1.015098
37.858000,-0.062776,0.007984,1.043711,-0.559486,-0.000004,-0.004028,-0.091484,-0.000000,1.570817,-0.270232,1.000000,1.100000,0.000000,0.000000,-1.571000,-0.207456,0.992016,0.056289,1.015038
37.860000,-0.063897,0.007984,1.043703,-0.560233,-0.000004,-0.004087,-0.090405,-0.000001,1.570815,-0.271045,1.000000,1.100000,0.000000,0.000000,-1.571000,-0.207148,0.992016,0.056297,1.014976
37.862000,-0.065020,0.007984,1.043695,-0.560957,-0.000004,-0.004144,-0.089312,-0.000001,1.570814,-0.271848,1.000000,1.100000,0.000000,0.000000,-1.571000,-0.206828,0.992016,0.056305,1.014911
37.864000,-0.066144,0.007984,1.043686,-0.561659,-0.000004,-0.004200,-0.088206,-0.000001,1.570813,-0.272640,1.000000,1.100000,0.000000,0.000000,-1.571000,-0.206496,0.992016,0.056314,1.014844
37.866000,-0.067269,0.007984,1.043678,-0.562338,-0.000004,-0.004255,-0.087088,-0.000001,1.570811,-0.273421,1.000000,1.100000,0.000000,0.000000,-1.571000,-0.206152,0.992016,0.056322,1.014774
37.868000,-0.068396,0.007984,1.043669,-0.562993,-0.000004,-0.004308,-0.085959,-0.000001,1.570810,-0.274191,1.000000,1.100000,0.000000,0.000000,-1.571000,-0.205795,0.992016,0.056331,1.014702
37.870000,-0.069524,0.007984,1.043661,-0.563625,-0.000004,-0.004361,-0.084819,-0.000001,1.570809,-0.274951,1.000000,1.100000,0.000000,0.000000,-1.571000,-0.205427,0.992016,0.056339,1.014628
37.872000,-0.070653,0.007984,1.043652,-0.564234,-0.000004,-0.004411,-0.083672,-0.000001,1.570808,-0.275699,1.000000,1.100000,0.000000,0.000000,-1.571000,-0.205046,0.992016,0.056348,1.014552
37.874000,-0.071784,0.007984,1.043643,-0.564818,-0.000004,-0.004461,-0.082517,-0.000001,1.570806,-0.276437,1.000000,1.100000,0.000000,0.000000,-1.571000,-0.204653,0.992016,0.056357,1.014473
37.876000,-0.072915,0.007984,1.043634,-0.565380,-0.000004,-0.004508,-0.081357,-0.000001,1.570805,-0.277164,1.000000,1.100000,0.000000,0.000000,-1.571000,-0.204248,0.992016,0.056366,1.014392
37.878000,-0.074048,0.007984,1.043625,-0.565917,-0.000004,-0.004554,-0.080192,-0.000001,1.570804,-0.277880,1.000000,1.100000,0.000000,0.000000,-1.571000,-0.203832,0.992016,0.056375,1.014309
37.880000,-0.075182,0.007984,1.043616,-0.566431,-0.000004,-0.004599,-0.079024,-0.000001,1.570804,-0.278585,1.000000,1.100000,0.000000,0.000000,-1.571000,-0.203403,0.992016,0.056384,1.014223
37.882000,-0.076317,0.007984,1.043606,-0.566921,-0.000004,-0.004644,-0.077854,-0.000002,1.570803,-0.279279,1.000000,1.100000,0.000000,0.000000,-1.571000,-0.202962,0.992016,0.056394,1.014135
37.884000,-0.077452,0.007984,1.043597,-0.567386,-0.000004,-0.004691,-0.076679,-0.000002,1.570802,-0.279961,1.000000,1.100000,0.000000,0.000000,-1.571000,-0.202509,0.992016,0.056403,1.014045
37.886000,-0.078589,0.007984,1.043587,-0.567828,-0.000004,-0.004740,-0.075496,-0.000002,1.570801,-0.280633,1.000000,1.100000,0.000000,0.000000,-1.571000,-0.202044,0.992016,0.056413,1.013953
37.888000,-0.079726,0.007984,1.043578,-0.568245,-0.000004,-0.004791,-0.074305,-0.000002,1.570801,-0.281294,1.000000,1.100000,0.000000,0.000000,-1.571000,-0.201568,0.992016,0.056422,1.013859
37.890000,-0.080865,0.007984,1.043568,-0.568639,-0.000005,-0.004842,-0.073102,-0.000002,1.570800,-0.281944,1.000000,1.100000,0.000000,0.000000,-1.571000,-0.201079,0.992016,0.056432,1.013762
37.892000,-0.082004,0.007984,1.043558,-0.569007,-0.000005,-0.004895,-0.071889,-0.000002,1.570800,-0.282582,1.000000,1.100000,0.000000,0.000000,-1.571000,-0.200579,0.992016,0.056442,1.013664
37.894000,-0.083143,0.007984,1.043549,-0.569351,-0.000005,-0.004948,-0.070662,-0.000002,1.570799,-0.283209,1.000000,1.100000,0.000000,0.000000,-1.571000,-0.200066,0.992016,0.056451,1.013563
37.896000,-0.084284,0.007984,1.043539,-0.569671,-0.000005,-0.005001,-0.069422,-0.000002,1.570799,-0.283826,1.000000,1.100000,0.000000,0.000000,-1.571000,-0.199542,0.992016,0.056461,1.013460
37.898000,-0.085424,0.007984,1.043529,-0.569965,-0.000005,-0.005055,-0.068169,-0.000002,1.570798,-0.284431,1.000000,1.100000,0.000000,0.000000,-1.571000,-0.199006,0.992016,0.056471,1.013355
37.900000,-0.086566,0.007984,1.043518,-0.570234,-0.000005,-0.005109,-0.066902,-0.000002,1.570798,-0.285024,1.000000,1.100000,0.000000,0.000000,-1.571000,-0.198458,0.992016,0.056482,1.013248
37.902000,-0.087708,0.007984,1.043508,-0.570478,-0.000005,-0.005163,-0.065621,-0.000002,1.570797,-0.285607,1.000000,1.100000,0.000000,0.000000,-1.571000,-0.197899,0.992016,0.056492,1.013140
37.904000,-0.088850,0.007984,1.043498,-0.570696,-0.000005,-0.005217,-0.064326,-0.000002,1.570797,-0.286178,1.000000,1.100000,0.000000,0.000000,-1.571000,-0.197328,0.992016,0.056502,1.013029
37.906000,-0.089993,0.007984,1.043487,-0.570888,-0.000005,-0.005270,-0.063019,-0.000002,1.570797,-0.286738,1.000000,1.100000,0.000000,0.000000,-1.571000,-0.196745,0.992016,0.056513,1.012916
37.908000,-0.091136,0.007984,1.043476,-0.571054,-0.000005,-0.005323,-0.061699,-0.000002,1.570797,-0.287286,1.000000,1.100000,0.000000,0.000000,-1.571000,-0.196150,0.992016,0.056524,1.012801
37.910000,-0.092280,0.007984,1.043466,-0.571194,-0.000005,-0.005375,-0.060368,-0.000002,1.570796,-0.287824,1.000000,1.100000,0.000000,0.000000,-1.571000,-0.195544,0.992016,0.056534,1.012685
37.912000,-0.093424,0.007984,1.043455,-0.571308,-0.000005,-0.005426,-0.059025,-0.000002,1.570796,-0.288350,1.000000,1.100000,0.000000,0.000000,-1.571000,-0.194926,0.992016,0.056545,1.012566
37.914000,-0.094567,0.007984,1.043444,-0.571395,-0.000005,-0.005477,-0.057673,-0.000003,1.570796,-0.288864,1.000000,1.100000,0.000000,0.000000,-1.571000,-0.194297,0.992016,0.056556,1.012446
37.916000,-0.095711,0.007983,1.043433,-0.571456,-0.000005,-0.005527,-0.056312,-0.000003,1.570796,-0.289367,1.000000,1.100000,0.000000,0.000000,-1.571000,-0.193656,0.992017,0.056567,1.012324
37.918000,-0.096856,0.007983,1.043422,-0.571490,-0.000005,-0.005576,-0.054943,-0.000003,1.570796,-0.289859,1.000000,1.100000,0.000000,0.000000,-1.571000,-0.193003,0.992017,0.056578,1.012200
37.920000,-0.098000,0.007983,1.043410,-0.571497,-0.000005,-0.005625,-0.053568,-0.000003,1.570796,-0.290339,1.000000,1.100000,0.000000,0.000000,-1.571000,-0.192339,0.992017,0.056590,1.012074
37.922000,-0.099144,0.007983,1.043399,-0.571477,-0.000005,-0.005672,-0.052188,-0.000003,1.570796,-0.290808,1.000000,1.100000,0.000000,0.000000,-1.571000,-0.191664,0.992017,0.056601,1.011946
37.924000,-0.100288,0.007983,1.043388,-0.571430,-0.000005,-0.005719,-0.050804,-0.000003,1.570796,-0.291265,1.000000,1.100000,0.000000,0.000000,-1.571000,-0.190977,0.992017,0.056612,1.011817
37.926000,-0.101432,0.007983,1.043376,-0.571356,-0.000005,-0.005764,-0.049418,-0.000003,1.570796,-0.291711,1.000000,1.100000,0.000000,0.000000,-1.571000,-0.190279,0.992017,0.056624,1.011686
37.928000,-0.102575,0.007983,1.043365,-0.571256,-0.000005,-0.005809,-0.048031,-0.000003,1.570796,-0.292145,1.000000,1.100000,0.000000,0.000000,-1.571000,-0.189570,0.992017,0.056635,1.011554
37.930000,-0.103719,0.007983,1.043353,-0.571128,-0.000005,-0.005852,-0.046645,-0.000003,1.570796,-0.292568,1.000000,1.100000,0.000000,0.000000,-1.571000,-0.188849,0.992017,0.056647,1.011420
37.932000,-0.104862,0.007983,1.043341,-0.570973,-0.000005,-0.005895,-0.045261,-0.000003,1.570797,-0.292979,1.000000,1.100000,0.000000,0.000000,-1.571000,-0.188117,0.992017,0.056659,1.011284
37.934000,-0.106005,0.007983,1.043329,-0.570792,-0.000005,-0.005937,-0.043880,-0.000003,1.570797,-0.293379,1.000000,1.100000,0.000000,0.000000,-1.571000,-0.187374,0.992017,0.056671,1.011147
37.936000,-0.107147,0.007983,1.043317,-0.570584,-0.000005,-0.005977,-0.042505,-0.000003,1.570797,-0.293767,1.000000,1.100000,0.000000,0.000000,-1.571000,-0.186620,0.992017,0.056683,1.011008
37.938000,-0.108289,0.007983,1.043305,-0.570350,-0.000006,-0.006017,-0.041136,-0.000003,1.570798,-0.294143,1.000000,1.100000,0.000000,0.000000,-1.571000,-0.185854,0.992017,0.056695,1.010867
37.940000,-0.109431,0.007983,1.043293,-0.570090,-0.000006,-0.006056,-0.039776,-0.000004,1.570798,-0.294508,1.000000,1.100000,0.000000,0.000000,-1.571000,-0.185077,0.992017,0.056707,1.010726
37.942000,-0.110572,0.007983,1.043281,-0.569803,-0.000006,-0.006094,-0.038425,-0.000004,1.570799,-0.294861,1.000000,1.100000,0.000000,0.000000,-1.571000,-0.184290,0.992017,0.056719,1.010582
37.944000,-0.111712,0.007983,1.043269,-0.569491,-0.000006,-0.006131,-0.037086,-0.000004,1.570800,-0.295203,1.000000,1.100000,0.000000,0.000000,-1.571000,-0.183491,0.992017,0.056731,1.010438
37.946000,-0.112852,0.007983,1.043256,-0.569153,-0.000006,-0.006167,-0.035759,-0.000004,1.570801,-0.295533,1.000000,1.100000,0.000000,0.000000,-1.571000,-0.182681,0.992017,0.056744,1.010292
37.948000,-0.113990,0.007983,1.043244,-0.568790,-0.000006,-0.006203,-0.034446,-0.000004,1.570801,-0.295851,1.000000,1.100000,0.000000,0.000000,-1.571000,-0.181861,0.992017,0.056756,1.010144
37.950000,-0.115129,0.007983,1.043232,-0.568402,-0.000006,-0.006237,-0.033149,-0.000004,1.570802,-0.296158,1.000000,1.100000,0.000000,0.000000,-1.571000,-0.181029,0.992017,0.056768,1.009996
37.952000,-0.116266,0.007983,1.043219,-0.567989,-0.000006,-0.006271,-0.031868,-0.000004,1.570803,-0.296452,1.000000,1.100000,0.000000,0.000000,-1.571000,-0.180187,0.992017,0.056781,1.009846
37.954000,-0.117402,0.007983,1.043206,-0.567553,-0.000006,-0.006304,-0.030606,-0.000004,1.570804,-0.296736,1.000000,1.100000,0.000000,0.000000,-1.571000,-0.179333,0.992017,0.056794,1.009695
37.956000,-0.118538,0.007983,1.043194,-0.567092,-0.000006,-0.006337,-0.029363,-0.000004,1.570805,-0.297007,1.000000,1.100000,0.000000,0.000000,-1.571000,-0.178469,0.992017,0.056806,1.009542
37.958000,-0.119672,0.007983,1.043181,-0.566608,-0.000006,-0.006369,-0.028140,-0.000004,1.570807,-0.297267,1.000000,1.100000,0.000000,0.000000,-1.571000,-0.177594,0.992017,0.056819,1.009389
37.960000,-0.120806,0.007983,1.043168,-0.566102,-0.000006,-0.006400,-0.026939,-0.000004,1.570808,-0.297515,1.000000,1.100000,0.000000,0.000000,-1.571000,-0.176709,0.992017,0.056832,1.009234
37.962000,-0.121939,0.007983,1.043155,-0.565573,-0.000006,-0.006430,-0.025759,-0.000004,1.570809,-0.297751,1.000000,1.100000,0.000000,0.000000,-1.571000,-0.175812,0.992017,0.056845,1.009078
37.964000,-0.123070,0.007983,1.043142,-0.565022,-0.000006,-0.006460,-0.024597,-0.000004,1.570811,-0.297976,1.000000,1.100000,0.000000,0.000000,-1.571000,-0.174905,0.992017,0.056858,1.008921
37.966000,-0.124200,0.007983,1.043129,-0.564449,-0.000006,-0.006488,-0.023449,-0.000004,1.570812,-0.298188,1.000000,1.100000,0.000000,0.000000,-1.571000,-0.173988,0.992017,0.056871,1.008763
37.968000,-0.125330,0.007983,1.043116,-0.563855,-0.000007,-0.006516,-0.022313,-0.000004,1.570813,-0.298389,1.000000,1.100000,0.000000,0.000000,-1.571000,-0.173060,0.992017,0.056884,1.008604
37.970000,-0.126457,0.007983,1.043103,-0.563241,-0.000007,-0.006544,-0.021185,-0.000004,1.570814,-0.298578,1.000000,1.100000,0.000000,0.000000,-1.571000,-0.172121,0.992017,0.056897,1.008444
37.972000,-0.127584,0.007983,1.043090,-0.562605,-0.000007,-0.006570,-0.020063,-0.000004,1.570815,-0.298756,1.000000,1.100000,0.000000,0.000000,-1.571000,-0.171172,0.992017,0.056910,1.008284
37.974000,-0.128709,0.007983,1.043077,-0.561948,-0.000007,-0.006597,-0.018946,-0.000004,1.570817,-0.298921,1.000000,1.100000,0.000000,0.000000,-1.571000,-0.170212,0.992017,0.056923,1.008122
37.976000,-0.129833,0.007983,1.043064,-0.561271,-0.000007,-0.006622,-0.017830,-0.000004,1.570818,-0.299075,1.000000,1.100000,0.000000,0.000000,-1.571000,-0.169242,0.992017,0.056936,1.007959
37.978000,-0.130956,0.007983,1.043050,-0.560574,-0.000007,-0.006647,-0.016716,-0.000004,1.570818,-0.299217,1.000000,1.100000,0.000000,0.000000,-1.571000,-0.168261,0.992017,0.056950,1.007796
37.980000,-0.132077,0.007983,1.043037,-0.559856,-0.000007,-0.006671,-0.015600,-0.000004,1.570819,-0.299347,1.000000,1.100000,0.000000,0.000000,-1.571000,-0.167270,0.992017,0.056963,1.007632
37.982000,-0.133197,0.007983,1.043024,-0.559117,-0.000007,-0.006695,-0.014483,-0.000004,1.570820,-0.299466,1.000000,1.100000,0.000000,0.000000,-1.571000,-0.166269,0.992017,0.056976,1.007467
37.984000,-0.134315,0.007983,1.043010,-0.558358,-0.000007,-0.006719,-0.013363,-0.000004,1.570820,-0.299572,1.000000,1.100000,0.000000,0.000000,-1.571000,-0.165257,0.992017,0.056990,1.007301
37.986000,-0.135432,0.007983,1.042997,-0.557579,-0.000007,-0.006742,-0.012239,-0.000004,1.570821,-0.299667,1.000000,1.100000,0.000000,0.000000,-1.571000,-0.164235,0.992017,0.057003,1.007135
37.988000,-0.136547,0.007983,1.042983,-0.556779,-0.000007,-0.006765,-0.011112,-0.000004,1.570821,-0.299750,1.000000,1.100000,0.000000,0.000000,-1.571000,-0.163203,0.992017,0.057017,1.006968
37.990000,-0.137660,0.007983,1.042970,-0.555958,-0.000007,-0.006787,-0.009980,-0.000004,1.570821,-0.299821,1.000000,1.100000,0.000000,0.000000,-1.571000,-0.162160,0.992017,0.057030,1.006800
37.992000,-0.138772,0.007983,1.042956,-0.555117,-0.000007,-0.006810,-0.008843,-0.000004,1.570821,-0.299880,1.000000,1.100000,0.000000,0.000000,-1.571000,-0.161108,0.992017,0.057044,1.006632
37.994000,-0.139882,0.007983,1.042942,-0.554255,-0.000008,-0.006831,-0.007701,-0.000004,1.570821,-0.299927,1.000000,1.100000,0.000000,0.000000,-1.571000,-0.160045,0.992017,0.057058,1.006463
37.996000,-0.140991,0.007983,1.042929,-0.553372,-0.000008,-0.006853,-0.006555,-0.000004,1.570821,-0.299963,1.000000,1.100000,0.000000,0.000000,-1.571000,-0.158972,0.992017,0.057071,1.006294
37.998000,-0.142097,0.007983,1.042915,-0.552469,-0.000008,-0.006874,-0.005405,-0.000004,1.570821,-0.299987,1.000000,1.100000,0.000000,0.000000,-1.571000,-0.157890,0.992017,0.057085,1.006124
38.000000,-0.143202,0.007983,1.042901,-0.551545,-0.000008,-0.006895,-0.004250,-0.000004,1.570820,-0.299999,1.000000,1.100000,0.000000,0.000000,-1.571000,-0.156797,0.992017,0.057099,1.005954
38.002000,-0.144304,0.007983,1.042887,-0.550600,-0.000008,-0.006916,-0.003091,-0.000004,1.570820,-0.299999,1.000000,1.100000,0.000000,0.000000,-1.571000,-0.155694,0.992017,0.057113,1.005783
38.004000,-0.145405,0.007983,1.042873,-0.549634,-0.000008,-0.006937,-0.001930,-0.000004,1.570819,-0.299987,1.000000,1.100000,0.000000,0.000000,-1.571000,-0.154581,0.992017,0.057127,1.005613
38.006000,-0.146504,0.007983,1.042860,-0.548647,-0.000008,-0.006958,-0.000765,-0.000004,1.570819,-0.299963,1.000000,1.100000,0.000000,0.000000,-1.571000,-0.153459,0.992017,0.057140,1.005441
38.008000,-0.147601,0.007983,1.042846,-0.547639,-0.000008,-0.006978,0.000401,-0.000004,1.570818,-0.299927,1.000000,1.100000,0.000000,0.000000,-1.571000,-0.152326,0.992017,0.057154,1.005270
38.010000,-0.148696,0.007983,1.042832,-0.546610,-0.000008,-0.006999,0.001569,-0.000004,1.570817,-0.299880,1.000000,1.100000,0.000000,0.000000,-1.571000,-0.151184,0.992017,0.057168,1.005098
38.012000,-0.149789,0.007983,1.042818,-0.545560,-0.000008,-0.007019,0.002737,-0.000003,1.570816,-0.299821,1.000000,1.100000,0.000000,0.000000,-1.571000,-0.150032,0.992017,0.057182,1.004927
38.014000,-0.150879,0.007983,1.042803,-0.544490,-0.000008,-0.007039,0.003906,-0.000003,1.570816,-0.299750,1.000000,1.100000,0.000000,0.000000,-1.571000,-0.148871,0.992017,0.057197,1.004755
38.016000,-0.151968,0.007983,1.042789,-0.543399,-0.000008,-0.007058,0.005072,-0.000003,1.570815,-0.299667,1.000000,1.100000,0.000000,0.000000,-1.571000,-0.147699,0.992017,0.057211,1.004583
38.018000,-0.153054,0.007983,1.042775,-0.542286,-0.000008,-0.007078,0.006237,-0.000003,1.570814,-0.299572,1.000000,1.100000,0.000000,0.000000,-1.571000,-0.146518,0.992017,0.057225,1.004410
38.020000,-0.154138,0.007983,1.042761,-0.541154,-0.000008,-0.007097,0.007399,-0.000003,1.570813,-0.299466,1.000000,1.100000,0.000000,0.000000,-1.571000,-0.145328,0.992017,0.057239,1.004238
38.022000,-0.155220,0.007983,1.042747,-0.540000,-0.000008,-0.007117,0.008557,-0.000003,1.570812,-0.299347,1.000000,1.100000,0.000000,0.000000,-1.571000,-0.144128,0.992017,0.057253,1.004066
38.024000,-0.156299,0.007983,1.042732,-0.538826,-0.000008,-0.007138,0.009709,-0.000002,1.570812,-0.299217,1.000000,1.100000,0.000000,0.000000,-1.571000,-0.142918,0.992017,0.057268,1.003894
38.026000,-0.157376,0.007983,1.042718,-0.537632,-0.000008,-0.007160,0.010856,-0.000002,1.570811,-0.299075,1.000000,1.100000,0.000000,0.000000,-1.571000,-0.141699,0.992017,0.057282,1.003722
38.028000,-0.158450,0.007983,1.042704,-0.536418,-0.000008,-0.007183,0.011995,-0.000002,1.570810,-0.298921,1.000000,1.100000,0.000000,0.000000,-1.571000,-0.140471,0.992017,0.057296,1.003550
38.030000,-0.159522,0.007983,1.042689,-0.535183,-0.000008,-0.007207,0.013127,-0.000002,1.570809,-0.298756,1.000000,1.100000,0.000000,0.000000,-1.571000,-0.139233,0.992017,0.057311,1.003379
38.032000,-0.160592,0.007983,1.042675,-0.533929,-0.000008,-0.007232,0.014249,-0.000001,1.570809,-0.298578,1.000000,1.100000,0.000000,0.000000,-1.571000,-0.137986,0.992017,0.057325,1.003207
38.034000,-0.161659,0.007983,1.042660,-0.532656,-0.000008,-0.007258,0.015361,-0.000001,1.570808,-0.298389,1.000000,1.100000,0.000000,0.000000,-1.571000,-0.136730,0.992017,0.057340,1.003036
38.036000,-0.162723,0.007983,1.042646,-0.531363,-0.000008,-0.007284,0.016462,-0.000001,1.570808,-0.298188,1.000000,1.100000,0.000000,0.000000,-1.571000,-0.135465,0.992017,0.057354,1.002865
38.038000,-0.163785,0.007983,1.042631,-0.530051,-0.000008,-0.007311,0.017551,-0.000001,1.570807,-0.297976,1.000000,1.100000,0.000000,0.000000,-1.571000,-0.134190,0.992017,0.057369,1.002695
38.040000,-0.164844,0.007983,1.042616,-0.528720,-0.000008,-0.007339,0.018627,-0.000000,1.570807,-0.297751,1.000000,1.100000,0.000000,0.000000,-1.571000,-0.132907,0.992017,0.057384,1.002525
38.042000,-0.165901,0.007983,1.042602,-0.527371,-0.000008,-0.007367,0.019688,-0.000000,1.570807,-0.297515,1.000000,1.100000,0.000000,0.000000,-1.571000,-0.131614,0.992017,0.057398,1.002355
38.044000,-0.166955,0.007983,1.042587,-0.526004,-0.000008,-0.007397,0.020735,0.000000,1.570807,-0.297267,1.000000,1.100000,0.000000,0.000000,-1.571000,-0.130312,0.992017,0.057413,1.002186
38.046000,-0.168006,0.007983,1.042572,-0.524619,-0.000008,-0.007427,0.021766,0.000000,1.570807,-0.297007,1.000000,1.100000,0.000000,0.000000,-1.571000,-0.129001,0.992017,0.057428,1.002017
38.048000,-0.169054,0.007983,1.042557,-0.523216,-0.000008,-0.007457,0.022780,0.000001,1.570807,-0.296736,1.000000,1.100000,0.000000,0.000000,-1.571000,-0.127682,0.992017,0.057443,1.001849
38.050000,-0.170099,0.007983,1.042542,-0.521796,-0.000008,-0.007488,0.023777,0.000001,1.570807,-0.296452,1.000000,1.100000,0.000000,0.000000,-1.571000,-0.126353,0.992017,0.057458,1.001681
38.052000,-0.171142,0.007983,1.042527,-0.520360,-0.000008,-0.007520,0.024756,0.000001,1.570807,-0.296158,1.000000,1.100000,0.000000,0.000000,-1.571000,-0.125016,0.992017,0.057473,1.001514
38.054000,-0.172181,0.007983,1.042512,-0.518907,-0.000008,-0.007553,0.025715,0.000001,1.570807,-0.295851,1.000000,1.100000,0.000000,0.000000,-1.571000,-0.123670,0.992017,0.057488,1.001348
38.056000,-0.173218,0.007983,1.042497,-0.517438,-0.000008,-0.007586,0.026655,0.000002,1.570808,-0.295533,1.000000,1.100000,0.000000,0.000000,-1.571000,-0.122315,0.992017,0.057503,1.001182
38.058000,-0.174252,0.007982,1.042482,-0.515954,-0.000008,-0.007619,0.027575,0.000002,1.570808,-0.295203,1.000000,1.100000,0.000000,0.000000,-1.571000,-0.120951,0.992018,0.057518,1.001018
38.060000,-0.175282,0.007982,1.042466,-0.514454,-0.000008,-0.007654,0.028473,0.000002,1.570809,-0.294861,1.000000,1.100000,0.000000,0.000000,-1.571000,-0.119579,0.992018,0.057534,1.000854
38.062000,-0.176310,0.007982,1.042451,-0.512940,-0.000008,-0.007688,0.029350,0.000002,1.570809,-0.294508,1.000000,1.100000,0.000000,0.000000,-1.571000,-0.118198,0.992018,0.057549,1.000691
38.064000,-0.177335,0.007982,1.042436,-0.511412,-0.000008,-0.007724,0.030206,0.000002,1.570810,-0.294143,1.000000,1.100000,0.000000,0.000000,-1.571000,-0.116809,0.992018,0.057564,1.000528
38.066000,-0.178356,0.007982,1.042420,-0.509870,-0.000008,-0.007760,0.031039,0.000003,1.570810,-0.293767,1.000000,1.100000,0.000000,0.000000,-1.571000,-0.115411,0.992018,0.057580,1.000367
38.068000,-0.179374,0.007982,1.042404,-0.508315,-0.000008,-0.007796,0.031849,0.000003,1.570811,-0.293379,1.000000,1.100000,0.000000,0.000000,-1.571000,-0.114004,0.992018,0.057596,1.000207
38.070000,-0.180390,0.007982,1.042389,-0.506747,-0.000008,-0.007833,0.032636,0.000003,1.570812,-0.292979,1.000000,1.100000,0.000000,0.000000,-1.571000,-0.112589,0.992018,0.057611,1.000047
38.072000,-0.181402,0.007982,1.042373,-0.505166,-0.000008,-0.007871,0.033399,0.000003,1.570813,-0.292568,1.000000,1.100000,0.000000,0.000000,-1.571000,-0.111166,0.992018,0.057627,0.999889
38.074000,-0.182411,0.007982,1.042357,-0.503574,-0.000008,-0.007909,0.034139,0.000003,1.570814,-0.292145,1.000000,1.100000,0.000000,0.000000,-1.571000,-0.109734,0.992018,0.057643,0.999732
38.076000,-0.183417,0.007982,1.042341,-0.501970,-0.000007,-0.007947,0.034855,0.000004,1.570814,-0.291711,1.000000,1.100000,0.000000,0.000000,-1.571000,-0.108294,0.992018,0.057659,0.999576
38.078000,-0.184419,0.007982,1.042325,-0.500356,-0.000007,-0.007986,0.035548,0.000004,1.570815,-0.291265,1.000000,1.100000,0.000000,0.000000,-1.571000,-0.106846,0.992018,0.057675,0.999421
38.080000,-0.185418,0.007982,1.042309,-0.498731,-0.000007,-0.008025,0.036216,0.000004,1.570816,-0.290808,1.000000,1.100000,0.000000,0.000000,-1.571000,-0.105389,0.992018,0.057691,0.999267
38.082000,-0.186414,0.007982,1.042293,-0.497096,-0.000007,-0.008054,0.036864,0.000004,1.570817,-0.290339,1.000000,1.100000,0.000000,0.000000,-1.571000,-0.103925,0.992018,0.057707,0.999114
38.084000,-0.187407,0.007982,1.042277,-0.495450,-0.000007,-0.008061,0.037502,0.000004,1.570818,-0.289859,1.000000,1.100000,0.000000,0.000000,-1.571000,-0.102452,0.992018,0.057723,0.998963
38.086000,-0.188397,0.007982,1.042261,-0.493794,-0.000007,-0.008049,0.038142,0.000005,1.570818,-0.289367,1.000000,1.100000,0.000000,0.000000,-1.571000,-0.100971,0.992018,0.057739,0.998813
38.088000,-0.189383,0.007982,1.042245,-0.492128,-0.000007,-0.008020,0.038793,0.000005,1.570818,-0.288864,1.000000,1.100000,0.000000,0.000000,-1.571000,-0.099482,0.992018,0.057755,0.998665
38.090000,-0.190365,0.007982,1.042229,-0.490452,-0.000007,-0.007976,0.039463,0.000005,1.570818,-0.288350,1.000000,1.100000,0.000000,0.000000,-1.571000,-0.097984,0.992018,0.057771,0.998518
38.092000,-0.191345,0.007982,1.042213,-0.488765,-0.000007,-0.007917,0.040161,0.000005,1.570818,-0.287824,1.000000,1.100000,0.000000,0.000000,-1.571000,-0.096479,0.992018,0.057787,0.998372
38.094000,-0.192321,0.007982,1.042197,-0.487067,-0.000006,-0.007846,0.040893,0.000005,1.570818,-0.287286,1.000000,1.100000,0.000000,0.000000,-1.571000,-0.094966,0.992018,0.057803,0.998228
38.096000,-0.193293,0.007982,1.042182,-0.485357,-0.000006,-0.007764,0.041666,0.000006,1.570817,-0.286738,1.000000,1.100000,0.000000,0.000000,-1.571000,-0.093445,0.992018,0.057818,0.998085
38.098000,-0.194262,0.007982,1.042166,-0.483634,-0.000006,-0.007671,0.042484,0.000006,1.570816,-0.286178,1.000000,1.100000,0.000000,0.000000,-1.571000,-0.091916,0.992018,0.057834,0.997944
38.100000,-0.195228,0.007982,1.042151,-0.481897,-0.000006,-0.007570,0.043353,0.000006,1.570814,-0.285607,1.000000,1.100000,0.000000,0.000000,-1.571000,-0.090379,0.992018,0.057849,0.997805
38.102000,-0.196190,0.007982,1.042136,-0.480146,-0.000006,-0.007460,0.044277,0.000007,1.570812,-0.285024,1.000000,1.100000,0.000000,0.000000,-1.571000,-0.088834,0.992018,0.057864,0.997667
38.104000,-0.197149,0.007982,1.042121,-0.478380,-0.000006,-0.007344,0.045258,0.000007,1.570810,-0.284431,1.000000,1.100000,0.000000,0.000000,-1.571000,-0.087282,0.992018,0.057879,0.997531
38.106000,-0.198104,0.007982,1.042107,-0.476597,-0.000006,-0.007221,0.046300,0.000008,1.570807,-0.283826,1.000000,1.100000,0.000000,0.000000,-1.571000,-0.085722,0.992018,0.057893,0.997396
38.108000,-0.199055,0.007982,1.042093,-0.474796,-0.000005,-0.007093,0.047405,0.000008,1.570804,-0.283209,1.000000,1.100000,0.000000,0.000000,-1.571000,-0.084154,0.992018,0.057907,0.997264
38.110000,-0.200003,0.007982,1.042079,-0.472976,-0.000005,-0.006959,0.048573,0.000008,1.570801,-0.282582,1.000000,1.100000,0.000000,0.000000,-1.571000,-0.082579,0.992018,0.057921,0.997133
38.112000,-0.200947,0.007982,1.042065,-0.471136,-0.000005,-0.006822,0.049807,0.000009,1.570798,-0.281944,1.000000,1.100000,0.000000,0.000000,-1.571000,-0.080996,0.992018,0.057935,0.997004
38.114000,-0.201888,0.007982,1.042051,-0.469274,-0.000005,-0.006682,0.051107,0.000009,1.570794,-0.281294,1.000000,1.100000,0.000000,0.000000,-1.571000,-0.079406,0.992018,0.057949,0.996877
38.116000,-0.202824,0.007982,1.042038,-0.467389,-0.000005,-0.006538,0.052473,0.000009,1.570790,-0.280633,1.000000,1.100000,0.000000,0.000000,-1.571000,-0.077809,0.992018,0.057962,0.996751
38.118000,-0.203757,0.007982,1.042025,-0.465481,-0.000004,-0.006392,0.053904,0.000010,1.570786,-0.279961,1.000000,1.100000,0.000000,0.000000,-1.571000,-0.076204,0.992018,0.057975,0.996628
38.120000,-0.204686,0.007982,1.042013,-0.463548,-0.000004,-0.006243,0.055400,0.000010,1.570782,-0.279279,1.000000,1.100000,0.000000,0.000000,-1.571000,-0.074592,0.992018,0.057987,0.996507
38.122000,-0.205611,0.007982,1.042000,-0.461588,-0.000004,-0.006093,0.056961,0.000011,1.570777,-0.278585,1.000000,1.100000,0.000000,0.000000,-1.571000,-0.072974,0.992018,0.058000,0.996388
38.124000,-0.206532,0.007982,1.041988,-0.459600,-0.000004,-0.005942,0.058583,0.000011,1.570773,-0.277880,1.000000,1.100000,0.000000,0.000000,-1.571000,-0.071347,0.992018,0.058012,0.996271
38.126000,-0.207449,0.007982,1.041977,-0.457583,-0.000004,-0.005790,0.060266,0.000011,1.570768,-0.277164,1.000000,1.100000,0.000000,0.000000,-1.571000,-0.069715,0.992018,0.058023,0.996156
38.128000,-0.208362,0.007982,1.041965,-0.455537,-0.000003,-0.005638,0.062008,0.000012,1.570764,-0.276437,1.000000,1.100000,0.000000,0.000000,-1.571000,-0.068075,0.992018,0.058035,0.996043
38.130000,-0.209271,0.007982,1.041954,-0.453460,-0.000003,-0.005485,0.063806,0.000012,1.570759,-0.275699,1.000000,1.100000,0.000000,0.000000,-1.571000,-0.066428,0.992018,0.058046,0.995933
38.132000,-0.210176,0.007982,1.041944,-0.451351,-0.000003,-0.005333,0.065657,0.000013,1.570755,-0.274951,1.000000,1.100000,0.000000,0.000000,-1.571000,-0.064775,0.992018,0.058056,0.995824
38.134000,-0.211076,0.007982,1.041933,-0.449208,-0.000003,-0.005181,0.067559,0.000013,1.570751,-0.274191,1.000000,1.100000,0.000000,0.000000,-1.571000,-0.063115,0.992018,0.058067,0.995718
38.136000,-0.211972,0.007982,1.041923,-0.447032,-0.000003,-0.005031,0.069509,0.000013,1.570746,-0.273421,1.000000,1.100000,0.000000,0.000000,-1.571000,-0.061449,0.992018,0.058077,0.995615
38.138000,-0.212864,0.007982,1.041913,-0.444821,-0.000002,-0.004882,0.071503,0.000013,1.570742,-0.272640,1.000000,1.100000,0.000000,0.000000,-1.571000,-0.059776,0.992018,0.058087,0.995513
38.140000,-0.213751,0.007982,1.041904,-0.442575,-0.000002,-0.004734,0.073538,0.000014,1.570739,-0.271848,1.000000,1.100000,0.000000,0.000000,-1.571000,-0.058097,0.992018,0.058096,0.995415
38.142000,-0.214634,0.007982,1.041894,-0.440292,-0.000002,-0.004588,0.075611,0.000014,1.570735,-0.271045,1.000000,1.100000,0.000000,0.000000,-1.571000,-0.056412,0.992018,0.058106,0.995318
38.144000,-0.215512,0.007982,1.041885,-0.437973,-0.000002,-0.004445,0.077718,0.000014,1.570732,-0.270232,1.000000,1.100000,0.000000,0.000000,-1.571000,-0.054720,0.992018,0.058115,0.995224
38.146000,-0.216385,0.007982,1.041877,-0.435616,-0.000002,-0.004304,0.079856,0.000015,1.570729,-0.269408,1.000000,1.100000,0.000000,0.000000,-1.571000,-0.053023,0.992018,0.058123,0.995133
38.148000,-0.217254,0.007982,1.041868,-0.433221,-0.000002,-0.004166,0.082019,0.000015,1.570726,-0.268574,1.000000,1.100000,0.000000,0.000000,-1.571000,-0.051320,0.992018,0.058132,0.995044
38.150000,-0.218117,0.007982,1.041860,-0.430788,-0.000001,-0.004031,0.084206,0.000015,1.570723,-0.267729,1.000000,1.100000,0.000000,0.000000,-1.571000,-0.049611,0.992018,0.058140,0.994958
38.152000,-0.218976,0.007982,1.041852,-0.428316,-0.000001,-0.003900,0.086411,0.000015,1.570721,-0.266873,1.000000,1.100000,0.000000,0.000000,-1.571000,-0.047897,0.992018,0.058148,0.994874
38.154000,-0.219830,0.007982,1.041845,-0.425805,-0.000001,-0.003771,0.088632,0.000016,1.570720,-0.266006,1.000000,1.100000,0.000000,0.000000,-1.571000,-0.046177,0.992018,0.058155,0.994793
38.156000,-0.220678,0.007982,1.041837,-0.423255,-0.000001,-0.003647,0.090863,0.000016,1.570718,-0.265130,1.000000,1.100000,0.000000,0.000000,-1.571000,-0.044451,0.992018,0.058163,0.994715
38.158000,-0.221522,0.007982,1.041830,-0.420665,-0.000001,-0.003526,0.093101,0.000016,1.570717,-0.264242,1.000000,1.100000,0.000000,0.000000,-1.571000,-0.042721,0.992018,0.058170,0.994640
38.160000,-0.222360,0.007982,1.041823,-0.418036,-0.000001,-0.003409,0.095342,0.000016,1.570717,-0.263345,1.000000,1.100000,0.000000,0.000000,-1.571000,-0.040985,0.992018,0.058177,0.994567
38.162000,-0.223193,0.007982,1.041817,-0.415368,-0.000000,-0.003293,0.097583,0.000016,1.570717,-0.262437,1.000000,1.100000,0.000000,0.000000,-1.571000,-0.039244,0.992018,0.058183,0.994497
38.164000,-0.224020,0.007982,1.041810,-0.412660,-0.000000,-0.003177,0.099821,0.000017,1.570717,-0.261518,1.000000,1.100000,0.000000,0.000000,-1.571000,-0.037498,0.992018,0.058190,0.994430
38.166000,-0.224842,0.007982,1.041804,-0.409913,-0.000000,-0.003062,0.102054,0.000017,1.570718,-0.260589,1.000000,1.100000,0.000000,0.000000,-1.571000,-0.035747,0.992018,0.058196,0.994366
38.168000,-0.225659,0.007982,1.041798,-0.407127,0.000000,-0.002947,0.104279,0.000017,1.570719,-0.259650,1.000000,1.100000,0.000000,0.000000,-1.571000,-0.033992,0.992018,0.058202,0.994305
38.170000,-0.226470,0.007982,1.041792,-0.404301,0.000000,-0.002833,0.106493,0.000017,1.570720,-0.258701,1.000000,1.100000,0.000000,0.000000,-1.571000,-0.032231,0.992018,0.058208,0.994247
38.172000,-0.227275,0.007982,1.041787,-0.401437,0.000001,-0.002721,0.108694,0.000017,1.570722,-0.257742,1.000000,1.100000,0.000000,0.000000,-1.571000,-0.030467,0.992018,0.058213,0.994191
38.174000,-0.228074,0.007982,1.041782,-0.398535,0.000001,-0.002611,0.110879,0.000017,1.570724,-0.256772,1.000000,1.100000,0.000000,0.000000,-1.571000,-0.028698,0.992018,0.058218,0.994139
38.176000,-0.228868,0.007982,1.041777,-0.395595,0.000001,-0.002502,0.113046,0.000017,1.570727,-0.255792,1.000000,1.100000,0.000000,0.000000,-1.571000,-0.026924,0.992018,0.058223,0.994090
38.178000,-0.229655,0.007982,1.041772,-0.392617,0.000001,-0.002397,0.115192,0.000017,1.570730,-0.254802,1.000000,1.100000,0.000000,0.000000,-1.571000,-0.025147,0.992018,0.058228,0.994044
38.180000,-0.230437,0.007982,1.041767,-0.389603,0.000001,-0.002294,0.117315,0.000016,1.570733,-0.253802,1.000000,1.100000,0.000000,0.000000,-1.571000,-0.023365,0.992018,0.058233,0.994000
38.182000,-0.231212,0.007982,1.041763,-0.386552,0.000001,-0.002195,0.119412,0.000016,1.570736,-0.252792,1.000000,1.100000,0.000000,0.000000,-1.571000,-0.021580,0.992018,0.058237,0.993960
38.184000,-0.231981,0.007982,1.041758,-0.383466,0.000002,-0.002098,0.121482,0.000016,1.570740,-0.251772,1.000000,1.100000,0.000000,0.000000,-1.571000,-0.019791,0.992018,0.058242,0.993923
38.186000,-0.232744,0.007982,1.041754,-0.380344,0.000002,-0.002005,0.123522,0.000016,1.570744,-0.250742,1.000000,1.100000,0.000000,0.000000,-1.571000,-0.017998,0.992018,0.058246,0.993889
38.188000,-0.233501,0.007982,1.041750,-0.377189,0.000002,-0.001916,0.125529,0.000015,1.570748,-0.249702,1.000000,1.100000,0.000000,0.000000,-1.571000,-0.016201,0.992018,0.058250,0.993859
38.190000,-0.234251,0.007982,1.041747,-0.374000,0.000002,-0.001830,0.127503,0.000015,1.570752,-0.248653,1.000000,1.100000,0.000000,0.000000,-1.571000,-0.014401,0.992018,0.058253,0.993831
38.192000,-0.234995,0.007982,1.041743,-0.370777,0.000002,-0.001749,0.129441,0.000015,1.570757,-0.247593,1.000000,1.100000,0.000000,0.000000,-1.571000,-0.012598,0.992018,0.058257,0.993807
38.194000,-0.235733,0.007982,1.041740,-0.367523,0.000002,-0.001671,0.131341,0.000014,1.570761,-0.246524,1.000000,1.100000,0.000000,0.000000,-1.571000,-0.010791,0.992018,0.058260,0.993786
38.196000,-0.236464,0.007982,1.041737,-0.364238,0.000003,-0.001597,0.133202,0.000014,1.570766,-0.245445,1.000000,1.100000,0.000000,0.000000,-1.571000,-0.008981,0.992018,0.058263,0.993768
38.198000,-0.237188,0.007982,1.041733,-0.360922,0.000003,-0.001528,0.135021,0.000013,1.570771,-0.244356,1.000000,1.100000,0.000000,0.000000,-1.571000,-0.007168,0.992018,0.058267,0.993754
38.200000,-0.237905,0.007982,1.041730,-0.357577,0.000003,-0.001462,0.136799,0.000013,1.570776,-0.243258,1.000000,1.100000,0.000000,0.000000,-1.571000,-0.005353,0.992018,0.058270,0.993742
38.202000,-0.238616,0.007982,1.041728,-0.354203,0.000003,-0.001402,0.138533,0.000012,1.570781,-0.242150,1.000000,1.100000,0.000000,0.000000,-1.571000,-0.003534,0.992018,0.058272,0.993734
38.204000,-0.239320,0.007982,1.041725,-0.350802,0.000003,-0.001345,0.140223,0.000012,1.570786,-0.241032,1.000000,1.100000,0.000000,0.000000,-1.571000,-0.001712,0.992018,0.058275,0.993730
38.206000,-0.240017,0.007982,1.041722,-0.347373,0.000004,-0.001293,0.141867,0.000011,1.570791,-0.239905,1.000000,1.100000,0.000000,0.000000,-1.571000,0.000112,0.992018,0.058278,0.993728
38.208000,-0.240708,0.007982,1.041720,-0.343920,0.000004,-0.001245,0.143464,0.000010,1.570797,-0.238769,1.000000,1.100000,0.000000,0.000000,-1.571000,0.001939,0.992018,0.058280,0.993730
38.210000,-0.241391,0.007982,1.041717,-0.340441,0.000004,-0.001201,0.145015,0.000010,1.570802,-0.237623,1.000000,1.100000,0.000000,0.000000,-1.571000,0.003768,0.992018,0.058283,0.993736
38.212000,-0.242067,0.007982,1.041715,-0.336939,0.000004,-0.001162,0.146517,0.000009,1.570807,-0.236468,1.000000,1.100000,0.000000,0.000000,-1.571000,0.005600,0.992018,0.058285,0.993744
38.214000,-0.242736,0.007982,1.041713,-0.333414,0.000004,-0.001126,0.147971,0.000009,1.570812,-0.235303,1.000000,1.100000,0.000000,0.000000,-1.571000,0.007433,0.992018,0.058287,0.993757
38.216000,-0.243399,0.007982,1.041711,-0.329867,0.000005,-0.001095,0.149376,0.000008,1.570817,-0.234129,1.000000,1.100000,0.000000,0.000000,-1.571000,0.009270,0.992018,0.058289,0.993772
38.218000,-0.244054,0.007982,1.041708,-0.326299,0.000005,-0.001068,0.150732,0.000007,1.570822,-0.232946,1.000000,1.100000,0.000000,0.000000,-1.571000,0.011108,0.992018,0.058292,0.993791
38.220000,-0.244702,0.007982,1.041706,-0.322712,0.000005,-0.001044,0.152038,0.000007,1.570826,-0.231754,1.000000,1.100000,0.000000,0.000000,-1.571000,0.012948,0.992018,0.058294,0.993814
38.222000,-0.245342,0.007982,1.041704,-0.319105,0.000005,-0.001020,0.153296,0.000006,1.570831,-0.230552,1.000000,1.100000,0.000000,0.000000,-1.571000,0.014790,0.992018,0.058296,0.993839
38.224000,-0.245976,0.007982,1.041702,-0.315480,0.000005,-0.000993,0.154504,0.000005,1.570835,-0.229341,1.000000,1.100000,0.000000,0.000000,-1.571000,0.016634,0.992018,0.058298,0.993869
38.226000,-0.246602,0.007982,1.041700,-0.311837,0.000006,-0.000964,0.155664,0.000005,1.570839,-0.228122,1.000000,1.100000,0.000000,0.000000,-1.571000,0.018480,0.992018,0.058300,0.993901
38.228000,-0.247221,0.007982,1.041698,-0.308177,0.000006,-0.000932,0.156774,0.000004,1.570843,-0.226893,1.000000,1.100000,0.000000,0.000000,-1.571000,0.020327,0.992018,0.058302,0.993937
38.230000,-0.247832,0.007982,1.041697,-0.304501,0.000006,-0.000898,0.157837,0.000003,1.570847,-0.225655,1.000000,1.100000,0.000000,0.000000,-1.571000,0.022176,0.992018,0.058303,0.993977
38.232000,-0.248436,0.007982,1.041695,-0.300811,0.000006,-0.000863,0.158851,0.000002,1.570851,-0.224409,1.000000,1.100000,0.000000,0.000000,-1.571000,0.024027,0.992018,0.058305,0.994020
38.234000,-0.249033,0.007982,1.041693,-0.297108,0.000006,-0.000826,0.159818,0.000002,1.570854,-0.223154,1.000000,1.100000,0.000000,0.000000,-1.571000,0.025879,0.992018,0.058307,0.994067
38.236000,-0.249622,0.007982,1.041692,-0.293392,0.000007,-0.000788,0.160739,0.000001,1.570858,-0.221889,1.000000,1.100000,0.000000,0.000000,-1.571000,0.027733,0.992018,0.058308,0.994117
38.238000,-0.250204,0.007982,1.041690,-0.289664,0.000007,-0.000749,0.161614,0.000000,1.570860,-0.220616,1.000000,1.100000,0.000000,0.000000,-1.571000,0.029587,0.992018,0.058310,0.994170
38.240000,-0.250778,0.007982,1.041689,-0.285926,0.000007,-0.000710,0.162444,-0.000000,1.570863,-0.219335,1.000000,1.100000,0.000000,0.000000,-1.571000,0.031443,0.992018,0.058311,0.994227
38.242000,-0.251345,0.007982,1.041687,-0.282178,0.000007,-0.000670,0.163230,-0.000001,1.570866,-0.218044,1.000000,1.100000,0.000000,0.000000,-1.571000,0.033300,0.992018,0.058313,0.994288
38.244000,-0.251904,0.007982,1.041686,-0.278422,0.000007,-0.000631,0.163972,-0.000002,1.570868,-0.216745,1.000000,1.100000,0.000000,0.000000,-1.571000,0.035159,0.992018,0.058314,0.994352
38.246000,-0.252456,0.007982,1.041685,-0.274657,0.000008,-0.000591,0.164673,-0.000002,1.570870,-0.215438,1.000000,1.100000,0.000000,0.000000,-1.571000,0.037018,0.992018,0.058315,0.994420
38.248000,-0.253000,0.007982,1.041684,-0.270886,0.000008,-0.000551,0.165332,-0.000003,1.570872,-0.214122,1.000000,1.100000,0.000000,0.000000,-1.571000,0.038878,0.992018,0.058316,0.994491
38.250000,-0.253537,0.007982,1.041683,-0.267109,0.000008,-0.000511,0.165951,-0.000004,1.570873,-0.212797,1.000000,1.100000,0.000000,0.000000,-1.571000,0.040739,0.992018,0.058317,0.994565
38.252000,-0.254066,0.007982,1.041682,-0.263326,0.000008,-0.000472,0.166532,-0.000004,1.570874,-0.211465,1.000000,1.100000,0.000000,0.000000,-1.571000,0.042601,0.992018,0.058318,0.994643
38.254000,-0.254587,0.007982,1.041681,-0.259539,0.000008,-0.000433,0.167075,-0.000005,1.570875,-0.210123,1.000000,1.100000,0.000000,0.000000,-1.571000,0.044464,0.992018,0.058319,0.994725
38.256000,-0.255101,0.007982,1.041680,-0.255748,0.000008,-0.000394,0.167581,-0.000006,1.570876,-0.208774,1.000000,1.100000,0.000000,0.000000,-1.571000,0.046327,0.992018,0.058320,0.994810
38.258000,-0.255607,0.007982,1.041679,-0.251955,0.000009,-0.000355,0.168053,-0.000006,1.570876,-0.207416,1.000000,1.100000,0.000000,0.000000,-1.571000,0.048191,0.992018,0.058321,0.994898
38.260000,-0.256106,0.007982,1.041679,-0.248159,0.000009,-0.000317,0.168490,-0.000007,1.570876,-0.206050,1.000000,1.100000,0.000000,0.000000,-1.571000,0.050056,0.992018,0.058321,0.994990
38.262000,-0.256597,0.007982,1.041678,-0.244361,0.000009,-0.000279,0.168896,-0.000007,1.570876,-0.204676,1.000000,1.100000,0.000000,0.000000,-1.571000,0.051921,0.992018,0.058322,0.995086
38.264000,-0.257081,0.007982,1.041677,-0.240562,0.000009,-0.000241,0.169269,-0.000008,1.570876,-0.203294,1.000000,1.100000,0.000000,0.000000,-1.571000,0.053787,0.992018,0.058323,0.995185
38.266000,-0.257557,0.007982,1.041677,-0.236764,0.000009,-0.000204,0.169613,-0.000008,1.570875,-0.201904,1.000000,1.100000,0.000000,0.000000,-1.571000,0.055653,0.992018,0.058323,0.995288
38.268000,-0.258025,0.007982,1.041677,-0.232965,0.000009,-0.000167,0.169929,-0.000008,1.570875,-0.200506,1.000000,1.100000,0.000000,0.000000,-1.571000,0.057519,0.992018,0.058323,0.995394
38.270000,-0.258486,0.007982,1.041676,-0.229167,0.000009,-0.000130,0.170217,-0.000009,1.570874,-0.199100,1.000000,1.100000,0.000000,0.000000,-1.571000,0.059386,0.992018,0.058324,0.995503
38.272000,-0.258939,0.007983,1.041676,-0.225371,0.000009,-0.000094,0.170479,-0.000009,1.570873,-0.197686,1.000000,1.100000,0.000000,0.000000,-1.571000,0.061253,0.992017,0.058324,0.995617
38.274000,-0.259384,0.007983,1.041676,-0.221577,0.000009,-0.000058,0.170717,-0.000009,1.570871,-0.196264,1.000000,1.100000,0.000000,0.000000,-1.571000,0.063120,0.992017,0.058324,0.995733
38.276000,-0.259822,0.007983,1.041676,-0.217785,0.000009,-0.000021,0.170932,-0.000009,1.570870,-0.194834,1.000000,1.100000,0.000000,0.000000,-1.571000,0.064988,0.992017,0.058324,0.995853
38.278000,-0.260253,0.007983,1.041676,-0.213995,0.000009,0.000015,0.171125,-0.000009,1.570868,-0.193397,1.000000,1.100000,0.000000,0.000000,-1.571000,0.066855,0.992017,0.058324,0.995977
38.280000,-0.260675,0.007983,1.041676,-0.210209,0.000009,0.000051,0.171297,-0.000009,1.570867,-0.191952,1.000000,1.100000,0.000000,0.000000,-1.571000,0.068723,0.992017,0.058324,0.996104
38.282000,-0.261090,0.007983,1.041676,-0.206426,0.000009,0.000090,0.171449,-0.000009,1.570865,-0.190500,1.000000,1.100000,0.000000,0.000000,-1.571000,0.070590,0.992017,0.058324,0.996234
38.284000,-0.261498,0.007983,1.041677,-0.202646,0.000010,0.000135,0.171584,-0.000009,1.570863,-0.189040,1.000000,1.100000,0.000000,0.000000,-1.571000,0.072458,0.992017,0.058323,0.996369
38.286000,-0.261898,0.007983,1.041677,-0.198870,0.000010,0.000184,0.171702,-0.000009,1.570861,-0.187573,1.000000,1.100000,0.000000,0.000000,-1.571000,0.074325,0.992017,0.058323,0.996506
38.288000,-0.262291,0.007983,1.041677,-0.195098,0.000010,0.000237,0.171804,-0.000009,1.570858,-0.186098,1.000000,1.100000,0.000000,0.000000,-1.571000,0.076192,0.992017,0.058323,0.996647
38.290000,-0.262675,0.007983,1.041678,-0.191330,0.000010,0.000294,0.171891,-0.000008,1.570856,-0.184616,1.000000,1.100000,0.000000,0.000000,-1.571000,0.078060,0.992017,0.058322,0.996791
38.292000,-0.263053,0.007983,1.041679,-0.187566,0.000010,0.000355,0.171966,-0.000008,1.570853,-0.183127,1.000000,1.100000,0.000000,0.000000,-1.571000,0.079926,0.992017,0.058321,0.996939
38.294000,-0.263423,0.007983,1.041679,-0.183808,0.000010,0.000419,0.172028,-0.000008,1.570851,-0.181630,1.000000,1.100000,0.000000,0.000000,-1.571000,0.081793,0.992017,0.058321,0.997091
38.296000,-0.263785,0.007983,1.041680,-0.180055,0.000010,0.000486,0.172079,-0.000007,1.570848,-0.180126,1.000000,1.100000,0.000000,0.000000,-1.571000,0.083659,0.992017,0.058320,0.997245
38.298000,-0.264140,0.007983,1.041681,-0.176307,0.000010,0.000556,0.172120,-0.000007,1.570846,-0.178615,1.000000,1.100000,0.000000,0.000000,-1.571000,0.085525,0.992017,0.058319,0.997404
38.300000,-0.264487,0.007983,1.041683,-0.172565,0.000010,0.000627,0.172151,-0.000006,1.570843,-0.177097,1.000000,1.100000,0.000000,0.000000,-1.571000,0.087390,0.992017,0.058317,0.997565
38.302000,-0.264827,0.007983,1.041684,-0.168829,0.000010,0.000702,0.172175,-0.000006,1.570840,-0.175572,1.000000,1.100000,0.000000,0.000000,-1.571000,0.089255,0.992017,0.058316,0.997730
38.304000,-0.265159,0.007983,1.041685,-0.165099,0.000010,0.000778,0.172191,-0.000005,1.570837,-0.174040,1.000000,1.100000,0.000000,0.000000,-1.571000,0.091119,0.992017,0.058315,0.997898
38.306000,-0.265484,0.007983,1.041687,-0.161376,0.000010,0.000856,0.172201,-0.000004,1.570834,-0.172502,1.000000,1.100000,0.000000,0.000000,-1.571000,0.092983,0.992017,0.058313,0.998070
38.308000,-0.265802,0.007983,1.041689,-0.157658,0.000010,0.000935,0.172205,-0.000004,1.570831,-0.170956,1.000000,1.100000,0.000000,0.000000,-1.571000,0.094846,0.992017,0.058311,0.998245
38.310000,-0.266112,0.007983,1.041691,-0.153948,0.000010,0.001016,0.172204,-0.000003,1.570829,-0.169404,1.000000,1.100000,0.000000,0.000000,-1.571000,0.096708,0.992017,0.058309,0.998424
38.312000,-0.266415,0.007983,1.041693,-0.150244,0.000010,0.001098,0.172199,-0.000003,1.570826,-0.167845,1.000000,1.100000,0.000000,0.000000,-1.571000,0.098570,0.992017,0.058307,0.998606
38.314000,-0.266710,0.007983,1.041695,-0.146546,0.000010,0.001182,0.172191,-0.000002,1.570823,-0.166279,1.000000,1.100000,0.000000,0.000000,-1.571000,0.100431,0.992017,0.058305,0.998791
38.316000,-0.266998,0.007983,1.041698,-0.142856,0.000010,0.001267,0.172180,-0.000002,1.570820,-0.164707,1.000000,1.100000,0.000000,0.000000,-1.571000,0.102291,0.992017,0.058302,0.998980
38.318000,-0.267278,0.007983,1.041701,-0.139172,0.000010,0.001352,0.172167,-0.000001,1.570817,-0.163128,1.000000,1.100000,0.000000,0.000000,-1.571000,0.104150,0.992017,0.058299,0.999172
38.320000,-0.267551,0.007983,1.041703,-0.135496,0.000010,0.001439,0.172153,-0.000001,1.570814,-0.161543,1.000000,1.100000,0.000000,0.000000,-1.571000,0.106008,0.992017,0.058297,0.999367
38.322000,-0.267817,0.007983,1.041706,-0.131826,0.000010,0.001526,0.172138,-0.000000,1.570811,-0.159951,1.000000,1.100000,0.000000,0.000000,-1.571000,0.107866,0.992017,0.058294,0.999565
38.324000,-0.268075,0.007983,1.041710,-0.128163,0.000010,0.001614,0.172122,0.000000,1.570808,-0.158354,1.000000,1.100000,0.000000,0.000000,-1.571000,0.109722,0.992017,0.058290,0.999767
38.326000,-0.268327,0.007983,1.041713,-0.124508,0.000010,0.001703,0.172106,0.000001,1.570805,-0.156750,1.000000,1.100000,0.000000,0.000000,-1.571000,0.111577,0.992017,0.058287,0.999972
38.328000,-0.268570,0.007983,1.041717,-0.120859,0.000010,0.001792,0.172091,0.000001,1.570803,-0.155139,1.000000,1.100000,0.000000,0.000000,-1.571000,0.113431,0.992017,0.058283,1.000181
38.330000,-0.268807,0.007983,1.041720,-0.117217,0.000010,0.001882,0.172077,0.000001,1.570800,-0.153523,1.000000,1.100000,0.000000,0.000000,-1.571000,0.115284,0.992017,0.058280,1.000392
38.332000,-0.269036,0.007983,1.041724,-0.113582,0.000010,0.001972,0.172064,0.000002,1.570797,-0.151900,1.000000,1.100000,0.000000,0.000000,-1.571000,0.117136,0.992017,0.058276,1.000607
38.334000,-0.269258,0.007983,1.041728,-0.109954,0.000010,0.002062,0.172052,0.000002,1.570795,-0.150272,1.000000,1.100000,0.000000,0.000000,-1.571000,0.118986,0.992017,0.058272,1.000825
38.336000,-0.269473,0.007983,1.041733,-0.106333,0.000010,0.002153,0.172042,0.000002,1.570792,-0.148638,1.000000,1.100000,0.000000,0.000000,-1.571000,0.120835,0.992017,0.058267,1.001046
38.338000,-0.269680,0.007983,1.041737,-0.102719,0.000010,0.002244,0.172034,0.000003,1.570790,-0.146997,1.000000,1.100000,0.000000,0.000000,-1.571000,0.122683,0.992017,0.058263,1.001271
38.340000,-0.269880,0.007983,1.041742,-0.099111,0.000010,0.002336,0.172029,0.000003,1.570787,-0.145351,1.000000,1.100000,0.000000,0.000000,-1.571000,0.124529,0.992017,0.058258,1.001498
38.342000,-0.270073,0.007983,1.041746,-0.095510,0.000010,0.002427,0.172026,0.000003,1.570785,-0.143699,1.000000,1.100000,0.000000,0.000000,-1.571000,0.126374,0.992017,0.058254,1.001729
38.344000,-0.270259,0.007983,1.041751,-0.091916,0.000010,0.002519,0.172025,0.000003,1.570783,-0.142042,1.000000,1.100000,0.000000,0.000000,-1.571000,0.128217,0.992017,0.058249,1.001963
38.346000,-0.270438,0.007983,1.041757,-0.088328,0.000010,0.002611,0.172028,0.000003,1.570780,-0.140379,1.000000,1.100000,0.000000,0.000000,-1.571000,0.130059,0.992017,0.058243,1.002200
38.348000,-0.270609,0.007983,1.041762,-0.084747,0.000010,0.002703,0.172033,0.000003,1.570778,-0.138710,1.000000,1.100000,0.000000,0.000000,-1.571000,0.131899,0.992017,0.058238,1.002440
38.350000,-0.270774,0.007983,1.041768,-0.081173,0.000010,0.002795,0.172041,0.000004,1.570776,-0.137036,1.000000,1.100000,0.000000,0.000000,-1.571000,0.133737,0.992017,0.058232,1.002683
38.352000,-0.270931,0.007983,1.041773,-0.077605,0.000010,0.002887,0.172052,0.000004,1.570774,-0.135357,1.000000,1.100000,0.000000,0.000000,-1.571000,0.135574,0.992017,0.058227,1.002930
38.354000,-0.271081,0.007983,1.041779,-0.074043,0.000010,0.002979,0.172066,0.000004,1.570772,-0.133672,1.000000,1.100000,0.000000,0.000000,-1.571000,0.137409,0.992017,0.058221,1.003179
38.356000,-0.271224,0.007983,1.041785,-0.070488,0.000010,0.003071,0.172083,0.000004,1.570770,-0.131982,1.000000,1.100000,0.000000,0.000000,-1.571000,0.139242,0.992017,0.058215,1.003431
38.358000,-0.271359,0.007983,1.041792,-0.066938,0.000010,0.003162,0.172103,0.000004,1.570769,-0.130286,1.000000,1.100000,0.000000,0.000000,-1.571000,0.141073,0.992017,0.058208,1.003687
38.360000,-0.271488,0.007983,1.041798,-0.063395,0.000010,0.003254,0.172126,0.000004,1.570767,-0.128586,1.000000,1.100000,0.000000,0.000000,-1.571000,0.142902,0.992017,0.058202,1.003945
38.362000,-0.271610,0.007983,1.041805,-0.059858,0.000010,0.003347,0.172152,0.000004,1.570765,-0.126880,1.000000,1.100000,0.000000,0.000000,-1.571000,0.144729,0.992017,0.058195,1.004206
38.364000,-0.271724,0.007983,1.041812,-0.056326,0.000010,0.003442,0.172181,0.000004,1.570764,-0.125170,1.000000,1.100000,0.000000,0.000000,-1.571000,0.146554,0.992017,0.058188,1.004471
38.366000,-0.271832,0.007983,1.041819,-0.052800,0.000010,0.003539,0.172212,0.000004,1.570762,-0.123454,1.000000,1.100000,0.000000,0.000000,-1.571000,0.148377,0.992017,0.058181,1.004738
38.368000,-0.271932,0.007983,1.041826,-0.049280,0.000010,0.003638,0.172246,0.000005,1.570761,-0.121734,1.000000,1.100000,0.000000,0.000000,-1.571000,0.150198,0.992017,0.058174,1.005008
38.370000,-0.272025,0.007983,1.041833,-0.045765,0.000010,0.003738,0.172283,0.000005,1.570760,-0.120009,1.000000,1.100000,0.000000,0.000000,-1.571000,0.152017,0.992017,0.058167,1.005281
38.372000,-0.272112,0.007983,1.041841,-0.042255,0.000010,0.003840,0.172322,0.000005,1.570759,-0.118279,1.000000,1.100000,0.000000,0.000000,-1.571000,0.153833,0.992017,0.058159,1.005556
38.374000,-0.272191,0.007984,1.041849,-0.038751,0.000010,0.003943,0.172363,0.000005,1.570758,-0.116544,1.000000,1.100000,0.000000,0.000000,-1.571000,0.155647,0.992016,0.058151,1.005835
38.376000,-0.272263,0.007984,1.041857,-0.035253,0.000010,0.004047,0.172406,0.000005,1.570757,-0.114805,1.000000,1.100000,0.000000,0.000000,-1.571000,0.157458,0.992016,0.058143,1.006117
38.378000,-0.272329,0.007984,1.041865,-0.031759,0.000010,0.004152,0.172452,0.000006,1.570756,-0.113061,1.000000,1.100000,0.000000,0.000000,-1.571000,0.159268,0.992016,0.058135,1.006401
38.380000,-0.272387,0.007984,1.041874,-0.028271,0.000010,0.004257,0.172499,0.000006,1.570755,-0.111313,1.000000,1.100000,0.000000,0.000000,-1.571000,0.161074,0.992016,0.058126,1.006688
38.382000,-0.272439,0.007984,1.041882,-0.024789,0.000009,0.004364,0.172548,0.000006,1.570754,-0.109561,1.000000,1.100000,0.000000,0.000000,-1.571000,0.162878,0.992016,0.058118,1.006977
38.384000,-0.272483,0.007984,1.041891,-0.021312,0.000009,0.004471,0.172599,0.000007,1.570754,-0.107804,1.000000,1.100000,0.000000,0.000000,-1.571000,0.164679,0.992016,0.058109,1.007270
38.386000,-0.272520,0.007984,1.041900,-0.017840,0.000009,0.004578,0.172650,0.000007,1.570753,-0.106042,1.000000,1.100000,0.000000,0.000000,-1.571000,0.166478,0.992016,0.058100,1.007565
38.388000,-0.272551,0.007984,1.041910,-0.014373,0.000009,0.004686,0.172704,0.000007,1.570753,-0.104277,1.000000,1.100000,0.000000,0.000000,-1.571000,0.168274,0.992016,0.058090,1.007863
38.390000,-0.272574,0.007984,1.041919,-0.010912,0.000009,0.004794,0.172758,0.000007,1.570752,-0.102508,1.000000,1.100000,0.000000,0.000000,-1.571000,0.170067,0.992016,0.058081,1.008163
38.392000,-0.272591,0.007984,1.041929,-0.007463,0.000009,0.004907,0.172813,0.000008,1.570752,-0.100734,1.000000,1.100000,0.000000,0.000000,-1.571000,0.171857,0.992016,0.058071,1.008466
38.394000,-0.272601,0.007984,1.041939,-0.004021,0.000009,0.005025,0.172869,0.000008,1.570751,-0.098957,1.000000,1.100000,0.000000,0.000000,-1.571000,0.173644,0.992016,0.058061,1.008771
38.396000,-0.272604,0.007984,1.041949,-0.000578,0.000009,0.005143,0.172926,0.000008,1.570751,-0.097175,1.000000,1.100000,0.000000,0.000000,-1.571000,0.175429,0.992016,0.058051,1.009079
38.398000,-0.272600,0.007984,1.041960,0.002867,0.000009,0.005261,0.172983,0.000008,1.570751,-0.095390,1.000000,1.100000,0.000000,0.000000,-1.571000,0.177210,0.992016,0.058040,1.009390
38.400000,-0.272589,0.007984,1.041970,0.006312,0.000009,0.005380,0.173040,0.000009,1.570751,-0.093601,1.000000,1.100000,0.000000,0.000000,-1.571000,0.178988,0.992016,0.058030,1.009703
38.402000,-0.272571,0.007984,1.041981,0.009749,0.000009,0.005493,0.173097,0.000009,1.570751,-0.091808,1.000000,1.100000,0.000000,0.000000,-1.571000,0.180763,0.992016,0.058019,1.010019
38.404000,-0.272546,0.007984,1.041992,0.013174,0.000009,0.005602,0.173155,0.000009,1.570751,-0.090012,1.000000,1.100000,0.000000,0.000000,-1.571000,0.182534,0.992016,0.058008,1.010337
38.406000,-0.272515,0.007984,1.042004,0.016594,0.000009,0.005710,0.173212,0.000009,1.570751,-0.088212,1.000000,1.100000,0.000000,0.000000,-1.571000,0.184303,0.992016,0.057996,1.010657
38.408000,-0.272477,0.007984,1.042015,0.020009,0.000009,0.005819,0.173269,0.000009,1.570751,-0.086409,1.000000,1.100000,0.000000,0.000000,-1.571000,0.186068,0.992016,0.057985,1.010979
38.410000,-0.272431,0.007984,1.042027,0.023418,0.000009,0.005927,0.173326,0.000009,1.570751,-0.084602,1.000000,1.100000,0.000000,0.000000,-1.571000,0.187829,0.992016,0.057973,1.011304
38.412000,-0.272379,0.007984,1.042039,0.026823,0.000009,0.006035,0.173382,0.000009,1.570751,-0.082792,1.000000,1.100000,0.000000,0.000000,-1.571000,0.189588,0.992016,0.057961,1.011632
38.414000,-0.272321,0.007984,1.042051,0.030222,0.000009,0.006143,0.173438,0.000010,1.570751,-0.080978,1.000000,1.100000,0.000000,0.000000,-1.571000,0.191342,0.992016,0.057949,1.011961
38.416000,-0.272255,0.007984,1.042064,0.033616,0.000009,0.006251,0.173492,0.000010,1.570751,-0.079162,1.000000,1.100000,0.000000,0.000000,-1.571000,0.193093,0.992016,0.057936,1.012293
38.418000,-0.272183,0.007984,1.042076,0.037005,0.000009,0.006358,0.173546,0.000010,1.570751,-0.077342,1.000000,1.100000,0.000000,0.000000,-1.571000,0.194840,0.992016,0.057924,1.012627
38.420000,-0.272103,0.007984,1.042089,0.040388,0.000009,0.006465,0.173599,0.000009,1.570752,-0.075519,1.000000,1.100000,0.000000,0.000000,-1.571000,0.196584,0.992016,0.057911,1.012963
38.422000,-0.272017,0.007984,1.042102,0.043767,0.000009,0.006573,0.173651,0.000009,1.570752,-0.073694,1.000000,1.100000,0.000000,0.000000,-1.571000,0.198324,0.992016,0.057898,1.013302
38.424000,-0.271925,0.007984,1.042116,0.047140,0.000009,0.006682,0.173701,0.000009,1.570752,-0.071865,1.000000,1.100000,0.000000,0.000000,-1.571000,0.200060,0.992016,0.057884,1.013642
38.426000,-0.271825,0.007984,1.042129,0.050509,0.000009,0.006792,0.173750,0.000009,1.570753,-0.070034,1.000000,1.100000,0.000000,0.000000,-1.571000,0.201792,0.992016,0.057871,1.013985
38.428000,-0.271719,0.007984,1.042143,0.053872,0.000009,0.006902,0.173798,0.000009,1.570753,-0.068199,1.000000,1.100000,0.000000,0.000000,-1.571000,0.203520,0.992016,0.057857,1.014329
38.430000,-0.271606,0.007984,1.042157,0.057230,0.000009,0.007014,0.173845,0.000009,1.570753,-0.066362,1.000000,1.100000,0.000000,0.000000,-1.571000,0.205244,0.992016,0.057843,1.014676
38.432000,-0.271487,0.007984,1.042171,0.060584,0.000009,0.007126,0.173890,0.000008,1.570754,-0.064523,1.000000,1.100000,0.000000,0.000000,-1.571000,0.206964,0.992016,0.057829,1.015024
38.434000,-0.271360,0.007984,1.042186,0.063932,0.000009,0.007238,0.173933,0.000008,1.570754,-0.062681,1.000000,1.100000,0.000000,0.000000,-1.571000,0.208680,0.992016,0.057814,1.015374
38.436000,-0.271227,0.007984,1.042200,0.067274,0.000009,0.007351,0.173975,0.000007,1.570754,-0.060836,1.000000,1.100000,0.000000,0.000000,-1.571000,0.210391,0.992016,0.057800,1.015727
38.438000,-0.271088,0.007984,1.042215,0.070612,0.000009,0.007464,0.174015,0.000007,1.570755,-0.058989,1.000000,1.100000,0.000000,0.000000,-1.571000,0.212098,0.992016,0.057785,1.016081
38.440000,-0.270941,0.007984,1.042230,0.073944,0.000009,0.007578,0.174053,0.000007,1.570755,-0.057140,1.000000,1.100000,0.000000,0.000000,-1.571000,0.213801,0.992016,0.057770,1.016437
38.442000,-0.270788,0.007984,1.042246,0.077271,0.000009,0.007692,0.174090,0.000006,1.570756,-0.055288,1.000000,1.100000,0.000000,0.000000,-1.571000,0.215500,0.992016,0.057754,1.016795
38.444000,-0.270629,0.007984,1.042261,0.080592,0.000009,0.007806,0.174125,0.000006,1.570756,-0.053435,1.000000,1.100000,0.000000,0.000000,-1.571000,0.217194,0.992016,0.057739,1.017154
38.446000,-0.270462,0.007984,1.042277,0.083908,0.000009,0.007920,0.174158,0.000005,1.570756,-0.051579,1.000000,1.100000,0.000000,0.000000,-1.571000,0.218884,0.992016,0.057723,1.017515
38.448000,-0.270289,0.007984,1.042293,0.087219,0.000009,0.008034,0.174190,0.000005,1.570757,-0.049721,1.000000,1.100000,0.000000,0.000000,-1.571000,0.220568,0.992016,0.057707,1.017878
38.450000,-0.270110,0.007984,1.042309,0.090524,0.000009,0.008149,0.174219,0.000004,1.570757,-0.047861,1.000000,1.100000,0.000000,0.000000,-1.571000,0.222249,0.992016,0.057691,1.018243
38.452000,-0.269924,0.007984,1.042326,0.093824,0.000009,0.008263,0.174247,0.000004,1.570758,-0.045999,1.000000,1.100000,0.000000,0.000000,-1.571000,0.223924,0.992016,0.057674,1.018609
38.454000,-0.269731,0.007984,1.042343,0.097118,0.000009,0.008378,0.174273,0.000003,1.570758,-0.044136,1.000000,1.100000,0.000000,0.000000,-1.571000,0.225595,0.992016,0.057657,1.018976
38.456000,-0.269531,0.007984,1.042360,0.100407,0.000009,0.008492,0.174297,0.000003,1.570758,-0.042270,1.000000,1.100000,0.000000,0.000000,-1.571000,0.227261,0.992016,0.057640,1.019345
38.458000,-0.269325,0.007984,1.042377,0.103690,0.000009,0.008607,0.174320,0.000003,1.570759,-0.040403,1.000000,1.100000,0.000000,0.000000,-1.571000,0.228922,0.992016,0.057623,1.019716
38.460000,-0.269113,0.007984,1.042394,0.106968,0.000009,0.008721,0.174341,0.000002,1.570759,-0.038535,1.000000,1.100000,0.000000,0.000000,-1.571000,0.230578,0.992016,0.057606,1.020088
38.462000,-0.268894,0.007984,1.042412,0.110240,0.000009,0.008835,0.174360,0.000002,1.570760,-0.036665,1.000000,1.100000,0.000000,0.000000,-1.571000,0.232229,0.992016,0.057588,1.020462
38.464000,-0.268668,0.007984,1.042430,0.113506,0.000009,0.008950,0.174377,0.000001,1.570760,-0.034793,1.000000,1.100000,0.000000,0.000000,-1.571000,0.233875,0.992016,0.057570,1.020836
38.466000,-0.268436,0.007984,1.042448,0.116766,0.000008,0.009064,0.174393,0.000001,1.570761,-0.032920,1.000000,1.100000,0.000000,0.000000,-1.571000,0.235516,0.992016,0.057552,1.021213
38.468000,-0.268197,0.007984,1.042466,0.120021,0.000008,0.009178,0.174407,0.000001,1.570761,-0.031046,1.000000,1.100000,0.000000,0.000000,-1.571000,0.237151,0.992016,0.057534,1.021590
38.470000,-0.267952,0.007984,1.042485,0.123270,0.000008,0.009292,0.174420,0.000001,1.570762,-0.029171,1.000000,1.100000,0.000000,0.000000,-1.571000,0.238782,0.992016,0.057515,1.021969
38.472000,-0.267701,0.007984,1.042503,0.126514,0.000008,0.009406,0.174431,0.000000,1.570762,-0.027294,1.000000,1.100000,0.000000,0.000000,-1.571000,0.240407,0.992016,0.057497,1.022348
38.474000,-0.267443,0.007984,1.042522,0.129751,0.000008,0.009520,0.174441,0.000000,1.570763,-0.025416,1.000000,1.100000,0.000000,0.000000,-1.571000,0.242026,0.992016,0.057478,1.022729
38.476000,-0.267178,0.007984,1.042542,0.132983,0.000008,0.009633,0.174449,0.000000,1.570763,-0.023538,1.000000,1.100000,0.000000,0.000000,-1.571000,0.243640,0.992016,0.057458,1.023111
38.478000,-0.266907,0.007984,1.042561,0.136209,0.000008,0.009747,0.174456,-0.000000,1.570764,-0.021658,1.000000,1.100000,0.000000,0.000000,-1.571000,0.245249,0.992016,0.057439,1.023494
38.480000,-0.266629,0.007984,1.042581,0.139429,0.000008,0.009860,0.174462,-0.000000,1.570764,-0.019778,1.000000,1.100000,0.000000,0.000000,-1.571000,0.246852,0.992016,0.057419,1.023879
38.482000,-0.266345,0.007984,1.042601,0.142642,0.000007,0.009970,0.174466,-0.000000,1.570765,-0.017896,1.000000,1.100000,0.000000,0.000000,-1.571000,0.248449,0.992016,0.057399,1.024264
38.484000,-0.266055,0.007985,1.042621,0.145849,0.000007,0.010072,0.174469,-0.000000,1.570765,-0.016015,1.000000,1.100000,0.000000,0.000000,-1.571000,0.250040,0.992015,0.057379,1.024650
38.486000,-0.265758,0.007985,1.042641,0.149048,0.000007,0.010168,0.174471,-0.000000,1.570766,-0.014132,1.000000,1.100000,0.000000,0.000000,-1.571000,0.251626,0.992015,0.057359,1.025037
38.488000,-0.265455,0.007985,1.042662,0.152241,0.000007,0.010257,0.174472,0.000000,1.570766,-0.012249,1.000000,1.100000,0.000000,0.000000,-1.571000,0.253206,0.992015,0.057338,1.025425
38.490000,-0.265145,0.007985,1.042682,0.155427,0.000007,0.010342,0.174472,0.000000,1.570767,-0.010365,1.000000,1.100000,0.000000,0.000000,-1.571000,0.254780,0.992015,0.057318,1.025813
38.492000,-0.264829,0.007985,1.042703,0.158606,0.000007,0.010421,0.174471,0.000000,1.570767,-0.008481,1.000000,1.100000,0.000000,0.000000,-1.571000,0.256348,0.992015,0.057297,1.026203
38.494000,-0.264507,0.007985,1.042724,0.161778,0.000007,0.010496,0.174469,0.000001,1.570768,-0.006597,1.000000,1.100000,0.000000,0.000000,-1.571000,0.257910,0.992015,0.057276,1.026593
38.496000,-0.264179,0.007985,1.042745,0.164944,0.000007,0.010567,0.174467,0.000001,1.570768,-0.004712,1.000000,1.100000,0.000000,0.000000,-1.571000,0.259466,0.992015,0.057255,1.026984
38.498000,-0.263844,0.007985,1.042766,0.168103,0.000007,0.010634,0.174463,0.000001,1.570769,-0.002827,1.000000,1.100000,0.000000,0.000000,-1.571000,0.261016,0.992015,0.057234,1.027375
38.500000,-0.263502,0.007985,1.042788,0.171255,0.000006,0.010698,0.174459,0.000001,1.570769,-0.000942,1.000000,1.100000,0.000000,0.000000,-1.571000,0.262560,0.992015,0.057212,1.027767
38.502000,-0.263155,0.007985,1.042809,0.174401,0.000006,0.010759,0.174454,0.000001,1.570770,0.000942,1.000000,1.100000,0.000000,0.000000,-1.571000,0.264097,0.992015,0.057191,1.028160
38.504000,-0.262801,0.007985,1.042831,0.177541,0.000006,0.010817,0.174448,0.000002,1.570770,0.002827,1.000000,1.100000,0.000000,0.000000,-1.571000,0.265628,0.992015,0.057169,1.028553
38.506000,-0.262441,0.007985,1.042853,0.180675,0.000006,0.010873,0.174442,0.000002,1.570770,0.004712,1.000000,1.100000,0.000000,0.000000,-1.571000,0.267153,0.992015,0.057147,1.028947
38.508000,-0.262074,0.007985,1.042874,0.183802,0.000006,0.010927,0.174435,0.000002,1.570771,0.006597,1.000000,1.100000,0.000000,0.000000,-1.571000,0.268671,0.992015,0.057126,1.029341
38.510000,-0.261702,0.007985,1.042896,0.186923,0.000006,0.010978,0.174428,0.000002,1.570771,0.008481,1.000000,1.100000,0.000000,0.000000,-1.571000,0.270183,0.992015,0.057104,1.029735
38.512000,-0.261323,0.007985,1.042918,0.190037,0.000006,0.011027,0.174421,0.000002,1.570771,0.010365,1.000000,1.100000,0.000000,0.000000,-1.571000,0.271688,0.992015,0.057082,1.030130
38.514000,-0.260938,0.007985,1.042941,0.193146,0.000006,0.011075,0.174413,0.000002,1.570771,0.012249,1.000000,1.100000,0.000000,0.000000,-1.571000,0.273186,0.992015,0.057059,1.030525
38.516000,-0.260546,0.007985,1.042963,0.196248,0.000006,0.011122,0.174405,0.000002,1.570772,0.014132,1.000000,1.100000,0.000000,0.000000,-1.571000,0.274678,0.992015,0.057037,1.030920
38.518000,-0.260149,0.007985,1.042985,0.199344,0.000006,0.011167,0.174396,0.000003,1.570772,0.016015,1.000000,1.100000,0.000000,0.000000,-1.571000,0.276163,0.992015,0.057015,1.031315
38.520000,-0.259745,0.007985,1.043008,0.202434,0.000006,0.011210,0.174387,0.000003,1.570772,0.017896,1.000000,1.100000,0.000000,0.000000,-1.571000,0.277641,0.992015,0.056992,1.031711
38.522000,-0.259335,0.007985,1.043030,0.205518,0.000006,0.011253,0.174378,0.000003,1.570772,0.019778,1.000000,1.100000,0.000000,0.000000,-1.571000,0.279113,0.992015,0.056970,1.032106
38.524000,-0.258919,0.007985,1.043053,0.208595,0.000006,0.011294,0.174369,0.000003,1.570772,0.021658,1.000000,1.100000,0.000000,0.000000,-1.571000,0.280577,0.992015,0.056947,1.032502
38.526000,-0.258497,0.007985,1.043075,0.211667,0.000006,0.011335,0.174360,0.000003,1.570772,0.023538,1.000000,1.100000,0.000000,0.000000,-1.571000,0.282035,0.992015,0.056925,1.032898
38.528000,-0.258068,0.007985,1.043098,0.214733,0.000006,0.011374,0.174351,0.000003,1.570772,0.025416,1.000000,1.100000,0.000000,0.000000,-1.571000,0.283485,0.992015,0.056902,1.033294
38.530000,-0.257634,0.007985,1.043121,0.217793,0.000006,0.011413,0.174342,0.000003,1.570772,0.027294,1.000000,1.100000,0.000000,0.000000,-1.571000,0.284928,0.992015,0.056879,1.033689
38.532000,-0.257193,0.007985,1.043144,0.220846,0.000006,0.011451,0.174333,0.000003,1.570772,0.029171,1.000000,1.100000,0.000000,0.000000,-1.571000,0.286364,0.992015,0.056856,1.034085
38.534000,-0.256747,0.007985,1.043167,0.223894,0.000006,0.011489,0.174323,0.000002,1.570772,0.031046,1.000000,1.100000,0.000000,0.000000,-1.571000,0.287793,0.992015,0.056833,1.034480
38.536000,-0.256294,0.007985,1.043190,0.226936,0.000005,0.011526,0.174314,0.000002,1.570772,0.032920,1.000000,1.100000,0.000000,0.000000,-1.571000,0.289214,0.992015,0.056810,1.034875
38.538000,-0.255835,0.007985,1.043213,0.229972,0.000005,0.011562,0.174305,0.000002,1.570772,0.034793,1.000000,1.100000,0.000000,0.000000,-1.571000,0.290628,0.992015,0.056787,1.035270
38.540000,-0.255370,0.007985,1.043236,0.233002,0.000005,0.011598,0.174296,0.000002,1.570772,0.036665,1.000000,1.100000,0.000000,0.000000,-1.571000,0.292035,0.992015,0.056764,1.035664
38.542000,-0.254899,0.007985,1.043260,0.236026,0.000005,0.011634,0.174288,0.000002,1.570773,0.038535,1.000000,1.100000,0.000000,0.000000,-1.571000,0.293434,0.992015,0.056740,1.036058
38.544000,-0.254422,0.007985,1.043283,0.239045,0.000005,0.011669,0.174279,0.000002,1.570773,0.040403,1.000000,1.100000,0.000000,0.000000,-1.571000,0.294825,0.992015,0.056717,1.036452
38.546000,-0.253939,0.007985,1.043306,0.242057,0.000005,0.011703,0.174271,0.000002,1.570773,0.042270,1.000000,1.100000,0.000000,0.000000,-1.571000,0.296209,0.992015,0.056694,1.036845
38.548000,-0.253450,0.007985,1.043330,0.245064,0.000005,0.011738,0.174263,0.000001,1.570773,0.044136,1.000000,1.100000,0.000000,0.000000,-1.571000,0.297585,0.992015,0.056670,1.037238
38.550000,-0.252955,0.007985,1.043353,0.248065,0.000005,0.011772,0.174255,0.000001,1.570773,0.045999,1.000000,1.100000,0.000000,0.000000,-1.571000,0.298954,0.992015,0.056647,1.037630
38.552000,-0.252453,0.007985,1.043377,0.251060,0.000005,0.011805,0.174247,0.000001,1.570773,0.047861,1.000000,1.100000,0.000000,0.000000,-1.571000,0.300314,0.992015,0.056623,1.038022
38.554000,-0.251946,0.007985,1.043401,0.254050,0.000005,0.011839,0.174240,0.000001,1.570773,0.049721,1.000000,1.100000,0.000000,0.000000,-1.571000,0.301667,0.992015,0.056599,1.038412
38.556000,-0.251433,0.007985,1.043424,0.257033,0.000005,0.011872,0.174233,0.000001,1.570773,0.051579,1.000000,1.100000,0.000000,0.000000,-1.571000,0.303012,0.992015,0.056576,1.038803
38.558000,-0.250914,0.007985,1.043448,0.260011,0.000005,0.011905,0.174226,0.000001,1.570773,0.053435,1.000000,1.100000,0.000000,0.000000,-1.571000,0.304349,0.992015,0.056552,1.039192
38.560000,-0.250389,0.007985,1.043472,0.262984,0.000005,0.011938,0.174220,0.000001,1.570773,0.055288,1.000000,1.100000,0.000000,0.000000,-1.571000,0.305678,0.992015,0.056528,1.039581
38.562000,-0.249858,0.007985,1.043496,0.265950,0.000005,0.011968,0.174213,0.000000,1.570773,0.057140,1.000000,1.100000,0.000000,0.000000,-1.571000,0.306998,0.992015,0.056504,1.039968
38.564000,-0.249321,0.007985,1.043520,0.268910,0.000005,0.011992,0.174204,0.000000,1.570773,0.058989,1.000000,1.100000,0.000000,0.000000,-1.571000,0.308311,0.992015,0.056480,1.040355
38.566000,-0.248779,0.007985,1.043544,0.271863,0.000004,0.012011,0.174192,0.000000,1.570773,0.060836,1.000000,1.100000,0.000000,0.000000,-1.571000,0.309615,0.992015,0.056456,1.040741
38.568000,-0.248230,0.007985,1.043568,0.274809,0.000004,0.012026,0.174174,0.000000,1.570774,0.062681,1.000000,1.100000,0.000000,0.000000,-1.571000,0.310911,0.992015,0.056432,1.041126
38.570000,-0.247675,0.007985,1.043592,0.277749,0.000004,0.012037,0.174150,0.000000,1.570774,0.064523,1.000000,1.100000,0.000000,0.000000,-1.571000,0.312198,0.992015,0.056408,1.041510
38.572000,-0.247115,0.007985,1.043616,0.280683,0.000004,0.012045,0.174118,0.000000,1.570774,0.066362,1.000000,1.100000,0.000000,0.000000,-1.571000,0.313477,0.992015,0.056384,1.041893
38.574000,-0.246549,0.007985,1.043640,0.283609,0.000004,0.012049,0.174077,-0.000000,1.570775,0.068199,1.000000,1.100000,0.000000,0.000000,-1.571000,0.314748,0.992015,0.056360,1.042275
38.576000,-0.245976,0.007985,1.043665,0.286529,0.000004,0.012050,0.174027,-0.000000,1.570775,0.070034,1.000000,1.100000,0.000000,0.000000,-1.571000,0.316010,0.992015,0.056335,1.042655
38.578000,-0.245398,0.007985,1.043689,0.289442,0.000004,0.012049,0.173966,-0.000000,1.570776,0.071865,1.000000,1.100000,0.000000,0.000000,-1.571000,0.317263,0.992015,0.056311,1.043034
38.580000,-0.244815,0.007985,1.043713,0.292348,0.000004,0.012046,0.173894,-0.000000,1.570776,0.073694,1.000000,1.100000,0.000000,0.000000,-1.571000,0.318508,0.992015,0.056287,1.043412
38.582000,-0.244225,0.007985,1.043737,0.295247,0.000004,0.012041,0.173810,-0.000000,1.570777,0.075519,1.000000,1.100000,0.000000,0.000000,-1.571000,0.319744,0.992015,0.056263,1.043789
38.584000,-0.243629,0.007985,1.043761,0.298138,0.000004,0.012033,0.173714,-0.000000,1.570777,0.077342,1.000000,1.100000,0.000000,0.000000,-1.571000,0.320972,0.992015,0.056239,1.044164
38.586000,-0.243028,0.007985,1.043785,0.301022,0.000004,0.012025,0.173605,0.000000,1.570778,0.079162,1.000000,1.100000,0.000000,0.000000,-1.571000,0.322190,0.992015,0.056215,1.044538
38.588000,-0.242421,0.007985,1.043809,0.303898,0.000004,0.012015,0.173483,0.000000,1.570779,0.080978,1.000000,1.100000,0.000000,0.000000,-1.571000,0.323400,0.992015,0.056191,1.044911
38.590000,-0.241809,0.007985,1.043833,0.306765,0.000004,0.012004,0.173349,0.000000,1.570779,0.082792,1.000000,1.100000,0.000000,0.000000,-1.571000,0.324600,0.992015,0.056167,1.045282
38.592000,-0.241190,0.007985,1.043857,0.309625,0.000003,0.011992,0.173201,0.000000,1.570780,0.084602,1.000000,1.100000,0.000000,0.000000,-1.571000,0.325792,0.992015,0.056143,1.045651
38.594000,-0.240566,0.007985,1.043881,0.312476,0.000003,0.011980,0.173041,0.000000,1.570781,0.086409,1.000000,1.100000,0.000000,0.000000,-1.571000,0.326975,0.992015,0.056119,1.046019
38.596000,-0.239936,0.007985,1.043905,0.315318,0.000003,0.011967,0.172867,0.000000,1.570782,0.088212,1.000000,1.100000,0.000000,0.000000,-1.571000,0.328148,0.992015,0.056095,1.046385
38.598000,-0.239301,0.007985,1.043929,0.318152,0.000003,0.011953,0.172680,0.000000,1.570783,0.090012,1.000000,1.100000,0.000000,0.000000,-1.571000,0.329313,0.992015,0.056071,1.046749
38.600000,-0.238659,0.007985,1.043953,0.320976,0.000003,0.011939,0.172481,0.000001,1.570784,0.091808,1.000000,1.100000,0.000000,0.000000,-1.571000,0.330468,0.992015,0.056047,1.047112
38.602000,-0.238013,0.007985,1.043977,0.323791,0.000003,0.011926,0.172269,0.000001,1.570785,0.093601,1.000000,1.100000,0.000000,0.000000,-1.571000,0.331614,0.992015,0.056023,1.047473
38.604000,-0.237360,0.007985,1.044001,0.326596,0.000003,0.011912,0.172045,0.000001,1.570785,0.095390,1.000000,1.100000,0.000000,0.000000,-1.571000,0.332750,0.992015,0.055999,1.047832
38.606000,-0.236702,0.007985,1.044025,0.329392,0.000003,0.011898,0.171809,0.000001,1.570786,0.097175,1.000000,1.100000,0.000000,0.000000,-1.571000,0.333877,0.992015,0.055975,1.048189
38.608000,-0.236038,0.007985,1.044048,0.332177,0.000003,0.011884,0.171563,0.000000,1.570787,0.098957,1.000000,1.100000,0.000000,0.000000,-1.571000,0.334995,0.992015,0.055952,1.048545
38.610000,-0.235369,0.007985,1.044072,0.334953,0.000003,0.011871,0.171305,0.000000,1.570788,0.100734,1.000000,1.100000,0.000000,0.000000,-1.571000,0.336103,0.992015,0.055928,1.048898
38.612000,-0.234695,0.007985,1.044096,0.337718,0.000003,0.011858,0.171037,0.000000,1.570789,0.102508,1.000000,1.100000,0.000000,0.000000,-1.571000,0.337202,0.992015,0.055904,1.049249
38.614000,-0.234014,0.007985,1.044120,0.340473,0.000003,0.011846,0.170759,0.000000,1.570790,0.104277,1.000000,1.100000,0.000000,0.000000,-1.571000,0.338291,0.992015,0.055880,1.049599
38.616000,-0.233329,0.007985,1.044143,0.343217,0.000003,0.011834,0.170472,0.000000,1.570790,0.106042,1.000000,1.100000,0.000000,0.000000,-1.571000,0.339371,0.992015,0.055857,1.049946
38.618000,-0.232637,0.007985,1.044167,0.345950,0.000003,0.011823,0.170176,-0.000000,1.570791,0.107804,1.000000,1.100000,0.000000,0.000000,-1.571000,0.340441,0.992015,0.055833,1.050291
38.620000,-0.231941,0.007985,1.044191,0.348672,0.000003,0.011812,0.169873,-0.000000,1.570792,0.109561,1.000000,1.100000,0.000000,0.000000,-1.571000,0.341501,0.992015,0.055809,1.050634
38.622000,-0.231239,0.007985,1.044214,0.351382,0.000003,0.011799,0.169561,-0.000001,1.570792,0.111313,1.000000,1.100000,0.000000,0.000000,-1.571000,0.342552,0.992015,0.055786,1.050974
38.624000,-0.230531,0.007985,1.044238,0.354081,0.000003,0.011779,0.169239,-0.000001,1.570793,0.113061,1.000000,1.100000,0.000000,0.000000,-1.571000,0.343592,0.992015,0.055762,1.051313
38.626000,-0.229818,0.007985,1.044261,0.356766,0.000003,0.011754,0.168906,-0.000001,1.570794,0.114805,1.000000,1.100000,0.000000,0.000000,-1.571000,0.344623,0.992015,0.055739,1.051649
38.628000,-0.229100,0.007985,1.044285,0.359439,0.000003,0.011725,0.168559,-0.000001,1.570794,0.116544,1.000000,1.100000,0.000000,0.000000,-1.571000,0.345644,0.992015,0.055715,1.051983
38.630000,-0.228376,0.007985,1.044308,0.362100,0.000003,0.011691,0.168199,-0.000001,1.570795,0.118279,1.000000,1.100000,0.000000,0.000000,-1.571000,0.346655,0.992015,0.055692,1.052314
38.632000,-0.227647,0.007985,1.044332,0.364747,0.000003,0.011654,0.167823,-0.000002,1.570795,0.120009,1.000000,1.100000,0.000000,0.000000,-1.571000,0.347656,0.992015,0.055668,1.052643
38.634000,-0.226913,0.007985,1.044355,0.367382,0.000003,0.011614,0.167432,-0.000002,1.570796,0.121734,1.000000,1.100000,0.000000,0.000000,-1.571000,0.348647,0.992015,0.055645,1.052969
38.636000,-0.226174,0.007985,1.044378,0.370003,0.000003,0.011571,0.167024,-0.000002,1.570796,0.123454,1.000000,1.100000,0.000000,0.000000,-1.571000,0.349628,0.992015,0.055622,1.053293
38.638000,-0.225429,0.007985,1.044401,0.372610,0.000003,0.011526,0.166599,-0.000003,1.570797,0.125170,1.000000,1.100000,0.000000,0.000000,-1.571000,0.350599,0.992015,0.055599,1.053615
38.640000,-0.224679,0.007985,1.044424,0.375204,0.000003,0.011479,0.166157,-0.000003,1.570797,0.126880,1.000000,1.100000,0.000000,0.000000,-1.571000,0.351560,0.992015,0.055576,1.053934
38.642000,-0.223924,0.007985,1.044447,0.377784,0.000003,0.011431,0.165698,-0.000003,1.570798,0.128586,1.000000,1.100000,0.000000,0.000000,-1.571000,0.352510,0.992015,0.055553,1.054250
38.644000,-0.223164,0.007985,1.044470,0.380349,0.000003,0.011382,0.165221,-0.000003,1.570798,0.130286,1.000000,1.100000,0.000000,0.000000,-1.571000,0.353450,0.992015,0.055530,1.054563
38.646000,-0.222399,0.007985,1.044493,0.382900,0.000002,0.011332,0.164727,-0.000004,1.570798,0.131982,1.000000,1.100000,0.000000,0.000000,-1.571000,0.354380,0.992015,0.055507,1.054874
38.648000,-0.221628,0.007985,1.044515,0.385437,0.000002,0.011281,0.164217,-0.000004,1.570799,0.133672,1.000000,1.100000,0.000000,0.000000,-1.571000,0.355300,0.992015,0.055485,1.055182
38.650000,-0.220853,0.007985,1.044538,0.387958,0.000002,0.011230,0.163690,-0.000004,1.570799,0.135357,1.000000,1.100000,0.000000,0.000000,-1.571000,0.356210,0.992015,0.055462,1.055488
38.652000,-0.220072,0.007985,1.044560,0.390463,0.000002,0.011180,0.163147,-0.000004,1.570800,0.137036,1.000000,1.100000,0.000000,0.000000,-1.571000,0.357109,0.992015,0.055440,1.055790
38.654000,-0.219287,0.007985,1.044582,0.392953,0.000002,0.011129,0.162588,-0.000005,1.570800,0.138710,1.000000,1.100000,0.000000,0.000000,-1.571000,0.357997,0.992015,0.055418,1.056090
38.656000,-0.218497,0.007985,1.044605,0.395428,0.000002,0.011079,0.162015,-0.000005,1.570800,0.140379,1.000000,1.100000,0.000000,0.000000,-1.571000,0.358876,0.992015,0.055395,1.056387
38.658000,-0.217701,0.007985,1.044627,0.397886,0.000002,0.011029,0.161428,-0.000005,1.570801,0.142042,1.000000,1.100000,0.000000,0.000000,-1.571000,0.359743,0.992015,0.055373,1.056681
38.660000,-0.216901,0.007985,1.044649,0.400328,0.000002,0.010980,0.160827,-0.000005,1.570801,0.143699,1.000000,1.100000,0.000000,0.000000,-1.571000,0.360601,0.992015,0.055351,1.056972
38.662000,-0.216096,0.007985,1.044671,0.402753,0.000002,0.010932,0.160214,-0.000005,1.570801,0.145351,1.000000,1.100000,0.000000,0.000000,-1.571000,0.361447,0.992015,0.055329,1.057260
38.664000,-0.215286,0.007985,1.044693,0.405162,0.000002,0.010886,0.159590,-0.000006,1.570801,0.146997,1.000000,1.100000,0.000000,0.000000,-1.571000,0.362283,0.992015,0.055307,1.057545
38.666000,-0.214471,0.007985,1.044714,0.407553,0.000002,0.010840,0.158954,-0.000006,1.570801,0.148638,1.000000,1.100000,0.000000,0.000000,-1.571000,0.363109,0.992015,0.055286,1.057827
38.668000,-0.213652,0.007985,1.044736,0.409928,0.000001,0.010795,0.158310,-0.000006,1.570802,0.150272,1.000000,1.100000,0.000000,0.000000,-1.571000,0.363924,0.992015,0.055264,1.058106
38.670000,-0.212828,0.007985,1.044757,0.412286,0.000001,0.010752,0.157657,-0.000006,1.570802,0.151900,1.000000,1.100000,0.000000,0.000000,-1.571000,0.364728,0.992015,0.055243,1.058382
38.672000,-0.211999,0.007985,1.044779,0.414626,0.000001,0.010710,0.156996,-0.000006,1.570802,0.153523,1.000000,1.100000,0.000000,0.000000,-1.571000,0.365522,0.992015,0.055221,1.058654
38.674000,-0.211165,0.007985,1.044800,0.416949,0.000001,0.010670,0.156328,-0.000006,1.570802,0.155139,1.000000,1.100000,0.000000,0.000000,-1.571000,0.366304,0.992015,0.055200,1.058924
38.676000,-0.210327,0.007985,1.044822,0.419254,0.000001,0.010631,0.155656,-0.000006,1.570802,0.156750,1.000000,1.100000,0.000000,0.000000,-1.571000,0.367076,0.992015,0.055178,1.059190
38.678000,-0.209484,0.007985,1.044843,0.421542,0.000001,0.010594,0.154978,-0.000006,1.570801,0.158354,1.000000,1.100000,0.000000,0.000000,-1.571000,0.367838,0.992015,0.055157,1.059453
38.680000,-0.208637,0.007985,1.044864,0.423813,0.000001,0.010559,0.154298,-0.000006,1.570801,0.159951,1.000000,1.100000,0.000000,0.000000,-1.571000,0.368588,0.992015,0.055136,1.059712
38.682000,-0.207785,0.007985,1.044885,0.426065,0.000001,0.010521,0.153614,-0.000006,1.570801,0.161543,1.000000,1.100000,0.000000,0.000000,-1.571000,0.369328,0.992015,0.055115,1.059969
38.684000,-0.206929,0.007985,1.044906,0.428298,0.000001,0.010477,0.152925,-0.000006,1.570801,0.163128,1.000000,1.100000,0.000000,0.000000,-1.571000,0.370057,0.992015,0.055094,1.060222
38.686000,-0.206068,0.007985,1.044927,0.430512,0.000001,0.010428,0.152229,-0.000006,1.570800,0.164707,1.000000,1.100000,0.000000,0.000000,-1.571000,0.370775,0.992015,0.055073,1.060472
38.688000,-0.205203,0.007985,1.044948,0.432708,0.000000,0.010374,0.151524,-0.000006,1.570800,0.166279,1.000000,1.100000,0.000000,0.000000,-1.571000,0.371482,0.992015,0.055052,1.060718
38.690000,-0.204333,0.007985,1.044968,0.434885,0.000000,0.010316,0.150808,-0.000006,1.570800,0.167845,1.000000,1.100000,0.000000,0.000000,-1.571000,0.372178,0.992015,0.055032,1.060961
38.692000,-0.203459,0.007985,1.044989,0.437043,0.000000,0.010255,0.150081,-0.000006,1.570799,0.169404,1.000000,1.100000,0.000000,0.000000,-1.571000,0.372863,0.992015,0.055011,1.061200
38.694000,-0.202581,0.007985,1.045009,0.439181,0.000000,0.010191,0.149342,-0.000005,1.570799,0.170956,1.000000,1.100000,0.000000,0.000000,-1.571000,0.373537,0.992015,0.054991,1.061436
38.696000,-0.201699,0.007985,1.045030,0.441301,0.000000,0.010124,0.148589,-0.000005,1.570798,0.172502,1.000000,1.100000,0.000000,0.000000,-1.571000,0.374200,0.992015,0.054970,1.061669
38.698000,-0.200812,0.007985,1.045050,0.443401,-0.000000,0.010056,0.147823,-0.000005,1.570798,0.174040,1.000000,1.100000,0.000000,0.000000,-1.571000,0.374852,0.992015,0.054950,1.061898
38.700000,-0.199921,0.007985,1.045070,0.445482,-0.000000,0.009986,0.147042,-0.000005,1.570798,0.175572,1.000000,1.100000,0.000000,0.000000,-1.571000,0.375493,0.992015,0.054930,1.062123
38.702000,-0.199026,0.007985,1.045090,0.447544,-0.000000,0.009915,0.146248,-0.000005,1.570797,0.177097,1.000000,1.100000,0.000000,0.000000,-1.571000,0.376123,0.992015,0.054910,1.062345
38.704000,-0.198127,0.007985,1.045110,0.449585,-0.000000,0.009844,0.145439,-0.000005,1.570797,0.178615,1.000000,1.100000,0.000000,0.000000,-1.571000,0.376742,0.992015,0.054890,1.062563
38.706000,-0.197224,0.007985,1.045129,0.451606,-0.000000,0.009772,0.144617,-0.000004,1.570797,0.180126,1.000000,1.100000,0.000000,0.000000,-1.571000,0.377350,0.992015,0.054871,1.062778
38.708000,-0.196317,0.007985,1.045149,0.453607,-0.000001,0.009700,0.143781,-0.000004,1.570796,0.181630,1.000000,1.100000,0.000000,0.000000,-1.571000,0.377947,0.992015,0.054851,1.062989
38.710000,-0.195406,0.007985,1.045168,0.455588,-0.000001,0.009628,0.142931,-0.000004,1.570796,0.183127,1.000000,1.100000,0.000000,0.000000,-1.571000,0.378532,0.992015,0.054832,1.063196
38.712000,-0.194491,0.007985,1.045187,0.457548,-0.000001,0.009557,0.142069,-0.000004,1.570795,0.184616,1.000000,1.100000,0.000000,0.000000,-1.571000,0.379107,0.992015,0.054813,1.063400
38.714000,-0.193572,0.007985,1.045206,0.459487,-0.000001,0.009486,0.141194,-0.000004,1.570795,0.186098,1.000000,1.100000,0.000000,0.000000,-1.571000,0.379670,0.992015,0.054794,1.063600
38.716000,-0.192649,0.007985,1.045225,0.461405,-0.000001,0.009416,0.140308,-0.000003,1.570795,0.187573,1.000000,1.100000,0.000000,0.000000,-1.571000,0.380222,0.992015,0.054775,1.063796
38.718000,-0.191722,0.007985,1.045244,0.463302,-0.000001,0.009348,0.139412,-0.000003,1.570795,0.189040,1.000000,1.100000,0.000000,0.000000,-1.571000,0.380763,0.992015,0.054756,1.063989
38.720000,-0.190792,0.007985,1.045262,0.465178,-0.000001,0.009280,0.138506,-0.000003,1.570794,0.190500,1.000000,1.100000,0.000000,0.000000,-1.571000,0.381292,0.992015,0.054738,1.064177
38.722000,-0.189858,0.007985,1.045281,0.467033,-0.000001,0.009213,0.137591,-0.000002,1.570794,0.191952,1.000000,1.100000,0.000000,0.000000,-1.571000,0.381810,0.992015,0.054719,1.064362
38.724000,-0.188920,0.007985,1.045299,0.468866,-0.000001,0.009148,0.136668,-0.000002,1.570794,0.193397,1.000000,1.100000,0.000000,0.000000,-1.571000,0.382318,0.992015,0.054701,1.064543
38.726000,-0.187979,0.007985,1.045317,0.470677,-0.000001,0.009085,0.135739,-0.000002,1.570793,0.194834,1.000000,1.100000,0.000000,0.000000,-1.571000,0.382813,0.992015,0.054683,1.064720
38.728000,-0.187034,0.007985,1.045335,0.472467,-0.000001,0.009023,0.134804,-0.000001,1.570793,0.196264,1.000000,1.100000,0.000000,0.000000,-1.571000,0.383298,0.992015,0.054665,1.064894
38.730000,-0.186085,0.007985,1.045353,0.474235,-0.000001,0.008963,0.133864,-0.000001,1.570792,0.197686,1.000000,1.100000,0.000000,0.000000,-1.571000,0.383771,0.992015,0.054647,1.065063
38.732000,-0.185133,0.007985,1.045371,0.475981,-0.000001,0.008905,0.132921,-0.000001,1.570792,0.199100,1.000000,1.100000,0.000000,0.000000,-1.571000,0.384233,0.992015,0.054629,1.065229
38.734000,-0.184178,0.007985,1.045389,0.477705,-0.000001,0.008848,0.131975,-0.000001,1.570792,0.200506,1.000000,1.100000,0.000000,0.000000,-1.571000,0.384683,0.992015,0.054611,1.065390
38.736000,-0.183219,0.007985,1.045407,0.479408,-0.000001,0.008794,0.131028,-0.000000,1.570791,0.201904,1.000000,1.100000,0.000000,0.000000,-1.571000,0.385123,0.992015,0.054593,1.065548
38.738000,-0.182257,0.007985,1.045424,0.481089,-0.000001,0.008741,0.130082,0.000000,1.570791,0.203294,1.000000,1.100000,0.000000,0.000000,-1.571000,0.385550,0.992015,0.054576,1.065702
38.740000,-0.181291,0.007985,1.045442,0.482748,-0.000001,0.008691,0.129137,0.000000,1.570790,0.204676,1.000000,1.100000,0.000000,0.000000,-1.571000,0.385967,0.992015,0.054558,1.065852
38.742000,-0.180322,0.007985,1.045459,0.484386,-0.000001,0.008642,0.128194,0.000001,1.570790,0.206050,1.000000,1.100000,0.000000,0.000000,-1.571000,0.386372,0.992015,0.054541,1.065998
38.744000,-0.179350,0.007985,1.045476,0.486002,-0.000001,0.008595,0.127254,0.000001,1.570789,0.207416,1.000000,1.100000,0.000000,0.000000,-1.571000,0.386766,0.992015,0.054524,1.066140
38.746000,-0.178374,0.007985,1.045493,0.487597,-0.000001,0.008551,0.126320,0.000001,1.570788,0.208774,1.000000,1.100000,0.000000,0.000000,-1.571000,0.387148,0.992015,0.054507,1.066278
38.748000,-0.177396,0.007985,1.045510,0.489171,-0.000001,0.008508,0.125391,0.000001,1.570788,0.210123,1.000000,1.100000,0.000000,0.000000,-1.571000,0.387519,0.992015,0.054490,1.066412
38.750000,-0.176414,0.007985,1.045527,0.490723,-0.000001,0.008468,0.124469,0.000001,1.570787,0.211465,1.000000,1.100000,0.000000,0.000000,-1.571000,0.387879,0.992015,0.054473,1.066541
38.752000,-0.175430,0.007985,1.045544,0.492255,-0.000001,0.008429,0.123556,0.000001,1.570786,0.212797,1.000000,1.100000,0.000000,0.000000,-1.571000,0.388227,0.992015,0.054456,1.066667
38.754000,-0.174442,0.007985,1.045561,0.493765,-0.000001,0.008393,0.122651,0.000001,1.570785,0.214122,1.000000,1.100000,0.000000,0.000000,-1.571000,0.388564,0.992015,0.054439,1.066789
38.756000,-0.173451,0.007985,1.045578,0.495256,-0.000001,0.008359,0.121757,0.000001,1.570784,0.215438,1.000000,1.100000,0.000000,0.000000,-1.571000,0.388889,0.992015,0.054422,1.066907
38.758000,-0.172457,0.007985,1.045595,0.496726,-0.000001,0.008326,0.120875,0.000001,1.570783,0.216745,1.000000,1.100000,0.000000,0.000000,-1.571000,0.389203,0.992015,0.054405,1.067020
38.760000,-0.171461,0.007985,1.045611,0.498176,-0.000001,0.008296,0.120004,0.000001,1.570782,0.218044,1.000000,1.100000,0.000000,0.000000,-1.571000,0.389505,0.992015,0.054389,1.067130
38.762000,-0.170461,0.007985,1.045628,0.499607,-0.000001,0.008264,0.119146,0.000001,1.570781,0.219335,1.000000,1.100000,0.000000,0.000000,-1.571000,0.389796,0.992015,0.054372,1.067235
38.764000,-0.169459,0.007985,1.045644,0.501017,-0.000001,0.008228,0.118299,0.000001,1.570780,0.220616,1.000000,1.100000,0.000000,0.000000,-1.571000,0.390075,0.992015,0.054356,1.067336
38.766000,-0.168454,0.007985,1.045661,0.502407,-0.000001,0.008189,0.117462,0.000001,1.570779,0.221889,1.000000,1.100000,0.000000,0.000000,-1.571000,0.390343,0.992015,0.054339,1.067433
38.768000,-0.167446,0.007985,1.045677,0.503778,-0.000001,0.008147,0.116634,0.000001,1.570778,0.223154,1.000000,1.100000,0.000000,0.000000,-1.571000,0.390599,0.992015,0.054323,1.067526
38.770000,-0.166435,0.007985,1.045693,0.505130,-0.000001,0.008103,0.115813,0.000001,1.570777,0.224409,1.000000,1.100000,0.000000,0.000000,-1.571000,0.390844,0.992015,0.054307,1.067615
38.772000,-0.165422,0.007985,1.045709,0.506462,-0.000001,0.008056,0.114999,0.000001,1.570775,0.225655,1.000000,1.100000,0.000000,0.000000,-1.571000,0.391077,0.992015,0.054291,1.067700
38.774000,-0.164406,0.007985,1.045725,0.507776,-0.000001,0.008008,0.114191,0.000001,1.570774,0.226893,1.000000,1.100000,0.000000,0.000000,-1.571000,0.391299,0.992015,0.054275,1.067780
38.776000,-0.163388,0.007985,1.045741,0.509071,-0.000001,0.007958,0.113389,0.000001,1.570773,0.228122,1.000000,1.100000,0.000000,0.000000,-1.571000,0.391509,0.992015,0.054259,1.067856
38.778000,-0.162366,0.007985,1.045757,0.510348,-0.000001,0.007907,0.112591,0.000001,1.570772,0.229341,1.000000,1.100000,0.000000,0.000000,-1.571000,0.391708,0.992015,0.054243,1.067928
38.780000,-0.161343,0.007985,1.045773,0.511607,-0.000001,0.007856,0.111798,0.000001,1.570771,0.230552,1.000000,1.100000,0.000000,0.000000,-1.571000,0.391895,0.992015,0.054227,1.067996
38.782000,-0.160317,0.007985,1.045789,0.512848,-0.000002,0.007803,0.111010,0.000001,1.570770,0.231754,1.000000,1.100000,0.000000,0.000000,-1.571000,0.392070,0.992015,0.054211,1.068060
38.784000,-0.159288,0.007985,1.045804,0.514070,-0.000002,0.007750,0.110225,0.000001,1.570769,0.232946,1.000000,1.100000,0.000000,0.000000,-1.571000,0.392234,0.992015,0.054196,1.068119
38.786000,-0.158257,0.007985,1.045820,0.515275,-0.000002,0.007697,0.109444,0.000000,1.570769,0.234129,1.000000,1.100000,0.000000,0.000000,-1.571000,0.392386,0.992015,0.054180,1.068174
38.788000,-0.157224,0.007985,1.045835,0.516463,-0.000002,0.007644,0.108667,0.000000,1.570768,0.235303,1.000000,1.100000,0.000000,0.000000,-1.571000,0.392527,0.992015,0.054165,1.068225
38.790000,-0.156188,0.007985,1.045850,0.517632,-0.000002,0.007591,0.107893,0.000000,1.570767,0.236468,1.000000,1.100000,0.000000,0.000000,-1.571000,0.392656,0.992015,0.054150,1.068272
38.792000,-0.155150,0.007985,1.045865,0.518784,-0.000002,0.007538,0.107123,-0.000000,1.570767,0.237623,1.000000,1.100000,0.000000,0.000000,-1.571000,0.392773,0.992015,0.054135,1.068314
38.794000,-0.154110,0.007985,1.045880,0.519919,-0.000002,0.007485,0.106357,-0.000000,1.570766,0.238769,1.000000,1.100000,0.000000,0.000000,-1.571000,0.392879,0.992015,0.054120,1.068352
38.796000,-0.153067,0.007985,1.045895,0.521037,-0.000002,0.007433,0.105596,-0.000001,1.570765,0.239905,1.000000,1.100000,0.000000,0.000000,-1.571000,0.392973,0.992015,0.054105,1.068386
38.798000,-0.152022,0.007985,1.045910,0.522138,-0.000002,0.007381,0.104838,-0.000001,1.570765,0.241032,1.000000,1.100000,0.000000,0.000000,-1.571000,0.393055,0.992015,0.054090,1.068415
38.800000,-0.150975,0.007985,1.045925,0.523222,-0.000002,0.007330,0.104084,-0.000001,1.570765,0.242150,1.000000,1.100000,0.000000,0.000000,-1.571000,0.393125,0.992015,0.054075,1.068441
38.802000,-0.149926,0.007985,1.045939,0.524289,-0.000002,0.007280,0.103336,-0.000001,1.570764,0.243258,1.000000,1.100000,0.000000,0.000000,-1.571000,0.393184,0.992015,0.054061,1.068461
38.804000,-0.148875,0.007985,1.045954,0.525339,-0.000002,0.007231,0.102592,-0.000001,1.570764,0.244356,1.000000,1.100000,0.000000,0.000000,-1.571000,0.393231,0.992015,0.054046,1.068478
38.806000,-0.147822,0.007985,1.045968,0.526373,-0.000002,0.007182,0.101853,-0.000002,1.570764,0.245445,1.000000,1.100000,0.000000,0.000000,-1.571000,0.393267,0.992015,0.054032,1.068490
38.808000,-0.146767,0.007985,1.045983,0.527390,-0.000002,0.007134,0.101120,-0.000002,1.570763,0.246524,1.000000,1.100000,0.000000,0.000000,-1.571000,0.393290,0.992015,0.054017,1.068498
38.810000,-0.145709,0.007985,1.045997,0.528391,-0.000002,0.007087,0.100393,-0.000002,1.570763,0.247593,1.000000,1.100000,0.000000,0.000000,-1.571000,0.393302,0.992015,0.054003,1.068502
38.812000,-0.144650,0.007985,1.046011,0.529376,-0.000003,0.007041,0.099672,-0.000002,1.570763,0.248653,1.000000,1.100000,0.000000,0.000000,-1.571000,0.393303,0.992015,0.053989,1.068501
38.814000,-0.143589,0.007985,1.046025,0.530345,-0.000003,0.006996,0.098957,-0.000002,1.570763,0.249702,1.000000,1.100000,0.000000,0.000000,-1.571000,0.393291,0.992015,0.053975,1.068496
38.816000,-0.142525,0.007985,1.046039,0.531299,-0.000003,0.006952,0.098250,-0.000003,1.570763,0.250742,1.000000,1.100000,0.000000,0.000000,-1.571000,0.393268,0.992015,0.053961,1.068487
38.818000,-0.141460,0.007985,1.046053,0.532236,-0.000003,0.006909,0.097550,-0.000003,1.570763,0.251772,1.000000,1.100000,0.000000,0.000000,-1.571000,0.393233,0.992015,0.053947,1.068473
38.820000,-0.140393,0.007985,1.046066,0.533159,-0.000003,0.006867,0.096858,-0.000003,1.570763,0.252792,1.000000,1.100000,0.000000,0.000000,-1.571000,0.393186,0.992015,0.053934,1.068456
38.822000,-0.139325,0.007985,1.046080,0.534065,-0.000003,0.006822,0.096173,-0.000003,1.570763,0.253802,1.000000,1.100000,0.000000,0.000000,-1.571000,0.393127,0.992015,0.053920,1.068433
38.824000,-0.138254,0.007985,1.046094,0.534956,-0.000003,0.006771,0.095490,-0.000003,1.570763,0.254802,1.000000,1.100000,0.000000,0.000000,-1.571000,0.393056,0.992015,0.053906,1.068407
38.826000,-0.137182,0.007985,1.046107,0.535832,-0.000003,0.006715,0.094806,-0.000004,1.570764,0.255792,1.000000,1.100000,0.000000,0.000000,-1.571000,0.392974,0.992015,0.053893,1.068376
38.828000,-0.136108,0.007985,1.046121,0.536691,-0.000003,0.006654,0.094117,-0.000004,1.570764,0.256772,1.000000,1.100000,0.000000,0.000000,-1.571000,0.392880,0.992015,0.053879,1.068340
38.830000,-0.135032,0.007985,1.046134,0.537535,-0.000004,0.006588,0.093420,-0.000004,1.570765,0.257742,1.000000,1.100000,0.000000,0.000000,-1.571000,0.392774,0.992015,0.053866,1.068301
38.832000,-0.133955,0.007985,1.046147,0.538364,-0.000004,0.006519,0.092713,-0.000004,1.570765,0.258701,1.000000,1.100000,0.000000,0.000000,-1.571000,0.392656,0.992015,0.053853,1.068257
38.834000,-0.132876,0.007985,1.046160,0.539176,-0.000004,0.006447,0.091993,-0.000004,1.570766,0.259650,1.000000,1.100000,0.000000,0.000000,-1.571000,0.392526,0.992015,0.053840,1.068208
38.836000,-0.131795,0.007985,1.046173,0.539973,-0.000004,0.006372,0.091258,-0.000005,1.570767,0.260589,1.000000,1.100000,0.000000,0.000000,-1.571000,0.392385,0.992015,0.053827,1.068156
38.838000,-0.130713,0.007985,1.046185,0.540753,-0.000004,0.006295,0.090506,-0.000005,1.570767,0.261518,1.000000,1.100000,0.000000,0.000000,-1.571000,0.392231,0.992015,0.053815,1.068099
38.840000,-0.129629,0.007985,1.046198,0.541517,-0.000004,0.006216,0.089736,-0.000005,1.570768,0.262437,1.000000,1.100000,0.000000,0.000000,-1.571000,0.392066,0.992015,0.053802,1.068037
38.842000,-0.128544,0.007985,1.046210,0.542264,-0.000004,0.006135,0.088947,-0.000006,1.570770,0.263345,1.000000,1.100000,0.000000,0.000000,-1.571000,0.391889,0.992015,0.053790,1.067972
38.844000,-0.127457,0.007985,1.046222,0.542994,-0.000005,0.006053,0.088138,-0.000006,1.570771,0.264242,1.000000,1.100000,0.000000,0.000000,-1.571000,0.391700,0.992015,0.053778,1.067902
38.846000,-0.126369,0.007985,1.046234,0.543707,-0.000005,0.005970,0.087308,-0.000006,1.570772,0.265130,1.000000,1.100000,0.000000,0.000000,-1.571000,0.391499,0.992015,0.053766,1.067828
38.848000,-0.125279,0.007985,1.046246,0.544401,-0.000005,0.005886,0.086457,-0.000007,1.570774,0.266006,1.000000,1.100000,0.000000,0.000000,-1.571000,0.391286,0.992015,0.053754,1.067749
38.850000,-0.124189,0.007985,1.046258,0.545078,-0.000005,0.005802,0.085584,-0.000007,1.570775,0.266873,1.000000,1.100000,0.000000,0.000000,-1.571000,0.391061,0.992015,0.053742,1.067666
38.852000,-0.123096,0.007985,1.046269,0.545736,-0.000005,0.005717,0.084690,-0.000007,1.570777,0.267729,1.000000,1.100000,0.000000,0.000000,-1.571000,0.390825,0.992015,0.053731,1.067579
38.854000,-0.122003,0.007985,1.046280,0.546375,-0.000005,0.005632,0.083774,-0.000008,1.570778,0.268574,1.000000,1.100000,0.000000,0.000000,-1.571000,0.390576,0.992015,0.053720,1.067487
38.856000,-0.120908,0.007985,1.046292,0.546995,-0.000006,0.005548,0.082838,-0.000008,1.570780,0.269408,1.000000,1.100000,0.000000,0.000000,-1.571000,0.390316,0.992015,0.053708,1.067392
38.858000,-0.119812,0.007985,1.046303,0.547595,-0.000006,0.005463,0.081881,-0.000008,1.570781,0.270232,1.000000,1.100000,0.000000,0.000000,-1.571000,0.390044,0.992015,0.053697,1.067292
38.860000,-0.118715,0.007985,1.046313,0.548175,-0.000006,0.005379,0.080904,-0.000009,1.570783,0.271045,1.000000,1.100000,0.000000,0.000000,-1.571000,0.389760,0.992015,0.053687,1.067188
38.862000,-0.117617,0.007985,1.046324,0.548735,-0.000006,0.005296,0.079909,-0.000009,1.570785,0.271848,1.000000,1.100000,0.000000,0.000000,-1.571000,0.389465,0.992015,0.053676,1.067079
38.864000,-0.116517,0.007985,1.046335,0.549274,-0.000006,0.005213,0.078895,-0.000009,1.570787,0.272640,1.000000,1.100000,0.000000,0.000000,-1.571000,0.389157,0.992015,0.053665,1.066966
38.866000,-0.115417,0.007985,1.046345,0.549792,-0.000006,0.005131,0.077864,-0.000010,1.570788,0.273421,1.000000,1.100000,0.000000,0.000000,-1.571000,0.388838,0.992015,0.053655,1.066849
38.868000,-0.114315,0.007985,1.046355,0.550289,-0.000007,0.005050,0.076818,-0.000010,1.570790,0.274191,1.000000,1.100000,0.000000,0.000000,-1.571000,0.388507,0.992015,0.053645,1.066728
38.870000,-0.113213,0.007985,1.046365,0.550765,-0.000007,0.004970,0.075756,-0.000010,1.570791,0.274951,1.000000,1.100000,0.000000,0.000000,-1.571000,0.388164,0.992015,0.053635,1.066603
38.872000,-0.112110,0.007985,1.046375,0.551219,-0.000007,0.004891,0.074682,-0.000011,1.570793,0.275699,1.000000,1.100000,0.000000,0.000000,-1.571000,0.387809,0.992015,0.053625,1.066473
38.874000,-0.111005,0.007985,1.046384,0.551651,-0.000007,0.004813,0.073595,-0.000011,1.570794,0.276437,1.000000,1.100000,0.000000,0.000000,-1.571000,0.387442,0.992015,0.053616,1.066340
38.876000,-0.109900,0.007985,1.046394,0.552061,-0.000007,0.004736,0.072497,-0.000011,1.570796,0.277164,1.000000,1.100000,0.000000,0.000000,-1.571000,0.387064,0.992015,0.053606,1.066202
38.878000,-0.108795,0.007985,1.046403,0.552448,-0.000008,0.004660,0.071390,-0.000011,1.570797,0.277880,1.000000,1.100000,0.000000,0.000000,-1.571000,0.386674,0.992015,0.053597,1.066060
38.880000,-0.107688,0.007985,1.046413,0.552814,-0.000008,0.004585,0.070276,-0.000012,1.570798,0.278585,1.000000,1.100000,0.000000,0.000000,-1.571000,0.386273,0.992015,0.053587,1.065914
38.882000,-0.106581,0.007985,1.046422,0.553156,-0.000008,0.004510,0.069154,-0.000012,1.570799,0.279279,1.000000,1.100000,0.000000,0.000000,-1.571000,0.385859,0.992015,0.053578,1.065764
38.884000,-0.105473,0.007985,1.046431,0.553476,-0.000008,0.004433,0.068025,-0.000012,1.570800,0.279961,1.000000,1.100000,0.000000,0.000000,-1.571000,0.385434,0.992015,0.053569,1.065609
38.886000,-0.104364,0.007985,1.046439,0.553773,-0.000008,0.004354,0.066886,-0.000013,1.570801,0.280633,1.000000,1.100000,0.000000,0.000000,-1.571000,0.384998,0.992015,0.053561,1.065451
38.888000,-0.103255,0.007985,1.046448,0.554047,-0.000009,0.004273,0.065737,-0.000013,1.570802,0.281294,1.000000,1.100000,0.000000,0.000000,-1.571000,0.384549,0.992015,0.053552,1.065289
38.890000,-0.102146,0.007985,1.046456,0.554298,-0.000009,0.004191,0.064578,-0.000013,1.570803,0.281944,1.000000,1.100000,0.000000,0.000000,-1.571000,0.384089,0.992015,0.053544,1.065122
38.892000,-0.101036,0.007985,1.046465,0.554525,-0.000009,0.004108,0.063409,-0.000014,1.570803,0.282582,1.000000,1.100000,0.000000,0.000000,-1.571000,0.383618,0.992015,0.053535,1.064952
38.894000,-0.099925,0.007985,1.046473,0.554729,-0.000009,0.004024,0.062229,-0.000014,1.570804,0.283209,1.000000,1.100000,0.000000,0.000000,-1.571000,0.383135,0.992015,0.053527,1.064778
38.896000,-0.098814,0.007985,1.046481,0.554910,-0.000010,0.003940,0.061039,-0.000014,1.570804,0.283826,1.000000,1.100000,0.000000,0.000000,-1.571000,0.382640,0.992015,0.053519,1.064599
38.898000,-0.097703,0.007985,1.046488,0.555066,-0.000010,0.003855,0.059838,-0.000015,1.570805,0.284431,1.000000,1.100000,0.000000,0.000000,-1.571000,0.382134,0.992015,0.053512,1.064417
38.900000,-0.096592,0.007985,1.046496,0.555199,-0.000010,0.003770,0.058628,-0.000015,1.570805,0.285024,1.000000,1.100000,0.000000,0.000000,-1.571000,0.381616,0.992015,0.053504,1.064231
38.902000,-0.095480,0.007985,1.046503,0.555308,-0.000010,0.003685,0.057409,-0.000015,1.570806,0.285607,1.000000,1.100000,0.000000,0.000000,-1.571000,0.381087,0.992015,0.053497,1.064041
38.904000,-0.094368,0.007985,1.046511,0.555393,-0.000011,0.003600,0.056182,-0.000015,1.570806,0.286178,1.000000,1.100000,0.000000,0.000000,-1.571000,0.380546,0.992015,0.053489,1.063847
38.906000,-0.093256,0.007985,1.046518,0.555454,-0.000011,0.003516,0.054947,-0.000016,1.570806,0.286738,1.000000,1.100000,0.000000,0.000000,-1.571000,0.379994,0.992015,0.053482,1.063650
38.908000,-0.092144,0.007985,1.046525,0.555490,-0.000011,0.003431,0.053706,-0.000016,1.570806,0.287286,1.000000,1.100000,0.000000,0.000000,-1.571000,0.379431,0.992015,0.053475,1.063448
38.910000,-0.091032,0.007985,1.046531,0.555502,-0.000012,0.003347,0.052459,-0.000016,1.570806,0.287824,1.000000,1.100000,0.000000,0.000000,-1.571000,0.378856,0.992015,0.053469,1.063243
38.912000,-0.089920,0.007985,1.046538,0.555490,-0.000012,0.003264,0.051208,-0.000016,1.570805,0.288350,1.000000,1.100000,0.000000,0.000000,-1.571000,0.378270,0.992015,0.053462,1.063034
38.914000,-0.088808,0.007984,1.046544,0.555453,-0.000012,0.003181,0.049953,-0.000016,1.570805,0.288864,1.000000,1.100000,0.000000,0.000000,-1.571000,0.377672,0.992016,0.053456,1.062821
38.916000,-0.087696,0.007984,1.046551,0.555392,-0.000012,0.003098,0.048697,-0.000016,1.570805,0.289367,1.000000,1.100000,0.000000,0.000000,-1.571000,0.377063,0.992016,0.053449,1.062604
38.918000,-0.086584,0.007984,1.046557,0.555306,-0.000013,0.003017,0.047439,-0.000016,1.570805,0.289859,1.000000,1.100000,0.000000,0.000000,-1.571000,0.376443,0.992016,0.053443,1.062384
38.920000,-0.085473,0.007984,1.046563,0.555196,-0.000013,0.002935,0.046183,-0.000016,1.570804,0.290339,1.000000,1.100000,0.000000,0.000000,-1.571000,0.375812,0.992016,0.053437,1.062161
38.922000,-0.084361,0.007984,1.046568,0.555062,-0.000013,0.002855,0.044927,-0.000016,1.570804,0.290808,1.000000,1.100000,0.000000,0.000000,-1.571000,0.375169,0.992016,0.053432,1.061933
38.924000,-0.083250,0.007984,1.046574,0.554903,-0.000014,0.002775,0.043675,-0.000016,1.570803,0.291265,1.000000,1.100000,0.000000,0.000000,-1.571000,0.374516,0.992016,0.053426,1.061702
38.926000,-0.082140,0.007984,1.046579,0.554721,-0.000014,0.002696,0.042427,-0.000016,1.570802,0.291711,1.000000,1.100000,0.000000,0.000000,-1.571000,0.373851,0.992016,0.053421,1.061467
38.928000,-0.081029,0.007984,1.046585,0.554514,-0.000014,0.002618,0.041185,-0.000016,1.570802,0.292145,1.000000,1.100000,0.000000,0.000000,-1.571000,0.373175,0.992016,0.053415,1.061229
38.930000,-0.079920,0.007984,1.046590,0.554284,-0.000014,0.002540,0.039951,-0.000016,1.570801,0.292568,1.000000,1.100000,0.000000,0.000000,-1.571000,0.372488,0.992016,0.053410,1.060988
38.932000,-0.078810,0.007984,1.046595,0.554029,-0.000015,0.002464,0.038724,-0.000015,1.570800,0.292979,1.000000,1.100000,0.000000,0.000000,-1.571000,0.371790,0.992016,0.053405,1.060743
38.934000,-0.077702,0.007984,1.046600,0.553752,-0.000015,0.002387,0.037507,-0.000015,1.570799,0.293379,1.000000,1.100000,0.000000,0.000000,-1.571000,0.371080,0.992016,0.053400,1.060494
38.936000,-0.076593,0.007984,1.046604,0.553451,-0.000015,0.002312,0.036301,-0.000015,1.570798,0.293767,1.000000,1.100000,0.000000,0.000000,-1.571000,0.370360,0.992016,0.053396,1.060242
38.938000,-0.075486,0.007984,1.046609,0.553128,-0.000015,0.002237,0.035107,-0.000014,1.570797,0.294143,1.000000,1.100000,0.000000,0.000000,-1.571000,0.369629,0.992016,0.053391,1.059987
38.940000,-0.074379,0.007984,1.046613,0.552781,-0.000016,0.002164,0.033927,-0.000014,1.570796,0.294508,1.000000,1.100000,0.000000,0.000000,-1.571000,0.368887,0.992016,0.053387,1.059728
38.942000,-0.073273,0.007984,1.046617,0.552413,-0.000016,0.002090,0.032761,-0.000014,1.570795,0.294861,1.000000,1.100000,0.000000,0.000000,-1.571000,0.368134,0.992016,0.053383,1.059466
38.944000,-0.072168,0.007984,1.046621,0.552022,-0.000016,0.002018,0.031611,-0.000013,1.570793,0.295203,1.000000,1.100000,0.000000,0.000000,-1.571000,0.367370,0.992016,0.053379,1.059201
38.946000,-0.071063,0.007984,1.046625,0.551610,-0.000016,0.001946,0.030478,-0.000013,1.570792,0.295533,1.000000,1.100000,0.000000,0.000000,-1.571000,0.366596,0.992016,0.053375,1.058932
38.948000,-0.069959,0.007984,1.046629,0.551177,-0.000017,0.001875,0.029362,-0.000013,1.570791,0.295851,1.000000,1.100000,0.000000,0.000000,-1.571000,0.365810,0.992016,0.053371,1.058660
38.950000,-0.068857,0.007984,1.046633,0.550722,-0.000017,0.001804,0.028265,-0.000012,1.570789,0.296158,1.000000,1.100000,0.000000,0.000000,-1.571000,0.365014,0.992016,0.053367,1.058385
38.952000,-0.067755,0.007984,1.046636,0.550247,-0.000017,0.001734,0.027189,-0.000012,1.570788,0.296452,1.000000,1.100000,0.000000,0.000000,-1.571000,0.364207,0.992016,0.053364,1.058107
38.954000,-0.066654,0.007984,1.046640,0.549753,-0.000017,0.001665,0.026133,-0.000012,1.570786,0.296736,1.000000,1.100000,0.000000,0.000000,-1.571000,0.363390,0.992016,0.053360,1.057826
38.956000,-0.065554,0.007984,1.046643,0.549238,-0.000017,0.001596,0.025098,-0.000011,1.570785,0.297007,1.000000,1.100000,0.000000,0.000000,-1.571000,0.362561,0.992016,0.053357,1.057541
38.958000,-0.064455,0.007984,1.046646,0.548705,-0.000018,0.001527,0.024086,-0.000011,1.570783,0.297267,1.000000,1.100000,0.000000,0.000000,-1.571000,0.361722,0.992016,0.053354,1.057254
38.960000,-0.063358,0.007984,1.046649,0.548153,-0.000018,0.001459,0.023098,-0.000010,1.570782,0.297515,1.000000,1.100000,0.000000,0.000000,-1.571000,0.360872,0.992016,0.053351,1.056963
38.962000,-0.062261,0.007984,1.046652,0.547582,-0.000018,0.001391,0.022132,-0.000010,1.570780,0.297751,1.000000,1.100000,0.000000,0.000000,-1.571000,0.360012,0.992016,0.053348,1.056670
38.964000,-0.061166,0.007984,1.046654,0.546994,-0.000018,0.001322,0.021185,-0.000010,1.570779,0.297976,1.000000,1.100000,0.000000,0.000000,-1.571000,0.359141,0.992016,0.053346,1.056373
38.966000,-0.060072,0.007984,1.046657,0.546389,-0.000018,0.001253,0.020254,-0.000009,1.570777,0.298188,1.000000,1.100000,0.000000,0.000000,-1.571000,0.358260,0.992016,0.053343,1.056074
38.968000,-0.058979,0.007984,1.046659,0.545767,-0.000018,0.001182,0.019337,-0.000009,1.570776,0.298389,1.000000,1.100000,0.000000,0.000000,-1.571000,0.357368,0.992016,0.053341,1.055771
38.970000,-0.057887,0.007984,1.046662,0.545128,-0.000019,0.001111,0.018430,-0.000008,1.570775,0.298578,1.000000,1.100000,0.000000,0.000000,-1.571000,0.356465,0.992016,0.053338,1.055466
38.972000,-0.056797,0.007984,1.046664,0.544472,-0.000019,0.001040,0.017532,-0.000008,1.570773,0.298756,1.000000,1.100000,0.000000,0.000000,-1.571000,0.355552,0.992016,0.053336,1.055158
38.974000,-0.055708,0.007984,1.046666,0.543801,-0.000019,0.000968,0.016640,-0.000008,1.570772,0.298921,1.000000,1.100000,0.000000,0.000000,-1.571000,0.354629,0.992016,0.053334,1.054847
38.976000,-0.054620,0.007983,1.046668,0.543113,-0.000019,0.000896,0.015753,-0.000007,1.570771,0.299075,1.000000,1.100000,0.000000,0.000000,-1.571000,0.353695,0.992017,0.053332,1.054534
38.978000,-0.053534,0.007983,1.046669,0.542409,-0.000019,0.000823,0.014869,-0.000007,1.570770,0.299217,1.000000,1.100000,0.000000,0.000000,-1.571000,0.352751,0.992017,0.053331,1.054217
38.980000,-0.052449,0.007983,1.046671,0.541689,-0.000019,0.000751,0.013987,-0.000006,1.570770,0.299347,1.000000,1.100000,0.000000,0.000000,-1.571000,0.351796,0.992017,0.053329,1.053898
38.982000,-0.051365,0.007983,1.046672,0.540953,-0.000019,0.000678,0.013105,-0.000006,1.570769,0.299466,1.000000,1.100000,0.000000,0.000000,-1.571000,0.350831,0.992017,0.053328,1.053576
38.984000,-0.050284,0.007983,1.046673,0.540202,-0.000019,0.000605,0.012222,-0.000006,1.570769,0.299572,1.000000,1.100000,0.000000,0.000000,-1.571000,0.349856,0.992017,0.053327,1.053252
38.986000,-0.049203,0.007983,1.046675,0.539434,-0.000019,0.000531,0.011337,-0.000005,1.570768,0.299667,1.000000,1.100000,0.000000,0.000000,-1.571000,0.348870,0.992017,0.053325,1.052925
38.988000,-0.048124,0.007983,1.046676,0.538651,-0.000020,0.000458,0.010450,-0.000005,1.570768,0.299750,1.000000,1.100000,0.000000,0.000000,-1.571000,0.347874,0.992017,0.053324,1.052595
38.990000,-0.047047,0.007983,1.046676,0.537852,-0.000020,0.000385,0.009560,-0.000005,1.570768,0.299821,1.000000,1.100000,0.000000,0.000000,-1.571000,0.346868,0.992017,0.053324,1.052263
38.992000,-0.045972,0.007983,1.046677,0.537037,-0.000020,0.000311,0.008666,-0.000004,1.570768,0.299880,1.000000,1.100000,0.000000,0.000000,-1.571000,0.345852,0.992017,0.053323,1.051929
38.994000,-0.044898,0.007983,1.046677,0.536206,-0.000020,0.000238,0.007769,-0.000004,1.570769,0.299927,1.000000,1.100000,0.000000,0.000000,-1.571000,0.344825,0.992017,0.053323,1.051592
38.996000,-0.043826,0.007983,1.046678,0.535359,-0.000020,0.000164,0.006867,-0.000004,1.570769,0.299963,1.000000,1.100000,0.000000,0.000000,-1.571000,0.343789,0.992017,0.053322,1.051252
38.998000,-0.042755,0.007983,1.046678,0.534496,-0.000020,0.000091,0.005962,-0.000003,1.570769,0.299987,1.000000,1.100000,0.000000,0.000000,-1.571000,0.342742,0.992017,0.053322,1.050910
39.000000,-0.041686,0.007983,1.046678,0.533617,-0.000020,0.000017,0.005053,-0.000003,1.570770,0.299999,1.000000,1.100000,0.000000,0.000000,-1.571000,0.341685,0.992017,0.053322,1.050566
39.002000,-0.040619,0.007983,1.046678,0.532722,-0.000020,-0.000056,0.004140,-0.000003,1.570771,0.299999,1.000000,1.100000,0.000000,0.000000,-1.571000,0.340618,0.992017,0.053322,1.050220
39.004000,-0.039554,0.007983,1.046678,0.531811,-0.000020,-0.000130,0.003223,-0.000002,1.570772,0.299987,1.000000,1.100000,0.000000,0.000000,-1.571000,0.339541,0.992017,0.053322,1.049871
39.006000,-0.038491,0.007983,1.046677,0.530883,-0.000020,-0.000203,0.002303,-0.000002,1.570772,0.299963,1.000000,1.100000,0.000000,0.000000,-1.571000,0.338454,0.992017,0.053323,1.049520
39.008000,-0.037430,0.007983,1.046677,0.529939,-0.000020,-0.000277,0.001380,-0.000002,1.570773,0.299927,1.000000,1.100000,0.000000,0.000000,-1.571000,0.337357,0.992017,0.053323,1.049167
39.010000,-0.036370,0.007983,1.046676,0.528979,-0.000020,-0.000350,0.000455,-0.000001,1.570774,0.299880,1.000000,1.100000,0.000000,0.000000,-1.571000,0.336250,0.992017,0.053324,1.048812
39.012000,-0.035312,0.007983,1.046675,0.528003,-0.000020,-0.000423,-0.000473,-0.000001,1.570775,0.299821,1.000000,1.100000,0.000000,0.000000,-1.571000,0.335133,0.992017,0.053325,1.048454
39.014000,-0.034257,0.007983,1.046675,0.527010,-0.000020,-0.000497,-0.001401,-0.000001,1.570776,0.299750,1.000000,1.100000,0.000000,0.000000,-1.571000,0.334007,0.992017,0.053325,1.048095
39.016000,-0.033203,0.007983,1.046673,0.526002,-0.000020,-0.000570,-0.002331,-0.000001,1.570778,0.299667,1.000000,1.100000,0.000000,0.000000,-1.571000,0.332870,0.992017,0.053327,1.047733
39.018000,-0.032152,0.007983,1.046672,0.524977,-0.000020,-0.000644,-0.003260,-0.000000,1.570779,0.299572,1.000000,1.100000,0.000000,0.000000,-1.571000,0.331724,0.992017,0.053328,1.047370
39.020000,-0.031102,0.007983,1.046671,0.523935,-0.000020,-0.000717,-0.004189,0.000000,1.570780,0.299466,1.000000,1.100000,0.000000,0.000000,-1.571000,0.330568,0.992017,0.053329,1.047004
39.022000,-0.030055,0.007983,1.046669,0.522878,-0.000020,-0.000791,-0.005117,0.000000,1.570781,0.299347,1.000000,1.100000,0.000000,0.000000,-1.571000,0.329402,0.992017,0.053331,1.046637
39.024000,-0.029010,0.007983,1.046668,0.521804,-0.000020,-0.000867,-0.006042,0.000001,1.570782,0.299217,1.000000,1.100000,0.000000,0.000000,-1.571000,0.328227,0.992017,0.053332,1.046268
39.026000,-0.027967,0.007983,1.046666,0.520715,-0.000020,-0.000945,-0.006964,0.000001,1.570783,0.299075,1.000000,1.100000,0.000000,0.000000,-1.571000,0.327042,0.992017,0.053334,1.045897
39.028000,-0.026926,0.007982,1.046664,0.519609,-0.000020,-0.001024,-0.007883,0.000001,1.570784,0.298921,1.000000,1.100000,0.000000,0.000000,-1.571000,0.325847,0.992018,0.053336,1.045524
39.030000,-0.025887,0.007982,1.046661,0.518488,-0.000019,-0.001104,-0.008797,0.000002,1.570785,0.298756,1.000000,1.100000,0.000000,0.000000,-1.571000,0.324643,0.992018,0.053339,1.045149
39.032000,-0.024851,0.007982,1.046659,0.517351,-0.000019,-0.001185,-0.009706,0.000002,1.570786,0.298578,1.000000,1.100000,0.000000,0.000000,-1.571000,0.323430,0.992018,0.053341,1.044773
39.034000,-0.023817,0.007982,1.046657,0.516198,-0.000019,-0.001267,-0.010608,0.000002,1.570787,0.298389,1.000000,1.100000,0.000000,0.000000,-1.571000,0.322206,0.992018,0.053343,1.044395
39.036000,-0.022785,0.007982,1.046654,0.515030,-0.000019,-0.001350,-0.011504,0.000002,1.570788,0.298188,1.000000,1.100000,0.000000,0.000000,-1.571000,0.320974,0.992018,0.053346,1.044016
39.038000,-0.021756,0.007982,1.046651,0.513847,-0.000019,-0.001434,-0.012391,0.000003,1.570788,0.297976,1.000000,1.100000,0.000000,0.000000,-1.571000,0.319732,0.992018,0.053349,1.043635
39.040000,-0.020729,0.007982,1.046648,0.512648,-0.000019,-0.001519,-0.013270,0.000003,1.570789,0.297751,1.000000,1.100000,0.000000,0.000000,-1.571000,0.318480,0.992018,0.053352,1.043252
39.042000,-0.019705,0.007982,1.046645,0.511435,-0.000019,-0.001605,-0.014139,0.000003,1.570790,0.297515,1.000000,1.100000,0.000000,0.000000,-1.571000,0.317220,0.992018,0.053355,1.042868
39.044000,-0.018683,0.007982,1.046642,0.510207,-0.000019,-0.001691,-0.014998,0.000004,1.570790,0.297267,1.000000,1.100000,0.000000,0.000000,-1.571000,0.315949,0.992018,0.053358,1.042483
39.046000,-0.017663,0.007982,1.046638,0.508965,-0.000019,-0.001779,-0.015846,0.000004,1.570790,0.297007,1.000000,1.100000,0.000000,0.000000,-1.571000,0.314670,0.992018,0.053362,1.042096
39.048000,-0.016646,0.007982,1.046634,0.507709,-0.000019,-0.001867,-0.016682,0.000004,1.570791,0.296736,1.000000,1.100000,0.000000,0.000000,-1.571000,0.313382,0.992018,0.053366,1.041708
39.050000,-0.015631,0.007982,1.046631,0.506439,-0.000019,-0.001956,-0.017506,0.000005,1.570791,0.296452,1.000000,1.100000,0.000000,0.000000,-1.571000,0.312084,0.992018,0.053369,1.041319
39.052000,-0.014620,0.007982,1.046627,0.505155,-0.000018,-0.002046,-0.018316,0.000005,1.570791,0.296158,1.000000,1.100000,0.000000,0.000000,-1.571000,0.310777,0.992018,0.053373,1.040928
39.054000,-0.013610,0.007982,1.046622,0.503858,-0.000018,-0.002137,-0.019112,0.000005,1.570791,0.295851,1.000000,1.100000,0.000000,0.000000,-1.571000,0.309461,0.992018,0.053378,1.040536
39.056000,-0.012603,0.007982,1.046618,0.502548,-0.000018,-0.002228,-0.019894,0.000005,1.570791,0.295533,1.000000,1.100000,0.000000,0.000000,-1.571000,0.308136,0.992018,0.053382,1.040143
39.058000,-0.011599,0.007982,1.046613,0.501225,-0.000018,-0.002319,-0.020660,0.000006,1.570791,0.295203,1.000000,1.100000,0.000000,0.000000,-1.571000,0.306802,0.992018,0.053387,1.039749
39.060000,-0.010598,0.007982,1.046609,0.499889,-0.000018,-0.002412,-0.021411,0.000006,1.570791,0.294861,1.000000,1.100000,0.000000,0.000000,-1.571000,0.305459,0.992018,0.053391,1.039354
39.062000,-0.009599,0.007982,1.046604,0.498542,-0.000018,-0.002505,-0.022145,0.000006,1.570791,0.294508,1.000000,1.100000,0.000000,0.000000,-1.571000,0.304107,0.992018,0.053396,1.038957
39.064000,-0.008603,0.007982,1.046598,0.497183,-0.000018,-0.002598,-0.022863,0.000007,1.570790,0.294143,1.000000,1.100000,0.000000,0.000000,-1.571000,0.302746,0.992018,0.053402,1.038560
39.066000,-0.007610,0.007982,1.046593,0.495813,-0.000017,-0.002692,-0.023563,0.000007,1.570790,0.293767,1.000000,1.100000,0.000000,0.000000,-1.571000,0.301377,0.992018,0.053407,1.038162
39.068000,-0.006619,0.007982,1.046588,0.494431,-0.000017,-0.002786,-0.024246,0.000007,1.570790,0.293379,1.000000,1.100000,0.000000,0.000000,-1.571000,0.299998,0.992018,0.053412,1.037763
39.070000,-0.005631,0.007982,1.046582,0.493039,-0.000017,-0.002880,-0.024911,0.000007,1.570789,0.292979,1.000000,1.100000,0.000000,0.000000,-1.571000,0.298611,0.992018,0.053418,1.037363
39.072000,-0.004646,0.007982,1.046576,0.491637,-0.000017,-0.002975,-0.025557,0.000008,1.570788,0.292568,1.000000,1.100000,0.000000,0.000000,-1.571000,0.297214,0.992018,0.053424,1.036962
39.074000,-0.003664,0.007982,1.046570,0.490225,-0.000017,-0.003071,-0.026185,0.000008,1.570788,0.292145,1.000000,1.100000,0.000000,0.000000,-1.571000,0.295810,0.992018,0.053430,1.036561
39.076000,-0.002685,0.007982,1.046563,0.488803,-0.000016,-0.003166,-0.026794,0.000008,1.570787,0.291711,1.000000,1.100000,0.000000,0.000000,-1.571000,0.294396,0.992018,0.053437,1.036159
39.078000,-0.001709,0.007982,1.046557,0.487372,-0.000016,-0.003262,-0.027384,0.000008,1.570786,0.291265,1.000000,1.100000,0.000000,0.000000,-1.571000,0.292974,0.992018,0.053443,1.035756
39.080000,-0.000735,0.007982,1.046550,0.485932,-0.000016,-0.003359,-0.027955,0.000009,1.570786,0.290808,1.000000,1.100000,0.000000,0.000000,-1.571000,0.291543,0.992018,0.053450,1.035352
39.082000,0.000236,0.007981,1.046543,0.484484,-0.000016,-0.003447,-0.028510,0.000009,1.570785,0.290339,1.000000,1.100000,0.000000,0.000000,-1.571000,0.290103,0.992019,0.053457,1.034948
39.084000,0.001203,0.007981,1.046536,0.483028,-0.000016,-0.003520,-0.029059,0.000009,1.570784,0.289859,1.000000,1.100000,0.000000,0.000000,-1.571000,0.288655,0.992019,0.053464,1.034544
39.086000,0.002168,0.007981,1.046529,0.481563,-0.000015,-0.003578,-0.029611,0.000009,1.570784,0.289367,1.000000,1.100000,0.000000,0.000000,-1.571000,0.287199,0.992019,0.053471,1.034139
39.088000,0.003130,0.007981,1.046522,0.480089,-0.000015,-0.003625,-0.030177,0.000009,1.570784,0.288864,1.000000,1.100000,0.000000,0.000000,-1.571000,0.285734,0.992019,0.053478,1.033733
39.090000,0.004089,0.007981,1.046515,0.478607,-0.000015,-0.003659,-0.030762,0.000009,1.570784,0.288350,1.000000,1.100000,0.000000,0.000000,-1.571000,0.284261,0.992019,0.053485,1.033327
39.092000,0.005045,0.007981,1.046507,0.477115,-0.000015,-0.003684,-0.031375,0.000010,1.570784,0.287824,1.000000,1.100000,0.000000,0.000000,-1.571000,0.282779,0.992019,0.053493,1.032921
39.094000,0.005998,0.007981,1.046500,0.475614,-0.000015,-0.003699,-0.032022,0.000010,1.570784,0.287286,1.000000,1.100000,0.000000,0.000000,-1.571000,0.281289,0.992019,0.053500,1.032515
39.096000,0.006948,0.007981,1.046493,0.474103,-0.000014,-0.003706,-0.032708,0.000010,1.570785,0.286738,1.000000,1.100000,0.000000,0.000000,-1.571000,0.279790,0.992019,0.053507,1.032108
39.098000,0.007895,0.007981,1.046485,0.472580,-0.000014,-0.003705,-0.033439,0.000010,1.570786,0.286178,1.000000,1.100000,0.000000,0.000000,-1.571000,0.278283,0.992019,0.053515,1.031701
39.100000,0.008838,0.007981,1.046478,0.471046,-0.000014,-0.003698,-0.034217,0.000011,1.570787,0.285607,1.000000,1.100000,0.000000,0.000000,-1.571000,0.276768,0.992019,0.053522,1.031294
39.102000,0.009779,0.007981,1.046470,0.469498,-0.000014,-0.003685,-0.035048,0.000011,1.570789,0.285024,1.000000,1.100000,0.000000,0.000000,-1.571000,0.275245,0.992019,0.053530,1.030886
39.104000,0.010717,0.007981,1.046463,0.467937,-0.000013,-0.003667,-0.035933,0.000011,1.570791,0.284431,1.000000,1.100000,0.000000,0.000000,-1.571000,0.273714,0.992019,0.053537,1.030479
39.106000,0.011651,0.007981,1.046456,0.466361,-0.000013,-0.003644,-0.036875,0.000012,1.570793,0.283826,1.000000,1.100000,0.000000,0.000000,-1.571000,0.272174,0.992019,0.053544,1.030071
39.108000,0.012583,0.007981,1.046448,0.464769,-0.000013,-0.003617,-0.037877,0.000012,1.570795,0.283209,1.000000,1.100000,0.000000,0.000000,-1.571000,0.270627,0.992019,0.053552,1.029664
39.110000,0.013511,0.007981,1.046441,0.463159,-0.000013,-0.003586,-0.038939,0.000012,1.570798,0.282582,1.000000,1.100000,0.000000,0.000000,-1.571000,0.269072,0.992019,0.053559,1.029257
39.112000,0.014435,0.007981,1.046434,0.461532,-0.000012,-0.003552,-0.040062,0.000013,1.570801,0.281944,1.000000,1.100000,0.000000,0.000000,-1.571000,0.267508,0.992019,0.053566,1.028850
39.114000,0.015357,0.007981,1.046427,0.459885,-0.000012,-0.003516,-0.041247,0.000013,1.570804,0.281294,1.000000,1.100000,0.000000,0.000000,-1.571000,0.265937,0.992019,0.053573,1.028443
39.116000,0.016275,0.007981,1.046420,0.458217,-0.000012,-0.003477,-0.042493,0.000014,1.570808,0.280633,1.000000,1.100000,0.000000,0.000000,-1.571000,0.264358,0.992019,0.053580,1.028036
39.118000,0.017190,0.007981,1.046413,0.456528,-0.000012,-0.003436,-0.043801,0.000014,1.570811,0.279961,1.000000,1.100000,0.000000,0.000000,-1.571000,0.262771,0.992019,0.053587,1.027629
39.120000,0.018101,0.007981,1.046406,0.454816,-0.000011,-0.003393,-0.045170,0.000014,1.570815,0.279279,1.000000,1.100000,0.000000,0.000000,-1.571000,0.261177,0.992019,0.053594,1.027223
39.122000,0.019009,0.007981,1.046400,0.453079,-0.000011,-0.003349,-0.046598,0.000015,1.570819,0.278585,1.000000,1.100000,0.000000,0.000000,-1.571000,0.259575,0.992019,0.053600,1.026817
39.124000,0.019914,0.007981,1.046393,0.451318,-0.000011,-0.003304,-0.048084,0.000015,1.570822,0.277880,1.000000,1.100000,0.000000,0.000000,-1.571000,0.257966,0.992019,0.053607,1.026412
39.126000,0.020815,0.007981,1.046386,0.449530,-0.000010,-0.003258,-0.049626,0.000016,1.570826,0.277164,1.000000,1.100000,0.000000,0.000000,-1.571000,0.256349,0.992019,0.053614,1.026007
39.128000,0.021712,0.007981,1.046380,0.447715,-0.000010,-0.003212,-0.051223,0.000016,1.570830,0.276437,1.000000,1.100000,0.000000,0.000000,-1.571000,0.254725,0.992019,0.053620,1.025603
39.130000,0.022605,0.007981,1.046374,0.445871,-0.000010,-0.003166,-0.052871,0.000016,1.570834,0.275699,1.000000,1.100000,0.000000,0.000000,-1.571000,0.253094,0.992019,0.053626,1.025200
39.132000,0.023495,0.007981,1.046367,0.443998,-0.000009,-0.003120,-0.054570,0.000016,1.570838,0.274951,1.000000,1.100000,0.000000,0.000000,-1.571000,0.251456,0.992019,0.053633,1.024797
39.134000,0.024381,0.007981,1.046361,0.442095,-0.000009,-0.003074,-0.056315,0.000017,1.570842,0.274191,1.000000,1.100000,0.000000,0.000000,-1.571000,0.249810,0.992019,0.053639,1.024395
39.136000,0.025263,0.007981,1.046355,0.440162,-0.000009,-0.003029,-0.058105,0.000017,1.570845,0.273421,1.000000,1.100000,0.000000,0.000000,-1.571000,0.248158,0.992019,0.053645,1.023993
39.138000,0.026142,0.007981,1.046349,0.438196,-0.000009,-0.002985,-0.059935,0.000017,1.570849,0.272640,1.000000,1.100000,0.000000,0.000000,-1.571000,0.246498,0.992019,0.053651,1.023593
39.140000,0.027016,0.007981,1.046343,0.436198,-0.000008,-0.002942,-0.061804,0.000017,1.570852,0.271848,1.000000,1.100000,0.000000,0.000000,-1.571000,0.244832,0.992019,0.053657,1.023193
39.142000,0.027886,0.007981,1.046337,0.434166,-0.000008,-0.002900,-0.063708,0.000018,1.570855,0.271045,1.000000,1.100000,0.000000,0.000000,-1.571000,0.243159,0.992019,0.053663,1.022794
39.144000,0.028752,0.007981,1.046332,0.432101,-0.000008,-0.002860,-0.065643,0.000018,1.570858,0.270232,1.000000,1.100000,0.000000,0.000000,-1.571000,0.241480,0.992019,0.053668,1.022397
39.146000,0.029614,0.007981,1.046326,0.430002,-0.000007,-0.002822,-0.067605,0.000018,1.570861,0.269408,1.000000,1.100000,0.000000,0.000000,-1.571000,0.239794,0.992019,0.053674,1.022000
39.148000,0.030472,0.007981,1.046320,0.427868,-0.000007,-0.002786,-0.069593,0.000018,1.570863,0.268574,1.000000,1.100000,0.000000,0.000000,-1.571000,0.238102,0.992019,0.053680,1.021605
39.150000,0.031325,0.007981,1.046315,0.425698,-0.000007,-0.002752,-0.071601,0.000018,1.570865,0.267729,1.000000,1.100000,0.000000,0.000000,-1.571000,0.236403,0.992019,0.053685,1.021211
39.152000,0.032174,0.007981,1.046309,0.423494,-0.000007,-0.002721,-0.073626,0.000018,1.570867,0.266873,1.000000,1.100000,0.000000,0.000000,-1.571000,0.234699,0.992019,0.053691,1.020818
39.154000,0.033019,0.007981,1.046304,0.421253,-0.000006,-0.002692,-0.075665,0.000018,1.570868,0.266006,1.000000,1.100000,0.000000,0.000000,-1.571000,0.232988,0.992019,0.053696,1.020426
39.156000,0.033858,0.007981,1.046299,0.418977,-0.000006,-0.002667,-0.077713,0.000018,1.570869,0.265130,1.000000,1.100000,0.000000,0.000000,-1.571000,0.231271,0.992019,0.053701,1.020036
39.158000,0.034694,0.007981,1.046293,0.416665,-0.000006,-0.002644,-0.079769,0.000018,1.570870,0.264242,1.000000,1.100000,0.000000,0.000000,-1.571000,0.229549,0.992019,0.053707,1.019647
39.160000,0.035524,0.007981,1.046288,0.414316,-0.000006,-0.002624,-0.081827,0.000019,1.570870,0.263345,1.000000,1.100000,0.000000,0.000000,-1.571000,0.227820,0.992019,0.053712,1.019259
39.162000,0.036350,0.007981,1.046283,0.411932,-0.000005,-0.002604,-0.083885,0.000019,1.570870,0.262437,1.000000,1.100000,0.000000,0.000000,-1.571000,0.226086,0.992019,0.053717,1.018873
39.164000,0.037171,0.007981,1.046278,0.409511,-0.000005,-0.002583,-0.085940,0.000019,1.570870,0.261518,1.000000,1.100000,0.000000,0.000000,-1.571000,0.224347,0.992019,0.053722,1.018489
39.166000,0.037988,0.007981,1.046273,0.407054,-0.000005,-0.002561,-0.087992,0.000019,1.570869,0.260589,1.000000,1.100000,0.000000,0.000000,-1.571000,0.222602,0.992019,0.053727,1.018106
39.168000,0.038799,0.007981,1.046267,0.404561,-0.000005,-0.002539,-0.090039,0.000019,1.570868,0.259650,1.000000,1.100000,0.000000,0.000000,-1.571000,0.220852,0.992019,0.053733,1.017725
39.170000,0.039605,0.007981,1.046262,0.402032,-0.000004,-0.002517,-0.092077,0.000019,1.570866,0.258701,1.000000,1.100000,0.000000,0.000000,-1.571000,0.219096,0.992019,0.053738,1.017346
39.172000,0.040406,0.007981,1.046257,0.399468,-0.000004,-0.002495,-0.094105,0.000019,1.570865,0.257742,1.000000,1.100000,0.000000,0.000000,-1.571000,0.217336,0.992019,0.053743,1.016969
39.174000,0.041202,0.007981,1.046252,0.396869,-0.000004,-0.002474,-0.096122,0.000019,1.570863,0.256772,1.000000,1.100000,0.000000,0.000000,-1.571000,0.215570,0.992019,0.053748,1.016593
39.176000,0.041992,0.007981,1.046248,0.394235,-0.000004,-0.002455,-0.098124,0.000019,1.570860,0.255792,1.000000,1.100000,0.000000,0.000000,-1.571000,0.213800,0.992019,0.053752,1.016220
39.178000,0.042778,0.007981,1.046243,0.391566,-0.000003,-0.002437,-0.100110,0.000019,1.570858,0.254802,1.000000,1.100000,0.000000,0.000000,-1.571000,0.212025,0.992019,0.053757,1.015848
39.180000,0.043557,0.007981,1.046238,0.388864,-0.000003,-0.002421,-0.102078,0.000019,1.570855,0.253802,1.000000,1.100000,0.000000,0.000000,-1.571000,0.210245,0.992019,0.053762,1.015478
39.182000,0.044332,0.007981,1.046233,0.386127,-0.000003,-0.002406,-0.104026,0.000019,1.570852,0.252792,1.000000,1.100000,0.000000,0.000000,-1.571000,0.208460,0.992019,0.053767,1.015110
39.184000,0.045101,0.007981,1.046228,0.383358,-0.000003,-0.002395,-0.105951,0.000019,1.570848,0.251772,1.000000,1.100000,0.000000,0.000000,-1.571000,0.206671,0.992019,0.053772,1.014745
39.186000,0.045864,0.007981,1.046223,0.380556,-0.000002,-0.002385,-0.107853,0.000018,1.570845,0.250742,1.000000,1.100000,0.000000,0.000000,-1.571000,0.204878,0.992019,0.053777,1.014381
39.188000,0.046622,0.007981,1.046219,0.377721,-0.000002,-0.002378,-0.109728,0.000018,1.570841,0.249702,1.000000,1.100000,0.000000,0.000000,-1.571000,0.203081,0.992019,0.053781,1.014020
39.190000,0.047374,0.007981,1.046214,0.374856,-0.000002,-0.002374,-0.111576,0.000018,1.570837,0.248653,1.000000,1.100000,0.000000,0.000000,-1.571000,0.201279,0.992019,0.053786,1.013661
39.192000,0.048120,0.007981,1.046209,0.371959,-0.000001,-0.002372,-0.113395,0.000018,1.570833,0.247593,1.000000,1.100000,0.000000,0.000000,-1.571000,0.199474,0.992019,0.053791,1.013304
39.194000,0.048860,0.007981,1.046204,0.369033,-0.000001,-0.002374,-0.115182,0.000017,1.570829,0.246524,1.000000,1.100000,0.000000,0.000000,-1.571000,0.197664,0.992019,0.053796,1.012950
39.196000,0.049594,0.007981,1.046200,0.366077,-0.000001,-0.002378,-0.116936,0.000017,1.570824,0.245445,1.000000,1.100000,0.000000,0.000000,-1.571000,0.195851,0.992019,0.053800,1.012598
39.198000,0.050323,0.007981,1.046195,0.363092,-0.000001,-0.002386,-0.118657,0.000016,1.570820,0.244356,1.000000,1.100000,0.000000,0.000000,-1.571000,0.194034,0.992019,0.053805,1.012248
39.200000,0.051045,0.007981,1.046190,0.360079,-0.000000,-0.002397,-0.120342,0.000016,1.570815,0.243258,1.000000,1.100000,0.000000,0.000000,-1.571000,0.192213,0.992019,0.053810,1.011901
39.202000,0.051761,0.007981,1.046185,0.357039,-0.000000,-0.002411,-0.121990,0.000015,1.570811,0.242150,1.000000,1.100000,0.000000,0.000000,-1.571000,0.190389,0.992019,0.053815,1.011556
39.204000,0.052472,0.007981,1.046180,0.353972,0.000000,-0.002428,-0.123600,0.000015,1.570806,0.241032,1.000000,1.100000,0.000000,0.000000,-1.571000,0.188561,0.992019,0.053820,1.011214
39.206000,0.053176,0.007981,1.046175,0.350880,0.000000,-0.002448,-0.125171,0.000014,1.570802,0.239905,1.000000,1.100000,0.000000,0.000000,-1.571000,0.186730,0.992019,0.053825,1.010875
39.208000,0.053873,0.007981,1.046171,0.347762,0.000001,-0.002472,-0.126702,0.000014,1.570797,0.238769,1.000000,1.100000,0.000000,0.000000,-1.571000,0.184896,0.992019,0.053829,1.010538
39.210000,0.054565,0.007981,1.046166,0.344621,0.000001,-0.002499,-0.128192,0.000013,1.570793,0.237623,1.000000,1.100000,0.000000,0.000000,-1.571000,0.183058,0.992019,0.053834,1.010203
39.212000,0.055250,0.007981,1.046160,0.341457,0.000001,-0.002529,-0.129641,0.000012,1.570788,0.236468,1.000000,1.100000,0.000000,0.000000,-1.571000,0.181218,0.992019,0.053840,1.009872
39.214000,0.055929,0.007981,1.046155,0.338270,0.000001,-0.002562,-0.131047,0.000012,1.570784,0.235303,1.000000,1.100000,0.000000,0.000000,-1.571000,0.179374,0.992019,0.053845,1.009543
39.216000,0.056601,0.007981,1.046150,0.335062,0.000002,-0.002599,-0.132411,0.000011,1.570779,0.234129,1.000000,1.100000,0.000000,0.000000,-1.571000,0.177528,0.992019,0.053850,1.009217
39.218000,0.057267,0.007981,1.046145,0.331834,0.000002,-0.002639,-0.133732,0.000010,1.570775,0.232946,1.000000,1.100000,0.000000,0.000000,-1.571000,0.175679,0.992019,0.053855,1.008893
39.220000,0.057927,0.007981,1.046140,0.328585,0.000002,-0.002681,-0.135009,0.000009,1.570771,0.231754,1.000000,1.100000,0.000000,0.000000,-1.571000,0.173827,0.992019,0.053860,1.008573
39.222000,0.058580,0.007981,1.046134,0.325318,0.000002,-0.002724,-0.136244,0.000008,1.570767,0.230552,1.000000,1.100000,0.000000,0.000000,-1.571000,0.171972,0.992019,0.053866,1.008255
39.224000,0.059226,0.007981,1.046129,0.322032,0.000003,-0.002766,-0.137436,0.000008,1.570763,0.229341,1.000000,1.100000,0.000000,0.000000,-1.571000,0.170115,0.992019,0.053871,1.007940
39.226000,0.059866,0.007981,1.046123,0.318729,0.000003,-0.002806,-0.138589,0.000007,1.570759,0.228122,1.000000,1.100000,0.000000,0.000000,-1.571000,0.168256,0.992019,0.053877,1.007629
39.228000,0.060499,0.007981,1.046117,0.315409,0.000003,-0.002844,-0.139703,0.000006,1.570755,0.226893,1.000000,1.100000,0.000000,0.000000,-1.571000,0.166394,0.992019,0.053883,1.007320
39.230000,0.061125,0.007981,1.046112,0.312073,0.000003,-0.002882,-0.140779,0.000005,1.570752,0.225655,1.000000,1.100000,0.000000,0.000000,-1.571000,0.164530,0.992019,0.053888,1.007014
39.232000,0.061745,0.007981,1.046106,0.308722,0.000004,-0.002920,-0.141819,0.000004,1.570749,0.224409,1.000000,1.100000,0.000000,0.000000,-1.571000,0.162664,0.992019,0.053894,1.006711
39.234000,0.062358,0.007981,1.046100,0.305356,0.000004,-0.002957,-0.142824,0.000003,1.570746,0.223154,1.000000,1.100000,0.000000,0.000000,-1.571000,0.160796,0.992019,0.053900,1.006411
39.236000,0.062964,0.007981,1.046094,0.301977,0.000004,-0.002994,-0.143796,0.000002,1.570743,0.221889,1.000000,1.100000,0.000000,0.000000,-1.571000,0.158925,0.992019,0.053906,1.006114
39.238000,0.063564,0.007981,1.046088,0.298585,0.000004,-0.003032,-0.144735,0.000001,1.570741,0.220616,1.000000,1.100000,0.000000,0.000000,-1.571000,0.157053,0.992019,0.053912,1.005820
39.240000,0.064156,0.007981,1.046082,0.295180,0.000004,-0.003069,-0.145643,0.000000,1.570739,0.219335,1.000000,1.100000,0.000000,0.000000,-1.571000,0.155178,0.992019,0.053918,1.005530
39.242000,0.064742,0.007981,1.046076,0.291764,0.000004,-0.003107,-0.146521,-0.000001,1.570737,0.218044,1.000000,1.100000,0.000000,0.000000,-1.571000,0.153302,0.992019,0.053924,1.005242
39.244000,0.065321,0.007981,1.046069,0.288337,0.000005,-0.003146,-0.147370,-0.000002,1.570735,0.216745,1.000000,1.100000,0.000000,0.000000,-1.571000,0.151424,0.992019,0.053931,1.004958
39.246000,0.065893,0.007981,1.046063,0.284900,0.000005,-0.003185,-0.148191,-0.000002,1.570734,0.215438,1.000000,1.100000,0.000000,0.000000,-1.571000,0.149545,0.992019,0.053937,1.004677
39.248000,0.066458,0.007981,1.046056,0.281453,0.000005,-0.003225,-0.148985,-0.000003,1.570732,0.214122,1.000000,1.100000,0.000000,0.000000,-1.571000,0.147663,0.992019,0.053944,1.004399
39.250000,0.067017,0.007981,1.046050,0.277997,0.000005,-0.003266,-0.149753,-0.000004,1.570731,0.212797,1.000000,1.100000,0.000000,0.000000,-1.571000,0.145781,0.992019,0.053950,1.004124
39.252000,0.067568,0.007981,1.046043,0.274532,0.000005,-0.003308,-0.150496,-0.000004,1.570731,0.211465,1.000000,1.100000,0.000000,0.000000,-1.571000,0.143896,0.992019,0.053957,1.003853
39.254000,0.068113,0.007981,1.046037,0.271059,0.000005,-0.003350,-0.151216,-0.000005,1.570730,0.210123,1.000000,1.100000,0.000000,0.000000,-1.571000,0.142011,0.992019,0.053963,1.003584
39.256000,0.068650,0.007981,1.046030,0.267579,0.000005,-0.003394,-0.151912,-0.000005,1.570730,0.208774,1.000000,1.100000,0.000000,0.000000,-1.571000,0.140124,0.992019,0.053970,1.003319
39.258000,0.069180,0.007981,1.046023,0.264091,0.000005,-0.003439,-0.152587,-0.000006,1.570730,0.207416,1.000000,1.100000,0.000000,0.000000,-1.571000,0.138236,0.992019,0.053977,1.003058
39.260000,0.069704,0.007981,1.046016,0.260596,0.000005,-0.003484,-0.153240,-0.000006,1.570730,0.206050,1.000000,1.100000,0.000000,0.000000,-1.571000,0.136346,0.992019,0.053984,1.002800
39.262000,0.070220,0.007981,1.046009,0.257095,0.000006,-0.003531,-0.153874,-0.000006,1.570730,0.204676,1.000000,1.100000,0.000000,0.000000,-1.571000,0.134456,0.992019,0.053991,1.002545
39.264000,0.070730,0.007981,1.046002,0.253589,0.000006,-0.003579,-0.154487,-0.000006,1.570731,0.203294,1.000000,1.100000,0.000000,0.000000,-1.571000,0.132564,0.992019,0.053998,1.002293
39.266000,0.071232,0.007981,1.045995,0.250076,0.000006,-0.003628,-0.155082,-0.000007,1.570732,0.201904,1.000000,1.100000,0.000000,0.000000,-1.571000,0.130672,0.992019,0.054005,1.002045
39.268000,0.071728,0.007981,1.045987,0.246559,0.000006,-0.003677,-0.155659,-0.000007,1.570733,0.200506,1.000000,1.100000,0.000000,0.000000,-1.571000,0.128778,0.992019,0.054013,1.001800
39.270000,0.072216,0.007981,1.045980,0.243037,0.000006,-0.003728,-0.156219,-0.000007,1.570734,0.199100,1.000000,1.100000,0.000000,0.000000,-1.571000,0.126884,0.992019,0.054020,1.001559
39.272000,0.072697,0.007981,1.045972,0.239510,0.000006,-0.003779,-0.156762,-0.000007,1.570735,0.197686,1.000000,1.100000,0.000000,0.000000,-1.571000,0.124988,0.992019,0.054028,1.001321
39.274000,0.073171,0.007981,1.045965,0.235980,0.000006,-0.003831,-0.157290,-0.000007,1.570736,0.196264,1.000000,1.100000,0.000000,0.000000,-1.571000,0.123093,0.992019,0.054035,1.001086
39.276000,0.073638,0.007981,1.045957,0.232445,0.000006,-0.003885,-0.157802,-0.000006,1.570738,0.194834,1.000000,1.100000,0.000000,0.000000,-1.571000,0.121196,0.992019,0.054043,1.000855
39.278000,0.074099,0.007981,1.045949,0.228907,0.000006,-0.003939,-0.158300,-0.000006,1.570739,0.193397,1.000000,1.100000,0.000000,0.000000,-1.571000,0.119299,0.992019,0.054051,1.000628
39.280000,0.074551,0.007981,1.045941,0.225366,0.000006,-0.003994,-0.158784,-0.000006,1.570741,0.191952,1.000000,1.100000,0.000000,0.000000,-1.571000,0.117401,0.992019,0.054059,1.000404
39.282000,0.074997,0.007981,1.045933,0.221822,0.000006,-0.004046,-0.159254,-0.000006,1.570743,0.190500,1.000000,1.100000,0.000000,0.000000,-1.571000,0.115503,0.992019,0.054067,1.000183
39.284000,0.075436,0.007981,1.045925,0.218273,0.000006,-0.004092,-0.159712,-0.000006,1.570745,0.189040,1.000000,1.100000,0.000000,0.000000,-1.571000,0.113604,0.992019,0.054075,0.999966
39.286000,0.075868,0.007981,1.045917,0.214721,0.000006,-0.004133,-0.160158,-0.000005,1.570747,0.187573,1.000000,1.100000,0.000000,0.000000,-1.571000,0.111705,0.992019,0.054083,0.999752
39.288000,0.076292,0.007981,1.045908,0.211166,0.000006,-0.004168,-0.160591,-0.000005,1.570749,0.186098,1.000000,1.100000,0.000000,0.000000,-1.571000,0.109806,0.992019,0.054092,0.999542
39.290000,0.076710,0.007981,1.045900,0.207609,0.000006,-0.004199,-0.161013,-0.000004,1.570751,0.184616,1.000000,1.100000,0.000000,0.000000,-1.571000,0.107906,0.992019,0.054100,0.999336
39.292000,0.077120,0.007981,1.045891,0.204049,0.000006,-0.004225,-0.161425,-0.000004,1.570753,0.183127,1.000000,1.100000,0.000000,0.000000,-1.571000,0.106007,0.992019,0.054109,0.999133
39.294000,0.077523,0.007981,1.045883,0.200486,0.000006,-0.004249,-0.161825,-0.000004,1.570755,0.181630,1.000000,1.100000,0.000000,0.000000,-1.571000,0.104107,0.992019,0.054117,0.998934
39.296000,0.077919,0.007981,1.045874,0.196922,0.000006,-0.004269,-0.162216,-0.000003,1.570757,0.180126,1.000000,1.100000,0.000000,0.000000,-1.571000,0.102207,0.992019,0.054126,0.998738
39.298000,0.078308,0.007981,1.045866,0.193357,0.000006,-0.004286,-0.162597,-0.000003,1.570759,0.178615,1.000000,1.100000,0.000000,0.000000,-1.571000,0.100307,0.992019,0.054134,0.998546
39.300000,0.078690,0.007981,1.045857,0.189789,0.000006,-0.004301,-0.162968,-0.000002,1.570762,0.177097,1.000000,1.100000,0.000000,0.000000,-1.571000,0.098407,0.992019,0.054143,0.998357
39.302000,0.079064,0.007981,1.045849,0.186221,0.000006,-0.004314,-0.163331,-0.000002,1.570764,0.175572,1.000000,1.100000,0.000000,0.000000,-1.571000,0.096508,0.992019,0.054151,0.998172
39.304000,0.079432,0.007981,1.045840,0.182652,0.000007,-0.004326,-0.163684,-0.000002,1.570766,0.174040,1.000000,1.100000,0.000000,0.000000,-1.571000,0.094608,0.992019,0.054160,0.997991
39.306000,0.079792,0.007981,1.045831,0.179082,0.000007,-0.004335,-0.164029,-0.000001,1.570768,0.172502,1.000000,1.100000,0.000000,0.000000,-1.571000,0.092709,0.992019,0.054169,0.997813
39.308000,0.080145,0.007981,1.045823,0.175512,0.000007,-0.004344,-0.164366,-0.000001,1.570770,0.170956,1.000000,1.100000,0.000000,0.000000,-1.571000,0.090811,0.992019,0.054177,0.997639
39.310000,0.080491,0.007981,1.045814,0.171941,0.000007,-0.004351,-0.164695,-0.000001,1.570772,0.169404,1.000000,1.100000,0.000000,0.000000,-1.571000,0.088912,0.992019,0.054186,0.997468
39.312000,0.080830,0.007981,1.045805,0.168370,0.000007,-0.004357,-0.165016,-0.000000,1.570774,0.167845,1.000000,1.100000,0.000000,0.000000,-1.571000,0.087014,0.992019,0.054195,0.997301
39.314000,0.081162,0.007981,1.045796,0.164800,0.000007,-0.004363,-0.165329,-0.000000,1.570777,0.166279,1.000000,1.100000,0.000000,0.000000,-1.571000,0.085117,0.992019,0.054204,0.997138
39.316000,0.081486,0.007981,1.045788,0.161229,0.000007,-0.004368,-0.165635,0.000000,1.570779,0.164707,1.000000,1.100000,0.000000,0.000000,-1.571000,0.083220,0.992019,0.054212,0.996979
39.318000,0.081804,0.007981,1.045779,0.157659,0.000007,-0.004372,-0.165933,0.000000,1.570781,0.163128,1.000000,1.100000,0.000000,0.000000,-1.571000,0.081324,0.992019,0.054221,0.996823
39.320000,0.082114,0.007981,1.045770,0.154090,0.000007,-0.004377,-0.166225,0.000001,1.570783,0.161543,1.000000,1.100000,0.000000,0.000000,-1.571000,0.079429,0.992019,0.054230,0.996670
39.322000,0.082417,0.007981,1.045761,0.150521,0.000007,-0.004380,-0.166509,0.000001,1.570784,0.159951,1.000000,1.100000,0.000000,0.000000,-1.571000,0.077534,0.992019,0.054239,0.996521
39.324000,0.082713,0.007981,1.045753,0.146954,0.000007,-0.004384,-0.166787,0.000001,1.570786,0.158354,1.000000,1.100000,0.000000,0.000000,-1.571000,0.075640,0.992019,0.054247,0.996376
39.326000,0.083002,0.007981,1.045744,0.143387,0.000007,-0.004388,-0.167058,0.000001,1.570788,0.156750,1.000000,1.100000,0.000000,0.000000,-1.571000,0.073747,0.992019,0.054256,0.996235
39.328000,0.083284,0.007981,1.045735,0.139822,0.000007,-0.004391,-0.167323,0.000001,1.570790,0.155139,1.000000,1.100000,0.000000,0.000000,-1.571000,0.071855,0.992019,0.054265,0.996097
39.330000,0.083558,0.007981,1.045726,0.136257,0.000007,-0.004395,-0.167581,0.000001,1.570792,0.153523,1.000000,1.100000,0.000000,0.000000,-1.571000,0.069964,0.992019,0.054274,0.995963
39.332000,0.083826,0.007981,1.045717,0.132695,0.000007,-0.004399,-0.167833,0.000001,1.570793,0.151900,1.000000,1.100000,0.000000,0.000000,-1.571000,0.068075,0.992019,0.054283,0.995832
39.334000,0.084086,0.007981,1.045709,0.129134,0.000007,-0.004403,-0.168078,0.000001,1.570795,0.150272,1.000000,1.100000,0.000000,0.000000,-1.571000,0.066186,0.992019,0.054291,0.995706
39.336000,0.084339,0.007981,1.045700,0.125574,0.000007,-0.004407,-0.168317,0.000001,1.570796,0.148638,1.000000,1.100000,0.000000,0.000000,-1.571000,0.064298,0.992019,0.054300,0.995582
39.338000,0.084585,0.007981,1.045691,0.122017,0.000007,-0.004411,-0.168551,0.000001,1.570798,0.146997,1.000000,1.100000,0.000000,0.000000,-1.571000,0.062412,0.992019,0.054309,0.995463
39.340000,0.084824,0.007981,1.045682,0.118461,0.000007,-0.004415,-0.168778,0.000001,1.570799,0.145351,1.000000,1.100000,0.000000,0.000000,-1.571000,0.060527,0.992019,0.054318,0.995347
39.342000,0.085056,0.007981,1.045673,0.114908,0.000007,-0.004420,-0.168999,0.000001,1.570801,0.143699,1.000000,1.100000,0.000000,0.000000,-1.571000,0.058643,0.992019,0.054327,0.995234
39.344000,0.085281,0.007981,1.045664,0.111356,0.000007,-0.004425,-0.169214,0.000001,1.570802,0.142042,1.000000,1.100000,0.000000,0.000000,-1.571000,0.056761,0.992019,0.054336,0.995126
39.346000,0.085498,0.007981,1.045656,0.107808,0.000007,-0.004431,-0.169424,0.000001,1.570803,0.140379,1.000000,1.100000,0.000000,0.000000,-1.571000,0.054880,0.992019,0.054344,0.995021
39.348000,0.085709,0.007981,1.045647,0.104261,0.000007,-0.004437,-0.169628,0.000001,1.570804,0.138710,1.000000,1.100000,0.000000,0.000000,-1.571000,0.053001,0.992019,0.054353,0.994919
39.350000,0.085912,0.007981,1.045638,0.100717,0.000007,-0.004443,-0.169826,0.000002,1.570806,0.137036,1.000000,1.100000,0.000000,0.000000,-1.571000,0.051124,0.992019,0.054362,0.994822
39.352000,0.086109,0.007981,1.045629,0.097176,0.000007,-0.004449,-0.170018,0.000002,1.570807,0.135357,1.000000,1.100000,0.000000,0.000000,-1.571000,0.049248,0.992019,0.054371,0.994727
39.354000,0.086298,0.007981,1.045620,0.093638,0.000007,-0.004456,-0.170205,0.000002,1.570808,0.133672,1.000000,1.100000,0.000000,0.000000,-1.571000,0.047374,0.992019,0.054380,0.994637
39.356000,0.086480,0.007981,1.045611,0.090102,0.000007,-0.004464,-0.170386,0.000002,1.570809,0.131982,1.000000,1.100000,0.000000,0.000000,-1.571000,0.045502,0.992019,0.054389,0.994550
39.358000,0.086655,0.007981,1.045602,0.086570,0.000007,-0.004471,-0.170561,0.000002,1.570810,0.130286,1.000000,1.100000,0.000000,0.000000,-1.571000,0.043631,0.992019,0.054398,0.994467
39.360000,0.086823,0.007981,1.045593,0.083040,0.000007,-0.004479,-0.170732,0.000002,1.570811,0.128586,1.000000,1.100000,0.000000,0.000000,-1.571000,0.041763,0.992019,0.054407,0.994387
39.362000,0.086984,0.007981,1.045584,0.079513,0.000007,-0.004483,-0.170896,0.000003,1.570811,0.126880,1.000000,1.100000,0.000000,0.000000,-1.571000,0.039896,0.992019,0.054416,0.994311
39.364000,0.087138,0.007981,1.045575,0.075988,0.000007,-0.004479,-0.171056,0.000003,1.570812,0.125170,1.000000,1.100000,0.000000,0.000000,-1.571000,0.038032,0.992019,0.054425,0.994238
39.366000,0.087285,0.007981,1.045566,0.072465,0.000007,-0.004468,-0.171210,0.000003,1.570813,0.123454,1.000000,1.100000,0.000000,0.000000,-1.571000,0.036169,0.992019,0.054434,0.994169
39.368000,0.087425,0.007981,1.045557,0.068944,0.000007,-0.004450,-0.171359,0.000004,1.570814,0.121734,1.000000,1.100000,0.000000,0.000000,-1.571000,0.034309,0.992019,0.054443,0.994104
39.370000,0.087557,0.007981,1.045548,0.065426,0.000007,-0.004427,-0.171503,0.000004,1.570814,0.120009,1.000000,1.100000,0.000000,0.000000,-1.571000,0.032451,0.992019,0.054452,0.994042
39.372000,0.087683,0.007981,1.045540,0.061911,0.000007,-0.004398,-0.171642,0.000004,1.570815,0.118279,1.000000,1.100000,0.000000,0.000000,-1.571000,0.030596,0.992019,0.054460,0.993983
39.374000,0.087802,0.007981,1.045531,0.058398,0.000007,-0.004364,-0.171776,0.000005,1.570816,0.116544,1.000000,1.100000,0.000000,0.000000,-1.571000,0.028742,0.992019,0.054469,0.993928
39.376000,0.087913,0.007981,1.045522,0.054889,0.000007,-0.004326,-0.171905,0.000005,1.570816,0.114805,1.000000,1.100000,0.000000,0.000000,-1.571000,0.026892,0.992019,0.054478,0.993877
39.378000,0.088018,0.007981,1.045514,0.051383,0.000007,-0.004285,-0.172029,0.000006,1.570817,0.113061,1.000000,1.100000,0.000000,0.000000,-1.571000,0.025043,0.992019,0.054486,0.993829
39.380000,0.088116,0.007982,1.045505,0.047880,0.000007,-0.004239,-0.172148,0.000006,1.570817,0.111313,1.000000,1.100000,0.000000,0.000000,-1.571000,0.023197,0.992018,0.054495,0.993785
39.382000,0.088206,0.007982,1.045497,0.044381,0.000007,-0.004191,-0.172262,0.000006,1.570818,0.109561,1.000000,1.100000,0.000000,0.000000,-1.571000,0.021354,0.992018,0.054503,0.993744
39.384000,0.088290,0.007982,1.045488,0.040885,0.000007,-0.004140,-0.172372,0.000007,1.570818,0.107804,1.000000,1.100000,0.000000,0.000000,-1.571000,0.019514,0.992018,0.054512,0.993707
39.386000,0.088366,0.007982,1.045480,0.037394,0.000007,-0.004087,-0.172478,0.000007,1.570819,0.106042,1.000000,1.100000,0.000000,0.000000,-1.571000,0.017676,0.992018,0.054520,0.993673
39.388000,0.088436,0.007982,1.045472,0.033906,0.000007,-0.004031,-0.172579,0.000007,1.570819,0.104277,1.000000,1.100000,0.000000,0.000000,-1.571000,0.015841,0.992018,0.054528,0.993642
39.390000,0.088499,0.007982,1.045464,0.030422,0.000007,-0.003974,-0.172675,0.000008,1.570819,0.102508,1.000000,1.100000,0.000000,0.000000,-1.571000,0.014009,0.992018,0.054536,0.993615
39.392000,0.088554,0.007982,1.045456,0.026943,0.000007,-0.003914,-0.172768,0.000008,1.570820,0.100734,1.000000,1.100000,0.000000,0.000000,-1.571000,0.012180,0.992018,0.054544,0.993591
39.394000,0.088603,0.007982,1.045448,0.023468,0.000007,-0.003853,-0.172856,0.000008,1.570820,0.098957,1.000000,1.100000,0.000000,0.000000,-1.571000,0.010353,0.992018,0.054552,0.993571
39.396000,0.088645,0.007982,1.045441,0.019997,0.000008,-0.003791,-0.172940,0.000008,1.570820,0.097175,1.000000,1.100000,0.000000,0.000000,-1.571000,0.008530,0.992018,0.054559,0.993554
39.398000,0.088680,0.007982,1.045433,0.016531,0.000008,-0.003728,-0.173020,0.000008,1.570821,0.095390,1.000000,1.100000,0.000000,0.000000,-1.571000,0.006710,0.992018,0.054567,0.993541
39.400000,0.088708,0.007982,1.045426,0.013069,0.000008,-0.003663,-0.173096,0.000009,1.570821,0.093601,1.000000,1.100000,0.000000,0.000000,-1.571000,0.004893,0.992018,0.054574,0.993530
39.402000,0.088729,0.007982,1.045419,0.009613,0.000008,-0.003597,-0.173168,0.000009,1.570821,0.091808,1.000000,1.100000,0.000000,0.000000,-1.571000,0.003080,0.992018,0.054581,0.993524
39.404000,0.088743,0.007982,1.045412,0.006174,0.000008,-0.003538,-0.173237,0.000009,1.570822,0.090012,1.000000,1.100000,0.000000,0.000000,-1.571000,0.001269,0.992018,0.054588,0.993520
39.406000,0.088750,0.007982,1.045405,0.002733,0.000008,-0.003477,-0.173302,0.000009,1.570822,0.088212,1.000000,1.100000,0.000000,0.000000,-1.571000,-0.000538,0.992018,0.054595,0.993520
39.408000,0.088750,0.007982,1.045398,-0.000709,0.000008,-0.003416,-0.173364,0.000009,1.570822,0.086409,1.000000,1.100000,0.000000,0.000000,-1.571000,-0.002341,0.992018,0.054602,0.993523
39.410000,0.088744,0.007982,1.045391,-0.004152,0.000008,-0.003354,-0.173422,0.000009,1.570823,0.084602,1.000000,1.100000,0.000000,0.000000,-1.571000,-0.004142,0.992018,0.054609,0.993529
39.412000,0.088730,0.007982,1.045384,-0.007597,0.000008,-0.003291,-0.173477,0.000009,1.570823,0.082792,1.000000,1.100000,0.000000,0.000000,-1.571000,-0.005938,0.992018,0.054616,0.993538
39.414000,0.088710,0.007982,1.045378,-0.011032,0.000008,-0.003224,-0.173529,0.000009,1.570823,0.080978,1.000000,1.100000,0.000000,0.000000,-1.571000,-0.007731,0.992018,0.054622,0.993551
39.416000,0.088683,0.007982,1.045372,-0.014454,0.000008,-0.003155,-0.173577,0.000009,1.570823,0.079162,1.000000,1.100000,0.000000,0.000000,-1.571000,-0.009521,0.992018,0.054628,0.993567
39.418000,0.088648,0.007982,1.045365,-0.017870,0.000008,-0.003085,-0.173623,0.000009,1.570824,0.077342,1.000000,1.100000,0.000000,0.000000,-1.571000,-0.011306,0.992018,0.054635,0.993586
39.420000,0.088608,0.007982,1.045359,-0.021281,0.000008,-0.003014,-0.173666,0.000009,1.570824,0.075519,1.000000,1.100000,0.000000,0.000000,-1.571000,-0.013088,0.992018,0.054641,0.993608
39.422000,0.088560,0.007982,1.045353,-0.024687,0.000008,-0.002944,-0.173706,0.000008,1.570824,0.073694,1.000000,1.100000,0.000000,0.000000,-1.571000,-0.014866,0.992018,0.054647,0.993633
39.424000,0.088505,0.007982,1.045348,-0.028087,0.000009,-0.002872,-0.173744,0.000008,1.570824,0.071865,1.000000,1.100000,0.000000,0.000000,-1.571000,-0.016640,0.992018,0.054652,0.993662
39.426000,0.088444,0.007982,1.045342,-0.031482,0.000009,-0.002801,-0.173779,0.000008,1.570825,0.070034,1.000000,1.100000,0.000000,0.000000,-1.571000,-0.018410,0.992018,0.054658,0.993693
39.428000,0.088376,0.007982,1.045336,-0.034871,0.000009,-0.002729,-0.173812,0.000008,1.570825,0.068199,1.000000,1.100000,0.000000,0.000000,-1.571000,-0.020177,0.992018,0.054664,0.993728
39.430000,0.088301,0.007982,1.045331,-0.038255,0.000009,-0.002657,-0.173843,0.000008,1.570825,0.066362,1.000000,1.100000,0.000000,0.000000,-1.571000,-0.021939,0.992018,0.054669,0.993766
39.432000,0.088219,0.007982,1.045326,-0.041633,0.000009,-0.002584,-0.173871,0.000007,1.570825,0.064523,1.000000,1.100000,0.000000,0.000000,-1.571000,-0.023696,0.992018,0.054674,0.993806
39.434000,0.088131,0.007982,1.045321,-0.045006,0.000009,-0.002512,-0.173897,0.000007,1.570825,0.062681,1.000000,1.100000,0.000000,0.000000,-1.571000,-0.025450,0.992018,0.054679,0.993850
39.436000,0.088036,0.007982,1.045316,-0.048372,0.000009,-0.002439,-0.173921,0.000007,1.570826,0.060836,1.000000,1.100000,0.000000,0.000000,-1.571000,-0.027200,0.992018,0.054684,0.993896
39.438000,0.087934,0.007982,1.045311,-0.051733,0.000009,-0.002366,-0.173944,0.000007,1.570826,0.058989,1.000000,1.100000,0.000000,0.000000,-1.571000,-0.028945,0.992018,0.054689,0.993946
39.440000,0.087825,0.007982,1.045307,-0.055089,0.000009,-0.002293,-0.173965,0.000006,1.570826,0.057140,1.000000,1.100000,0.000000,0.000000,-1.571000,-0.030685,0.992018,0.054693,0.993998
39.442000,0.087710,0.007982,1.045302,-0.058438,0.000009,-0.002220,-0.173984,0.000006,1.570826,0.055288,1.000000,1.100000,0.000000,0.000000,-1.571000,-0.032422,0.992018,0.054698,0.994054
39.444000,0.087588,0.007982,1.045298,-0.061782,0.000009,-0.002147,-0.174001,0.000006,1.570826,0.053435,1.000000,1.100000,0.000000,0.000000,-1.571000,-0.034153,0.992018,0.054702,0.994112
39.446000,0.087459,0.007982,1.045294,-0.065120,0.000009,-0.002073,-0.174017,0.000006,1.570826,0.051579,1.000000,1.100000,0.000000,0.000000,-1.571000,-0.035880,0.992018,0.054706,0.994173
39.448000,0.087324,0.007982,1.045289,-0.068452,0.000009,-0.002000,-0.174032,0.000006,1.570827,0.049721,1.000000,1.100000,0.000000,0.000000,-1.571000,-0.037603,0.992018,0.054711,0.994237
39.450000,0.087182,0.007982,1.045286,-0.071778,0.000009,-0.001927,-0.174045,0.000005,1.570827,0.047861,1.000000,1.100000,0.000000,0.000000,-1.571000,-0.039321,0.992018,0.054714,0.994303
39.452000,0.087033,0.007982,1.045282,-0.075099,0.000009,-0.001853,-0.174057,0.000005,1.570827,0.045999,1.000000,1.100000,0.000000,0.000000,-1.571000,-0.041034,0.992018,0.054718,0.994373
39.454000,0.086878,0.007982,1.045278,-0.078413,0.000009,-0.001780,-0.174068,0.000005,1.570827,0.044136,1.000000,1.100000,0.000000,0.000000,-1.571000,-0.042742,0.992018,0.054722,0.994445
39.456000,0.086716,0.007982,1.045275,-0.081722,0.000009,-0.001707,-0.174078,0.000005,1.570827,0.042270,1.000000,1.100000,0.000000,0.000000,-1.571000,-0.044445,0.992018,0.054725,0.994520
39.458000,0.086547,0.007982,1.045271,-0.085025,0.000009,-0.001633,-0.174087,0.000005,1.570827,0.040403,1.000000,1.100000,0.000000,0.000000,-1.571000,-0.046144,0.992018,0.054729,0.994597
39.460000,0.086372,0.007982,1.045268,-0.088321,0.000009,-0.001560,-0.174095,0.000005,1.570827,0.038535,1.000000,1.100000,0.000000,0.000000,-1.571000,-0.047837,0.992018,0.054732,0.994678
39.462000,0.086190,0.007982,1.045265,-0.091612,0.000009,-0.001487,-0.174102,0.000005,1.570827,0.036665,1.000000,1.100000,0.000000,0.000000,-1.571000,-0.049526,0.992018,0.054735,0.994760
39.464000,0.086002,0.007982,1.045262,-0.094897,0.000009,-0.001414,-0.174109,0.000005,1.570827,0.034793,1.000000,1.100000,0.000000,0.000000,-1.571000,-0.051209,0.992018,0.054738,0.994846
39.466000,0.085807,0.007982,1.045260,-0.098176,0.000009,-0.001341,-0.174114,0.000005,1.570827,0.032920,1.000000,1.100000,0.000000,0.000000,-1.571000,-0.052887,0.992018,0.054740,0.994934
39.468000,0.085606,0.007982,1.045257,-0.101449,0.000009,-0.001268,-0.174120,0.000005,1.570827,0.031046,1.000000,1.100000,0.000000,0.000000,-1.571000,-0.054560,0.992018,0.054743,0.995024
39.470000,0.085398,0.007982,1.045255,-0.104716,0.000009,-0.001195,-0.174124,0.000005,1.570827,0.029171,1.000000,1.100000,0.000000,0.000000,-1.571000,-0.056227,0.992018,0.054745,0.995117
39.472000,0.085183,0.007982,1.045252,-0.107977,0.000009,-0.001122,-0.174128,0.000006,1.570827,0.027294,1.000000,1.100000,0.000000,0.000000,-1.571000,-0.057889,0.992018,0.054748,0.995212
39.474000,0.084962,0.007982,1.045250,-0.111232,0.000009,-0.001049,-0.174132,0.000006,1.570827,0.025416,1.000000,1.100000,0.000000,0.000000,-1.571000,-0.059546,0.992018,0.054750,0.995310
39.476000,0.084734,0.007982,1.045248,-0.114481,0.000009,-0.000977,-0.174135,0.000006,1.570827,0.023538,1.000000,1.100000,0.000000,0.000000,-1.571000,-0.061197,0.992018,0.054752,0.995410
39.478000,0.084500,0.007982,1.045246,-0.117724,0.000009,-0.000904,-0.174138,0.000006,1.570827,0.021658,1.000000,1.100000,0.000000,0.000000,-1.571000,-0.062842,0.992018,0.054754,0.995513
39.480000,0.084260,0.007982,1.045245,-0.120961,0.000009,-0.000832,-0.174140,0.000006,1.570827,0.019778,1.000000,1.100000,0.000000,0.000000,-1.571000,-0.064482,0.992018,0.054755,0.995618
39.482000,0.084013,0.007982,1.045243,-0.124192,0.000009,-0.000759,-0.174143,0.000006,1.570827,0.017896,1.000000,1.100000,0.000000,0.000000,-1.571000,-0.066116,0.992018,0.054757,0.995725
39.484000,0.083759,0.007982,1.045242,-0.127418,0.000009,-0.000687,-0.174144,0.000006,1.570826,0.016015,1.000000,1.100000,0.000000,0.000000,-1.571000,-0.067745,0.992018,0.054758,0.995835
39.486000,0.083499,0.007982,1.045241,-0.130637,0.000008,-0.000616,-0.174146,0.000006,1.570826,0.014132,1.000000,1.100000,0.000000,0.000000,-1.571000,-0.069368,0.992018,0.054759,0.995946
39.488000,0.083233,0.007982,1.045239,-0.133850,0.000008,-0.000545,-0.174148,0.000006,1.570826,0.012249,1.000000,1.100000,0.000000,0.000000,-1.571000,-0.070984,0.992018,0.054761,0.996060
39.490000,0.082960,0.007982,1.045238,-0.137058,0.000008,-0.000474,-0.174149,0.000006,1.570826,0.010365,1.000000,1.100000,0.000000,0.000000,-1.571000,-0.072595,0.992018,0.054762,0.996177
39.492000,0.082681,0.007982,1.045238,-0.140259,0.000008,-0.000403,-0.174150,0.000006,1.570826,0.008481,1.000000,1.100000,0.000000,0.000000,-1.571000,-0.074200,0.992018,0.054762,0.996295
39.494000,0.082396,0.007982,1.045237,-0.143454,0.000008,-0.000333,-0.174151,0.000005,1.570826,0.006597,1.000000,1.100000,0.000000,0.000000,-1.571000,-0.075799,0.992018,0.054763,0.996415
39.496000,0.082104,0.007982,1.045236,-0.146644,0.000008,-0.000263,-0.174152,0.000005,1.570826,0.004712,1.000000,1.100000,0.000000,0.000000,-1.571000,-0.077391,0.992018,0.054764,0.996538
39.498000,0.081805,0.007982,1.045236,-0.149828,0.000008,-0.000193,-0.174153,0.000005,1.570826,0.002827,1.000000,1.100000,0.000000,0.000000,-1.571000,-0.078978,0.992018,0.054764,0.996662
39.500000,0.081500,0.007983,1.045236,-0.153005,0.000008,-0.000124,-0.174153,0.000005,1.570826,0.000942,1.000000,1.100000,0.000000,0.000000,-1.571000,-0.080558,0.992017,0.054764,0.996789
39.502000,0.081189,0.007983,1.045235,-0.156177,0.000008,-0.000054,-0.174154,0.000004,1.570825,-0.000942,1.000000,1.100000,0.000000,0.000000,-1.571000,-0.082132,0.992017,0.054765,0.996917
39.504000,0.080872,0.007983,1.045235,-0.159343,0.000008,0.000015,-0.174155,0.000004,1.570825,-0.002827,1.000000,1.100000,0.000000,0.000000,-1.571000,-0.083699,0.992017,0.054765,0.997047
39.506000,0.080548,0.007983,1.045236,-0.162503,0.000008,0.000084,-0.174155,0.000004,1.570825,-0.004712,1.000000,1.100000,0.000000,0.000000,-1.571000,-0.085260,0.992017,0.054764,0.997180
39.508000,0.080218,0.007983,1.045236,-0.165657,0.000008,0.000153,-0.174156,0.000004,1.570825,-0.006597,1.000000,1.100000,0.000000,0.000000,-1.571000,-0.086815,0.992017,0.054764,0.997314
39.510000,0.079882,0.007983,1.045236,-0.168806,0.000008,0.000221,-0.174156,0.000003,1.570825,-0.008481,1.000000,1.100000,0.000000,0.000000,-1.571000,-0.088363,0.992017,0.054764,0.997450
39.512000,0.079539,0.007983,1.045237,-0.171948,0.000008,0.000290,-0.174157,0.000003,1.570825,-0.010365,1.000000,1.100000,0.000000,0.000000,-1.571000,-0.089904,0.992017,0.054763,0.997587
39.514000,0.079190,0.007983,1.045237,-0.175085,0.000008,0.000358,-0.174158,0.000003,1.570825,-0.012249,1.000000,1.100000,0.000000,0.000000,-1.571000,-0.091439,0.992017,0.054763,0.997727
39.516000,0.078835,0.007983,1.045238,-0.178216,0.000008,0.000426,-0.174158,0.000003,1.570825,-0.014132,1.000000,1.100000,0.000000,0.000000,-1.571000,-0.092967,0.992017,0.054762,0.997868
39.518000,0.078473,0.007983,1.045239,-0.181341,0.000008,0.000494,-0.174159,0.000002,1.570825,-0.016015,1.000000,1.100000,0.000000,0.000000,-1.571000,-0.094488,0.992017,0.054761,0.998011
39.520000,0.078106,0.007983,1.045240,-0.184460,0.000008,0.000561,-0.174160,0.000002,1.570825,-0.017896,1.000000,1.100000,0.000000,0.000000,-1.571000,-0.096002,0.992017,0.054760,0.998155
39.522000,0.077732,0.007983,1.045242,-0.187574,0.000008,0.000629,-0.174160,0.000002,1.570825,-0.019778,1.000000,1.100000,0.000000,0.000000,-1.571000,-0.097509,0.992017,0.054758,0.998301
39.524000,0.077352,0.007983,1.045243,-0.190681,0.000008,0.000696,-0.174161,0.000002,1.570825,-0.021658,1.000000,1.100000,0.000000,0.000000,-1.571000,-0.099010,0.992017,0.054757,0.998449
39.526000,0.076965,0.007983,1.045244,-0.193784,0.000008,0.000763,-0.174162,0.000002,1.570825,-0.023538,1.000000,1.100000,0.000000,0.000000,-1.571000,-0.100503,0.992017,0.054756,0.998598
39.528000,0.076573,0.007983,1.045246,-0.196880,0.000008,0.000830,-0.174163,0.000002,1.570825,-0.025416,1.000000,1.100000,0.000000,0.000000,-1.571000,-0.101989,0.992017,0.054754,0.998748
39.530000,0.076174,0.007983,1.045248,-0.199970,0.000008,0.000897,-0.174164,0.000001,1.570825,-0.027294,1.000000,1.100000,0.000000,0.000000,-1.571000,-0.103468,0.992017,0.054752,0.998900
39.532000,0.075769,0.007983,1.045250,-0.203055,0.000007,0.000964,-0.174165,0.000001,1.570825,-0.029171,1.000000,1.100000,0.000000,0.000000,-1.571000,-0.104939,0.992017,0.054750,0.999054
39.534000,0.075358,0.007983,1.045252,-0.206134,0.000007,0.001031,-0.174166,0.000001,1.570825,-0.031046,1.000000,1.100000,0.000000,0.000000,-1.571000,-0.106404,0.992017,0.054748,0.999208
39.536000,0.074940,0.007983,1.045254,-0.209208,0.000007,0.001097,-0.174167,0.000001,1.570825,-0.032920,1.000000,1.100000,0.000000,0.000000,-1.571000,-0.107861,0.992017,0.054746,0.999364
39.538000,0.074517,0.007983,1.045256,-0.212276,0.000007,0.001163,-0.174169,0.000001,1.570825,-0.034793,1.000000,1.100000,0.000000,0.000000,-1.571000,-0.109310,0.992017,0.054744,0.999522
39.540000,0.074087,0.007983,1.045259,-0.215338,0.000007,0.001229,-0.174170,0.000001,1.570825,-0.036665,1.000000,1.100000,0.000000,0.000000,-1.571000,-0.110752,0.992017,0.054741,0.999680
39.542000,0.073652,0.007983,1.045261,-0.218394,0.000007,0.001295,-0.174172,0.000001,1.570825,-0.038535,1.000000,1.100000,0.000000,0.000000,-1.571000,-0.112186,0.992017,0.054739,0.999840
39.544000,0.073210,0.007983,1.045264,-0.221445,0.000007,0.001361,-0.174173,0.000001,1.570825,-0.040403,1.000000,1.100000,0.000000,0.000000,-1.571000,-0.113613,0.992017,0.054736,1.000001
39.546000,0.072762,0.007983,1.045267,-0.224490,0.000007,0.001427,-0.174175,0.000001,1.570825,-0.042270,1.000000,1.100000,0.000000,0.000000,-1.571000,-0.115032,0.992017,0.054733,1.000163
39.548000,0.072308,0.007983,1.045270,-0.227530,0.000007,0.001493,-0.174177,0.000002,1.570824,-0.044136,1.000000,1.100000,0.000000,0.000000,-1.571000,-0.116444,0.992017,0.054730,1.000326
39.550000,0.071848,0.007983,1.045273,-0.230564,0.000007,0.001558,-0.174179,0.000002,1.570824,-0.045999,1.000000,1.100000,0.000000,0.000000,-1.571000,-0.117847,0.992017,0.054727,1.000490
39.552000,0.071382,0.007983,1.045276,-0.233592,0.000007,0.001623,-0.174181,0.000002,1.570824,-0.047861,1.000000,1.100000,0.000000,0.000000,-1.571000,-0.119243,0.992017,0.054724,1.000656
39.554000,0.070909,0.007983,1.045279,-0.236615,0.000007,0.001689,-0.174183,0.000002,1.570824,-0.049721,1.000000,1.100000,0.000000,0.000000,-1.571000,-0.120630,0.992017,0.054721,1.000822
39.556000,0.070431,0.007983,1.045283,-0.239632,0.000006,0.001754,-0.174185,0.000002,1.570824,-0.051579,1.000000,1.100000,0.000000,0.000000,-1.571000,-0.122010,0.992017,0.054717,1.000989
39.558000,0.069947,0.007983,1.045286,-0.242644,0.000006,0.001819,-0.174188,0.000002,1.570824,-0.053435,1.000000,1.100000,0.000000,0.000000,-1.571000,-0.123382,0.992017,0.054714,1.001157
39.560000,0.069457,0.007983,1.045290,-0.245650,0.000006,0.001883,-0.174190,0.000003,1.570824,-0.055288,1.000000,1.100000,0.000000,0.000000,-1.571000,-0.124745,0.992017,0.054710,1.001325
39.562000,0.068960,0.007983,1.045294,-0.248650,0.000006,0.001945,-0.174193,0.000003,1.570823,-0.057140,1.000000,1.100000,0.000000,0.000000,-1.571000,-0.126100,0.992017,0.054706,1.001495
39.564000,0.068458,0.007983,1.045298,-0.251644,0.000006,0.002001,-0.174195,0.000003,1.570823,-0.058989,1.000000,1.100000,0.000000,0.000000,-1.571000,-0.127447,0.992017,0.054702,1.001665
39.566000,0.067950,0.007983,1.045302,-0.254631,0.000006,0.002051,-0.174197,0.000003,1.570823,-0.060836,1.000000,1.100000,0.000000,0.000000,-1.571000,-0.128786,0.992017,0.054698,1.001836
39.568000,0.067436,0.007983,1.045306,-0.257612,0.000006,0.002096,-0.174198,0.000003,1.570823,-0.062681,1.000000,1.100000,0.000000,0.000000,-1.571000,-0.130116,0.992017,0.054694,1.002008
39.570000,0.066915,0.007983,1.045310,-0.260586,0.000006,0.002138,-0.174198,0.000003,1.570822,-0.064523,1.000000,1.100000,0.000000,0.000000,-1.571000,-0.131438,0.992017,0.054690,1.002180
39.572000,0.066389,0.007983,1.045315,-0.263555,0.000006,0.002175,-0.174197,0.000003,1.570822,-0.066362,1.000000,1.100000,0.000000,0.000000,-1.571000,-0.132752,0.992017,0.054685,1.002353
39.574000,0.065857,0.007983,1.045319,-0.266517,0.000006,0.002208,-0.174196,0.000003,1.570822,-0.068199,1.000000,1.100000,0.000000,0.000000,-1.571000,-0.134057,0.992017,0.054681,1.002526
39.576000,0.065319,0.007983,1.045324,-0.269473,0.000006,0.002238,-0.174193,0.000004,1.570822,-0.070034,1.000000,1.100000,0.000000,0.000000,-1.571000,-0.135353,0.992017,0.054676,1.002700
39.578000,0.064775,0.007983,1.045328,-0.272423,0.000006,0.002265,-0.174188,0.000004,1.570821,-0.071865,1.000000,1.100000,0.000000,0.000000,-1.571000,-0.136640,0.992017,0.054672,1.002874
39.580000,0.064225,0.007983,1.045333,-0.275367,0.000006,0.002290,-0.174182,0.000004,1.570821,-0.073694,1.000000,1.100000,0.000000,0.000000,-1.571000,-0.137919,0.992017,0.054667,1.003049
39.582000,0.063670,0.007983,1.045337,-0.278305,0.000006,0.002312,-0.174175,0.000003,1.570821,-0.075519,1.000000,1.100000,0.000000,0.000000,-1.571000,-0.139189,0.992017,0.054663,1.003224
39.584000,0.063108,0.007983,1.045342,-0.281237,0.000006,0.002332,-0.174166,0.000003,1.570820,-0.077342,1.000000,1.100000,0.000000,0.000000,-1.571000,-0.140450,0.992017,0.054658,1.003400
39.586000,0.062541,0.007983,1.045347,-0.284163,0.000006,0.002350,-0.174155,0.000003,1.570820,-0.079162,1.000000,1.100000,0.000000,0.000000,-1.571000,-0.141703,0.992017,0.054653,1.003576
39.588000,0.061967,0.007983,1.045351,-0.287083,0.000006,0.002366,-0.174143,0.000003,1.570820,-0.080978,1.000000,1.100000,0.000000,0.000000,-1.571000,-0.142946,0.992017,0.054649,1.003752
39.590000,0.061388,0.007983,1.045356,-0.289997,0.000006,0.002381,-0.174129,0.000003,1.570819,-0.082792,1.000000,1.100000,0.000000,0.000000,-1.571000,-0.144180,0.992017,0.054644,1.003928
39.592000,0.060803,0.007983,1.045361,-0.292905,0.000006,0.002394,-0.174113,0.000003,1.570819,-0.084602,1.000000,1.100000,0.000000,0.000000,-1.571000,-0.145405,0.992017,0.054639,1.004104
39.594000,0.060213,0.007983,1.045366,-0.295808,0.000006,0.002405,-0.174096,0.000002,1.570819,-0.086409,1.000000,1.100000,0.000000,0.000000,-1.571000,-0.146621,0.992017,0.054634,1.004281
39.596000,0.059616,0.007983,1.045371,-0.298704,0.000006,0.002416,-0.174076,0.000002,1.570818,-0.088212,1.000000,1.100000,0.000000,0.000000,-1.571000,-0.147828,0.992017,0.054629,1.004458
39.598000,0.059014,0.007983,1.045376,-0.301594,0.000006,0.002426,-0.174055,0.000002,1.570818,-0.090012,1.000000,1.100000,0.000000,0.000000,-1.571000,-0.149026,0.992017,0.054624,1.004634
39.600000,0.058406,0.007983,1.045380,-0.304479,0.000006,0.002434,-0.174033,0.000001,1.570818,-0.091808,1.000000,1.100000,0.000000,0.000000,-1.571000,-0.150214,0.992017,0.054620,1.004811
39.602000,0.057792,0.007983,1.045385,-0.307357,0.000006,0.002441,-0.174008,0.000001,1.570817,-0.093601,1.000000,1.100000,0.000000,0.000000,-1.571000,-0.151393,0.992017,0.054615,1.004987
39.604000,0.057172,0.007983,1.045390,-0.310230,0.000005,0.002448,-0.173982,0.000001,1.570817,-0.095390,1.000000,1.100000,0.000000,0.000000,-1.571000,-0.152562,0.992017,0.054610,1.005164
39.606000,0.056547,0.007983,1.045395,-0.313096,0.000005,0.002453,-0.173955,0.000000,1.570816,-0.097175,1.000000,1.100000,0.000000,0.000000,-1.571000,-0.153722,0.992017,0.054605,1.005340
39.608000,0.055916,0.007983,1.045400,-0.315956,0.000005,0.002458,-0.173925,0.000000,1.570816,-0.098957,1.000000,1.100000,0.000000,0.000000,-1.571000,-0.154872,0.992017,0.054600,1.005517
39.610000,0.055279,0.007983,1.045405,-0.318811,0.000005,0.002462,-0.173895,-0.000000,1.570816,-0.100734,1.000000,1.100000,0.000000,0.000000,-1.571000,-0.156013,0.992017,0.054595,1.005693
39.612000,0.054636,0.007983,1.045410,-0.321659,0.000005,0.002465,-0.173863,-0.000001,1.570815,-0.102508,1.000000,1.100000,0.000000,0.000000,-1.571000,-0.157144,0.992017,0.054590,1.005869
39.614000,0.053988,0.007983,1.045415,-0.324501,0.000005,0.002468,-0.173829,-0.000001,1.570815,-0.104277,1.000000,1.100000,0.000000,0.000000,-1.571000,-0.158265,0.992017,0.054585,1.006044
39.616000,0.053334,0.007983,1.045420,-0.327337,0.000005,0.002471,-0.173794,-0.000001,1.570815,-0.106042,1.000000,1.100000,0.000000,0.000000,-1.571000,-0.159376,0.992017,0.054580,1.006219
39.618000,0.052674,0.007983,1.045425,-0.330168,0.000005,0.002473,-0.173758,-0.000002,1.570814,-0.107804,1.000000,1.100000,0.000000,0.000000,-1.571000,-0.160478,0.992017,0.054575,1.006394
39.620000,0.052009,0.007983,1.045430,-0.332992,0.000005,0.002475,-0.173721,-0.000002,1.570814,-0.109561,1.000000,1.100000,0.000000,0.000000,-1.571000,-0.161570,0.992017,0.054570,1.006568
39.622000,0.051338,0.007983,1.045435,-0.335810,0.000005,0.002474,-0.173682,-0.000002,1.570813,-0.111313,1.000000,1.100000,0.000000,0.000000,-1.571000,-0.162651,0.992017,0.054565,1.006742
39.624000,0.050662,0.007983,1.045440,-0.338620,0.000005,0.002465,-0.173638,-0.000002,1.570813,-0.113061,1.000000,1.100000,0.000000,0.000000,-1.571000,-0.163723,0.992017,0.054560,1.006916
39.626000,0.049980,0.007983,1.045444,-0.341423,0.000004,0.002450,-0.173588,-0.000003,1.570813,-0.114805,1.000000,1.100000,0.000000,0.000000,-1.571000,-0.164785,0.992017,0.054556,1.007089
39.628000,0.049292,0.007983,1.045449,-0.344219,0.000004,0.002429,-0.173529,-0.000003,1.570812,-0.116544,1.000000,1.100000,0.000000,0.000000,-1.571000,-0.165836,0.992017,0.054551,1.007261
39.630000,0.048599,0.007983,1.045454,-0.347007,0.000004,0.002403,-0.173459,-0.000003,1.570812,-0.118279,1.000000,1.100000,0.000000,0.000000,-1.571000,-0.166877,0.992017,0.054546,1.007433
39.632000,0.047900,0.007983,1.045459,-0.349788,0.000004,0.002372,-0.173378,-0.000003,1.570811,-0.120009,1.000000,1.100000,0.000000,0.000000,-1.571000,-0.167909,0.992017,0.054541,1.007604
39.634000,0.047195,0.007983,1.045464,-0.352561,0.000004,0.002337,-0.173282,-0.000004,1.570811,-0.121734,1.000000,1.100000,0.000000,0.000000,-1.571000,-0.168929,0.992017,0.054536,1.007774
39.636000,0.046485,0.007983,1.045468,-0.355327,0.000004,0.002298,-0.173171,-0.000004,1.570810,-0.123454,1.000000,1.100000,0.000000,0.000000,-1.571000,-0.169940,0.992017,0.054532,1.007944
39.638000,0.045770,0.007983,1.045473,-0.358085,0.000004,0.002256,-0.173045,-0.000004,1.570810,-0.125170,1.000000,1.100000,0.000000,0.000000,-1.571000,-0.170940,0.992017,0.054527,1.008112
39.640000,0.045049,0.007983,1.045477,-0.360834,0.000004,0.002211,-0.172901,-0.000004,1.570809,-0.126880,1.000000,1.100000,0.000000,0.000000,-1.571000,-0.171929,0.992017,0.054523,1.008280
39.642000,0.044322,0.007983,1.045482,-0.363575,0.000003,0.002164,-0.172740,-0.000004,1.570808,-0.128586,1.000000,1.100000,0.000000,0.000000,-1.571000,-0.172908,0.992017,0.054518,1.008448
39.644000,0.043590,0.007983,1.045486,-0.366307,0.000003,0.002115,-0.172560,-0.000005,1.570807,-0.130286,1.000000,1.100000,0.000000,0.000000,-1.571000,-0.173877,0.992017,0.054514,1.008614
39.646000,0.042853,0.007983,1.045490,-0.369030,0.000003,0.002064,-0.172362,-0.000005,1.570807,-0.131982,1.000000,1.100000,0.000000,0.000000,-1.571000,-0.174835,0.992017,0.054510,1.008779
39.648000,0.042110,0.007983,1.045494,-0.371743,0.000003,0.002012,-0.172145,-0.000005,1.570806,-0.133672,1.000000,1.100000,0.000000,0.000000,-1.571000,-0.175782,0.992017,0.054506,1.008944
39.650000,0.041362,0.007983,1.045498,-0.374447,0.000003,0.001958,-0.171909,-0.000005,1.570805,-0.135357,1.000000,1.100000,0.000000,0.000000,-1.571000,-0.176718,0.992017,0.054502,1.009107
39.652000,0.040608,0.007983,1.045502,-0.377141,0.000003,0.001903,-0.171654,-0.000005,1.570804,-0.137036,1.000000,1.100000,0.000000,0.000000,-1.571000,-0.177644,0.992017,0.054498,1.009269
39.654000,0.039849,0.007983,1.045506,-0.379824,0.000003,0.001848,-0.171380,-0.000005,1.570803,-0.138710,1.000000,1.100000,0.000000,0.000000,-1.571000,-0.178559,0.992017,0.054494,1.009431
39.656000,0.039085,0.007983,1.045509,-0.382497,0.000003,0.001792,-0.171087,-0.000006,1.570802,-0.140379,1.000000,1.100000,0.000000,0.000000,-1.571000,-0.179464,0.992017,0.054491,1.009591
39.658000,0.038315,0.007983,1.045513,-0.385159,0.000002,0.001736,-0.170775,-0.000006,1.570801,-0.142042,1.000000,1.100000,0.000000,0.000000,-1.571000,-0.180357,0.992017,0.054487,1.009750
39.660000,0.037540,0.007983,1.045516,-0.387809,0.000002,0.001680,-0.170446,-0.000006,1.570800,-0.143699,1.000000,1.100000,0.000000,0.000000,-1.571000,-0.181239,0.992017,0.054484,1.009907
39.662000,0.036759,0.007983,1.045519,-0.390448,0.000002,0.001624,-0.170098,-0.000006,1.570799,-0.145351,1.000000,1.100000,0.000000,0.000000,-1.571000,-0.182111,0.992017,0.054481,1.010064
39.664000,0.035974,0.007983,1.045523,-0.393075,0.000002,0.001568,-0.169734,-0.000006,1.570799,-0.146997,1.000000,1.100000,0.000000,0.000000,-1.571000,-0.182971,0.992017,0.054477,1.010219
39.666000,0.035183,0.007983,1.045526,-0.395689,0.000002,0.001513,-0.169353,-0.000006,1.570798,-0.148638,1.000000,1.100000,0.000000,0.000000,-1.571000,-0.183820,0.992017,0.054474,1.010373
39.668000,0.034387,0.007983,1.045529,-0.398291,0.000002,0.001458,-0.168956,-0.000006,1.570797,-0.150272,1.000000,1.100000,0.000000,0.000000,-1.571000,-0.184659,0.992017,0.054471,1.010526
39.670000,0.033586,0.007983,1.045531,-0.400881,0.000002,0.001404,-0.168544,-0.000006,1.570796,-0.151900,1.000000,1.100000,0.000000,0.000000,-1.571000,-0.185486,0.992017,0.054469,1.010677
39.672000,0.032779,0.007983,1.045534,-0.403457,0.000002,0.001350,-0.168117,-0.000006,1.570795,-0.153523,1.000000,1.100000,0.000000,0.000000,-1.571000,-0.186302,0.992017,0.054466,1.010827
39.674000,0.031968,0.007983,1.045537,-0.406020,0.000001,0.001298,-0.167677,-0.000006,1.570794,-0.155139,1.000000,1.100000,0.000000,0.000000,-1.571000,-0.187107,0.992017,0.054463,1.010976
39.676000,0.031151,0.007983,1.045539,-0.408569,0.000001,0.001246,-0.167225,-0.000005,1.570794,-0.156750,1.000000,1.100000,0.000000,0.000000,-1.571000,-0.187900,0.992017,0.054461,1.011123
39.678000,0.030329,0.007983,1.045542,-0.411105,0.000001,0.001196,-0.166761,-0.000005,1.570793,-0.158354,1.000000,1.100000,0.000000,0.000000,-1.571000,-0.188683,0.992017,0.054458,1.011268
39.680000,0.029502,0.007983,1.045544,-0.413627,0.000001,0.001146,-0.166286,-0.000005,1.570792,-0.159951,1.000000,1.100000,0.000000,0.000000,-1.571000,-0.189454,0.992017,0.054456,1.011412
39.682000,0.028670,0.007983,1.045546,-0.416134,0.000001,0.001095,-0.165800,-0.000005,1.570792,-0.161543,1.000000,1.100000,0.000000,0.000000,-1.571000,-0.190213,0.992017,0.054454,1.011555
39.684000,0.027834,0.007983,1.045548,-0.418626,0.000001,0.001038,-0.165301,-0.000005,1.570791,-0.163128,1.000000,1.100000,0.000000,0.000000,-1.571000,-0.190962,0.992017,0.054452,1.011696
39.686000,0.026992,0.007983,1.045550,-0.421103,0.000001,0.000976,-0.164787,-0.000005,1.570791,-0.164707,1.000000,1.100000,0.000000,0.000000,-1.571000,-0.191699,0.992017,0.054450,1.011835
39.688000,0.026145,0.007983,1.045552,-0.423563,0.000001,0.000911,-0.164256,-0.000004,1.570790,-0.166279,1.000000,1.100000,0.000000,0.000000,-1.571000,-0.192424,0.992017,0.054448,1.011973
39.690000,0.025293,0.007983,1.045554,-0.426008,0.000001,0.000842,-0.163706,-0.000004,1.570790,-0.167845,1.000000,1.100000,0.000000,0.000000,-1.571000,-0.193138,0.992017,0.054446,1.012108
39.692000,0.024437,0.007983,1.045555,-0.428437,0.000001,0.000771,-0.163137,-0.000004,1.570789,-0.169404,1.000000,1.100000,0.000000,0.000000,-1.571000,-0.193841,0.992017,0.054445,1.012243
39.694000,0.023575,0.007983,1.045557,-0.430849,0.000001,0.000697,-0.162548,-0.000004,1.570789,-0.170956,1.000000,1.100000,0.000000,0.000000,-1.571000,-0.194531,0.992017,0.054443,1.012375
39.696000,0.022709,0.007983,1.045558,-0.433245,0.000001,0.000621,-0.161937,-0.000004,1.570788,-0.172502,1.000000,1.100000,0.000000,0.000000,-1.571000,-0.195211,0.992017,0.054442,1.012506
39.698000,0.021838,0.007983,1.045559,-0.435624,0.000001,0.000544,-0.161304,-0.000004,1.570788,-0.174040,1.000000,1.100000,0.000000,0.000000,-1.571000,-0.195879,0.992017,0.054441,1.012635
39.700000,0.020963,0.007983,1.045560,-0.437985,0.000000,0.000466,-0.160650,-0.000003,1.570788,-0.175572,1.000000,1.100000,0.000000,0.000000,-1.571000,-0.196535,0.992017,0.054440,1.012762
39.702000,0.020082,0.007983,1.045561,-0.440328,0.000000,0.000387,-0.159974,-0.000003,1.570787,-0.177097,1.000000,1.100000,0.000000,0.000000,-1.571000,-0.197180,0.992017,0.054439,1.012887
39.704000,0.019197,0.007983,1.045562,-0.442654,0.000000,0.000308,-0.159276,-0.000003,1.570787,-0.178615,1.000000,1.100000,0.000000,0.000000,-1.571000,-0.197812,0.992017,0.054438,1.013010
39.706000,0.018308,0.007983,1.045562,-0.444961,0.000000,0.000229,-0.158556,-0.000004,1.570787,-0.180126,1.000000,1.100000,0.000000,0.000000,-1.571000,-0.198434,0.992017,0.054438,1.013132
39.708000,0.017413,0.007983,1.045563,-0.447249,0.000000,0.000150,-0.157815,-0.000004,1.570786,-0.181630,1.000000,1.100000,0.000000,0.000000,-1.571000,-0.199043,0.992017,0.054437,1.013251
39.710000,0.016515,0.007983,1.045563,-0.449519,0.000000,0.000071,-0.157053,-0.000004,1.570786,-0.183127,1.000000,1.100000,0.000000,0.000000,-1.571000,-0.199641,0.992017,0.054437,1.013369
39.712000,0.015611,0.007983,1.045563,-0.451768,0.000000,-0.000006,-0.156272,-0.000004,1.570786,-0.184616,1.000000,1.100000,0.000000,0.000000,-1.571000,-0.200227,0.992017,0.054437,1.013485
39.714000,0.014704,0.007983,1.045563,-0.453998,0.000000,-0.000083,-0.155472,-0.000004,1.570785,-0.186098,1.000000,1.100000,0.000000,0.000000,-1.571000,-0.200802,0.992017,0.054437,1.013598
39.716000,0.013791,0.007983,1.045562,-0.456208,0.000000,-0.000158,-0.154653,-0.000004,1.570785,-0.187573,1.000000,1.100000,0.000000,0.000000,-1.571000,-0.201364,0.992017,0.054438,1.013710
39.718000,0.012875,0.007983,1.045562,-0.458398,0.000000,-0.000233,-0.153817,-0.000004,1.570785,-0.189040,1.000000,1.100000,0.000000,0.000000,-1.571000,-0.201915,0.992017,0.054438,1.013819
39.720000,0.011954,0.007983,1.045561,-0.460567,0.000000,-0.000306,-0.152965,-0.000004,1.570784,-0.190500,1.000000,1.100000,0.000000,0.000000,-1.571000,-0.202454,0.992017,0.054439,1.013927
39.722000,0.011028,0.007983,1.045561,-0.462715,0.000000,-0.000377,-0.152099,-0.000005,1.570784,-0.191952,1.000000,1.100000,0.000000,0.000000,-1.571000,-0.202981,0.992017,0.054439,1.014032
39.724000,0.010099,0.007983,1.045560,-0.464842,-0.000000,-0.000446,-0.151218,-0.000005,1.570784,-0.193397,1.000000,1.100000,0.000000,0.000000,-1.571000,-0.203496,0.992017,0.054440,1.014136
39.726000,0.009165,0.007983,1.045559,-0.466948,-0.000000,-0.000514,-0.150325,-0.000005,1.570784,-0.194834,1.000000,1.100000,0.000000,0.000000,-1.571000,-0.203999,0.992017,0.054441,1.014237
39.728000,0.008227,0.007983,1.045558,-0.469032,-0.000000,-0.000579,-0.149422,-0.000005,1.570784,-0.196264,1.000000,1.100000,0.000000,0.000000,-1.571000,-0.204491,0.992017,0.054442,1.014336
39.730000,0.007285,0.007983,1.045556,-0.471095,-0.000000,-0.000643,-0.148508,-0.000005,1.570784,-0.197686,1.000000,1.100000,0.000000,0.000000,-1.571000,-0.204971,0.992017,0.054444,1.014433
39.732000,0.006339,0.007983,1.045555,-0.473135,-0.000000,-0.000704,-0.147586,-0.000005,1.570784,-0.199100,1.000000,1.100000,0.000000,0.000000,-1.571000,-0.205438,0.992017,0.054445,1.014527
39.734000,0.005389,0.007983,1.045554,-0.475154,-0.000000,-0.000764,-0.146657,-0.000006,1.570784,-0.200506,1.000000,1.100000,0.000000,0.000000,-1.571000,-0.205894,0.992017,0.054446,1.014620
39.736000,0.004434,0.007983,1.045552,-0.477151,-0.000000,-0.000821,-0.145723,-0.000006,1.570785,-0.201904,1.000000,1.100000,0.000000,0.000000,-1.571000,-0.206338,0.992017,0.054448,1.014710
39.738000,0.003476,0.007983,1.045550,-0.479126,-0.000001,-0.000875,-0.144784,-0.000006,1.570785,-0.203294,1.000000,1.100000,0.000000,0.000000,-1.571000,-0.206770,0.992017,0.054450,1.014798
39.740000,0.002514,0.007983,1.045548,-0.481079,-0.000001,-0.000928,-0.143843,-0.000006,1.570785,-0.204676,1.000000,1.100000,0.000000,0.000000,-1.571000,-0.207190,0.992017,0.054452,1.014884
39.742000,0.001548,0.007983,1.045546,-0.483009,-0.000001,-0.000978,-0.142901,-0.000006,1.570786,-0.206050,1.000000,1.100000,0.000000,0.000000,-1.571000,-0.207598,0.992017,0.054454,1.014967
39.744000,0.000578,0.007983,1.045544,-0.484918,-0.000001,-0.001025,-0.141959,-0.000006,1.570787,-0.207416,1.000000,1.100000,0.000000,0.000000,-1.571000,-0.207994,0.992017,0.054456,1.015049
39.746000,-0.000396,0.007983,1.045542,-0.486805,-0.000001,-0.001071,-0.141019,-0.000006,1.570787,-0.208774,1.000000,1.100000,0.000000,0.000000,-1.571000,-0.208378,0.992017,0.054458,1.015128
39.748000,-0.001373,0.007983,1.045540,-0.488670,-0.000001,-0.001114,-0.140081,-0.000006,1.570788,-0.210123,1.000000,1.100000,0.000000,0.000000,-1.571000,-0.208750,0.992017,0.054460,1.015204
39.750000,-0.002354,0.007983,1.045538,-0.490513,-0.000001,-0.001154,-0.139148,-0.000007,1.570789,-0.211465,1.000000,1.100000,0.000000,0.000000,-1.571000,-0.209110,0.992017,0.054462,1.015278
39.752000,-0.003339,0.007983,1.045535,-0.492334,-0.000001,-0.001192,-0.138221,-0.000007,1.570790,-0.212797,1.000000,1.100000,0.000000,0.000000,-1.571000,-0.209459,0.992017,0.054465,1.015350
39.754000,-0.004327,0.007983,1.045533,-0.494134,-0.000001,-0.001228,-0.137300,-0.000007,1.570791,-0.214122,1.000000,1.100000,0.000000,0.000000,-1.571000,-0.209795,0.992017,0.054467,1.015420
39.756000,-0.005319,0.007983,1.045530,-0.495913,-0.000001,-0.001261,-0.136388,-0.000007,1.570792,-0.215438,1.000000,1.100000,0.000000,0.000000,-1.571000,-0.210119,0.992017,0.054470,1.015487
39.758000,-0.006315,0.007983,1.045528,-0.497670,-0.000002,-0.001293,-0.135486,-0.000007,1.570794,-0.216745,1.000000,1.100000,0.000000,0.000000,-1.571000,-0.210431,0.992017,0.054472,1.015552
39.760000,-0.007314,0.007983,1.045525,-0.499407,-0.000002,-0.001321,-0.134593,-0.000007,1.570795,-0.218044,1.000000,1.100000,0.000000,0.000000,-1.571000,-0.210731,0.992017,0.054475,1.015614
39.762000,-0.008316,0.007983,1.045523,-0.501123,-0.000002,-0.001352,-0.133712,-0.000007,1.570797,-0.219335,1.000000,1.100000,0.000000,0.000000,-1.571000,-0.211019,0.992017,0.054477,1.015674
39.764000,-0.009322,0.007983,1.045520,-0.502817,-0.000002,-0.001387,-0.132840,-0.000007,1.570798,-0.220616,1.000000,1.100000,0.000000,0.000000,-1.571000,-0.211295,0.992017,0.054480,1.015731
39.766000,-0.010331,0.007983,1.045517,-0.504490,-0.000002,-0.001427,-0.131974,-0.000007,1.570800,-0.221889,1.000000,1.100000,0.000000,0.000000,-1.571000,-0.211558,0.992017,0.054483,1.015786
39.768000,-0.011343,0.007983,1.045514,-0.506142,-0.000002,-0.001470,-0.131114,-0.000006,1.570802,-0.223154,1.000000,1.100000,0.000000,0.000000,-1.571000,-0.211810,0.992017,0.054486,1.015839
39.770000,-0.012359,0.007983,1.045511,-0.507774,-0.000002,-0.001516,-0.130258,-0.000006,1.570804,-0.224409,1.000000,1.100000,0.000000,0.000000,-1.571000,-0.212050,0.992017,0.054489,1.015889
39.772000,-0.013378,0.007983,1.045508,-0.509386,-0.000002,-0.001565,-0.129405,-0.000006,1.570805,-0.225655,1.000000,1.100000,0.000000,0.000000,-1.571000,-0.212277,0.992017,0.054492,1.015937
39.774000,-0.014400,0.007983,1.045505,-0.510977,-0.000003,-0.001616,-0.128553,-0.000006,1.570807,-0.226893,1.000000,1.100000,0.000000,0.000000,-1.571000,-0.212493,0.992017,0.054495,1.015982
39.776000,-0.015426,0.007983,1.045501,-0.512548,-0.000003,-0.001669,-0.127703,-0.000006,1.570809,-0.228122,1.000000,1.100000,0.000000,0.000000,-1.571000,-0.212696,0.992017,0.054499,1.016025
39.778000,-0.016454,0.007983,1.045498,-0.514099,-0.000003,-0.001724,-0.126852,-0.000006,1.570810,-0.229341,1.000000,1.100000,0.000000,0.000000,-1.571000,-0.212887,0.992017,0.054502,1.016065
39.780000,-0.017486,0.007983,1.045494,-0.515631,-0.000003,-0.001779,-0.126002,-0.000006,1.570812,-0.230552,1.000000,1.100000,0.000000,0.000000,-1.571000,-0.213066,0.992017,0.054506,1.016103
39.782000,-0.018520,0.007983,1.045491,-0.517142,-0.000003,-0.001836,-0.125150,-0.000006,1.570813,-0.231754,1.000000,1.100000,0.000000,0.000000,-1.571000,-0.213233,0.992017,0.054509,1.016138
39.784000,-0.019558,0.007983,1.045487,-0.518634,-0.000003,-0.001893,-0.124298,-0.000006,1.570815,-0.232946,1.000000,1.100000,0.000000,0.000000,-1.571000,-0.213388,0.992017,0.054513,1.016171
39.786000,-0.020598,0.007983,1.045483,-0.520106,-0.000003,-0.001950,-0.123444,-0.000006,1.570816,-0.234129,1.000000,1.100000,0.000000,0.000000,-1.571000,-0.213531,0.992017,0.054517,1.016201
39.788000,-0.021642,0.007983,1.045479,-0.521558,-0.000004,-0.002007,-0.122589,-0.000006,1.570818,-0.235303,1.000000,1.100000,0.000000,0.000000,-1.571000,-0.213661,0.992017,0.054521,1.016229
39.790000,-0.022688,0.007983,1.045475,-0.522991,-0.000004,-0.002064,-0.121733,-0.000006,1.570819,-0.236468,1.000000,1.100000,0.000000,0.000000,-1.571000,-0.213780,0.992017,0.054525,1.016254
39.792000,-0.023737,0.007983,1.045471,-0.524404,-0.000004,-0.002121,-0.120876,-0.000006,1.570820,-0.237623,1.000000,1.100000,0.000000,0.000000,-1.571000,-0.213886,0.992017,0.054529,1.016276
39.794000,-0.024789,0.007983,1.045467,-0.525798,-0.000004,-0.002178,-0.120018,-0.000006,1.570821,-0.238769,1.000000,1.100000,0.000000,0.000000,-1.571000,-0.213980,0.992017,0.054533,1.016296
39.796000,-0.025844,0.007983,1.045462,-0.527172,-0.000004,-0.002234,-0.119158,-0.000006,1.570822,-0.239905,1.000000,1.100000,0.000000,0.000000,-1.571000,-0.214062,0.992017,0.054538,1.016314
39.798000,-0.026901,0.007983,1.045458,-0.528526,-0.000005,-0.002289,-0.118299,-0.000007,1.570823,-0.241032,1.000000,1.100000,0.000000,0.000000,-1.571000,-0.214131,0.992017,0.054542,1.016329
39.800000,-0.027961,0.007983,1.045453,-0.529862,-0.000005,-0.002343,-0.117439,-0.000007,1.570824,-0.242150,1.000000,1.100000,0.000000,0.000000,-1.571000,-0.214189,0.992017,0.054547,1.016341
39.802000,-0.029024,0.007983,1.045448,-0.531177,-0.000005,-0.002396,-0.116579,-0.000007,1.570824,-0.243258,1.000000,1.100000,0.000000,0.000000,-1.571000,-0.214234,0.992017,0.054552,1.016351
39.804000,-0.030089,0.007983,1.045443,-0.532474,-0.000005,-0.002449,-0.115721,-0.000007,1.570825,-0.244356,1.000000,1.100000,0.000000,0.000000,-1.571000,-0.214267,0.992017,0.054557,1.016358
39.806000,-0.031157,0.007983,1.045438,-0.533751,-0.000005,-0.002500,-0.114863,-0.000007,1.570826,-0.245445,1.000000,1.100000,0.000000,0.000000,-1.571000,-0.214288,0.992017,0.054562,1.016363
39.808000,-0.032228,0.007983,1.045433,-0.535009,-0.000005,-0.002550,-0.114007,-0.000007,1.570826,-0.246524,1.000000,1.100000,0.000000,0.000000,-1.571000,-0.214296,0.992017,0.054567,1.016365
39.810000,-0.033301,0.007983,1.045428,-0.536248,-0.000006,-0.002599,-0.113153,-0.000007,1.570827,-0.247593,1.000000,1.100000,0.000000,0.000000,-1.571000,-0.214292,0.992017,0.054572,1.016364
39.812000,-0.034376,0.007983,1.045423,-0.537467,-0.000006,-0.002646,-0.112301,-0.000008,1.570827,-0.248653,1.000000,1.100000,0.000000,0.000000,-1.571000,-0.214276,0.992017,0.054577,1.016361
39.814000,-0.035454,0.007983,1.045417,-0.538668,-0.000006,-0.002692,-0.111453,-0.000008,1.570827,-0.249702,1.000000,1.100000,0.000000,0.000000,-1.571000,-0.214248,0.992017,0.054583,1.016356
39.816000,-0.036534,0.007983,1.045412,-0.539850,-0.000006,-0.002737,-0.110609,-0.000008,1.570828,-0.250742,1.000000,1.100000,0.000000,0.000000,-1.571000,-0.214208,0.992017,0.054588,1.016347
39.818000,-0.037617,0.007983,1.045406,-0.541014,-0.000006,-0.002781,-0.109770,-0.000008,1.570828,-0.251772,1.000000,1.100000,0.000000,0.000000,-1.571000,-0.214155,0.992017,0.054594,1.016337
39.820000,-0.038702,0.007983,1.045401,-0.542158,-0.000007,-0.002823,-0.108936,-0.000009,1.570828,-0.252792,1.000000,1.100000,0.000000,0.000000,-1.571000,-0.214091,0.992017,0.054599,1.016323
39.822000,-0.039789,0.007983,1.045395,-0.543284,-0.000007,-0.002867,-0.108106,-0.000009,1.570828,-0.253802,1.000000,1.100000,0.000000,0.000000,-1.571000,-0.214013,0.992017,0.054605,1.016307
39.824000,-0.040878,0.007983,1.045389,-0.544391,-0.000007,-0.002916,-0.107277,-0.000009,1.570828,-0.254802,1.000000,1.100000,0.000000,0.000000,-1.571000,-0.213924,0.992017,0.054611,1.016289
39.826000,-0.041970,0.007983,1.045383,-0.545479,-0.000007,-0.002970,-0.106446,-0.000009,1.570828,-0.255792,1.000000,1.100000,0.000000,0.000000,-1.571000,-0.213823,0.992017,0.054617,1.016268
39.828000,-0.043063,0.007983,1.045377,-0.546548,-0.000008,-0.003028,-0.105610,-0.000010,1.570828,-0.256772,1.000000,1.100000,0.000000,0.000000,-1.571000,-0.213709,0.992017,0.054623,1.016244
39.830000,-0.044159,0.007983,1.045371,-0.547599,-0.000008,-0.003089,-0.104766,-0.000010,1.570828,-0.257742,1.000000,1.100000,0.000000,0.000000,-1.571000,-0.213583,0.992017,0.054629,1.016218
39.832000,-0.045257,0.007983,1.045365,-0.548630,-0.000008,-0.003153,-0.103912,-0.000010,1.570828,-0.258701,1.000000,1.100000,0.000000,0.000000,-1.571000,-0.213444,0.992017,0.054635,1.016189
39.834000,-0.046357,0.007983,1.045358,-0.549642,-0.000008,-0.003219,-0.103046,-0.000011,1.570827,-0.259650,1.000000,1.100000,0.000000,0.000000,-1.571000,-0.213294,0.992017,0.054642,1.016158
39.836000,-0.047459,0.007983,1.045352,-0.550635,-0.000009,-0.003288,-0.102167,-0.000011,1.570827,-0.260589,1.000000,1.100000,0.000000,0.000000,-1.571000,-0.213131,0.992017,0.054648,1.016124
39.838000,-0.048562,0.007983,1.045345,-0.551609,-0.000009,-0.003358,-0.101273,-0.000011,1.570826,-0.261518,1.000000,1.100000,0.000000,0.000000,-1.571000,-0.212956,0.992017,0.054655,1.016088
39.840000,-0.049668,0.007983,1.045338,-0.552562,-0.000009,-0.003429,-0.100363,-0.000012,1.570826,-0.262437,1.000000,1.100000,0.000000,0.000000,-1.571000,-0.212769,0.992017,0.054662,1.016049
39.842000,-0.050776,0.007983,1.045331,-0.553497,-0.000009,-0.003502,-0.099436,-0.000012,1.570825,-0.263345,1.000000,1.100000,0.000000,0.000000,-1.571000,-0.212569,0.992017,0.054669,1.016008
39.844000,-0.051885,0.007983,1.045324,-0.554410,-0.000010,-0.003575,-0.098492,-0.000013,1.570824,-0.264242,1.000000,1.100000,0.000000,0.000000,-1.571000,-0.212357,0.992017,0.054676,1.015964
39.846000,-0.052997,0.007983,1.045317,-0.555304,-0.000010,-0.003648,-0.097531,-0.000013,1.570823,-0.265130,1.000000,1.100000,0.000000,0.000000,-1.571000,-0.212133,0.992017,0.054683,1.015918
39.848000,-0.054110,0.007983,1.045310,-0.556177,-0.000010,-0.003722,-0.096552,-0.000013,1.570822,-0.266006,1.000000,1.100000,0.000000,0.000000,-1.571000,-0.211897,0.992017,0.054690,1.015869
39.850000,-0.055224,0.007983,1.045302,-0.557029,-0.000011,-0.003796,-0.095555,-0.000014,1.570821,-0.266873,1.000000,1.100000,0.000000,0.000000,-1.571000,-0.211648,0.992017,0.054698,1.015817
39.852000,-0.056341,0.007983,1.045294,-0.557859,-0.000011,-0.003870,-0.094541,-0.000014,1.570820,-0.267729,1.000000,1.100000,0.000000,0.000000,-1.571000,-0.211388,0.992017,0.054706,1.015763
39.854000,-0.057459,0.007983,1.045286,-0.558668,-0.000011,-0.003943,-0.093510,-0.000014,1.570818,-0.268574,1.000000,1.100000,0.000000,0.000000,-1.571000,-0.211115,0.992017,0.054714,1.015707
39.856000,-0.058578,0.007983,1.045278,-0.559455,-0.000011,-0.004015,-0.092462,-0.000015,1.570817,-0.269408,1.000000,1.100000,0.000000,0.000000,-1.571000,-0.210830,0.992017,0.054722,1.015648
39.858000,-0.059700,0.007983,1.045270,-0.560220,-0.000012,-0.004087,-0.091398,-0.000015,1.570816,-0.270232,1.000000,1.100000,0.000000,0.000000,-1.571000,-0.210533,0.992017,0.054730,1.015587
39.860000,-0.060822,0.007983,1.045262,-0.560963,-0.000012,-0.004158,-0.090319,-0.000015,1.570815,-0.271045,1.000000,1.100000,0.000000,0.000000,-1.571000,-0.210223,0.992017,0.054738,1.015524
39.862000,-0.061946,0.007983,1.045254,-0.561683,-0.000012,-0.004228,-0.089226,-0.000015,1.570813,-0.271848,1.000000,1.100000,0.000000,0.000000,-1.571000,-0.209902,0.992017,0.054746,1.015457
39.864000,-0.063072,0.007983,1.045245,-0.562381,-0.000013,-0.004297,-0.088119,-0.000015,1.570812,-0.272640,1.000000,1.100000,0.000000,0.000000,-1.571000,-0.209568,0.992017,0.054755,1.015389
39.866000,-0.064199,0.007983,1.045236,-0.563055,-0.000013,-0.004365,-0.087001,-0.000015,1.570811,-0.273421,1.000000,1.100000,0.000000,0.000000,-1.571000,-0.209222,0.992017,0.054764,1.015318
39.868000,-0.065327,0.007983,1.045227,-0.563706,-0.000013,-0.004432,-0.085871,-0.000015,1.570810,-0.274191,1.000000,1.100000,0.000000,0.000000,-1.571000,-0.208864,0.992017,0.054773,1.015245
39.870000,-0.066457,0.007983,1.045218,-0.564334,-0.000014,-0.004497,-0.084732,-0.000015,1.570809,-0.274951,1.000000,1.100000,0.000000,0.000000,-1.571000,-0.208494,0.992017,0.054782,1.015169
39.872000,-0.067587,0.007983,1.045209,-0.564938,-0.000014,-0.004561,-0.083585,-0.000015,1.570807,-0.275699,1.000000,1.100000,0.000000,0.000000,-1.571000,-0.208112,0.992017,0.054791,1.015092
39.874000,-0.068719,0.007983,1.045200,-0.565519,-0.000014,-0.004624,-0.082430,-0.000015,1.570806,-0.276437,1.000000,1.100000,0.000000,0.000000,-1.571000,-0.207718,0.992017,0.054800,1.015011
39.876000,-0.069852,0.007983,1.045191,-0.566076,-0.000014,-0.004685,-0.081270,-0.000015,1.570805,-0.277164,1.000000,1.100000,0.000000,0.000000,-1.571000,-0.207312,0.992017,0.054809,1.014929
39.878000,-0.070986,0.007983,1.045181,-0.566610,-0.000015,-0.004745,-0.080106,-0.000015,1.570805,-0.277880,1.000000,1.100000,0.000000,0.000000,-1.571000,-0.206893,0.992017,0.054819,1.014844
39.880000,-0.072121,0.007983,1.045172,-0.567119,-0.000015,-0.004803,-0.078938,-0.000014,1.570804,-0.278585,1.000000,1.100000,0.000000,0.000000,-1.571000,-0.206463,0.992017,0.054828,1.014757
39.882000,-0.073257,0.007983,1.045162,-0.567605,-0.000015,-0.004861,-0.077769,-0.000014,1.570803,-0.279279,1.000000,1.100000,0.000000,0.000000,-1.571000,-0.206021,0.992017,0.054838,1.014668
39.884000,-0.074395,0.007983,1.045152,-0.568067,-0.000015,-0.004919,-0.076594,-0.000014,1.570802,-0.279961,1.000000,1.100000,0.000000,0.000000,-1.571000,-0.205567,0.992017,0.054848,1.014576
39.886000,-0.075532,0.007982,1.045142,-0.568505,-0.000016,-0.004977,-0.075412,-0.000013,1.570802,-0.280633,1.000000,1.100000,0.000000,0.000000,-1.571000,-0.205101,0.992018,0.054858,1.014482
39.888000,-0.076671,0.007982,1.045132,-0.568919,-0.000016,-0.005035,-0.074221,-0.000013,1.570801,-0.281294,1.000000,1.100000,0.000000,0.000000,-1.571000,-0.204623,0.992018,0.054868,1.014386
39.890000,-0.077811,0.007982,1.045122,-0.569308,-0.000016,-0.005093,-0.073020,-0.000012,1.570801,-0.281944,1.000000,1.100000,0.000000,0.000000,-1.571000,-0.204133,0.992018,0.054878,1.014288
39.892000,-0.078951,0.007982,1.045112,-0.569674,-0.000016,-0.005151,-0.071807,-0.000012,1.570800,-0.282582,1.000000,1.100000,0.000000,0.000000,-1.571000,-0.203631,0.992018,0.054888,1.014188
39.894000,-0.080092,0.007982,1.045101,-0.570015,-0.000017,-0.005209,-0.070581,-0.000011,1.570800,-0.283209,1.000000,1.100000,0.000000,0.000000,-1.571000,-0.203117,0.992018,0.054899,1.014086
39.896000,-0.081234,0.007982,1.045091,-0.570331,-0.000017,-0.005265,-0.069342,-0.000011,1.570799,-0.283826,1.000000,1.100000,0.000000,0.000000,-1.571000,-0.202592,0.992018,0.054909,1.013981
39.898000,-0.082376,0.007982,1.045080,-0.570622,-0.000017,-0.005321,-0.068090,-0.000011,1.570799,-0.284431,1.000000,1.100000,0.000000,0.000000,-1.571000,-0.202055,0.992018,0.054920,1.013874
39.900000,-0.083519,0.007982,1.045070,-0.570888,-0.000017,-0.005377,-0.066824,-0.000010,1.570798,-0.285024,1.000000,1.100000,0.000000,0.000000,-1.571000,-0.201506,0.992018,0.054930,1.013766
39.902000,-0.084662,0.007982,1.045059,-0.571129,-0.000017,-0.005431,-0.065544,-0.000010,1.570798,-0.285607,1.000000,1.100000,0.000000,0.000000,-1.571000,-0.200945,0.992018,0.054941,1.013655
39.904000,-0.085806,0.007982,1.045048,-0.571345,-0.000017,-0.005485,-0.064251,-0.000009,1.570798,-0.286178,1.000000,1.100000,0.000000,0.000000,-1.571000,-0.200372,0.992018,0.054952,1.013542
39.906000,-0.086950,0.007982,1.045037,-0.571534,-0.000018,-0.005537,-0.062945,-0.000008,1.570797,-0.286738,1.000000,1.100000,0.000000,0.000000,-1.571000,-0.199788,0.992018,0.054963,1.013428
39.908000,-0.088094,0.007982,1.045025,-0.571698,-0.000018,-0.005589,-0.061627,-0.000008,1.570797,-0.287286,1.000000,1.100000,0.000000,0.000000,-1.571000,-0.199192,0.992018,0.054975,1.013311
39.910000,-0.089239,0.007982,1.045014,-0.571835,-0.000018,-0.005639,-0.060296,-0.000007,1.570797,-0.287824,1.000000,1.100000,0.000000,0.000000,-1.571000,-0.198585,0.992018,0.054986,1.013192
39.912000,-0.090384,0.007982,1.045003,-0.571947,-0.000018,-0.005689,-0.058956,-0.000007,1.570797,-0.288350,1.000000,1.100000,0.000000,0.000000,-1.571000,-0.197966,0.992018,0.054997,1.013072
39.914000,-0.091529,0.007982,1.044991,-0.572032,-0.000018,-0.005737,-0.057605,-0.000006,1.570797,-0.288864,1.000000,1.100000,0.000000,0.000000,-1.571000,-0.197335,0.992018,0.055009,1.012949
39.916000,-0.092675,0.007982,1.044980,-0.572090,-0.000018,-0.005784,-0.056246,-0.000006,1.570797,-0.289367,1.000000,1.100000,0.000000,0.000000,-1.571000,-0.196693,0.992018,0.055020,1.012825
39.918000,-0.093820,0.007982,1.044968,-0.572121,-0.000018,-0.005830,-0.054879,-0.000005,1.570797,-0.289859,1.000000,1.100000,0.000000,0.000000,-1.571000,-0.196039,0.992018,0.055032,1.012699
39.920000,-0.094965,0.007982,1.044956,-0.572126,-0.000018,-0.005875,-0.053505,-0.000005,1.570796,-0.290339,1.000000,1.100000,0.000000,0.000000,-1.571000,-0.195374,0.992018,0.055044,1.012571
39.922000,-0.096111,0.007982,1.044945,-0.572104,-0.000018,-0.005919,-0.052127,-0.000004,1.570796,-0.290808,1.000000,1.100000,0.000000,0.000000,-1.571000,-0.194697,0.992018,0.055055,1.012442
39.924000,-0.097256,0.007982,1.044933,-0.572055,-0.000018,-0.005961,-0.050745,-0.000004,1.570797,-0.291265,1.000000,1.100000,0.000000,0.000000,-1.571000,-0.194009,0.992018,0.055067,1.012310
39.926000,-0.098401,0.007982,1.044921,-0.571979,-0.000018,-0.006002,-0.049360,-0.000003,1.570797,-0.291711,1.000000,1.100000,0.000000,0.000000,-1.571000,-0.193310,0.992018,0.055079,1.012177
39.928000,-0.099546,0.007982,1.044909,-0.571876,-0.000018,-0.006042,-0.047975,-0.000002,1.570797,-0.292145,1.000000,1.100000,0.000000,0.000000,-1.571000,-0.192599,0.992018,0.055091,1.012042
39.930000,-0.100691,0.007982,1.044896,-0.571747,-0.000018,-0.006081,-0.046591,-0.000002,1.570797,-0.292568,1.000000,1.100000,0.000000,0.000000,-1.571000,-0.191877,0.992018,0.055104,1.011906
39.932000,-0.101835,0.007982,1.044884,-0.571590,-0.000018,-0.006119,-0.045209,-0.000001,1.570797,-0.292979,1.000000,1.100000,0.000000,0.000000,-1.571000,-0.191144,0.992018,0.055116,1.011768
39.934000,-0.102979,0.007982,1.044872,-0.571407,-0.000018,-0.006156,-0.043830,-0.000001,1.570797,-0.293379,1.000000,1.100000,0.000000,0.000000,-1.571000,-0.190400,0.992018,0.055128,1.011628
39.936000,-0.104123,0.007982,1.044860,-0.571197,-0.000018,-0.006192,-0.042457,-0.000000,1.570798,-0.293767,1.000000,1.100000,0.000000,0.000000,-1.571000,-0.189644,0.992018,0.055140,1.011487
39.938000,-0.105266,0.007982,1.044847,-0.570961,-0.000018,-0.006226,-0.041090,0.000001,1.570798,-0.294143,1.000000,1.100000,0.000000,0.000000,-1.571000,-0.188877,0.992018,0.055153,1.011344
39.940000,-0.106409,0.007982,1.044835,-0.570699,-0.000018,-0.006260,-0.039731,0.000001,1.570799,-0.294508,1.000000,1.100000,0.000000,0.000000,-1.571000,-0.188099,0.992018,0.055165,1.011200
39.942000,-0.107551,0.007982,1.044822,-0.570410,-0.000018,-0.006292,-0.038383,0.000002,1.570799,-0.294861,1.000000,1.100000,0.000000,0.000000,-1.571000,-0.187310,0.992018,0.055178,1.011054
39.944000,-0.108692,0.007981,1.044809,-0.570096,-0.000018,-0.006324,-0.037045,0.000002,1.570800,-0.295203,1.000000,1.100000,0.000000,0.000000,-1.571000,-0.186510,0.992019,0.055191,1.010907
39.946000,-0.109833,0.007981,1.044797,-0.569757,-0.000018,-0.006355,-0.035720,0.000003,1.570801,-0.295533,1.000000,1.100000,0.000000,0.000000,-1.571000,-0.185700,0.992019,0.055203,1.010758
39.948000,-0.110973,0.007981,1.044784,-0.569392,-0.000018,-0.006384,-0.034409,0.000004,1.570801,-0.295851,1.000000,1.100000,0.000000,0.000000,-1.571000,-0.184878,0.992019,0.055216,1.010608
39.950000,-0.112113,0.007981,1.044771,-0.569002,-0.000018,-0.006413,-0.033114,0.000004,1.570802,-0.296158,1.000000,1.100000,0.000000,0.000000,-1.571000,-0.184045,0.992019,0.055229,1.010457
39.952000,-0.113251,0.007981,1.044758,-0.568588,-0.000018,-0.006442,-0.031835,0.000005,1.570803,-0.296452,1.000000,1.100000,0.000000,0.000000,-1.571000,-0.183201,0.992019,0.055242,1.010305
39.954000,-0.114389,0.007981,1.044745,-0.568150,-0.000018,-0.006469,-0.030574,0.000005,1.570804,-0.296736,1.000000,1.100000,0.000000,0.000000,-1.571000,-0.182347,0.992019,0.055255,1.010151
39.956000,-0.115526,0.007981,1.044732,-0.567688,-0.000018,-0.006496,-0.029333,0.000006,1.570805,-0.297007,1.000000,1.100000,0.000000,0.000000,-1.571000,-0.181481,0.992019,0.055268,1.009996
39.958000,-0.116661,0.007981,1.044719,-0.567203,-0.000017,-0.006521,-0.028113,0.000006,1.570807,-0.297267,1.000000,1.100000,0.000000,0.000000,-1.571000,-0.180605,0.992019,0.055281,1.009839
39.960000,-0.117796,0.007981,1.044706,-0.566695,-0.000017,-0.006547,-0.026914,0.000007,1.570808,-0.297515,1.000000,1.100000,0.000000,0.000000,-1.571000,-0.179719,0.992019,0.055294,1.009682
39.962000,-0.118930,0.007981,1.044693,-0.566164,-0.000017,-0.006571,-0.025736,0.000008,1.570809,-0.297751,1.000000,1.100000,0.000000,0.000000,-1.571000,-0.178821,0.992019,0.055307,1.009523
39.964000,-0.120063,0.007981,1.044680,-0.565612,-0.000017,-0.006596,-0.024576,0.000008,1.570810,-0.297976,1.000000,1.100000,0.000000,0.000000,-1.571000,-0.177913,0.992019,0.055320,1.009364
39.966000,-0.121194,0.007981,1.044667,-0.565038,-0.000017,-0.006620,-0.023430,0.000009,1.570812,-0.298188,1.000000,1.100000,0.000000,0.000000,-1.571000,-0.176994,0.992019,0.055333,1.009203
39.968000,-0.122324,0.007981,1.044653,-0.564443,-0.000017,-0.006644,-0.022296,0.000009,1.570813,-0.298389,1.000000,1.100000,0.000000,0.000000,-1.571000,-0.176065,0.992019,0.055347,1.009041
39.970000,-0.123453,0.007981,1.044640,-0.563826,-0.000016,-0.006667,-0.021170,0.000010,1.570814,-0.298578,1.000000,1.100000,0.000000,0.000000,-1.571000,-0.175125,0.992019,0.055360,1.008878
39.972000,-0.124581,0.007981,1.044627,-0.563189,-0.000016,-0.006690,-0.020051,0.000010,1.570815,-0.298756,1.000000,1.100000,0.000000,0.000000,-1.571000,-0.174175,0.992019,0.055373,1.008714
39.974000,-0.125708,0.007981,1.044613,-0.562532,-0.000016,-0.006713,-0.018936,0.000011,1.570816,-0.298921,1.000000,1.100000,0.000000,0.000000,-1.571000,-0.173214,0.992019,0.055387,1.008550
39.976000,-0.126833,0.007981,1.044600,-0.561853,-0.000016,-0.006736,-0.017823,0.000011,1.570817,-0.299075,1.000000,1.100000,0.000000,0.000000,-1.571000,-0.172242,0.992019,0.055400,1.008384
39.978000,-0.127957,0.007981,1.044586,-0.561155,-0.000015,-0.006758,-0.016710,0.000011,1.570818,-0.299217,1.000000,1.100000,0.000000,0.000000,-1.571000,-0.171260,0.992019,0.055414,1.008218
39.980000,-0.129079,0.007981,1.044573,-0.560435,-0.000015,-0.006780,-0.015598,0.000012,1.570819,-0.299347,1.000000,1.100000,0.000000,0.000000,-1.571000,-0.170268,0.992019,0.055427,1.008050
39.982000,-0.130200,0.007981,1.044559,-0.559696,-0.000015,-0.006802,-0.014483,0.000012,1.570819,-0.299466,1.000000,1.100000,0.000000,0.000000,-1.571000,-0.169266,0.992019,0.055441,1.007882
39.984000,-0.131319,0.007981,1.044545,-0.558936,-0.000015,-0.006823,-0.013366,0.000012,1.570820,-0.299572,1.000000,1.100000,0.000000,0.000000,-1.571000,-0.168253,0.992019,0.055455,1.007713
39.986000,-0.132437,0.007981,1.044532,-0.558155,-0.000014,-0.006845,-0.012245,0.000012,1.570820,-0.299667,1.000000,1.100000,0.000000,0.000000,-1.571000,-0.167230,0.992019,0.055468,1.007544
39.988000,-0.133553,0.007981,1.044518,-0.557354,-0.000014,-0.006866,-0.011120,0.000012,1.570821,-0.299750,1.000000,1.100000,0.000000,0.000000,-1.571000,-0.166196,0.992019,0.055482,1.007374
39.990000,-0.134668,0.007981,1.044504,-0.556533,-0.000014,-0.006887,-0.009991,0.000012,1.570821,-0.299821,1.000000,1.100000,0.000000,0.000000,-1.571000,-0.165153,0.992019,0.055496,1.007203
39.992000,-0.135781,0.007981,1.044490,-0.555691,-0.000014,-0.006907,-0.008857,0.000012,1.570821,-0.299880,1.000000,1.100000,0.000000,0.000000,-1.571000,-0.164099,0.992019,0.055510,1.007031
39.994000,-0.136892,0.007981,1.044476,-0.554828,-0.000013,-0.006928,-0.007719,0.000012,1.570821,-0.299927,1.000000,1.100000,0.000000,0.000000,-1.571000,-0.163035,0.992019,0.055524,1.006859
39.996000,-0.138002,0.007981,1.044463,-0.553945,-0.000013,-0.006948,-0.006575,0.000012,1.570821,-0.299963,1.000000,1.100000,0.000000,0.000000,-1.571000,-0.161961,0.992019,0.055537,1.006687
39.998000,-0.139109,0.007981,1.044449,-0.553041,-0.000013,-0.006968,-0.005428,0.000012,1.570820,-0.299987,1.000000,1.100000,0.000000,0.000000,-1.571000,-0.160877,0.992019,0.055551,1.006514
40.000000,-0.140215,0.007981,1.044435,-0.552116,-0.000013,-0.006988,-0.004276,0.000012,1.570820,-0.299999,1.000000,1.100000,0.000000,0.000000,-1.571000,-0.159784,0.992019,0.055565,1.006340
40.002000,-0.141319,0.007981,1.044421,-0.551170,-0.000012,-0.007008,-0.003120,0.000012,1.570819,-0.299999,1.000000,1.100000,0.000000,0.000000,-1.571000,-0.158680,0.992019,0.055579,1.006166
40.004000,-0.142421,0.007981,1.044407,-0.550204,-0.000012,-0.007028,-0.001961,0.000012,1.570819,-0.299987,1.000000,1.100000,0.000000,0.000000,-1.571000,-0.157566,0.992019,0.055593,1.005992
40.006000,-0.143521,0.007981,1.044392,-0.549217,-0.000012,-0.007048,-0.000799,0.000012,1.570818,-0.299963,1.000000,1.100000,0.000000,0.000000,-1.571000,-0.156442,0.992019,0.055608,1.005818
40.008000,-0.144619,0.007980,1.044378,-0.548208,-0.000012,-0.007068,0.000365,0.000012,1.570818,-0.299927,1.000000,1.100000,0.000000,0.000000,-1.571000,-0.155308,0.992020,0.055622,1.005643
40.010000,-0.145715,0.007980,1.044364,-0.547179,-0.000011,-0.007088,0.001530,0.000012,1.570817,-0.299880,1.000000,1.100000,0.000000,0.000000,-1.571000,-0.154165,0.992020,0.055636,1.005468
40.012000,-0.146809,0.007980,1.044350,-0.546129,-0.000011,-0.007108,0.002697,0.000011,1.570816,-0.299821,1.000000,1.100000,0.000000,0.000000,-1.571000,-0.153012,0.992020,0.055650,1.005292
40.014000,-0.147901,0.007980,1.044336,-0.545059,-0.000011,-0.007128,0.003862,0.000011,1.570816,-0.299750,1.000000,1.100000,0.000000,0.000000,-1.571000,-0.151849,0.992020,0.055664,1.005117
40.016000,-0.148990,0.007980,1.044321,-0.543967,-0.000011,-0.007148,0.005027,0.000011,1.570815,-0.299667,1.000000,1.100000,0.000000,0.000000,-1.571000,-0.150677,0.992020,0.055679,1.004941
40.018000,-0.150078,0.007980,1.044307,-0.542855,-0.000010,-0.007168,0.006190,0.000011,1.570814,-0.299572,1.000000,1.100000,0.000000,0.000000,-1.571000,-0.149495,0.992020,0.055693,1.004765
40.020000,-0.151163,0.007980,1.044293,-0.541722,-0.000010,-0.007188,0.007350,0.000011,1.570813,-0.299466,1.000000,1.100000,0.000000,0.000000,-1.571000,-0.148303,0.992020,0.055707,1.004590
40.022000,-0.152245,0.007980,1.044278,-0.540568,-0.000010,-0.007209,0.008506,0.000011,1.570812,-0.299347,1.000000,1.100000,0.000000,0.000000,-1.571000,-0.147102,0.992020,0.055722,1.004414
40.024000,-0.153326,0.007980,1.044264,-0.539394,-0.000010,-0.007232,0.009657,0.000011,1.570812,-0.299217,1.000000,1.100000,0.000000,0.000000,-1.571000,-0.145891,0.992020,0.055736,1.004238
40.026000,-0.154404,0.007980,1.044249,-0.538200,-0.000009,-0.007257,0.010803,0.000010,1.570811,-0.299075,1.000000,1.100000,0.000000,0.000000,-1.571000,-0.144671,0.992020,0.055751,1.004062
40.028000,-0.155480,0.007980,1.044235,-0.536986,-0.000009,-0.007283,0.011941,0.000010,1.570810,-0.298921,1.000000,1.100000,0.000000,0.000000,-1.571000,-0.143442,0.992020,0.055765,1.003887
40.030000,-0.156553,0.007980,1.044220,-0.535752,-0.000009,-0.007311,0.013071,0.000010,1.570810,-0.298756,1.000000,1.100000,0.000000,0.000000,-1.571000,-0.142203,0.992020,0.055780,1.003711
40.032000,-0.157623,0.007980,1.044205,-0.534498,-0.000009,-0.007340,0.014193,0.000010,1.570809,-0.298578,1.000000,1.100000,0.000000,0.000000,-1.571000,-0.140955,0.992020,0.055795,1.003536
40.034000,-0.158692,0.007980,1.044191,-0.533224,-0.000009,-0.007370,0.015304,0.000010,1.570808,-0.298389,1.000000,1.100000,0.000000,0.000000,-1.571000,-0.139698,0.992020,0.055809,1.003361
40.036000,-0.159757,0.007980,1.044176,-0.531931,-0.000008,-0.007401,0.016404,0.000010,1.570808,-0.298188,1.000000,1.100000,0.000000,0.000000,-1.571000,-0.138431,0.992020,0.055824,1.003186
40.038000,-0.160820,0.007980,1.044161,-0.530620,-0.000008,-0.007434,0.017493,0.000010,1.570808,-0.297976,1.000000,1.100000,0.000000,0.000000,-1.571000,-0.137155,0.992020,0.055839,1.003012
40.040000,-0.161880,0.007980,1.044146,-0.529289,-0.000008,-0.007467,0.018568,0.000010,1.570807,-0.297751,1.000000,1.100000,0.000000,0.000000,-1.571000,-0.135871,0.992020,0.055854,1.002838
40.042000,-0.162938,0.007980,1.044131,-0.527940,-0.000008,-0.007501,0.019629,0.000010,1.570807,-0.297515,1.000000,1.100000,0.000000,0.000000,-1.571000,-0.134577,0.992020,0.055869,1.002664
40.044000,-0.163993,0.007980,1.044116,-0.526573,-0.000008,-0.007537,0.020676,0.000010,1.570807,-0.297267,1.000000,1.100000,0.000000,0.000000,-1.571000,-0.133274,0.992020,0.055884,1.002491
40.046000,-0.165045,0.007980,1.044101,-0.525188,-0.000007,-0.007573,0.021707,0.000010,1.570807,-0.297007,1.000000,1.100000,0.000000,0.000000,-1.571000,-0.131962,0.992020,0.055899,1.002318
40.048000,-0.166094,0.007980,1.044086,-0.523786,-0.000007,-0.007610,0.022721,0.000010,1.570807,-0.296736,1.000000,1.100000,0.000000,0.000000,-1.571000,-0.130641,0.992020,0.055914,1.002146
40.050000,-0.167141,0.007980,1.044070,-0.522366,-0.000007,-0.007648,0.023718,0.000009,1.570807,-0.296452,1.000000,1.100000,0.000000,0.000000,-1.571000,-0.129312,0.992020,0.055930,1.001975
40.052000,-0.168185,0.007980,1.044055,-0.520930,-0.000007,-0.007687,0.024697,0.000009,1.570807,-0.296158,1.000000,1.100000,0.000000,0.000000,-1.571000,-0.127973,0.992020,0.055945,1.001804
40.054000,-0.169225,0.007980,1.044039,-0.519478,-0.000006,-0.007727,0.025657,0.000009,1.570807,-0.295851,1.000000,1.100000,0.000000,0.000000,-1.571000,-0.126626,0.992020,0.055961,1.001633
40.056000,-0.170263,0.007980,1.044024,-0.518009,-0.000006,-0.007767,0.026597,0.000009,1.570808,-0.295533,1.000000,1.100000,0.000000,0.000000,-1.571000,-0.125270,0.992020,0.055976,1.001464
40.058000,-0.171298,0.007980,1.044008,-0.516525,-0.000006,-0.007808,0.027517,0.000009,1.570808,-0.295203,1.000000,1.100000,0.000000,0.000000,-1.571000,-0.123905,0.992020,0.055992,1.001295
40.060000,-0.172330,0.007980,1.043993,-0.515026,-0.000006,-0.007850,0.028416,0.000009,1.570809,-0.294861,1.000000,1.100000,0.000000,0.000000,-1.571000,-0.122532,0.992020,0.056007,1.001127
40.062000,-0.173359,0.007980,1.043977,-0.513512,-0.000006,-0.007892,0.029294,0.000009,1.570809,-0.294508,1.000000,1.100000,0.000000,0.000000,-1.571000,-0.121150,0.992020,0.056023,1.000959
40.064000,-0.174384,0.007980,1.043961,-0.511984,-0.000005,-0.007935,0.030150,0.000009,1.570810,-0.294143,1.000000,1.100000,0.000000,0.000000,-1.571000,-0.119759,0.992020,0.056039,1.000793
40.066000,-0.175407,0.007980,1.043945,-0.510442,-0.000005,-0.007979,0.030984,0.000009,1.570810,-0.293767,1.000000,1.100000,0.000000,0.000000,-1.571000,-0.118360,0.992020,0.056055,1.000627
40.068000,-0.176427,0.007980,1.043929,-0.508887,-0.000005,-0.008023,0.031795,0.000009,1.570811,-0.293379,1.000000,1.100000,0.000000,0.000000,-1.571000,-0.116952,0.992020,0.056071,1.000463
40.070000,-0.177443,0.007980,1.043913,-0.507320,-0.000005,-0.008068,0.032583,0.000009,1.570812,-0.292979,1.000000,1.100000,0.000000,0.000000,-1.571000,-0.115536,0.992020,0.056087,1.000299
40.072000,-0.178456,0.007980,1.043897,-0.505739,-0.000005,-0.008113,0.033348,0.000009,1.570812,-0.292568,1.000000,1.100000,0.000000,0.000000,-1.571000,-0.114112,0.992020,0.056103,1.000136
40.074000,-0.179466,0.007980,1.043880,-0.504147,-0.000004,-0.008159,0.034089,0.000009,1.570813,-0.292145,1.000000,1.100000,0.000000,0.000000,-1.571000,-0.112679,0.992020,0.056120,0.999975
40.076000,-0.180473,0.007980,1.043864,-0.502544,-0.000004,-0.008205,0.034806,0.000009,1.570814,-0.291711,1.000000,1.100000,0.000000,0.000000,-1.571000,-0.111238,0.992020,0.056136,0.999814
40.078000,-0.181477,0.007980,1.043847,-0.500930,-0.000004,-0.008252,0.035500,0.000009,1.570815,-0.291265,1.000000,1.100000,0.000000,0.000000,-1.571000,-0.109788,0.992020,0.056153,0.999655
40.080000,-0.182477,0.007980,1.043831,-0.499305,-0.000004,-0.008300,0.036169,0.000009,1.570816,-0.290808,1.000000,1.100000,0.000000,0.000000,-1.571000,-0.108331,0.992020,0.056169,0.999497
40.082000,-0.183475,0.007980,1.043814,-0.497670,-0.000004,-0.008337,0.036818,0.000009,1.570817,-0.290339,1.000000,1.100000,0.000000,0.000000,-1.571000,-0.106865,0.992020,0.056186,0.999340
40.084000,-0.184468,0.007980,1.043797,-0.496024,-0.000003,-0.008353,0.037458,0.000009,1.570817,-0.289859,1.000000,1.100000,0.000000,0.000000,-1.571000,-0.105391,0.992020,0.056203,0.999185
40.086000,-0.185459,0.007980,1.043781,-0.494369,-0.000003,-0.008350,0.038100,0.000009,1.570818,-0.289367,1.000000,1.100000,0.000000,0.000000,-1.571000,-0.103908,0.992020,0.056219,0.999030
40.088000,-0.186446,0.007980,1.043764,-0.492703,-0.000003,-0.008331,0.038752,0.000009,1.570818,-0.288864,1.000000,1.100000,0.000000,0.000000,-1.571000,-0.102418,0.992020,0.056236,0.998877
40.090000,-0.187430,0.007980,1.043747,-0.491027,-0.000003,-0.008297,0.039424,0.000009,1.570818,-0.288350,1.000000,1.100000,0.000000,0.000000,-1.571000,-0.100920,0.992020,0.056253,0.998726
40.092000,-0.188411,0.007980,1.043731,-0.489340,-0.000003,-0.008249,0.040124,0.000009,1.570818,-0.287824,1.000000,1.100000,0.000000,0.000000,-1.571000,-0.099413,0.992020,0.056269,0.998576
40.094000,-0.189388,0.007980,1.043714,-0.487642,-0.000002,-0.008189,0.040858,0.000009,1.570817,-0.287286,1.000000,1.100000,0.000000,0.000000,-1.571000,-0.097899,0.992020,0.056286,0.998427
40.096000,-0.190361,0.007980,1.043698,-0.485932,-0.000002,-0.008118,0.041633,0.000009,1.570816,-0.286738,1.000000,1.100000,0.000000,0.000000,-1.571000,-0.096377,0.992020,0.056302,0.998280
40.098000,-0.191332,0.007980,1.043682,-0.484209,-0.000002,-0.008037,0.042453,0.000009,1.570815,-0.286178,1.000000,1.100000,0.000000,0.000000,-1.571000,-0.094846,0.992020,0.056318,0.998134
40.100000,-0.192298,0.007980,1.043666,-0.482472,-0.000002,-0.007947,0.043325,0.000009,1.570814,-0.285607,1.000000,1.100000,0.000000,0.000000,-1.571000,-0.093308,0.992020,0.056334,0.997990
40.102000,-0.193262,0.007980,1.043650,-0.480722,-0.000002,-0.007850,0.044251,0.000009,1.570812,-0.285024,1.000000,1.100000,0.000000,0.000000,-1.571000,-0.091763,0.992020,0.056350,0.997847
40.104000,-0.194221,0.007980,1.043635,-0.478955,-0.000001,-0.007745,0.045235,0.000009,1.570810,-0.284431,1.000000,1.100000,0.000000,0.000000,-1.571000,-0.090209,0.992020,0.056365,0.997707
40.106000,-0.195178,0.007980,1.043619,-0.477172,-0.000001,-0.007635,0.046279,0.000009,1.570807,-0.283826,1.000000,1.100000,0.000000,0.000000,-1.571000,-0.088648,0.992020,0.056381,0.997568
40.108000,-0.196130,0.007980,1.043604,-0.475371,-0.000001,-0.007519,0.047386,0.000009,1.570804,-0.283209,1.000000,1.100000,0.000000,0.000000,-1.571000,-0.087079,0.992020,0.056396,0.997430
40.110000,-0.197079,0.007980,1.043589,-0.473551,-0.000001,-0.007399,0.048557,0.000009,1.570801,-0.282582,1.000000,1.100000,0.000000,0.000000,-1.571000,-0.085503,0.992020,0.056411,0.997295
40.112000,-0.198024,0.007980,1.043575,-0.471710,-0.000001,-0.007274,0.049794,0.000009,1.570797,-0.281944,1.000000,1.100000,0.000000,0.000000,-1.571000,-0.083919,0.992020,0.056425,0.997161
40.114000,-0.198966,0.007980,1.043560,-0.469849,-0.000000,-0.007146,0.051097,0.000009,1.570794,-0.281294,1.000000,1.100000,0.000000,0.000000,-1.571000,-0.082328,0.992020,0.056440,0.997029
40.116000,-0.199904,0.007980,1.043546,-0.467964,-0.000000,-0.007016,0.052465,0.000009,1.570790,-0.280633,1.000000,1.100000,0.000000,0.000000,-1.571000,-0.080729,0.992020,0.056454,0.996899
40.118000,-0.200838,0.007980,1.043532,-0.466056,-0.000000,-0.006883,0.053899,0.000010,1.570786,-0.279961,1.000000,1.100000,0.000000,0.000000,-1.571000,-0.079124,0.992020,0.056468,0.996771
40.120000,-0.201768,0.007980,1.043519,-0.464122,0.000000,-0.006748,0.055399,0.000010,1.570782,-0.279279,1.000000,1.100000,0.000000,0.000000,-1.571000,-0.077511,0.992020,0.056481,0.996645
40.122000,-0.202694,0.007980,1.043506,-0.462162,0.000000,-0.006612,0.056962,0.000010,1.570777,-0.278585,1.000000,1.100000,0.000000,0.000000,-1.571000,-0.075890,0.992020,0.056494,0.996521
40.124000,-0.203617,0.007980,1.043493,-0.460174,0.000000,-0.006475,0.058587,0.000010,1.570773,-0.277880,1.000000,1.100000,0.000000,0.000000,-1.571000,-0.074263,0.992020,0.056507,0.996400
40.126000,-0.204535,0.007980,1.043480,-0.458157,0.000001,-0.006337,0.060273,0.000011,1.570768,-0.277164,1.000000,1.100000,0.000000,0.000000,-1.571000,-0.072629,0.992020,0.056520,0.996280
40.128000,-0.205449,0.007980,1.043467,-0.456111,0.000001,-0.006199,0.062017,0.000011,1.570764,-0.276437,1.000000,1.100000,0.000000,0.000000,-1.571000,-0.070988,0.992020,0.056533,0.996162
40.130000,-0.206359,0.007980,1.043455,-0.454033,0.000001,-0.006062,0.063817,0.000012,1.570759,-0.275699,1.000000,1.100000,0.000000,0.000000,-1.571000,-0.069340,0.992020,0.056545,0.996047
40.132000,-0.207265,0.007980,1.043443,-0.451923,0.000001,-0.005924,0.065671,0.000012,1.570755,-0.274951,1.000000,1.100000,0.000000,0.000000,-1.571000,-0.067686,0.992020,0.056557,0.995934
40.134000,-0.208166,0.007980,1.043431,-0.449781,0.000001,-0.005788,0.067576,0.000012,1.570751,-0.274191,1.000000,1.100000,0.000000,0.000000,-1.571000,-0.066025,0.992020,0.056569,0.995823
40.136000,-0.209063,0.007980,1.043420,-0.447604,0.000001,-0.005653,0.069528,0.000013,1.570747,-0.273421,1.000000,1.100000,0.000000,0.000000,-1.571000,-0.064358,0.992020,0.056580,0.995714
40.138000,-0.209956,0.007980,1.043409,-0.445393,0.000002,-0.005519,0.071524,0.000013,1.570743,-0.272640,1.000000,1.100000,0.000000,0.000000,-1.571000,-0.062684,0.992020,0.056591,0.995608
40.140000,-0.210845,0.007980,1.043398,-0.443147,0.000002,-0.005387,0.073562,0.000014,1.570739,-0.271848,1.000000,1.100000,0.000000,0.000000,-1.571000,-0.061003,0.992020,0.056602,0.995504
40.142000,-0.211728,0.007980,1.043388,-0.440864,0.000002,-0.005257,0.075637,0.000014,1.570735,-0.271045,1.000000,1.100000,0.000000,0.000000,-1.571000,-0.059317,0.992020,0.056612,0.995403
40.144000,-0.212607,0.007980,1.043377,-0.438544,0.000002,-0.005129,0.077746,0.000015,1.570732,-0.270232,1.000000,1.100000,0.000000,0.000000,-1.571000,-0.057625,0.992020,0.056623,0.995304
40.146000,-0.213482,0.007980,1.043367,-0.436187,0.000002,-0.005003,0.079885,0.000015,1.570729,-0.269408,1.000000,1.100000,0.000000,0.000000,-1.571000,-0.055926,0.992020,0.056633,0.995208
40.148000,-0.214352,0.007980,1.043357,-0.433791,0.000003,-0.004881,0.082050,0.000015,1.570726,-0.268574,1.000000,1.100000,0.000000,0.000000,-1.571000,-0.054222,0.992020,0.056643,0.995114
40.150000,-0.215216,0.007980,1.043348,-0.431358,0.000003,-0.004761,0.084239,0.000016,1.570724,-0.267729,1.000000,1.100000,0.000000,0.000000,-1.571000,-0.052512,0.992020,0.056652,0.995023
40.152000,-0.216076,0.007980,1.043338,-0.428885,0.000003,-0.004644,0.086445,0.000016,1.570722,-0.266873,1.000000,1.100000,0.000000,0.000000,-1.571000,-0.050797,0.992020,0.056662,0.994935
40.154000,-0.216931,0.007980,1.043329,-0.426374,0.000003,-0.004530,0.088667,0.000016,1.570720,-0.266006,1.000000,1.100000,0.000000,0.000000,-1.571000,-0.049075,0.992020,0.056671,0.994849
40.156000,-0.217781,0.007980,1.043320,-0.423824,0.000003,-0.004420,0.090900,0.000017,1.570719,-0.265130,1.000000,1.100000,0.000000,0.000000,-1.571000,-0.047349,0.992020,0.056680,0.994765
40.158000,-0.218625,0.007980,1.043312,-0.421234,0.000004,-0.004314,0.093139,0.000017,1.570718,-0.264242,1.000000,1.100000,0.000000,0.000000,-1.571000,-0.045617,0.992020,0.056688,0.994685
40.160000,-0.219465,0.007980,1.043303,-0.418605,0.000004,-0.004211,0.095382,0.000017,1.570717,-0.263345,1.000000,1.100000,0.000000,0.000000,-1.571000,-0.043880,0.992020,0.056697,0.994607
40.162000,-0.220299,0.007980,1.043295,-0.415936,0.000004,-0.004108,0.097624,0.000017,1.570717,-0.262437,1.000000,1.100000,0.000000,0.000000,-1.571000,-0.042138,0.992020,0.056705,0.994532
40.164000,-0.221128,0.007980,1.043287,-0.413227,0.000004,-0.004000,0.099864,0.000017,1.570717,-0.261518,1.000000,1.100000,0.000000,0.000000,-1.571000,-0.040391,0.992020,0.056713,0.994460
40.166000,-0.221951,0.007980,1.043279,-0.410479,0.000004,-0.003890,0.102098,0.000017,1.570718,-0.260589,1.000000,1.100000,0.000000,0.000000,-1.571000,-0.038639,0.992020,0.056721,0.994391
40.168000,-0.222768,0.007980,1.043271,-0.407691,0.000004,-0.003776,0.104324,0.000017,1.570719,-0.259650,1.000000,1.100000,0.000000,0.000000,-1.571000,-0.036882,0.992020,0.056729,0.994325
40.170000,-0.223580,0.007980,1.043264,-0.404863,0.000005,-0.003662,0.106539,0.000017,1.570720,-0.258701,1.000000,1.100000,0.000000,0.000000,-1.571000,-0.035121,0.992020,0.056736,0.994262
40.172000,-0.224386,0.007980,1.043257,-0.401997,0.000005,-0.003546,0.108741,0.000017,1.570722,-0.257742,1.000000,1.100000,0.000000,0.000000,-1.571000,-0.033355,0.992020,0.056743,0.994201
40.174000,-0.225187,0.007980,1.043250,-0.399092,0.000005,-0.003430,0.110927,0.000017,1.570724,-0.256772,1.000000,1.100000,0.000000,0.000000,-1.571000,-0.031585,0.992020,0.056750,0.994144
40.176000,-0.225982,0.007980,1.043243,-0.396149,0.000005,-0.003314,0.113095,0.000017,1.570726,-0.255792,1.000000,1.100000,0.000000,0.000000,-1.571000,-0.029811,0.992020,0.056757,0.994089
40.178000,-0.226770,0.007980,1.043237,-0.393169,0.000005,-0.003198,0.115242,0.000016,1.570729,-0.254802,1.000000,1.100000,0.000000,0.000000,-1.571000,-0.028032,0.992020,0.056763,0.994038
40.180000,-0.227553,0.007980,1.043231,-0.390151,0.000005,-0.003084,0.117366,0.000016,1.570732,-0.253802,1.000000,1.100000,0.000000,0.000000,-1.571000,-0.026249,0.992020,0.056769,0.993990
40.182000,-0.228329,0.007980,1.043225,-0.387097,0.000006,-0.002971,0.119464,0.000016,1.570736,-0.252792,1.000000,1.100000,0.000000,0.000000,-1.571000,-0.024463,0.992020,0.056775,0.993944
40.184000,-0.229100,0.007980,1.043219,-0.384007,0.000006,-0.002860,0.121535,0.000015,1.570739,-0.251772,1.000000,1.100000,0.000000,0.000000,-1.571000,-0.022673,0.992020,0.056781,0.993902
40.186000,-0.229864,0.007980,1.043213,-0.380882,0.000006,-0.002752,0.123575,0.000015,1.570743,-0.250742,1.000000,1.100000,0.000000,0.000000,-1.571000,-0.020879,0.992020,0.056787,0.993863
40.188000,-0.230621,0.007980,1.043208,-0.377723,0.000006,-0.002646,0.125583,0.000014,1.570747,-0.249702,1.000000,1.100000,0.000000,0.000000,-1.571000,-0.019081,0.992020,0.056792,0.993827
40.190000,-0.231373,0.007980,1.043203,-0.374529,0.000006,-0.002542,0.127557,0.000014,1.570752,-0.248653,1.000000,1.100000,0.000000,0.000000,-1.571000,-0.017280,0.992020,0.056797,0.993795
40.192000,-0.232118,0.007980,1.043198,-0.371303,0.000006,-0.002442,0.129495,0.000013,1.570756,-0.247593,1.000000,1.100000,0.000000,0.000000,-1.571000,-0.015475,0.992020,0.056802,0.993765
40.194000,-0.232856,0.007980,1.043193,-0.368044,0.000006,-0.002345,0.131395,0.000013,1.570761,-0.246524,1.000000,1.100000,0.000000,0.000000,-1.571000,-0.013668,0.992020,0.056807,0.993739
40.196000,-0.233588,0.007980,1.043188,-0.364754,0.000007,-0.002250,0.133256,0.000012,1.570765,-0.245445,1.000000,1.100000,0.000000,0.000000,-1.571000,-0.011857,0.992020,0.056812,0.993716
40.198000,-0.234313,0.007980,1.043184,-0.361434,0.000007,-0.002160,0.135076,0.000011,1.570770,-0.244356,1.000000,1.100000,0.000000,0.000000,-1.571000,-0.010043,0.992020,0.056816,0.993696
40.200000,-0.235032,0.007980,1.043180,-0.358084,0.000007,-0.002073,0.136853,0.000011,1.570775,-0.243258,1.000000,1.100000,0.000000,0.000000,-1.571000,-0.008226,0.992020,0.056820,0.993680
40.202000,-0.235744,0.007980,1.043176,-0.354705,0.000007,-0.001990,0.138588,0.000010,1.570780,-0.242150,1.000000,1.100000,0.000000,0.000000,-1.571000,-0.006406,0.992020,0.056824,0.993667
40.204000,-0.236449,0.007980,1.043172,-0.351298,0.000007,-0.001910,0.140277,0.000009,1.570786,-0.241032,1.000000,1.100000,0.000000,0.000000,-1.571000,-0.004584,0.992020,0.056828,0.993657
40.206000,-0.237147,0.007980,1.043168,-0.347865,0.000007,-0.001835,0.141921,0.000009,1.570791,-0.239905,1.000000,1.100000,0.000000,0.000000,-1.571000,-0.002758,0.992020,0.056832,0.993650
40.208000,-0.237838,0.007980,1.043165,-0.344406,0.000007,-0.001763,0.143518,0.000008,1.570796,-0.238769,1.000000,1.100000,0.000000,0.000000,-1.571000,-0.000931,0.992020,0.056835,0.993647
40.210000,-0.238522,0.007980,1.043161,-0.340922,0.000008,-0.001696,0.145067,0.000007,1.570801,-0.237623,1.000000,1.100000,0.000000,0.000000,-1.571000,0.000899,0.992020,0.056839,0.993647
40.212000,-0.239200,0.007980,1.043158,-0.337415,0.000008,-0.001632,0.146569,0.000006,1.570806,-0.236468,1.000000,1.100000,0.000000,0.000000,-1.571000,0.002732,0.992020,0.056842,0.993651
40.214000,-0.239870,0.007980,1.043155,-0.333884,0.000008,-0.001572,0.148022,0.000005,1.570811,-0.235303,1.000000,1.100000,0.000000,0.000000,-1.571000,0.004567,0.992020,0.056845,0.993658
40.216000,-0.240533,0.007980,1.043152,-0.330332,0.000008,-0.001516,0.149426,0.000005,1.570816,-0.234129,1.000000,1.100000,0.000000,0.000000,-1.571000,0.006404,0.992020,0.056848,0.993668
40.218000,-0.241189,0.007980,1.043149,-0.326759,0.000008,-0.001464,0.150782,0.000004,1.570821,-0.232946,1.000000,1.100000,0.000000,0.000000,-1.571000,0.008243,0.992020,0.056851,0.993682
40.220000,-0.241838,0.007980,1.043146,-0.323166,0.000008,-0.001415,0.152088,0.000003,1.570825,-0.231754,1.000000,1.100000,0.000000,0.000000,-1.571000,0.010084,0.992020,0.056854,0.993699
40.222000,-0.242479,0.007980,1.043143,-0.319554,0.000008,-0.001368,0.153344,0.000002,1.570830,-0.230552,1.000000,1.100000,0.000000,0.000000,-1.571000,0.011927,0.992020,0.056857,0.993719
40.224000,-0.243114,0.007980,1.043141,-0.315923,0.000008,-0.001320,0.154552,0.000001,1.570834,-0.229341,1.000000,1.100000,0.000000,0.000000,-1.571000,0.013772,0.992020,0.056859,0.993743
40.226000,-0.243741,0.007980,1.043138,-0.312276,0.000009,-0.001273,0.155710,0.000000,1.570839,-0.228122,1.000000,1.100000,0.000000,0.000000,-1.571000,0.015619,0.992020,0.056862,0.993771
40.228000,-0.244360,0.007980,1.043135,-0.308612,0.000009,-0.001226,0.156820,-0.000001,1.570843,-0.226893,1.000000,1.100000,0.000000,0.000000,-1.571000,0.017467,0.992020,0.056865,0.993802
40.230000,-0.244973,0.007980,1.043133,-0.304933,0.000009,-0.001179,0.157881,-0.000002,1.570847,-0.225655,1.000000,1.100000,0.000000,0.000000,-1.571000,0.019317,0.992020,0.056867,0.993836
40.232000,-0.245578,0.007980,1.043131,-0.301240,0.000009,-0.001133,0.158895,-0.000002,1.570850,-0.224409,1.000000,1.100000,0.000000,0.000000,-1.571000,0.021169,0.992020,0.056869,0.993874
40.234000,-0.246175,0.007980,1.043129,-0.297533,0.000009,-0.001088,0.159861,-0.000003,1.570854,-0.223154,1.000000,1.100000,0.000000,0.000000,-1.571000,0.023022,0.992020,0.056871,0.993915
40.236000,-0.246765,0.007980,1.043126,-0.293814,0.000009,-0.001044,0.160781,-0.000004,1.570857,-0.221889,1.000000,1.100000,0.000000,0.000000,-1.571000,0.024876,0.992020,0.056874,0.993960
40.238000,-0.247348,0.007980,1.043124,-0.290085,0.000009,-0.001000,0.161654,-0.000005,1.570860,-0.220616,1.000000,1.100000,0.000000,0.000000,-1.571000,0.026731,0.992020,0.056876,0.994008
40.240000,-0.247923,0.007980,1.043123,-0.286344,0.000009,-0.000958,0.162483,-0.000006,1.570862,-0.219335,1.000000,1.100000,0.000000,0.000000,-1.571000,0.028588,0.992020,0.056877,0.994060
40.242000,-0.248491,0.007981,1.043121,-0.282595,0.000009,-0.000916,0.163268,-0.000007,1.570865,-0.218044,1.000000,1.100000,0.000000,0.000000,-1.571000,0.030446,0.992019,0.056879,0.994115
40.244000,-0.249051,0.007981,1.043119,-0.278837,0.000009,-0.000876,0.164009,-0.000008,1.570867,-0.216745,1.000000,1.100000,0.000000,0.000000,-1.571000,0.032305,0.992019,0.056881,0.994174
40.246000,-0.249603,0.007981,1.043117,-0.275071,0.000010,-0.000837,0.164709,-0.000008,1.570869,-0.215438,1.000000,1.100000,0.000000,0.000000,-1.571000,0.034165,0.992019,0.056883,0.994236
40.248000,-0.250148,0.007981,1.043116,-0.271299,0.000010,-0.000798,0.165367,-0.000009,1.570871,-0.214122,1.000000,1.100000,0.000000,0.000000,-1.571000,0.036026,0.992019,0.056884,0.994302
40.250000,-0.250686,0.007981,1.043114,-0.267520,0.000010,-0.000761,0.165985,-0.000010,1.570872,-0.212797,1.000000,1.100000,0.000000,0.000000,-1.571000,0.037888,0.992019,0.056886,0.994371
40.252000,-0.251216,0.007981,1.043113,-0.263737,0.000010,-0.000725,0.166565,-0.000010,1.570873,-0.211465,1.000000,1.100000,0.000000,0.000000,-1.571000,0.039751,0.992019,0.056887,0.994444
40.254000,-0.251738,0.007981,1.043111,-0.259949,0.000010,-0.000690,0.167106,-0.000011,1.570874,-0.210123,1.000000,1.100000,0.000000,0.000000,-1.571000,0.041615,0.992019,0.056889,0.994520
40.256000,-0.252253,0.007981,1.043110,-0.256158,0.000010,-0.000655,0.167612,-0.000011,1.570875,-0.208774,1.000000,1.100000,0.000000,0.000000,-1.571000,0.043479,0.992019,0.056890,0.994600
40.258000,-0.252760,0.007981,1.043109,-0.252364,0.000010,-0.000621,0.168082,-0.000012,1.570875,-0.207416,1.000000,1.100000,0.000000,0.000000,-1.571000,0.045344,0.992019,0.056891,0.994683
40.260000,-0.253259,0.007981,1.043107,-0.248567,0.000010,-0.000588,0.168518,-0.000012,1.570876,-0.206050,1.000000,1.100000,0.000000,0.000000,-1.571000,0.047209,0.992019,0.056893,0.994770
40.262000,-0.253751,0.007981,1.043106,-0.244769,0.000010,-0.000556,0.168922,-0.000012,1.570876,-0.204676,1.000000,1.100000,0.000000,0.000000,-1.571000,0.049075,0.992019,0.056894,0.994861
40.264000,-0.254236,0.007981,1.043105,-0.240971,0.000010,-0.000524,0.169295,-0.000013,1.570875,-0.203294,1.000000,1.100000,0.000000,0.000000,-1.571000,0.050942,0.992019,0.056895,0.994954
40.266000,-0.254712,0.007981,1.043104,-0.237172,0.000010,-0.000493,0.169638,-0.000013,1.570875,-0.201904,1.000000,1.100000,0.000000,0.000000,-1.571000,0.052809,0.992019,0.056896,0.995052
40.268000,-0.255181,0.007981,1.043103,-0.233373,0.000010,-0.000462,0.169952,-0.000013,1.570874,-0.200506,1.000000,1.100000,0.000000,0.000000,-1.571000,0.054676,0.992019,0.056897,0.995153
40.270000,-0.255643,0.007981,1.043102,-0.229575,0.000010,-0.000432,0.170239,-0.000013,1.570874,-0.199100,1.000000,1.100000,0.000000,0.000000,-1.571000,0.056543,0.992019,0.056898,0.995257
40.272000,-0.256097,0.007981,1.043102,-0.225779,0.000010,-0.000403,0.170500,-0.000013,1.570872,-0.197686,1.000000,1.100000,0.000000,0.000000,-1.571000,0.058411,0.992019,0.056898,0.995365
40.274000,-0.256543,0.007981,1.043101,-0.221985,0.000010,-0.000373,0.170737,-0.000013,1.570871,-0.196264,1.000000,1.100000,0.000000,0.000000,-1.571000,0.060279,0.992019,0.056899,0.995476
40.276000,-0.256982,0.007981,1.043100,-0.218193,0.000010,-0.000344,0.170950,-0.000013,1.570870,-0.194834,1.000000,1.100000,0.000000,0.000000,-1.571000,0.062147,0.992019,0.056900,0.995591
40.278000,-0.257413,0.007981,1.043099,-0.214404,0.000010,-0.000316,0.171142,-0.000013,1.570868,-0.193397,1.000000,1.100000,0.000000,0.000000,-1.571000,0.064016,0.992019,0.056901,0.995710
40.280000,-0.257837,0.007981,1.043099,-0.210618,0.000010,-0.000288,0.171313,-0.000012,1.570866,-0.191952,1.000000,1.100000,0.000000,0.000000,-1.571000,0.065884,0.992019,0.056901,0.995832
40.282000,-0.258253,0.007981,1.043098,-0.206836,0.000010,-0.000256,0.171464,-0.000012,1.570865,-0.190500,1.000000,1.100000,0.000000,0.000000,-1.571000,0.067753,0.992019,0.056902,0.995957
40.284000,-0.258661,0.007981,1.043098,-0.203056,0.000010,-0.000216,0.171598,-0.000012,1.570863,-0.189040,1.000000,1.100000,0.000000,0.000000,-1.571000,0.069621,0.992019,0.056902,0.996086
40.286000,-0.259062,0.007981,1.043097,-0.199279,0.000010,-0.000169,0.171714,-0.000011,1.570860,-0.187573,1.000000,1.100000,0.000000,0.000000,-1.571000,0.071489,0.992019,0.056903,0.996218
40.288000,-0.259455,0.007981,1.043097,-0.195505,0.000010,-0.000115,0.171815,-0.000011,1.570858,-0.186098,1.000000,1.100000,0.000000,0.000000,-1.571000,0.073357,0.992019,0.056903,0.996354
40.290000,-0.259841,0.007981,1.043097,-0.191736,0.000010,-0.000055,0.171902,-0.000010,1.570856,-0.184616,1.000000,1.100000,0.000000,0.000000,-1.571000,0.075225,0.992019,0.056903,0.996493
40.292000,-0.260219,0.007981,1.043097,-0.187971,0.000010,0.000009,0.171975,-0.000010,1.570853,-0.183127,1.000000,1.100000,0.000000,0.000000,-1.571000,0.077093,0.992019,0.056903,0.996636
40.294000,-0.260590,0.007981,1.043097,-0.184211,0.000010,0.000079,0.172036,-0.000009,1.570851,-0.181630,1.000000,1.100000,0.000000,0.000000,-1.571000,0.078960,0.992019,0.056903,0.996782
40.296000,-0.260953,0.007981,1.043097,-0.180456,0.000010,0.000153,0.172085,-0.000008,1.570848,-0.180126,1.000000,1.100000,0.000000,0.000000,-1.571000,0.080827,0.992019,0.056903,0.996932
40.298000,-0.261309,0.007981,1.043098,-0.176706,0.000010,0.000231,0.172125,-0.000008,1.570846,-0.178615,1.000000,1.100000,0.000000,0.000000,-1.571000,0.082693,0.992019,0.056902,0.997085
40.300000,-0.261657,0.007981,1.043098,-0.172961,0.000010,0.000313,0.172155,-0.000007,1.570843,-0.177097,1.000000,1.100000,0.000000,0.000000,-1.571000,0.084559,0.992019,0.056902,0.997241
40.302000,-0.261997,0.007981,1.043099,-0.169223,0.000010,0.000398,0.172177,-0.000007,1.570840,-0.175572,1.000000,1.100000,0.000000,0.000000,-1.571000,0.086425,0.992019,0.056901,0.997401
40.304000,-0.262330,0.007981,1.043100,-0.165490,0.000010,0.000486,0.172192,-0.000006,1.570837,-0.174040,1.000000,1.100000,0.000000,0.000000,-1.571000,0.088290,0.992019,0.056900,0.997564
40.306000,-0.262656,0.007981,1.043101,-0.161763,0.000010,0.000578,0.172201,-0.000005,1.570834,-0.172502,1.000000,1.100000,0.000000,0.000000,-1.571000,0.090155,0.992019,0.056899,0.997731
40.308000,-0.262974,0.007981,1.043103,-0.158043,0.000010,0.000672,0.172204,-0.000005,1.570832,-0.170956,1.000000,1.100000,0.000000,0.000000,-1.571000,0.092018,0.992019,0.056897,0.997901
40.310000,-0.263285,0.007981,1.043104,-0.154329,0.000010,0.000768,0.172202,-0.000004,1.570829,-0.169404,1.000000,1.100000,0.000000,0.000000,-1.571000,0.093882,0.992019,0.056896,0.998074
40.312000,-0.263589,0.007981,1.043106,-0.150622,0.000010,0.000866,0.172197,-0.000003,1.570826,-0.167845,1.000000,1.100000,0.000000,0.000000,-1.571000,0.095744,0.992019,0.056894,0.998251
40.314000,-0.263885,0.007981,1.043108,-0.146921,0.000010,0.000967,0.172188,-0.000003,1.570823,-0.166279,1.000000,1.100000,0.000000,0.000000,-1.571000,0.097606,0.992019,0.056892,0.998431
40.316000,-0.264173,0.007981,1.043110,-0.143227,0.000010,0.001069,0.172176,-0.000002,1.570820,-0.164707,1.000000,1.100000,0.000000,0.000000,-1.571000,0.099466,0.992019,0.056890,0.998615
40.318000,-0.264454,0.007981,1.043112,-0.139540,0.000010,0.001172,0.172162,-0.000001,1.570817,-0.163128,1.000000,1.100000,0.000000,0.000000,-1.571000,0.101326,0.992019,0.056888,0.998802
40.320000,-0.264728,0.007981,1.043115,-0.135859,0.000010,0.001277,0.172147,-0.000001,1.570814,-0.161543,1.000000,1.100000,0.000000,0.000000,-1.571000,0.103185,0.992019,0.056885,0.998992
40.322000,-0.264995,0.007981,1.043117,-0.132186,0.000010,0.001384,0.172131,-0.000000,1.570811,-0.159951,1.000000,1.100000,0.000000,0.000000,-1.571000,0.105043,0.992019,0.056883,0.999185
40.324000,-0.265254,0.007981,1.043120,-0.128519,0.000010,0.001491,0.172115,0.000000,1.570808,-0.158354,1.000000,1.100000,0.000000,0.000000,-1.571000,0.106900,0.992019,0.056880,0.999382
40.326000,-0.265506,0.007981,1.043123,-0.124860,0.000010,0.001600,0.172098,0.000001,1.570806,-0.156750,1.000000,1.100000,0.000000,0.000000,-1.571000,0.108756,0.992019,0.056877,0.999582
40.328000,-0.265750,0.007981,1.043127,-0.121207,0.000010,0.001709,0.172083,0.000001,1.570803,-0.155139,1.000000,1.100000,0.000000,0.000000,-1.571000,0.110611,0.992019,0.056873,0.999785
40.330000,-0.265987,0.007981,1.043130,-0.117561,0.000010,0.001820,0.172068,0.000002,1.570800,-0.153523,1.000000,1.100000,0.000000,0.000000,-1.571000,0.112464,0.992019,0.056870,0.999992
40.332000,-0.266217,0.007981,1.043134,-0.113922,0.000010,0.001931,0.172054,0.000002,1.570798,-0.151900,1.000000,1.100000,0.000000,0.000000,-1.571000,0.114317,0.992019,0.056866,1.000201
40.334000,-0.266440,0.007981,1.043138,-0.110290,0.000010,0.002042,0.172042,0.000003,1.570795,-0.150272,1.000000,1.100000,0.000000,0.000000,-1.571000,0.116168,0.992019,0.056862,1.000414
40.336000,-0.266655,0.007981,1.043142,-0.106665,0.000010,0.002154,0.172032,0.000003,1.570792,-0.148638,1.000000,1.100000,0.000000,0.000000,-1.571000,0.118018,0.992019,0.056858,1.000631
40.338000,-0.266863,0.007981,1.043147,-0.103046,0.000010,0.002266,0.172024,0.000004,1.570790,-0.146997,1.000000,1.100000,0.000000,0.000000,-1.571000,0.119866,0.992019,0.056853,1.000850
40.340000,-0.267064,0.007981,1.043152,-0.099435,0.000010,0.002379,0.172018,0.000004,1.570787,-0.145351,1.000000,1.100000,0.000000,0.000000,-1.571000,0.121713,0.992019,0.056848,1.001073
40.342000,-0.267258,0.007981,1.043156,-0.095830,0.000010,0.002491,0.172015,0.000004,1.570785,-0.143699,1.000000,1.100000,0.000000,0.000000,-1.571000,0.123558,0.992019,0.056844,1.001298
40.344000,-0.267444,0.007981,1.043162,-0.092232,0.000010,0.002604,0.172014,0.000005,1.570783,-0.142042,1.000000,1.100000,0.000000,0.000000,-1.571000,0.125402,0.992019,0.056838,1.001527
40.346000,-0.267624,0.007982,1.043167,-0.088640,0.000010,0.002717,0.172016,0.000005,1.570781,-0.140379,1.000000,1.100000,0.000000,0.000000,-1.571000,0.127245,0.992018,0.056833,1.001759
40.348000,-0.267796,0.007982,1.043173,-0.085055,0.000010,0.002829,0.172021,0.000005,1.570778,-0.138710,1.000000,1.100000,0.000000,0.000000,-1.571000,0.129085,0.992018,0.056827,1.001995
40.350000,-0.267961,0.007982,1.043178,-0.081477,0.000010,0.002942,0.172030,0.000005,1.570776,-0.137036,1.000000,1.100000,0.000000,0.000000,-1.571000,0.130924,0.992018,0.056822,1.002233
40.352000,-0.268118,0.007982,1.043185,-0.077905,0.000010,0.003055,0.172041,0.000006,1.570774,-0.135357,1.000000,1.100000,0.000000,0.000000,-1.571000,0.132762,0.992018,0.056815,1.002474
40.354000,-0.268269,0.007982,1.043191,-0.074339,0.000010,0.003167,0.172055,0.000006,1.570772,-0.133672,1.000000,1.100000,0.000000,0.000000,-1.571000,0.134597,0.992018,0.056809,1.002718
40.356000,-0.268412,0.007982,1.043197,-0.070779,0.000010,0.003280,0.172072,0.000006,1.570771,-0.131982,1.000000,1.100000,0.000000,0.000000,-1.571000,0.136431,0.992018,0.056803,1.002966
40.358000,-0.268549,0.007982,1.043204,-0.067226,0.000010,0.003392,0.172092,0.000006,1.570769,-0.130286,1.000000,1.100000,0.000000,0.000000,-1.571000,0.138262,0.992018,0.056796,1.003216
40.360000,-0.268678,0.007982,1.043211,-0.063679,0.000010,0.003504,0.172115,0.000006,1.570767,-0.128586,1.000000,1.100000,0.000000,0.000000,-1.571000,0.140092,0.992018,0.056789,1.003470
40.362000,-0.268800,0.007982,1.043218,-0.060138,0.000010,0.003617,0.172142,0.000006,1.570766,-0.126880,1.000000,1.100000,0.000000,0.000000,-1.571000,0.141920,0.992018,0.056782,1.003726
40.364000,-0.268915,0.007982,1.043226,-0.056603,0.000010,0.003731,0.172171,0.000006,1.570764,-0.125170,1.000000,1.100000,0.000000,0.000000,-1.571000,0.143745,0.992018,0.056774,1.003985
40.366000,-0.269023,0.007982,1.043233,-0.053073,0.000010,0.003847,0.172202,0.000006,1.570763,-0.123454,1.000000,1.100000,0.000000,0.000000,-1.571000,0.145569,0.992018,0.056767,1.004248
40.368000,-0.269124,0.007982,1.043241,-0.049549,0.000010,0.003963,0.172237,0.000006,1.570761,-0.121734,1.000000,1.100000,0.000000,0.000000,-1.571000,0.147390,0.992018,0.056759,1.004513
40.370000,-0.269218,0.007982,1.043249,-0.046031,0.000010,0.004081,0.172274,0.000006,1.570760,-0.120009,1.000000,1.100000,0.000000,0.000000,-1.571000,0.149209,0.992018,0.056751,1.004781
40.372000,-0.269305,0.007982,1.043258,-0.042518,0.000010,0.004199,0.172313,0.000006,1.570759,-0.118279,1.000000,1.100000,0.000000,0.000000,-1.571000,0.151026,0.992018,0.056742,1.005052
40.374000,-0.269385,0.007982,1.043266,-0.039010,0.000010,0.004318,0.172355,0.000006,1.570758,-0.116544,1.000000,1.100000,0.000000,0.000000,-1.571000,0.152841,0.992018,0.056734,1.005325
40.376000,-0.269458,0.007982,1.043275,-0.035509,0.000010,0.004437,0.172399,0.000006,1.570757,-0.114805,1.000000,1.100000,0.000000,0.000000,-1.571000,0.154653,0.992018,0.056725,1.005602
40.378000,-0.269524,0.007982,1.043284,-0.032012,0.000010,0.004557,0.172445,0.000006,1.570756,-0.113061,1.000000,1.100000,0.000000,0.000000,-1.571000,0.156462,0.992018,0.056716,1.005881
40.380000,-0.269582,0.007982,1.043293,-0.028522,0.000010,0.004677,0.172493,0.000006,1.570755,-0.111313,1.000000,1.100000,0.000000,0.000000,-1.571000,0.158269,0.992018,0.056707,1.006163
40.382000,-0.269634,0.007982,1.043303,-0.025036,0.000010,0.004798,0.172542,0.000006,1.570754,-0.109561,1.000000,1.100000,0.000000,0.000000,-1.571000,0.160074,0.992018,0.056697,1.006448
40.384000,-0.269679,0.007982,1.043313,-0.021556,0.000010,0.004919,0.172593,0.000006,1.570754,-0.107804,1.000000,1.100000,0.000000,0.000000,-1.571000,0.161876,0.992018,0.056687,1.006736
40.386000,-0.269717,0.007982,1.043323,-0.018081,0.000010,0.005040,0.172646,0.000006,1.570753,-0.106042,1.000000,1.100000,0.000000,0.000000,-1.571000,0.163675,0.992018,0.056677,1.007026
40.388000,-0.269748,0.007982,1.043333,-0.014612,0.000010,0.005161,0.172700,0.000006,1.570752,-0.104277,1.000000,1.100000,0.000000,0.000000,-1.571000,0.165471,0.992018,0.056667,1.007319
40.390000,-0.269772,0.007982,1.043344,-0.011148,0.000010,0.005283,0.172754,0.000007,1.570752,-0.102508,1.000000,1.100000,0.000000,0.000000,-1.571000,0.167265,0.992018,0.056656,1.007615
40.392000,-0.269789,0.007982,1.043354,-0.007696,0.000010,0.005409,0.172810,0.000007,1.570752,-0.100734,1.000000,1.100000,0.000000,0.000000,-1.571000,0.169055,0.992018,0.056646,1.007913
40.394000,-0.269800,0.007982,1.043365,-0.004252,0.000010,0.005541,0.172866,0.000007,1.570751,-0.098957,1.000000,1.100000,0.000000,0.000000,-1.571000,0.170843,0.992018,0.056635,1.008214
40.396000,-0.269803,0.007982,1.043377,-0.000806,0.000010,0.005672,0.172923,0.000007,1.570751,-0.097175,1.000000,1.100000,0.000000,0.000000,-1.571000,0.172628,0.992018,0.056623,1.008517
40.398000,-0.269799,0.007982,1.043388,0.002640,0.000010,0.005804,0.172981,0.000008,1.570751,-0.095390,1.000000,1.100000,0.000000,0.000000,-1.571000,0.174409,0.992018,0.056612,1.008823
40.400000,-0.269789,0.007982,1.043400,0.006088,0.000010,0.005936,0.173039,0.000008,1.570751,-0.093601,1.000000,1.100000,0.000000,0.000000,-1.571000,0.176188,0.992018,0.056600,1.009131
40.402000,-0.269772,0.007982,1.043412,0.009528,0.000010,0.006062,0.173097,0.000008,1.570751,-0.091808,1.000000,1.100000,0.000000,0.000000,-1.571000,0.177963,0.992018,0.056588,1.009442
40.404000,-0.269747,0.007982,1.043424,0.012956,0.000010,0.006182,0.173155,0.000008,1.570751,-0.090012,1.000000,1.100000,0.000000,0.000000,-1.571000,0.179735,0.992018,0.056576,1.009755
40.406000,-0.269716,0.007982,1.043437,0.016378,0.000010,0.006302,0.173213,0.000008,1.570751,-0.088212,1.000000,1.100000,0.000000,0.000000,-1.571000,0.181504,0.992018,0.056563,1.010071
40.408000,-0.269678,0.007982,1.043450,0.019795,0.000010,0.006422,0.173270,0.000009,1.570751,-0.086409,1.000000,1.100000,0.000000,0.000000,-1.571000,0.183270,0.992018,0.056550,1.010389
40.410000,-0.269634,0.007982,1.043463,0.023208,0.000010,0.006542,0.173327,0.000009,1.570751,-0.084602,1.000000,1.100000,0.000000,0.000000,-1.571000,0.185032,0.992018,0.056537,1.010709
40.412000,-0.269582,0.007982,1.043476,0.026615,0.000010,0.006662,0.173384,0.000009,1.570751,-0.082792,1.000000,1.100000,0.000000,0.000000,-1.571000,0.186790,0.992018,0.056524,1.011032
40.414000,-0.269524,0.007982,1.043489,0.030016,0.000010,0.006781,0.173440,0.000009,1.570751,-0.080978,1.000000,1.100000,0.000000,0.000000,-1.571000,0.188545,0.992018,0.056511,1.011357
40.416000,-0.269458,0.007982,1.043503,0.033413,0.000010,0.006900,0.173495,0.000009,1.570751,-0.079162,1.000000,1.100000,0.000000,0.000000,-1.571000,0.190296,0.992018,0.056497,1.011684
40.418000,-0.269386,0.007982,1.043517,0.036804,0.000010,0.007019,0.173549,0.000009,1.570751,-0.077342,1.000000,1.100000,0.000000,0.000000,-1.571000,0.192044,0.992018,0.056483,1.012013
40.420000,-0.269308,0.007982,1.043531,0.040191,0.000010,0.007137,0.173602,0.000009,1.570752,-0.075519,1.000000,1.100000,0.000000,0.000000,-1.571000,0.193788,0.992018,0.056469,1.012345
40.422000,-0.269222,0.007982,1.043546,0.043571,0.000010,0.007254,0.173654,0.000009,1.570752,-0.073694,1.000000,1.100000,0.000000,0.000000,-1.571000,0.195528,0.992018,0.056454,1.012678
40.424000,-0.269130,0.007982,1.043561,0.046946,0.000010,0.007367,0.173705,0.000009,1.570752,-0.071865,1.000000,1.100000,0.000000,0.000000,-1.571000,0.197265,0.992018,0.056439,1.013014
40.426000,-0.269031,0.007982,1.043576,0.050315,0.000010,0.007477,0.173755,0.000009,1.570752,-0.070034,1.000000,1.100000,0.000000,0.000000,-1.571000,0.198997,0.992018,0.056424,1.013352
40.428000,-0.268925,0.007982,1.043591,0.053679,0.000010,0.007583,0.173803,0.000009,1.570753,-0.068199,1.000000,1.100000,0.000000,0.000000,-1.571000,0.200726,0.992018,0.056409,1.013692
40.430000,-0.268812,0.007982,1.043606,0.057036,0.000010,0.007688,0.173850,0.000009,1.570753,-0.066362,1.000000,1.100000,0.000000,0.000000,-1.571000,0.202450,0.992018,0.056394,1.014034
40.432000,-0.268693,0.007982,1.043622,0.060388,0.000010,0.007790,0.173895,0.000009,1.570754,-0.064523,1.000000,1.100000,0.000000,0.000000,-1.571000,0.204170,0.992018,0.056378,1.014378
40.434000,-0.268567,0.007982,1.043637,0.063735,0.000010,0.007889,0.173939,0.000008,1.570754,-0.062681,1.000000,1.100000,0.000000,0.000000,-1.571000,0.205887,0.992018,0.056363,1.014724
40.436000,-0.268435,0.007982,1.043653,0.067076,0.000010,0.007987,0.173981,0.000008,1.570754,-0.060836,1.000000,1.100000,0.000000,0.000000,-1.571000,0.207598,0.992018,0.056347,1.015072
40.438000,-0.268295,0.007982,1.043669,0.070411,0.000010,0.008083,0.174022,0.000008,1.570755,-0.058989,1.000000,1.100000,0.000000,0.000000,-1.571000,0.209306,0.992018,0.056331,1.015422
40.440000,-0.268149,0.007982,1.043686,0.073740,0.000010,0.008177,0.174060,0.000007,1.570755,-0.057140,1.000000,1.100000,0.000000,0.000000,-1.571000,0.211010,0.992018,0.056314,1.015773
40.442000,-0.267997,0.007982,1.043702,0.077064,0.000010,0.008269,0.174097,0.000007,1.570756,-0.055288,1.000000,1.100000,0.000000,0.000000,-1.571000,0.212708,0.992018,0.056298,1.016127
40.444000,-0.267838,0.007982,1.043719,0.080382,0.000010,0.008360,0.174133,0.000006,1.570756,-0.053435,1.000000,1.100000,0.000000,0.000000,-1.571000,0.214403,0.992018,0.056281,1.016482
40.446000,-0.267672,0.007982,1.043736,0.083695,0.000010,0.008450,0.174166,0.000006,1.570756,-0.051579,1.000000,1.100000,0.000000,0.000000,-1.571000,0.216093,0.992018,0.056264,1.016839
40.448000,-0.267499,0.007983,1.043753,0.087002,0.000009,0.008538,0.174198,0.000005,1.570757,-0.049721,1.000000,1.100000,0.000000,0.000000,-1.571000,0.217778,0.992017,0.056247,1.017197
40.450000,-0.267320,0.007983,1.043770,0.090303,0.000009,0.008625,0.174228,0.000005,1.570757,-0.047861,1.000000,1.100000,0.000000,0.000000,-1.571000,0.219459,0.992017,0.056230,1.017557
40.452000,-0.267134,0.007983,1.043787,0.093598,0.000009,0.008711,0.174256,0.000004,1.570757,-0.045999,1.000000,1.100000,0.000000,0.000000,-1.571000,0.221135,0.992017,0.056213,1.017919
40.454000,-0.266942,0.007983,1.043805,0.096888,0.000009,0.008797,0.174282,0.000004,1.570758,-0.044136,1.000000,1.100000,0.000000,0.000000,-1.571000,0.222806,0.992017,0.056195,1.018282
40.456000,-0.266743,0.007983,1.043823,0.100172,0.000009,0.008881,0.174307,0.000003,1.570758,-0.042270,1.000000,1.100000,0.000000,0.000000,-1.571000,0.224473,0.992017,0.056177,1.018647
40.458000,-0.266538,0.007983,1.043841,0.103451,0.000009,0.008965,0.174330,0.000002,1.570759,-0.040403,1.000000,1.100000,0.000000,0.000000,-1.571000,0.226134,0.992017,0.056159,1.019014
40.460000,-0.266326,0.007983,1.043859,0.106723,0.000009,0.009047,0.174351,0.000002,1.570759,-0.038535,1.000000,1.100000,0.000000,0.000000,-1.571000,0.227791,0.992017,0.056141,1.019382
40.462000,-0.266107,0.007983,1.043877,0.109990,0.000009,0.009130,0.174370,0.000001,1.570760,-0.036665,1.000000,1.100000,0.000000,0.000000,-1.571000,0.229442,0.992017,0.056123,1.019751
40.464000,-0.265882,0.007983,1.043895,0.113252,0.000009,0.009211,0.174387,0.000001,1.570760,-0.034793,1.000000,1.100000,0.000000,0.000000,-1.571000,0.231089,0.992017,0.056105,1.020122
40.466000,-0.265650,0.007983,1.043914,0.116507,0.000009,0.009292,0.174403,0.000000,1.570761,-0.032920,1.000000,1.100000,0.000000,0.000000,-1.571000,0.232730,0.992017,0.056086,1.020494
40.468000,-0.265412,0.007983,1.043933,0.119757,0.000008,0.009372,0.174418,-0.000000,1.570761,-0.031046,1.000000,1.100000,0.000000,0.000000,-1.571000,0.234366,0.992017,0.056067,1.020867
40.470000,-0.265168,0.007983,1.043952,0.123000,0.000008,0.009452,0.174430,-0.000001,1.570762,-0.029171,1.000000,1.100000,0.000000,0.000000,-1.571000,0.235997,0.992017,0.056048,1.021242
40.472000,-0.264916,0.007983,1.043971,0.126238,0.000008,0.009531,0.174441,-0.000001,1.570762,-0.027294,1.000000,1.100000,0.000000,0.000000,-1.571000,0.237622,0.992017,0.056029,1.021617
40.474000,-0.264659,0.007983,1.043990,0.129470,0.000008,0.009610,0.174451,-0.000002,1.570763,-0.025416,1.000000,1.100000,0.000000,0.000000,-1.571000,0.239242,0.992017,0.056010,1.021994
40.476000,-0.264395,0.007983,1.044009,0.132697,0.000008,0.009688,0.174459,-0.000002,1.570763,-0.023538,1.000000,1.100000,0.000000,0.000000,-1.571000,0.240857,0.992017,0.055991,1.022372
40.478000,-0.264124,0.007983,1.044029,0.135917,0.000008,0.009766,0.174466,-0.000002,1.570764,-0.021658,1.000000,1.100000,0.000000,0.000000,-1.571000,0.242466,0.992017,0.055971,1.022752
40.480000,-0.263847,0.007983,1.044048,0.139132,0.000008,0.009844,0.174472,-0.000003,1.570764,-0.019778,1.000000,1.100000,0.000000,0.000000,-1.571000,0.244070,0.992017,0.055952,1.023132
40.482000,-0.263564,0.007983,1.044068,0.142340,0.000007,0.009920,0.174476,-0.000003,1.570765,-0.017896,1.000000,1.100000,0.000000,0.000000,-1.571000,0.245668,0.992017,0.055932,1.023513
40.484000,-0.263274,0.007983,1.044088,0.145542,0.000007,0.009995,0.174479,-0.000003,1.570765,-0.016015,1.000000,1.100000,0.000000,0.000000,-1.571000,0.247260,0.992017,0.055912,1.023895
40.486000,-0.262978,0.007983,1.044108,0.148738,0.000007,0.010067,0.174481,-0.000003,1.570766,-0.014132,1.000000,1.100000,0.000000,0.000000,-1.571000,0.248846,0.992017,0.055892,1.024278
40.488000,-0.262675,0.007983,1.044128,0.151928,0.000007,0.010137,0.174481,-0.000004,1.570766,-0.012249,1.000000,1.100000,0.000000,0.000000,-1.571000,0.250427,0.992017,0.055872,1.024662
40.490000,-0.262367,0.007983,1.044149,0.155112,0.000007,0.010206,0.174481,-0.000004,1.570767,-0.010365,1.000000,1.100000,0.000000,0.000000,-1.571000,0.252001,0.992017,0.055851,1.025047
40.492000,-0.262051,0.007983,1.044169,0.158290,0.000006,0.010273,0.174480,-0.000004,1.570767,-0.008481,1.000000,1.100000,0.000000,0.000000,-1.571000,0.253570,0.992017,0.055831,1.025433
40.494000,-0.261730,0.007983,1.044190,0.161461,0.000006,0.010339,0.174477,-0.000004,1.570768,-0.006597,1.000000,1.100000,0.000000,0.000000,-1.571000,0.255133,0.992017,0.055810,1.025819
40.496000,-0.261402,0.007983,1.044211,0.164626,0.000006,0.010404,0.174474,-0.000004,1.570768,-0.004712,1.000000,1.100000,0.000000,0.000000,-1.571000,0.256689,0.992017,0.055789,1.026207
40.498000,-0.261067,0.007983,1.044232,0.167785,0.000006,0.010468,0.174470,-0.000004,1.570768,-0.002827,1.000000,1.100000,0.000000,0.000000,-1.571000,0.258240,0.992017,0.055768,1.026594
40.500000,-0.260727,0.007983,1.044253,0.170939,0.000006,0.010530,0.174466,-0.000004,1.570769,-0.000942,1.000000,1.100000,0.000000,0.000000,-1.571000,0.259784,0.992017,0.055747,1.026983
40.502000,-0.260380,0.007983,1.044274,0.174086,0.000005,0.010592,0.174461,-0.000003,1.570769,0.000942,1.000000,1.100000,0.000000,0.000000,-1.571000,0.261322,0.992017,0.055726,1.027372
40.504000,-0.260026,0.007983,1.044295,0.177226,0.000005,0.010653,0.174455,-0.000003,1.570770,0.002827,1.000000,1.100000,0.000000,0.000000,-1.571000,0.262854,0.992017,0.055705,1.027761
40.506000,-0.259667,0.007983,1.044317,0.180361,0.000005,0.010713,0.174448,-0.000003,1.570770,0.004712,1.000000,1.100000,0.000000,0.000000,-1.571000,0.264379,0.992017,0.055683,1.028151
40.508000,-0.259301,0.007983,1.044338,0.183490,0.000005,0.010772,0.174441,-0.000003,1.570770,0.006597,1.000000,1.100000,0.000000,0.000000,-1.571000,0.265898,0.992017,0.055662,1.028542
40.510000,-0.258929,0.007983,1.044360,0.186613,0.000005,0.010831,0.174434,-0.000002,1.570771,0.008481,1.000000,1.100000,0.000000,0.000000,-1.571000,0.267410,0.992017,0.055640,1.028932
40.512000,-0.258551,0.007983,1.044382,0.189730,0.000005,0.010889,0.174426,-0.000002,1.570771,0.010365,1.000000,1.100000,0.000000,0.000000,-1.571000,0.268916,0.992017,0.055618,1.029324
40.514000,-0.258166,0.007983,1.044404,0.192840,0.000005,0.010946,0.174418,-0.000002,1.570771,0.012249,1.000000,1.100000,0.000000,0.000000,-1.571000,0.270415,0.992017,0.055596,1.029715
40.516000,-0.257776,0.007983,1.044426,0.195945,0.000004,0.011003,0.174409,-0.000001,1.570772,0.014132,1.000000,1.100000,0.000000,0.000000,-1.571000,0.271907,0.992017,0.055574,1.030107
40.518000,-0.257379,0.007983,1.044448,0.199044,0.000004,0.011060,0.174400,-0.000001,1.570772,0.016015,1.000000,1.100000,0.000000,0.000000,-1.571000,0.273393,0.992017,0.055552,1.030499
40.520000,-0.256975,0.007983,1.044470,0.202137,0.000004,0.011116,0.174391,-0.000000,1.570772,0.017896,1.000000,1.100000,0.000000,0.000000,-1.571000,0.274872,0.992017,0.055530,1.030891
40.522000,-0.256566,0.007983,1.044492,0.205223,0.000004,0.011172,0.174382,0.000000,1.570772,0.019778,1.000000,1.100000,0.000000,0.000000,-1.571000,0.276344,0.992017,0.055508,1.031283
40.524000,-0.256151,0.007983,1.044515,0.208304,0.000004,0.011227,0.174373,0.000001,1.570772,0.021658,1.000000,1.100000,0.000000,0.000000,-1.571000,0.277809,0.992017,0.055485,1.031675
40.526000,-0.255729,0.007983,1.044537,0.211379,0.000004,0.011283,0.174364,0.000001,1.570773,0.023538,1.000000,1.100000,0.000000,0.000000,-1.571000,0.279267,0.992017,0.055463,1.032068
40.528000,-0.255301,0.007983,1.044560,0.214448,0.000004,0.011337,0.174354,0.000002,1.570773,0.025416,1.000000,1.100000,0.000000,0.000000,-1.571000,0.280718,0.992017,0.055440,1.032460
40.530000,-0.254867,0.007983,1.044583,0.217511,0.000004,0.011392,0.174345,0.000002,1.570773,0.027294,1.000000,1.100000,0.000000,0.000000,-1.571000,0.282161,0.992017,0.055417,1.032852
40.532000,-0.254427,0.007983,1.044606,0.220568,0.000004,0.011446,0.174335,0.000003,1.570773,0.029171,1.000000,1.100000,0.000000,0.000000,-1.571000,0.283598,0.992017,0.055394,1.033244
40.534000,-0.253981,0.007983,1.044629,0.223620,0.000004,0.011500,0.174326,0.000003,1.570773,0.031046,1.000000,1.100000,0.000000,0.000000,-1.571000,0.285027,0.992017,0.055371,1.033636
40.536000,-0.253529,0.007983,1.044652,0.226665,0.000004,0.011554,0.174317,0.000003,1.570773,0.032920,1.000000,1.100000,0.000000,0.000000,-1.571000,0.286449,0.992017,0.055348,1.034028
40.538000,-0.253071,0.007983,1.044675,0.229704,0.000004,0.011607,0.174307,0.000004,1.570773,0.034793,1.000000,1.100000,0.000000,0.000000,-1.571000,0.287864,0.992017,0.055325,1.034420
40.540000,-0.252606,0.007983,1.044698,0.232738,0.000004,0.011661,0.174298,0.000004,1.570773,0.036665,1.000000,1.100000,0.000000,0.000000,-1.571000,0.289271,0.992017,0.055302,1.034811
40.542000,-0.252136,0.007983,1.044722,0.235766,0.000004,0.011714,0.174289,0.000004,1.570773,0.038535,1.000000,1.100000,0.000000,0.000000,-1.571000,0.290670,0.992017,0.055278,1.035202
40.544000,-0.251659,0.007983,1.044745,0.238788,0.000004,0.011767,0.174280,0.000004,1.570773,0.040403,1.000000,1.100000,0.000000,0.000000,-1.571000,0.292062,0.992017,0.055255,1.035592
40.546000,-0.251176,0.007983,1.044769,0.241804,0.000004,0.011820,0.174272,0.000004,1.570773,0.042270,1.000000,1.100000,0.000000,0.000000,-1.571000,0.293447,0.992017,0.055231,1.035982
40.548000,-0.250688,0.007983,1.044793,0.244815,0.000004,0.011873,0.174263,0.000005,1.570773,0.044136,1.000000,1.100000,0.000000,0.000000,-1.571000,0.294824,0.992017,0.055207,1.036372
40.550000,-0.250193,0.007983,1.044816,0.247820,0.000004,0.011925,0.174255,0.000005,1.570773,0.045999,1.000000,1.100000,0.000000,0.000000,-1.571000,0.296192,0.992017,0.055184,1.036761
40.552000,-0.249693,0.007983,1.044840,0.250819,0.000004,0.011977,0.174247,0.000005,1.570773,0.047861,1.000000,1.100000,0.000000,0.000000,-1.571000,0.297554,0.992017,0.055160,1.037149
40.554000,-0.249186,0.007983,1.044864,0.253812,0.000004,0.012030,0.174239,0.000005,1.570773,0.049721,1.000000,1.100000,0.000000,0.000000,-1.571000,0.298907,0.992017,0.055136,1.037537
40.556000,-0.248673,0.007983,1.044889,0.256800,0.000004,0.012082,0.174232,0.000004,1.570773,0.051579,1.000000,1.100000,0.000000,0.000000,-1.571000,0.300252,0.992017,0.055111,1.037924
40.558000,-0.248155,0.007983,1.044913,0.259781,0.000004,0.012134,0.174224,0.000004,1.570773,0.053435,1.000000,1.100000,0.000000,0.000000,-1.571000,0.301589,0.992017,0.055087,1.038310
40.560000,-0.247630,0.007983,1.044937,0.262758,0.000004,0.012186,0.174217,0.000004,1.570773,0.055288,1.000000,1.100000,0.000000,0.000000,-1.571000,0.302919,0.992017,0.055063,1.038696
40.562000,-0.247100,0.007983,1.044962,0.265728,0.000004,0.012234,0.174210,0.000004,1.570773,0.057140,1.000000,1.100000,0.000000,0.000000,-1.571000,0.304240,0.992017,0.055038,1.039081
40.564000,-0.246563,0.007983,1.044986,0.268691,0.000004,0.012276,0.174201,0.000004,1.570774,0.058989,1.000000,1.100000,0.000000,0.000000,-1.571000,0.305552,0.992017,0.055014,1.039464
40.566000,-0.246021,0.007983,1.045011,0.271647,0.000004,0.012311,0.174189,0.000003,1.570774,0.060836,1.000000,1.100000,0.000000,0.000000,-1.571000,0.306857,0.992017,0.054989,1.039847
40.568000,-0.245473,0.007983,1.045036,0.274597,0.000004,0.012341,0.174173,0.000003,1.570774,0.062681,1.000000,1.100000,0.000000,0.000000,-1.571000,0.308153,0.992017,0.054964,1.040229
40.570000,-0.244918,0.007983,1.045060,0.277540,0.000004,0.012367,0.174150,0.000003,1.570774,0.064523,1.000000,1.100000,0.000000,0.000000,-1.571000,0.309441,0.992017,0.054940,1.040610
40.572000,-0.244358,0.007983,1.045085,0.280476,0.000004,0.012387,0.174121,0.000002,1.570774,0.066362,1.000000,1.100000,0.000000,0.000000,-1.571000,0.310721,0.992017,0.054915,1.040990
40.574000,-0.243792,0.007983,1.045110,0.283405,0.000004,0.012404,0.174084,0.000002,1.570775,0.068199,1.000000,1.100000,0.000000,0.000000,-1.571000,0.311992,0.992017,0.054890,1.041369
40.576000,-0.243221,0.007983,1.045135,0.286328,0.000004,0.012417,0.174039,0.000002,1.570775,0.070034,1.000000,1.100000,0.000000,0.000000,-1.571000,0.313254,0.992017,0.054865,1.041746
40.578000,-0.242643,0.007983,1.045160,0.289244,0.000003,0.012427,0.173984,0.000001,1.570775,0.071865,1.000000,1.100000,0.000000,0.000000,-1.571000,0.314508,0.992017,0.054840,1.042123
40.580000,-0.242060,0.007983,1.045185,0.292153,0.000003,0.012434,0.173919,0.000001,1.570776,0.073694,1.000000,1.100000,0.000000,0.000000,-1.571000,0.315753,0.992017,0.054815,1.042498
40.582000,-0.241470,0.007983,1.045209,0.295054,0.000003,0.012439,0.173844,0.000001,1.570776,0.075519,1.000000,1.100000,0.000000,0.000000,-1.571000,0.316990,0.992017,0.054791,1.042872
40.584000,-0.240875,0.007983,1.045234,0.297948,0.000003,0.012442,0.173758,0.000001,1.570777,0.077342,1.000000,1.100000,0.000000,0.000000,-1.571000,0.318218,0.992017,0.054766,1.043244
40.586000,-0.240275,0.007983,1.045259,0.300835,0.000003,0.012442,0.173661,0.000000,1.570777,0.079162,1.000000,1.100000,0.000000,0.000000,-1.571000,0.319436,0.992017,0.054741,1.043616
40.588000,-0.239668,0.007983,1.045284,0.303714,0.000003,0.012441,0.173553,-0.000000,1.570778,0.080978,1.000000,1.100000,0.000000,0.000000,-1.571000,0.320646,0.992017,0.054716,1.043985
40.590000,-0.239056,0.007983,1.045309,0.306585,0.000003,0.012438,0.173433,-0.000000,1.570778,0.082792,1.000000,1.100000,0.000000,0.000000,-1.571000,0.321847,0.992017,0.054691,1.044353
40.592000,-0.238438,0.007983,1.045334,0.309448,0.000003,0.012434,0.173301,-0.000001,1.570779,0.084602,1.000000,1.100000,0.000000,0.000000,-1.571000,0.323040,0.992017,0.054666,1.044720
40.594000,-0.237814,0.007983,1.045359,0.312303,0.000003,0.012429,0.173158,-0.000001,1.570780,0.086409,1.000000,1.100000,0.000000,0.000000,-1.571000,0.324222,0.992017,0.054641,1.045085
40.596000,-0.237184,0.007983,1.045384,0.315149,0.000003,0.012423,0.173004,-0.000001,1.570780,0.088212,1.000000,1.100000,0.000000,0.000000,-1.571000,0.325396,0.992017,0.054616,1.045449
40.598000,-0.236549,0.007983,1.045409,0.317987,0.000003,0.012416,0.172838,-0.000002,1.570781,0.090012,1.000000,1.100000,0.000000,0.000000,-1.571000,0.326561,0.992017,0.054591,1.045810
40.600000,-0.235908,0.007983,1.045433,0.320816,0.000003,0.012409,0.172660,-0.000002,1.570782,0.091808,1.000000,1.100000,0.000000,0.000000,-1.571000,0.327716,0.992017,0.054567,1.046171
40.602000,-0.235262,0.007983,1.045458,0.323637,0.000003,0.012402,0.172472,-0.000002,1.570783,0.093601,1.000000,1.100000,0.000000,0.000000,-1.571000,0.328863,0.992017,0.054542,1.046529
40.604000,-0.234610,0.007983,1.045483,0.326448,0.000003,0.012394,0.172273,-0.000002,1.570783,0.095390,1.000000,1.100000,0.000000,0.000000,-1.571000,0.330000,0.992017,0.054517,1.046885
40.606000,-0.233952,0.007983,1.045508,0.329249,0.000002,0.012386,0.172063,-0.000002,1.570784,0.097175,1.000000,1.100000,0.000000,0.000000,-1.571000,0.331127,0.992017,0.054492,1.047240
40.608000,-0.233288,0.007983,1.045533,0.332042,0.000002,0.012378,0.171844,-0.000003,1.570785,0.098957,1.000000,1.100000,0.000000,0.000000,-1.571000,0.332245,0.992017,0.054467,1.047593
40.610000,-0.232619,0.007983,1.045557,0.334824,0.000002,0.012370,0.171615,-0.000003,1.570786,0.100734,1.000000,1.100000,0.000000,0.000000,-1.571000,0.333354,0.992017,0.054443,1.047944
40.612000,-0.231945,0.007983,1.045582,0.337597,0.000002,0.012362,0.171376,-0.000003,1.570787,0.102508,1.000000,1.100000,0.000000,0.000000,-1.571000,0.334453,0.992017,0.054418,1.048292
40.614000,-0.231265,0.007983,1.045607,0.340360,0.000002,0.012354,0.171129,-0.000003,1.570787,0.104277,1.000000,1.100000,0.000000,0.000000,-1.571000,0.335542,0.992017,0.054393,1.048639
40.616000,-0.230579,0.007983,1.045632,0.343113,0.000002,0.012347,0.170874,-0.000003,1.570788,0.106042,1.000000,1.100000,0.000000,0.000000,-1.571000,0.336622,0.992017,0.054368,1.048984
40.618000,-0.229888,0.007983,1.045656,0.345855,0.000002,0.012340,0.170611,-0.000003,1.570789,0.107804,1.000000,1.100000,0.000000,0.000000,-1.571000,0.337692,0.992017,0.054344,1.049327
40.620000,-0.229192,0.007983,1.045681,0.348588,0.000002,0.012334,0.170341,-0.000003,1.570789,0.109561,1.000000,1.100000,0.000000,0.000000,-1.571000,0.338752,0.992017,0.054319,1.049667
40.622000,-0.228490,0.007983,1.045706,0.351309,0.000002,0.012325,0.170063,-0.000003,1.570790,0.111313,1.000000,1.100000,0.000000,0.000000,-1.571000,0.339803,0.992017,0.054294,1.050005
40.624000,-0.227783,0.007983,1.045730,0.354018,0.000002,0.012309,0.169776,-0.000003,1.570791,0.113061,1.000000,1.100000,0.000000,0.000000,-1.571000,0.340844,0.992017,0.054270,1.050341
40.626000,-0.227070,0.007983,1.045755,0.356715,0.000002,0.012287,0.169478,-0.000003,1.570791,0.114805,1.000000,1.100000,0.000000,0.000000,-1.571000,0.341875,0.992017,0.054245,1.050675
40.628000,-0.226352,0.007983,1.045780,0.359401,0.000002,0.012260,0.169168,-0.000002,1.570792,0.116544,1.000000,1.100000,0.000000,0.000000,-1.571000,0.342896,0.992017,0.054220,1.051006
40.630000,-0.225628,0.007983,1.045804,0.362074,0.000001,0.012229,0.168843,-0.000002,1.570793,0.118279,1.000000,1.100000,0.000000,0.000000,-1.571000,0.343907,0.992017,0.054196,1.051335
40.632000,-0.224899,0.007983,1.045828,0.364736,0.000001,0.012193,0.168503,-0.000002,1.570793,0.120009,1.000000,1.100000,0.000000,0.000000,-1.571000,0.344908,0.992017,0.054172,1.051662
40.634000,-0.224165,0.007983,1.045853,0.367384,0.000001,0.012155,0.168147,-0.000002,1.570794,0.121734,1.000000,1.100000,0.000000,0.000000,-1.571000,0.345899,0.992017,0.054147,1.051986
40.636000,-0.223426,0.007983,1.045877,0.370020,0.000001,0.012114,0.167774,-0.000002,1.570794,0.123454,1.000000,1.100000,0.000000,0.000000,-1.571000,0.346880,0.992017,0.054123,1.052308
40.638000,-0.222681,0.007983,1.045901,0.372644,0.000001,0.012070,0.167384,-0.000002,1.570795,0.125170,1.000000,1.100000,0.000000,0.000000,-1.571000,0.347851,0.992017,0.054099,1.052627
40.640000,-0.221931,0.007983,1.045925,0.375254,0.000001,0.012024,0.166976,-0.000002,1.570795,0.126880,1.000000,1.100000,0.000000,0.000000,-1.571000,0.348811,0.992017,0.054075,1.052944
40.642000,-0.221176,0.007983,1.045949,0.377850,0.000001,0.011976,0.166550,-0.000002,1.570796,0.128586,1.000000,1.100000,0.000000,0.000000,-1.571000,0.349762,0.992017,0.054051,1.053258
40.644000,-0.220415,0.007983,1.045973,0.380433,0.000001,0.011927,0.166106,-0.000002,1.570797,0.130286,1.000000,1.100000,0.000000,0.000000,-1.571000,0.350702,0.992017,0.054027,1.053569
40.646000,-0.219650,0.007983,1.045997,0.383002,0.000001,0.011877,0.165645,-0.000002,1.570797,0.131982,1.000000,1.100000,0.000000,0.000000,-1.571000,0.351632,0.992017,0.054003,1.053878
40.648000,-0.218879,0.007983,1.046021,0.385557,0.000001,0.011827,0.165165,-0.000002,1.570798,0.133672,1.000000,1.100000,0.000000,0.000000,-1.571000,0.352551,0.992017,0.053979,1.054184
40.650000,-0.218104,0.007983,1.046044,0.388097,0.000001,0.011776,0.164669,-0.000002,1.570798,0.135357,1.000000,1.100000,0.000000,0.000000,-1.571000,0.353460,0.992017,0.053956,1.054487
40.652000,-0.217323,0.007983,1.046068,0.390622,0.000001,0.011725,0.164155,-0.000002,1.570799,0.137036,1.000000,1.100000,0.000000,0.000000,-1.571000,0.354359,0.992017,0.053932,1.054787
40.654000,-0.216537,0.007983,1.046091,0.393133,0.000001,0.011674,0.163624,-0.000002,1.570799,0.138710,1.000000,1.100000,0.000000,0.000000,-1.571000,0.355247,0.992017,0.053909,1.055085
40.656000,-0.215746,0.007983,1.046115,0.395628,0.000001,0.011623,0.163078,-0.000002,1.570800,0.140379,1.000000,1.100000,0.000000,0.000000,-1.571000,0.356125,0.992017,0.053885,1.055379
40.658000,-0.214950,0.007983,1.046138,0.398107,0.000001,0.011572,0.162517,-0.000002,1.570800,0.142042,1.000000,1.100000,0.000000,0.000000,-1.571000,0.356992,0.992017,0.053862,1.055671
40.660000,-0.214150,0.007983,1.046161,0.400570,0.000001,0.011522,0.161941,-0.000002,1.570800,0.143699,1.000000,1.100000,0.000000,0.000000,-1.571000,0.357849,0.992017,0.053839,1.055960
40.662000,-0.213344,0.007983,1.046184,0.403018,0.000001,0.011473,0.161351,-0.000002,1.570801,0.145351,1.000000,1.100000,0.000000,0.000000,-1.571000,0.358695,0.992017,0.053816,1.056246
40.664000,-0.212534,0.007983,1.046207,0.405449,0.000001,0.011425,0.160748,-0.000003,1.570801,0.146997,1.000000,1.100000,0.000000,0.000000,-1.571000,0.359531,0.992017,0.053793,1.056529
40.666000,-0.211718,0.007983,1.046230,0.407863,0.000001,0.011378,0.160134,-0.000003,1.570801,0.148638,1.000000,1.100000,0.000000,0.000000,-1.571000,0.360356,0.992017,0.053770,1.056809
40.668000,-0.210898,0.007983,1.046252,0.410261,0.000001,0.011332,0.159509,-0.000003,1.570802,0.150272,1.000000,1.100000,0.000000,0.000000,-1.571000,0.361170,0.992017,0.053748,1.057085
40.670000,-0.210073,0.007983,1.046275,0.412642,0.000001,0.011288,0.158873,-0.000003,1.570802,0.151900,1.000000,1.100000,0.000000,0.000000,-1.571000,0.361974,0.992017,0.053725,1.057359
40.672000,-0.209244,0.007983,1.046297,0.415006,0.000001,0.011245,0.158229,-0.000003,1.570802,0.153523,1.000000,1.100000,0.000000,0.000000,-1.571000,0.362766,0.992017,0.053703,1.057630
40.674000,-0.208409,0.007983,1.046320,0.417353,0.000001,0.011203,0.157577,-0.000004,1.570802,0.155139,1.000000,1.100000,0.000000,0.000000,-1.571000,0.363548,0.992017,0.053680,1.057897
40.676000,-0.207570,0.007983,1.046342,0.419683,0.000001,0.011162,0.156919,-0.000004,1.570802,0.156750,1.000000,1.100000,0.000000,0.000000,-1.571000,0.364320,0.992017,0.053658,1.058161
40.678000,-0.206726,0.007983,1.046365,0.421995,0.000000,0.011124,0.156254,-0.000004,1.570802,0.158354,1.000000,1.100000,0.000000,0.000000,-1.571000,0.365080,0.992017,0.053635,1.058422
40.680000,-0.205878,0.007983,1.046387,0.424290,0.000000,0.011087,0.155585,-0.000004,1.570802,0.159951,1.000000,1.100000,0.000000,0.000000,-1.571000,0.365830,0.992017,0.053613,1.058680
40.682000,-0.205025,0.007983,1.046409,0.426567,0.000000,0.011047,0.154912,-0.000004,1.570801,0.161543,1.000000,1.100000,0.000000,0.000000,-1.571000,0.366568,0.992017,0.053591,1.058934
40.684000,-0.204168,0.007983,1.046431,0.428825,0.000000,0.011001,0.154232,-0.000005,1.570801,0.163128,1.000000,1.100000,0.000000,0.000000,-1.571000,0.367296,0.992017,0.053569,1.059185
40.686000,-0.203306,0.007983,1.046453,0.431064,0.000000,0.010949,0.153543,-0.000005,1.570801,0.164707,1.000000,1.100000,0.000000,0.000000,-1.571000,0.368013,0.992017,0.053547,1.059433
40.688000,-0.202440,0.007983,1.046475,0.433285,0.000000,0.010892,0.152843,-0.000005,1.570801,0.166279,1.000000,1.100000,0.000000,0.000000,-1.571000,0.368719,0.992017,0.053525,1.059677
40.690000,-0.201569,0.007983,1.046496,0.435487,0.000000,0.010832,0.152132,-0.000005,1.570800,0.167845,1.000000,1.100000,0.000000,0.000000,-1.571000,0.369414,0.992017,0.053504,1.059918
40.692000,-0.200694,0.007983,1.046518,0.437670,-0.000000,0.010767,0.151408,-0.000006,1.570800,0.169404,1.000000,1.100000,0.000000,0.000000,-1.571000,0.370098,0.992017,0.053482,1.060155
40.694000,-0.199814,0.007983,1.046539,0.439834,-0.000000,0.010700,0.150671,-0.000006,1.570800,0.170956,1.000000,1.100000,0.000000,0.000000,-1.571000,0.370770,0.992017,0.053461,1.060389
40.696000,-0.198931,0.007983,1.046561,0.441978,-0.000000,0.010630,0.149918,-0.000006,1.570799,0.172502,1.000000,1.100000,0.000000,0.000000,-1.571000,0.371432,0.992017,0.053439,1.060620
40.698000,-0.198043,0.007983,1.046582,0.444104,-0.000000,0.010558,0.149151,-0.000006,1.570799,0.174040,1.000000,1.100000,0.000000,0.000000,-1.571000,0.372083,0.992017,0.053418,1.060847
40.700000,-0.197150,0.007983,1.046603,0.446209,-0.000000,0.010485,0.148368,-0.000006,1.570799,0.175572,1.000000,1.100000,0.000000,0.000000,-1.571000,0.372723,0.992017,0.053397,1.061070
40.702000,-0.196254,0.007983,1.046624,0.448295,-0.000001,0.010411,0.147570,-0.000007,1.570798,0.177097,1.000000,1.100000,0.000000,0.000000,-1.571000,0.373351,0.992017,0.053376,1.061290
40.704000,-0.195353,0.007983,1.046645,0.450361,-0.000001,0.010336,0.146757,-0.000007,1.570798,0.178615,1.000000,1.100000,0.000000,0.000000,-1.571000,0.373968,0.992017,0.053355,1.061507
40.706000,-0.194449,0.007983,1.046665,0.452407,-0.000001,0.010260,0.145928,-0.000007,1.570798,0.180126,1.000000,1.100000,0.000000,0.000000,-1.571000,0.374575,0.992017,0.053335,1.061719
40.708000,-0.193540,0.007983,1.046686,0.454432,-0.000001,0.010184,0.145085,-0.000007,1.570798,0.181630,1.000000,1.100000,0.000000,0.000000,-1.571000,0.375170,0.992017,0.053314,1.061928
40.710000,-0.192627,0.007983,1.046706,0.456437,-0.000001,0.010109,0.144227,-0.000008,1.570797,0.183127,1.000000,1.100000,0.000000,0.000000,-1.571000,0.375754,0.992017,0.053294,1.062134
40.712000,-0.191710,0.007983,1.046726,0.458420,-0.000001,0.010034,0.143355,-0.000008,1.570797,0.184616,1.000000,1.100000,0.000000,0.000000,-1.571000,0.376326,0.992017,0.053274,1.062335
40.714000,-0.190790,0.007983,1.046746,0.460383,-0.000001,0.009959,0.142470,-0.000008,1.570797,0.186098,1.000000,1.100000,0.000000,0.000000,-1.571000,0.376888,0.992017,0.053254,1.062533
40.716000,-0.189865,0.007983,1.046766,0.462325,-0.000002,0.009885,0.141572,-0.000009,1.570796,0.187573,1.000000,1.100000,0.000000,0.000000,-1.571000,0.377438,0.992017,0.053234,1.062728
40.718000,-0.188936,0.007983,1.046785,0.464245,-0.000002,0.009813,0.140663,-0.000009,1.570796,0.189040,1.000000,1.100000,0.000000,0.000000,-1.571000,0.377977,0.992017,0.053215,1.062918
40.720000,-0.188004,0.007983,1.046805,0.466143,-0.000002,0.009741,0.139744,-0.000009,1.570796,0.190500,1.000000,1.100000,0.000000,0.000000,-1.571000,0.378504,0.992017,0.053195,1.063105
40.722000,-0.187068,0.007983,1.046824,0.468020,-0.000002,0.009671,0.138814,-0.000009,1.570795,0.191952,1.000000,1.100000,0.000000,0.000000,-1.571000,0.379021,0.992017,0.053176,1.063288
40.724000,-0.186128,0.007983,1.046844,0.469875,-0.000002,0.009602,0.137877,-0.000010,1.570795,0.193397,1.000000,1.100000,0.000000,0.000000,-1.571000,0.379526,0.992017,0.053156,1.063467
40.726000,-0.185185,0.007983,1.046863,0.471708,-0.000002,0.009535,0.136931,-0.000010,1.570795,0.194834,1.000000,1.100000,0.000000,0.000000,-1.571000,0.380019,0.992017,0.053137,1.063642
40.728000,-0.184238,0.007983,1.046882,0.473519,-0.000003,0.009469,0.135980,-0.000010,1.570794,0.196264,1.000000,1.100000,0.000000,0.000000,-1.571000,0.380502,0.992017,0.053118,1.063814
40.730000,-0.183287,0.007983,1.046901,0.475308,-0.000003,0.009406,0.135023,-0.000011,1.570794,0.197686,1.000000,1.100000,0.000000,0.000000,-1.571000,0.380973,0.992017,0.053099,1.063982
40.732000,-0.182333,0.007983,1.046919,0.477075,-0.000003,0.009344,0.134062,-0.000011,1.570794,0.199100,1.000000,1.100000,0.000000,0.000000,-1.571000,0.381433,0.992017,0.053081,1.064145
40.734000,-0.181375,0.007983,1.046938,0.478820,-0.000003,0.009284,0.133099,-0.000011,1.570793,0.200506,1.000000,1.100000,0.000000,0.000000,-1.571000,0.381881,0.992017,0.053062,1.064305
40.736000,-0.180414,0.007983,1.046956,0.480542,-0.000004,0.009226,0.132134,-0.000011,1.570792,0.201904,1.000000,1.100000,0.000000,0.000000,-1.571000,0.382318,0.992017,0.053044,1.064461
40.738000,-0.179449,0.007983,1.046975,0.482242,-0.000004,0.009170,0.131169,-0.000012,1.570792,0.203294,1.000000,1.100000,0.000000,0.000000,-1.571000,0.382743,0.992017,0.053025,1.064613
40.740000,-0.178482,0.007983,1.046993,0.483921,-0.000004,0.009116,0.130204,-0.000012,1.570791,0.204676,1.000000,1.100000,0.000000,0.000000,-1.571000,0.383158,0.992017,0.053007,1.064761
40.742000,-0.177510,0.007983,1.047011,0.485577,-0.000004,0.009064,0.129242,-0.000012,1.570791,0.206050,1.000000,1.100000,0.000000,0.000000,-1.571000,0.383560,0.992017,0.052989,1.064905
40.744000,-0.176536,0.007983,1.047029,0.487211,-0.000005,0.009014,0.128284,-0.000012,1.570790,0.207416,1.000000,1.100000,0.000000,0.000000,-1.571000,0.383952,0.992017,0.052971,1.065045
40.746000,-0.175558,0.007983,1.047047,0.488824,-0.000005,0.008966,0.127329,-0.000013,1.570789,0.208774,1.000000,1.100000,0.000000,0.000000,-1.571000,0.384332,0.992017,0.052953,1.065182
40.748000,-0.174577,0.007983,1.047065,0.490415,-0.000005,0.008921,0.126381,-0.000013,1.570788,0.210123,1.000000,1.100000,0.000000,0.000000,-1.571000,0.384700,0.992017,0.052935,1.065314
40.750000,-0.173593,0.007983,1.047083,0.491984,-0.000005,0.008877,0.125440,-0.000013,1.570787,0.211465,1.000000,1.100000,0.000000,0.000000,-1.571000,0.385057,0.992017,0.052917,1.065442
40.752000,-0.172605,0.007983,1.047101,0.493532,-0.000006,0.008835,0.124507,-0.000013,1.570786,0.212797,1.000000,1.100000,0.000000,0.000000,-1.571000,0.385403,0.992017,0.052899,1.065566
40.754000,-0.171615,0.007983,1.047118,0.495059,-0.000006,0.008796,0.123583,-0.000013,1.570785,0.214122,1.000000,1.100000,0.000000,0.000000,-1.571000,0.385737,0.992017,0.052882,1.065686
40.756000,-0.170622,0.007983,1.047136,0.496566,-0.000006,0.008759,0.122669,-0.000014,1.570784,0.215438,1.000000,1.100000,0.000000,0.000000,-1.571000,0.386059,0.992017,0.052864,1.065802
40.758000,-0.169625,0.007983,1.047153,0.498051,-0.000006,0.008723,0.121767,-0.000014,1.570783,0.216745,1.000000,1.100000,0.000000,0.000000,-1.571000,0.386371,0.992017,0.052847,1.065914
40.760000,-0.168626,0.007983,1.047171,0.499516,-0.000007,0.008690,0.120876,-0.000014,1.570782,0.218044,1.000000,1.100000,0.000000,0.000000,-1.571000,0.386670,0.992017,0.052829,1.066022
40.762000,-0.167624,0.007983,1.047188,0.500961,-0.000007,0.008655,0.119999,-0.000014,1.570781,0.219335,1.000000,1.100000,0.000000,0.000000,-1.571000,0.386958,0.992017,0.052812,1.066125
40.764000,-0.166619,0.007983,1.047205,0.502385,-0.000007,0.008613,0.119131,-0.000014,1.570780,0.220616,1.000000,1.100000,0.000000,0.000000,-1.571000,0.387235,0.992017,0.052795,1.066225
40.766000,-0.165611,0.007983,1.047223,0.503788,-0.000008,0.008566,0.118272,-0.000014,1.570779,0.221889,1.000000,1.100000,0.000000,0.000000,-1.571000,0.387500,0.992017,0.052777,1.066320
40.768000,-0.164600,0.007983,1.047240,0.505171,-0.000008,0.008515,0.117420,-0.000014,1.570777,0.223154,1.000000,1.100000,0.000000,0.000000,-1.571000,0.387754,0.992017,0.052760,1.066412
40.770000,-0.163587,0.007983,1.047257,0.506535,-0.000008,0.008460,0.116572,-0.000015,1.570776,0.224409,1.000000,1.100000,0.000000,0.000000,-1.571000,0.387996,0.992017,0.052743,1.066499
40.772000,-0.162571,0.007983,1.047274,0.507878,-0.000009,0.008401,0.115729,-0.000015,1.570775,0.225655,1.000000,1.100000,0.000000,0.000000,-1.571000,0.388226,0.992017,0.052726,1.066582
40.774000,-0.161552,0.007983,1.047290,0.509202,-0.000009,0.008339,0.114888,-0.000015,1.570774,0.226893,1.000000,1.100000,0.000000,0.000000,-1.571000,0.388445,0.992017,0.052710,1.066661
40.776000,-0.160530,0.007983,1.047307,0.510507,-0.000009,0.008275,0.114049,-0.000015,1.570773,0.228122,1.000000,1.100000,0.000000,0.000000,-1.571000,0.388652,0.992017,0.052693,1.066736
40.778000,-0.159507,0.007983,1.047323,0.511792,-0.000009,0.008208,0.113210,-0.000015,1.570772,0.229341,1.000000,1.100000,0.000000,0.000000,-1.571000,0.388848,0.992017,0.052677,1.066806
40.780000,-0.158480,0.007983,1.047340,0.513059,-0.000010,0.008140,0.112372,-0.000015,1.570771,0.230552,1.000000,1.100000,0.000000,0.000000,-1.571000,0.389032,0.992017,0.052660,1.066872
40.782000,-0.157451,0.007983,1.047356,0.514306,-0.000010,0.008071,0.111534,-0.000015,1.570770,0.231754,1.000000,1.100000,0.000000,0.000000,-1.571000,0.389205,0.992017,0.052644,1.066935
40.784000,-0.156419,0.007983,1.047372,0.515534,-0.000010,0.008000,0.110695,-0.000015,1.570769,0.232946,1.000000,1.100000,0.000000,0.000000,-1.571000,0.389365,0.992017,0.052628,1.066992
40.786000,-0.155386,0.007983,1.047388,0.516743,-0.000011,0.007929,0.109856,-0.000015,1.570769,0.234129,1.000000,1.100000,0.000000,0.000000,-1.571000,0.389515,0.992017,0.052612,1.067046
40.788000,-0.154349,0.007983,1.047404,0.517934,-0.000011,0.007857,0.109015,-0.000015,1.570768,0.235303,1.000000,1.100000,0.000000,0.000000,-1.571000,0.389652,0.992017,0.052596,1.067096
40.790000,-0.153311,0.007983,1.047419,0.519105,-0.000011,0.007784,0.108173,-0.000015,1.570767,0.236468,1.000000,1.100000,0.000000,0.000000,-1.571000,0.389778,0.992017,0.052581,1.067141
40.792000,-0.152270,0.007983,1.047435,0.520258,-0.000012,0.007712,0.107330,-0.000015,1.570767,0.237623,1.000000,1.100000,0.000000,0.000000,-1.571000,0.389893,0.992017,0.052565,1.067182
40.794000,-0.151226,0.007983,1.047450,0.521391,-0.000012,0.007639,0.106487,-0.000015,1.570767,0.238769,1.000000,1.100000,0.000000,0.000000,-1.571000,0.389995,0.992017,0.052550,1.067219
40.796000,-0.150181,0.007983,1.047465,0.522507,-0.000012,0.007567,0.105642,-0.000015,1.570766,0.239905,1.000000,1.100000,0.000000,0.000000,-1.571000,0.390086,0.992017,0.052535,1.067251
40.798000,-0.149133,0.007983,1.047480,0.523603,-0.000013,0.007495,0.104797,-0.000015,1.570766,0.241032,1.000000,1.100000,0.000000,0.000000,-1.571000,0.390166,0.992017,0.052520,1.067279
40.800000,-0.148083,0.007983,1.047495,0.524681,-0.000013,0.007424,0.103951,-0.000015,1.570766,0.242150,1.000000,1.100000,0.000000,0.000000,-1.571000,0.390233,0.992017,0.052505,1.067304
40.802000,-0.147031,0.007983,1.047510,0.525740,-0.000013,0.007353,0.103106,-0.000014,1.570766,0.243258,1.000000,1.100000,0.000000,0.000000,-1.571000,0.390289,0.992017,0.052490,1.067323
40.804000,-0.145977,0.007983,1.047524,0.526780,-0.000014,0.007282,0.102261,-0.000014,1.570766,0.244356,1.000000,1.100000,0.000000,0.000000,-1.571000,0.390333,0.992017,0.052476,1.067339
40.806000,-0.144921,0.007983,1.047539,0.527802,-0.000014,0.007213,0.101416,-0.000014,1.570766,0.245445,1.000000,1.100000,0.000000,0.000000,-1.571000,0.390366,0.992017,0.052461,1.067350
40.808000,-0.143863,0.007983,1.047553,0.528805,-0.000014,0.007144,0.100573,-0.000014,1.570766,0.246524,1.000000,1.100000,0.000000,0.000000,-1.571000,0.390387,0.992017,0.052447,1.067357
40.810000,-0.142803,0.007983,1.047567,0.529790,-0.000015,0.007077,0.099732,-0.000013,1.570766,0.247593,1.000000,1.100000,0.000000,0.000000,-1.571000,0.390396,0.992017,0.052433,1.067360
40.812000,-0.141741,0.007983,1.047582,0.530757,-0.000015,0.007010,0.098893,-0.000013,1.570766,0.248653,1.000000,1.100000,0.000000,0.000000,-1.571000,0.390393,0.992017,0.052418,1.067358
40.814000,-0.140677,0.007983,1.047595,0.531706,-0.000015,0.006945,0.098057,-0.000013,1.570766,0.249702,1.000000,1.100000,0.000000,0.000000,-1.571000,0.390379,0.992017,0.052405,1.067352
40.816000,-0.139611,0.007983,1.047609,0.532636,-0.000016,0.006880,0.097224,-0.000013,1.570766,0.250742,1.000000,1.100000,0.000000,0.000000,-1.571000,0.390353,0.992017,0.052391,1.067342
40.818000,-0.138543,0.007983,1.047623,0.533549,-0.000016,0.006817,0.096396,-0.000012,1.570767,0.251772,1.000000,1.100000,0.000000,0.000000,-1.571000,0.390315,0.992017,0.052377,1.067327
40.820000,-0.137473,0.007983,1.047637,0.534443,-0.000016,0.006754,0.095572,-0.000012,1.570767,0.252792,1.000000,1.100000,0.000000,0.000000,-1.571000,0.390266,0.992017,0.052363,1.067309
40.822000,-0.136402,0.007982,1.047650,0.535320,-0.000016,0.006691,0.094752,-0.000012,1.570767,0.253802,1.000000,1.100000,0.000000,0.000000,-1.571000,0.390204,0.992018,0.052350,1.067286
40.824000,-0.135329,0.007982,1.047663,0.536178,-0.000017,0.006624,0.093934,-0.000012,1.570767,0.254802,1.000000,1.100000,0.000000,0.000000,-1.571000,0.390131,0.992018,0.052337,1.067258
40.826000,-0.134255,0.007982,1.047676,0.537018,-0.000017,0.006555,0.093115,-0.000011,1.570768,0.255792,1.000000,1.100000,0.000000,0.000000,-1.571000,0.390047,0.992018,0.052324,1.067227
40.828000,-0.133178,0.007982,1.047689,0.537841,-0.000017,0.006482,0.092292,-0.000011,1.570768,0.256772,1.000000,1.100000,0.000000,0.000000,-1.571000,0.389950,0.992018,0.052311,1.067191
40.830000,-0.132100,0.007982,1.047702,0.538646,-0.000017,0.006408,0.091464,-0.000011,1.570769,0.257742,1.000000,1.100000,0.000000,0.000000,-1.571000,0.389842,0.992018,0.052298,1.067151
40.832000,-0.131021,0.007982,1.047715,0.539432,-0.000018,0.006332,0.090629,-0.000011,1.570769,0.258701,1.000000,1.100000,0.000000,0.000000,-1.571000,0.389722,0.992018,0.052285,1.067106
40.834000,-0.129940,0.007982,1.047728,0.540201,-0.000018,0.006255,0.089785,-0.000010,1.570770,0.259650,1.000000,1.100000,0.000000,0.000000,-1.571000,0.389590,0.992018,0.052272,1.067058
40.836000,-0.128857,0.007982,1.047740,0.540951,-0.000018,0.006177,0.088932,-0.000010,1.570770,0.260589,1.000000,1.100000,0.000000,0.000000,-1.571000,0.389446,0.992018,0.052260,1.067005
40.838000,-0.127773,0.007982,1.047752,0.541683,-0.000018,0.006097,0.088068,-0.000010,1.570771,0.261518,1.000000,1.100000,0.000000,0.000000,-1.571000,0.389291,0.992018,0.052248,1.066947
40.840000,-0.126687,0.007982,1.047764,0.542397,-0.000018,0.006018,0.087192,-0.000010,1.570772,0.262437,1.000000,1.100000,0.000000,0.000000,-1.571000,0.389124,0.992018,0.052236,1.066886
40.842000,-0.125600,0.007982,1.047776,0.543091,-0.000019,0.005937,0.086304,-0.000010,1.570773,0.263345,1.000000,1.100000,0.000000,0.000000,-1.571000,0.388945,0.992018,0.052224,1.066820
40.844000,-0.124512,0.007982,1.047788,0.543768,-0.000019,0.005857,0.085404,-0.000010,1.570774,0.264242,1.000000,1.100000,0.000000,0.000000,-1.571000,0.388755,0.992018,0.052212,1.066750
40.846000,-0.123423,0.007982,1.047800,0.544425,-0.000019,0.005776,0.084492,-0.000009,1.570775,0.265130,1.000000,1.100000,0.000000,0.000000,-1.571000,0.388552,0.992018,0.052200,1.066676
40.848000,-0.122332,0.007982,1.047811,0.545063,-0.000019,0.005696,0.083567,-0.000009,1.570776,0.266006,1.000000,1.100000,0.000000,0.000000,-1.571000,0.388338,0.992018,0.052189,1.066597
40.850000,-0.121239,0.007982,1.047822,0.545681,-0.000019,0.005616,0.082630,-0.000009,1.570776,0.266873,1.000000,1.100000,0.000000,0.000000,-1.571000,0.388112,0.992018,0.052178,1.066515
40.852000,-0.120146,0.007982,1.047833,0.546280,-0.000020,0.005536,0.081680,-0.000009,1.570777,0.267729,1.000000,1.100000,0.000000,0.000000,-1.571000,0.387875,0.992018,0.052167,1.066428
40.854000,-0.119052,0.007982,1.047844,0.546859,-0.000020,0.005457,0.080719,-0.000009,1.570779,0.268574,1.000000,1.100000,0.000000,0.000000,-1.571000,0.387625,0.992018,0.052156,1.066336
40.856000,-0.117956,0.007982,1.047855,0.547418,-0.000020,0.005378,0.079747,-0.000009,1.570780,0.269408,1.000000,1.100000,0.000000,0.000000,-1.571000,0.387364,0.992018,0.052145,1.066241
40.858000,-0.116859,0.007982,1.047866,0.547957,-0.000020,0.005300,0.078764,-0.000009,1.570781,0.270232,1.000000,1.100000,0.000000,0.000000,-1.571000,0.387091,0.992018,0.052134,1.066142
40.860000,-0.115761,0.007982,1.047876,0.548476,-0.000020,0.005223,0.077771,-0.000009,1.570782,0.271045,1.000000,1.100000,0.000000,0.000000,-1.571000,0.386807,0.992018,0.052124,1.066038
40.862000,-0.114663,0.007982,1.047887,0.548974,-0.000020,0.005147,0.076770,-0.000009,1.570783,0.271848,1.000000,1.100000,0.000000,0.000000,-1.571000,0.386511,0.992018,0.052113,1.065930
40.864000,-0.113563,0.007982,1.047897,0.549452,-0.000020,0.005072,0.075760,-0.000009,1.570784,0.272640,1.000000,1.100000,0.000000,0.000000,-1.571000,0.386203,0.992018,0.052103,1.065818
40.866000,-0.112462,0.007982,1.047907,0.549909,-0.000021,0.004998,0.074743,-0.000008,1.570784,0.273421,1.000000,1.100000,0.000000,0.000000,-1.571000,0.385883,0.992018,0.052093,1.065702
40.868000,-0.111361,0.007982,1.047917,0.550345,-0.000021,0.004925,0.073720,-0.000008,1.570785,0.274191,1.000000,1.100000,0.000000,0.000000,-1.571000,0.385552,0.992018,0.052083,1.065581
40.870000,-0.110258,0.007982,1.047927,0.550761,-0.000021,0.004853,0.072692,-0.000008,1.570786,0.274951,1.000000,1.100000,0.000000,0.000000,-1.571000,0.385209,0.992018,0.052073,1.065457
40.872000,-0.109155,0.007982,1.047936,0.551155,-0.000021,0.004782,0.071659,-0.000008,1.570787,0.275699,1.000000,1.100000,0.000000,0.000000,-1.571000,0.384854,0.992018,0.052064,1.065328
40.874000,-0.108051,0.007982,1.047946,0.551529,-0.000021,0.004712,0.070624,-0.000008,1.570788,0.276437,1.000000,1.100000,0.000000,0.000000,-1.571000,0.384488,0.992018,0.052054,1.065195
40.876000,-0.106946,0.007981,1.047955,0.551882,-0.000021,0.004643,0.069587,-0.000008,1.570788,0.277164,1.000000,1.100000,0.000000,0.000000,-1.571000,0.384110,0.992019,0.052045,1.065059
40.878000,-0.105841,0.007981,1.047964,0.552214,-0.000021,0.004576,0.068550,-0.000008,1.570789,0.277880,1.000000,1.100000,0.000000,0.000000,-1.571000,0.383721,0.992019,0.052036,1.064918
40.880000,-0.104735,0.007981,1.047973,0.552525,-0.000022,0.004510,0.067513,-0.000008,1.570790,0.278585,1.000000,1.100000,0.000000,0.000000,-1.571000,0.383319,0.992019,0.052027,1.064773
40.882000,-0.103628,0.007981,1.047982,0.552815,-0.000022,0.004442,0.066477,-0.000008,1.570790,0.279279,1.000000,1.100000,0.000000,0.000000,-1.571000,0.382907,0.992019,0.052018,1.064624
40.884000,-0.102521,0.007981,1.047991,0.553083,-0.000022,0.004370,0.065439,-0.000008,1.570790,0.279961,1.000000,1.100000,0.000000,0.000000,-1.571000,0.382483,0.992019,0.052009,1.064471
40.886000,-0.101413,0.007981,1.048000,0.553331,-0.000022,0.004295,0.064397,-0.000008,1.570791,0.280633,1.000000,1.100000,0.000000,0.000000,-1.571000,0.382047,0.992019,0.052000,1.064314
40.888000,-0.100305,0.007981,1.048008,0.553558,-0.000022,0.004216,0.063350,-0.000008,1.570791,0.281294,1.000000,1.100000,0.000000,0.000000,-1.571000,0.381599,0.992019,0.051992,1.064153
40.890000,-0.099197,0.007981,1.048016,0.553763,-0.000022,0.004135,0.062296,-0.000008,1.570792,0.281944,1.000000,1.100000,0.000000,0.000000,-1.571000,0.381140,0.992019,0.051984,1.063989
40.892000,-0.098088,0.007981,1.048025,0.553948,-0.000022,0.004051,0.061233,-0.000008,1.570792,0.282582,1.000000,1.100000,0.000000,0.000000,-1.571000,0.380670,0.992019,0.051975,1.063820
40.894000,-0.096979,0.007981,1.048033,0.554110,-0.000022,0.003965,0.060161,-0.000008,1.570792,0.283209,1.000000,1.100000,0.000000,0.000000,-1.571000,0.380188,0.992019,0.051967,1.063647
40.896000,-0.095869,0.007981,1.048040,0.554252,-0.000023,0.003878,0.059079,-0.000008,1.570792,0.283826,1.000000,1.100000,0.000000,0.000000,-1.571000,0.379695,0.992019,0.051960,1.063471
40.898000,-0.094759,0.007981,1.048048,0.554372,-0.000023,0.003789,0.057987,-0.000008,1.570793,0.284431,1.000000,1.100000,0.000000,0.000000,-1.571000,0.379190,0.992019,0.051952,1.063290
40.900000,-0.093649,0.007981,1.048055,0.554470,-0.000023,0.003699,0.056883,-0.000009,1.570793,0.285024,1.000000,1.100000,0.000000,0.000000,-1.571000,0.378674,0.992019,0.051945,1.063106
40.902000,-0.092539,0.007981,1.048063,0.554547,-0.000023,0.003608,0.055769,-0.000009,1.570793,0.285607,1.000000,1.100000,0.000000,0.000000,-1.571000,0.378146,0.992019,0.051937,1.062918
40.904000,-0.091429,0.007981,1.048070,0.554601,-0.000023,0.003516,0.054643,-0.000009,1.570793,0.286178,1.000000,1.100000,0.000000,0.000000,-1.571000,0.377607,0.992019,0.051930,1.062726
40.906000,-0.090319,0.007981,1.048077,0.554633,-0.000023,0.003424,0.053507,-0.000009,1.570793,0.286738,1.000000,1.100000,0.000000,0.000000,-1.571000,0.377056,0.992019,0.051923,1.062530
40.908000,-0.089208,0.007981,1.048083,0.554643,-0.000023,0.003332,0.052361,-0.000009,1.570794,0.287286,1.000000,1.100000,0.000000,0.000000,-1.571000,0.376495,0.992019,0.051917,1.062330
40.910000,-0.088098,0.007981,1.048090,0.554630,-0.000023,0.003239,0.051204,-0.000009,1.570794,0.287824,1.000000,1.100000,0.000000,0.000000,-1.571000,0.375921,0.992019,0.051910,1.062127
40.912000,-0.086987,0.007981,1.048096,0.554595,-0.000024,0.003146,0.050039,-0.000009,1.570794,0.288350,1.000000,1.100000,0.000000,0.000000,-1.571000,0.375337,0.992019,0.051904,1.061920
40.914000,-0.085877,0.007981,1.048102,0.554537,-0.000024,0.003053,0.048865,-0.000008,1.570794,0.288864,1.000000,1.100000,0.000000,0.000000,-1.571000,0.374741,0.992019,0.051898,1.061709
40.916000,-0.084767,0.007981,1.048108,0.554456,-0.000024,0.002961,0.047683,-0.000008,1.570795,0.289367,1.000000,1.100000,0.000000,0.000000,-1.571000,0.374134,0.992019,0.051892,1.061495
40.918000,-0.083657,0.007981,1.048114,0.554352,-0.000024,0.002868,0.046494,-0.000008,1.570795,0.289859,1.000000,1.100000,0.000000,0.000000,-1.571000,0.373516,0.992019,0.051886,1.061277
40.920000,-0.082548,0.007980,1.048120,0.554225,-0.000024,0.002776,0.045300,-0.000008,1.570795,0.290339,1.000000,1.100000,0.000000,0.000000,-1.571000,0.372887,0.992020,0.051880,1.061056
40.922000,-0.081438,0.007980,1.048125,0.554075,-0.000024,0.002684,0.044101,-0.000008,1.570795,0.290808,1.000000,1.100000,0.000000,0.000000,-1.571000,0.372246,0.992020,0.051875,1.060830
40.924000,-0.080329,0.007980,1.048130,0.553902,-0.000024,0.002593,0.042898,-0.000007,1.570796,0.291265,1.000000,1.100000,0.000000,0.000000,-1.571000,0.371594,0.992020,0.051870,1.060602
40.926000,-0.079221,0.007980,1.048135,0.553706,-0.000024,0.002502,0.041693,-0.000007,1.570796,0.291711,1.000000,1.100000,0.000000,0.000000,-1.571000,0.370932,0.992020,0.051865,1.060369
40.928000,-0.078112,0.007980,1.048140,0.553486,-0.000024,0.002412,0.040487,-0.000007,1.570796,0.292145,1.000000,1.100000,0.000000,0.000000,-1.571000,0.370258,0.992020,0.051860,1.060134
40.930000,-0.077005,0.007980,1.048145,0.553244,-0.000025,0.002322,0.039281,-0.000006,1.570796,0.292568,1.000000,1.100000,0.000000,0.000000,-1.571000,0.369573,0.992020,0.051855,1.059894
40.932000,-0.075898,0.007980,1.048150,0.552978,-0.000025,0.002232,0.038076,-0.000006,1.570796,0.292979,1.000000,1.100000,0.000000,0.000000,-1.571000,0.368877,0.992020,0.051850,1.059652
40.934000,-0.074791,0.007980,1.048154,0.552689,-0.000025,0.002144,0.036874,-0.000006,1.570796,0.293379,1.000000,1.100000,0.000000,0.000000,-1.571000,0.368170,0.992020,0.051846,1.059406
40.936000,-0.073685,0.007980,1.048158,0.552378,-0.000025,0.002055,0.035675,-0.000005,1.570796,0.293767,1.000000,1.100000,0.000000,0.000000,-1.571000,0.367452,0.992020,0.051842,1.059156
40.938000,-0.072580,0.007980,1.048162,0.552043,-0.000025,0.001968,0.034482,-0.000005,1.570796,0.294143,1.000000,1.100000,0.000000,0.000000,-1.571000,0.366723,0.992020,0.051838,1.058903
40.940000,-0.071475,0.007980,1.048166,0.551686,-0.000025,0.001881,0.033295,-0.000004,1.570796,0.294508,1.000000,1.100000,0.000000,0.000000,-1.571000,0.365983,0.992020,0.051834,1.058647
40.942000,-0.070371,0.007980,1.048170,0.551307,-0.000025,0.001795,0.032116,-0.000004,1.570796,0.294861,1.000000,1.100000,0.000000,0.000000,-1.571000,0.365232,0.992020,0.051830,1.058388
40.944000,-0.069268,0.007980,1.048173,0.550905,-0.000025,0.001709,0.030946,-0.000003,1.570796,0.295203,1.000000,1.100000,0.000000,0.000000,-1.571000,0.364471,0.992020,0.051827,1.058125
40.946000,-0.068166,0.007980,1.048176,0.550482,-0.000025,0.001624,0.029786,-0.000003,1.570795,0.295533,1.000000,1.100000,0.000000,0.000000,-1.571000,0.363698,0.992020,0.051824,1.057859
40.948000,-0.067064,0.007980,1.048179,0.550036,-0.000025,0.001539,0.028639,-0.000003,1.570795,0.295851,1.000000,1.100000,0.000000,0.000000,-1.571000,0.362915,0.992020,0.051821,1.057590
40.950000,-0.065964,0.007980,1.048182,0.549569,-0.000025,0.001455,0.027504,-0.000002,1.570794,0.296158,1.000000,1.100000,0.000000,0.000000,-1.571000,0.362121,0.992020,0.051818,1.057318
40.952000,-0.064864,0.007980,1.048185,0.549081,-0.000025,0.001372,0.026383,-0.000002,1.570794,0.296452,1.000000,1.100000,0.000000,0.000000,-1.571000,0.361317,0.992020,0.051815,1.057043
40.954000,-0.063766,0.007980,1.048188,0.548572,-0.000025,0.001289,0.025277,-0.000001,1.570793,0.296736,1.000000,1.100000,0.000000,0.000000,-1.571000,0.360501,0.992020,0.051812,1.056764
40.956000,-0.062668,0.007980,1.048190,0.548043,-0.000025,0.001207,0.024187,-0.000001,1.570792,0.297007,1.000000,1.100000,0.000000,0.000000,-1.571000,0.359675,0.992020,0.051810,1.056482
40.958000,-0.061572,0.007980,1.048192,0.547493,-0.000025,0.001125,0.023115,-0.000000,1.570791,0.297267,1.000000,1.100000,0.000000,0.000000,-1.571000,0.358839,0.992020,0.051808,1.056198
40.960000,-0.060477,0.007979,1.048195,0.546924,-0.000025,0.001044,0.022060,0.000000,1.570790,0.297515,1.000000,1.100000,0.000000,0.000000,-1.571000,0.357991,0.992021,0.051805,1.055910
40.962000,-0.059383,0.007979,1.048197,0.546335,-0.000025,0.000963,0.021024,0.000001,1.570789,0.297751,1.000000,1.100000,0.000000,0.000000,-1.571000,0.357134,0.992021,0.051803,1.055620
40.964000,-0.058290,0.007979,1.048198,0.545727,-0.000025,0.000883,0.020005,0.000001,1.570788,0.297976,1.000000,1.100000,0.000000,0.000000,-1.571000,0.356265,0.992021,0.051802,1.055326
40.966000,-0.057198,0.007979,1.048200,0.545100,-0.000025,0.000804,0.018999,0.000002,1.570787,0.298188,1.000000,1.100000,0.000000,0.000000,-1.571000,0.355386,0.992021,0.051800,1.055030
40.968000,-0.056108,0.007979,1.048202,0.544455,-0.000025,0.000725,0.018005,0.000002,1.570786,0.298389,1.000000,1.100000,0.000000,0.000000,-1.571000,0.354497,0.992021,0.051798,1.054730
40.970000,-0.055019,0.007979,1.048203,0.543792,-0.000025,0.000647,0.017023,0.000003,1.570785,0.298578,1.000000,1.100000,0.000000,0.000000,-1.571000,0.353597,0.992021,0.051797,1.054428
40.972000,-0.053931,0.007979,1.048204,0.543111,-0.000024,0.000570,0.016050,0.000003,1.570784,0.298756,1.000000,1.100000,0.000000,0.000000,-1.571000,0.352687,0.992021,0.051796,1.054123
40.974000,-0.052845,0.007979,1.048205,0.542413,-0.000024,0.000493,0.015085,0.000004,1.570783,0.298921,1.000000,1.100000,0.000000,0.000000,-1.571000,0.351766,0.992021,0.051795,1.053816
40.976000,-0.051760,0.007979,1.048206,0.541697,-0.000024,0.000417,0.014128,0.000004,1.570782,0.299075,1.000000,1.100000,0.000000,0.000000,-1.571000,0.350835,0.992021,0.051794,1.053505
40.978000,-0.050677,0.007979,1.048207,0.540963,-0.000024,0.000341,0.013177,0.000005,1.570781,0.299217,1.000000,1.100000,0.000000,0.000000,-1.571000,0.349894,0.992021,0.051793,1.053192
40.980000,-0.049595,0.007979,1.048207,0.540213,-0.000024,0.000265,0.012231,0.000005,1.570780,0.299347,1.000000,1.100000,0.000000,0.000000,-1.571000,0.348942,0.992021,0.051793,1.052876
40.982000,-0.048514,0.007979,1.048208,0.539445,-0.000024,0.000190,0.011290,0.000006,1.570779,0.299466,1.000000,1.100000,0.000000,0.000000,-1.571000,0.347980,0.992021,0.051792,1.052558
40.984000,-0.047436,0.007979,1.048208,0.538661,-0.000024,0.000116,0.010354,0.000006,1.570779,0.299572,1.000000,1.100000,0.000000,0.000000,-1.571000,0.347008,0.992021,0.051792,1.052237
40.986000,-0.046358,0.007979,1.048208,0.537860,-0.000023,0.000042,0.009422,0.000007,1.570778,0.299667,1.000000,1.100000,0.000000,0.000000,-1.571000,0.346025,0.992021,0.051792,1.051913
40.988000,-0.045283,0.007979,1.048208,0.537042,-0.000023,-0.000032,0.008494,0.000007,1.570777,0.299750,1.000000,1.100000,0.000000,0.000000,-1.571000,0.345033,0.992021,0.051792,1.051587
40.990000,-0.044209,0.007979,1.048208,0.536207,-0.000023,-0.000106,0.007570,0.000008,1.570777,0.299821,1.000000,1.100000,0.000000,0.000000,-1.571000,0.344030,0.992021,0.051792,1.051259
40.992000,-0.043137,0.007979,1.048208,0.535356,-0.000023,-0.000179,0.006649,0.000008,1.570776,0.299880,1.000000,1.100000,0.000000,0.000000,-1.571000,0.343017,0.992021,0.051792,1.050928
40.994000,-0.042066,0.007979,1.048207,0.534489,-0.000023,-0.000252,0.005731,0.000009,1.570776,0.299927,1.000000,1.100000,0.000000,0.000000,-1.571000,0.341994,0.992021,0.051793,1.050594
40.996000,-0.040998,0.007979,1.048206,0.533605,-0.000023,-0.000324,0.004817,0.000009,1.570776,0.299963,1.000000,1.100000,0.000000,0.000000,-1.571000,0.340961,0.992021,0.051794,1.050259
40.998000,-0.039931,0.007979,1.048206,0.532706,-0.000022,-0.000396,0.003906,0.000010,1.570776,0.299987,1.000000,1.100000,0.000000,0.000000,-1.571000,0.339917,0.992021,0.051794,1.049920
41.000000,-0.038865,0.007979,1.048205,0.531790,-0.000022,-0.000469,0.003000,0.000010,1.570776,0.299999,1.000000,1.100000,0.000000,0.000000,-1.571000,0.338864,0.992021,0.051795,1.049580
41.002000,-0.037802,0.007978,1.048204,0.530858,-0.000022,-0.000540,0.002097,0.000011,1.570775,0.299999,1.000000,1.100000,0.000000,0.000000,-1.571000,0.337801,0.992022,0.051796,1.049237
41.004000,-0.036741,0.007978,1.048203,0.529911,-0.000022,-0.000612,0.001199,0.000011,1.570775,0.299987,1.000000,1.100000,0.000000,0.000000,-1.571000,0.336728,0.992022,0.051797,1.048892
41.006000,-0.035681,0.007978,1.048201,0.528947,-0.000021,-0.000684,0.000305,0.000012,1.570776,0.299963,1.000000,1.100000,0.000000,0.000000,-1.571000,0.335644,0.992022,0.051799,1.048545
41.008000,-0.034624,0.007978,1.048200,0.527968,-0.000021,-0.000755,-0.000584,0.000013,1.570776,0.299927,1.000000,1.100000,0.000000,0.000000,-1.571000,0.334551,0.992022,0.051800,1.048196
41.010000,-0.033568,0.007978,1.048198,0.526974,-0.000021,-0.000826,-0.001467,0.000013,1.570776,0.299880,1.000000,1.100000,0.000000,0.000000,-1.571000,0.333449,0.992022,0.051802,1.047845
41.012000,-0.032515,0.007978,1.048196,0.525964,-0.000020,-0.000897,-0.002344,0.000014,1.570776,0.299821,1.000000,1.100000,0.000000,0.000000,-1.571000,0.332336,0.992022,0.051804,1.047491
41.014000,-0.031464,0.007978,1.048194,0.524939,-0.000020,-0.000968,-0.003216,0.000014,1.570776,0.299750,1.000000,1.100000,0.000000,0.000000,-1.571000,0.331213,0.992022,0.051806,1.047136
41.016000,-0.030414,0.007978,1.048192,0.523899,-0.000020,-0.001039,-0.004080,0.000015,1.570777,0.299667,1.000000,1.100000,0.000000,0.000000,-1.571000,0.330081,0.992022,0.051808,1.046778
41.018000,-0.029367,0.007978,1.048190,0.522844,-0.000020,-0.001110,-0.004938,0.000015,1.570777,0.299572,1.000000,1.100000,0.000000,0.000000,-1.571000,0.328939,0.992022,0.051810,1.046419
41.020000,-0.028322,0.007978,1.048188,0.521774,-0.000019,-0.001181,-0.005787,0.000016,1.570777,0.299466,1.000000,1.100000,0.000000,0.000000,-1.571000,0.327787,0.992022,0.051812,1.046058
41.022000,-0.027279,0.007978,1.048185,0.520690,-0.000019,-0.001253,-0.006629,0.000016,1.570778,0.299347,1.000000,1.100000,0.000000,0.000000,-1.571000,0.326626,0.992022,0.051815,1.045694
41.024000,-0.026238,0.007978,1.048183,0.519592,-0.000018,-0.001327,-0.007462,0.000016,1.570778,0.299217,1.000000,1.100000,0.000000,0.000000,-1.571000,0.325455,0.992022,0.051817,1.045329
41.026000,-0.025199,0.007978,1.048180,0.518479,-0.000018,-0.001405,-0.008285,0.000017,1.570779,0.299075,1.000000,1.100000,0.000000,0.000000,-1.571000,0.324275,0.992022,0.051820,1.044963
41.028000,-0.024163,0.007978,1.048177,0.517352,-0.000018,-0.001484,-0.009099,0.000017,1.570779,0.298921,1.000000,1.100000,0.000000,0.000000,-1.571000,0.323085,0.992022,0.051823,1.044594
41.030000,-0.023129,0.007978,1.048174,0.516212,-0.000017,-0.001565,-0.009903,0.000017,1.570779,0.298756,1.000000,1.100000,0.000000,0.000000,-1.571000,0.321885,0.992022,0.051826,1.044224
41.032000,-0.022097,0.007978,1.048171,0.515058,-0.000017,-0.001648,-0.010697,0.000017,1.570780,0.298578,1.000000,1.100000,0.000000,0.000000,-1.571000,0.320676,0.992022,0.051829,1.043852
41.034000,-0.021068,0.007978,1.048167,0.513891,-0.000017,-0.001733,-0.011479,0.000017,1.570780,0.298389,1.000000,1.100000,0.000000,0.000000,-1.571000,0.319457,0.992022,0.051833,1.043479
41.036000,-0.020041,0.007978,1.048164,0.512711,-0.000016,-0.001819,-0.012250,0.000017,1.570780,0.298188,1.000000,1.100000,0.000000,0.000000,-1.571000,0.318229,0.992022,0.051836,1.043103
41.038000,-0.019016,0.007978,1.048160,0.511518,-0.000016,-0.001907,-0.013009,0.000017,1.570780,0.297976,1.000000,1.100000,0.000000,0.000000,-1.571000,0.316992,0.992022,0.051840,1.042727
41.040000,-0.017994,0.007978,1.048156,0.510313,-0.000016,-0.001996,-0.013756,0.000017,1.570781,0.297751,1.000000,1.100000,0.000000,0.000000,-1.571000,0.315745,0.992022,0.051844,1.042349
41.042000,-0.016974,0.007978,1.048152,0.509095,-0.000015,-0.002086,-0.014490,0.000017,1.570781,0.297515,1.000000,1.100000,0.000000,0.000000,-1.571000,0.314489,0.992022,0.051848,1.041969
41.044000,-0.015957,0.007978,1.048148,0.507866,-0.000015,-0.002177,-0.015211,0.000016,1.570781,0.297267,1.000000,1.100000,0.000000,0.000000,-1.571000,0.313224,0.992022,0.051852,1.041588
41.046000,-0.014942,0.007978,1.048143,0.506624,-0.000015,-0.002268,-0.015918,0.000016,1.570781,0.297007,1.000000,1.100000,0.000000,0.000000,-1.571000,0.311949,0.992022,0.051857,1.041206
41.048000,-0.013930,0.007978,1.048138,0.505372,-0.000014,-0.002361,-0.016611,0.000016,1.570781,0.296736,1.000000,1.100000,0.000000,0.000000,-1.571000,0.310665,0.992022,0.051862,1.040822
41.050000,-0.012920,0.007978,1.048134,0.504108,-0.000014,-0.002455,-0.017290,0.000016,1.570781,0.296452,1.000000,1.100000,0.000000,0.000000,-1.571000,0.309372,0.992022,0.051866,1.040437
41.052000,-0.011912,0.007978,1.048128,0.502834,-0.000014,-0.002549,-0.017955,0.000015,1.570782,0.296158,1.000000,1.100000,0.000000,0.000000,-1.571000,0.308070,0.992022,0.051872,1.040051
41.054000,-0.010908,0.007978,1.048123,0.501549,-0.000013,-0.002644,-0.018604,0.000015,1.570782,0.295851,1.000000,1.100000,0.000000,0.000000,-1.571000,0.306759,0.992022,0.051877,1.039664
41.056000,-0.009906,0.007978,1.048118,0.500253,-0.000013,-0.002740,-0.019239,0.000014,1.570782,0.295533,1.000000,1.100000,0.000000,0.000000,-1.571000,0.305438,0.992022,0.051882,1.039275
41.058000,-0.008906,0.007978,1.048112,0.498948,-0.000013,-0.002836,-0.019857,0.000014,1.570782,0.295203,1.000000,1.100000,0.000000,0.000000,-1.571000,0.304109,0.992022,0.051888,1.038886
41.060000,-0.007909,0.007977,1.048106,0.497634,-0.000012,-0.002933,-0.020460,0.000014,1.570781,0.294861,1.000000,1.100000,0.000000,0.000000,-1.571000,0.302770,0.992023,0.051894,1.038495
41.062000,-0.006915,0.007977,1.048100,0.496310,-0.000012,-0.003030,-0.021047,0.000013,1.570781,0.294508,1.000000,1.100000,0.000000,0.000000,-1.571000,0.301423,0.992023,0.051900,1.038103
41.064000,-0.005923,0.007977,1.048094,0.494977,-0.000012,-0.003128,-0.021618,0.000013,1.570781,0.294143,1.000000,1.100000,0.000000,0.000000,-1.571000,0.300066,0.992023,0.051906,1.037710
41.066000,-0.004934,0.007977,1.048088,0.493636,-0.000011,-0.003226,-0.022173,0.000012,1.570781,0.293767,1.000000,1.100000,0.000000,0.000000,-1.571000,0.298701,0.992023,0.051912,1.037317
41.068000,-0.003948,0.007977,1.048081,0.492287,-0.000011,-0.003324,-0.022711,0.000012,1.570781,0.293379,1.000000,1.100000,0.000000,0.000000,-1.571000,0.297327,0.992023,0.051919,1.036922
41.070000,-0.002964,0.007977,1.048074,0.490929,-0.000011,-0.003423,-0.023232,0.000011,1.570781,0.292979,1.000000,1.100000,0.000000,0.000000,-1.571000,0.295944,0.992023,0.051926,1.036527
41.072000,-0.001984,0.007977,1.048067,0.489564,-0.000011,-0.003522,-0.023737,0.000011,1.570781,0.292568,1.000000,1.100000,0.000000,0.000000,-1.571000,0.294552,0.992023,0.051933,1.036131
41.074000,-0.001006,0.007977,1.048060,0.488192,-0.000010,-0.003621,-0.024224,0.000010,1.570780,0.292145,1.000000,1.100000,0.000000,0.000000,-1.571000,0.293151,0.992023,0.051940,1.035734
41.076000,-0.000030,0.007977,1.048053,0.486813,-0.000010,-0.003720,-0.024696,0.000010,1.570780,0.291711,1.000000,1.100000,0.000000,0.000000,-1.571000,0.291741,0.992023,0.051947,1.035336
41.078000,0.000942,0.007977,1.048045,0.485428,-0.000010,-0.003820,-0.025150,0.000009,1.570780,0.291265,1.000000,1.100000,0.000000,0.000000,-1.571000,0.290323,0.992023,0.051955,1.034938
41.080000,0.001912,0.007977,1.048037,0.484036,-0.000010,-0.003920,-0.025588,0.000009,1.570780,0.290808,1.000000,1.100000,0.000000,0.000000,-1.571000,0.288896,0.992023,0.051963,1.034539
41.082000,0.002879,0.007977,1.048029,0.482639,-0.000010,-0.004012,-0.026012,0.000008,1.570780,0.290339,1.000000,1.100000,0.000000,0.000000,-1.571000,0.287460,0.992023,0.051971,1.034139
41.084000,0.003843,0.007977,1.048021,0.481235,-0.000009,-0.004088,-0.026434,0.000008,1.570780,0.289859,1.000000,1.100000,0.000000,0.000000,-1.571000,0.286016,0.992023,0.051979,1.033739
41.086000,0.004804,0.007977,1.048013,0.479825,-0.000009,-0.004150,-0.026864,0.000007,1.570780,0.289367,1.000000,1.100000,0.000000,0.000000,-1.571000,0.284563,0.992023,0.051987,1.033338
41.088000,0.005763,0.007977,1.048004,0.478409,-0.000009,-0.004200,-0.027310,0.000007,1.570780,0.288864,1.000000,1.100000,0.000000,0.000000,-1.571000,0.283101,0.992023,0.051996,1.032937
41.090000,0.006718,0.007977,1.047996,0.476986,-0.000009,-0.004238,-0.027781,0.000006,1.570781,0.288350,1.000000,1.100000,0.000000,0.000000,-1.571000,0.281631,0.992023,0.052004,1.032536
41.092000,0.007671,0.007977,1.047987,0.475557,-0.000009,-0.004265,-0.028284,0.000006,1.570782,0.287824,1.000000,1.100000,0.000000,0.000000,-1.571000,0.280153,0.992023,0.052013,1.032134
41.094000,0.008621,0.007977,1.047979,0.474120,-0.000009,-0.004284,-0.028826,0.000006,1.570783,0.287286,1.000000,1.100000,0.000000,0.000000,-1.571000,0.278665,0.992023,0.052021,1.031732
41.096000,0.009568,0.007977,1.047970,0.472674,-0.000008,-0.004294,-0.029413,0.000005,1.570784,0.286738,1.000000,1.100000,0.000000,0.000000,-1.571000,0.277170,0.992023,0.052030,1.031329
41.098000,0.010512,0.007977,1.047962,0.471220,-0.000008,-0.004296,-0.030049,0.000005,1.570786,0.286178,1.000000,1.100000,0.000000,0.000000,-1.571000,0.275666,0.992023,0.052038,1.030926
41.100000,0.011453,0.007977,1.047953,0.469755,-0.000008,-0.004291,-0.030738,0.000004,1.570788,0.285607,1.000000,1.100000,0.000000,0.000000,-1.571000,0.274153,0.992023,0.052047,1.030523
41.102000,0.012392,0.007977,1.047945,0.468278,-0.000008,-0.004281,-0.031486,0.000004,1.570790,0.285024,1.000000,1.100000,0.000000,0.000000,-1.571000,0.272633,0.992023,0.052055,1.030120
41.104000,0.013327,0.007977,1.047936,0.466790,-0.000008,-0.004265,-0.032294,0.000004,1.570793,0.284431,1.000000,1.100000,0.000000,0.000000,-1.571000,0.271104,0.992023,0.052064,1.029717
41.106000,0.014259,0.007977,1.047928,0.465288,-0.000008,-0.004245,-0.033165,0.000003,1.570795,0.283826,1.000000,1.100000,0.000000,0.000000,-1.571000,0.269566,0.992023,0.052072,1.029314
41.108000,0.015188,0.007977,1.047919,0.463771,-0.000008,-0.004220,-0.034102,0.000003,1.570799,0.283209,1.000000,1.100000,0.000000,0.000000,-1.571000,0.268021,0.992023,0.052081,1.028911
41.110000,0.016115,0.007977,1.047911,0.462238,-0.000008,-0.004191,-0.035105,0.000003,1.570802,0.282582,1.000000,1.100000,0.000000,0.000000,-1.571000,0.266467,0.992023,0.052089,1.028508
41.112000,0.017038,0.007977,1.047902,0.460687,-0.000008,-0.004159,-0.036175,0.000003,1.570806,0.281944,1.000000,1.100000,0.000000,0.000000,-1.571000,0.264906,0.992023,0.052098,1.028105
41.114000,0.017958,0.007977,1.047894,0.459119,-0.000008,-0.004124,-0.037312,0.000002,1.570809,0.281294,1.000000,1.100000,0.000000,0.000000,-1.571000,0.263336,0.992023,0.052106,1.027702
41.116000,0.018874,0.007977,1.047886,0.457530,-0.000008,-0.004086,-0.038518,0.000002,1.570813,0.280633,1.000000,1.100000,0.000000,0.000000,-1.571000,0.261759,0.992023,0.052114,1.027299
41.118000,0.019788,0.007977,1.047878,0.455920,-0.000008,-0.004046,-0.039791,0.000002,1.570817,0.279961,1.000000,1.100000,0.000000,0.000000,-1.571000,0.260173,0.992023,0.052122,1.026897
41.120000,0.020698,0.007977,1.047870,0.454288,-0.000008,-0.004004,-0.041130,0.000002,1.570822,0.279279,1.000000,1.100000,0.000000,0.000000,-1.571000,0.258580,0.992023,0.052130,1.026495
41.122000,0.021605,0.007977,1.047862,0.452632,-0.000007,-0.003961,-0.042534,0.000002,1.570826,0.278585,1.000000,1.100000,0.000000,0.000000,-1.571000,0.256979,0.992023,0.052138,1.026093
41.124000,0.022509,0.007977,1.047854,0.450951,-0.000007,-0.003917,-0.044002,0.000002,1.570830,0.277880,1.000000,1.100000,0.000000,0.000000,-1.571000,0.255371,0.992023,0.052146,1.025692
41.126000,0.023409,0.007977,1.047846,0.449245,-0.000007,-0.003871,-0.045531,0.000002,1.570835,0.277164,1.000000,1.100000,0.000000,0.000000,-1.571000,0.253755,0.992023,0.052154,1.025291
41.128000,0.024306,0.007977,1.047838,0.447511,-0.000007,-0.003826,-0.047120,0.000002,1.570839,0.276437,1.000000,1.100000,0.000000,0.000000,-1.571000,0.252131,0.992023,0.052162,1.024891
41.130000,0.025199,0.007977,1.047831,0.445748,-0.000007,-0.003780,-0.048766,0.000002,1.570843,0.275699,1.000000,1.100000,0.000000,0.000000,-1.571000,0.250500,0.992023,0.052169,1.024491
41.132000,0.026089,0.007977,1.047823,0.443957,-0.000007,-0.003734,-0.050467,0.000002,1.570847,0.274951,1.000000,1.100000,0.000000,0.000000,-1.571000,0.248862,0.992023,0.052177,1.024092
41.134000,0.026975,0.007977,1.047816,0.442134,-0.000007,-0.003689,-0.052220,0.000002,1.570851,0.274191,1.000000,1.100000,0.000000,0.000000,-1.571000,0.247216,0.992023,0.052184,1.023694
41.136000,0.027857,0.007977,1.047809,0.440281,-0.000007,-0.003644,-0.054021,0.000002,1.570855,0.273421,1.000000,1.100000,0.000000,0.000000,-1.571000,0.245564,0.992023,0.052191,1.023296
41.138000,0.028736,0.007977,1.047801,0.438396,-0.000007,-0.003600,-0.055867,0.000003,1.570859,0.272640,1.000000,1.100000,0.000000,0.000000,-1.571000,0.243904,0.992023,0.052199,1.022900
41.140000,0.029611,0.007977,1.047794,0.436477,-0.000007,-0.003557,-0.057756,0.000003,1.570863,0.271848,1.000000,1.100000,0.000000,0.000000,-1.571000,0.242237,0.992023,0.052206,1.022504
41.142000,0.030482,0.007977,1.047787,0.434525,-0.000007,-0.003515,-0.059683,0.000003,1.570866,0.271045,1.000000,1.100000,0.000000,0.000000,-1.571000,0.240564,0.992023,0.052213,1.022109
41.144000,0.031349,0.007977,1.047780,0.432538,-0.000007,-0.003475,-0.061645,0.000004,1.570869,0.270232,1.000000,1.100000,0.000000,0.000000,-1.571000,0.238884,0.992023,0.052220,1.021715
41.146000,0.032212,0.007977,1.047773,0.430516,-0.000007,-0.003436,-0.063638,0.000004,1.570872,0.269408,1.000000,1.100000,0.000000,0.000000,-1.571000,0.237197,0.992023,0.052227,1.021323
41.148000,0.033070,0.007977,1.047766,0.428459,-0.000007,-0.003400,-0.065659,0.000004,1.570874,0.268574,1.000000,1.100000,0.000000,0.000000,-1.571000,0.235503,0.992023,0.052234,1.020931
41.150000,0.033925,0.007977,1.047760,0.426366,-0.000007,-0.003365,-0.067704,0.000005,1.570876,0.267729,1.000000,1.100000,0.000000,0.000000,-1.571000,0.233804,0.992023,0.052240,1.020541
41.152000,0.034775,0.007977,1.047753,0.424237,-0.000007,-0.003333,-0.069768,0.000005,1.570878,0.266873,1.000000,1.100000,0.000000,0.000000,-1.571000,0.232097,0.992023,0.052247,1.020152
41.154000,0.035621,0.007977,1.047746,0.422071,-0.000007,-0.003304,-0.071849,0.000005,1.570879,0.266006,1.000000,1.100000,0.000000,0.000000,-1.571000,0.230385,0.992023,0.052254,1.019764
41.156000,0.036463,0.007977,1.047740,0.419868,-0.000007,-0.003277,-0.073942,0.000006,1.570880,0.265130,1.000000,1.100000,0.000000,0.000000,-1.571000,0.228667,0.992023,0.052260,1.019377
41.158000,0.037300,0.007977,1.047733,0.417628,-0.000007,-0.003253,-0.076044,0.000006,1.570881,0.264242,1.000000,1.100000,0.000000,0.000000,-1.571000,0.226942,0.992023,0.052267,1.018992
41.160000,0.038133,0.007977,1.047727,0.415351,-0.000007,-0.003232,-0.078150,0.000007,1.570881,0.263345,1.000000,1.100000,0.000000,0.000000,-1.571000,0.225212,0.992023,0.052273,1.018608
41.162000,0.038961,0.007977,1.047720,0.413037,-0.000007,-0.003210,-0.080258,0.000007,1.570881,0.262437,1.000000,1.100000,0.000000,0.000000,-1.571000,0.223476,0.992023,0.052280,1.018226
41.164000,0.039784,0.007977,1.047714,0.410685,-0.000007,-0.003185,-0.082366,0.000008,1.570881,0.261518,1.000000,1.100000,0.000000,0.000000,-1.571000,0.221734,0.992023,0.052286,1.017846
41.166000,0.040603,0.007977,1.047708,0.408296,-0.000007,-0.003156,-0.084474,0.000008,1.570880,0.260589,1.000000,1.100000,0.000000,0.000000,-1.571000,0.219986,0.992023,0.052292,1.017467
41.168000,0.041417,0.007977,1.047701,0.405869,-0.000007,-0.003125,-0.086579,0.000009,1.570878,0.259650,1.000000,1.100000,0.000000,0.000000,-1.571000,0.218234,0.992023,0.052299,1.017090
41.170000,0.042226,0.007977,1.047695,0.403405,-0.000007,-0.003093,-0.088680,0.000009,1.570877,0.258701,1.000000,1.100000,0.000000,0.000000,-1.571000,0.216475,0.992023,0.052305,1.016714
41.172000,0.043030,0.007977,1.047689,0.400904,-0.000007,-0.003059,-0.090775,0.000010,1.570875,0.257742,1.000000,1.100000,0.000000,0.000000,-1.571000,0.214712,0.992023,0.052311,1.016341
41.174000,0.043828,0.007977,1.047683,0.398366,-0.000007,-0.003025,-0.092863,0.000010,1.570872,0.256772,1.000000,1.100000,0.000000,0.000000,-1.571000,0.212944,0.992023,0.052317,1.015969
41.176000,0.044622,0.007977,1.047677,0.395792,-0.000007,-0.002990,-0.094941,0.000011,1.570870,0.255792,1.000000,1.100000,0.000000,0.000000,-1.571000,0.211170,0.992023,0.052323,1.015599
41.178000,0.045411,0.007977,1.047671,0.393182,-0.000007,-0.002956,-0.097008,0.000012,1.570867,0.254802,1.000000,1.100000,0.000000,0.000000,-1.571000,0.209392,0.992023,0.052329,1.015231
41.180000,0.046194,0.007976,1.047665,0.390535,-0.000007,-0.002923,-0.099062,0.000012,1.570864,0.253802,1.000000,1.100000,0.000000,0.000000,-1.571000,0.207608,0.992024,0.052335,1.014865
41.182000,0.046972,0.007976,1.047659,0.387854,-0.000007,-0.002891,-0.101101,0.000013,1.570860,0.252792,1.000000,1.100000,0.000000,0.000000,-1.571000,0.205821,0.992024,0.052341,1.014501
41.184000,0.047744,0.007976,1.047654,0.385136,-0.000007,-0.002861,-0.103123,0.000013,1.570857,0.251772,1.000000,1.100000,0.000000,0.000000,-1.571000,0.204028,0.992024,0.052346,1.014139
41.186000,0.048511,0.007976,1.047648,0.382385,-0.000006,-0.002832,-0.105126,0.000014,1.570853,0.250742,1.000000,1.100000,0.000000,0.000000,-1.571000,0.202231,0.992024,0.052352,1.013780
41.188000,0.049272,0.007976,1.047642,0.379599,-0.000006,-0.002806,-0.107109,0.000014,1.570849,0.249702,1.000000,1.100000,0.000000,0.000000,-1.571000,0.200430,0.992024,0.052358,1.013422
41.190000,0.050028,0.007976,1.047637,0.376779,-0.000006,-0.002782,-0.109068,0.000015,1.570845,0.248653,1.000000,1.100000,0.000000,0.000000,-1.571000,0.198625,0.992024,0.052363,1.013067
41.192000,0.050778,0.007976,1.047631,0.373926,-0.000006,-0.002761,-0.111004,0.000015,1.570841,0.247593,1.000000,1.100000,0.000000,0.000000,-1.571000,0.196815,0.992024,0.052369,1.012714
41.194000,0.051522,0.007976,1.047626,0.371040,-0.000006,-0.002742,-0.112913,0.000016,1.570836,0.246524,1.000000,1.100000,0.000000,0.000000,-1.571000,0.195002,0.992024,0.052374,1.012363
41.196000,0.052261,0.007976,1.047620,0.368123,-0.000005,-0.002727,-0.114794,0.000016,1.570832,0.245445,1.000000,1.100000,0.000000,0.000000,-1.571000,0.193184,0.992024,0.052380,1.012015
41.198000,0.052993,0.007976,1.047615,0.365173,-0.000005,-0.002714,-0.116646,0.000016,1.570827,0.244356,1.000000,1.100000,0.000000,0.000000,-1.571000,0.191363,0.992024,0.052385,1.011669
41.200000,0.053720,0.007976,1.047609,0.362193,-0.000005,-0.002705,-0.118467,0.000017,1.570822,0.243258,1.000000,1.100000,0.000000,0.000000,-1.571000,0.189538,0.992024,0.052391,1.011326
41.202000,0.054440,0.007976,1.047604,0.359184,-0.000005,-0.002698,-0.120256,0.000017,1.570818,0.242150,1.000000,1.100000,0.000000,0.000000,-1.571000,0.187709,0.992024,0.052396,1.010985
41.204000,0.055155,0.007976,1.047599,0.356144,-0.000004,-0.002695,-0.122011,0.000017,1.570813,0.241032,1.000000,1.100000,0.000000,0.000000,-1.571000,0.185877,0.992024,0.052401,1.010647
41.206000,0.055863,0.007976,1.047593,0.353076,-0.000004,-0.002696,-0.123731,0.000018,1.570808,0.239905,1.000000,1.100000,0.000000,0.000000,-1.571000,0.184042,0.992024,0.052407,1.010311
41.208000,0.056566,0.007976,1.047588,0.349980,-0.000004,-0.002700,-0.125415,0.000018,1.570804,0.238769,1.000000,1.100000,0.000000,0.000000,-1.571000,0.182203,0.992024,0.052412,1.009978
41.210000,0.057262,0.007976,1.047582,0.346857,-0.000003,-0.002707,-0.127062,0.000018,1.570799,0.237623,1.000000,1.100000,0.000000,0.000000,-1.571000,0.180361,0.992024,0.052418,1.009648
41.212000,0.057951,0.007976,1.047577,0.343708,-0.000003,-0.002718,-0.128670,0.000018,1.570794,0.236468,1.000000,1.100000,0.000000,0.000000,-1.571000,0.178516,0.992024,0.052423,1.009320
41.214000,0.058635,0.007976,1.047571,0.340533,-0.000003,-0.002732,-0.130239,0.000018,1.570789,0.235303,1.000000,1.100000,0.000000,0.000000,-1.571000,0.176668,0.992024,0.052429,1.008995
41.216000,0.059312,0.007976,1.047566,0.337334,-0.000002,-0.002749,-0.131767,0.000019,1.570785,0.234129,1.000000,1.100000,0.000000,0.000000,-1.571000,0.174818,0.992024,0.052434,1.008673
41.218000,0.059982,0.007976,1.047560,0.334111,-0.000002,-0.002771,-0.133255,0.000019,1.570780,0.232946,1.000000,1.100000,0.000000,0.000000,-1.571000,0.172964,0.992024,0.052440,1.008354
41.220000,0.060646,0.007976,1.047555,0.330864,-0.000001,-0.002795,-0.134702,0.000019,1.570776,0.231754,1.000000,1.100000,0.000000,0.000000,-1.571000,0.171108,0.992024,0.052445,1.008037
41.222000,0.061304,0.007976,1.047549,0.327596,-0.000001,-0.002821,-0.136107,0.000019,1.570771,0.230552,1.000000,1.100000,0.000000,0.000000,-1.571000,0.169249,0.992024,0.052451,1.007724
41.224000,0.061954,0.007976,1.047543,0.324306,-0.000001,-0.002846,-0.137471,0.000019,1.570767,0.229341,1.000000,1.100000,0.000000,0.000000,-1.571000,0.167387,0.992024,0.052457,1.007413
41.226000,0.062599,0.007976,1.047538,0.320994,-0.000000,-0.002871,-0.138795,0.000019,1.570763,0.228122,1.000000,1.100000,0.000000,0.000000,-1.571000,0.165523,0.992024,0.052462,1.007105
41.228000,0.063236,0.007976,1.047532,0.317663,0.000000,-0.002895,-0.140078,0.000019,1.570759,0.226893,1.000000,1.100000,0.000000,0.000000,-1.571000,0.163657,0.992024,0.052468,1.006801
41.230000,0.063867,0.007976,1.047526,0.314313,0.000001,-0.002921,-0.141323,0.000019,1.570755,0.225655,1.000000,1.100000,0.000000,0.000000,-1.571000,0.161788,0.992024,0.052474,1.006499
41.232000,0.064492,0.007976,1.047520,0.310944,0.000001,-0.002946,-0.142529,0.000019,1.570752,0.224409,1.000000,1.100000,0.000000,0.000000,-1.571000,0.159917,0.992024,0.052480,1.006200
41.234000,0.065109,0.007976,1.047514,0.307558,0.000002,-0.002972,-0.143697,0.000019,1.570748,0.223154,1.000000,1.100000,0.000000,0.000000,-1.571000,0.158045,0.992024,0.052486,1.005904
41.236000,0.065720,0.007976,1.047508,0.304155,0.000002,-0.002999,-0.144827,0.000018,1.570745,0.221889,1.000000,1.100000,0.000000,0.000000,-1.571000,0.156170,0.992024,0.052492,1.005612
41.238000,0.066323,0.007976,1.047502,0.300736,0.000003,-0.003027,-0.145921,0.000018,1.570742,0.220616,1.000000,1.100000,0.000000,0.000000,-1.571000,0.154293,0.992024,0.052498,1.005323
41.240000,0.066920,0.007976,1.047496,0.297302,0.000003,-0.003056,-0.146979,0.000018,1.570739,0.219335,1.000000,1.100000,0.000000,0.000000,-1.571000,0.152414,0.992024,0.052504,1.005036
41.242000,0.067510,0.007976,1.047490,0.293853,0.000004,-0.003086,-0.148001,0.000018,1.570737,0.218044,1.000000,1.100000,0.000000,0.000000,-1.571000,0.150534,0.992024,0.052510,1.004753
41.244000,0.068093,0.007976,1.047484,0.290391,0.000004,-0.003118,-0.148989,0.000018,1.570735,0.216745,1.000000,1.100000,0.000000,0.000000,-1.571000,0.148652,0.992024,0.052516,1.004473
41.246000,0.068670,0.007976,1.047477,0.286916,0.000005,-0.003151,-0.149943,0.000018,1.570733,0.215438,1.000000,1.100000,0.000000,0.000000,-1.571000,0.146768,0.992024,0.052523,1.004196
41.248000,0.069239,0.007976,1.047471,0.283429,0.000005,-0.003185,-0.150863,0.000018,1.570731,0.214122,1.000000,1.100000,0.000000,0.000000,-1.571000,0.144883,0.992024,0.052529,1.003923
41.250000,0.069801,0.007976,1.047465,0.279930,0.000006,-0.003220,-0.151751,0.000018,1.570729,0.212797,1.000000,1.100000,0.000000,0.000000,-1.571000,0.142997,0.992024,0.052535,1.003653
41.252000,0.070356,0.007976,1.047458,0.276421,0.000006,-0.003257,-0.152608,0.000018,1.570728,0.211465,1.000000,1.100000,0.000000,0.000000,-1.571000,0.141109,0.992024,0.052542,1.003386
41.254000,0.070904,0.007976,1.047452,0.272901,0.000007,-0.003295,-0.153433,0.000018,1.570727,0.210123,1.000000,1.100000,0.000000,0.000000,-1.571000,0.139219,0.992024,0.052548,1.003122
41.256000,0.071445,0.007976,1.047445,0.269371,0.000008,-0.003334,-0.154228,0.000018,1.570726,0.208774,1.000000,1.100000,0.000000,0.000000,-1.571000,0.137329,0.992024,0.052555,1.002862
41.258000,0.071979,0.007976,1.047438,0.265832,0.000008,-0.003374,-0.154994,0.000018,1.570725,0.207416,1.000000,1.100000,0.000000,0.000000,-1.571000,0.135437,0.992024,0.052562,1.002605
41.260000,0.072506,0.007976,1.047431,0.262286,0.000009,-0.003416,-0.155731,0.000017,1.570724,0.206050,1.000000,1.100000,0.000000,0.000000,-1.571000,0.133544,0.992024,0.052569,1.002351
41.262000,0.073026,0.007976,1.047425,0.258731,0.000009,-0.003459,-0.156440,0.000017,1.570724,0.204676,1.000000,1.100000,0.000000,0.000000,-1.571000,0.131650,0.992024,0.052575,1.002101
41.264000,0.073538,0.007976,1.047418,0.255169,0.000010,-0.003503,-0.157122,0.000017,1.570724,0.203294,1.000000,1.100000,0.000000,0.000000,-1.571000,0.129756,0.992024,0.052582,1.001854
41.266000,0.074044,0.007977,1.047410,0.251600,0.000010,-0.003549,-0.157778,0.000017,1.570724,0.201904,1.000000,1.100000,0.000000,0.000000,-1.571000,0.127860,0.992023,0.052590,1.001611
41.268000,0.074542,0.007977,1.047403,0.248025,0.000011,-0.003596,-0.158409,0.000017,1.570724,0.200506,1.000000,1.100000,0.000000,0.000000,-1.571000,0.125963,0.992023,0.052597,1.001371
41.270000,0.075033,0.007977,1.047396,0.244445,0.000011,-0.003644,-0.159014,0.000017,1.570724,0.199100,1.000000,1.100000,0.000000,0.000000,-1.571000,0.124066,0.992023,0.052604,1.001134
41.272000,0.075517,0.007977,1.047389,0.240859,0.000012,-0.003694,-0.159596,0.000017,1.570725,0.197686,1.000000,1.100000,0.000000,0.000000,-1.571000,0.122168,0.992023,0.052611,1.000901
41.274000,0.075994,0.007977,1.047381,0.237269,0.000012,-0.003745,-0.160155,0.000017,1.570726,0.196264,1.000000,1.100000,0.000000,0.000000,-1.571000,0.120270,0.992023,0.052619,1.000672
41.276000,0.076464,0.007977,1.047374,0.233674,0.000013,-0.003797,-0.160691,0.000016,1.570727,0.194834,1.000000,1.100000,0.000000,0.000000,-1.571000,0.118371,0.992023,0.052626,1.000446
41.278000,0.076926,0.007977,1.047366,0.230076,0.000013,-0.003850,-0.161206,0.000016,1.570728,0.193397,1.000000,1.100000,0.000000,0.000000,-1.571000,0.116471,0.992023,0.052634,1.000223
41.280000,0.077381,0.007977,1.047358,0.226474,0.000014,-0.003905,-0.161700,0.000016,1.570729,0.191952,1.000000,1.100000,0.000000,0.000000,-1.571000,0.114571,0.992023,0.052642,1.000004
41.282000,0.077829,0.007977,1.047350,0.222869,0.000014,-0.003958,-0.162174,0.000016,1.570730,0.190500,1.000000,1.100000,0.000000,0.000000,-1.571000,0.112671,0.992023,0.052650,0.999788
41.284000,0.078270,0.007977,1.047342,0.219261,0.000015,-0.004005,-0.162628,0.000015,1.570731,0.189040,1.000000,1.100000,0.000000,0.000000,-1.571000,0.110770,0.992023,0.052658,0.999576
41.286000,0.078704,0.007977,1.047334,0.215649,0.000015,-0.004049,-0.163064,0.000015,1.570733,0.187573,1.000000,1.100000,0.000000,0.000000,-1.571000,0.108869,0.992023,0.052666,0.999368
41.288000,0.079130,0.007977,1.047326,0.212035,0.000016,-0.004089,-0.163482,0.000015,1.570735,0.186098,1.000000,1.100000,0.000000,0.000000,-1.571000,0.106968,0.992023,0.052674,0.999163
41.290000,0.079549,0.007977,1.047318,0.208419,0.000016,-0.004126,-0.163883,0.000014,1.570736,0.184616,1.000000,1.100000,0.000000,0.000000,-1.571000,0.105067,0.992023,0.052682,0.998962
41.292000,0.079961,0.007977,1.047309,0.204801,0.000017,-0.004160,-0.164268,0.000014,1.570738,0.183127,1.000000,1.100000,0.000000,0.000000,-1.571000,0.103166,0.992023,0.052691,0.998764
41.294000,0.080366,0.007977,1.047301,0.201182,0.000017,-0.004191,-0.164637,0.000014,1.570740,0.181630,1.000000,1.100000,0.000000,0.000000,-1.571000,0.101264,0.992023,0.052699,0.998570
41.296000,0.080763,0.007977,1.047293,0.197562,0.000018,-0.004221,-0.164990,0.000013,1.570742,0.180126,1.000000,1.100000,0.000000,0.000000,-1.571000,0.099363,0.992023,0.052707,0.998379
41.298000,0.081153,0.007977,1.047284,0.193941,0.000018,-0.004248,-0.165329,0.000013,1.570744,0.178615,1.000000,1.100000,0.000000,0.000000,-1.571000,0.097462,0.992023,0.052716,0.998192
41.300000,0.081536,0.007977,1.047276,0.190320,0.000018,-0.004273,-0.165654,0.000012,1.570746,0.177097,1.000000,1.100000,0.000000,0.000000,-1.571000,0.095561,0.992023,0.052724,0.998009
41.302000,0.081911,0.007977,1.047267,0.186699,0.000019,-0.004297,-0.165966,0.000012,1.570748,0.175572,1.000000,1.100000,0.000000,0.000000,-1.571000,0.093661,0.992023,0.052733,0.997829
41.304000,0.082280,0.007977,1.047258,0.183078,0.000019,-0.004319,-0.166265,0.000011,1.570750,0.174040,1.000000,1.100000,0.000000,0.000000,-1.571000,0.091761,0.992023,0.052742,0.997653
41.306000,0.082641,0.007977,1.047250,0.179458,0.000019,-0.004341,-0.166552,0.000011,1.570753,0.172502,1.000000,1.100000,0.000000,0.000000,-1.571000,0.089861,0.992023,0.052750,0.997480
41.308000,0.082995,0.007977,1.047241,0.175838,0.000020,-0.004361,-0.166828,0.000010,1.570755,0.170956,1.000000,1.100000,0.000000,0.000000,-1.571000,0.087961,0.992023,0.052759,0.997311
41.310000,0.083341,0.007977,1.047232,0.172220,0.000020,-0.004381,-0.167093,0.000009,1.570757,0.169404,1.000000,1.100000,0.000000,0.000000,-1.571000,0.086062,0.992023,0.052768,0.997146
41.312000,0.083681,0.007977,1.047223,0.168603,0.000020,-0.004400,-0.167347,0.000009,1.570759,0.167845,1.000000,1.100000,0.000000,0.000000,-1.571000,0.084164,0.992023,0.052777,0.996985
41.314000,0.084013,0.007977,1.047215,0.164987,0.000021,-0.004418,-0.167591,0.000008,1.570762,0.166279,1.000000,1.100000,0.000000,0.000000,-1.571000,0.082266,0.992023,0.052785,0.996827
41.316000,0.084338,0.007977,1.047206,0.161374,0.000021,-0.004436,-0.167825,0.000007,1.570764,0.164707,1.000000,1.100000,0.000000,0.000000,-1.571000,0.080369,0.992023,0.052794,0.996672
41.318000,0.084655,0.007977,1.047197,0.157762,0.000021,-0.004453,-0.168050,0.000006,1.570766,0.163128,1.000000,1.100000,0.000000,0.000000,-1.571000,0.078473,0.992023,0.052803,0.996521
41.320000,0.084966,0.007977,1.047188,0.154153,0.000021,-0.004470,-0.168267,0.000006,1.570768,0.161543,1.000000,1.100000,0.000000,0.000000,-1.571000,0.076577,0.992023,0.052812,0.996374
41.322000,0.085269,0.007977,1.047179,0.150545,0.000021,-0.004487,-0.168476,0.000005,1.570771,0.159951,1.000000,1.100000,0.000000,0.000000,-1.571000,0.074683,0.992023,0.052821,0.996231
41.324000,0.085565,0.007977,1.047170,0.146941,0.000021,-0.004503,-0.168676,0.000004,1.570773,0.158354,1.000000,1.100000,0.000000,0.000000,-1.571000,0.072789,0.992023,0.052830,0.996091
41.326000,0.085854,0.007978,1.047161,0.143338,0.000022,-0.004520,-0.168870,0.000004,1.570775,0.156750,1.000000,1.100000,0.000000,0.000000,-1.571000,0.070896,0.992022,0.052839,0.995955
41.328000,0.086135,0.007978,1.047152,0.139739,0.000022,-0.004536,-0.169056,0.000003,1.570777,0.155139,1.000000,1.100000,0.000000,0.000000,-1.571000,0.069004,0.992022,0.052848,0.995823
41.330000,0.086409,0.007978,1.047143,0.136143,0.000022,-0.004552,-0.169236,0.000002,1.570780,0.153523,1.000000,1.100000,0.000000,0.000000,-1.571000,0.067113,0.992022,0.052857,0.995694
41.332000,0.086677,0.007978,1.047133,0.132550,0.000022,-0.004568,-0.169409,0.000001,1.570782,0.151900,1.000000,1.100000,0.000000,0.000000,-1.571000,0.065224,0.992022,0.052867,0.995569
41.334000,0.086937,0.007978,1.047124,0.128960,0.000022,-0.004585,-0.169576,0.000001,1.570784,0.150272,1.000000,1.100000,0.000000,0.000000,-1.571000,0.063335,0.992022,0.052876,0.995447
41.336000,0.087189,0.007978,1.047115,0.125373,0.000022,-0.004601,-0.169738,0.000000,1.570786,0.148638,1.000000,1.100000,0.000000,0.000000,-1.571000,0.061448,0.992022,0.052885,0.995330
41.338000,0.087435,0.007978,1.047106,0.121790,0.000022,-0.004617,-0.169893,-0.000001,1.570788,0.146997,1.000000,1.100000,0.000000,0.000000,-1.571000,0.059562,0.992022,0.052894,0.995215
41.340000,0.087673,0.007978,1.047097,0.118210,0.000022,-0.004634,-0.170044,-0.000001,1.570790,0.145351,1.000000,1.100000,0.000000,0.000000,-1.571000,0.057678,0.992022,0.052903,0.995105
41.342000,0.087905,0.007978,1.047087,0.114634,0.000022,-0.004650,-0.170190,-0.000002,1.570792,0.143699,1.000000,1.100000,0.000000,0.000000,-1.571000,0.055795,0.992022,0.052913,0.994998
41.344000,0.088129,0.007978,1.047078,0.111062,0.000022,-0.004667,-0.170331,-0.000002,1.570794,0.142042,1.000000,1.100000,0.000000,0.000000,-1.571000,0.053913,0.992022,0.052922,0.994895
41.346000,0.088346,0.007978,1.047069,0.107494,0.000022,-0.004684,-0.170467,-0.000003,1.570796,0.140379,1.000000,1.100000,0.000000,0.000000,-1.571000,0.052033,0.992022,0.052931,0.994795
41.348000,0.088556,0.007978,1.047059,0.103929,0.000022,-0.004701,-0.170600,-0.000003,1.570797,0.138710,1.000000,1.100000,0.000000,0.000000,-1.571000,0.050155,0.992022,0.052941,0.994699
41.350000,0.088758,0.007978,1.047050,0.100368,0.000021,-0.004718,-0.170728,-0.000004,1.570799,0.137036,1.000000,1.100000,0.000000,0.000000,-1.571000,0.048278,0.992022,0.052950,0.994606
41.352000,0.088954,0.007978,1.047040,0.096812,0.000021,-0.004735,-0.170852,-0.000004,1.570801,0.135357,1.000000,1.100000,0.000000,0.000000,-1.571000,0.046403,0.992022,0.052960,0.994518
41.354000,0.089143,0.007978,1.047031,0.093260,0.000021,-0.004753,-0.170972,-0.000005,1.570803,0.133672,1.000000,1.100000,0.000000,0.000000,-1.571000,0.044529,0.992022,0.052969,0.994432
41.356000,0.089324,0.007978,1.047021,0.089712,0.000021,-0.004770,-0.171089,-0.000005,1.570804,0.131982,1.000000,1.100000,0.000000,0.000000,-1.571000,0.042658,0.992022,0.052979,0.994351
41.358000,0.089498,0.007978,1.047012,0.086168,0.000021,-0.004788,-0.171202,-0.000006,1.570806,0.130286,1.000000,1.100000,0.000000,0.000000,-1.571000,0.040788,0.992022,0.052988,0.994273
41.360000,0.089665,0.007978,1.047002,0.082629,0.000021,-0.004806,-0.171313,-0.000006,1.570807,0.128586,1.000000,1.100000,0.000000,0.000000,-1.571000,0.038921,0.992022,0.052998,0.994199
41.362000,0.089826,0.007978,1.046992,0.079093,0.000020,-0.004821,-0.171419,-0.000006,1.570809,0.126880,1.000000,1.100000,0.000000,0.000000,-1.571000,0.037055,0.992022,0.053008,0.994128
41.364000,0.089979,0.007978,1.046983,0.075561,0.000020,-0.004831,-0.171523,-0.000006,1.570810,0.125170,1.000000,1.100000,0.000000,0.000000,-1.571000,0.035191,0.992022,0.053017,0.994060
41.366000,0.090125,0.007978,1.046973,0.072032,0.000020,-0.004835,-0.171624,-0.000007,1.570812,0.123454,1.000000,1.100000,0.000000,0.000000,-1.571000,0.033330,0.992022,0.053027,0.993997
41.368000,0.090263,0.007978,1.046963,0.068507,0.000020,-0.004834,-0.171722,-0.000007,1.570813,0.121734,1.000000,1.100000,0.000000,0.000000,-1.571000,0.031470,0.992022,0.053037,0.993937
41.370000,0.090395,0.007978,1.046954,0.064986,0.000020,-0.004829,-0.171817,-0.000007,1.570814,0.120009,1.000000,1.100000,0.000000,0.000000,-1.571000,0.029613,0.992022,0.053046,0.993880
41.372000,0.090520,0.007979,1.046944,0.061469,0.000019,-0.004820,-0.171910,-0.000007,1.570815,0.118279,1.000000,1.100000,0.000000,0.000000,-1.571000,0.027759,0.992021,0.053056,0.993827
41.374000,0.090638,0.007979,1.046934,0.057956,0.000019,-0.004808,-0.172000,-0.000007,1.570817,0.116544,1.000000,1.100000,0.000000,0.000000,-1.571000,0.025906,0.992021,0.053066,0.993777
41.376000,0.090749,0.007979,1.046925,0.054447,0.000019,-0.004792,-0.172088,-0.000007,1.570818,0.114805,1.000000,1.100000,0.000000,0.000000,-1.571000,0.024056,0.992021,0.053075,0.993731
41.378000,0.090852,0.007979,1.046915,0.050943,0.000019,-0.004774,-0.172173,-0.000007,1.570819,0.113061,1.000000,1.100000,0.000000,0.000000,-1.571000,0.022209,0.992021,0.053085,0.993689
41.380000,0.090949,0.007979,1.046906,0.047442,0.000018,-0.004753,-0.172256,-0.000007,1.570820,0.111313,1.000000,1.100000,0.000000,0.000000,-1.571000,0.020364,0.992021,0.053094,0.993650
41.382000,0.091039,0.007979,1.046896,0.043946,0.000018,-0.004730,-0.172336,-0.000007,1.570821,0.109561,1.000000,1.100000,0.000000,0.000000,-1.571000,0.018522,0.992021,0.053104,0.993614
41.384000,0.091122,0.007979,1.046887,0.040455,0.000018,-0.004705,-0.172414,-0.000007,1.570822,0.107804,1.000000,1.100000,0.000000,0.000000,-1.571000,0.016682,0.992021,0.053113,0.993582
41.386000,0.091197,0.007979,1.046877,0.036968,0.000018,-0.004678,-0.172490,-0.000007,1.570823,0.106042,1.000000,1.100000,0.000000,0.000000,-1.571000,0.014845,0.992021,0.053123,0.993553
41.388000,0.091266,0.007979,1.046868,0.033486,0.000017,-0.004650,-0.172564,-0.000007,1.570824,0.104277,1.000000,1.100000,0.000000,0.000000,-1.571000,0.013011,0.992021,0.053132,0.993528
41.390000,0.091328,0.007979,1.046859,0.030009,0.000017,-0.004620,-0.172636,-0.000007,1.570824,0.102508,1.000000,1.100000,0.000000,0.000000,-1.571000,0.011180,0.992021,0.053141,0.993506
41.392000,0.091383,0.007979,1.046850,0.026536,0.000017,-0.004589,-0.172706,-0.000007,1.570825,0.100734,1.000000,1.100000,0.000000,0.000000,-1.571000,0.009351,0.992021,0.053150,0.993488
41.394000,0.091431,0.007979,1.046841,0.023069,0.000017,-0.004557,-0.172774,-0.000007,1.570826,0.098957,1.000000,1.100000,0.000000,0.000000,-1.571000,0.007526,0.992021,0.053159,0.993473
41.396000,0.091472,0.007979,1.046831,0.019606,0.000016,-0.004524,-0.172840,-0.000006,1.570827,0.097175,1.000000,1.100000,0.000000,0.000000,-1.571000,0.005703,0.992021,0.053169,0.993461
41.398000,0.091506,0.007979,1.046822,0.016148,0.000016,-0.004490,-0.172903,-0.000006,1.570827,0.095390,1.000000,1.100000,0.000000,0.000000,-1.571000,0.003884,0.992021,0.053178,0.993453
41.400000,0.091533,0.007979,1.046813,0.012695,0.000016,-0.004455,-0.172965,-0.000006,1.570828,0.093601,1.000000,1.100000,0.000000,0.000000,-1.571000,0.002068,0.992021,0.053187,0.993448
41.402000,0.091553,0.007979,1.046805,0.009247,0.000015,-0.004419,-0.173025,-0.000006,1.570828,0.091808,1.000000,1.100000,0.000000,0.000000,-1.571000,0.000255,0.992021,0.053195,0.993446
41.404000,0.091567,0.007979,1.046796,0.005817,0.000015,-0.004392,-0.173084,-0.000005,1.570829,0.090012,1.000000,1.100000,0.000000,0.000000,-1.571000,-0.001555,0.992021,0.053204,0.993448
41.406000,0.091573,0.007979,1.046787,0.002385,0.000015,-0.004363,-0.173140,-0.000005,1.570829,0.088212,1.000000,1.100000,0.000000,0.000000,-1.571000,-0.003361,0.992021,0.053213,0.993453
41.408000,0.091573,0.007979,1.046778,-0.001049,0.000015,-0.004334,-0.173195,-0.000005,1.570830,0.086409,1.000000,1.100000,0.000000,0.000000,-1.571000,-0.005164,0.992021,0.053222,0.993461
41.410000,0.091565,0.007979,1.046770,-0.004483,0.000015,-0.004304,-0.173248,-0.000004,1.570830,0.084602,1.000000,1.100000,0.000000,0.000000,-1.571000,-0.006963,0.992021,0.053230,0.993472
41.412000,0.091551,0.007979,1.046761,-0.007919,0.000014,-0.004274,-0.173299,-0.000004,1.570831,0.082792,1.000000,1.100000,0.000000,0.000000,-1.571000,-0.008759,0.992021,0.053239,0.993487
41.414000,0.091530,0.007979,1.046753,-0.011335,0.000014,-0.004236,-0.173348,-0.000004,1.570831,0.080978,1.000000,1.100000,0.000000,0.000000,-1.571000,-0.010552,0.992021,0.053247,0.993505
41.416000,0.091502,0.007979,1.046744,-0.014747,0.000014,-0.004197,-0.173396,-0.000003,1.570831,0.079162,1.000000,1.100000,0.000000,0.000000,-1.571000,-0.012341,0.992021,0.053256,0.993526
41.418000,0.091468,0.007979,1.046736,-0.018153,0.000014,-0.004158,-0.173442,-0.000003,1.570832,0.077342,1.000000,1.100000,0.000000,0.000000,-1.571000,-0.014126,0.992021,0.053264,0.993550
41.420000,0.091426,0.007979,1.046728,-0.021554,0.000014,-0.004120,-0.173486,-0.000003,1.570832,0.075519,1.000000,1.100000,0.000000,0.000000,-1.571000,-0.015907,0.992021,0.053272,0.993577
41.422000,0.091378,0.007979,1.046720,-0.024950,0.000013,-0.004079,-0.173529,-0.000003,1.570832,0.073694,1.000000,1.100000,0.000000,0.000000,-1.571000,-0.017684,0.992021,0.053280,0.993608
41.424000,0.091323,0.007979,1.046711,-0.028341,0.000013,-0.004036,-0.173570,-0.000003,1.570832,0.071865,1.000000,1.100000,0.000000,0.000000,-1.571000,-0.019458,0.992021,0.053289,0.993641
41.426000,0.091261,0.007979,1.046703,-0.031726,0.000013,-0.003990,-0.173610,-0.000003,1.570832,0.070034,1.000000,1.100000,0.000000,0.000000,-1.571000,-0.021228,0.992021,0.053297,0.993678
41.428000,0.091193,0.007979,1.046695,-0.035107,0.000013,-0.003943,-0.173648,-0.000002,1.570833,0.068199,1.000000,1.100000,0.000000,0.000000,-1.571000,-0.022993,0.992021,0.053305,0.993718
41.430000,0.091117,0.007979,1.046688,-0.038483,0.000013,-0.003893,-0.173685,-0.000002,1.570833,0.066362,1.000000,1.100000,0.000000,0.000000,-1.571000,-0.024755,0.992021,0.053312,0.993760
41.432000,0.091035,0.007979,1.046680,-0.041853,0.000012,-0.003841,-0.173720,-0.000002,1.570833,0.064523,1.000000,1.100000,0.000000,0.000000,-1.571000,-0.026512,0.992021,0.053320,0.993806
41.434000,0.090946,0.007979,1.046672,-0.045219,0.000012,-0.003788,-0.173753,-0.000002,1.570833,0.062681,1.000000,1.100000,0.000000,0.000000,-1.571000,-0.028266,0.992021,0.053328,0.993855
41.436000,0.090851,0.007979,1.046665,-0.048579,0.000012,-0.003733,-0.173786,-0.000002,1.570833,0.060836,1.000000,1.100000,0.000000,0.000000,-1.571000,-0.030015,0.992021,0.053335,0.993907
41.438000,0.090748,0.007980,1.046657,-0.051933,0.000012,-0.003677,-0.173817,-0.000002,1.570833,0.058989,1.000000,1.100000,0.000000,0.000000,-1.571000,-0.031759,0.992020,0.053343,0.993961
41.440000,0.090639,0.007980,1.046650,-0.055282,0.000012,-0.003620,-0.173846,-0.000002,1.570833,0.057140,1.000000,1.100000,0.000000,0.000000,-1.571000,-0.033500,0.992020,0.053350,0.994019
41.442000,0.090524,0.007980,1.046643,-0.058626,0.000011,-0.003562,-0.173875,-0.000002,1.570833,0.055288,1.000000,1.100000,0.000000,0.000000,-1.571000,-0.035235,0.992020,0.053357,0.994079
41.444000,0.090401,0.007980,1.046636,-0.061964,0.000011,-0.003503,-0.173902,-0.000002,1.570833,0.053435,1.000000,1.100000,0.000000,0.000000,-1.571000,-0.036967,0.992020,0.053364,0.994142
41.446000,0.090272,0.007980,1.046629,-0.065297,0.000011,-0.003443,-0.173927,-0.000002,1.570833,0.051579,1.000000,1.100000,0.000000,0.000000,-1.571000,-0.038694,0.992020,0.053371,0.994208
41.448000,0.090137,0.007980,1.046622,-0.068625,0.000011,-0.003383,-0.173952,-0.000002,1.570833,0.049721,1.000000,1.100000,0.000000,0.000000,-1.571000,-0.040416,0.992020,0.053378,0.994277
41.450000,0.089994,0.007980,1.046616,-0.071946,0.000011,-0.003322,-0.173975,-0.000001,1.570833,0.047861,1.000000,1.100000,0.000000,0.000000,-1.571000,-0.042133,0.992020,0.053384,0.994349
41.452000,0.089845,0.007980,1.046609,-0.075263,0.000011,-0.003260,-0.173997,-0.000001,1.570833,0.045999,1.000000,1.100000,0.000000,0.000000,-1.571000,-0.043846,0.992020,0.053391,0.994423
41.454000,0.089690,0.007980,1.046603,-0.078573,0.000010,-0.003198,-0.174018,-0.000001,1.570833,0.044136,1.000000,1.100000,0.000000,0.000000,-1.571000,-0.045554,0.992020,0.053397,0.994500
41.456000,0.089527,0.007980,1.046596,-0.081878,0.000010,-0.003135,-0.174038,-0.000001,1.570833,0.042270,1.000000,1.100000,0.000000,0.000000,-1.571000,-0.047257,0.992020,0.053404,0.994580
41.458000,0.089358,0.007980,1.046590,-0.085178,0.000010,-0.003072,-0.174057,-0.000001,1.570832,0.040403,1.000000,1.100000,0.000000,0.000000,-1.571000,-0.048955,0.992020,0.053410,0.994662
41.460000,0.089183,0.007980,1.046584,-0.088471,0.000010,-0.003009,-0.174074,-0.000000,1.570832,0.038535,1.000000,1.100000,0.000000,0.000000,-1.571000,-0.050648,0.992020,0.053416,0.994748
41.462000,0.089001,0.007980,1.046578,-0.091759,0.000010,-0.002945,-0.174091,0.000000,1.570832,0.036665,1.000000,1.100000,0.000000,0.000000,-1.571000,-0.052336,0.992020,0.053422,0.994835
41.464000,0.088812,0.007980,1.046572,-0.095041,0.000010,-0.002881,-0.174107,0.000000,1.570832,0.034793,1.000000,1.100000,0.000000,0.000000,-1.571000,-0.054019,0.992020,0.053428,0.994925
41.466000,0.088617,0.007980,1.046567,-0.098318,0.000009,-0.002817,-0.174122,0.000001,1.570832,0.032920,1.000000,1.100000,0.000000,0.000000,-1.571000,-0.055697,0.992020,0.053433,0.995018
41.468000,0.088415,0.007980,1.046561,-0.101589,0.000009,-0.002753,-0.174136,0.000001,1.570831,0.031046,1.000000,1.100000,0.000000,0.000000,-1.571000,-0.057369,0.992020,0.053439,0.995114
41.470000,0.088207,0.007980,1.046556,-0.104854,0.000009,-0.002689,-0.174148,0.000001,1.570831,0.029171,1.000000,1.100000,0.000000,0.000000,-1.571000,-0.059036,0.992020,0.053444,0.995211
41.472000,0.087992,0.007980,1.046550,-0.108113,0.000009,-0.002624,-0.174161,0.000002,1.570831,0.027294,1.000000,1.100000,0.000000,0.000000,-1.571000,-0.060698,0.992020,0.053450,0.995312
41.474000,0.087771,0.007980,1.046545,-0.111367,0.000009,-0.002559,-0.174172,0.000002,1.570831,0.025416,1.000000,1.100000,0.000000,0.000000,-1.571000,-0.062355,0.992020,0.053455,0.995414
41.476000,0.087543,0.007980,1.046540,-0.114615,0.000009,-0.002495,-0.174182,0.000002,1.570830,0.023538,1.000000,1.100000,0.000000,0.000000,-1.571000,-0.064005,0.992020,0.053460,0.995519
41.478000,0.087309,0.007980,1.046535,-0.117857,0.000009,-0.002430,-0.174192,0.000003,1.570830,0.021658,1.000000,1.100000,0.000000,0.000000,-1.571000,-0.065651,0.992020,0.053465,0.995627
41.480000,0.087068,0.007980,1.046531,-0.121093,0.000009,-0.002365,-0.174201,0.000003,1.570830,0.019778,1.000000,1.100000,0.000000,0.000000,-1.571000,-0.067290,0.992020,0.053469,0.995736
41.482000,0.086821,0.007980,1.046526,-0.124323,0.000009,-0.002300,-0.174210,0.000003,1.570829,0.017896,1.000000,1.100000,0.000000,0.000000,-1.571000,-0.068924,0.992020,0.053474,0.995848
41.484000,0.086567,0.007980,1.046521,-0.127548,0.000009,-0.002236,-0.174218,0.000004,1.570829,0.016015,1.000000,1.100000,0.000000,0.000000,-1.571000,-0.070552,0.992020,0.053479,0.995963
41.486000,0.086307,0.007980,1.046517,-0.130767,0.000009,-0.002171,-0.174225,0.000004,1.570829,0.014132,1.000000,1.100000,0.000000,0.000000,-1.571000,-0.072175,0.992020,0.053483,0.996079
41.488000,0.086040,0.007980,1.046513,-0.133980,0.000009,-0.002106,-0.174231,0.000004,1.570829,0.012249,1.000000,1.100000,0.000000,0.000000,-1.571000,-0.073791,0.992020,0.053487,0.996198
41.490000,0.085767,0.007980,1.046509,-0.137187,0.000008,-0.002041,-0.174237,0.000004,1.570828,0.010365,1.000000,1.100000,0.000000,0.000000,-1.571000,-0.075402,0.992020,0.053491,0.996318
41.492000,0.085488,0.007980,1.046505,-0.140389,0.000008,-0.001976,-0.174243,0.000004,1.570828,0.008481,1.000000,1.100000,0.000000,0.000000,-1.571000,-0.077006,0.992020,0.053495,0.996441
41.494000,0.085202,0.007980,1.046501,-0.143584,0.000008,-0.001912,-0.174248,0.000004,1.570828,0.006597,1.000000,1.100000,0.000000,0.000000,-1.571000,-0.078605,0.992020,0.053499,0.996566
41.496000,0.084910,0.007980,1.046497,-0.146774,0.000008,-0.001847,-0.174253,0.000004,1.570827,0.004712,1.000000,1.100000,0.000000,0.000000,-1.571000,-0.080197,0.992020,0.053503,0.996693
41.498000,0.084611,0.007980,1.046493,-0.149958,0.000008,-0.001782,-0.174257,0.000004,1.570827,0.002827,1.000000,1.100000,0.000000,0.000000,-1.571000,-0.081784,0.992020,0.053507,0.996822
41.500000,0.084306,0.007980,1.046490,-0.153136,0.000008,-0.001718,-0.174260,0.000004,1.570827,0.000942,1.000000,1.100000,0.000000,0.000000,-1.571000,-0.083363,0.992020,0.053510,0.996953
41.502000,0.083995,0.007980,1.046487,-0.156309,0.000008,-0.001653,-0.174264,0.000004,1.570827,-0.000942,1.000000,1.100000,0.000000,0.000000,-1.571000,-0.084937,0.992020,0.053513,0.997086
41.504000,0.083677,0.007980,1.046483,-0.159475,0.000008,-0.001589,-0.174267,0.000004,1.570826,-0.002827,1.000000,1.100000,0.000000,0.000000,-1.571000,-0.086504,0.992020,0.053517,0.997221
41.506000,0.083353,0.007980,1.046480,-0.162636,0.000008,-0.001525,-0.174269,0.000004,1.570826,-0.004712,1.000000,1.100000,0.000000,0.000000,-1.571000,-0.088065,0.992020,0.053520,0.997358
41.508000,0.083023,0.007980,1.046477,-0.165791,0.000008,-0.001460,-0.174271,0.000003,1.570826,-0.006597,1.000000,1.100000,0.000000,0.000000,-1.571000,-0.089619,0.992020,0.053523,0.997497
41.510000,0.082686,0.007980,1.046475,-0.168940,0.000008,-0.001396,-0.174273,0.000003,1.570826,-0.008481,1.000000,1.100000,0.000000,0.000000,-1.571000,-0.091167,0.992020,0.053525,0.997637
41.512000,0.082343,0.007980,1.046472,-0.172084,0.000008,-0.001332,-0.174275,0.000003,1.570826,-0.010365,1.000000,1.100000,0.000000,0.000000,-1.571000,-0.092708,0.992020,0.053528,0.997779
41.514000,0.081994,0.007980,1.046469,-0.175221,0.000008,-0.001268,-0.174276,0.000003,1.570825,-0.012249,1.000000,1.100000,0.000000,0.000000,-1.571000,-0.094243,0.992020,0.053531,0.997923
41.516000,0.081638,0.007980,1.046467,-0.178353,0.000008,-0.001204,-0.174277,0.000002,1.570825,-0.014132,1.000000,1.100000,0.000000,0.000000,-1.571000,-0.095770,0.992020,0.053533,0.998069
41.518000,0.081276,0.007980,1.046465,-0.181479,0.000008,-0.001140,-0.174278,0.000002,1.570825,-0.016015,1.000000,1.100000,0.000000,0.000000,-1.571000,-0.097291,0.992020,0.053535,0.998216
41.520000,0.080908,0.007980,1.046462,-0.184599,0.000008,-0.001077,-0.174279,0.000002,1.570825,-0.017896,1.000000,1.100000,0.000000,0.000000,-1.571000,-0.098805,0.992020,0.053538,0.998365
41.522000,0.080534,0.007980,1.046460,-0.187714,0.000008,-0.001013,-0.174280,0.000002,1.570825,-0.019778,1.000000,1.100000,0.000000,0.000000,-1.571000,-0.100312,0.992020,0.053540,0.998515
41.524000,0.080154,0.007980,1.046458,-0.190822,0.000008,-0.000950,-0.174280,0.000002,1.570825,-0.021658,1.000000,1.100000,0.000000,0.000000,-1.571000,-0.101812,0.992020,0.053542,0.998667
41.526000,0.079767,0.007980,1.046457,-0.193925,0.000008,-0.000886,-0.174281,0.000002,1.570825,-0.023538,1.000000,1.100000,0.000000,0.000000,-1.571000,-0.103305,0.992020,0.053543,0.998820
41.528000,0.079374,0.007980,1.046455,-0.197022,0.000007,-0.000823,-0.174281,0.000002,1.570825,-0.025416,1.000000,1.100000,0.000000,0.000000,-1.571000,-0.104791,0.992020,0.053545,0.998975
41.530000,0.078975,0.007980,1.046453,-0.200114,0.000007,-0.000760,-0.174281,0.000002,1.570825,-0.027294,1.000000,1.100000,0.000000,0.000000,-1.571000,-0.106269,0.992020,0.053547,0.999131
41.532000,0.078570,0.007980,1.046452,-0.203200,0.000007,-0.000696,-0.174281,0.000002,1.570825,-0.029171,1.000000,1.100000,0.000000,0.000000,-1.571000,-0.107740,0.992020,0.053548,0.999289
41.534000,0.078158,0.007980,1.046451,-0.206280,0.000007,-0.000633,-0.174281,0.000002,1.570825,-0.031046,1.000000,1.100000,0.000000,0.000000,-1.571000,-0.109204,0.992020,0.053549,0.999448
41.536000,0.077741,0.007980,1.046449,-0.209354,0.000007,-0.000571,-0.174281,0.000002,1.570825,-0.032920,1.000000,1.100000,0.000000,0.000000,-1.571000,-0.110661,0.992020,0.053551,0.999608
41.538000,0.077317,0.007980,1.046448,-0.212423,0.000007,-0.000508,-0.174280,0.000002,1.570825,-0.034793,1.000000,1.100000,0.000000,0.000000,-1.571000,-0.112110,0.992020,0.053552,0.999770
41.540000,0.076887,0.007980,1.046447,-0.215486,0.000007,-0.000445,-0.174280,0.000002,1.570824,-0.036665,1.000000,1.100000,0.000000,0.000000,-1.571000,-0.113552,0.992020,0.053553,0.999932
41.542000,0.076451,0.007980,1.046447,-0.218543,0.000007,-0.000382,-0.174280,0.000002,1.570824,-0.038535,1.000000,1.100000,0.000000,0.000000,-1.571000,-0.114986,0.992020,0.053553,1.000096
41.544000,0.076009,0.007980,1.046446,-0.221595,0.000007,-0.000320,-0.174279,0.000002,1.570824,-0.040403,1.000000,1.100000,0.000000,0.000000,-1.571000,-0.116412,0.992020,0.053554,1.000261
41.546000,0.075561,0.007980,1.046445,-0.224640,0.000007,-0.000257,-0.174279,0.000003,1.570824,-0.042270,1.000000,1.100000,0.000000,0.000000,-1.571000,-0.117831,0.992020,0.053555,1.000427
41.548000,0.075107,0.007980,1.046445,-0.227681,0.000007,-0.000195,-0.174278,0.000003,1.570824,-0.044136,1.000000,1.100000,0.000000,0.000000,-1.571000,-0.119242,0.992020,0.053555,1.000595
41.550000,0.074646,0.007980,1.046445,-0.230715,0.000007,-0.000133,-0.174278,0.000003,1.570824,-0.045999,1.000000,1.100000,0.000000,0.000000,-1.571000,-0.120645,0.992020,0.053555,1.000763
41.552000,0.074180,0.007980,1.046445,-0.233744,0.000007,-0.000071,-0.174277,0.000004,1.570824,-0.047861,1.000000,1.100000,0.000000,0.000000,-1.571000,-0.122041,0.992020,0.053555,1.000932
41.554000,0.073707,0.007981,1.046444,-0.236768,0.000007,-0.000009,-0.174276,0.000004,1.570823,-0.049721,1.000000,1.100000,0.000000,0.000000,-1.571000,-0.123428,0.992019,0.053556,1.001102
41.556000,0.073229,0.007981,1.046445,-0.239785,0.000007,0.000053,-0.174276,0.000004,1.570823,-0.051579,1.000000,1.100000,0.000000,0.000000,-1.571000,-0.124807,0.992019,0.053555,1.001273
41.558000,0.072744,0.007981,1.046445,-0.242798,0.000007,0.000115,-0.174275,0.000004,1.570823,-0.053435,1.000000,1.100000,0.000000,0.000000,-1.571000,-0.126179,0.992019,0.053555,1.001445
41.560000,0.072254,0.007981,1.046445,-0.245804,0.000007,0.000176,-0.174274,0.000005,1.570823,-0.055288,1.000000,1.100000,0.000000,0.000000,-1.571000,-0.127542,0.992019,0.053555,1.001618
41.562000,0.071757,0.007981,1.046446,-0.248805,0.000006,0.000236,-0.174273,0.000005,1.570822,-0.057140,1.000000,1.100000,0.000000,0.000000,-1.571000,-0.128897,0.992019,0.053554,1.001791
41.564000,0.071254,0.007981,1.046446,-0.251799,0.000006,0.000292,-0.174272,0.000005,1.570822,-0.058989,1.000000,1.100000,0.000000,0.000000,-1.571000,-0.130244,0.992019,0.053554,1.001965
41.566000,0.070746,0.007981,1.046447,-0.254787,0.000006,0.000345,-0.174272,0.000005,1.570822,-0.060836,1.000000,1.100000,0.000000,0.000000,-1.571000,-0.131582,0.992019,0.053553,1.002140
41.568000,0.070231,0.007981,1.046448,-0.257770,0.000006,0.000395,-0.174271,0.000005,1.570822,-0.062681,1.000000,1.100000,0.000000,0.000000,-1.571000,-0.132912,0.992019,0.053552,1.002315
41.570000,0.069711,0.007981,1.046448,-0.260746,0.000006,0.000443,-0.174270,0.000005,1.570822,-0.064523,1.000000,1.100000,0.000000,0.000000,-1.571000,-0.134234,0.992019,0.053552,1.002491
41.572000,0.069184,0.007981,1.046449,-0.263716,0.000006,0.000488,-0.174269,0.000005,1.570821,-0.066362,1.000000,1.100000,0.000000,0.000000,-1.571000,-0.135547,0.992019,0.053551,1.002668
41.574000,0.068652,0.007981,1.046450,-0.266681,0.000006,0.000531,-0.174268,0.000005,1.570821,-0.068199,1.000000,1.100000,0.000000,0.000000,-1.571000,-0.136851,0.992019,0.053550,1.002845
41.576000,0.068113,0.007981,1.046451,-0.269639,0.000006,0.000571,-0.174267,0.000005,1.570821,-0.070034,1.000000,1.100000,0.000000,0.000000,-1.571000,-0.138147,0.992019,0.053549,1.003023
41.578000,0.067569,0.007981,1.046453,-0.272592,0.000006,0.000611,-0.174266,0.000005,1.570821,-0.071865,1.000000,1.100000,0.000000,0.000000,-1.571000,-0.139434,0.992019,0.053547,1.003201
41.580000,0.067019,0.007981,1.046454,-0.275539,0.000006,0.000648,-0.174265,0.000005,1.570820,-0.073694,1.000000,1.100000,0.000000,0.000000,-1.571000,-0.140713,0.992019,0.053546,1.003379
41.582000,0.066463,0.007981,1.046455,-0.278481,0.000006,0.000684,-0.174264,0.000004,1.570820,-0.075519,1.000000,1.100000,0.000000,0.000000,-1.571000,-0.141982,0.992019,0.053545,1.003558
41.584000,0.065901,0.007981,1.046457,-0.281416,0.000006,0.000719,-0.174264,0.000004,1.570820,-0.077342,1.000000,1.100000,0.000000,0.000000,-1.571000,-0.143243,0.992019,0.053543,1.003737
41.586000,0.065333,0.007981,1.046458,-0.284346,0.000006,0.000752,-0.174263,0.000004,1.570820,-0.079162,1.000000,1.100000,0.000000,0.000000,-1.571000,-0.144495,0.992019,0.053542,1.003916
41.588000,0.064760,0.007981,1.046460,-0.287270,0.000006,0.000784,-0.174262,0.000004,1.570819,-0.080978,1.000000,1.100000,0.000000,0.000000,-1.571000,-0.145738,0.992019,0.053540,1.004096
41.590000,0.064180,0.007981,1.046461,-0.290189,0.000006,0.000816,-0.174261,0.000003,1.570819,-0.082792,1.000000,1.100000,0.000000,0.000000,-1.571000,-0.146972,0.992019,0.053539,1.004276
41.592000,0.063595,0.007981,1.046463,-0.293102,0.000006,0.000846,-0.174261,0.000003,1.570819,-0.084602,1.000000,1.100000,0.000000,0.000000,-1.571000,-0.148197,0.992019,0.053537,1.004455
41.594000,0.063004,0.007981,1.046465,-0.296010,0.000006,0.000876,-0.174260,0.000003,1.570819,-0.086409,1.000000,1.100000,0.000000,0.000000,-1.571000,-0.149412,0.992019,0.053535,1.004635
41.596000,0.062407,0.007981,1.046467,-0.298912,0.000006,0.000904,-0.174260,0.000002,1.570818,-0.088212,1.000000,1.100000,0.000000,0.000000,-1.571000,-0.150619,0.992019,0.053533,1.004815
41.598000,0.061804,0.007981,1.046468,-0.301808,0.000006,0.000932,-0.174259,0.000002,1.570818,-0.090012,1.000000,1.100000,0.000000,0.000000,-1.571000,-0.151816,0.992019,0.053532,1.004995
41.600000,0.061195,0.007981,1.046470,-0.304699,0.000006,0.000960,-0.174259,0.000002,1.570818,-0.091808,1.000000,1.100000,0.000000,0.000000,-1.571000,-0.153004,0.992019,0.053530,1.005175
41.602000,0.060581,0.007981,1.046472,-0.307585,0.000006,0.000987,-0.174259,0.000001,1.570818,-0.093601,1.000000,1.100000,0.000000,0.000000,-1.571000,-0.154182,0.992019,0.053528,1.005355
41.604000,0.059961,0.007981,1.046474,-0.310465,0.000006,0.001013,-0.174259,0.000001,1.570817,-0.095390,1.000000,1.100000,0.000000,0.000000,-1.571000,-0.155351,0.992019,0.053526,1.005535
41.606000,0.059335,0.007981,1.046476,-0.313340,0.000006,0.001039,-0.174259,0.000001,1.570817,-0.097175,1.000000,1.100000,0.000000,0.000000,-1.571000,-0.156510,0.992019,0.053524,1.005715
41.608000,0.058703,0.007981,1.046479,-0.316209,0.000006,0.001064,-0.174259,0.000000,1.570817,-0.098957,1.000000,1.100000,0.000000,0.000000,-1.571000,-0.157660,0.992019,0.053521,1.005894
41.610000,0.058066,0.007981,1.046481,-0.319073,0.000006,0.001089,-0.174259,-0.000000,1.570817,-0.100734,1.000000,1.100000,0.000000,0.000000,-1.571000,-0.158800,0.992019,0.053519,1.006073
41.612000,0.057423,0.007981,1.046483,-0.321932,0.000006,0.001114,-0.174259,-0.000000,1.570816,-0.102508,1.000000,1.100000,0.000000,0.000000,-1.571000,-0.159931,0.992019,0.053517,1.006252
41.614000,0.056774,0.007981,1.046485,-0.324785,0.000006,0.001138,-0.174260,-0.000001,1.570816,-0.104277,1.000000,1.100000,0.000000,0.000000,-1.571000,-0.161051,0.992019,0.053515,1.006431
41.616000,0.056120,0.007981,1.046488,-0.327633,0.000006,0.001162,-0.174260,-0.000001,1.570816,-0.106042,1.000000,1.100000,0.000000,0.000000,-1.571000,-0.162162,0.992019,0.053512,1.006609
41.618000,0.055459,0.007981,1.046490,-0.330476,0.000005,0.001185,-0.174261,-0.000001,1.570816,-0.107804,1.000000,1.100000,0.000000,0.000000,-1.571000,-0.163263,0.992019,0.053510,1.006787
41.620000,0.054794,0.007981,1.046492,-0.333313,0.000005,0.001209,-0.174262,-0.000002,1.570816,-0.109561,1.000000,1.100000,0.000000,0.000000,-1.571000,-0.164354,0.992019,0.053508,1.006964
41.622000,0.054122,0.007981,1.046495,-0.336144,0.000005,0.001228,-0.174262,-0.000002,1.570815,-0.111313,1.000000,1.100000,0.000000,0.000000,-1.571000,-0.165435,0.992019,0.053505,1.007141
41.624000,0.053445,0.007981,1.046497,-0.338969,0.000005,0.001238,-0.174258,-0.000002,1.570815,-0.113061,1.000000,1.100000,0.000000,0.000000,-1.571000,-0.166506,0.992019,0.053503,1.007318
41.626000,0.052762,0.007981,1.046500,-0.341787,0.000005,0.001241,-0.174250,-0.000002,1.570815,-0.114805,1.000000,1.100000,0.000000,0.000000,-1.571000,-0.167567,0.992019,0.053500,1.007493
41.628000,0.052074,0.007981,1.046502,-0.344598,0.000005,0.001237,-0.174234,-0.000003,1.570815,-0.116544,1.000000,1.100000,0.000000,0.000000,-1.571000,-0.168618,0.992019,0.053498,1.007668
41.630000,0.051379,0.007981,1.046505,-0.347403,0.000005,0.001227,-0.174208,-0.000003,1.570814,-0.118279,1.000000,1.100000,0.000000,0.000000,-1.571000,-0.169658,0.992019,0.053495,1.007843
41.632000,0.050680,0.007981,1.046507,-0.350200,0.000005,0.001211,-0.174171,-0.000003,1.570814,-0.120009,1.000000,1.100000,0.000000,0.000000,-1.571000,-0.170688,0.992019,0.053493,1.008017
41.634000,0.049974,0.007981,1.046509,-0.352991,0.000005,0.001191,-0.174122,-0.000003,1.570813,-0.121734,1.000000,1.100000,0.000000,0.000000,-1.571000,-0.171708,0.992019,0.053491,1.008190
41.636000,0.049264,0.007981,1.046512,-0.355775,0.000004,0.001166,-0.174059,-0.000003,1.570813,-0.123454,1.000000,1.100000,0.000000,0.000000,-1.571000,-0.172718,0.992019,0.053488,1.008362
41.638000,0.048547,0.007981,1.046514,-0.358552,0.000004,0.001137,-0.173981,-0.000004,1.570812,-0.125170,1.000000,1.100000,0.000000,0.000000,-1.571000,-0.173717,0.992019,0.053486,1.008534
41.640000,0.047825,0.007981,1.046516,-0.361322,0.000004,0.001105,-0.173887,-0.000004,1.570811,-0.126880,1.000000,1.100000,0.000000,0.000000,-1.571000,-0.174706,0.992019,0.053484,1.008704
41.642000,0.047098,0.007981,1.046518,-0.364083,0.000004,0.001069,-0.173776,-0.000004,1.570811,-0.128586,1.000000,1.100000,0.000000,0.000000,-1.571000,-0.175684,0.992019,0.053482,1.008874
41.644000,0.046365,0.007981,1.046521,-0.366837,0.000004,0.001031,-0.173648,-0.000004,1.570810,-0.130286,1.000000,1.100000,0.000000,0.000000,-1.571000,-0.176651,0.992019,0.053479,1.009043
41.646000,0.045626,0.007981,1.046523,-0.369583,0.000004,0.000991,-0.173501,-0.000005,1.570809,-0.131982,1.000000,1.100000,0.000000,0.000000,-1.571000,-0.177608,0.992019,0.053477,1.009211
41.648000,0.044882,0.007981,1.046524,-0.372320,0.000004,0.000948,-0.173337,-0.000005,1.570808,-0.133672,1.000000,1.100000,0.000000,0.000000,-1.571000,-0.178554,0.992019,0.053476,1.009377
41.650000,0.044133,0.007981,1.046526,-0.375048,0.000003,0.000904,-0.173154,-0.000005,1.570807,-0.135357,1.000000,1.100000,0.000000,0.000000,-1.571000,-0.179489,0.992019,0.053474,1.009543
41.652000,0.043378,0.007981,1.046528,-0.377767,0.000003,0.000859,-0.172952,-0.000005,1.570806,-0.137036,1.000000,1.100000,0.000000,0.000000,-1.571000,-0.180414,0.992019,0.053472,1.009708
41.654000,0.042617,0.007981,1.046530,-0.380477,0.000003,0.000812,-0.172731,-0.000005,1.570805,-0.138710,1.000000,1.100000,0.000000,0.000000,-1.571000,-0.181328,0.992019,0.053470,1.009871
41.656000,0.041852,0.007981,1.046531,-0.383177,0.000003,0.000764,-0.172492,-0.000005,1.570804,-0.140379,1.000000,1.100000,0.000000,0.000000,-1.571000,-0.182230,0.992019,0.053469,1.010034
41.658000,0.041080,0.007981,1.046533,-0.385867,0.000003,0.000716,-0.172234,-0.000005,1.570803,-0.142042,1.000000,1.100000,0.000000,0.000000,-1.571000,-0.183122,0.992019,0.053467,1.010195
41.660000,0.040304,0.007981,1.046534,-0.388547,0.000003,0.000668,-0.171957,-0.000006,1.570802,-0.143699,1.000000,1.100000,0.000000,0.000000,-1.571000,-0.184003,0.992019,0.053466,1.010355
41.662000,0.039522,0.007981,1.046535,-0.391216,0.000003,0.000619,-0.171663,-0.000006,1.570801,-0.145351,1.000000,1.100000,0.000000,0.000000,-1.571000,-0.184873,0.992019,0.053465,1.010514
41.664000,0.038735,0.007981,1.046537,-0.393874,0.000003,0.000570,-0.171352,-0.000006,1.570800,-0.146997,1.000000,1.100000,0.000000,0.000000,-1.571000,-0.185732,0.992019,0.053463,1.010671
41.666000,0.037942,0.007981,1.046538,-0.396521,0.000002,0.000521,-0.171023,-0.000006,1.570799,-0.148638,1.000000,1.100000,0.000000,0.000000,-1.571000,-0.186580,0.992019,0.053462,1.010827
41.668000,0.037144,0.007981,1.046539,-0.399156,0.000002,0.000472,-0.170679,-0.000006,1.570798,-0.150272,1.000000,1.100000,0.000000,0.000000,-1.571000,-0.187416,0.992019,0.053461,1.010982
41.670000,0.036341,0.007981,1.046539,-0.401779,0.000002,0.000424,-0.170318,-0.000006,1.570797,-0.151900,1.000000,1.100000,0.000000,0.000000,-1.571000,-0.188242,0.992019,0.053461,1.011135
41.672000,0.035533,0.007981,1.046540,-0.404390,0.000002,0.000376,-0.169943,-0.000006,1.570796,-0.153523,1.000000,1.100000,0.000000,0.000000,-1.571000,-0.189056,0.992019,0.053460,1.011287
41.674000,0.034720,0.007981,1.046541,-0.406989,0.000002,0.000329,-0.169553,-0.000006,1.570795,-0.155139,1.000000,1.100000,0.000000,0.000000,-1.571000,-0.189859,0.992019,0.053459,1.011437
41.676000,0.033901,0.007981,1.046541,-0.409575,0.000002,0.000283,-0.169150,-0.000005,1.570794,-0.156750,1.000000,1.100000,0.000000,0.000000,-1.571000,-0.190650,0.992019,0.053459,1.011586
41.678000,0.033077,0.007981,1.046542,-0.412149,0.000002,0.000238,-0.168735,-0.000005,1.570793,-0.158354,1.000000,1.100000,0.000000,0.000000,-1.571000,-0.191431,0.992019,0.053458,1.011734
41.680000,0.032248,0.007981,1.046542,-0.414709,0.000002,0.000193,-0.168307,-0.000005,1.570793,-0.159951,1.000000,1.100000,0.000000,0.000000,-1.571000,-0.192200,0.992019,0.053458,1.011879
41.682000,0.031414,0.007981,1.046543,-0.417255,0.000002,0.000146,-0.167868,-0.000005,1.570792,-0.161543,1.000000,1.100000,0.000000,0.000000,-1.571000,-0.192957,0.992019,0.053457,1.012023
41.684000,0.030575,0.007981,1.046543,-0.419787,0.000001,0.000092,-0.167415,-0.000005,1.570791,-0.163128,1.000000,1.100000,0.000000,0.000000,-1.571000,-0.193703,0.992019,0.053457,1.012166
41.686000,0.029731,0.007981,1.046543,-0.422304,0.000001,0.000034,-0.166945,-0.000005,1.570791,-0.164707,1.000000,1.100000,0.000000,0.000000,-1.571000,-0.194438,0.992019,0.053457,1.012307
41.688000,0.028881,0.007981,1.046543,-0.424807,0.000001,-0.000029,-0.166456,-0.000004,1.570790,-0.166279,1.000000,1.100000,0.000000,0.000000,-1.571000,-0.195161,0.992019,0.053457,1.012446
41.690000,0.028027,0.007981,1.046543,-0.427293,0.000001,-0.000096,-0.165947,-0.000004,1.570789,-0.167845,1.000000,1.100000,0.000000,0.000000,-1.571000,-0.195872,0.992019,0.053457,1.012583
41.692000,0.027168,0.007981,1.046543,-0.429765,0.000001,-0.000167,-0.165417,-0.000004,1.570789,-0.169404,1.000000,1.100000,0.000000,0.000000,-1.571000,-0.196572,0.992019,0.053457,1.012719
41.694000,0.026304,0.007981,1.046542,-0.432220,0.000001,-0.000240,-0.164865,-0.000004,1.570788,-0.170956,1.000000,1.100000,0.000000,0.000000,-1.571000,-0.197260,0.992019,0.053458,1.012853
41.696000,0.025435,0.007981,1.046541,-0.434660,0.000001,-0.000315,-0.164289,-0.000004,1.570788,-0.172502,1.000000,1.100000,0.000000,0.000000,-1.571000,-0.197937,0.992019,0.053459,1.012985
41.698000,0.024561,0.007981,1.046541,-0.437083,0.000001,-0.000392,-0.163689,-0.000004,1.570787,-0.174040,1.000000,1.100000,0.000000,0.000000,-1.571000,-0.198602,0.992019,0.053459,1.013115
41.700000,0.023683,0.007981,1.046540,-0.439489,0.000001,-0.000471,-0.163066,-0.000004,1.570787,-0.175572,1.000000,1.100000,0.000000,0.000000,-1.571000,-0.199255,0.992019,0.053460,1.013243
41.702000,0.022799,0.007981,1.046539,-0.441878,0.000001,-0.000550,-0.162417,-0.000004,1.570786,-0.177097,1.000000,1.100000,0.000000,0.000000,-1.571000,-0.199896,0.992019,0.053461,1.013370
41.704000,0.021911,0.007981,1.046538,-0.444249,0.000001,-0.000630,-0.161745,-0.000004,1.570785,-0.178615,1.000000,1.100000,0.000000,0.000000,-1.571000,-0.200526,0.992019,0.053462,1.013494
41.706000,0.021018,0.007981,1.046536,-0.446602,0.000001,-0.000710,-0.161049,-0.000004,1.570785,-0.180126,1.000000,1.100000,0.000000,0.000000,-1.571000,-0.201144,0.992019,0.053464,1.013617
41.708000,0.020120,0.007981,1.046535,-0.448937,0.000001,-0.000791,-0.160329,-0.000004,1.570784,-0.181630,1.000000,1.100000,0.000000,0.000000,-1.571000,-0.201750,0.992019,0.053465,1.013737
41.710000,0.019218,0.007981,1.046533,-0.451253,0.000001,-0.000871,-0.159586,-0.000004,1.570784,-0.183127,1.000000,1.100000,0.000000,0.000000,-1.571000,-0.202345,0.992019,0.053467,1.013856
41.712000,0.018311,0.007981,1.046531,-0.453549,0.000001,-0.000950,-0.158821,-0.000004,1.570783,-0.184616,1.000000,1.100000,0.000000,0.000000,-1.571000,-0.202927,0.992019,0.053469,1.013972
41.714000,0.017400,0.007981,1.046529,-0.455827,0.000001,-0.001029,-0.158034,-0.000005,1.570783,-0.186098,1.000000,1.100000,0.000000,0.000000,-1.571000,-0.203498,0.992019,0.053471,1.014087
41.716000,0.016484,0.007981,1.046527,-0.458084,0.000001,-0.001106,-0.157226,-0.000005,1.570782,-0.187573,1.000000,1.100000,0.000000,0.000000,-1.571000,-0.204057,0.992019,0.053473,1.014199
41.718000,0.015563,0.007981,1.046525,-0.460321,0.000001,-0.001183,-0.156399,-0.000005,1.570782,-0.189040,1.000000,1.100000,0.000000,0.000000,-1.571000,-0.204604,0.992019,0.053475,1.014309
41.720000,0.014639,0.007981,1.046522,-0.462537,0.000000,-0.001257,-0.155554,-0.000005,1.570782,-0.190500,1.000000,1.100000,0.000000,0.000000,-1.571000,-0.205139,0.992019,0.053478,1.014418
41.722000,0.013709,0.007981,1.046519,-0.464733,0.000000,-0.001331,-0.154692,-0.000005,1.570781,-0.191952,1.000000,1.100000,0.000000,0.000000,-1.571000,-0.205662,0.992019,0.053481,1.014524
41.724000,0.012776,0.007981,1.046517,-0.466907,0.000000,-0.001403,-0.153813,-0.000006,1.570781,-0.193397,1.000000,1.100000,0.000000,0.000000,-1.571000,-0.206173,0.992019,0.053483,1.014628
41.726000,0.011838,0.007981,1.046514,-0.469060,0.000000,-0.001472,-0.152920,-0.000006,1.570781,-0.194834,1.000000,1.100000,0.000000,0.000000,-1.571000,-0.206672,0.992019,0.053486,1.014729
41.728000,0.010895,0.007981,1.046511,-0.471192,0.000000,-0.001540,-0.152013,-0.000006,1.570781,-0.196264,1.000000,1.100000,0.000000,0.000000,-1.571000,-0.207159,0.992019,0.053489,1.014829
41.730000,0.009949,0.007981,1.046508,-0.473301,0.000000,-0.001606,-0.151095,-0.000006,1.570781,-0.197686,1.000000,1.100000,0.000000,0.000000,-1.571000,-0.207634,0.992019,0.053492,1.014926
41.732000,0.008998,0.007981,1.046504,-0.475389,0.000000,-0.001670,-0.150167,-0.000007,1.570781,-0.199100,1.000000,1.100000,0.000000,0.000000,-1.571000,-0.208098,0.992019,0.053496,1.015021
41.734000,0.008043,0.007981,1.046501,-0.477455,-0.000000,-0.001731,-0.149229,-0.000007,1.570781,-0.200506,1.000000,1.100000,0.000000,0.000000,-1.571000,-0.208549,0.992019,0.053499,1.015114
41.736000,0.007084,0.007981,1.046497,-0.479498,-0.000000,-0.001791,-0.148285,-0.000007,1.570781,-0.201904,1.000000,1.100000,0.000000,0.000000,-1.571000,-0.208988,0.992019,0.053503,1.015204
41.738000,0.006121,0.007981,1.046494,-0.481519,-0.000000,-0.001848,-0.147334,-0.000007,1.570781,-0.203294,1.000000,1.100000,0.000000,0.000000,-1.571000,-0.209415,0.992019,0.053506,1.015293
41.740000,0.005154,0.007981,1.046490,-0.483517,-0.000000,-0.001902,-0.146379,-0.000007,1.570781,-0.204676,1.000000,1.100000,0.000000,0.000000,-1.571000,-0.209830,0.992019,0.053510,1.015379
41.742000,0.004183,0.007981,1.046486,-0.485493,-0.000000,-0.001954,-0.145422,-0.000007,1.570782,-0.206050,1.000000,1.100000,0.000000,0.000000,-1.571000,-0.210234,0.992019,0.053514,1.015462
41.744000,0.003209,0.007981,1.046482,-0.487447,-0.000000,-0.002004,-0.144463,-0.000007,1.570783,-0.207416,1.000000,1.100000,0.000000,0.000000,-1.571000,-0.210625,0.992019,0.053518,1.015543
41.746000,0.002230,0.007981,1.046478,-0.489378,-0.000001,-0.002051,-0.143504,-0.000008,1.570783,-0.208774,1.000000,1.100000,0.000000,0.000000,-1.571000,-0.211004,0.992019,0.053522,1.015622
41.748000,0.001247,0.007981,1.046474,-0.491287,-0.000001,-0.002096,-0.142547,-0.000008,1.570784,-0.210123,1.000000,1.100000,0.000000,0.000000,-1.571000,-0.211371,0.992019,0.053526,1.015699
41.750000,0.000261,0.007981,1.046469,-0.493174,-0.000001,-0.002138,-0.141593,-0.000008,1.570785,-0.211465,1.000000,1.100000,0.000000,0.000000,-1.571000,-0.211725,0.992019,0.053531,1.015773
41.752000,-0.000729,0.007981,1.046465,-0.495039,-0.000001,-0.002178,-0.140643,-0.000008,1.570786,-0.212797,1.000000,1.100000,0.000000,0.000000,-1.571000,-0.212068,0.992019,0.053535,1.015845
41.754000,-0.001723,0.007981,1.046461,-0.496881,-0.000001,-0.002215,-0.139700,-0.000008,1.570787,-0.214122,1.000000,1.100000,0.000000,0.000000,-1.571000,-0.212399,0.992019,0.053539,1.015914
41.756000,-0.002721,0.007981,1.046456,-0.498702,-0.000001,-0.002250,-0.138764,-0.000008,1.570788,-0.215438,1.000000,1.100000,0.000000,0.000000,-1.571000,-0.212717,0.992019,0.053544,1.015981
41.758000,-0.003722,0.007981,1.046452,-0.500501,-0.000001,-0.002283,-0.137837,-0.000008,1.570790,-0.216745,1.000000,1.100000,0.000000,0.000000,-1.571000,-0.213024,0.992019,0.053548,1.016045
41.760000,-0.004726,0.007981,1.046447,-0.502279,-0.000001,-0.002313,-0.136919,-0.000007,1.570791,-0.218044,1.000000,1.100000,0.000000,0.000000,-1.571000,-0.213318,0.992019,0.053553,1.016107
41.762000,-0.005735,0.007981,1.046442,-0.504035,-0.000002,-0.002345,-0.136011,-0.000007,1.570793,-0.219335,1.000000,1.100000,0.000000,0.000000,-1.571000,-0.213600,0.992019,0.053558,1.016167
41.764000,-0.006746,0.007981,1.046438,-0.505768,-0.000002,-0.002383,-0.135111,-0.000007,1.570794,-0.220616,1.000000,1.100000,0.000000,0.000000,-1.571000,-0.213870,0.992019,0.053562,1.016224
41.766000,-0.007761,0.007981,1.046433,-0.507480,-0.000002,-0.002426,-0.134215,-0.000007,1.570796,-0.221889,1.000000,1.100000,0.000000,0.000000,-1.571000,-0.214128,0.992019,0.053567,1.016278
41.768000,-0.008780,0.007981,1.046428,-0.509171,-0.000002,-0.002474,-0.133322,-0.000007,1.570798,-0.223154,1.000000,1.100000,0.000000,0.000000,-1.571000,-0.214374,0.992019,0.053572,1.016330
41.770000,-0.009802,0.007981,1.046423,-0.510840,-0.000002,-0.002525,-0.132429,-0.000007,1.570799,-0.224409,1.000000,1.100000,0.000000,0.000000,-1.571000,-0.214607,0.992019,0.053577,1.016380
41.772000,-0.010827,0.007981,1.046418,-0.512488,-0.000002,-0.002580,-0.131536,-0.000007,1.570801,-0.225655,1.000000,1.100000,0.000000,0.000000,-1.571000,-0.214828,0.992019,0.053582,1.016427
41.774000,-0.011856,0.007981,1.046412,-0.514114,-0.000002,-0.002637,-0.130639,-0.000007,1.570803,-0.226893,1.000000,1.100000,0.000000,0.000000,-1.571000,-0.215038,0.992019,0.053588,1.016471
41.776000,-0.012887,0.007981,1.046407,-0.515720,-0.000003,-0.002697,-0.129739,-0.000006,1.570804,-0.228122,1.000000,1.100000,0.000000,0.000000,-1.571000,-0.215235,0.992019,0.053593,1.016513
41.778000,-0.013922,0.007981,1.046401,-0.517304,-0.000003,-0.002758,-0.128834,-0.000006,1.570806,-0.229341,1.000000,1.100000,0.000000,0.000000,-1.571000,-0.215419,0.992019,0.053599,1.016553
41.780000,-0.014960,0.007981,1.046396,-0.518867,-0.000003,-0.002821,-0.127924,-0.000006,1.570808,-0.230552,1.000000,1.100000,0.000000,0.000000,-1.571000,-0.215592,0.992019,0.053604,1.016590
41.782000,-0.016001,0.007981,1.046390,-0.520409,-0.000003,-0.002885,-0.127008,-0.000006,1.570809,-0.231754,1.000000,1.100000,0.000000,0.000000,-1.571000,-0.215752,0.992019,0.053610,1.016624
41.784000,-0.017045,0.007981,1.046384,-0.521930,-0.000003,-0.002949,-0.126085,-0.000006,1.570810,-0.232946,1.000000,1.100000,0.000000,0.000000,-1.571000,-0.215901,0.992019,0.053616,1.016656
41.786000,-0.018092,0.007981,1.046378,-0.523430,-0.000003,-0.003014,-0.125155,-0.000006,1.570812,-0.234129,1.000000,1.100000,0.000000,0.000000,-1.571000,-0.216037,0.992019,0.053622,1.016685
41.788000,-0.019143,0.007981,1.046372,-0.524908,-0.000003,-0.003080,-0.124218,-0.000006,1.570813,-0.235303,1.000000,1.100000,0.000000,0.000000,-1.571000,-0.216160,0.992019,0.053628,1.016712
41.790000,-0.020196,0.007981,1.046366,-0.526365,-0.000004,-0.003145,-0.123274,-0.000006,1.570814,-0.236468,1.000000,1.100000,0.000000,0.000000,-1.571000,-0.216272,0.992019,0.053634,1.016736
41.792000,-0.021252,0.007981,1.046359,-0.527801,-0.000004,-0.003210,-0.122323,-0.000006,1.570815,-0.237623,1.000000,1.100000,0.000000,0.000000,-1.571000,-0.216371,0.992019,0.053641,1.016757
41.794000,-0.022310,0.007981,1.046353,-0.529215,-0.000004,-0.003274,-0.121366,-0.000006,1.570816,-0.238769,1.000000,1.100000,0.000000,0.000000,-1.571000,-0.216459,0.992019,0.053647,1.016776
41.796000,-0.023372,0.007981,1.046346,-0.530608,-0.000004,-0.003338,-0.120402,-0.000006,1.570817,-0.239905,1.000000,1.100000,0.000000,0.000000,-1.571000,-0.216533,0.992019,0.053654,1.016793
41.798000,-0.024436,0.007981,1.046340,-0.531979,-0.000004,-0.003401,-0.119432,-0.000006,1.570818,-0.241032,1.000000,1.100000,0.000000,0.000000,-1.571000,-0.216596,0.992019,0.053660,1.016806
41.800000,-0.025503,0.007981,1.046333,-0.533329,-0.000004,-0.003462,-0.118457,-0.000006,1.570819,-0.242150,1.000000,1.100000,0.000000,0.000000,-1.571000,-0.216647,0.992019,0.053667,1.016817
41.802000,-0.026573,0.007981,1.046326,-0.534656,-0.000004,-0.003523,-0.117477,-0.000006,1.570819,-0.243258,1.000000,1.100000,0.000000,0.000000,-1.571000,-0.216685,0.992019,0.053674,1.016826
41.804000,-0.027645,0.007981,1.046318,-0.535962,-0.000005,-0.003583,-0.116493,-0.000006,1.570820,-0.244356,1.000000,1.100000,0.000000,0.000000,-1.571000,-0.216711,0.992019,0.053682,1.016832
41.806000,-0.028720,0.007981,1.046311,-0.537247,-0.000005,-0.003641,-0.115505,-0.000006,1.570820,-0.245445,1.000000,1.100000,0.000000,0.000000,-1.571000,-0.216725,0.992019,0.053689,1.016835
41.808000,-0.029798,0.007981,1.046304,-0.538509,-0.000005,-0.003698,-0.114515,-0.000006,1.570821,-0.246524,1.000000,1.100000,0.000000,0.000000,-1.571000,-0.216726,0.992019,0.053696,1.016836
41.810000,-0.030878,0.007981,1.046296,-0.539750,-0.000005,-0.003754,-0.113522,-0.000006,1.570821,-0.247593,1.000000,1.100000,0.000000,0.000000,-1.571000,-0.216715,0.992019,0.053704,1.016834
41.812000,-0.031960,0.007981,1.046289,-0.540969,-0.000005,-0.003808,-0.112529,-0.000006,1.570821,-0.248653,1.000000,1.100000,0.000000,0.000000,-1.571000,-0.216693,0.992019,0.053711,1.016830
41.814000,-0.033045,0.007981,1.046281,-0.542166,-0.000005,-0.003861,-0.111535,-0.000006,1.570822,-0.249702,1.000000,1.100000,0.000000,0.000000,-1.571000,-0.216657,0.992019,0.053719,1.016822
41.816000,-0.034132,0.007981,1.046273,-0.543341,-0.000006,-0.003911,-0.110542,-0.000006,1.570822,-0.250742,1.000000,1.100000,0.000000,0.000000,-1.571000,-0.216610,0.992019,0.053727,1.016813
41.818000,-0.035222,0.007981,1.046265,-0.544495,-0.000006,-0.003961,-0.109551,-0.000006,1.570822,-0.251772,1.000000,1.100000,0.000000,0.000000,-1.571000,-0.216550,0.992019,0.053735,1.016801
41.820000,-0.036313,0.007981,1.046257,-0.545628,-0.000006,-0.004008,-0.108562,-0.000006,1.570822,-0.252792,1.000000,1.100000,0.000000,0.000000,-1.571000,-0.216479,0.992019,0.053743,1.016786
41.822000,-0.037407,0.007981,1.046249,-0.546738,-0.000006,-0.004057,-0.107575,-0.000006,1.570823,-0.253802,1.000000,1.100000,0.000000,0.000000,-1.571000,-0.216395,0.992019,0.053751,1.016768
41.824000,-0.038504,0.007981,1.046241,-0.547827,-0.000006,-0.004111,-0.106588,-0.000007,1.570823,-0.254802,1.000000,1.100000,0.000000,0.000000,-1.571000,-0.216298,0.992019,0.053759,1.016748
41.826000,-0.039602,0.007981,1.046233,-0.548893,-0.000006,-0.004168,-0.105598,-0.000007,1.570823,-0.255792,1.000000,1.100000,0.000000,0.000000,-1.571000,-0.216190,0.992019,0.053767,1.016726
41.828000,-0.040702,0.007981,1.046224,-0.549938,-0.000007,-0.004229,-0.104602,-0.000007,1.570823,-0.256772,1.000000,1.100000,0.000000,0.000000,-1.571000,-0.216069,0.992019,0.053776,1.016700
41.830000,-0.041805,0.007981,1.046216,-0.550961,-0.000007,-0.004292,-0.103598,-0.000007,1.570823,-0.257742,1.000000,1.100000,0.000000,0.000000,-1.571000,-0.215937,0.992019,0.053784,1.016673
41.832000,-0.042910,0.007981,1.046207,-0.551962,-0.000007,-0.004357,-0.102585,-0.000007,1.570822,-0.258701,1.000000,1.100000,0.000000,0.000000,-1.571000,-0.215792,0.992019,0.053793,1.016642
41.834000,-0.044016,0.007981,1.046198,-0.552941,-0.000007,-0.004424,-0.101562,-0.000007,1.570822,-0.259650,1.000000,1.100000,0.000000,0.000000,-1.571000,-0.215634,0.992019,0.053802,1.016609
41.836000,-0.045124,0.007981,1.046189,-0.553897,-0.000007,-0.004493,-0.100526,-0.000007,1.570822,-0.260589,1.000000,1.100000,0.000000,0.000000,-1.571000,-0.215465,0.992019,0.053811,1.016574
41.838000,-0.046235,0.007981,1.046180,-0.554831,-0.000007,-0.004563,-0.099478,-0.000008,1.570821,-0.261518,1.000000,1.100000,0.000000,0.000000,-1.571000,-0.215283,0.992019,0.053820,1.016536
41.840000,-0.047347,0.007981,1.046171,-0.555743,-0.000008,-0.004634,-0.098417,-0.000008,1.570821,-0.262437,1.000000,1.100000,0.000000,0.000000,-1.571000,-0.215090,0.992019,0.053829,1.016496
41.842000,-0.048461,0.007981,1.046161,-0.556632,-0.000008,-0.004705,-0.097342,-0.000008,1.570820,-0.263345,1.000000,1.100000,0.000000,0.000000,-1.571000,-0.214884,0.992019,0.053839,1.016453
41.844000,-0.049577,0.007981,1.046152,-0.557498,-0.000008,-0.004777,-0.096253,-0.000008,1.570820,-0.264242,1.000000,1.100000,0.000000,0.000000,-1.571000,-0.214666,0.992019,0.053848,1.016407
41.846000,-0.050694,0.007981,1.046142,-0.558341,-0.000008,-0.004848,-0.095150,-0.000008,1.570819,-0.265130,1.000000,1.100000,0.000000,0.000000,-1.571000,-0.214436,0.992019,0.053858,1.016359
41.848000,-0.051813,0.007981,1.046132,-0.559161,-0.000008,-0.004920,-0.094033,-0.000009,1.570819,-0.266006,1.000000,1.100000,0.000000,0.000000,-1.571000,-0.214194,0.992019,0.053868,1.016308
41.850000,-0.052934,0.007981,1.046123,-0.559957,-0.000009,-0.004991,-0.092904,-0.000009,1.570818,-0.266873,1.000000,1.100000,0.000000,0.000000,-1.571000,-0.213939,0.992019,0.053877,1.016255
41.852000,-0.054056,0.007981,1.046112,-0.560729,-0.000009,-0.005061,-0.091761,-0.000009,1.570817,-0.267729,1.000000,1.100000,0.000000,0.000000,-1.571000,-0.213673,0.992019,0.053888,1.016200
41.854000,-0.055179,0.007981,1.046102,-0.561478,-0.000009,-0.005131,-0.090606,-0.000009,1.570816,-0.268574,1.000000,1.100000,0.000000,0.000000,-1.571000,-0.213394,0.992019,0.053898,1.016142
41.856000,-0.056305,0.007981,1.046092,-0.562202,-0.000009,-0.005200,-0.089439,-0.000010,1.570816,-0.269408,1.000000,1.100000,0.000000,0.000000,-1.571000,-0.213104,0.992019,0.053908,1.016081
41.858000,-0.057431,0.007981,1.046081,-0.562902,-0.000009,-0.005269,-0.088262,-0.000010,1.570815,-0.270232,1.000000,1.100000,0.000000,0.000000,-1.571000,-0.212801,0.992019,0.053919,1.016019
41.860000,-0.058559,0.007981,1.046071,-0.563578,-0.000010,-0.005336,-0.087075,-0.000010,1.570814,-0.271045,1.000000,1.100000,0.000000,0.000000,-1.571000,-0.212486,0.992019,0.053929,1.015953
41.862000,-0.059688,0.007981,1.046060,-0.564229,-0.000010,-0.005402,-0.085879,-0.000010,1.570813,-0.271848,1.000000,1.100000,0.000000,0.000000,-1.571000,-0.212160,0.992019,0.053940,1.015886
41.864000,-0.060819,0.007981,1.046049,-0.564856,-0.000010,-0.005466,-0.084675,-0.000011,1.570813,-0.272640,1.000000,1.100000,0.000000,0.000000,-1.571000,-0.211821,0.992019,0.053951,1.015816
41.866000,-0.061951,0.007981,1.046038,-0.565458,-0.000010,-0.005530,-0.083465,-0.000011,1.570812,-0.273421,1.000000,1.100000,0.000000,0.000000,-1.571000,-0.211470,0.992019,0.053962,1.015743
41.868000,-0.063084,0.007981,1.046027,-0.566035,-0.000010,-0.005592,-0.082250,-0.000011,1.570811,-0.274191,1.000000,1.100000,0.000000,0.000000,-1.571000,-0.211108,0.992019,0.053973,1.015668
41.870000,-0.064218,0.007981,1.046015,-0.566587,-0.000011,-0.005653,-0.081030,-0.000011,1.570811,-0.274951,1.000000,1.100000,0.000000,0.000000,-1.571000,-0.210733,0.992019,0.053985,1.015591
41.872000,-0.065353,0.007981,1.046004,-0.567114,-0.000011,-0.005712,-0.079808,-0.000012,1.570810,-0.275699,1.000000,1.100000,0.000000,0.000000,-1.571000,-0.210347,0.992019,0.053996,1.015512
41.874000,-0.066489,0.007980,1.045993,-0.567617,-0.000011,-0.005770,-0.078585,-0.000012,1.570810,-0.276437,1.000000,1.100000,0.000000,0.000000,-1.571000,-0.209948,0.992020,0.054007,1.015430
41.876000,-0.067626,0.007980,1.045981,-0.568094,-0.000011,-0.005826,-0.077361,-0.000012,1.570809,-0.277164,1.000000,1.100000,0.000000,0.000000,-1.571000,-0.209538,0.992020,0.054019,1.015346
41.878000,-0.068764,0.007980,1.045969,-0.568547,-0.000012,-0.005881,-0.076139,-0.000012,1.570809,-0.277880,1.000000,1.100000,0.000000,0.000000,-1.571000,-0.209116,0.992020,0.054031,1.015259
41.880000,-0.069903,0.007980,1.045957,-0.568975,-0.000012,-0.005935,-0.074920,-0.000013,1.570809,-0.278585,1.000000,1.100000,0.000000,0.000000,-1.571000,-0.208682,0.992020,0.054043,1.015171
41.882000,-0.071043,0.007980,1.045945,-0.569379,-0.000012,-0.005988,-0.073703,-0.000013,1.570809,-0.279279,1.000000,1.100000,0.000000,0.000000,-1.571000,-0.208236,0.992020,0.054055,1.015080
41.884000,-0.072183,0.007980,1.045933,-0.569758,-0.000012,-0.006043,-0.072487,-0.000013,1.570809,-0.279961,1.000000,1.100000,0.000000,0.000000,-1.571000,-0.207778,0.992020,0.054067,1.014987
41.886000,-0.073324,0.007980,1.045921,-0.570112,-0.000013,-0.006099,-0.071270,-0.000013,1.570808,-0.280633,1.000000,1.100000,0.000000,0.000000,-1.571000,-0.207309,0.992020,0.054079,1.014891
41.888000,-0.074466,0.007980,1.045909,-0.570441,-0.000013,-0.006156,-0.070049,-0.000013,1.570808,-0.281294,1.000000,1.100000,0.000000,0.000000,-1.571000,-0.206828,0.992020,0.054091,1.014794
41.890000,-0.075609,0.007980,1.045896,-0.570746,-0.000013,-0.006214,-0.068824,-0.000014,1.570808,-0.281944,1.000000,1.100000,0.000000,0.000000,-1.571000,-0.206335,0.992020,0.054104,1.014694
41.892000,-0.076752,0.007980,1.045884,-0.571026,-0.000013,-0.006272,-0.067592,-0.000014,1.570808,-0.282582,1.000000,1.100000,0.000000,0.000000,-1.571000,-0.205830,0.992020,0.054116,1.014592
41.894000,-0.077895,0.007980,1.045871,-0.571282,-0.000014,-0.006330,-0.066354,-0.000014,1.570808,-0.283209,1.000000,1.100000,0.000000,0.000000,-1.571000,-0.205314,0.992020,0.054129,1.014489
41.896000,-0.079039,0.007980,1.045858,-0.571513,-0.000014,-0.006388,-0.065108,-0.000014,1.570808,-0.283826,1.000000,1.100000,0.000000,0.000000,-1.571000,-0.204786,0.992020,0.054142,1.014383
41.898000,-0.080184,0.007980,1.045846,-0.571718,-0.000014,-0.006447,-0.063853,-0.000014,1.570808,-0.284431,1.000000,1.100000,0.000000,0.000000,-1.571000,-0.204247,0.992020,0.054154,1.014275
41.900000,-0.081329,0.007980,1.045833,-0.571899,-0.000014,-0.006505,-0.062590,-0.000014,1.570808,-0.285024,1.000000,1.100000,0.000000,0.000000,-1.571000,-0.203696,0.992020,0.054167,1.014164
41.902000,-0.082474,0.007980,1.045819,-0.572055,-0.000015,-0.006563,-0.061318,-0.000014,1.570808,-0.285607,1.000000,1.100000,0.000000,0.000000,-1.571000,-0.203133,0.992020,0.054181,1.014052
41.904000,-0.083619,0.007980,1.045806,-0.572186,-0.000015,-0.006620,-0.060038,-0.000014,1.570808,-0.286178,1.000000,1.100000,0.000000,0.000000,-1.571000,-0.202559,0.992020,0.054194,1.013938
41.906000,-0.084765,0.007980,1.045793,-0.572291,-0.000015,-0.006677,-0.058750,-0.000013,1.570808,-0.286738,1.000000,1.100000,0.000000,0.000000,-1.571000,-0.201973,0.992020,0.054207,1.013822
41.908000,-0.085911,0.007980,1.045779,-0.572371,-0.000015,-0.006734,-0.057454,-0.000013,1.570808,-0.287286,1.000000,1.100000,0.000000,0.000000,-1.571000,-0.201376,0.992020,0.054221,1.013704
41.910000,-0.087057,0.007980,1.045766,-0.572425,-0.000016,-0.006789,-0.056150,-0.000013,1.570808,-0.287824,1.000000,1.100000,0.000000,0.000000,-1.571000,-0.200767,0.992020,0.054234,1.013584
41.912000,-0.088203,0.007980,1.045752,-0.572454,-0.000016,-0.006844,-0.054840,-0.000013,1.570808,-0.288350,1.000000,1.100000,0.000000,0.000000,-1.571000,-0.200147,0.992020,0.054248,1.013462
41.914000,-0.089349,0.007980,1.045738,-0.572457,-0.000016,-0.006899,-0.053524,-0.000013,1.570808,-0.288864,1.000000,1.100000,0.000000,0.000000,-1.571000,-0.199515,0.992020,0.054262,1.013338
41.916000,-0.090495,0.007980,1.045725,-0.572434,-0.000016,-0.006952,-0.052203,-0.000012,1.570808,-0.289367,1.000000,1.100000,0.000000,0.000000,-1.571000,-0.198872,0.992020,0.054275,1.013213
41.918000,-0.091641,0.007980,1.045711,-0.572386,-0.000017,-0.007005,-0.050878,-0.000012,1.570808,-0.289859,1.000000,1.100000,0.000000,0.000000,-1.571000,-0.198218,0.992020,0.054289,1.013085
41.920000,-0.092787,0.007980,1.045696,-0.572311,-0.000017,-0.007056,-0.049551,-0.000012,1.570808,-0.290339,1.000000,1.100000,0.000000,0.000000,-1.571000,-0.197552,0.992020,0.054304,1.012956
41.922000,-0.093932,0.007980,1.045682,-0.572211,-0.000017,-0.007107,-0.048221,-0.000012,1.570808,-0.290808,1.000000,1.100000,0.000000,0.000000,-1.571000,-0.196876,0.992020,0.054318,1.012825
41.924000,-0.095078,0.007980,1.045668,-0.572085,-0.000017,-0.007157,-0.046890,-0.000011,1.570807,-0.291265,1.000000,1.100000,0.000000,0.000000,-1.571000,-0.196188,0.992020,0.054332,1.012692
41.926000,-0.096223,0.007980,1.045654,-0.571934,-0.000017,-0.007207,-0.045560,-0.000011,1.570807,-0.291711,1.000000,1.100000,0.000000,0.000000,-1.571000,-0.195488,0.992020,0.054346,1.012558
41.928000,-0.097368,0.007980,1.045639,-0.571757,-0.000018,-0.007255,-0.044231,-0.000011,1.570807,-0.292145,1.000000,1.100000,0.000000,0.000000,-1.571000,-0.194778,0.992020,0.054361,1.012422
41.930000,-0.098512,0.007980,1.045624,-0.571554,-0.000018,-0.007302,-0.042906,-0.000011,1.570807,-0.292568,1.000000,1.100000,0.000000,0.000000,-1.571000,-0.194056,0.992020,0.054376,1.012284
41.932000,-0.099656,0.007980,1.045610,-0.571325,-0.000018,-0.007349,-0.041584,-0.000010,1.570808,-0.292979,1.000000,1.100000,0.000000,0.000000,-1.571000,-0.193323,0.992020,0.054390,1.012145
41.934000,-0.100799,0.007980,1.045595,-0.571072,-0.000018,-0.007394,-0.040268,-0.000010,1.570808,-0.293379,1.000000,1.100000,0.000000,0.000000,-1.571000,-0.192580,0.992020,0.054405,1.012004
41.936000,-0.101942,0.007980,1.045580,-0.570793,-0.000018,-0.007439,-0.038958,-0.000010,1.570808,-0.293767,1.000000,1.100000,0.000000,0.000000,-1.571000,-0.191825,0.992020,0.054420,1.011861
41.938000,-0.103084,0.007980,1.045565,-0.570489,-0.000018,-0.007483,-0.037657,-0.000009,1.570808,-0.294143,1.000000,1.100000,0.000000,0.000000,-1.571000,-0.191059,0.992020,0.054435,1.011717
41.940000,-0.104226,0.007979,1.045550,-0.570160,-0.000019,-0.007526,-0.036365,-0.000009,1.570808,-0.294508,1.000000,1.100000,0.000000,0.000000,-1.571000,-0.190282,0.992021,0.054450,1.011571
41.942000,-0.105367,0.007979,1.045535,-0.569807,-0.000019,-0.007568,-0.035083,-0.000009,1.570809,-0.294861,1.000000,1.100000,0.000000,0.000000,-1.571000,-0.189494,0.992021,0.054465,1.011424
41.944000,-0.106507,0.007979,1.045520,-0.569429,-0.000019,-0.007609,-0.033814,-0.000008,1.570809,-0.295203,1.000000,1.100000,0.000000,0.000000,-1.571000,-0.188696,0.992021,0.054480,1.011276
41.946000,-0.107646,0.007979,1.045504,-0.569028,-0.000019,-0.007650,-0.032557,-0.000008,1.570809,-0.295533,1.000000,1.100000,0.000000,0.000000,-1.571000,-0.187886,0.992021,0.054496,1.011126
41.948000,-0.108785,0.007979,1.045489,-0.568602,-0.000019,-0.007690,-0.031315,-0.000008,1.570810,-0.295851,1.000000,1.100000,0.000000,0.000000,-1.571000,-0.187066,0.992021,0.054511,1.010975
41.950000,-0.109923,0.007979,1.045474,-0.568154,-0.000019,-0.007729,-0.030088,-0.000007,1.570811,-0.296158,1.000000,1.100000,0.000000,0.000000,-1.571000,-0.186235,0.992021,0.054526,1.010822
41.952000,-0.111059,0.007979,1.045458,-0.567682,-0.000019,-0.007768,-0.028878,-0.000007,1.570811,-0.296452,1.000000,1.100000,0.000000,0.000000,-1.571000,-0.185393,0.992021,0.054542,1.010668
41.954000,-0.112195,0.007979,1.045442,-0.567187,-0.000020,-0.007806,-0.027685,-0.000006,1.570812,-0.296736,1.000000,1.100000,0.000000,0.000000,-1.571000,-0.184540,0.992021,0.054558,1.010513
41.956000,-0.113330,0.007979,1.045427,-0.566671,-0.000020,-0.007843,-0.026511,-0.000006,1.570813,-0.297007,1.000000,1.100000,0.000000,0.000000,-1.571000,-0.183677,0.992021,0.054573,1.010357
41.958000,-0.114464,0.007979,1.045411,-0.566132,-0.000020,-0.007879,-0.025356,-0.000006,1.570813,-0.297267,1.000000,1.100000,0.000000,0.000000,-1.571000,-0.182803,0.992021,0.054589,1.010199
41.960000,-0.115596,0.007979,1.045395,-0.565572,-0.000020,-0.007916,-0.024223,-0.000005,1.570814,-0.297515,1.000000,1.100000,0.000000,0.000000,-1.571000,-0.181919,0.992021,0.054605,1.010040
41.962000,-0.116728,0.007979,1.045379,-0.564991,-0.000020,-0.007951,-0.023109,-0.000005,1.570815,-0.297751,1.000000,1.100000,0.000000,0.000000,-1.571000,-0.181023,0.992021,0.054621,1.009880
41.964000,-0.117858,0.007979,1.045363,-0.564390,-0.000020,-0.007987,-0.022013,-0.000004,1.570816,-0.297976,1.000000,1.100000,0.000000,0.000000,-1.571000,-0.180118,0.992021,0.054637,1.009719
41.966000,-0.118987,0.007979,1.045347,-0.563768,-0.000020,-0.008022,-0.020932,-0.000004,1.570817,-0.298188,1.000000,1.100000,0.000000,0.000000,-1.571000,-0.179202,0.992021,0.054653,1.009557
41.968000,-0.120114,0.007979,1.045331,-0.563126,-0.000020,-0.008057,-0.019862,-0.000004,1.570818,-0.298389,1.000000,1.100000,0.000000,0.000000,-1.571000,-0.178275,0.992021,0.054669,1.009394
41.970000,-0.121241,0.007979,1.045315,-0.562465,-0.000020,-0.008091,-0.018803,-0.000003,1.570819,-0.298578,1.000000,1.100000,0.000000,0.000000,-1.571000,-0.177338,0.992021,0.054685,1.009230
41.972000,-0.122366,0.007979,1.045299,-0.561784,-0.000020,-0.008126,-0.017752,-0.000003,1.570819,-0.298756,1.000000,1.100000,0.000000,0.000000,-1.571000,-0.176390,0.992021,0.054701,1.009065
41.974000,-0.123490,0.007979,1.045282,-0.561084,-0.000020,-0.008160,-0.016708,-0.000002,1.570820,-0.298921,1.000000,1.100000,0.000000,0.000000,-1.571000,-0.175432,0.992021,0.054718,1.008899
41.976000,-0.124612,0.007979,1.045266,-0.560365,-0.000020,-0.008194,-0.015668,-0.000002,1.570821,-0.299075,1.000000,1.100000,0.000000,0.000000,-1.571000,-0.174463,0.992021,0.054734,1.008732
41.978000,-0.125733,0.007979,1.045250,-0.559627,-0.000020,-0.008228,-0.014632,-0.000001,1.570821,-0.299217,1.000000,1.100000,0.000000,0.000000,-1.571000,-0.173485,0.992021,0.054750,1.008564
41.980000,-0.126852,0.007979,1.045233,-0.558870,-0.000020,-0.008262,-0.013599,-0.000001,1.570822,-0.299347,1.000000,1.100000,0.000000,0.000000,-1.571000,-0.172496,0.992021,0.054767,1.008395
41.982000,-0.127969,0.007979,1.045216,-0.558095,-0.000020,-0.008295,-0.012567,-0.000001,1.570822,-0.299466,1.000000,1.100000,0.000000,0.000000,-1.571000,-0.171496,0.992021,0.054784,1.008225
41.984000,-0.129086,0.007979,1.045200,-0.557301,-0.000020,-0.008328,-0.011536,-0.000000,1.570822,-0.299572,1.000000,1.100000,0.000000,0.000000,-1.571000,-0.170487,0.992021,0.054800,1.008055
41.986000,-0.130200,0.007979,1.045183,-0.556488,-0.000020,-0.008361,-0.010506,0.000001,1.570823,-0.299667,1.000000,1.100000,0.000000,0.000000,-1.571000,-0.169467,0.992021,0.054817,1.007884
41.988000,-0.131313,0.007979,1.045166,-0.555656,-0.000020,-0.008394,-0.009475,0.000001,1.570823,-0.299750,1.000000,1.100000,0.000000,0.000000,-1.571000,-0.168437,0.992021,0.054834,1.007712
41.990000,-0.132424,0.007978,1.045149,-0.554806,-0.000020,-0.008427,-0.008445,0.000002,1.570823,-0.299821,1.000000,1.100000,0.000000,0.000000,-1.571000,-0.167397,0.992022,0.054851,1.007540
41.992000,-0.133533,0.007978,1.045133,-0.553937,-0.000020,-0.008459,-0.007413,0.000002,1.570823,-0.299880,1.000000,1.100000,0.000000,0.000000,-1.571000,-0.166347,0.992022,0.054867,1.007367
41.994000,-0.134641,0.007978,1.045116,-0.553050,-0.000020,-0.008492,-0.006381,0.000003,1.570822,-0.299927,1.000000,1.100000,0.000000,0.000000,-1.571000,-0.165286,0.992022,0.054884,1.007193
41.996000,-0.135747,0.007978,1.045099,-0.552144,-0.000020,-0.008524,-0.005349,0.000003,1.570822,-0.299963,1.000000,1.100000,0.000000,0.000000,-1.571000,-0.164216,0.992022,0.054901,1.007019
41.998000,-0.136851,0.007978,1.045081,-0.551220,-0.000020,-0.008556,-0.004316,0.000004,1.570822,-0.299987,1.000000,1.100000,0.000000,0.000000,-1.571000,-0.163136,0.992022,0.054919,1.006845
42.000000,-0.137953,0.007978,1.045064,-0.550278,-0.000020,-0.008588,-0.003282,0.000005,1.570821,-0.299999,1.000000,1.100000,0.000000,0.000000,-1.571000,-0.162045,0.992022,0.054936,1.006670
42.002000,-0.139053,0.007978,1.045047,-0.549317,-0.000019,-0.008620,-0.002249,0.000005,1.570821,-0.299999,1.000000,1.100000,0.000000,0.000000,-1.571000,-0.160945,0.992022,0.054953,1.006494
42.004000,-0.140152,0.007978,1.045030,-0.548337,-0.000019,-0.008652,-0.001215,0.000006,1.570820,-0.299987,1.000000,1.100000,0.000000,0.000000,-1.571000,-0.159835,0.992022,0.054970,1.006318
42.006000,-0.141248,0.007978,1.045012,-0.547339,-0.000019,-0.008684,-0.000183,0.000007,1.570820,-0.299963,1.000000,1.100000,0.000000,0.000000,-1.571000,-0.158715,0.992022,0.054988,1.006142
42.008000,-0.142342,0.007978,1.044995,-0.546323,-0.000019,-0.008716,0.000849,0.000007,1.570819,-0.299927,1.000000,1.100000,0.000000,0.000000,-1.571000,-0.157585,0.992022,0.055005,1.005965
42.010000,-0.143434,0.007978,1.044977,-0.545289,-0.000019,-0.008748,0.001879,0.000008,1.570819,-0.299880,1.000000,1.100000,0.000000,0.000000,-1.571000,-0.156446,0.992022,0.055023,1.005788
42.012000,-0.144524,0.007978,1.044960,-0.544236,-0.000019,-0.008780,0.002907,0.000009,1.570818,-0.299821,1.000000,1.100000,0.000000,0.000000,-1.571000,-0.155296,0.992022,0.055040,1.005611
42.014000,-0.145612,0.007978,1.044942,-0.543166,-0.000018,-0.008812,0.003931,0.000009,1.570817,-0.299750,1.000000,1.100000,0.000000,0.000000,-1.571000,-0.154137,0.992022,0.055058,1.005434
42.016000,-0.146698,0.007978,1.044924,-0.542077,-0.000018,-0.008844,0.004953,0.000010,1.570816,-0.299667,1.000000,1.100000,0.000000,0.000000,-1.571000,-0.152969,0.992022,0.055076,1.005256
42.018000,-0.147782,0.007978,1.044907,-0.540970,-0.000018,-0.008876,0.005970,0.000011,1.570816,-0.299572,1.000000,1.100000,0.000000,0.000000,-1.571000,-0.151791,0.992022,0.055093,1.005079
42.020000,-0.148863,0.007978,1.044889,-0.539846,-0.000018,-0.008908,0.006982,0.000011,1.570815,-0.299466,1.000000,1.100000,0.000000,0.000000,-1.571000,-0.150603,0.992022,0.055111,1.004901
42.022000,-0.149942,0.007978,1.044871,-0.538704,-0.000017,-0.008940,0.007988,0.000012,1.570814,-0.299347,1.000000,1.100000,0.000000,0.000000,-1.571000,-0.149405,0.992022,0.055129,1.004723
42.024000,-0.151019,0.007978,1.044853,-0.537545,-0.000017,-0.008974,0.008988,0.000012,1.570813,-0.299217,1.000000,1.100000,0.000000,0.000000,-1.571000,-0.148198,0.992022,0.055147,1.004546
42.026000,-0.152093,0.007978,1.044835,-0.536368,-0.000017,-0.009008,0.009981,0.000013,1.570813,-0.299075,1.000000,1.100000,0.000000,0.000000,-1.571000,-0.146982,0.992022,0.055165,1.004368
42.028000,-0.153165,0.007978,1.044817,-0.535174,-0.000017,-0.009043,0.010966,0.000013,1.570812,-0.298921,1.000000,1.100000,0.000000,0.000000,-1.571000,-0.145756,0.992022,0.055183,1.004190
42.030000,-0.154235,0.007978,1.044799,-0.533963,-0.000016,-0.009079,0.011941,0.000014,1.570811,-0.298756,1.000000,1.100000,0.000000,0.000000,-1.571000,-0.144521,0.992022,0.055201,1.004013
42.032000,-0.155302,0.007978,1.044781,-0.532735,-0.000016,-0.009116,0.012908,0.000014,1.570811,-0.298578,1.000000,1.100000,0.000000,0.000000,-1.571000,-0.143276,0.992022,0.055219,1.003835
42.034000,-0.156367,0.007978,1.044762,-0.531491,-0.000016,-0.009153,0.013864,0.000014,1.570810,-0.298389,1.000000,1.100000,0.000000,0.000000,-1.571000,-0.142023,0.992022,0.055238,1.003658
42.036000,-0.157429,0.007978,1.044744,-0.530230,-0.000015,-0.009191,0.014809,0.000014,1.570809,-0.298188,1.000000,1.100000,0.000000,0.000000,-1.571000,-0.140759,0.992022,0.055256,1.003481
42.038000,-0.158488,0.007978,1.044725,-0.528954,-0.000015,-0.009230,0.015742,0.000014,1.570809,-0.297976,1.000000,1.100000,0.000000,0.000000,-1.571000,-0.139487,0.992022,0.055275,1.003305
42.040000,-0.159546,0.007978,1.044707,-0.527661,-0.000015,-0.009269,0.016662,0.000015,1.570809,-0.297751,1.000000,1.100000,0.000000,0.000000,-1.571000,-0.138206,0.992022,0.055293,1.003128
42.042000,-0.160600,0.007978,1.044688,-0.526354,-0.000014,-0.009309,0.017570,0.000015,1.570808,-0.297515,1.000000,1.100000,0.000000,0.000000,-1.571000,-0.136915,0.992022,0.055312,1.002952
42.044000,-0.161652,0.007978,1.044670,-0.525031,-0.000014,-0.009349,0.018463,0.000015,1.570808,-0.297267,1.000000,1.100000,0.000000,0.000000,-1.571000,-0.135615,0.992022,0.055330,1.002777
42.046000,-0.162701,0.007978,1.044651,-0.523693,-0.000014,-0.009390,0.019341,0.000015,1.570808,-0.297007,1.000000,1.100000,0.000000,0.000000,-1.571000,-0.134306,0.992022,0.055349,1.002602
42.048000,-0.163747,0.007977,1.044632,-0.522340,-0.000013,-0.009431,0.020205,0.000014,1.570808,-0.296736,1.000000,1.100000,0.000000,0.000000,-1.571000,-0.132988,0.992023,0.055368,1.002427
42.050000,-0.164791,0.007977,1.044613,-0.520973,-0.000013,-0.009473,0.021052,0.000014,1.570807,-0.296452,1.000000,1.100000,0.000000,0.000000,-1.571000,-0.131662,0.992023,0.055387,1.002253
42.052000,-0.165832,0.007977,1.044594,-0.519593,-0.000013,-0.009515,0.021883,0.000014,1.570807,-0.296158,1.000000,1.100000,0.000000,0.000000,-1.571000,-0.130326,0.992023,0.055406,1.002080
42.054000,-0.166870,0.007977,1.044575,-0.518198,-0.000013,-0.009557,0.022697,0.000014,1.570807,-0.295851,1.000000,1.100000,0.000000,0.000000,-1.571000,-0.128981,0.992023,0.055425,1.001907
42.056000,-0.167905,0.007977,1.044556,-0.516791,-0.000012,-0.009601,0.023494,0.000014,1.570808,-0.295533,1.000000,1.100000,0.000000,0.000000,-1.571000,-0.127628,0.992023,0.055444,1.001734
42.058000,-0.168938,0.007977,1.044536,-0.515371,-0.000012,-0.009644,0.024272,0.000013,1.570808,-0.295203,1.000000,1.100000,0.000000,0.000000,-1.571000,-0.126265,0.992023,0.055464,1.001563
42.060000,-0.169967,0.007977,1.044517,-0.513938,-0.000012,-0.009688,0.025033,0.000013,1.570808,-0.294861,1.000000,1.100000,0.000000,0.000000,-1.571000,-0.124894,0.992023,0.055483,1.001392
42.062000,-0.170994,0.007977,1.044498,-0.512493,-0.000011,-0.009732,0.025774,0.000013,1.570808,-0.294508,1.000000,1.100000,0.000000,0.000000,-1.571000,-0.123514,0.992023,0.055502,1.001222
42.064000,-0.172018,0.007977,1.044478,-0.511036,-0.000011,-0.009777,0.026496,0.000013,1.570808,-0.294143,1.000000,1.100000,0.000000,0.000000,-1.571000,-0.122125,0.992023,0.055522,1.001053
42.066000,-0.173039,0.007977,1.044458,-0.509569,-0.000011,-0.009822,0.027199,0.000012,1.570809,-0.293767,1.000000,1.100000,0.000000,0.000000,-1.571000,-0.120728,0.992023,0.055542,1.000884
42.068000,-0.174057,0.007977,1.044439,-0.508090,-0.000011,-0.009868,0.027882,0.000012,1.570809,-0.293379,1.000000,1.100000,0.000000,0.000000,-1.571000,-0.119322,0.992023,0.055561,1.000717
42.070000,-0.175072,0.007977,1.044419,-0.506601,-0.000010,-0.009914,0.028544,0.000012,1.570810,-0.292979,1.000000,1.100000,0.000000,0.000000,-1.571000,-0.117907,0.992023,0.055581,1.000550
42.072000,-0.176084,0.007977,1.044399,-0.505101,-0.000010,-0.009960,0.029187,0.000011,1.570810,-0.292568,1.000000,1.100000,0.000000,0.000000,-1.571000,-0.116484,0.992023,0.055601,1.000385
42.074000,-0.177093,0.007977,1.044379,-0.503593,-0.000010,-0.010007,0.029809,0.000011,1.570810,-0.292145,1.000000,1.100000,0.000000,0.000000,-1.571000,-0.115053,0.992023,0.055621,1.000220
42.076000,-0.178099,0.007977,1.044359,-0.502074,-0.000010,-0.010054,0.030410,0.000010,1.570811,-0.291711,1.000000,1.100000,0.000000,0.000000,-1.571000,-0.113612,0.992023,0.055641,1.000057
42.078000,-0.179101,0.007977,1.044339,-0.500547,-0.000009,-0.010101,0.030990,0.000010,1.570812,-0.291265,1.000000,1.100000,0.000000,0.000000,-1.571000,-0.112164,0.992023,0.055661,0.999894
42.080000,-0.180101,0.007977,1.044318,-0.499012,-0.000009,-0.010149,0.031550,0.000010,1.570812,-0.290808,1.000000,1.100000,0.000000,0.000000,-1.571000,-0.110707,0.992023,0.055682,0.999733
42.082000,-0.181098,0.007977,1.044298,-0.497468,-0.000009,-0.010184,0.032093,0.000009,1.570813,-0.290339,1.000000,1.100000,0.000000,0.000000,-1.571000,-0.109241,0.992023,0.055702,0.999573
42.084000,-0.182092,0.007977,1.044277,-0.495916,-0.000009,-0.010197,0.032632,0.000009,1.570813,-0.289859,1.000000,1.100000,0.000000,0.000000,-1.571000,-0.107767,0.992023,0.055723,0.999414
42.086000,-0.183082,0.007977,1.044257,-0.494356,-0.000009,-0.010189,0.033177,0.000008,1.570813,-0.289367,1.000000,1.100000,0.000000,0.000000,-1.571000,-0.106285,0.992023,0.055743,0.999256
42.088000,-0.184069,0.007977,1.044237,-0.492787,-0.000008,-0.010162,0.033740,0.000008,1.570813,-0.288864,1.000000,1.100000,0.000000,0.000000,-1.571000,-0.104795,0.992023,0.055763,0.999100
42.090000,-0.185054,0.007977,1.044216,-0.491209,-0.000008,-0.010119,0.034331,0.000007,1.570813,-0.288350,1.000000,1.100000,0.000000,0.000000,-1.571000,-0.103296,0.992023,0.055784,0.998945
42.092000,-0.186035,0.007977,1.044196,-0.489622,-0.000008,-0.010060,0.034957,0.000007,1.570812,-0.287824,1.000000,1.100000,0.000000,0.000000,-1.571000,-0.101789,0.992023,0.055804,0.998792
42.094000,-0.187012,0.007977,1.044176,-0.488025,-0.000008,-0.009988,0.035626,0.000007,1.570811,-0.287286,1.000000,1.100000,0.000000,0.000000,-1.571000,-0.100274,0.992023,0.055824,0.998639
42.096000,-0.187987,0.007977,1.044156,-0.486417,-0.000008,-0.009903,0.036345,0.000006,1.570810,-0.286738,1.000000,1.100000,0.000000,0.000000,-1.571000,-0.098751,0.992023,0.055844,0.998489
42.098000,-0.188958,0.007977,1.044137,-0.484797,-0.000008,-0.009807,0.037120,0.000006,1.570808,-0.286178,1.000000,1.100000,0.000000,0.000000,-1.571000,-0.097220,0.992023,0.055863,0.998340
42.100000,-0.189927,0.007977,1.044117,-0.483164,-0.000007,-0.009702,0.037956,0.000006,1.570806,-0.285607,1.000000,1.100000,0.000000,0.000000,-1.571000,-0.095680,0.992023,0.055883,0.998192
42.102000,-0.190891,0.007977,1.044098,-0.481517,-0.000007,-0.009588,0.038857,0.000006,1.570804,-0.285024,1.000000,1.100000,0.000000,0.000000,-1.571000,-0.094133,0.992023,0.055902,0.998046
42.104000,-0.191853,0.007977,1.044079,-0.479855,-0.000007,-0.009466,0.039826,0.000005,1.570801,-0.284431,1.000000,1.100000,0.000000,0.000000,-1.571000,-0.092578,0.992023,0.055921,0.997902
42.106000,-0.192811,0.007977,1.044060,-0.478176,-0.000007,-0.009337,0.040867,0.000005,1.570798,-0.283826,1.000000,1.100000,0.000000,0.000000,-1.571000,-0.091015,0.992023,0.055940,0.997759
42.108000,-0.193766,0.007977,1.044042,-0.476479,-0.000007,-0.009201,0.041982,0.000005,1.570795,-0.283209,1.000000,1.100000,0.000000,0.000000,-1.571000,-0.089444,0.992023,0.055958,0.997618
42.110000,-0.194717,0.007977,1.044023,-0.474763,-0.000007,-0.009060,0.043173,0.000005,1.570791,-0.282582,1.000000,1.100000,0.000000,0.000000,-1.571000,-0.087865,0.992023,0.055977,0.997479
42.112000,-0.195665,0.007977,1.044006,-0.473026,-0.000007,-0.008915,0.044439,0.000005,1.570788,-0.281944,1.000000,1.100000,0.000000,0.000000,-1.571000,-0.086279,0.992023,0.055994,0.997341
42.114000,-0.196609,0.007977,1.043988,-0.471266,-0.000007,-0.008765,0.045783,0.000005,1.570783,-0.281294,1.000000,1.100000,0.000000,0.000000,-1.571000,-0.084685,0.992023,0.056012,0.997205
42.116000,-0.197550,0.007977,1.043971,-0.469482,-0.000006,-0.008611,0.047204,0.000005,1.570779,-0.280633,1.000000,1.100000,0.000000,0.000000,-1.571000,-0.083083,0.992023,0.056029,0.997072
42.118000,-0.198487,0.007977,1.043954,-0.467674,-0.000006,-0.008455,0.048701,0.000005,1.570774,-0.279961,1.000000,1.100000,0.000000,0.000000,-1.571000,-0.081474,0.992023,0.056046,0.996940
42.120000,-0.199421,0.007977,1.043937,-0.465838,-0.000006,-0.008296,0.050273,0.000005,1.570770,-0.279279,1.000000,1.100000,0.000000,0.000000,-1.571000,-0.079858,0.992023,0.056063,0.996810
42.122000,-0.200351,0.007977,1.043921,-0.463974,-0.000006,-0.008135,0.051920,0.000005,1.570765,-0.278585,1.000000,1.100000,0.000000,0.000000,-1.571000,-0.078234,0.992023,0.056079,0.996682
42.124000,-0.201277,0.007977,1.043905,-0.462081,-0.000006,-0.007973,0.053638,0.000006,1.570760,-0.277880,1.000000,1.100000,0.000000,0.000000,-1.571000,-0.076603,0.992023,0.056095,0.996556
42.126000,-0.202199,0.007977,1.043889,-0.460157,-0.000006,-0.007810,0.055428,0.000006,1.570755,-0.277164,1.000000,1.100000,0.000000,0.000000,-1.571000,-0.074965,0.992023,0.056111,0.996433
42.128000,-0.203117,0.007977,1.043873,-0.458201,-0.000006,-0.007647,0.057285,0.000006,1.570750,-0.276437,1.000000,1.100000,0.000000,0.000000,-1.571000,-0.073320,0.992023,0.056127,0.996311
42.130000,-0.204032,0.007977,1.043858,-0.456211,-0.000006,-0.007483,0.059207,0.000007,1.570746,-0.275699,1.000000,1.100000,0.000000,0.000000,-1.571000,-0.071668,0.992023,0.056142,0.996192
42.132000,-0.204942,0.007977,1.043844,-0.454187,-0.000006,-0.007319,0.061192,0.000007,1.570741,-0.274951,1.000000,1.100000,0.000000,0.000000,-1.571000,-0.070009,0.992023,0.056156,0.996075
42.134000,-0.205848,0.007977,1.043829,-0.452126,-0.000006,-0.007156,0.063235,0.000008,1.570736,-0.274191,1.000000,1.100000,0.000000,0.000000,-1.571000,-0.068343,0.992023,0.056171,0.995960
42.136000,-0.206750,0.007977,1.043815,-0.450029,-0.000006,-0.006994,0.065334,0.000008,1.570732,-0.273421,1.000000,1.100000,0.000000,0.000000,-1.571000,-0.066671,0.992023,0.056185,0.995847
42.138000,-0.207648,0.007977,1.043801,-0.447894,-0.000006,-0.006834,0.067485,0.000009,1.570727,-0.272640,1.000000,1.100000,0.000000,0.000000,-1.571000,-0.064992,0.992023,0.056199,0.995737
42.140000,-0.208541,0.007977,1.043788,-0.445720,-0.000005,-0.006674,0.069684,0.000010,1.570723,-0.271848,1.000000,1.100000,0.000000,0.000000,-1.571000,-0.063307,0.992023,0.056212,0.995629
42.142000,-0.209430,0.007977,1.043775,-0.443507,-0.000005,-0.006517,0.071927,0.000010,1.570720,-0.271045,1.000000,1.100000,0.000000,0.000000,-1.571000,-0.061615,0.992023,0.056225,0.995524
42.144000,-0.210315,0.007977,1.043762,-0.441253,-0.000005,-0.006362,0.074210,0.000011,1.570716,-0.270232,1.000000,1.100000,0.000000,0.000000,-1.571000,-0.059917,0.992023,0.056238,0.995421
42.146000,-0.211195,0.007977,1.043749,-0.438958,-0.000005,-0.006210,0.076529,0.000012,1.570713,-0.269408,1.000000,1.100000,0.000000,0.000000,-1.571000,-0.058214,0.992023,0.056251,0.995321
42.148000,-0.212070,0.007977,1.043737,-0.436621,-0.000005,-0.006060,0.078878,0.000013,1.570710,-0.268574,1.000000,1.100000,0.000000,0.000000,-1.571000,-0.056504,0.992023,0.056263,0.995223
42.150000,-0.212941,0.007977,1.043725,-0.434242,-0.000005,-0.005913,0.081255,0.000014,1.570708,-0.267729,1.000000,1.100000,0.000000,0.000000,-1.571000,-0.054788,0.992023,0.056275,0.995128
42.152000,-0.213806,0.007977,1.043714,-0.431821,-0.000005,-0.005769,0.083654,0.000015,1.570706,-0.266873,1.000000,1.100000,0.000000,0.000000,-1.571000,-0.053066,0.992023,0.056286,0.995035
42.154000,-0.214667,0.007977,1.043702,-0.429356,-0.000005,-0.005630,0.086072,0.000015,1.570704,-0.266006,1.000000,1.100000,0.000000,0.000000,-1.571000,-0.051339,0.992023,0.056298,0.994945
42.156000,-0.215523,0.007977,1.043691,-0.426849,-0.000004,-0.005494,0.088503,0.000016,1.570703,-0.265130,1.000000,1.100000,0.000000,0.000000,-1.571000,-0.049607,0.992023,0.056309,0.994858
42.158000,-0.216374,0.007977,1.043681,-0.424298,-0.000004,-0.005362,0.090943,0.000017,1.570702,-0.264242,1.000000,1.100000,0.000000,0.000000,-1.571000,-0.047869,0.992023,0.056319,0.994773
42.160000,-0.217219,0.007977,1.043670,-0.421703,-0.000004,-0.005234,0.093389,0.000018,1.570702,-0.263345,1.000000,1.100000,0.000000,0.000000,-1.571000,-0.046126,0.992023,0.056330,0.994691
42.162000,-0.218059,0.007977,1.043660,-0.419065,-0.000004,-0.005109,0.095835,0.000019,1.570702,-0.262437,1.000000,1.100000,0.000000,0.000000,-1.571000,-0.044377,0.992023,0.056340,0.994612
42.164000,-0.218894,0.007977,1.043650,-0.416384,-0.000004,-0.004984,0.098279,0.000020,1.570703,-0.261518,1.000000,1.100000,0.000000,0.000000,-1.571000,-0.042624,0.992023,0.056350,0.994536
42.166000,-0.219724,0.007977,1.043640,-0.413659,-0.000003,-0.004860,0.100716,0.000020,1.570704,-0.260589,1.000000,1.100000,0.000000,0.000000,-1.571000,-0.040866,0.992023,0.056360,0.994463
42.168000,-0.220548,0.007977,1.043630,-0.410891,-0.000003,-0.004737,0.103144,0.000021,1.570706,-0.259650,1.000000,1.100000,0.000000,0.000000,-1.571000,-0.039102,0.992023,0.056370,0.994393
42.170000,-0.221366,0.007977,1.043621,-0.408079,-0.000003,-0.004617,0.105560,0.000022,1.570708,-0.258701,1.000000,1.100000,0.000000,0.000000,-1.571000,-0.037335,0.992023,0.056379,0.994325
42.172000,-0.222179,0.007977,1.043612,-0.405225,-0.000003,-0.004499,0.107959,0.000022,1.570710,-0.257742,1.000000,1.100000,0.000000,0.000000,-1.571000,-0.035563,0.992023,0.056388,0.994261
42.174000,-0.222986,0.007977,1.043603,-0.402330,-0.000003,-0.004383,0.110340,0.000023,1.570713,-0.256772,1.000000,1.100000,0.000000,0.000000,-1.571000,-0.033786,0.992023,0.056397,0.994199
42.176000,-0.223787,0.007977,1.043595,-0.399392,-0.000002,-0.004271,0.112698,0.000023,1.570716,-0.255792,1.000000,1.100000,0.000000,0.000000,-1.571000,-0.032005,0.992023,0.056405,0.994141
42.178000,-0.224582,0.007977,1.043586,-0.396413,-0.000002,-0.004162,0.115031,0.000024,1.570720,-0.254802,1.000000,1.100000,0.000000,0.000000,-1.571000,-0.030220,0.992023,0.056414,0.994086
42.180000,-0.225371,0.007977,1.043578,-0.393394,-0.000002,-0.004056,0.117335,0.000025,1.570724,-0.253802,1.000000,1.100000,0.000000,0.000000,-1.571000,-0.028431,0.992023,0.056422,0.994033
42.182000,-0.226154,0.007977,1.043570,-0.390336,-0.000001,-0.003954,0.119608,0.000025,1.570728,-0.252792,1.000000,1.100000,0.000000,0.000000,-1.571000,-0.026638,0.992023,0.056430,0.993984
42.184000,-0.226931,0.007977,1.043562,-0.387238,-0.000001,-0.003856,0.121848,0.000025,1.570733,-0.251772,1.000000,1.100000,0.000000,0.000000,-1.571000,-0.024841,0.992023,0.056438,0.993938
42.186000,-0.227702,0.007977,1.043555,-0.384101,-0.000001,-0.003762,0.124051,0.000026,1.570738,-0.250742,1.000000,1.100000,0.000000,0.000000,-1.571000,-0.023041,0.992023,0.056445,0.993895
42.188000,-0.228466,0.007977,1.043547,-0.380928,-0.000000,-0.003672,0.126215,0.000026,1.570743,-0.249702,1.000000,1.100000,0.000000,0.000000,-1.571000,-0.021237,0.992023,0.056453,0.993855
42.190000,-0.229224,0.007977,1.043540,-0.377718,0.000000,-0.003587,0.128339,0.000026,1.570748,-0.248653,1.000000,1.100000,0.000000,0.000000,-1.571000,-0.019429,0.992023,0.056460,0.993819
42.192000,-0.229975,0.007977,1.043533,-0.374472,0.000001,-0.003507,0.130419,0.000026,1.570754,-0.247593,1.000000,1.100000,0.000000,0.000000,-1.571000,-0.017618,0.992023,0.056467,0.993785
42.194000,-0.230720,0.007977,1.043526,-0.371191,0.000001,-0.003431,0.132454,0.000026,1.570759,-0.246524,1.000000,1.100000,0.000000,0.000000,-1.571000,-0.015804,0.992023,0.056474,0.993755
42.196000,-0.231458,0.007977,1.043519,-0.367877,0.000001,-0.003360,0.134442,0.000026,1.570765,-0.245445,1.000000,1.100000,0.000000,0.000000,-1.571000,-0.013987,0.992023,0.056481,0.993728
42.198000,-0.232189,0.007977,1.043513,-0.364530,0.000002,-0.003294,0.136381,0.000026,1.570771,-0.244356,1.000000,1.100000,0.000000,0.000000,-1.571000,-0.012167,0.992023,0.056487,0.993705
42.200000,-0.232914,0.007977,1.043506,-0.361151,0.000002,-0.003233,0.138271,0.000026,1.570777,-0.243258,1.000000,1.100000,0.000000,0.000000,-1.571000,-0.010344,0.992023,0.056494,0.993685
42.202000,-0.233632,0.007977,1.043500,-0.357742,0.000003,-0.003176,0.140108,0.000026,1.570783,-0.242150,1.000000,1.100000,0.000000,0.000000,-1.571000,-0.008518,0.992023,0.056500,0.993668
42.204000,-0.234343,0.007977,1.043494,-0.354303,0.000003,-0.003124,0.141894,0.000026,1.570790,-0.241032,1.000000,1.100000,0.000000,0.000000,-1.571000,-0.006689,0.992023,0.056506,0.993654
42.206000,-0.235047,0.007977,1.043487,-0.350836,0.000004,-0.003076,0.143625,0.000025,1.570796,-0.239905,1.000000,1.100000,0.000000,0.000000,-1.571000,-0.004858,0.992023,0.056513,0.993644
42.208000,-0.235744,0.007977,1.043481,-0.347341,0.000004,-0.003033,0.145302,0.000025,1.570802,-0.238769,1.000000,1.100000,0.000000,0.000000,-1.571000,-0.003025,0.992023,0.056519,0.993637
42.210000,-0.236434,0.007977,1.043475,-0.343820,0.000005,-0.002994,0.146924,0.000024,1.570808,-0.237623,1.000000,1.100000,0.000000,0.000000,-1.571000,-0.001189,0.992023,0.056525,0.993633
42.212000,-0.237117,0.007977,1.043469,-0.340274,0.000005,-0.002960,0.148490,0.000023,1.570814,-0.236468,1.000000,1.100000,0.000000,0.000000,-1.571000,0.000650,0.992023,0.056531,0.993633
42.214000,-0.237793,0.007977,1.043463,-0.336704,0.000006,-0.002930,0.150000,0.000023,1.570820,-0.235303,1.000000,1.100000,0.000000,0.000000,-1.571000,0.002490,0.992023,0.056537,0.993636
42.216000,-0.238462,0.007977,1.043458,-0.333112,0.000006,-0.002905,0.151453,0.000022,1.570826,-0.234129,1.000000,1.100000,0.000000,0.000000,-1.571000,0.004333,0.992023,0.056542,0.993643
42.218000,-0.239123,0.007977,1.043452,-0.329498,0.000007,-0.002883,0.152850,0.000021,1.570831,-0.232946,1.000000,1.100000,0.000000,0.000000,-1.571000,0.006177,0.992023,0.056548,0.993653
42.220000,-0.239778,0.007977,1.043446,-0.325863,0.000007,-0.002865,0.154190,0.000020,1.570837,-0.231754,1.000000,1.100000,0.000000,0.000000,-1.571000,0.008024,0.992023,0.056554,0.993666
42.222000,-0.240424,0.007977,1.043440,-0.322209,0.000008,-0.002849,0.155474,0.000019,1.570842,-0.230552,1.000000,1.100000,0.000000,0.000000,-1.571000,0.009872,0.992023,0.056560,0.993683
42.224000,-0.241064,0.007977,1.043435,-0.318536,0.000008,-0.002830,0.156701,0.000018,1.570847,-0.229341,1.000000,1.100000,0.000000,0.000000,-1.571000,0.011723,0.992023,0.056565,0.993704
42.226000,-0.241696,0.007977,1.043429,-0.314845,0.000009,-0.002810,0.157873,0.000017,1.570852,-0.228122,1.000000,1.100000,0.000000,0.000000,-1.571000,0.013574,0.992023,0.056571,0.993728
42.228000,-0.242321,0.007977,1.043423,-0.311137,0.000009,-0.002788,0.158989,0.000016,1.570857,-0.226893,1.000000,1.100000,0.000000,0.000000,-1.571000,0.015428,0.992023,0.056577,0.993755
42.230000,-0.242938,0.007977,1.043418,-0.307414,0.000010,-0.002766,0.160051,0.000015,1.570861,-0.225655,1.000000,1.100000,0.000000,0.000000,-1.571000,0.017283,0.992023,0.056582,0.993786
42.232000,-0.243548,0.007977,1.043412,-0.303677,0.000010,-0.002742,0.161060,0.000014,1.570865,-0.224409,1.000000,1.100000,0.000000,0.000000,-1.571000,0.019139,0.992023,0.056588,0.993820
42.234000,-0.244150,0.007977,1.043407,-0.299926,0.000011,-0.002719,0.162015,0.000013,1.570869,-0.223154,1.000000,1.100000,0.000000,0.000000,-1.571000,0.020997,0.992023,0.056593,0.993858
42.236000,-0.244745,0.007977,1.043402,-0.296164,0.000011,-0.002695,0.162918,0.000012,1.570873,-0.221889,1.000000,1.100000,0.000000,0.000000,-1.571000,0.022856,0.992023,0.056598,0.993899
42.238000,-0.245332,0.007977,1.043396,-0.292390,0.000011,-0.002670,0.163770,0.000011,1.570876,-0.220616,1.000000,1.100000,0.000000,0.000000,-1.571000,0.024716,0.992023,0.056604,0.993944
42.240000,-0.245912,0.007977,1.043391,-0.288607,0.000012,-0.002646,0.164573,0.000010,1.570879,-0.219335,1.000000,1.100000,0.000000,0.000000,-1.571000,0.026577,0.992023,0.056609,0.993992
42.242000,-0.246484,0.007977,1.043386,-0.284815,0.000012,-0.002622,0.165326,0.000008,1.570882,-0.218044,1.000000,1.100000,0.000000,0.000000,-1.571000,0.028440,0.992023,0.056614,0.994044
42.244000,-0.247049,0.007977,1.043380,-0.281014,0.000013,-0.002598,0.166032,0.000007,1.570884,-0.216745,1.000000,1.100000,0.000000,0.000000,-1.571000,0.030303,0.992023,0.056620,0.994100
42.246000,-0.247606,0.007977,1.043375,-0.277207,0.000013,-0.002575,0.166692,0.000006,1.570886,-0.215438,1.000000,1.100000,0.000000,0.000000,-1.571000,0.032168,0.992023,0.056625,0.994158
42.248000,-0.248155,0.007977,1.043370,-0.273394,0.000014,-0.002552,0.167307,0.000005,1.570888,-0.214122,1.000000,1.100000,0.000000,0.000000,-1.571000,0.034033,0.992023,0.056630,0.994221
42.250000,-0.248696,0.007977,1.043365,-0.269576,0.000014,-0.002529,0.167879,0.000004,1.570889,-0.212797,1.000000,1.100000,0.000000,0.000000,-1.571000,0.035899,0.992023,0.056635,0.994287
42.252000,-0.249230,0.007977,1.043360,-0.265754,0.000014,-0.002506,0.168409,0.000003,1.570890,-0.211465,1.000000,1.100000,0.000000,0.000000,-1.571000,0.037766,0.992023,0.056640,0.994356
42.254000,-0.249757,0.007977,1.043355,-0.261928,0.000015,-0.002484,0.168898,0.000002,1.570891,-0.210123,1.000000,1.100000,0.000000,0.000000,-1.571000,0.039633,0.992023,0.056645,0.994429
42.256000,-0.250275,0.007977,1.043350,-0.258100,0.000015,-0.002462,0.169349,0.000001,1.570891,-0.208774,1.000000,1.100000,0.000000,0.000000,-1.571000,0.041501,0.992023,0.056650,0.994505
42.258000,-0.250786,0.007977,1.043345,-0.254270,0.000015,-0.002441,0.169762,0.000000,1.570892,-0.207416,1.000000,1.100000,0.000000,0.000000,-1.571000,0.043370,0.992023,0.056655,0.994585
42.260000,-0.251290,0.007977,1.043340,-0.250439,0.000016,-0.002420,0.170139,-0.000001,1.570892,-0.206050,1.000000,1.100000,0.000000,0.000000,-1.571000,0.045239,0.992023,0.056660,0.994669
42.262000,-0.251785,0.007977,1.043335,-0.246608,0.000016,-0.002399,0.170482,-0.000002,1.570891,-0.204676,1.000000,1.100000,0.000000,0.000000,-1.571000,0.047109,0.992023,0.056665,0.994756
42.264000,-0.252273,0.007977,1.043331,-0.242777,0.000016,-0.002378,0.170793,-0.000003,1.570891,-0.203294,1.000000,1.100000,0.000000,0.000000,-1.571000,0.048979,0.992023,0.056669,0.994847
42.266000,-0.252753,0.007977,1.043326,-0.238948,0.000016,-0.002358,0.171072,-0.000004,1.570890,-0.201904,1.000000,1.100000,0.000000,0.000000,-1.571000,0.050850,0.992023,0.056674,0.994941
42.268000,-0.253226,0.007977,1.043321,-0.235119,0.000016,-0.002337,0.171322,-0.000005,1.570889,-0.200506,1.000000,1.100000,0.000000,0.000000,-1.571000,0.052720,0.992023,0.056679,0.995038
42.270000,-0.253691,0.007977,1.043317,-0.231293,0.000017,-0.002316,0.171545,-0.000006,1.570887,-0.199100,1.000000,1.100000,0.000000,0.000000,-1.571000,0.054592,0.992023,0.056683,0.995139
42.272000,-0.254148,0.007977,1.043312,-0.227470,0.000017,-0.002296,0.171741,-0.000006,1.570886,-0.197686,1.000000,1.100000,0.000000,0.000000,-1.571000,0.056463,0.992023,0.056688,0.995244
42.274000,-0.254598,0.007977,1.043307,-0.223650,0.000017,-0.002275,0.171912,-0.000007,1.570884,-0.196264,1.000000,1.100000,0.000000,0.000000,-1.571000,0.058334,0.992023,0.056693,0.995352
42.276000,-0.255040,0.007977,1.043303,-0.219834,0.000017,-0.002255,0.172060,-0.000008,1.570882,-0.194834,1.000000,1.100000,0.000000,0.000000,-1.571000,0.060206,0.992023,0.056697,0.995464
42.278000,-0.255474,0.007977,1.043298,-0.216022,0.000017,-0.002234,0.172187,-0.000008,1.570880,-0.193397,1.000000,1.100000,0.000000,0.000000,-1.571000,0.062077,0.992023,0.056702,0.995579
42.280000,-0.255901,0.007977,1.043294,-0.212214,0.000017,-0.002213,0.172293,-0.000009,1.570878,-0.191952,1.000000,1.100000,0.000000,0.000000,-1.571000,0.063949,0.992023,0.056706,0.995698
42.282000,-0.256320,0.007977,1.043290,-0.208411,0.000017,-0.002189,0.172381,-0.000010,1.570875,-0.190500,1.000000,1.100000,0.000000,0.000000,-1.571000,0.065820,0.992023,0.056710,0.995820
42.284000,-0.256732,0.007978,1.043285,-0.204612,0.000017,-0.002158,0.172451,-0.000010,1.570872,-0.189040,1.000000,1.100000,0.000000,0.000000,-1.571000,0.067692,0.992022,0.056715,0.995945
42.286000,-0.257136,0.007978,1.043281,-0.200818,0.000017,-0.002120,0.172506,-0.000010,1.570870,-0.187573,1.000000,1.100000,0.000000,0.000000,-1.571000,0.069563,0.992022,0.056719,0.996075
42.288000,-0.257532,0.007978,1.043277,-0.197028,0.000017,-0.002077,0.172546,-0.000011,1.570867,-0.186098,1.000000,1.100000,0.000000,0.000000,-1.571000,0.071434,0.992022,0.056723,0.996207
42.290000,-0.257921,0.007978,1.043273,-0.193244,0.000017,-0.002028,0.172573,-0.000011,1.570864,-0.184616,1.000000,1.100000,0.000000,0.000000,-1.571000,0.073305,0.992022,0.056727,0.996343
42.292000,-0.258302,0.007978,1.043269,-0.189466,0.000017,-0.001975,0.172588,-0.000011,1.570861,-0.183127,1.000000,1.100000,0.000000,0.000000,-1.571000,0.075176,0.992022,0.056731,0.996483
42.294000,-0.258676,0.007978,1.043265,-0.185693,0.000017,-0.001917,0.172593,-0.000012,1.570858,-0.181630,1.000000,1.100000,0.000000,0.000000,-1.571000,0.077046,0.992022,0.056735,0.996626
42.296000,-0.259042,0.007978,1.043261,-0.181927,0.000017,-0.001855,0.172587,-0.000012,1.570854,-0.180126,1.000000,1.100000,0.000000,0.000000,-1.571000,0.078916,0.992022,0.056739,0.996772
42.298000,-0.259400,0.007978,1.043258,-0.178168,0.000017,-0.001790,0.172574,-0.000012,1.570851,-0.178615,1.000000,1.100000,0.000000,0.000000,-1.571000,0.080785,0.992022,0.056742,0.996922
42.300000,-0.259751,0.007978,1.043254,-0.174415,0.000017,-0.001722,0.172553,-0.000012,1.570848,-0.177097,1.000000,1.100000,0.000000,0.000000,-1.571000,0.082654,0.992022,0.056746,0.997076
42.302000,-0.260095,0.007978,1.043251,-0.170669,0.000017,-0.001651,0.172526,-0.000012,1.570844,-0.175572,1.000000,1.100000,0.000000,0.000000,-1.571000,0.084523,0.992022,0.056749,0.997232
42.304000,-0.260431,0.007978,1.043248,-0.166930,0.000017,-0.001577,0.172493,-0.000012,1.570841,-0.174040,1.000000,1.100000,0.000000,0.000000,-1.571000,0.086391,0.992022,0.056752,0.997393
42.306000,-0.260760,0.007978,1.043244,-0.163198,0.000017,-0.001500,0.172457,-0.000012,1.570837,-0.172502,1.000000,1.100000,0.000000,0.000000,-1.571000,0.088258,0.992022,0.056756,0.997556
42.308000,-0.261081,0.007978,1.043242,-0.159473,0.000017,-0.001421,0.172416,-0.000011,1.570834,-0.170956,1.000000,1.100000,0.000000,0.000000,-1.571000,0.090125,0.992022,0.056758,0.997723
42.310000,-0.261395,0.007978,1.043239,-0.155756,0.000017,-0.001341,0.172373,-0.000011,1.570831,-0.169404,1.000000,1.100000,0.000000,0.000000,-1.571000,0.091991,0.992022,0.056761,0.997894
42.312000,-0.261701,0.007978,1.043236,-0.152046,0.000016,-0.001258,0.172328,-0.000011,1.570827,-0.167845,1.000000,1.100000,0.000000,0.000000,-1.571000,0.093856,0.992022,0.056764,0.998067
42.314000,-0.262000,0.007978,1.043234,-0.148344,0.000016,-0.001174,0.172282,-0.000010,1.570824,-0.166279,1.000000,1.100000,0.000000,0.000000,-1.571000,0.095721,0.992022,0.056766,0.998245
42.316000,-0.262291,0.007978,1.043232,-0.144649,0.000016,-0.001088,0.172236,-0.000010,1.570820,-0.164707,1.000000,1.100000,0.000000,0.000000,-1.571000,0.097584,0.992022,0.056768,0.998425
42.318000,-0.262575,0.007978,1.043230,-0.140961,0.000016,-0.001001,0.172190,-0.000010,1.570817,-0.163128,1.000000,1.100000,0.000000,0.000000,-1.571000,0.099447,0.992022,0.056770,0.998609
42.320000,-0.262852,0.007978,1.043228,-0.137282,0.000016,-0.000913,0.172144,-0.000009,1.570814,-0.161543,1.000000,1.100000,0.000000,0.000000,-1.571000,0.101309,0.992022,0.056772,0.998796
42.322000,-0.263121,0.007978,1.043226,-0.133609,0.000016,-0.000823,0.172100,-0.000008,1.570810,-0.159951,1.000000,1.100000,0.000000,0.000000,-1.571000,0.103170,0.992022,0.056774,0.998987
42.324000,-0.263383,0.007978,1.043225,-0.129944,0.000016,-0.000732,0.172057,-0.000008,1.570807,-0.158354,1.000000,1.100000,0.000000,0.000000,-1.571000,0.105029,0.992022,0.056775,0.999181
42.326000,-0.263638,0.007978,1.043223,-0.126287,0.000015,-0.000641,0.172017,-0.000007,1.570804,-0.156750,1.000000,1.100000,0.000000,0.000000,-1.571000,0.106888,0.992022,0.056777,0.999378
42.328000,-0.263885,0.007978,1.043222,-0.122637,0.000015,-0.000549,0.171979,-0.000007,1.570801,-0.155139,1.000000,1.100000,0.000000,0.000000,-1.571000,0.108746,0.992022,0.056778,0.999578
42.330000,-0.264125,0.007978,1.043221,-0.118994,0.000015,-0.000456,0.171945,-0.000006,1.570798,-0.153523,1.000000,1.100000,0.000000,0.000000,-1.571000,0.110602,0.992022,0.056779,0.999782
42.332000,-0.264358,0.007978,1.043220,-0.115359,0.000015,-0.000362,0.171913,-0.000005,1.570795,-0.151900,1.000000,1.100000,0.000000,0.000000,-1.571000,0.112457,0.992022,0.056780,0.999989
42.334000,-0.264583,0.007978,1.043220,-0.111731,0.000015,-0.000268,0.171885,-0.000004,1.570792,-0.150272,1.000000,1.100000,0.000000,0.000000,-1.571000,0.114311,0.992022,0.056780,1.000199
42.336000,-0.264802,0.007978,1.043219,-0.108110,0.000015,-0.000173,0.171861,-0.000004,1.570789,-0.148638,1.000000,1.100000,0.000000,0.000000,-1.571000,0.116164,0.992022,0.056781,1.000412
42.338000,-0.265013,0.007978,1.043219,-0.104496,0.000015,-0.000078,0.171841,-0.000003,1.570786,-0.146997,1.000000,1.100000,0.000000,0.000000,-1.571000,0.118015,0.992022,0.056781,1.000629
42.340000,-0.265216,0.007978,1.043219,-0.100890,0.000015,0.000017,0.171825,-0.000002,1.570784,-0.145351,1.000000,1.100000,0.000000,0.000000,-1.571000,0.119865,0.992022,0.056781,1.000849
42.342000,-0.265413,0.007978,1.043219,-0.097290,0.000014,0.000113,0.171813,-0.000002,1.570781,-0.143699,1.000000,1.100000,0.000000,0.000000,-1.571000,0.121714,0.992022,0.056781,1.001072
42.344000,-0.265602,0.007979,1.043220,-0.093696,0.000014,0.000209,0.171806,-0.000001,1.570779,-0.142042,1.000000,1.100000,0.000000,0.000000,-1.571000,0.123560,0.992021,0.056780,1.001298
42.346000,-0.265785,0.007979,1.043220,-0.090110,0.000014,0.000305,0.171802,-0.000001,1.570776,-0.140379,1.000000,1.100000,0.000000,0.000000,-1.571000,0.125406,0.992021,0.056780,1.001527
42.348000,-0.265960,0.007979,1.043221,-0.086530,0.000014,0.000402,0.171804,0.000000,1.570774,-0.138710,1.000000,1.100000,0.000000,0.000000,-1.571000,0.127249,0.992021,0.056779,1.001760
42.350000,-0.266127,0.007979,1.043222,-0.082957,0.000014,0.000498,0.171809,0.000001,1.570772,-0.137036,1.000000,1.100000,0.000000,0.000000,-1.571000,0.129091,0.992021,0.056778,1.001995
42.352000,-0.266288,0.007979,1.043223,-0.079390,0.000014,0.000594,0.171819,0.000001,1.570770,-0.135357,1.000000,1.100000,0.000000,0.000000,-1.571000,0.130931,0.992021,0.056777,1.002234
42.354000,-0.266442,0.007979,1.043224,-0.075830,0.000014,0.000691,0.171833,0.000002,1.570768,-0.133672,1.000000,1.100000,0.000000,0.000000,-1.571000,0.132770,0.992021,0.056776,1.002476
42.356000,-0.266588,0.007979,1.043226,-0.072276,0.000014,0.000787,0.171852,0.000002,1.570766,-0.131982,1.000000,1.100000,0.000000,0.000000,-1.571000,0.134607,0.992021,0.056774,1.002721
42.358000,-0.266728,0.007979,1.043228,-0.068728,0.000014,0.000884,0.171874,0.000003,1.570764,-0.130286,1.000000,1.100000,0.000000,0.000000,-1.571000,0.136441,0.992021,0.056772,1.002968
42.360000,-0.266860,0.007979,1.043230,-0.065186,0.000014,0.000980,0.171901,0.000003,1.570763,-0.128586,1.000000,1.100000,0.000000,0.000000,-1.571000,0.138274,0.992021,0.056770,1.003219
42.362000,-0.266985,0.007979,1.043232,-0.061650,0.000013,0.001079,0.171931,0.000004,1.570761,-0.126880,1.000000,1.100000,0.000000,0.000000,-1.571000,0.140105,0.992021,0.056768,1.003473
42.364000,-0.267103,0.007979,1.043234,-0.058119,0.000013,0.001180,0.171965,0.000004,1.570759,-0.125170,1.000000,1.100000,0.000000,0.000000,-1.571000,0.141933,0.992021,0.056766,1.003730
42.366000,-0.267214,0.007979,1.043237,-0.054593,0.000013,0.001285,0.172003,0.000004,1.570758,-0.123454,1.000000,1.100000,0.000000,0.000000,-1.571000,0.143760,0.992021,0.056763,1.003990
42.368000,-0.267318,0.007979,1.043239,-0.051073,0.000013,0.001393,0.172044,0.000005,1.570757,-0.121734,1.000000,1.100000,0.000000,0.000000,-1.571000,0.145584,0.992021,0.056761,1.004252
42.370000,-0.267415,0.007979,1.043242,-0.047557,0.000013,0.001503,0.172088,0.000005,1.570756,-0.120009,1.000000,1.100000,0.000000,0.000000,-1.571000,0.147407,0.992021,0.056758,1.004518
42.372000,-0.267505,0.007979,1.043245,-0.044047,0.000013,0.001616,0.172136,0.000005,1.570754,-0.118279,1.000000,1.100000,0.000000,0.000000,-1.571000,0.149226,0.992021,0.056755,1.004786
42.374000,-0.267588,0.007979,1.043249,-0.040542,0.000013,0.001730,0.172186,0.000006,1.570753,-0.116544,1.000000,1.100000,0.000000,0.000000,-1.571000,0.151044,0.992021,0.056751,1.005058
42.376000,-0.267664,0.007979,1.043252,-0.037043,0.000013,0.001846,0.172239,0.000006,1.570752,-0.114805,1.000000,1.100000,0.000000,0.000000,-1.571000,0.152859,0.992021,0.056748,1.005332
42.378000,-0.267733,0.007979,1.043256,-0.033548,0.000013,0.001964,0.172294,0.000006,1.570752,-0.113061,1.000000,1.100000,0.000000,0.000000,-1.571000,0.154672,0.992021,0.056744,1.005609
42.380000,-0.267795,0.007979,1.043260,-0.030058,0.000013,0.002083,0.172352,0.000006,1.570751,-0.111313,1.000000,1.100000,0.000000,0.000000,-1.571000,0.156482,0.992021,0.056740,1.005888
42.382000,-0.267850,0.007979,1.043265,-0.026574,0.000013,0.002203,0.172411,0.000006,1.570750,-0.109561,1.000000,1.100000,0.000000,0.000000,-1.571000,0.158289,0.992021,0.056735,1.006171
42.384000,-0.267898,0.007979,1.043269,-0.023094,0.000013,0.002325,0.172472,0.000006,1.570749,-0.107804,1.000000,1.100000,0.000000,0.000000,-1.571000,0.160094,0.992021,0.056731,1.006456
42.386000,-0.267939,0.007979,1.043274,-0.019619,0.000013,0.002447,0.172535,0.000006,1.570749,-0.106042,1.000000,1.100000,0.000000,0.000000,-1.571000,0.161896,0.992021,0.056726,1.006744
42.388000,-0.267973,0.007979,1.043279,-0.016150,0.000013,0.002570,0.172599,0.000006,1.570748,-0.104277,1.000000,1.100000,0.000000,0.000000,-1.571000,0.163696,0.992021,0.056721,1.007035
42.390000,-0.268000,0.007979,1.043285,-0.012685,0.000013,0.002693,0.172664,0.000006,1.570748,-0.102508,1.000000,1.100000,0.000000,0.000000,-1.571000,0.165492,0.992021,0.056715,1.007328
42.392000,-0.268020,0.007979,1.043290,-0.009235,0.000012,0.002820,0.172730,0.000006,1.570747,-0.100734,1.000000,1.100000,0.000000,0.000000,-1.571000,0.167286,0.992021,0.056710,1.007624
42.394000,-0.268033,0.007979,1.043296,-0.005792,0.000012,0.002950,0.172797,0.000006,1.570747,-0.098957,1.000000,1.100000,0.000000,0.000000,-1.571000,0.169077,0.992021,0.056704,1.007922
42.396000,-0.268040,0.007979,1.043302,-0.002348,0.000012,0.003080,0.172865,0.000005,1.570747,-0.097175,1.000000,1.100000,0.000000,0.000000,-1.571000,0.170865,0.992021,0.056698,1.008224
42.398000,-0.268039,0.007979,1.043309,0.001097,0.000012,0.003211,0.172932,0.000005,1.570747,-0.095390,1.000000,1.100000,0.000000,0.000000,-1.571000,0.172649,0.992021,0.056691,1.008527
42.400000,-0.268032,0.007979,1.043315,0.004544,0.000012,0.003342,0.173000,0.000005,1.570747,-0.093601,1.000000,1.100000,0.000000,0.000000,-1.571000,0.174431,0.992021,0.056685,1.008833
42.402000,-0.268018,0.007979,1.043322,0.007993,0.000012,0.003474,0.173068,0.000005,1.570746,-0.091808,1.000000,1.100000,0.000000,0.000000,-1.571000,0.176210,0.992021,0.056678,1.009142
42.404000,-0.267997,0.007979,1.043329,0.011422,0.000012,0.003599,0.173135,0.000005,1.570746,-0.090012,1.000000,1.100000,0.000000,0.000000,-1.571000,0.177985,0.992021,0.056671,1.009453
42.406000,-0.267969,0.007979,1.043337,0.014847,0.000012,0.003725,0.173203,0.000004,1.570746,-0.088212,1.000000,1.100000,0.000000,0.000000,-1.571000,0.179757,0.992021,0.056663,1.009766
42.408000,-0.267934,0.007979,1.043344,0.018267,0.000012,0.003850,0.173269,0.000004,1.570747,-0.086409,1.000000,1.100000,0.000000,0.000000,-1.571000,0.181525,0.992021,0.056656,1.010082
42.410000,-0.267892,0.007979,1.043352,0.021682,0.000012,0.003975,0.173335,0.000004,1.570747,-0.084602,1.000000,1.100000,0.000000,0.000000,-1.571000,0.183290,0.992021,0.056648,1.010401
42.412000,-0.267844,0.007979,1.043360,0.025092,0.000012,0.004101,0.173400,0.000004,1.570747,-0.082792,1.000000,1.100000,0.000000,0.000000,-1.571000,0.185052,0.992021,0.056640,1.010721
42.414000,-0.267788,0.007979,1.043369,0.028497,0.000011,0.004226,0.173463,0.000004,1.570747,-0.080978,1.000000,1.100000,0.000000,0.000000,-1.571000,0.186810,0.992021,0.056631,1.011044
42.416000,-0.267726,0.007979,1.043377,0.031898,0.000011,0.004351,0.173526,0.000004,1.570748,-0.079162,1.000000,1.100000,0.000000,0.000000,-1.571000,0.188564,0.992021,0.056623,1.011369
42.418000,-0.267657,0.007979,1.043386,0.035293,0.000011,0.004476,0.173587,0.000004,1.570748,-0.077342,1.000000,1.100000,0.000000,0.000000,-1.571000,0.190315,0.992021,0.056614,1.011696
42.420000,-0.267581,0.007979,1.043395,0.038683,0.000011,0.004600,0.173647,0.000004,1.570748,-0.075519,1.000000,1.100000,0.000000,0.000000,-1.571000,0.192062,0.992021,0.056605,1.012026
42.422000,-0.267499,0.007979,1.043405,0.042067,0.000011,0.004723,0.173705,0.000004,1.570749,-0.073694,1.000000,1.100000,0.000000,0.000000,-1.571000,0.193805,0.992021,0.056595,1.012358
42.424000,-0.267410,0.007980,1.043414,0.045446,0.000011,0.004842,0.173762,0.000004,1.570749,-0.071865,1.000000,1.100000,0.000000,0.000000,-1.571000,0.195544,0.992020,0.056586,1.012692
42.426000,-0.267313,0.007980,1.043424,0.048820,0.000011,0.004957,0.173817,0.000004,1.570750,-0.070034,1.000000,1.100000,0.000000,0.000000,-1.571000,0.197280,0.992020,0.056576,1.013028
42.428000,-0.267211,0.007980,1.043434,0.052187,0.000011,0.005070,0.173870,0.000004,1.570750,-0.068199,1.000000,1.100000,0.000000,0.000000,-1.571000,0.199011,0.992020,0.056566,1.013366
42.430000,-0.267101,0.007980,1.043445,0.055549,0.000011,0.005180,0.173921,0.000004,1.570751,-0.066362,1.000000,1.100000,0.000000,0.000000,-1.571000,0.200739,0.992020,0.056555,1.013706
42.432000,-0.266985,0.007980,1.043455,0.058906,0.000011,0.005287,0.173970,0.000004,1.570751,-0.064523,1.000000,1.100000,0.000000,0.000000,-1.571000,0.202462,0.992020,0.056545,1.014048
42.434000,-0.266862,0.007980,1.043466,0.062257,0.000010,0.005392,0.174017,0.000005,1.570752,-0.062681,1.000000,1.100000,0.000000,0.000000,-1.571000,0.204181,0.992020,0.056534,1.014392
42.436000,-0.266732,0.007980,1.043477,0.065602,0.000010,0.005495,0.174062,0.000005,1.570752,-0.060836,1.000000,1.100000,0.000000,0.000000,-1.571000,0.205896,0.992020,0.056523,1.014738
42.438000,-0.266596,0.007980,1.043488,0.068941,0.000010,0.005595,0.174105,0.000005,1.570753,-0.058989,1.000000,1.100000,0.000000,0.000000,-1.571000,0.207607,0.992020,0.056512,1.015085
42.440000,-0.266453,0.007980,1.043499,0.072275,0.000010,0.005694,0.174146,0.000005,1.570753,-0.057140,1.000000,1.100000,0.000000,0.000000,-1.571000,0.209313,0.992020,0.056501,1.015435
42.442000,-0.266303,0.007980,1.043511,0.075604,0.000010,0.005792,0.174185,0.000005,1.570754,-0.055288,1.000000,1.100000,0.000000,0.000000,-1.571000,0.211015,0.992020,0.056489,1.015787
42.444000,-0.266147,0.007980,1.043523,0.078926,0.000010,0.005888,0.174222,0.000005,1.570755,-0.053435,1.000000,1.100000,0.000000,0.000000,-1.571000,0.212712,0.992020,0.056477,1.016140
42.446000,-0.265984,0.007980,1.043535,0.082243,0.000010,0.005982,0.174256,0.000005,1.570755,-0.051579,1.000000,1.100000,0.000000,0.000000,-1.571000,0.214405,0.992020,0.056465,1.016495
42.448000,-0.265814,0.007980,1.043547,0.085555,0.000010,0.006075,0.174289,0.000006,1.570756,-0.049721,1.000000,1.100000,0.000000,0.000000,-1.571000,0.216093,0.992020,0.056453,1.016852
42.450000,-0.265638,0.007980,1.043559,0.088861,0.000010,0.006167,0.174319,0.000006,1.570756,-0.047861,1.000000,1.100000,0.000000,0.000000,-1.571000,0.217777,0.992020,0.056441,1.017210
42.452000,-0.265455,0.007980,1.043571,0.092161,0.000010,0.006258,0.174347,0.000006,1.570757,-0.045999,1.000000,1.100000,0.000000,0.000000,-1.571000,0.219456,0.992020,0.056429,1.017570
42.454000,-0.265266,0.007980,1.043584,0.095455,0.000010,0.006348,0.174372,0.000006,1.570758,-0.044136,1.000000,1.100000,0.000000,0.000000,-1.571000,0.221130,0.992020,0.056416,1.017932
42.456000,-0.265070,0.007980,1.043597,0.098744,0.000010,0.006437,0.174396,0.000006,1.570758,-0.042270,1.000000,1.100000,0.000000,0.000000,-1.571000,0.222799,0.992020,0.056403,1.018295
42.458000,-0.264867,0.007980,1.043610,0.102027,0.000010,0.006525,0.174418,0.000006,1.570759,-0.040403,1.000000,1.100000,0.000000,0.000000,-1.571000,0.224464,0.992020,0.056390,1.018660
42.460000,-0.264658,0.007980,1.043623,0.105304,0.000010,0.006612,0.174437,0.000006,1.570759,-0.038535,1.000000,1.100000,0.000000,0.000000,-1.571000,0.226123,0.992020,0.056377,1.019026
42.462000,-0.264442,0.007980,1.043637,0.108575,0.000010,0.006698,0.174455,0.000006,1.570760,-0.036665,1.000000,1.100000,0.000000,0.000000,-1.571000,0.227777,0.992020,0.056363,1.019394
42.464000,-0.264220,0.007980,1.043650,0.111840,0.000010,0.006784,0.174471,0.000006,1.570761,-0.034793,1.000000,1.100000,0.000000,0.000000,-1.571000,0.229427,0.992020,0.056350,1.019763
42.466000,-0.263991,0.007980,1.043664,0.115100,0.000010,0.006870,0.174485,0.000006,1.570761,-0.032920,1.000000,1.100000,0.000000,0.000000,-1.571000,0.231071,0.992020,0.056336,1.020133
42.468000,-0.263756,0.007980,1.043678,0.118354,0.000010,0.006954,0.174497,0.000006,1.570762,-0.031046,1.000000,1.100000,0.000000,0.000000,-1.571000,0.232710,0.992020,0.056322,1.020505
42.470000,-0.263514,0.007980,1.043692,0.121602,0.000010,0.007038,0.174507,0.000005,1.570763,-0.029171,1.000000,1.100000,0.000000,0.000000,-1.571000,0.234343,0.992020,0.056308,1.020878
42.472000,-0.263266,0.007980,1.043706,0.124844,0.000010,0.007122,0.174516,0.000005,1.570763,-0.027294,1.000000,1.100000,0.000000,0.000000,-1.571000,0.235972,0.992020,0.056294,1.021252
42.474000,-0.263011,0.007980,1.043720,0.128080,0.000010,0.007205,0.174522,0.000005,1.570764,-0.025416,1.000000,1.100000,0.000000,0.000000,-1.571000,0.237594,0.992020,0.056280,1.021627
42.476000,-0.262750,0.007980,1.043735,0.131310,0.000010,0.007288,0.174528,0.000005,1.570764,-0.023538,1.000000,1.100000,0.000000,0.000000,-1.571000,0.239212,0.992020,0.056265,1.022004
42.478000,-0.262482,0.007980,1.043750,0.134535,0.000009,0.007370,0.174532,0.000005,1.570765,-0.021658,1.000000,1.100000,0.000000,0.000000,-1.571000,0.240824,0.992020,0.056250,1.022381
42.480000,-0.262208,0.007980,1.043765,0.137753,0.000009,0.007452,0.174534,0.000004,1.570766,-0.019778,1.000000,1.100000,0.000000,0.000000,-1.571000,0.242430,0.992020,0.056235,1.022760
42.482000,-0.261927,0.007980,1.043780,0.140965,0.000009,0.007533,0.174535,0.000004,1.570766,-0.017896,1.000000,1.100000,0.000000,0.000000,-1.571000,0.244031,0.992020,0.056220,1.023140
42.484000,-0.261640,0.007980,1.043795,0.144171,0.000009,0.007611,0.174535,0.000004,1.570767,-0.016015,1.000000,1.100000,0.000000,0.000000,-1.571000,0.245626,0.992020,0.056205,1.023521
42.486000,-0.261347,0.007980,1.043810,0.147371,0.000009,0.007688,0.174533,0.000003,1.570767,-0.014132,1.000000,1.100000,0.000000,0.000000,-1.571000,0.247215,0.992020,0.056190,1.023902
42.488000,-0.261047,0.007980,1.043826,0.150565,0.000009,0.007762,0.174531,0.000003,1.570768,-0.012249,1.000000,1.100000,0.000000,0.000000,-1.571000,0.248798,0.992020,0.056174,1.024285
42.490000,-0.260741,0.007980,1.043841,0.153752,0.000009,0.007835,0.174527,0.000003,1.570768,-0.010365,1.000000,1.100000,0.000000,0.000000,-1.571000,0.250375,0.992020,0.056159,1.024668
42.492000,-0.260428,0.007980,1.043857,0.156933,0.000009,0.007907,0.174522,0.000002,1.570769,-0.008481,1.000000,1.100000,0.000000,0.000000,-1.571000,0.251947,0.992020,0.056143,1.025052
42.494000,-0.260109,0.007980,1.043873,0.160107,0.000009,0.007977,0.174517,0.000002,1.570769,-0.006597,1.000000,1.100000,0.000000,0.000000,-1.571000,0.253512,0.992020,0.056127,1.025437
42.496000,-0.259784,0.007980,1.043889,0.163276,0.000009,0.008046,0.174510,0.000002,1.570770,-0.004712,1.000000,1.100000,0.000000,0.000000,-1.571000,0.255071,0.992020,0.056111,1.025823
42.498000,-0.259452,0.007980,1.043905,0.166438,0.000009,0.008114,0.174503,0.000002,1.570770,-0.002827,1.000000,1.100000,0.000000,0.000000,-1.571000,0.256625,0.992020,0.056095,1.026210
42.500000,-0.259114,0.007980,1.043922,0.169595,0.000009,0.008181,0.174495,0.000001,1.570770,-0.000942,1.000000,1.100000,0.000000,0.000000,-1.571000,0.258172,0.992020,0.056078,1.026597
42.502000,-0.258770,0.007980,1.043938,0.172745,0.000009,0.008247,0.174486,0.000001,1.570771,0.000942,1.000000,1.100000,0.000000,0.000000,-1.571000,0.259712,0.992020,0.056062,1.026984
42.504000,-0.258419,0.007980,1.043955,0.175889,0.000009,0.008312,0.174477,0.000001,1.570771,0.002827,1.000000,1.100000,0.000000,0.000000,-1.571000,0.261247,0.992020,0.056045,1.027372
42.506000,-0.258062,0.007980,1.043971,0.179026,0.000009,0.008377,0.174467,0.000001,1.570772,0.004712,1.000000,1.100000,0.000000,0.000000,-1.571000,0.262775,0.992020,0.056029,1.027761
42.508000,-0.257699,0.007980,1.043988,0.182158,0.000009,0.008440,0.174457,0.000001,1.570772,0.006597,1.000000,1.100000,0.000000,0.000000,-1.571000,0.264296,0.992020,0.056012,1.028150
42.510000,-0.257330,0.007980,1.044005,0.185283,0.000008,0.008503,0.174447,0.000001,1.570772,0.008481,1.000000,1.100000,0.000000,0.000000,-1.571000,0.265811,0.992020,0.055995,1.028540
42.512000,-0.256954,0.007980,1.044022,0.188403,0.000008,0.008566,0.174436,0.000001,1.570773,0.010365,1.000000,1.100000,0.000000,0.000000,-1.571000,0.267320,0.992020,0.055978,1.028930
42.514000,-0.256572,0.007980,1.044040,0.191516,0.000008,0.008627,0.174425,0.000001,1.570773,0.012249,1.000000,1.100000,0.000000,0.000000,-1.571000,0.268821,0.992020,0.055960,1.029320
42.516000,-0.256184,0.007980,1.044057,0.194624,0.000008,0.008689,0.174413,0.000001,1.570773,0.014132,1.000000,1.100000,0.000000,0.000000,-1.571000,0.270316,0.992020,0.055943,1.029710
42.518000,-0.255790,0.007980,1.044074,0.197725,0.000008,0.008750,0.174402,0.000001,1.570773,0.016015,1.000000,1.100000,0.000000,0.000000,-1.571000,0.271805,0.992020,0.055926,1.030101
42.520000,-0.255390,0.007980,1.044092,0.200820,0.000008,0.008810,0.174390,0.000001,1.570774,0.017896,1.000000,1.100000,0.000000,0.000000,-1.571000,0.273286,0.992020,0.055908,1.030492
42.522000,-0.254983,0.007980,1.044110,0.203909,0.000008,0.008870,0.174378,0.000001,1.570774,0.019778,1.000000,1.100000,0.000000,0.000000,-1.571000,0.274761,0.992020,0.055890,1.030883
42.524000,-0.254570,0.007980,1.044128,0.206992,0.000008,0.008930,0.174366,0.000001,1.570774,0.021658,1.000000,1.100000,0.000000,0.000000,-1.571000,0.276228,0.992020,0.055872,1.031274
42.526000,-0.254151,0.007980,1.044146,0.210070,0.000008,0.008989,0.174355,0.000002,1.570774,0.023538,1.000000,1.100000,0.000000,0.000000,-1.571000,0.277689,0.992020,0.055854,1.031665
42.528000,-0.253726,0.007980,1.044164,0.213141,0.000008,0.009048,0.174343,0.000002,1.570774,0.025416,1.000000,1.100000,0.000000,0.000000,-1.571000,0.279142,0.992020,0.055836,1.032057
42.530000,-0.253295,0.007981,1.044182,0.216206,0.000008,0.009107,0.174331,0.000002,1.570774,0.027294,1.000000,1.100000,0.000000,0.000000,-1.571000,0.280589,0.992019,0.055818,1.032448
42.532000,-0.252857,0.007981,1.044200,0.219265,0.000008,0.009166,0.174320,0.000002,1.570774,0.029171,1.000000,1.100000,0.000000,0.000000,-1.571000,0.282028,0.992019,0.055800,1.032839
42.534000,-0.252414,0.007981,1.044219,0.222319,0.000008,0.009224,0.174308,0.000002,1.570774,0.031046,1.000000,1.100000,0.000000,0.000000,-1.571000,0.283460,0.992019,0.055781,1.033230
42.536000,-0.251964,0.007981,1.044237,0.225366,0.000008,0.009282,0.174297,0.000002,1.570774,0.032920,1.000000,1.100000,0.000000,0.000000,-1.571000,0.284884,0.992019,0.055763,1.033620
42.538000,-0.251508,0.007981,1.044256,0.228408,0.000008,0.009340,0.174286,0.000003,1.570774,0.034793,1.000000,1.100000,0.000000,0.000000,-1.571000,0.286301,0.992019,0.055744,1.034011
42.540000,-0.251046,0.007981,1.044275,0.231443,0.000007,0.009398,0.174276,0.000003,1.570774,0.036665,1.000000,1.100000,0.000000,0.000000,-1.571000,0.287711,0.992019,0.055725,1.034401
42.542000,-0.250578,0.007981,1.044294,0.234473,0.000007,0.009455,0.174265,0.000003,1.570774,0.038535,1.000000,1.100000,0.000000,0.000000,-1.571000,0.289113,0.992019,0.055706,1.034791
42.544000,-0.250104,0.007981,1.044313,0.237497,0.000007,0.009512,0.174255,0.000003,1.570774,0.040403,1.000000,1.100000,0.000000,0.000000,-1.571000,0.290508,0.992019,0.055687,1.035180
42.546000,-0.249624,0.007981,1.044332,0.240516,0.000007,0.009569,0.174245,0.000003,1.570774,0.042270,1.000000,1.100000,0.000000,0.000000,-1.571000,0.291895,0.992019,0.055668,1.035569
42.548000,-0.249138,0.007981,1.044351,0.243528,0.000007,0.009626,0.174236,0.000003,1.570774,0.044136,1.000000,1.100000,0.000000,0.000000,-1.571000,0.293274,0.992019,0.055649,1.035958
42.550000,-0.248646,0.007981,1.044370,0.246534,0.000007,0.009683,0.174227,0.000003,1.570774,0.045999,1.000000,1.100000,0.000000,0.000000,-1.571000,0.294646,0.992019,0.055630,1.036346
42.552000,-0.248148,0.007981,1.044390,0.249535,0.000007,0.009740,0.174218,0.000003,1.570774,0.047861,1.000000,1.100000,0.000000,0.000000,-1.571000,0.296009,0.992019,0.055610,1.036734
42.554000,-0.247644,0.007981,1.044409,0.252530,0.000007,0.009796,0.174210,0.000003,1.570774,0.049721,1.000000,1.100000,0.000000,0.000000,-1.571000,0.297365,0.992019,0.055591,1.037120
42.556000,-0.247134,0.007981,1.044429,0.255520,0.000007,0.009853,0.174202,0.000003,1.570774,0.051579,1.000000,1.100000,0.000000,0.000000,-1.571000,0.298713,0.992019,0.055571,1.037507
42.558000,-0.246618,0.007981,1.044449,0.258503,0.000007,0.009909,0.174195,0.000002,1.570774,0.053435,1.000000,1.100000,0.000000,0.000000,-1.571000,0.300053,0.992019,0.055551,1.037892
42.560000,-0.246096,0.007981,1.044469,0.261481,0.000007,0.009965,0.174188,0.000002,1.570774,0.055288,1.000000,1.100000,0.000000,0.000000,-1.571000,0.301384,0.992019,0.055531,1.038277
42.562000,-0.245568,0.007981,1.044489,0.264453,0.000007,0.010019,0.174181,0.000002,1.570773,0.057140,1.000000,1.100000,0.000000,0.000000,-1.571000,0.302708,0.992019,0.055511,1.038661
42.564000,-0.245034,0.007981,1.044509,0.267419,0.000007,0.010068,0.174173,0.000002,1.570773,0.058989,1.000000,1.100000,0.000000,0.000000,-1.571000,0.304024,0.992019,0.055491,1.039044
42.566000,-0.244495,0.007981,1.044529,0.270378,0.000007,0.010113,0.174164,0.000001,1.570773,0.060836,1.000000,1.100000,0.000000,0.000000,-1.571000,0.305331,0.992019,0.055471,1.039426
42.568000,-0.243949,0.007981,1.044550,0.273331,0.000007,0.010154,0.174153,0.000001,1.570773,0.062681,1.000000,1.100000,0.000000,0.000000,-1.571000,0.306630,0.992019,0.055450,1.039807
42.570000,-0.243397,0.007981,1.044570,0.276277,0.000007,0.010192,0.174139,0.000001,1.570774,0.064523,1.000000,1.100000,0.000000,0.000000,-1.571000,0.307920,0.992019,0.055430,1.040187
42.572000,-0.242840,0.007981,1.044590,0.279217,0.000007,0.010226,0.174121,0.000001,1.570774,0.066362,1.000000,1.100000,0.000000,0.000000,-1.571000,0.309202,0.992019,0.055410,1.040566
42.574000,-0.242276,0.007981,1.044611,0.282151,0.000007,0.010258,0.174100,0.000000,1.570774,0.068199,1.000000,1.100000,0.000000,0.000000,-1.571000,0.310476,0.992019,0.055389,1.040944
42.576000,-0.241707,0.007981,1.044631,0.285079,0.000007,0.010288,0.174074,-0.000000,1.570774,0.070034,1.000000,1.100000,0.000000,0.000000,-1.571000,0.311741,0.992019,0.055369,1.041321
42.578000,-0.241132,0.007981,1.044652,0.288000,0.000006,0.010315,0.174043,-0.000000,1.570774,0.071865,1.000000,1.100000,0.000000,0.000000,-1.571000,0.312997,0.992019,0.055348,1.041697
42.580000,-0.240551,0.007981,1.044673,0.290915,0.000006,0.010340,0.174007,-0.000001,1.570774,0.073694,1.000000,1.100000,0.000000,0.000000,-1.571000,0.314245,0.992019,0.055327,1.042071
42.582000,-0.239964,0.007981,1.044694,0.293823,0.000006,0.010363,0.173966,-0.000001,1.570775,0.075519,1.000000,1.100000,0.000000,0.000000,-1.571000,0.315484,0.992019,0.055306,1.042445
42.584000,-0.239372,0.007981,1.044714,0.296725,0.000006,0.010385,0.173919,-0.000002,1.570775,0.077342,1.000000,1.100000,0.000000,0.000000,-1.571000,0.316714,0.992019,0.055286,1.042816
42.586000,-0.238773,0.007981,1.044735,0.299620,0.000006,0.010405,0.173867,-0.000002,1.570775,0.079162,1.000000,1.100000,0.000000,0.000000,-1.571000,0.317935,0.992019,0.055265,1.043187
42.588000,-0.238169,0.007981,1.044756,0.302509,0.000006,0.010425,0.173808,-0.000002,1.570776,0.080978,1.000000,1.100000,0.000000,0.000000,-1.571000,0.319147,0.992019,0.055244,1.043556
42.590000,-0.237559,0.007981,1.044777,0.305390,0.000006,0.010443,0.173743,-0.000003,1.570776,0.082792,1.000000,1.100000,0.000000,0.000000,-1.571000,0.320351,0.992019,0.055223,1.043923
42.592000,-0.236943,0.007981,1.044798,0.308265,0.000006,0.010460,0.173672,-0.000003,1.570777,0.084602,1.000000,1.100000,0.000000,0.000000,-1.571000,0.321545,0.992019,0.055202,1.044289
42.594000,-0.236322,0.007981,1.044819,0.311133,0.000006,0.010476,0.173596,-0.000003,1.570777,0.086409,1.000000,1.100000,0.000000,0.000000,-1.571000,0.322731,0.992019,0.055181,1.044654
42.596000,-0.235695,0.007981,1.044840,0.313994,0.000005,0.010492,0.173513,-0.000004,1.570778,0.088212,1.000000,1.100000,0.000000,0.000000,-1.571000,0.323907,0.992019,0.055160,1.045017
42.598000,-0.235062,0.007981,1.044861,0.316848,0.000005,0.010507,0.173423,-0.000004,1.570778,0.090012,1.000000,1.100000,0.000000,0.000000,-1.571000,0.325074,0.992019,0.055139,1.045378
42.600000,-0.234423,0.007981,1.044882,0.319695,0.000005,0.010521,0.173328,-0.000004,1.570779,0.091808,1.000000,1.100000,0.000000,0.000000,-1.571000,0.326231,0.992019,0.055118,1.045737
42.602000,-0.233779,0.007981,1.044903,0.322534,0.000005,0.010535,0.173227,-0.000004,1.570779,0.093601,1.000000,1.100000,0.000000,0.000000,-1.571000,0.327380,0.992019,0.055097,1.046095
42.604000,-0.233129,0.007981,1.044924,0.325366,0.000005,0.010549,0.173121,-0.000005,1.570780,0.095390,1.000000,1.100000,0.000000,0.000000,-1.571000,0.328519,0.992019,0.055076,1.046451
42.606000,-0.232473,0.007981,1.044945,0.328191,0.000005,0.010562,0.173009,-0.000005,1.570780,0.097175,1.000000,1.100000,0.000000,0.000000,-1.571000,0.329648,0.992019,0.055055,1.046805
42.608000,-0.231812,0.007981,1.044966,0.331008,0.000004,0.010576,0.172891,-0.000005,1.570781,0.098957,1.000000,1.100000,0.000000,0.000000,-1.571000,0.330769,0.992019,0.055034,1.047157
42.610000,-0.231145,0.007981,1.044988,0.333817,0.000004,0.010589,0.172768,-0.000005,1.570781,0.100734,1.000000,1.100000,0.000000,0.000000,-1.571000,0.331879,0.992019,0.055012,1.047507
42.612000,-0.230473,0.007981,1.045009,0.336619,0.000004,0.010602,0.172641,-0.000005,1.570782,0.102508,1.000000,1.100000,0.000000,0.000000,-1.571000,0.332980,0.992019,0.054991,1.047856
42.614000,-0.229794,0.007981,1.045030,0.339412,0.000004,0.010615,0.172509,-0.000006,1.570782,0.104277,1.000000,1.100000,0.000000,0.000000,-1.571000,0.334072,0.992019,0.054970,1.048202
42.616000,-0.229111,0.007981,1.045051,0.342198,0.000004,0.010629,0.172372,-0.000006,1.570783,0.106042,1.000000,1.100000,0.000000,0.000000,-1.571000,0.335153,0.992019,0.054949,1.048546
42.618000,-0.228422,0.007981,1.045073,0.344976,0.000004,0.010642,0.172231,-0.000006,1.570783,0.107804,1.000000,1.100000,0.000000,0.000000,-1.571000,0.336225,0.992019,0.054927,1.048888
42.620000,-0.227727,0.007981,1.045094,0.347747,0.000003,0.010656,0.172086,-0.000006,1.570784,0.109561,1.000000,1.100000,0.000000,0.000000,-1.571000,0.337287,0.992019,0.054906,1.049228
42.622000,-0.227026,0.007981,1.045115,0.350508,0.000003,0.010664,0.171937,-0.000006,1.570784,0.111313,1.000000,1.100000,0.000000,0.000000,-1.571000,0.338339,0.992019,0.054885,1.049565
42.624000,-0.226321,0.007981,1.045137,0.353259,0.000003,0.010663,0.171779,-0.000006,1.570785,0.113061,1.000000,1.100000,0.000000,0.000000,-1.571000,0.339382,0.992019,0.054863,1.049901
42.626000,-0.225609,0.007981,1.045158,0.356000,0.000003,0.010653,0.171611,-0.000006,1.570785,0.114805,1.000000,1.100000,0.000000,0.000000,-1.571000,0.340414,0.992019,0.054842,1.050234
42.628000,-0.224892,0.007981,1.045179,0.358732,0.000003,0.010635,0.171428,-0.000006,1.570786,0.116544,1.000000,1.100000,0.000000,0.000000,-1.571000,0.341437,0.992019,0.054821,1.050565
42.630000,-0.224170,0.007981,1.045201,0.361453,0.000003,0.010611,0.171229,-0.000006,1.570786,0.118279,1.000000,1.100000,0.000000,0.000000,-1.571000,0.342449,0.992019,0.054799,1.050893
42.632000,-0.223442,0.007981,1.045222,0.364164,0.000002,0.010580,0.171011,-0.000006,1.570787,0.120009,1.000000,1.100000,0.000000,0.000000,-1.571000,0.343451,0.992019,0.054778,1.051219
42.634000,-0.222709,0.007981,1.045243,0.366865,0.000002,0.010543,0.170773,-0.000006,1.570788,0.121734,1.000000,1.100000,0.000000,0.000000,-1.571000,0.344443,0.992019,0.054757,1.051542
42.636000,-0.221971,0.007981,1.045264,0.369555,0.000002,0.010502,0.170513,-0.000006,1.570788,0.123454,1.000000,1.100000,0.000000,0.000000,-1.571000,0.345425,0.992019,0.054736,1.051863
42.638000,-0.221227,0.007981,1.045285,0.372234,0.000002,0.010457,0.170230,-0.000006,1.570789,0.125170,1.000000,1.100000,0.000000,0.000000,-1.571000,0.346397,0.992019,0.054715,1.052182
42.640000,-0.220478,0.007981,1.045306,0.374902,0.000002,0.010408,0.169922,-0.000006,1.570790,0.126880,1.000000,1.100000,0.000000,0.000000,-1.571000,0.347358,0.992019,0.054694,1.052497
42.642000,-0.219723,0.007981,1.045326,0.377557,0.000002,0.010356,0.169589,-0.000006,1.570791,0.128586,1.000000,1.100000,0.000000,0.000000,-1.571000,0.348309,0.992019,0.054674,1.052810
42.644000,-0.218963,0.007981,1.045347,0.380201,0.000002,0.010301,0.169230,-0.000007,1.570792,0.130286,1.000000,1.100000,0.000000,0.000000,-1.571000,0.349250,0.992019,0.054653,1.053121
42.646000,-0.218198,0.007981,1.045368,0.382832,0.000001,0.010244,0.168845,-0.000007,1.570793,0.131982,1.000000,1.100000,0.000000,0.000000,-1.571000,0.350180,0.992019,0.054632,1.053429
42.648000,-0.217428,0.007981,1.045388,0.385450,0.000001,0.010185,0.168433,-0.000007,1.570794,0.133672,1.000000,1.100000,0.000000,0.000000,-1.571000,0.351100,0.992019,0.054612,1.053734
42.650000,-0.216652,0.007981,1.045408,0.388054,0.000001,0.010125,0.167995,-0.000007,1.570795,0.135357,1.000000,1.100000,0.000000,0.000000,-1.571000,0.352009,0.992019,0.054592,1.054036
42.652000,-0.215871,0.007981,1.045429,0.390644,0.000001,0.010064,0.167530,-0.000007,1.570796,0.137036,1.000000,1.100000,0.000000,0.000000,-1.571000,0.352908,0.992019,0.054571,1.054335
42.654000,-0.215086,0.007981,1.045449,0.393220,0.000001,0.010003,0.167039,-0.000007,1.570797,0.138710,1.000000,1.100000,0.000000,0.000000,-1.571000,0.353796,0.992019,0.054551,1.054632
42.656000,-0.214294,0.007981,1.045469,0.395781,0.000001,0.009940,0.166522,-0.000007,1.570798,0.140379,1.000000,1.100000,0.000000,0.000000,-1.571000,0.354673,0.992019,0.054531,1.054926
42.658000,-0.213498,0.007981,1.045488,0.398327,0.000001,0.009878,0.165981,-0.000006,1.570799,0.142042,1.000000,1.100000,0.000000,0.000000,-1.571000,0.355540,0.992019,0.054512,1.055216
42.660000,-0.212697,0.007981,1.045508,0.400857,0.000001,0.009816,0.165414,-0.000006,1.570800,0.143699,1.000000,1.100000,0.000000,0.000000,-1.571000,0.356397,0.992019,0.054492,1.055504
42.662000,-0.211891,0.007981,1.045528,0.403371,0.000000,0.009754,0.164824,-0.000006,1.570801,0.145351,1.000000,1.100000,0.000000,0.000000,-1.571000,0.357242,0.992019,0.054472,1.055789
42.664000,-0.211079,0.007981,1.045547,0.405868,0.000000,0.009693,0.164212,-0.000006,1.570802,0.146997,1.000000,1.100000,0.000000,0.000000,-1.571000,0.358077,0.992019,0.054453,1.056071
42.666000,-0.210263,0.007981,1.045566,0.408349,0.000000,0.009633,0.163577,-0.000006,1.570803,0.148638,1.000000,1.100000,0.000000,0.000000,-1.571000,0.358901,0.992019,0.054434,1.056349
42.668000,-0.209442,0.007981,1.045586,0.410812,0.000000,0.009573,0.162922,-0.000006,1.570804,0.150272,1.000000,1.100000,0.000000,0.000000,-1.571000,0.359714,0.992019,0.054414,1.056625
42.670000,-0.208616,0.007981,1.045605,0.413257,0.000000,0.009515,0.162247,-0.000006,1.570805,0.151900,1.000000,1.100000,0.000000,0.000000,-1.571000,0.360516,0.992019,0.054395,1.056897
42.672000,-0.207785,0.007981,1.045624,0.415685,-0.000000,0.009458,0.161553,-0.000006,1.570806,0.153523,1.000000,1.100000,0.000000,0.000000,-1.571000,0.361308,0.992019,0.054376,1.057167
42.674000,-0.206949,0.007981,1.045642,0.418094,-0.000000,0.009403,0.160843,-0.000005,1.570807,0.155139,1.000000,1.100000,0.000000,0.000000,-1.571000,0.362088,0.992019,0.054358,1.057433
42.676000,-0.206108,0.007981,1.045661,0.420485,-0.000000,0.009349,0.160117,-0.000005,1.570808,0.156750,1.000000,1.100000,0.000000,0.000000,-1.571000,0.362858,0.992019,0.054339,1.057696
42.678000,-0.205263,0.007981,1.045680,0.422857,-0.000000,0.009297,0.159376,-0.000005,1.570809,0.158354,1.000000,1.100000,0.000000,0.000000,-1.571000,0.363617,0.992019,0.054320,1.057955
42.680000,-0.204413,0.007981,1.045698,0.425210,-0.000000,0.009246,0.158622,-0.000005,1.570810,0.159951,1.000000,1.100000,0.000000,0.000000,-1.571000,0.364364,0.992019,0.054302,1.058211
42.682000,-0.203558,0.007981,1.045717,0.427543,-0.000000,0.009194,0.157856,-0.000005,1.570810,0.161543,1.000000,1.100000,0.000000,0.000000,-1.571000,0.365101,0.992019,0.054283,1.058464
42.684000,-0.202699,0.007981,1.045735,0.429855,-0.000000,0.009135,0.157076,-0.000005,1.570811,0.163128,1.000000,1.100000,0.000000,0.000000,-1.571000,0.365827,0.992019,0.054265,1.058714
42.686000,-0.201835,0.007981,1.045753,0.432147,-0.000000,0.009072,0.156280,-0.000005,1.570811,0.164707,1.000000,1.100000,0.000000,0.000000,-1.571000,0.366542,0.992019,0.054247,1.058960
42.688000,-0.200966,0.007981,1.045771,0.434417,-0.000001,0.009005,0.155467,-0.000004,1.570812,0.166279,1.000000,1.100000,0.000000,0.000000,-1.571000,0.367245,0.992019,0.054229,1.059203
42.690000,-0.200093,0.007981,1.045789,0.436667,-0.000001,0.008934,0.154636,-0.000004,1.570812,0.167845,1.000000,1.100000,0.000000,0.000000,-1.571000,0.367938,0.992019,0.054211,1.059443
42.692000,-0.199216,0.007981,1.045807,0.438895,-0.000001,0.008860,0.153788,-0.000004,1.570813,0.169404,1.000000,1.100000,0.000000,0.000000,-1.571000,0.368619,0.992019,0.054193,1.059678
42.694000,-0.198334,0.007981,1.045825,0.441101,-0.000001,0.008784,0.152920,-0.000004,1.570813,0.170956,1.000000,1.100000,0.000000,0.000000,-1.571000,0.369290,0.992019,0.054175,1.059911
42.696000,-0.197447,0.007981,1.045842,0.443286,-0.000001,0.008706,0.152034,-0.000004,1.570813,0.172502,1.000000,1.100000,0.000000,0.000000,-1.571000,0.369949,0.992019,0.054158,1.060140
42.698000,-0.196556,0.007981,1.045859,0.445449,-0.000001,0.008627,0.151129,-0.000004,1.570813,0.174040,1.000000,1.100000,0.000000,0.000000,-1.571000,0.370597,0.992019,0.054141,1.060365
42.700000,-0.195661,0.007981,1.045877,0.447589,-0.000001,0.008547,0.150206,-0.000005,1.570813,0.175572,1.000000,1.100000,0.000000,0.000000,-1.571000,0.371234,0.992019,0.054123,1.060587
42.702000,-0.194762,0.007981,1.045894,0.449707,-0.000001,0.008466,0.149265,-0.000005,1.570813,0.177097,1.000000,1.100000,0.000000,0.000000,-1.571000,0.371859,0.992019,0.054106,1.060806
42.704000,-0.193859,0.007981,1.045910,0.451802,-0.000001,0.008385,0.148306,-0.000005,1.570813,0.178615,1.000000,1.100000,0.000000,0.000000,-1.571000,0.372474,0.992019,0.054090,1.061020
42.706000,-0.192951,0.007981,1.045927,0.453874,-0.000001,0.008305,0.147331,-0.000005,1.570813,0.180126,1.000000,1.100000,0.000000,0.000000,-1.571000,0.373077,0.992019,0.054073,1.061231
42.708000,-0.192039,0.007981,1.045944,0.455922,-0.000001,0.008225,0.146339,-0.000005,1.570813,0.181630,1.000000,1.100000,0.000000,0.000000,-1.571000,0.373669,0.992019,0.054056,1.061439
42.710000,-0.191124,0.007981,1.045960,0.457948,-0.000001,0.008145,0.145333,-0.000005,1.570813,0.183127,1.000000,1.100000,0.000000,0.000000,-1.571000,0.374250,0.992019,0.054040,1.061643
42.712000,-0.190204,0.007981,1.045976,0.459949,-0.000001,0.008067,0.144313,-0.000005,1.570813,0.184616,1.000000,1.100000,0.000000,0.000000,-1.571000,0.374820,0.992019,0.054024,1.061843
42.714000,-0.189280,0.007981,1.045992,0.461926,-0.000001,0.007989,0.143281,-0.000005,1.570812,0.186098,1.000000,1.100000,0.000000,0.000000,-1.571000,0.375378,0.992019,0.054008,1.062039
42.716000,-0.188352,0.007981,1.046008,0.463879,-0.000001,0.007913,0.142236,-0.000005,1.570812,0.187573,1.000000,1.100000,0.000000,0.000000,-1.571000,0.375925,0.992019,0.053992,1.062232
42.718000,-0.187421,0.007981,1.046024,0.465808,-0.000001,0.007839,0.141182,-0.000005,1.570811,0.189040,1.000000,1.100000,0.000000,0.000000,-1.571000,0.376461,0.992019,0.053976,1.062421
42.720000,-0.186485,0.007981,1.046039,0.467713,-0.000001,0.007766,0.140118,-0.000006,1.570811,0.190500,1.000000,1.100000,0.000000,0.000000,-1.571000,0.376985,0.992019,0.053961,1.062606
42.722000,-0.185546,0.007981,1.046055,0.469593,-0.000001,0.007695,0.139047,-0.000006,1.570810,0.191952,1.000000,1.100000,0.000000,0.000000,-1.571000,0.377498,0.992019,0.053945,1.062787
42.724000,-0.184603,0.007981,1.046070,0.471448,-0.000001,0.007626,0.137970,-0.000006,1.570809,0.193397,1.000000,1.100000,0.000000,0.000000,-1.571000,0.378000,0.992019,0.053930,1.062965
42.726000,-0.183657,0.007981,1.046085,0.473279,-0.000001,0.007559,0.136888,-0.000006,1.570809,0.194834,1.000000,1.100000,0.000000,0.000000,-1.571000,0.378491,0.992019,0.053915,1.063139
42.728000,-0.182706,0.007981,1.046100,0.475085,-0.000002,0.007494,0.135802,-0.000006,1.570808,0.196264,1.000000,1.100000,0.000000,0.000000,-1.571000,0.378970,0.992019,0.053900,1.063309
42.730000,-0.181753,0.007981,1.046115,0.476867,-0.000002,0.007431,0.134715,-0.000006,1.570807,0.197686,1.000000,1.100000,0.000000,0.000000,-1.571000,0.379438,0.992019,0.053885,1.063475
42.732000,-0.180795,0.007981,1.046130,0.478623,-0.000002,0.007370,0.133627,-0.000006,1.570806,0.199100,1.000000,1.100000,0.000000,0.000000,-1.571000,0.379895,0.992019,0.053870,1.063637
42.734000,-0.179834,0.007981,1.046145,0.480356,-0.000002,0.007312,0.132540,-0.000006,1.570805,0.200506,1.000000,1.100000,0.000000,0.000000,-1.571000,0.380340,0.992019,0.053855,1.063795
42.736000,-0.178870,0.007981,1.046159,0.482063,-0.000002,0.007256,0.131456,-0.000006,1.570803,0.201904,1.000000,1.100000,0.000000,0.000000,-1.571000,0.380774,0.992019,0.053841,1.063950
42.738000,-0.177903,0.007981,1.046174,0.483747,-0.000002,0.007202,0.130375,-0.000006,1.570802,0.203294,1.000000,1.100000,0.000000,0.000000,-1.571000,0.381196,0.992019,0.053826,1.064100
42.740000,-0.176932,0.007981,1.046188,0.485406,-0.000002,0.007150,0.129300,-0.000006,1.570801,0.204676,1.000000,1.100000,0.000000,0.000000,-1.571000,0.381608,0.992019,0.053812,1.064247
42.742000,-0.175957,0.007981,1.046202,0.487041,-0.000002,0.007101,0.128231,-0.000006,1.570800,0.206050,1.000000,1.100000,0.000000,0.000000,-1.571000,0.382007,0.992019,0.053798,1.064390
42.744000,-0.174980,0.007981,1.046216,0.488652,-0.000002,0.007055,0.127170,-0.000006,1.570798,0.207416,1.000000,1.100000,0.000000,0.000000,-1.571000,0.382396,0.992019,0.053784,1.064528
42.746000,-0.173999,0.007981,1.046230,0.490239,-0.000002,0.007010,0.126119,-0.000006,1.570797,0.208774,1.000000,1.100000,0.000000,0.000000,-1.571000,0.382773,0.992019,0.053770,1.064663
42.748000,-0.173015,0.007981,1.046244,0.491803,-0.000003,0.006968,0.125078,-0.000006,1.570795,0.210123,1.000000,1.100000,0.000000,0.000000,-1.571000,0.383139,0.992019,0.053756,1.064794
42.750000,-0.172028,0.007981,1.046258,0.493343,-0.000003,0.006928,0.124049,-0.000006,1.570793,0.211465,1.000000,1.100000,0.000000,0.000000,-1.571000,0.383493,0.992019,0.053742,1.064921
42.752000,-0.171039,0.007981,1.046272,0.494861,-0.000003,0.006891,0.123033,-0.000006,1.570791,0.212797,1.000000,1.100000,0.000000,0.000000,-1.571000,0.383836,0.992019,0.053728,1.065044
42.754000,-0.170046,0.007981,1.046286,0.496356,-0.000003,0.006855,0.122031,-0.000005,1.570789,0.214122,1.000000,1.100000,0.000000,0.000000,-1.571000,0.384167,0.992019,0.053714,1.065163
42.756000,-0.169050,0.007981,1.046300,0.497828,-0.000003,0.006822,0.121044,-0.000005,1.570787,0.215438,1.000000,1.100000,0.000000,0.000000,-1.571000,0.384488,0.992019,0.053700,1.065277
42.758000,-0.168051,0.007981,1.046313,0.499279,-0.000003,0.006791,0.120074,-0.000005,1.570785,0.216745,1.000000,1.100000,0.000000,0.000000,-1.571000,0.384796,0.992019,0.053687,1.065388
42.760000,-0.167049,0.007981,1.046327,0.500708,-0.000003,0.006763,0.119121,-0.000005,1.570783,0.218044,1.000000,1.100000,0.000000,0.000000,-1.571000,0.385093,0.992019,0.053673,1.065495
42.762000,-0.166045,0.007981,1.046340,0.502116,-0.000003,0.006733,0.118185,-0.000005,1.570781,0.219335,1.000000,1.100000,0.000000,0.000000,-1.571000,0.385379,0.992019,0.053660,1.065598
42.764000,-0.165037,0.007981,1.046354,0.503502,-0.000003,0.006700,0.117266,-0.000004,1.570779,0.220616,1.000000,1.100000,0.000000,0.000000,-1.571000,0.385654,0.992019,0.053646,1.065696
42.766000,-0.164027,0.007981,1.046367,0.504867,-0.000004,0.006664,0.116361,-0.000004,1.570777,0.221889,1.000000,1.100000,0.000000,0.000000,-1.571000,0.385916,0.992019,0.053633,1.065791
42.768000,-0.163014,0.007981,1.046380,0.506211,-0.000004,0.006625,0.115470,-0.000004,1.570775,0.223154,1.000000,1.100000,0.000000,0.000000,-1.571000,0.386168,0.992019,0.053620,1.065881
42.770000,-0.161999,0.007981,1.046393,0.507535,-0.000004,0.006584,0.114591,-0.000004,1.570773,0.224409,1.000000,1.100000,0.000000,0.000000,-1.571000,0.386408,0.992019,0.053607,1.065967
42.772000,-0.160981,0.007981,1.046407,0.508839,-0.000004,0.006542,0.113724,-0.000003,1.570771,0.225655,1.000000,1.100000,0.000000,0.000000,-1.571000,0.386636,0.992019,0.053593,1.066050
42.774000,-0.159960,0.007981,1.046420,0.510123,-0.000004,0.006497,0.112869,-0.000003,1.570769,0.226893,1.000000,1.100000,0.000000,0.000000,-1.571000,0.386853,0.992019,0.053580,1.066128
42.776000,-0.158937,0.007981,1.046433,0.511388,-0.000004,0.006452,0.112023,-0.000003,1.570767,0.228122,1.000000,1.100000,0.000000,0.000000,-1.571000,0.387059,0.992019,0.053567,1.066202
42.778000,-0.157911,0.007981,1.046445,0.512633,-0.000004,0.006406,0.111187,-0.000003,1.570765,0.229341,1.000000,1.100000,0.000000,0.000000,-1.571000,0.387253,0.992019,0.053555,1.066271
42.780000,-0.156883,0.007981,1.046458,0.513860,-0.000004,0.006359,0.110361,-0.000002,1.570763,0.230552,1.000000,1.100000,0.000000,0.000000,-1.571000,0.387435,0.992019,0.053542,1.066337
42.782000,-0.155853,0.007981,1.046471,0.515068,-0.000004,0.006311,0.109543,-0.000002,1.570762,0.231754,1.000000,1.100000,0.000000,0.000000,-1.571000,0.387606,0.992019,0.053529,1.066399
42.784000,-0.154820,0.007981,1.046483,0.516258,-0.000005,0.006263,0.108734,-0.000002,1.570760,0.232946,1.000000,1.100000,0.000000,0.000000,-1.571000,0.387766,0.992019,0.053517,1.066456
42.786000,-0.153784,0.007981,1.046496,0.517429,-0.000005,0.006215,0.107932,-0.000002,1.570759,0.234129,1.000000,1.100000,0.000000,0.000000,-1.571000,0.387914,0.992019,0.053504,1.066509
42.788000,-0.152747,0.007981,1.046508,0.518583,-0.000005,0.006167,0.107139,-0.000002,1.570757,0.235303,1.000000,1.100000,0.000000,0.000000,-1.571000,0.388050,0.992019,0.053492,1.066558
42.790000,-0.151707,0.007981,1.046520,0.519719,-0.000005,0.006119,0.106354,-0.000001,1.570756,0.236468,1.000000,1.100000,0.000000,0.000000,-1.571000,0.388175,0.992019,0.053480,1.066603
42.792000,-0.150665,0.007981,1.046533,0.520837,-0.000005,0.006072,0.105576,-0.000001,1.570755,0.237623,1.000000,1.100000,0.000000,0.000000,-1.571000,0.388288,0.992019,0.053467,1.066643
42.794000,-0.149620,0.007981,1.046545,0.521938,-0.000005,0.006024,0.104806,-0.000001,1.570754,0.238769,1.000000,1.100000,0.000000,0.000000,-1.571000,0.388389,0.992019,0.053455,1.066680
42.796000,-0.148574,0.007981,1.046557,0.523021,-0.000005,0.005978,0.104043,-0.000001,1.570753,0.239905,1.000000,1.100000,0.000000,0.000000,-1.571000,0.388479,0.992019,0.053443,1.066712
42.798000,-0.147525,0.007981,1.046569,0.524088,-0.000005,0.005931,0.103288,-0.000001,1.570752,0.241032,1.000000,1.100000,0.000000,0.000000,-1.571000,0.388558,0.992019,0.053431,1.066740
42.800000,-0.146474,0.007981,1.046580,0.525138,-0.000005,0.005886,0.102541,-0.000001,1.570752,0.242150,1.000000,1.100000,0.000000,0.000000,-1.571000,0.388624,0.992019,0.053420,1.066764
42.802000,-0.145421,0.007981,1.046592,0.526171,-0.000005,0.005841,0.101801,-0.000000,1.570751,0.243258,1.000000,1.100000,0.000000,0.000000,-1.571000,0.388679,0.992019,0.053408,1.066783
42.804000,-0.144367,0.007981,1.046604,0.527188,-0.000006,0.005797,0.101068,-0.000000,1.570751,0.244356,1.000000,1.100000,0.000000,0.000000,-1.571000,0.388723,0.992019,0.053396,1.066798
42.806000,-0.143310,0.007981,1.046615,0.528189,-0.000006,0.005753,0.100344,-0.000000,1.570751,0.245445,1.000000,1.100000,0.000000,0.000000,-1.571000,0.388755,0.992019,0.053385,1.066809
42.808000,-0.142251,0.007981,1.046627,0.529173,-0.000006,0.005711,0.099627,-0.000000,1.570750,0.246524,1.000000,1.100000,0.000000,0.000000,-1.571000,0.388775,0.992019,0.053373,1.066816
42.810000,-0.141190,0.007981,1.046638,0.530142,-0.000006,0.005669,0.098919,-0.000000,1.570750,0.247593,1.000000,1.100000,0.000000,0.000000,-1.571000,0.388783,0.992019,0.053362,1.066819
42.812000,-0.140127,0.007981,1.046649,0.531095,-0.000006,0.005628,0.098218,0.000000,1.570750,0.248653,1.000000,1.100000,0.000000,0.000000,-1.571000,0.388780,0.992019,0.053351,1.066817
42.814000,-0.139062,0.007981,1.046661,0.532033,-0.000006,0.005588,0.097526,0.000000,1.570750,0.249702,1.000000,1.100000,0.000000,0.000000,-1.571000,0.388765,0.992019,0.053339,1.066811
42.816000,-0.137996,0.007981,1.046672,0.532955,-0.000006,0.005549,0.096843,0.000000,1.570750,0.250742,1.000000,1.100000,0.000000,0.000000,-1.571000,0.388738,0.992019,0.053328,1.066801
42.818000,-0.136928,0.007981,1.046683,0.533862,-0.000006,0.005511,0.096168,0.000000,1.570750,0.251772,1.000000,1.100000,0.000000,0.000000,-1.571000,0.388700,0.992019,0.053317,1.066786
42.820000,-0.135857,0.007981,1.046694,0.534755,-0.000006,0.005474,0.095502,0.000000,1.570751,0.252792,1.000000,1.100000,0.000000,0.000000,-1.571000,0.388650,0.992019,0.053306,1.066767
42.822000,-0.134786,0.007981,1.046705,0.535632,-0.000006,0.005434,0.094844,0.000000,1.570751,0.253802,1.000000,1.100000,0.000000,0.000000,-1.571000,0.388588,0.992019,0.053295,1.066744
42.824000,-0.133712,0.007981,1.046716,0.536494,-0.000006,0.005388,0.094189,0.000000,1.570751,0.254802,1.000000,1.100000,0.000000,0.000000,-1.571000,0.388514,0.992019,0.053284,1.066717
42.826000,-0.132637,0.007981,1.046726,0.537341,-0.000006,0.005337,0.093534,0.000000,1.570752,0.255792,1.000000,1.100000,0.000000,0.000000,-1.571000,0.388429,0.992019,0.053274,1.066685
42.828000,-0.131560,0.007981,1.046737,0.538173,-0.000006,0.005280,0.092874,0.000000,1.570753,0.256772,1.000000,1.100000,0.000000,0.000000,-1.571000,0.388331,0.992019,0.053263,1.066649
42.830000,-0.130481,0.007981,1.046747,0.538991,-0.000006,0.005220,0.092207,0.000000,1.570753,0.257742,1.000000,1.100000,0.000000,0.000000,-1.571000,0.388222,0.992019,0.053253,1.066609
42.832000,-0.129401,0.007981,1.046758,0.539793,-0.000007,0.005155,0.091530,0.000000,1.570754,0.258701,1.000000,1.100000,0.000000,0.000000,-1.571000,0.388102,0.992019,0.053242,1.066565
42.834000,-0.128319,0.007981,1.046768,0.540580,-0.000007,0.005088,0.090841,0.000000,1.570755,0.259650,1.000000,1.100000,0.000000,0.000000,-1.571000,0.387969,0.992019,0.053232,1.066516
42.836000,-0.127235,0.007981,1.046778,0.541352,-0.000007,0.005017,0.090136,0.000000,1.570757,0.260589,1.000000,1.100000,0.000000,0.000000,-1.571000,0.387825,0.992019,0.053222,1.066463
42.838000,-0.126150,0.007981,1.046788,0.542108,-0.000007,0.004945,0.089415,0.000000,1.570758,0.261518,1.000000,1.100000,0.000000,0.000000,-1.571000,0.387669,0.992019,0.053212,1.066406
42.840000,-0.125064,0.007981,1.046798,0.542848,-0.000007,0.004870,0.088675,0.000000,1.570759,0.262437,1.000000,1.100000,0.000000,0.000000,-1.571000,0.387501,0.992019,0.053202,1.066344
42.842000,-0.123976,0.007981,1.046807,0.543572,-0.000007,0.004793,0.087917,0.000000,1.570761,0.263345,1.000000,1.100000,0.000000,0.000000,-1.571000,0.387321,0.992019,0.053193,1.066278
42.844000,-0.122887,0.007981,1.046817,0.544279,-0.000007,0.004715,0.087137,-0.000000,1.570763,0.264242,1.000000,1.100000,0.000000,0.000000,-1.571000,0.387129,0.992019,0.053183,1.066208
42.846000,-0.121796,0.007981,1.046826,0.544970,-0.000007,0.004636,0.086337,-0.000000,1.570764,0.265130,1.000000,1.100000,0.000000,0.000000,-1.571000,0.386926,0.992019,0.053174,1.066134
42.848000,-0.120704,0.007981,1.046835,0.545644,-0.000007,0.004557,0.085515,-0.000000,1.570766,0.266006,1.000000,1.100000,0.000000,0.000000,-1.571000,0.386711,0.992019,0.053165,1.066055
42.850000,-0.119611,0.007981,1.046844,0.546300,-0.000007,0.004476,0.084671,-0.000000,1.570768,0.266873,1.000000,1.100000,0.000000,0.000000,-1.571000,0.386484,0.992019,0.053156,1.065973
42.852000,-0.118516,0.007981,1.046853,0.546938,-0.000007,0.004396,0.083805,-0.000001,1.570770,0.267729,1.000000,1.100000,0.000000,0.000000,-1.571000,0.386245,0.992019,0.053147,1.065886
42.854000,-0.117420,0.007981,1.046862,0.547557,-0.000007,0.004315,0.082918,-0.000001,1.570772,0.268574,1.000000,1.100000,0.000000,0.000000,-1.571000,0.385994,0.992019,0.053138,1.065794
42.856000,-0.116323,0.007980,1.046870,0.548158,-0.000007,0.004234,0.082008,-0.000001,1.570774,0.269408,1.000000,1.100000,0.000000,0.000000,-1.571000,0.385731,0.992020,0.053130,1.065699
42.858000,-0.115225,0.007980,1.046879,0.548740,-0.000007,0.004153,0.081078,-0.000001,1.570776,0.270232,1.000000,1.100000,0.000000,0.000000,-1.571000,0.385457,0.992020,0.053121,1.065599
42.860000,-0.114125,0.007980,1.046887,0.549303,-0.000007,0.004073,0.080126,-0.000002,1.570778,0.271045,1.000000,1.100000,0.000000,0.000000,-1.571000,0.385171,0.992020,0.053113,1.065495
42.862000,-0.113025,0.007980,1.046895,0.549845,-0.000007,0.003993,0.079156,-0.000002,1.570781,0.271848,1.000000,1.100000,0.000000,0.000000,-1.571000,0.384873,0.992020,0.053105,1.065387
42.864000,-0.111923,0.007980,1.046903,0.550368,-0.000007,0.003914,0.078166,-0.000002,1.570783,0.272640,1.000000,1.100000,0.000000,0.000000,-1.571000,0.384563,0.992020,0.053097,1.065275
42.866000,-0.110821,0.007980,1.046910,0.550870,-0.000007,0.003836,0.077158,-0.000002,1.570785,0.273421,1.000000,1.100000,0.000000,0.000000,-1.571000,0.384242,0.992020,0.053090,1.065159
42.868000,-0.109717,0.007980,1.046918,0.551352,-0.000007,0.003758,0.076133,-0.000003,1.570787,0.274191,1.000000,1.100000,0.000000,0.000000,-1.571000,0.383908,0.992020,0.053082,1.065038
42.870000,-0.108613,0.007980,1.046925,0.551812,-0.000007,0.003681,0.075093,-0.000003,1.570789,0.274951,1.000000,1.100000,0.000000,0.000000,-1.571000,0.383563,0.992020,0.053075,1.064913
42.872000,-0.107507,0.007980,1.046933,0.552251,-0.000007,0.003605,0.074039,-0.000003,1.570791,0.275699,1.000000,1.100000,0.000000,0.000000,-1.571000,0.383207,0.992020,0.053067,1.064785
42.874000,-0.106401,0.007980,1.046940,0.552669,-0.000008,0.003531,0.072971,-0.000003,1.570792,0.276437,1.000000,1.100000,0.000000,0.000000,-1.571000,0.382838,0.992020,0.053060,1.064652
42.876000,-0.105294,0.007980,1.046947,0.553065,-0.000008,0.003457,0.071891,-0.000004,1.570794,0.277164,1.000000,1.100000,0.000000,0.000000,-1.571000,0.382458,0.992020,0.053053,1.064515
42.878000,-0.104186,0.007980,1.046954,0.553439,-0.000008,0.003384,0.070802,-0.000004,1.570796,0.277880,1.000000,1.100000,0.000000,0.000000,-1.571000,0.382066,0.992020,0.053046,1.064374
42.880000,-0.103078,0.007980,1.046960,0.553791,-0.000008,0.003313,0.069704,-0.000004,1.570797,0.278585,1.000000,1.100000,0.000000,0.000000,-1.571000,0.381662,0.992020,0.053040,1.064229
42.882000,-0.101968,0.007980,1.046967,0.554120,-0.000008,0.003241,0.068597,-0.000004,1.570799,0.279279,1.000000,1.100000,0.000000,0.000000,-1.571000,0.381247,0.992020,0.053033,1.064079
42.884000,-0.100859,0.007980,1.046973,0.554428,-0.000008,0.003167,0.067482,-0.000004,1.570800,0.279961,1.000000,1.100000,0.000000,0.000000,-1.571000,0.380820,0.992020,0.053027,1.063926
42.886000,-0.099748,0.007980,1.046979,0.554712,-0.000008,0.003090,0.066356,-0.000005,1.570801,0.280633,1.000000,1.100000,0.000000,0.000000,-1.571000,0.380381,0.992020,0.053021,1.063769
42.888000,-0.098637,0.007980,1.046985,0.554974,-0.000008,0.003013,0.065220,-0.000005,1.570802,0.281294,1.000000,1.100000,0.000000,0.000000,-1.571000,0.379931,0.992020,0.053015,1.063608
42.890000,-0.097526,0.007980,1.046991,0.555213,-0.000008,0.002934,0.064072,-0.000005,1.570803,0.281944,1.000000,1.100000,0.000000,0.000000,-1.571000,0.379469,0.992020,0.053009,1.063443
42.892000,-0.096414,0.007980,1.046997,0.555429,-0.000008,0.002853,0.062914,-0.000005,1.570804,0.282582,1.000000,1.100000,0.000000,0.000000,-1.571000,0.378996,0.992020,0.053003,1.063274
42.894000,-0.095302,0.007980,1.047003,0.555622,-0.000008,0.002773,0.061743,-0.000005,1.570805,0.283209,1.000000,1.100000,0.000000,0.000000,-1.571000,0.378511,0.992020,0.052997,1.063101
42.896000,-0.094189,0.007980,1.047008,0.555791,-0.000008,0.002691,0.060562,-0.000006,1.570806,0.283826,1.000000,1.100000,0.000000,0.000000,-1.571000,0.378015,0.992020,0.052992,1.062924
42.898000,-0.093076,0.007980,1.047013,0.555937,-0.000008,0.002609,0.059369,-0.000006,1.570806,0.284431,1.000000,1.100000,0.000000,0.000000,-1.571000,0.377507,0.992020,0.052987,1.062743
42.900000,-0.091963,0.007980,1.047019,0.556060,-0.000008,0.002527,0.058166,-0.000006,1.570807,0.285024,1.000000,1.100000,0.000000,0.000000,-1.571000,0.376987,0.992020,0.052981,1.062558
42.902000,-0.090850,0.007980,1.047023,0.556158,-0.000009,0.002445,0.056953,-0.000006,1.570807,0.285607,1.000000,1.100000,0.000000,0.000000,-1.571000,0.376456,0.992020,0.052977,1.062370
42.904000,-0.089736,0.007980,1.047028,0.556232,-0.000009,0.002363,0.055731,-0.000006,1.570807,0.286178,1.000000,1.100000,0.000000,0.000000,-1.571000,0.375914,0.992020,0.052972,1.062177
42.906000,-0.088622,0.007980,1.047033,0.556283,-0.000009,0.002281,0.054501,-0.000007,1.570808,0.286738,1.000000,1.100000,0.000000,0.000000,-1.571000,0.375360,0.992020,0.052967,1.061981
42.908000,-0.087509,0.007980,1.047037,0.556309,-0.000009,0.002200,0.053264,-0.000007,1.570808,0.287286,1.000000,1.100000,0.000000,0.000000,-1.571000,0.374795,0.992020,0.052963,1.061782
42.910000,-0.086395,0.007980,1.047042,0.556311,-0.000009,0.002118,0.052020,-0.000007,1.570808,0.287824,1.000000,1.100000,0.000000,0.000000,-1.571000,0.374219,0.992020,0.052958,1.061578
42.912000,-0.085281,0.007980,1.047046,0.556288,-0.000009,0.002038,0.050771,-0.000007,1.570808,0.288350,1.000000,1.100000,0.000000,0.000000,-1.571000,0.373631,0.992020,0.052954,1.061371
42.914000,-0.084168,0.007980,1.047050,0.556242,-0.000009,0.001957,0.049519,-0.000007,1.570808,0.288864,1.000000,1.100000,0.000000,0.000000,-1.571000,0.373032,0.992020,0.052950,1.061160
42.916000,-0.083054,0.007980,1.047053,0.556171,-0.000009,0.001878,0.048264,-0.000007,1.570807,0.289367,1.000000,1.100000,0.000000,0.000000,-1.571000,0.372421,0.992020,0.052947,1.060945
42.918000,-0.081941,0.007980,1.047057,0.556075,-0.000009,0.001798,0.047008,-0.000008,1.570807,0.289859,1.000000,1.100000,0.000000,0.000000,-1.571000,0.371800,0.992020,0.052943,1.060727
42.920000,-0.080828,0.007980,1.047061,0.555955,-0.000010,0.001720,0.045752,-0.000008,1.570807,0.290339,1.000000,1.100000,0.000000,0.000000,-1.571000,0.371167,0.992020,0.052939,1.060505
42.922000,-0.079715,0.007980,1.047064,0.555811,-0.000010,0.001642,0.044497,-0.000008,1.570806,0.290808,1.000000,1.100000,0.000000,0.000000,-1.571000,0.370523,0.992020,0.052936,1.060280
42.924000,-0.078602,0.007980,1.047067,0.555643,-0.000010,0.001565,0.043246,-0.000008,1.570805,0.291265,1.000000,1.100000,0.000000,0.000000,-1.571000,0.369868,0.992020,0.052933,1.060051
42.926000,-0.077490,0.007980,1.047070,0.555450,-0.000010,0.001489,0.041998,-0.000008,1.570805,0.291711,1.000000,1.100000,0.000000,0.000000,-1.571000,0.369201,0.992020,0.052930,1.059818
42.928000,-0.076379,0.007980,1.047073,0.555234,-0.000010,0.001413,0.040757,-0.000008,1.570804,0.292145,1.000000,1.100000,0.000000,0.000000,-1.571000,0.368524,0.992020,0.052927,1.059582
42.930000,-0.075267,0.007980,1.047076,0.554994,-0.000010,0.001338,0.039522,-0.000009,1.570803,0.292568,1.000000,1.100000,0.000000,0.000000,-1.571000,0.367835,0.992020,0.052924,1.059343
42.932000,-0.074157,0.007980,1.047078,0.554730,-0.000010,0.001264,0.038295,-0.000009,1.570802,0.292979,1.000000,1.100000,0.000000,0.000000,-1.571000,0.367136,0.992020,0.052922,1.059100
42.934000,-0.073047,0.007980,1.047081,0.554443,-0.000010,0.001190,0.037079,-0.000009,1.570801,0.293379,1.000000,1.100000,0.000000,0.000000,-1.571000,0.366425,0.992020,0.052919,1.058854
42.936000,-0.071937,0.007980,1.047083,0.554132,-0.000011,0.001117,0.035873,-0.000009,1.570800,0.293767,1.000000,1.100000,0.000000,0.000000,-1.571000,0.365704,0.992020,0.052917,1.058605
42.938000,-0.070828,0.007980,1.047085,0.553799,-0.000011,0.001045,0.034680,-0.000009,1.570799,0.294143,1.000000,1.100000,0.000000,0.000000,-1.571000,0.364971,0.992020,0.052915,1.058352
42.940000,-0.069720,0.007980,1.047087,0.553443,-0.000011,0.000974,0.033500,-0.000009,1.570798,0.294508,1.000000,1.100000,0.000000,0.000000,-1.571000,0.364228,0.992020,0.052913,1.058095
42.942000,-0.068613,0.007980,1.047089,0.553065,-0.000011,0.000903,0.032335,-0.000010,1.570797,0.294861,1.000000,1.100000,0.000000,0.000000,-1.571000,0.363474,0.992020,0.052911,1.057836
42.944000,-0.067506,0.007980,1.047091,0.552665,-0.000011,0.000833,0.031185,-0.000010,1.570795,0.295203,1.000000,1.100000,0.000000,0.000000,-1.571000,0.362709,0.992020,0.052909,1.057573
42.946000,-0.066400,0.007980,1.047092,0.552243,-0.000011,0.000763,0.030053,-0.000010,1.570794,0.295533,1.000000,1.100000,0.000000,0.000000,-1.571000,0.361933,0.992020,0.052908,1.057307
42.948000,-0.065295,0.007980,1.047094,0.551801,-0.000012,0.000695,0.028939,-0.000010,1.570793,0.295851,1.000000,1.100000,0.000000,0.000000,-1.571000,0.361146,0.992020,0.052906,1.057038
42.950000,-0.064191,0.007980,1.047095,0.551337,-0.000012,0.000626,0.027844,-0.000010,1.570791,0.296158,1.000000,1.100000,0.000000,0.000000,-1.571000,0.360349,0.992020,0.052905,1.056766
42.952000,-0.063088,0.007980,1.047096,0.550853,-0.000012,0.000559,0.026769,-0.000010,1.570790,0.296452,1.000000,1.100000,0.000000,0.000000,-1.571000,0.359541,0.992020,0.052904,1.056491
42.954000,-0.061986,0.007980,1.047097,0.550349,-0.000012,0.000492,0.025715,-0.000011,1.570788,0.296736,1.000000,1.100000,0.000000,0.000000,-1.571000,0.358722,0.992020,0.052903,1.056212
42.956000,-0.060885,0.007980,1.047098,0.549825,-0.000012,0.000425,0.024683,-0.000011,1.570787,0.297007,1.000000,1.100000,0.000000,0.000000,-1.571000,0.357892,0.992020,0.052902,1.055931
42.958000,-0.059785,0.007980,1.047099,0.549282,-0.000013,0.000359,0.023673,-0.000011,1.570785,0.297267,1.000000,1.100000,0.000000,0.000000,-1.571000,0.357052,0.992020,0.052901,1.055646
42.960000,-0.058686,0.007980,1.047099,0.548721,-0.000013,0.000294,0.022687,-0.000011,1.570784,0.297515,1.000000,1.100000,0.000000,0.000000,-1.571000,0.356201,0.992020,0.052901,1.055359
42.962000,-0.057589,0.007979,1.047100,0.548142,-0.000013,0.000228,0.021723,-0.000011,1.570782,0.297751,1.000000,1.100000,0.000000,0.000000,-1.571000,0.355340,0.992021,0.052900,1.055068
42.964000,-0.056492,0.007979,1.047100,0.547545,-0.000013,0.000161,0.020778,-0.000011,1.570781,0.297976,1.000000,1.100000,0.000000,0.000000,-1.571000,0.354468,0.992021,0.052900,1.054775
42.966000,-0.055397,0.007979,1.047100,0.546930,-0.000013,0.000094,0.019850,-0.000012,1.570779,0.298188,1.000000,1.100000,0.000000,0.000000,-1.571000,0.353585,0.992021,0.052900,1.054479
42.968000,-0.054303,0.007979,1.047100,0.546299,-0.000014,0.000026,0.018935,-0.000012,1.570778,0.298389,1.000000,1.100000,0.000000,0.000000,-1.571000,0.352692,0.992021,0.052900,1.054180
42.970000,-0.053210,0.007979,1.047100,0.545651,-0.000014,-0.000043,0.018031,-0.000012,1.570776,0.298578,1.000000,1.100000,0.000000,0.000000,-1.571000,0.351789,0.992021,0.052900,1.053878
42.972000,-0.052119,0.007979,1.047100,0.544987,-0.000014,-0.000112,0.017135,-0.000012,1.570775,0.298756,1.000000,1.100000,0.000000,0.000000,-1.571000,0.350875,0.992021,0.052900,1.053573
42.974000,-0.051029,0.007979,1.047100,0.544307,-0.000014,-0.000181,0.016246,-0.000012,1.570774,0.298921,1.000000,1.100000,0.000000,0.000000,-1.571000,0.349950,0.992021,0.052900,1.053266
42.976000,-0.049940,0.007979,1.047099,0.543610,-0.000014,-0.000251,0.015361,-0.000013,1.570773,0.299075,1.000000,1.100000,0.000000,0.000000,-1.571000,0.349015,0.992021,0.052901,1.052955
42.978000,-0.048853,0.007979,1.047099,0.542898,-0.000015,-0.000322,0.014480,-0.000013,1.570772,0.299217,1.000000,1.100000,0.000000,0.000000,-1.571000,0.348070,0.992021,0.052901,1.052643
42.980000,-0.047767,0.007979,1.047098,0.542170,-0.000015,-0.000392,0.013599,-0.000013,1.570771,0.299347,1.000000,1.100000,0.000000,0.000000,-1.571000,0.347114,0.992021,0.052902,1.052327
42.982000,-0.046683,0.007979,1.047097,0.541425,-0.000015,-0.000463,0.012719,-0.000013,1.570771,0.299466,1.000000,1.100000,0.000000,0.000000,-1.571000,0.346148,0.992021,0.052903,1.052009
42.984000,-0.045600,0.007979,1.047096,0.540665,-0.000015,-0.000534,0.011839,-0.000013,1.570770,0.299572,1.000000,1.100000,0.000000,0.000000,-1.571000,0.345172,0.992021,0.052904,1.051688
42.986000,-0.044519,0.007979,1.047095,0.539890,-0.000016,-0.000605,0.010956,-0.000013,1.570770,0.299667,1.000000,1.100000,0.000000,0.000000,-1.571000,0.344186,0.992021,0.052905,1.051365
42.988000,-0.043439,0.007979,1.047094,0.539098,-0.000016,-0.000676,0.010072,-0.000013,1.570770,0.299750,1.000000,1.100000,0.000000,0.000000,-1.571000,0.343189,0.992021,0.052906,1.051039
42.990000,-0.042361,0.007979,1.047092,0.538291,-0.000016,-0.000747,0.009184,-0.000013,1.570770,0.299821,1.000000,1.100000,0.000000,0.000000,-1.571000,0.342182,0.992021,0.052908,1.050711
42.992000,-0.041285,0.007979,1.047091,0.537468,-0.000016,-0.000819,0.008293,-0.000013,1.570770,0.299880,1.000000,1.100000,0.000000,0.000000,-1.571000,0.341165,0.992021,0.052909,1.050380
42.994000,-0.040210,0.007979,1.047089,0.536629,-0.000017,-0.000890,0.007399,-0.000013,1.570770,0.299927,1.000000,1.100000,0.000000,0.000000,-1.571000,0.340137,0.992021,0.052911,1.050047
42.996000,-0.039137,0.007979,1.047087,0.535774,-0.000017,-0.000962,0.006501,-0.000013,1.570770,0.299963,1.000000,1.100000,0.000000,0.000000,-1.571000,0.339100,0.992021,0.052913,1.049711
42.998000,-0.038065,0.007979,1.047085,0.534903,-0.000017,-0.001033,0.005599,-0.000013,1.570771,0.299987,1.000000,1.100000,0.000000,0.000000,-1.571000,0.338052,0.992021,0.052915,1.049374
43.000000,-0.036996,0.007979,1.047083,0.534016,-0.000017,-0.001104,0.004693,-0.000013,1.570771,0.299999,1.000000,1.100000,0.000000,0.000000,-1.571000,0.336994,0.992021,0.052917,1.049033
43.002000,-0.035928,0.007979,1.047080,0.533113,-0.000017,-0.001176,0.003784,-0.000013,1.570772,0.299999,1.000000,1.100000,0.000000,0.000000,-1.571000,0.335927,0.992021,0.052920,1.048691
43.004000,-0.034862,0.007979,1.047078,0.532194,-0.000018,-0.001247,0.002871,-0.000012,1.570773,0.299987,1.000000,1.100000,0.000000,0.000000,-1.571000,0.334849,0.992021,0.052922,1.048347
43.006000,-0.033798,0.007979,1.047075,0.531259,-0.000018,-0.001319,0.001955,-0.000012,1.570773,0.299963,1.000000,1.100000,0.000000,0.000000,-1.571000,0.333761,0.992021,0.052925,1.048000
43.008000,-0.032736,0.007979,1.047073,0.530308,-0.000018,-0.001390,0.001037,-0.000012,1.570774,0.299927,1.000000,1.100000,0.000000,0.000000,-1.571000,0.332663,0.992021,0.052927,1.047651
43.010000,-0.031676,0.007979,1.047070,0.529341,-0.000018,-0.001462,0.000116,-0.000012,1.570775,0.299880,1.000000,1.100000,0.000000,0.000000,-1.571000,0.331556,0.992021,0.052930,1.047300
43.012000,-0.030617,0.007979,1.047067,0.528357,-0.000018,-0.001533,-0.000806,-0.000012,1.570776,0.299821,1.000000,1.100000,0.000000,0.000000,-1.571000,0.330438,0.992021,0.052933,1.046947
43.014000,-0.029561,0.007979,1.047063,0.527358,-0.000019,-0.001604,-0.001730,-0.000012,1.570777,0.299750,1.000000,1.100000,0.000000,0.000000,-1.571000,0.329311,0.992021,0.052937,1.046592
43.016000,-0.028507,0.007979,1.047060,0.526342,-0.000019,-0.001676,-0.002654,-0.000011,1.570778,0.299667,1.000000,1.100000,0.000000,0.000000,-1.571000,0.328174,0.992021,0.052940,1.046235
43.018000,-0.027455,0.007979,1.047057,0.525310,-0.000019,-0.001747,-0.003578,-0.000011,1.570779,0.299572,1.000000,1.100000,0.000000,0.000000,-1.571000,0.327027,0.992021,0.052943,1.045876
43.020000,-0.026405,0.007979,1.047053,0.524262,-0.000019,-0.001819,-0.004501,-0.000011,1.570781,0.299466,1.000000,1.100000,0.000000,0.000000,-1.571000,0.325870,0.992021,0.052947,1.045515
43.022000,-0.025357,0.007979,1.047049,0.523197,-0.000019,-0.001891,-0.005423,-0.000011,1.570782,0.299347,1.000000,1.100000,0.000000,0.000000,-1.571000,0.324704,0.992021,0.052951,1.045152
43.024000,-0.024311,0.007978,1.047045,0.522117,-0.000020,-0.001965,-0.006342,-0.000011,1.570783,0.299217,1.000000,1.100000,0.000000,0.000000,-1.571000,0.323528,0.992022,0.052955,1.044788
43.026000,-0.023267,0.007978,1.047041,0.521021,-0.000020,-0.002040,-0.007258,-0.000010,1.570784,0.299075,1.000000,1.100000,0.000000,0.000000,-1.571000,0.322342,0.992022,0.052959,1.044421
43.028000,-0.022226,0.007978,1.047037,0.519910,-0.000020,-0.002117,-0.008171,-0.000010,1.570785,0.298921,1.000000,1.100000,0.000000,0.000000,-1.571000,0.321147,0.992022,0.052963,1.044053
43.030000,-0.021187,0.007978,1.047033,0.518782,-0.000020,-0.002195,-0.009079,-0.000010,1.570786,0.298756,1.000000,1.100000,0.000000,0.000000,-1.571000,0.319942,0.992022,0.052967,1.043684
43.032000,-0.020150,0.007978,1.047028,0.517639,-0.000020,-0.002275,-0.009982,-0.000010,1.570787,0.298578,1.000000,1.100000,0.000000,0.000000,-1.571000,0.318728,0.992022,0.052972,1.043312
43.034000,-0.019115,0.007978,1.047024,0.516480,-0.000020,-0.002355,-0.010878,-0.000010,1.570787,0.298389,1.000000,1.100000,0.000000,0.000000,-1.571000,0.317504,0.992022,0.052976,1.042939
43.036000,-0.018083,0.007978,1.047019,0.515307,-0.000020,-0.002436,-0.011768,-0.000010,1.570788,0.298188,1.000000,1.100000,0.000000,0.000000,-1.571000,0.316271,0.992022,0.052981,1.042565
43.038000,-0.017053,0.007978,1.047014,0.514118,-0.000021,-0.002518,-0.012650,-0.000009,1.570789,0.297976,1.000000,1.100000,0.000000,0.000000,-1.571000,0.315029,0.992022,0.052986,1.042189
43.040000,-0.016026,0.007978,1.047009,0.512914,-0.000021,-0.002601,-0.013522,-0.000009,1.570790,0.297751,1.000000,1.100000,0.000000,0.000000,-1.571000,0.313777,0.992022,0.052991,1.041812
43.042000,-0.015001,0.007978,1.047003,0.511695,-0.000021,-0.002685,-0.014386,-0.000009,1.570790,0.297515,1.000000,1.100000,0.000000,0.000000,-1.571000,0.312515,0.992022,0.052997,1.041433
43.044000,-0.013978,0.007978,1.046998,0.510462,-0.000021,-0.002769,-0.015239,-0.000009,1.570791,0.297267,1.000000,1.100000,0.000000,0.000000,-1.571000,0.311245,0.992022,0.053002,1.041052
43.046000,-0.012958,0.007978,1.046992,0.509215,-0.000021,-0.002854,-0.016081,-0.000009,1.570791,0.297007,1.000000,1.100000,0.000000,0.000000,-1.571000,0.309965,0.992022,0.053008,1.040671
43.048000,-0.011940,0.007978,1.046986,0.507954,-0.000021,-0.002940,-0.016911,-0.000008,1.570791,0.296736,1.000000,1.100000,0.000000,0.000000,-1.571000,0.308676,0.992022,0.053014,1.040288
43.050000,-0.010925,0.007978,1.046980,0.506679,-0.000021,-0.003026,-0.017729,-0.000008,1.570791,0.296452,1.000000,1.100000,0.000000,0.000000,-1.571000,0.307378,0.992022,0.053020,1.039904
43.052000,-0.009913,0.007978,1.046974,0.505390,-0.000022,-0.003113,-0.018533,-0.000008,1.570792,0.296158,1.000000,1.100000,0.000000,0.000000,-1.571000,0.306071,0.992022,0.053026,1.039519
43.054000,-0.008903,0.007978,1.046968,0.504088,-0.000022,-0.003201,-0.019324,-0.000008,1.570792,0.295851,1.000000,1.100000,0.000000,0.000000,-1.571000,0.304754,0.992022,0.053032,1.039132
43.056000,-0.007896,0.007978,1.046961,0.502773,-0.000022,-0.003288,-0.020100,-0.000008,1.570792,0.295533,1.000000,1.100000,0.000000,0.000000,-1.571000,0.303429,0.992022,0.053039,1.038744
43.058000,-0.006891,0.007978,1.046954,0.501446,-0.000022,-0.003377,-0.020861,-0.000007,1.570791,0.295203,1.000000,1.100000,0.000000,0.000000,-1.571000,0.302094,0.992022,0.053046,1.038356
43.060000,-0.005889,0.007978,1.046948,0.500106,-0.000022,-0.003465,-0.021606,-0.000007,1.570791,0.294861,1.000000,1.100000,0.000000,0.000000,-1.571000,0.300751,0.992022,0.053052,1.037966
43.062000,-0.004890,0.007978,1.046941,0.498755,-0.000022,-0.003554,-0.022335,-0.000007,1.570791,0.294508,1.000000,1.100000,0.000000,0.000000,-1.571000,0.299398,0.992022,0.053059,1.037576
43.064000,-0.003894,0.007978,1.046933,0.497392,-0.000022,-0.003644,-0.023047,-0.000007,1.570791,0.294143,1.000000,1.100000,0.000000,0.000000,-1.571000,0.298037,0.992022,0.053067,1.037184
43.066000,-0.002900,0.007978,1.046926,0.496017,-0.000022,-0.003734,-0.023742,-0.000007,1.570790,0.293767,1.000000,1.100000,0.000000,0.000000,-1.571000,0.296667,0.992022,0.053074,1.036791
43.068000,-0.001909,0.007978,1.046918,0.494632,-0.000022,-0.003825,-0.024420,-0.000006,1.570790,0.293379,1.000000,1.100000,0.000000,0.000000,-1.571000,0.295288,0.992022,0.053082,1.036398
43.070000,-0.000921,0.007978,1.046910,0.493236,-0.000022,-0.003917,-0.025079,-0.000006,1.570789,0.292979,1.000000,1.100000,0.000000,0.000000,-1.571000,0.293900,0.992022,0.053090,1.036004
43.072000,0.000064,0.007977,1.046902,0.491830,-0.000022,-0.004009,-0.025720,-0.000006,1.570789,0.292568,1.000000,1.100000,0.000000,0.000000,-1.571000,0.292504,0.992023,0.053098,1.035609
43.074000,0.001047,0.007977,1.046894,0.490415,-0.000023,-0.004101,-0.026343,-0.000006,1.570788,0.292145,1.000000,1.100000,0.000000,0.000000,-1.571000,0.291098,0.992023,0.053106,1.035214
43.076000,0.002027,0.007977,1.046886,0.488989,-0.000023,-0.004194,-0.026947,-0.000006,1.570787,0.291711,1.000000,1.100000,0.000000,0.000000,-1.571000,0.289684,0.992023,0.053114,1.034817
43.078000,0.003003,0.007977,1.046877,0.487555,-0.000023,-0.004287,-0.027532,-0.000005,1.570787,0.291265,1.000000,1.100000,0.000000,0.000000,-1.571000,0.288262,0.992023,0.053123,1.034421
43.080000,0.003977,0.007977,1.046869,0.486112,-0.000023,-0.004381,-0.028098,-0.000005,1.570786,0.290808,1.000000,1.100000,0.000000,0.000000,-1.571000,0.286831,0.992023,0.053131,1.034023
43.082000,0.004948,0.007977,1.046860,0.484661,-0.000023,-0.004466,-0.028649,-0.000005,1.570785,0.290339,1.000000,1.100000,0.000000,0.000000,-1.571000,0.285391,0.992023,0.053140,1.033625
43.084000,0.005916,0.007977,1.046851,0.483201,-0.000023,-0.004536,-0.029193,-0.000005,1.570785,0.289859,1.000000,1.100000,0.000000,0.000000,-1.571000,0.283942,0.992023,0.053149,1.033227
43.086000,0.006882,0.007977,1.046842,0.481733,-0.000023,-0.004593,-0.029741,-0.000005,1.570784,0.289367,1.000000,1.100000,0.000000,0.000000,-1.571000,0.282486,0.992023,0.053158,1.032828
43.088000,0.007844,0.007977,1.046832,0.480257,-0.000023,-0.004637,-0.030302,-0.000005,1.570784,0.288864,1.000000,1.100000,0.000000,0.000000,-1.571000,0.281020,0.992023,0.053168,1.032429
43.090000,0.008803,0.007977,1.046823,0.478772,-0.000023,-0.004669,-0.030884,-0.000004,1.570784,0.288350,1.000000,1.100000,0.000000,0.000000,-1.571000,0.279547,0.992023,0.053177,1.032029
43.092000,0.009759,0.007977,1.046814,0.477278,-0.000023,-0.004691,-0.031493,-0.000004,1.570784,0.287824,1.000000,1.100000,0.000000,0.000000,-1.571000,0.278064,0.992023,0.053186,1.031629
43.094000,0.010713,0.007977,1.046804,0.475774,-0.000023,-0.004704,-0.032136,-0.000004,1.570785,0.287286,1.000000,1.100000,0.000000,0.000000,-1.571000,0.276574,0.992023,0.053196,1.031229
43.096000,0.011663,0.007977,1.046795,0.474260,-0.000023,-0.004709,-0.032818,-0.000004,1.570785,0.286738,1.000000,1.100000,0.000000,0.000000,-1.571000,0.275075,0.992023,0.053205,1.030828
43.098000,0.012610,0.007977,1.046785,0.472735,-0.000023,-0.004706,-0.033545,-0.000004,1.570786,0.286178,1.000000,1.100000,0.000000,0.000000,-1.571000,0.273568,0.992023,0.053215,1.030428
43.100000,0.013554,0.007977,1.046776,0.471198,-0.000023,-0.004697,-0.034320,-0.000003,1.570788,0.285607,1.000000,1.100000,0.000000,0.000000,-1.571000,0.272053,0.992023,0.053224,1.030027
43.102000,0.014495,0.007977,1.046767,0.469649,-0.000023,-0.004682,-0.035147,-0.000003,1.570789,0.285024,1.000000,1.100000,0.000000,0.000000,-1.571000,0.270529,0.992023,0.053233,1.029626
43.104000,0.015433,0.007977,1.046757,0.468085,-0.000023,-0.004661,-0.036029,-0.000003,1.570791,0.284431,1.000000,1.100000,0.000000,0.000000,-1.571000,0.268998,0.992023,0.053243,1.029225
43.106000,0.016368,0.007977,1.046748,0.466507,-0.000023,-0.004636,-0.036968,-0.000002,1.570793,0.283826,1.000000,1.100000,0.000000,0.000000,-1.571000,0.267458,0.992023,0.053252,1.028824
43.108000,0.017299,0.007977,1.046739,0.464913,-0.000023,-0.004607,-0.037966,-0.000002,1.570796,0.283209,1.000000,1.100000,0.000000,0.000000,-1.571000,0.265910,0.992023,0.053261,1.028424
43.110000,0.018228,0.007977,1.046729,0.463301,-0.000023,-0.004575,-0.039025,-0.000002,1.570799,0.282582,1.000000,1.100000,0.000000,0.000000,-1.571000,0.264354,0.992023,0.053271,1.028023
43.112000,0.019153,0.007977,1.046720,0.461672,-0.000023,-0.004539,-0.040146,-0.000001,1.570802,0.281944,1.000000,1.100000,0.000000,0.000000,-1.571000,0.262791,0.992023,0.053280,1.027623
43.114000,0.020075,0.007976,1.046711,0.460023,-0.000023,-0.004500,-0.041328,-0.000001,1.570805,0.281294,1.000000,1.100000,0.000000,0.000000,-1.571000,0.261219,0.992024,0.053289,1.027222
43.116000,0.020993,0.007976,1.046702,0.458354,-0.000023,-0.004459,-0.042572,-0.000000,1.570808,0.280633,1.000000,1.100000,0.000000,0.000000,-1.571000,0.259640,0.992024,0.053298,1.026822
43.118000,0.021908,0.007976,1.046694,0.456662,-0.000023,-0.004416,-0.043878,0.000000,1.570812,0.279961,1.000000,1.100000,0.000000,0.000000,-1.571000,0.258053,0.992024,0.053306,1.026423
43.120000,0.022820,0.007976,1.046685,0.454948,-0.000023,-0.004371,-0.045244,0.000001,1.570816,0.279279,1.000000,1.100000,0.000000,0.000000,-1.571000,0.256459,0.992024,0.053315,1.026024
43.122000,0.023728,0.007976,1.046676,0.453210,-0.000023,-0.004325,-0.046670,0.000001,1.570819,0.278585,1.000000,1.100000,0.000000,0.000000,-1.571000,0.254857,0.992024,0.053324,1.025625
43.124000,0.024633,0.007976,1.046667,0.451447,-0.000023,-0.004278,-0.048154,0.000002,1.570823,0.277880,1.000000,1.100000,0.000000,0.000000,-1.571000,0.253247,0.992024,0.053333,1.025227
43.126000,0.025534,0.007976,1.046659,0.449657,-0.000023,-0.004230,-0.049694,0.000003,1.570827,0.277164,1.000000,1.100000,0.000000,0.000000,-1.571000,0.251630,0.992024,0.053341,1.024829
43.128000,0.026431,0.007976,1.046651,0.447841,-0.000023,-0.004182,-0.051289,0.000003,1.570831,0.276437,1.000000,1.100000,0.000000,0.000000,-1.571000,0.250006,0.992024,0.053349,1.024432
43.130000,0.027325,0.007976,1.046642,0.445996,-0.000023,-0.004134,-0.052937,0.000004,1.570835,0.275699,1.000000,1.100000,0.000000,0.000000,-1.571000,0.248374,0.992024,0.053358,1.024035
43.132000,0.028215,0.007976,1.046634,0.444121,-0.000023,-0.004086,-0.054634,0.000005,1.570839,0.274951,1.000000,1.100000,0.000000,0.000000,-1.571000,0.246736,0.992024,0.053366,1.023640
43.134000,0.029101,0.007976,1.046626,0.442217,-0.000023,-0.004038,-0.056378,0.000005,1.570843,0.274191,1.000000,1.100000,0.000000,0.000000,-1.571000,0.245090,0.992024,0.053374,1.023245
43.136000,0.029984,0.007976,1.046618,0.440282,-0.000022,-0.003992,-0.058166,0.000006,1.570846,0.273421,1.000000,1.100000,0.000000,0.000000,-1.571000,0.243437,0.992024,0.053382,1.022850
43.138000,0.030862,0.007976,1.046610,0.438315,-0.000022,-0.003946,-0.059996,0.000007,1.570850,0.272640,1.000000,1.100000,0.000000,0.000000,-1.571000,0.241778,0.992024,0.053390,1.022457
43.140000,0.031737,0.007976,1.046602,0.436315,-0.000022,-0.003901,-0.061864,0.000008,1.570853,0.271848,1.000000,1.100000,0.000000,0.000000,-1.571000,0.240111,0.992024,0.053398,1.022065
43.142000,0.032607,0.007976,1.046594,0.434282,-0.000022,-0.003857,-0.063767,0.000009,1.570856,0.271045,1.000000,1.100000,0.000000,0.000000,-1.571000,0.238438,0.992024,0.053406,1.021674
43.144000,0.033474,0.007976,1.046587,0.432216,-0.000022,-0.003815,-0.065701,0.000010,1.570859,0.270232,1.000000,1.100000,0.000000,0.000000,-1.571000,0.236759,0.992024,0.053413,1.021283
43.146000,0.034336,0.007976,1.046579,0.430115,-0.000022,-0.003775,-0.067664,0.000011,1.570861,0.269408,1.000000,1.100000,0.000000,0.000000,-1.571000,0.235073,0.992024,0.053421,1.020894
43.148000,0.035194,0.007976,1.046572,0.427979,-0.000022,-0.003737,-0.069651,0.000012,1.570864,0.268574,1.000000,1.100000,0.000000,0.000000,-1.571000,0.233380,0.992024,0.053428,1.020506
43.150000,0.036047,0.007976,1.046564,0.425809,-0.000021,-0.003702,-0.071659,0.000013,1.570866,0.267729,1.000000,1.100000,0.000000,0.000000,-1.571000,0.231681,0.992024,0.053436,1.020120
43.152000,0.036896,0.007976,1.046557,0.423603,-0.000021,-0.003668,-0.073684,0.000014,1.570867,0.266873,1.000000,1.100000,0.000000,0.000000,-1.571000,0.229976,0.992024,0.053443,1.019734
43.154000,0.037741,0.007976,1.046550,0.421361,-0.000021,-0.003638,-0.075722,0.000015,1.570869,0.266006,1.000000,1.100000,0.000000,0.000000,-1.571000,0.228265,0.992024,0.053450,1.019350
43.156000,0.038581,0.007976,1.046542,0.419083,-0.000021,-0.003610,-0.077771,0.000016,1.570870,0.265130,1.000000,1.100000,0.000000,0.000000,-1.571000,0.226549,0.992024,0.053458,1.018967
43.158000,0.039417,0.007976,1.046535,0.416769,-0.000021,-0.003585,-0.079827,0.000017,1.570870,0.264242,1.000000,1.100000,0.000000,0.000000,-1.571000,0.224826,0.992024,0.053465,1.018586
43.160000,0.040248,0.007975,1.046528,0.414420,-0.000020,-0.003563,-0.081885,0.000018,1.570871,0.263345,1.000000,1.100000,0.000000,0.000000,-1.571000,0.223097,0.992025,0.053472,1.018206
43.162000,0.041074,0.007975,1.046521,0.412034,-0.000020,-0.003542,-0.083943,0.000019,1.570870,0.262437,1.000000,1.100000,0.000000,0.000000,-1.571000,0.221363,0.992025,0.053479,1.017828
43.164000,0.041895,0.007975,1.046514,0.409612,-0.000020,-0.003519,-0.085999,0.000020,1.570870,0.261518,1.000000,1.100000,0.000000,0.000000,-1.571000,0.219623,0.992025,0.053486,1.017452
43.166000,0.042711,0.007975,1.046507,0.407153,-0.000019,-0.003495,-0.088051,0.000020,1.570869,0.260589,1.000000,1.100000,0.000000,0.000000,-1.571000,0.217878,0.992025,0.053493,1.017077
43.168000,0.043523,0.007975,1.046500,0.404659,-0.000019,-0.003471,-0.090097,0.000021,1.570868,0.259650,1.000000,1.100000,0.000000,0.000000,-1.571000,0.216128,0.992025,0.053500,1.016704
43.170000,0.044329,0.007975,1.046493,0.402129,-0.000019,-0.003447,-0.092136,0.000022,1.570866,0.258701,1.000000,1.100000,0.000000,0.000000,-1.571000,0.214372,0.992025,0.053507,1.016332
43.172000,0.045130,0.007975,1.046486,0.399564,-0.000018,-0.003424,-0.094164,0.000023,1.570865,0.257742,1.000000,1.100000,0.000000,0.000000,-1.571000,0.212611,0.992025,0.053514,1.015963
43.174000,0.045926,0.007975,1.046479,0.396963,-0.000018,-0.003402,-0.096181,0.000024,1.570863,0.256772,1.000000,1.100000,0.000000,0.000000,-1.571000,0.210846,0.992025,0.053521,1.015595
43.176000,0.046717,0.007975,1.046473,0.394328,-0.000018,-0.003381,-0.098183,0.000024,1.570860,0.255792,1.000000,1.100000,0.000000,0.000000,-1.571000,0.209075,0.992025,0.053527,1.015229
43.178000,0.047502,0.007975,1.046466,0.391658,-0.000017,-0.003361,-0.100170,0.000025,1.570857,0.254802,1.000000,1.100000,0.000000,0.000000,-1.571000,0.207300,0.992025,0.053534,1.014866
43.180000,0.048282,0.007975,1.046459,0.388954,-0.000017,-0.003343,-0.102138,0.000026,1.570854,0.253802,1.000000,1.100000,0.000000,0.000000,-1.571000,0.205520,0.992025,0.053541,1.014504
43.182000,0.049057,0.007975,1.046452,0.386216,-0.000017,-0.003327,-0.104086,0.000026,1.570851,0.252792,1.000000,1.100000,0.000000,0.000000,-1.571000,0.203735,0.992025,0.053548,1.014144
43.184000,0.049826,0.007975,1.046446,0.383445,-0.000016,-0.003314,-0.106011,0.000027,1.570848,0.251772,1.000000,1.100000,0.000000,0.000000,-1.571000,0.201946,0.992025,0.053554,1.013787
43.186000,0.050590,0.007975,1.046439,0.380642,-0.000016,-0.003302,-0.107913,0.000027,1.570844,0.250742,1.000000,1.100000,0.000000,0.000000,-1.571000,0.200153,0.992025,0.053561,1.013432
43.188000,0.051347,0.007975,1.046433,0.377806,-0.000015,-0.003294,-0.109788,0.000028,1.570840,0.249702,1.000000,1.100000,0.000000,0.000000,-1.571000,0.198355,0.992025,0.053567,1.013078
43.190000,0.052099,0.007975,1.046426,0.374939,-0.000015,-0.003288,-0.111636,0.000028,1.570836,0.248653,1.000000,1.100000,0.000000,0.000000,-1.571000,0.196553,0.992025,0.053574,1.012728
43.192000,0.052846,0.007975,1.046419,0.372041,-0.000014,-0.003285,-0.113454,0.000029,1.570832,0.247593,1.000000,1.100000,0.000000,0.000000,-1.571000,0.194747,0.992025,0.053581,1.012379
43.194000,0.053586,0.007975,1.046413,0.369114,-0.000014,-0.003285,-0.115242,0.000029,1.570828,0.246524,1.000000,1.100000,0.000000,0.000000,-1.571000,0.192938,0.992025,0.053587,1.012033
43.196000,0.054321,0.007975,1.046406,0.366156,-0.000013,-0.003288,-0.116996,0.000029,1.570823,0.245445,1.000000,1.100000,0.000000,0.000000,-1.571000,0.191124,0.992025,0.053594,1.011689
43.198000,0.055049,0.007975,1.046400,0.363170,-0.000013,-0.003294,-0.118716,0.000030,1.570819,0.244356,1.000000,1.100000,0.000000,0.000000,-1.571000,0.189307,0.992025,0.053600,1.011348
43.200000,0.055772,0.007975,1.046393,0.360156,-0.000012,-0.003303,-0.120401,0.000030,1.570814,0.243258,1.000000,1.100000,0.000000,0.000000,-1.571000,0.187486,0.992025,0.053607,1.011009
43.202000,0.056488,0.007975,1.046386,0.357114,-0.000011,-0.003315,-0.122049,0.000030,1.570810,0.242150,1.000000,1.100000,0.000000,0.000000,-1.571000,0.185662,0.992025,0.053614,1.010672
43.204000,0.057199,0.007975,1.046380,0.354046,-0.000011,-0.003331,-0.123659,0.000030,1.570805,0.241032,1.000000,1.100000,0.000000,0.000000,-1.571000,0.183834,0.992025,0.053620,1.010339
43.206000,0.057903,0.007975,1.046373,0.350952,-0.000010,-0.003350,-0.125230,0.000030,1.570800,0.239905,1.000000,1.100000,0.000000,0.000000,-1.571000,0.182003,0.992025,0.053627,1.010007
43.208000,0.058601,0.007975,1.046366,0.347834,-0.000010,-0.003372,-0.126760,0.000030,1.570796,0.238769,1.000000,1.100000,0.000000,0.000000,-1.571000,0.180168,0.992025,0.053634,1.009679
43.210000,0.059292,0.007975,1.046360,0.344692,-0.000009,-0.003398,-0.128250,0.000030,1.570791,0.237623,1.000000,1.100000,0.000000,0.000000,-1.571000,0.178331,0.992025,0.053640,1.009353
43.212000,0.059978,0.007975,1.046353,0.341526,-0.000009,-0.003426,-0.129699,0.000030,1.570786,0.236468,1.000000,1.100000,0.000000,0.000000,-1.571000,0.176490,0.992025,0.053647,1.009030
43.214000,0.060657,0.007975,1.046346,0.338338,-0.000008,-0.003458,-0.131105,0.000030,1.570782,0.235303,1.000000,1.100000,0.000000,0.000000,-1.571000,0.174646,0.992025,0.053654,1.008709
43.216000,0.061329,0.007975,1.046339,0.335129,-0.000007,-0.003493,-0.132469,0.000030,1.570777,0.234129,1.000000,1.100000,0.000000,0.000000,-1.571000,0.172800,0.992025,0.053661,1.008392
43.218000,0.061995,0.007975,1.046332,0.331899,-0.000007,-0.003531,-0.133789,0.000030,1.570773,0.232946,1.000000,1.100000,0.000000,0.000000,-1.571000,0.170951,0.992025,0.053668,1.008077
43.220000,0.062655,0.007975,1.046325,0.328650,-0.000006,-0.003572,-0.135066,0.000029,1.570768,0.231754,1.000000,1.100000,0.000000,0.000000,-1.571000,0.169099,0.992025,0.053675,1.007765
43.222000,0.063308,0.007975,1.046317,0.325381,-0.000005,-0.003614,-0.136300,0.000029,1.570764,0.230552,1.000000,1.100000,0.000000,0.000000,-1.571000,0.167244,0.992025,0.053683,1.007456
43.224000,0.063954,0.007975,1.046310,0.322094,-0.000005,-0.003654,-0.137492,0.000029,1.570760,0.229341,1.000000,1.100000,0.000000,0.000000,-1.571000,0.165387,0.992025,0.053690,1.007149
43.226000,0.064594,0.007975,1.046303,0.318789,-0.000004,-0.003692,-0.138644,0.000028,1.570756,0.228122,1.000000,1.100000,0.000000,0.000000,-1.571000,0.163528,0.992025,0.053697,1.006846
43.228000,0.065227,0.007975,1.046295,0.315468,-0.000003,-0.003729,-0.139757,0.000028,1.570753,0.226893,1.000000,1.100000,0.000000,0.000000,-1.571000,0.161666,0.992025,0.053705,1.006546
43.230000,0.065854,0.007975,1.046288,0.312131,-0.000003,-0.003766,-0.140833,0.000028,1.570749,0.225655,1.000000,1.100000,0.000000,0.000000,-1.571000,0.159801,0.992025,0.053712,1.006248
43.232000,0.066474,0.007975,1.046280,0.308778,-0.000002,-0.003802,-0.141873,0.000027,1.570746,0.224409,1.000000,1.100000,0.000000,0.000000,-1.571000,0.157935,0.992025,0.053720,1.005954
43.234000,0.067087,0.007975,1.046273,0.305412,-0.000001,-0.003838,-0.142877,0.000027,1.570743,0.223154,1.000000,1.100000,0.000000,0.000000,-1.571000,0.156067,0.992025,0.053727,1.005663
43.236000,0.067693,0.007975,1.046265,0.302031,-0.000001,-0.003873,-0.143848,0.000026,1.570740,0.221889,1.000000,1.100000,0.000000,0.000000,-1.571000,0.154196,0.992025,0.053735,1.005375
43.238000,0.068293,0.007975,1.046257,0.298638,0.000000,-0.003909,-0.144787,0.000026,1.570738,0.220616,1.000000,1.100000,0.000000,0.000000,-1.571000,0.152323,0.992025,0.053743,1.005090
43.240000,0.068886,0.007975,1.046249,0.295233,0.000001,-0.003945,-0.145694,0.000025,1.570735,0.219335,1.000000,1.100000,0.000000,0.000000,-1.571000,0.150449,0.992025,0.053751,1.004808
43.242000,0.069472,0.007975,1.046241,0.291816,0.000001,-0.003982,-0.146571,0.000025,1.570733,0.218044,1.000000,1.100000,0.000000,0.000000,-1.571000,0.148573,0.992025,0.053759,1.004529
43.244000,0.070051,0.007975,1.046233,0.288388,0.000002,-0.004019,-0.147420,0.000024,1.570732,0.216745,1.000000,1.100000,0.000000,0.000000,-1.571000,0.146695,0.992025,0.053767,1.004253
43.246000,0.070623,0.007975,1.046225,0.284949,0.000003,-0.004056,-0.148240,0.000024,1.570730,0.215438,1.000000,1.100000,0.000000,0.000000,-1.571000,0.144815,0.992025,0.053775,1.003981
43.248000,0.071188,0.007975,1.046217,0.281501,0.000003,-0.004095,-0.149033,0.000023,1.570729,0.214122,1.000000,1.100000,0.000000,0.000000,-1.571000,0.142934,0.992025,0.053783,1.003712
43.250000,0.071747,0.007975,1.046209,0.278044,0.000004,-0.004134,-0.149801,0.000023,1.570728,0.212797,1.000000,1.100000,0.000000,0.000000,-1.571000,0.141051,0.992025,0.053791,1.003446
43.252000,0.072298,0.007975,1.046200,0.274578,0.000005,-0.004174,-0.150543,0.000022,1.570727,0.211465,1.000000,1.100000,0.000000,0.000000,-1.571000,0.139167,0.992025,0.053800,1.003183
43.254000,0.072842,0.007975,1.046192,0.271104,0.000005,-0.004216,-0.151262,0.000021,1.570727,0.210123,1.000000,1.100000,0.000000,0.000000,-1.571000,0.137281,0.992025,0.053808,1.002924
43.256000,0.073380,0.007975,1.046183,0.267623,0.000006,-0.004258,-0.151958,0.000021,1.570726,0.208774,1.000000,1.100000,0.000000,0.000000,-1.571000,0.135394,0.992025,0.053817,1.002667
43.258000,0.073911,0.007975,1.046175,0.264134,0.000007,-0.004301,-0.152631,0.000020,1.570726,0.207416,1.000000,1.100000,0.000000,0.000000,-1.571000,0.133506,0.992025,0.053825,1.002415
43.260000,0.074434,0.007975,1.046166,0.260638,0.000007,-0.004345,-0.153284,0.000019,1.570726,0.206050,1.000000,1.100000,0.000000,0.000000,-1.571000,0.131616,0.992025,0.053834,1.002165
43.262000,0.074951,0.007975,1.046157,0.257137,0.000008,-0.004390,-0.153916,0.000019,1.570727,0.204676,1.000000,1.100000,0.000000,0.000000,-1.571000,0.129725,0.992025,0.053843,1.001919
43.264000,0.075460,0.007975,1.046148,0.253629,0.000008,-0.004437,-0.154528,0.000018,1.570727,0.203294,1.000000,1.100000,0.000000,0.000000,-1.571000,0.127834,0.992025,0.053852,1.001676
43.266000,0.075963,0.007975,1.046140,0.250116,0.000009,-0.004484,-0.155122,0.000017,1.570728,0.201904,1.000000,1.100000,0.000000,0.000000,-1.571000,0.125941,0.992025,0.053860,1.001437
43.268000,0.076458,0.007975,1.046130,0.246598,0.000009,-0.004532,-0.155698,0.000016,1.570729,0.200506,1.000000,1.100000,0.000000,0.000000,-1.571000,0.124048,0.992025,0.053870,1.001201
43.270000,0.076946,0.007975,1.046121,0.243075,0.000010,-0.004581,-0.156257,0.000016,1.570730,0.199100,1.000000,1.100000,0.000000,0.000000,-1.571000,0.122153,0.992025,0.053879,1.000969
43.272000,0.077428,0.007975,1.046112,0.239547,0.000010,-0.004631,-0.156799,0.000015,1.570732,0.197686,1.000000,1.100000,0.000000,0.000000,-1.571000,0.120258,0.992025,0.053888,1.000740
43.274000,0.077902,0.007975,1.046103,0.236016,0.000011,-0.004682,-0.157326,0.000014,1.570733,0.196264,1.000000,1.100000,0.000000,0.000000,-1.571000,0.118362,0.992025,0.053897,1.000514
43.276000,0.078369,0.007975,1.046093,0.232480,0.000011,-0.004734,-0.157837,0.000013,1.570735,0.194834,1.000000,1.100000,0.000000,0.000000,-1.571000,0.116465,0.992025,0.053907,1.000292
43.278000,0.078829,0.007975,1.046084,0.228942,0.000012,-0.004786,-0.158334,0.000012,1.570737,0.193397,1.000000,1.100000,0.000000,0.000000,-1.571000,0.114568,0.992025,0.053916,1.000073
43.280000,0.079282,0.007975,1.046074,0.225400,0.000012,-0.004840,-0.158816,0.000011,1.570739,0.191952,1.000000,1.100000,0.000000,0.000000,-1.571000,0.112670,0.992025,0.053926,0.999858
43.282000,0.079728,0.007975,1.046064,0.221855,0.000012,-0.004890,-0.159286,0.000010,1.570741,0.190500,1.000000,1.100000,0.000000,0.000000,-1.571000,0.110772,0.992025,0.053936,0.999647
43.284000,0.080167,0.007975,1.046054,0.218305,0.000013,-0.004930,-0.159742,0.000009,1.570743,0.189040,1.000000,1.100000,0.000000,0.000000,-1.571000,0.108873,0.992025,0.053946,0.999438
43.286000,0.080599,0.007975,1.046045,0.214751,0.000013,-0.004963,-0.160187,0.000008,1.570745,0.187573,1.000000,1.100000,0.000000,0.000000,-1.571000,0.106974,0.992025,0.053955,0.999234
43.288000,0.081023,0.007975,1.046035,0.211194,0.000013,-0.004988,-0.160619,0.000007,1.570747,0.186098,1.000000,1.100000,0.000000,0.000000,-1.571000,0.105075,0.992025,0.053965,0.999033
43.290000,0.081441,0.007975,1.046025,0.207635,0.000014,-0.005006,-0.161040,0.000007,1.570749,0.184616,1.000000,1.100000,0.000000,0.000000,-1.571000,0.103175,0.992025,0.053975,0.998835
43.292000,0.081851,0.007975,1.046014,0.204072,0.000014,-0.005019,-0.161450,0.000006,1.570752,0.183127,1.000000,1.100000,0.000000,0.000000,-1.571000,0.101275,0.992025,0.053986,0.998641
43.294000,0.082254,0.007975,1.046004,0.200507,0.000014,-0.005027,-0.161850,0.000005,1.570754,0.181630,1.000000,1.100000,0.000000,0.000000,-1.571000,0.099375,0.992025,0.053996,0.998451
43.296000,0.082651,0.007975,1.045994,0.196940,0.000014,-0.005031,-0.162240,0.000004,1.570756,0.180126,1.000000,1.100000,0.000000,0.000000,-1.571000,0.097476,0.992025,0.054006,0.998264
43.298000,0.083039,0.007975,1.045984,0.193371,0.000014,-0.005030,-0.162620,0.000003,1.570759,0.178615,1.000000,1.100000,0.000000,0.000000,-1.571000,0.095576,0.992025,0.054016,0.998081
43.300000,0.083421,0.007975,1.045974,0.189800,0.000015,-0.005026,-0.162990,0.000002,1.570761,0.177097,1.000000,1.100000,0.000000,0.000000,-1.571000,0.093676,0.992025,0.054026,0.997901
43.302000,0.083796,0.007975,1.045964,0.186228,0.000015,-0.005019,-0.163351,0.000001,1.570763,0.175572,1.000000,1.100000,0.000000,0.000000,-1.571000,0.091776,0.992025,0.054036,0.997725
43.304000,0.084163,0.007975,1.045954,0.182655,0.000015,-0.005009,-0.163704,0.000000,1.570766,0.174040,1.000000,1.100000,0.000000,0.000000,-1.571000,0.089877,0.992025,0.054046,0.997553
43.306000,0.084524,0.007975,1.045944,0.179082,0.000015,-0.004996,-0.164048,-0.000001,1.570768,0.172502,1.000000,1.100000,0.000000,0.000000,-1.571000,0.087978,0.992025,0.054056,0.997384
43.308000,0.084877,0.007975,1.045934,0.175507,0.000015,-0.004982,-0.164384,-0.000001,1.570771,0.170956,1.000000,1.100000,0.000000,0.000000,-1.571000,0.086079,0.992025,0.054066,0.997219
43.310000,0.085223,0.007975,1.045924,0.171933,0.000015,-0.004965,-0.164711,-0.000002,1.570773,0.169404,1.000000,1.100000,0.000000,0.000000,-1.571000,0.084181,0.992025,0.054076,0.997057
43.312000,0.085562,0.007975,1.045914,0.168358,0.000015,-0.004947,-0.165031,-0.000003,1.570775,0.167845,1.000000,1.100000,0.000000,0.000000,-1.571000,0.082283,0.992025,0.054086,0.996900
43.314000,0.085893,0.007975,1.045904,0.164783,0.000015,-0.004928,-0.165344,-0.000004,1.570777,0.166279,1.000000,1.100000,0.000000,0.000000,-1.571000,0.080386,0.992025,0.054096,0.996745
43.316000,0.086218,0.007975,1.045895,0.161208,0.000015,-0.004908,-0.165649,-0.000004,1.570780,0.164707,1.000000,1.100000,0.000000,0.000000,-1.571000,0.078489,0.992025,0.054105,0.996595
43.318000,0.086535,0.007975,1.045885,0.157634,0.000015,-0.004887,-0.165947,-0.000005,1.570782,0.163128,1.000000,1.100000,0.000000,0.000000,-1.571000,0.076593,0.992025,0.054115,0.996448
43.320000,0.086845,0.007975,1.045875,0.154060,0.000015,-0.004865,-0.166237,-0.000006,1.570784,0.161543,1.000000,1.100000,0.000000,0.000000,-1.571000,0.074698,0.992025,0.054125,0.996304
43.322000,0.087148,0.007975,1.045865,0.150487,0.000015,-0.004842,-0.166521,-0.000006,1.570786,0.159951,1.000000,1.100000,0.000000,0.000000,-1.571000,0.072803,0.992025,0.054135,0.996164
43.324000,0.087444,0.007975,1.045856,0.146915,0.000015,-0.004819,-0.166798,-0.000007,1.570788,0.158354,1.000000,1.100000,0.000000,0.000000,-1.571000,0.070909,0.992025,0.054144,0.996028
43.326000,0.087733,0.007976,1.045846,0.143343,0.000014,-0.004795,-0.167069,-0.000007,1.570790,0.156750,1.000000,1.100000,0.000000,0.000000,-1.571000,0.069016,0.992024,0.054154,0.995896
43.328000,0.088015,0.007976,1.045836,0.139773,0.000014,-0.004771,-0.167333,-0.000008,1.570792,0.155139,1.000000,1.100000,0.000000,0.000000,-1.571000,0.067125,0.992024,0.054164,0.995767
43.330000,0.088289,0.007976,1.045827,0.136204,0.000014,-0.004747,-0.167590,-0.000008,1.570793,0.153523,1.000000,1.100000,0.000000,0.000000,-1.571000,0.065234,0.992024,0.054173,0.995642
43.332000,0.088557,0.007976,1.045817,0.132637,0.000014,-0.004723,-0.167841,-0.000009,1.570795,0.151900,1.000000,1.100000,0.000000,0.000000,-1.571000,0.063344,0.992024,0.054183,0.995520
43.334000,0.088817,0.007976,1.045808,0.129071,0.000014,-0.004699,-0.168086,-0.000009,1.570797,0.150272,1.000000,1.100000,0.000000,0.000000,-1.571000,0.061455,0.992024,0.054192,0.995402
43.336000,0.089070,0.007976,1.045799,0.125507,0.000013,-0.004676,-0.168325,-0.000010,1.570798,0.148638,1.000000,1.100000,0.000000,0.000000,-1.571000,0.059568,0.992024,0.054201,0.995288
43.338000,0.089316,0.007976,1.045789,0.121945,0.000013,-0.004652,-0.168558,-0.000010,1.570800,0.146997,1.000000,1.100000,0.000000,0.000000,-1.571000,0.057682,0.992024,0.054211,0.995177
43.340000,0.089555,0.007976,1.045780,0.118385,0.000013,-0.004629,-0.168784,-0.000010,1.570801,0.145351,1.000000,1.100000,0.000000,0.000000,-1.571000,0.055797,0.992024,0.054220,0.995070
43.342000,0.089786,0.007976,1.045771,0.114827,0.000013,-0.004607,-0.169005,-0.000011,1.570803,0.143699,1.000000,1.100000,0.000000,0.000000,-1.571000,0.053913,0.992024,0.054229,0.994967
43.344000,0.090011,0.007976,1.045762,0.111271,0.000013,-0.004584,-0.169220,-0.000011,1.570804,0.142042,1.000000,1.100000,0.000000,0.000000,-1.571000,0.052031,0.992024,0.054238,0.994867
43.346000,0.090228,0.007976,1.045753,0.107718,0.000012,-0.004563,-0.169429,-0.000011,1.570806,0.140379,1.000000,1.100000,0.000000,0.000000,-1.571000,0.050151,0.992024,0.054247,0.994771
43.348000,0.090438,0.007976,1.045743,0.104167,0.000012,-0.004541,-0.169632,-0.000012,1.570807,0.138710,1.000000,1.100000,0.000000,0.000000,-1.571000,0.048272,0.992024,0.054257,0.994679
43.350000,0.090642,0.007976,1.045734,0.100618,0.000012,-0.004520,-0.169830,-0.000012,1.570808,0.137036,1.000000,1.100000,0.000000,0.000000,-1.571000,0.046395,0.992024,0.054266,0.994590
43.352000,0.090838,0.007976,1.045725,0.097073,0.000011,-0.004500,-0.170022,-0.000012,1.570809,0.135357,1.000000,1.100000,0.000000,0.000000,-1.571000,0.044519,0.992024,0.054275,0.994505
43.354000,0.091027,0.007976,1.045716,0.093530,0.000011,-0.004480,-0.170208,-0.000012,1.570810,0.133672,1.000000,1.100000,0.000000,0.000000,-1.571000,0.042645,0.992024,0.054284,0.994423
43.356000,0.091209,0.007976,1.045707,0.089990,0.000011,-0.004460,-0.170389,-0.000012,1.570811,0.131982,1.000000,1.100000,0.000000,0.000000,-1.571000,0.040773,0.992024,0.054293,0.994345
43.358000,0.091384,0.007976,1.045699,0.086453,0.000010,-0.004441,-0.170565,-0.000012,1.570812,0.130286,1.000000,1.100000,0.000000,0.000000,-1.571000,0.038903,0.992024,0.054301,0.994271
43.360000,0.091551,0.007976,1.045690,0.082919,0.000010,-0.004422,-0.170735,-0.000012,1.570813,0.128586,1.000000,1.100000,0.000000,0.000000,-1.571000,0.037035,0.992024,0.054310,0.994200
43.362000,0.091712,0.007976,1.045681,0.079388,0.000010,-0.004401,-0.170899,-0.000012,1.570814,0.126880,1.000000,1.100000,0.000000,0.000000,-1.571000,0.035168,0.992024,0.054319,0.994132
43.364000,0.091866,0.007976,1.045672,0.075859,0.000010,-0.004376,-0.171059,-0.000012,1.570815,0.125170,1.000000,1.100000,0.000000,0.000000,-1.571000,0.033304,0.992024,0.054328,0.994069
43.366000,0.092012,0.007976,1.045663,0.072333,0.000009,-0.004347,-0.171213,-0.000012,1.570816,0.123454,1.000000,1.100000,0.000000,0.000000,-1.571000,0.031442,0.992024,0.054337,0.994008
43.368000,0.092152,0.007976,1.045655,0.068810,0.000009,-0.004315,-0.171362,-0.000012,1.570816,0.121734,1.000000,1.100000,0.000000,0.000000,-1.571000,0.029582,0.992024,0.054345,0.993952
43.370000,0.092284,0.007976,1.045646,0.065290,0.000009,-0.004280,-0.171505,-0.000012,1.570817,0.120009,1.000000,1.100000,0.000000,0.000000,-1.571000,0.027724,0.992024,0.054354,0.993899
43.372000,0.092410,0.007976,1.045638,0.061773,0.000008,-0.004241,-0.171644,-0.000011,1.570818,0.118279,1.000000,1.100000,0.000000,0.000000,-1.571000,0.025869,0.992024,0.054362,0.993849
43.374000,0.092528,0.007976,1.045629,0.058260,0.000008,-0.004201,-0.171777,-0.000011,1.570818,0.116544,1.000000,1.100000,0.000000,0.000000,-1.571000,0.024016,0.992024,0.054371,0.993803
43.376000,0.092639,0.007976,1.045621,0.054750,0.000008,-0.004158,-0.171906,-0.000011,1.570819,0.114805,1.000000,1.100000,0.000000,0.000000,-1.571000,0.022166,0.992024,0.054379,0.993760
43.378000,0.092744,0.007976,1.045613,0.051243,0.000007,-0.004113,-0.172030,-0.000010,1.570819,0.113061,1.000000,1.100000,0.000000,0.000000,-1.571000,0.020318,0.992024,0.054387,0.993721
43.380000,0.092841,0.007976,1.045604,0.047740,0.000007,-0.004067,-0.172149,-0.000010,1.570820,0.111313,1.000000,1.100000,0.000000,0.000000,-1.571000,0.018472,0.992024,0.054396,0.993686
43.382000,0.092931,0.007976,1.045596,0.044241,0.000007,-0.004019,-0.172263,-0.000010,1.570820,0.109561,1.000000,1.100000,0.000000,0.000000,-1.571000,0.016629,0.992024,0.054404,0.993654
43.384000,0.093015,0.007976,1.045588,0.040746,0.000006,-0.003969,-0.172373,-0.000009,1.570821,0.107804,1.000000,1.100000,0.000000,0.000000,-1.571000,0.014789,0.992024,0.054412,0.993625
43.386000,0.093091,0.007976,1.045580,0.037255,0.000006,-0.003919,-0.172478,-0.000008,1.570821,0.106042,1.000000,1.100000,0.000000,0.000000,-1.571000,0.012951,0.992024,0.054420,0.993600
43.388000,0.093160,0.007976,1.045573,0.033768,0.000006,-0.003867,-0.172579,-0.000008,1.570822,0.104277,1.000000,1.100000,0.000000,0.000000,-1.571000,0.011117,0.992024,0.054427,0.993578
43.390000,0.093223,0.007976,1.045565,0.030286,0.000006,-0.003815,-0.172675,-0.000007,1.570822,0.102508,1.000000,1.100000,0.000000,0.000000,-1.571000,0.009285,0.992024,0.054435,0.993560
43.392000,0.093278,0.007976,1.045558,0.026808,0.000005,-0.003761,-0.172768,-0.000007,1.570822,0.100734,1.000000,1.100000,0.000000,0.000000,-1.571000,0.007456,0.992024,0.054442,0.993545
43.394000,0.093327,0.007976,1.045550,0.023334,0.000005,-0.003707,-0.172856,-0.000006,1.570822,0.098957,1.000000,1.100000,0.000000,0.000000,-1.571000,0.005630,0.992024,0.054450,0.993533
43.396000,0.093368,0.007976,1.045543,0.019865,0.000005,-0.003652,-0.172939,-0.000005,1.570823,0.097175,1.000000,1.100000,0.000000,0.000000,-1.571000,0.003807,0.992024,0.054457,0.993525
43.398000,0.093403,0.007976,1.045535,0.016400,0.000005,-0.003597,-0.173019,-0.000004,1.570823,0.095390,1.000000,1.100000,0.000000,0.000000,-1.571000,0.001987,0.992024,0.054465,0.993520
43.400000,0.093430,0.007976,1.045528,0.012940,0.000005,-0.003541,-0.173095,-0.000004,1.570823,0.093601,1.000000,1.100000,0.000000,0.000000,-1.571000,0.000171,0.992024,0.054472,0.993518
43.402000,0.093451,0.007976,1.045521,0.009485,0.000004,-0.003485,-0.173168,-0.000003,1.570823,0.091808,1.000000,1.100000,0.000000,0.000000,-1.571000,-0.001643,0.992024,0.054479,0.993520
43.404000,0.093465,0.007976,1.045514,0.006049,0.000004,-0.003435,-0.173236,-0.000002,1.570824,0.090012,1.000000,1.100000,0.000000,0.000000,-1.571000,-0.003453,0.992024,0.054486,0.993525
43.406000,0.093472,0.007976,1.045508,0.002610,0.000004,-0.003385,-0.173301,-0.000001,1.570824,0.088212,1.000000,1.100000,0.000000,0.000000,-1.571000,-0.005260,0.992024,0.054492,0.993533
43.408000,0.093472,0.007976,1.045501,-0.000831,0.000004,-0.003334,-0.173363,-0.000001,1.570824,0.086409,1.000000,1.100000,0.000000,0.000000,-1.571000,-0.007063,0.992024,0.054499,0.993545
43.410000,0.093465,0.007976,1.045494,-0.004272,0.000004,-0.003283,-0.173421,0.000000,1.570824,0.084602,1.000000,1.100000,0.000000,0.000000,-1.571000,-0.008863,0.992024,0.054506,0.993560
43.412000,0.093451,0.007976,1.045488,-0.007715,0.000004,-0.003232,-0.173476,0.000001,1.570824,0.082792,1.000000,1.100000,0.000000,0.000000,-1.571000,-0.010660,0.992024,0.054512,0.993578
43.414000,0.093431,0.007976,1.045482,-0.011148,0.000004,-0.003177,-0.173527,0.000002,1.570825,0.080978,1.000000,1.100000,0.000000,0.000000,-1.571000,-0.012452,0.992024,0.054518,0.993599
43.416000,0.093403,0.007976,1.045475,-0.014567,0.000004,-0.003119,-0.173576,0.000002,1.570825,0.079162,1.000000,1.100000,0.000000,0.000000,-1.571000,-0.014241,0.992024,0.054525,0.993623
43.418000,0.093369,0.007976,1.045469,-0.017981,0.000004,-0.003061,-0.173622,0.000003,1.570825,0.077342,1.000000,1.100000,0.000000,0.000000,-1.571000,-0.016027,0.992024,0.054531,0.993651
43.420000,0.093328,0.007976,1.045463,-0.021390,0.000004,-0.003003,-0.173665,0.000004,1.570825,0.075519,1.000000,1.100000,0.000000,0.000000,-1.571000,-0.017808,0.992024,0.054537,0.993681
43.422000,0.093280,0.007976,1.045457,-0.024793,0.000004,-0.002945,-0.173705,0.000004,1.570825,0.073694,1.000000,1.100000,0.000000,0.000000,-1.571000,-0.019586,0.992024,0.054543,0.993715
43.424000,0.093225,0.007976,1.045451,-0.028191,0.000004,-0.002883,-0.173743,0.000005,1.570825,0.071865,1.000000,1.100000,0.000000,0.000000,-1.571000,-0.021360,0.992024,0.054549,0.993752
43.426000,0.093164,0.007976,1.045446,-0.031584,0.000004,-0.002821,-0.173778,0.000006,1.570825,0.070034,1.000000,1.100000,0.000000,0.000000,-1.571000,-0.023130,0.992024,0.054554,0.993792
43.428000,0.093095,0.007976,1.045440,-0.034972,0.000004,-0.002756,-0.173811,0.000006,1.570825,0.068199,1.000000,1.100000,0.000000,0.000000,-1.571000,-0.024896,0.992024,0.054560,0.993835
43.430000,0.093020,0.007976,1.045435,-0.038355,0.000004,-0.002690,-0.173841,0.000007,1.570825,0.066362,1.000000,1.100000,0.000000,0.000000,-1.571000,-0.026658,0.992024,0.054565,0.993881
43.432000,0.092938,0.007976,1.045429,-0.041732,0.000004,-0.002622,-0.173870,0.000007,1.570825,0.064523,1.000000,1.100000,0.000000,0.000000,-1.571000,-0.028416,0.992024,0.054571,0.993930
43.434000,0.092850,0.007976,1.045424,-0.045103,0.000004,-0.002553,-0.173896,0.000008,1.570825,0.062681,1.000000,1.100000,0.000000,0.000000,-1.571000,-0.030169,0.992024,0.054576,0.993982
43.436000,0.092755,0.007976,1.045419,-0.048469,0.000004,-0.002483,-0.173920,0.000008,1.570826,0.060836,1.000000,1.100000,0.000000,0.000000,-1.571000,-0.031918,0.992024,0.054581,0.994037
43.438000,0.092652,0.007976,1.045414,-0.051830,0.000004,-0.002412,-0.173943,0.000009,1.570826,0.058989,1.000000,1.100000,0.000000,0.000000,-1.571000,-0.033663,0.992024,0.054586,0.994094
43.440000,0.092544,0.007976,1.045410,-0.055185,0.000004,-0.002341,-0.173964,0.000009,1.570826,0.057140,1.000000,1.100000,0.000000,0.000000,-1.571000,-0.035404,0.992024,0.054590,0.994155
43.442000,0.092428,0.007976,1.045405,-0.058534,0.000004,-0.002268,-0.173983,0.000010,1.570826,0.055288,1.000000,1.100000,0.000000,0.000000,-1.571000,-0.037140,0.992024,0.054595,0.994219
43.444000,0.092306,0.007976,1.045401,-0.061878,0.000004,-0.002195,-0.174000,0.000010,1.570826,0.053435,1.000000,1.100000,0.000000,0.000000,-1.571000,-0.038871,0.992024,0.054599,0.994285
43.446000,0.092177,0.007976,1.045396,-0.065215,0.000004,-0.002121,-0.174016,0.000010,1.570826,0.051579,1.000000,1.100000,0.000000,0.000000,-1.571000,-0.040598,0.992024,0.054604,0.994354
43.448000,0.092041,0.007976,1.045392,-0.068548,0.000004,-0.002047,-0.174031,0.000011,1.570826,0.049721,1.000000,1.100000,0.000000,0.000000,-1.571000,-0.042321,0.992024,0.054608,0.994426
43.450000,0.091899,0.007976,1.045388,-0.071874,0.000004,-0.001972,-0.174044,0.000011,1.570826,0.047861,1.000000,1.100000,0.000000,0.000000,-1.571000,-0.044038,0.992024,0.054612,0.994501
43.452000,0.091750,0.007976,1.045384,-0.075194,0.000004,-0.001897,-0.174056,0.000011,1.570826,0.045999,1.000000,1.100000,0.000000,0.000000,-1.571000,-0.045751,0.992024,0.054616,0.994579
43.454000,0.091595,0.007976,1.045381,-0.078509,0.000004,-0.001821,-0.174067,0.000011,1.570826,0.044136,1.000000,1.100000,0.000000,0.000000,-1.571000,-0.047459,0.992024,0.054619,0.994659
43.456000,0.091433,0.007976,1.045377,-0.081818,0.000005,-0.001745,-0.174077,0.000011,1.570826,0.042270,1.000000,1.100000,0.000000,0.000000,-1.571000,-0.049162,0.992024,0.054623,0.994742
43.458000,0.091264,0.007976,1.045374,-0.085121,0.000005,-0.001669,-0.174086,0.000012,1.570826,0.040403,1.000000,1.100000,0.000000,0.000000,-1.571000,-0.050861,0.992024,0.054626,0.994827
43.460000,0.091089,0.007976,1.045371,-0.088418,0.000005,-0.001592,-0.174094,0.000012,1.570826,0.038535,1.000000,1.100000,0.000000,0.000000,-1.571000,-0.052554,0.992024,0.054629,0.994916
43.462000,0.090907,0.007976,1.045368,-0.091709,0.000005,-0.001516,-0.174102,0.000012,1.570826,0.036665,1.000000,1.100000,0.000000,0.000000,-1.571000,-0.054242,0.992024,0.054632,0.995006
43.464000,0.090718,0.007976,1.045365,-0.094994,0.000005,-0.001439,-0.174108,0.000012,1.570826,0.034793,1.000000,1.100000,0.000000,0.000000,-1.571000,-0.055925,0.992024,0.054635,0.995100
43.466000,0.090523,0.007976,1.045362,-0.098274,0.000005,-0.001362,-0.174114,0.000011,1.570826,0.032920,1.000000,1.100000,0.000000,0.000000,-1.571000,-0.057603,0.992024,0.054638,0.995195
43.468000,0.090321,0.007977,1.045359,-0.101547,0.000005,-0.001285,-0.174119,0.000011,1.570826,0.031046,1.000000,1.100000,0.000000,0.000000,-1.571000,-0.059275,0.992023,0.054641,0.995294
43.470000,0.090113,0.007977,1.045357,-0.104815,0.000005,-0.001208,-0.174124,0.000011,1.570826,0.029171,1.000000,1.100000,0.000000,0.000000,-1.571000,-0.060942,0.992023,0.054643,0.995395
43.472000,0.089898,0.007977,1.045354,-0.108076,0.000006,-0.001130,-0.174128,0.000011,1.570826,0.027294,1.000000,1.100000,0.000000,0.000000,-1.571000,-0.062604,0.992023,0.054646,0.995498
43.474000,0.089677,0.007977,1.045352,-0.111332,0.000006,-0.001053,-0.174132,0.000011,1.570826,0.025416,1.000000,1.100000,0.000000,0.000000,-1.571000,-0.064261,0.992023,0.054648,0.995604
43.476000,0.089449,0.007977,1.045350,-0.114582,0.000006,-0.000976,-0.174135,0.000011,1.570826,0.023538,1.000000,1.100000,0.000000,0.000000,-1.571000,-0.065912,0.992023,0.054650,0.995712
43.478000,0.089215,0.007977,1.045348,-0.117826,0.000006,-0.000898,-0.174138,0.000010,1.570826,0.021658,1.000000,1.100000,0.000000,0.000000,-1.571000,-0.067557,0.992023,0.054652,0.995822
43.480000,0.088974,0.007977,1.045347,-0.121063,0.000006,-0.000821,-0.174140,0.000010,1.570826,0.019778,1.000000,1.100000,0.000000,0.000000,-1.571000,-0.069197,0.992023,0.054653,0.995935
43.482000,0.088727,0.007977,1.045345,-0.124295,0.000006,-0.000745,-0.174143,0.000010,1.570826,0.017896,1.000000,1.100000,0.000000,0.000000,-1.571000,-0.070831,0.992023,0.054655,0.996049
43.484000,0.088473,0.007977,1.045344,-0.127521,0.000006,-0.000670,-0.174145,0.000010,1.570826,0.016015,1.000000,1.100000,0.000000,0.000000,-1.571000,-0.072459,0.992023,0.054656,0.996167
43.486000,0.088213,0.007977,1.045343,-0.130740,0.000006,-0.000596,-0.174146,0.000009,1.570826,0.014132,1.000000,1.100000,0.000000,0.000000,-1.571000,-0.074081,0.992023,0.054657,0.996286
43.488000,0.087947,0.007977,1.045342,-0.133954,0.000006,-0.000524,-0.174148,0.000009,1.570826,0.012249,1.000000,1.100000,0.000000,0.000000,-1.571000,-0.075698,0.992023,0.054658,0.996408
43.490000,0.087674,0.007977,1.045341,-0.137161,0.000006,-0.000453,-0.174149,0.000009,1.570825,0.010365,1.000000,1.100000,0.000000,0.000000,-1.571000,-0.077309,0.992023,0.054659,0.996531
43.492000,0.087394,0.007977,1.045340,-0.140362,0.000006,-0.000384,-0.174150,0.000009,1.570825,0.008481,1.000000,1.100000,0.000000,0.000000,-1.571000,-0.078913,0.992023,0.054660,0.996657
43.494000,0.087109,0.007977,1.045339,-0.143557,0.000006,-0.000315,-0.174151,0.000009,1.570825,0.006597,1.000000,1.100000,0.000000,0.000000,-1.571000,-0.080512,0.992023,0.054661,0.996785
43.496000,0.086816,0.007977,1.045339,-0.146746,0.000006,-0.000247,-0.174152,0.000008,1.570825,0.004712,1.000000,1.100000,0.000000,0.000000,-1.571000,-0.082104,0.992023,0.054661,0.996915
43.498000,0.086518,0.007977,1.045338,-0.149929,0.000007,-0.000180,-0.174153,0.000008,1.570825,0.002827,1.000000,1.100000,0.000000,0.000000,-1.571000,-0.083690,0.992023,0.054662,0.997047
43.500000,0.086213,0.007977,1.045338,-0.153106,0.000007,-0.000114,-0.174154,0.000008,1.570825,0.000942,1.000000,1.100000,0.000000,0.000000,-1.571000,-0.085270,0.992023,0.054662,0.997181
43.502000,0.085902,0.007977,1.045338,-0.156277,0.000007,-0.000048,-0.174154,0.000008,1.570825,-0.000942,1.000000,1.100000,0.000000,0.000000,-1.571000,-0.086844,0.992023,0.054662,0.997316
43.504000,0.085584,0.007977,1.045338,-0.159442,0.000007,0.000016,-0.174155,0.000008,1.570825,-0.002827,1.000000,1.100000,0.000000,0.000000,-1.571000,-0.088411,0.992023,0.054662,0.997454
43.506000,0.085260,0.007977,1.045338,-0.162601,0.000007,0.000080,-0.174155,0.000008,1.570824,-0.004712,1.000000,1.100000,0.000000,0.000000,-1.571000,-0.089972,0.992023,0.054662,0.997594
43.508000,0.084930,0.007977,1.045338,-0.165754,0.000007,0.000144,-0.174156,0.000008,1.570824,-0.006597,1.000000,1.100000,0.000000,0.000000,-1.571000,-0.091527,0.992023,0.054662,0.997735
43.510000,0.084593,0.007977,1.045339,-0.168901,0.000007,0.000207,-0.174157,0.000007,1.570824,-0.008481,1.000000,1.100000,0.000000,0.000000,-1.571000,-0.093074,0.992023,0.054661,0.997878
43.512000,0.084250,0.007977,1.045339,-0.172042,0.000007,0.000270,-0.174157,0.000007,1.570824,-0.010365,1.000000,1.100000,0.000000,0.000000,-1.571000,-0.094615,0.992023,0.054661,0.998023
43.514000,0.083901,0.007977,1.045340,-0.175178,0.000007,0.000332,-0.174158,0.000007,1.570824,-0.012249,1.000000,1.100000,0.000000,0.000000,-1.571000,-0.096150,0.992023,0.054660,0.998170
43.516000,0.083546,0.007977,1.045341,-0.178307,0.000007,0.000393,-0.174158,0.000007,1.570824,-0.014132,1.000000,1.100000,0.000000,0.000000,-1.571000,-0.097678,0.992023,0.054659,0.998318
43.518000,0.083184,0.007977,1.045341,-0.181431,0.000007,0.000455,-0.174159,0.000007,1.570824,-0.016015,1.000000,1.100000,0.000000,0.000000,-1.571000,-0.099199,0.992023,0.054659,0.998468
43.520000,0.082816,0.007977,1.045342,-0.184549,0.000007,0.000515,-0.174160,0.000007,1.570824,-0.017896,1.000000,1.100000,0.000000,0.000000,-1.571000,-0.100713,0.992023,0.054658,0.998619
43.522000,0.082442,0.007977,1.045344,-0.187661,0.000007,0.000576,-0.174161,0.000007,1.570824,-0.019778,1.000000,1.100000,0.000000,0.000000,-1.571000,-0.102220,0.992023,0.054656,0.998772
43.524000,0.082062,0.007977,1.045345,-0.190767,0.000007,0.000636,-0.174161,0.000007,1.570824,-0.021658,1.000000,1.100000,0.000000,0.000000,-1.571000,-0.103720,0.992023,0.054655,0.998927
43.526000,0.081675,0.007977,1.045346,-0.193868,0.000007,0.000696,-0.174162,0.000008,1.570824,-0.023538,1.000000,1.100000,0.000000,0.000000,-1.571000,-0.105213,0.992023,0.054654,0.999083
43.528000,0.081282,0.007977,1.045348,-0.196963,0.000007,0.000756,-0.174163,0.000008,1.570824,-0.025416,1.000000,1.100000,0.000000,0.000000,-1.571000,-0.106699,0.992023,0.054652,0.999240
43.530000,0.080883,0.007977,1.045349,-0.200052,0.000007,0.000815,-0.174164,0.000008,1.570824,-0.027294,1.000000,1.100000,0.000000,0.000000,-1.571000,-0.108177,0.992023,0.054651,0.999399
43.532000,0.080478,0.007977,1.045351,-0.203135,0.000007,0.000874,-0.174166,0.000008,1.570824,-0.029171,1.000000,1.100000,0.000000,0.000000,-1.571000,-0.109649,0.992023,0.054649,0.999559
43.534000,0.080067,0.007977,1.045353,-0.206213,0.000007,0.000933,-0.174167,0.000008,1.570824,-0.031046,1.000000,1.100000,0.000000,0.000000,-1.571000,-0.111113,0.992023,0.054647,0.999721
43.536000,0.079649,0.007977,1.045355,-0.209285,0.000007,0.000992,-0.174168,0.000007,1.570824,-0.032920,1.000000,1.100000,0.000000,0.000000,-1.571000,-0.112570,0.992023,0.054645,0.999884
43.538000,0.079226,0.007977,1.045357,-0.212351,0.000007,0.001050,-0.174170,0.000007,1.570824,-0.034793,1.000000,1.100000,0.000000,0.000000,-1.571000,-0.114019,0.992023,0.054643,1.000048
43.540000,0.078796,0.007977,1.045359,-0.215412,0.000007,0.001109,-0.174171,0.000007,1.570824,-0.036665,1.000000,1.100000,0.000000,0.000000,-1.571000,-0.115461,0.992023,0.054641,1.000213
43.542000,0.078360,0.007977,1.045361,-0.218466,0.000007,0.001167,-0.174173,0.000007,1.570824,-0.038535,1.000000,1.100000,0.000000,0.000000,-1.571000,-0.116895,0.992023,0.054639,1.000380
43.544000,0.077918,0.007977,1.045364,-0.221516,0.000007,0.001225,-0.174175,0.000007,1.570823,-0.040403,1.000000,1.100000,0.000000,0.000000,-1.571000,-0.118322,0.992023,0.054636,1.000547
43.546000,0.077470,0.007977,1.045366,-0.224559,0.000007,0.001282,-0.174176,0.000007,1.570823,-0.042270,1.000000,1.100000,0.000000,0.000000,-1.571000,-0.119741,0.992023,0.054634,1.000716
43.548000,0.077016,0.007977,1.045369,-0.227597,0.000008,0.001340,-0.174178,0.000007,1.570823,-0.044136,1.000000,1.100000,0.000000,0.000000,-1.571000,-0.121152,0.992023,0.054631,1.000886
43.550000,0.076556,0.007977,1.045372,-0.230630,0.000008,0.001397,-0.174181,0.000007,1.570823,-0.045999,1.000000,1.100000,0.000000,0.000000,-1.571000,-0.122555,0.992023,0.054628,1.001056
43.552000,0.076090,0.007977,1.045375,-0.233657,0.000008,0.001454,-0.174183,0.000006,1.570823,-0.047861,1.000000,1.100000,0.000000,0.000000,-1.571000,-0.123951,0.992023,0.054625,1.001228
43.554000,0.075617,0.007977,1.045378,-0.236678,0.000008,0.001511,-0.174185,0.000006,1.570823,-0.049721,1.000000,1.100000,0.000000,0.000000,-1.571000,-0.125338,0.992023,0.054622,1.001400
43.556000,0.075139,0.007977,1.045381,-0.239693,0.000008,0.001568,-0.174188,0.000006,1.570823,-0.051579,1.000000,1.100000,0.000000,0.000000,-1.571000,-0.126718,0.992023,0.054619,1.001574
43.558000,0.074655,0.007977,1.045384,-0.242704,0.000008,0.001625,-0.174190,0.000006,1.570823,-0.053435,1.000000,1.100000,0.000000,0.000000,-1.571000,-0.128089,0.992023,0.054616,1.001748
43.560000,0.074164,0.007977,1.045387,-0.245708,0.000008,0.001681,-0.174193,0.000005,1.570823,-0.055288,1.000000,1.100000,0.000000,0.000000,-1.571000,-0.129453,0.992023,0.054613,1.001923
43.562000,0.073668,0.007977,1.045391,-0.248707,0.000008,0.001735,-0.174196,0.000005,1.570823,-0.057140,1.000000,1.100000,0.000000,0.000000,-1.571000,-0.130808,0.992023,0.054609,1.002099
43.564000,0.073165,0.007977,1.045394,-0.251699,0.000008,0.001783,-0.174198,0.000005,1.570823,-0.058989,1.000000,1.100000,0.000000,0.000000,-1.571000,-0.132155,0.992023,0.054606,1.002275
43.566000,0.072657,0.007977,1.045398,-0.254685,0.000008,0.001826,-0.174200,0.000005,1.570823,-0.060836,1.000000,1.100000,0.000000,0.000000,-1.571000,-0.133493,0.992023,0.054602,1.002453
43.568000,0.072143,0.007977,1.045402,-0.257664,0.000008,0.001865,-0.174201,0.000004,1.570822,-0.062681,1.000000,1.100000,0.000000,0.000000,-1.571000,-0.134823,0.992023,0.054598,1.002630
43.570000,0.071622,0.007977,1.045405,-0.260638,0.000008,0.001900,-0.174202,0.000004,1.570822,-0.064523,1.000000,1.100000,0.000000,0.000000,-1.571000,-0.136145,0.992023,0.054595,1.002809
43.572000,0.071096,0.007977,1.045409,-0.263605,0.000008,0.001931,-0.174201,0.000004,1.570822,-0.066362,1.000000,1.100000,0.000000,0.000000,-1.571000,-0.137459,0.992023,0.054591,1.002988
43.574000,0.070564,0.007977,1.045413,-0.266566,0.000008,0.001959,-0.174198,0.000004,1.570822,-0.068199,1.000000,1.100000,0.000000,0.000000,-1.571000,-0.138763,0.992023,0.054587,1.003167
43.576000,0.070026,0.007977,1.045417,-0.269521,0.000007,0.001984,-0.174194,0.000003,1.570821,-0.070034,1.000000,1.100000,0.000000,0.000000,-1.571000,-0.140059,0.992023,0.054583,1.003347
43.578000,0.069482,0.007977,1.045421,-0.272470,0.000007,0.002007,-0.174189,0.000003,1.570821,-0.071865,1.000000,1.100000,0.000000,0.000000,-1.571000,-0.141347,0.992023,0.054579,1.003527
43.580000,0.068932,0.007977,1.045425,-0.275413,0.000007,0.002026,-0.174182,0.000003,1.570821,-0.073694,1.000000,1.100000,0.000000,0.000000,-1.571000,-0.142626,0.992023,0.054575,1.003708
43.582000,0.068376,0.007977,1.045429,-0.278350,0.000007,0.002044,-0.174173,0.000003,1.570821,-0.075519,1.000000,1.100000,0.000000,0.000000,-1.571000,-0.143896,0.992023,0.054571,1.003889
43.584000,0.067815,0.007977,1.045433,-0.281281,0.000007,0.002060,-0.174161,0.000003,1.570820,-0.077342,1.000000,1.100000,0.000000,0.000000,-1.571000,-0.145157,0.992023,0.054567,1.004070
43.586000,0.067247,0.007977,1.045437,-0.284206,0.000007,0.002073,-0.174148,0.000003,1.570820,-0.079162,1.000000,1.100000,0.000000,0.000000,-1.571000,-0.146409,0.992023,0.054563,1.004252
43.588000,0.066674,0.007977,1.045442,-0.287125,0.000007,0.002086,-0.174133,0.000003,1.570820,-0.080978,1.000000,1.100000,0.000000,0.000000,-1.571000,-0.147652,0.992023,0.054558,1.004434
43.590000,0.066094,0.007977,1.045446,-0.290038,0.000007,0.002096,-0.174116,0.000002,1.570819,-0.082792,1.000000,1.100000,0.000000,0.000000,-1.571000,-0.148886,0.992023,0.054554,1.004615
43.592000,0.065509,0.007977,1.045450,-0.292946,0.000007,0.002106,-0.174096,0.000002,1.570819,-0.084602,1.000000,1.100000,0.000000,0.000000,-1.571000,-0.150111,0.992023,0.054550,1.004798
43.594000,0.064919,0.007977,1.045454,-0.295847,0.000007,0.002114,-0.174075,0.000002,1.570819,-0.086409,1.000000,1.100000,0.000000,0.000000,-1.571000,-0.151327,0.992023,0.054546,1.004980
43.596000,0.064322,0.007977,1.045459,-0.298742,0.000007,0.002121,-0.174051,0.000002,1.570818,-0.088212,1.000000,1.100000,0.000000,0.000000,-1.571000,-0.152534,0.992023,0.054541,1.005162
43.598000,0.063720,0.007977,1.045463,-0.301631,0.000007,0.002128,-0.174026,0.000002,1.570818,-0.090012,1.000000,1.100000,0.000000,0.000000,-1.571000,-0.153731,0.992023,0.054537,1.005344
43.600000,0.063111,0.007977,1.045467,-0.304514,0.000007,0.002133,-0.173998,0.000002,1.570817,-0.091808,1.000000,1.100000,0.000000,0.000000,-1.571000,-0.154920,0.992023,0.054533,1.005526
43.602000,0.062497,0.007977,1.045471,-0.307391,0.000007,0.002138,-0.173968,0.000002,1.570817,-0.093601,1.000000,1.100000,0.000000,0.000000,-1.571000,-0.156098,0.992023,0.054529,1.005708
43.604000,0.061878,0.007977,1.045476,-0.310262,0.000007,0.002142,-0.173936,0.000002,1.570816,-0.095390,1.000000,1.100000,0.000000,0.000000,-1.571000,-0.157268,0.992023,0.054524,1.005890
43.606000,0.061252,0.007977,1.045480,-0.313127,0.000007,0.002145,-0.173902,0.000002,1.570816,-0.097175,1.000000,1.100000,0.000000,0.000000,-1.571000,-0.158427,0.992023,0.054520,1.006072
43.608000,0.060621,0.007977,1.045484,-0.315986,0.000007,0.002148,-0.173866,0.000002,1.570815,-0.098957,1.000000,1.100000,0.000000,0.000000,-1.571000,-0.159578,0.992023,0.054516,1.006253
43.610000,0.059984,0.007977,1.045489,-0.318838,0.000007,0.002151,-0.173828,0.000002,1.570815,-0.100734,1.000000,1.100000,0.000000,0.000000,-1.571000,-0.160718,0.992023,0.054511,1.006435
43.612000,0.059342,0.007978,1.045493,-0.321685,0.000007,0.002153,-0.173789,0.000002,1.570815,-0.102508,1.000000,1.100000,0.000000,0.000000,-1.571000,-0.161849,0.992022,0.054507,1.006616
43.614000,0.058693,0.007978,1.045497,-0.324525,0.000007,0.002155,-0.173748,0.000002,1.570814,-0.104277,1.000000,1.100000,0.000000,0.000000,-1.571000,-0.162970,0.992022,0.054503,1.006796
43.616000,0.058039,0.007978,1.045501,-0.327359,0.000007,0.002157,-0.173705,0.000002,1.570814,-0.106042,1.000000,1.100000,0.000000,0.000000,-1.571000,-0.164082,0.992022,0.054499,1.006976
43.618000,0.057380,0.007978,1.045506,-0.330188,0.000007,0.002158,-0.173660,0.000002,1.570813,-0.107804,1.000000,1.100000,0.000000,0.000000,-1.571000,-0.165183,0.992022,0.054494,1.007156
43.620000,0.056714,0.007978,1.045510,-0.333009,0.000007,0.002159,-0.173615,0.000002,1.570813,-0.109561,1.000000,1.100000,0.000000,0.000000,-1.571000,-0.166275,0.992022,0.054490,1.007336
43.622000,0.056044,0.007978,1.045514,-0.335825,0.000007,0.002156,-0.173567,0.000002,1.570812,-0.111313,1.000000,1.100000,0.000000,0.000000,-1.571000,-0.167357,0.992022,0.054486,1.007514
43.624000,0.055367,0.007978,1.045519,-0.338632,0.000007,0.002147,-0.173515,0.000002,1.570812,-0.113061,1.000000,1.100000,0.000000,0.000000,-1.571000,-0.168428,0.992022,0.054481,1.007693
43.626000,0.054685,0.007978,1.045523,-0.341432,0.000007,0.002131,-0.173455,0.000001,1.570812,-0.114805,1.000000,1.100000,0.000000,0.000000,-1.571000,-0.169490,0.992022,0.054477,1.007871
43.628000,0.053997,0.007978,1.045527,-0.344225,0.000007,0.002110,-0.173387,0.000001,1.570811,-0.116544,1.000000,1.100000,0.000000,0.000000,-1.571000,-0.170541,0.992022,0.054473,1.008048
43.630000,0.053304,0.007978,1.045531,-0.347011,0.000006,0.002083,-0.173309,0.000001,1.570811,-0.118279,1.000000,1.100000,0.000000,0.000000,-1.571000,-0.171583,0.992022,0.054469,1.008224
43.632000,0.052605,0.007978,1.045536,-0.349789,0.000006,0.002052,-0.173218,0.000001,1.570810,-0.120009,1.000000,1.100000,0.000000,0.000000,-1.571000,-0.172614,0.992022,0.054464,1.008400
43.634000,0.051900,0.007978,1.045540,-0.352559,0.000006,0.002017,-0.173114,0.000000,1.570810,-0.121734,1.000000,1.100000,0.000000,0.000000,-1.571000,-0.173634,0.992022,0.054460,1.008575
43.636000,0.051190,0.007978,1.045544,-0.355321,0.000006,0.001979,-0.172995,-0.000000,1.570809,-0.123454,1.000000,1.100000,0.000000,0.000000,-1.571000,-0.174645,0.992022,0.054456,1.008749
43.638000,0.050475,0.007978,1.045547,-0.358075,0.000006,0.001937,-0.172860,-0.000001,1.570808,-0.125170,1.000000,1.100000,0.000000,0.000000,-1.571000,-0.175645,0.992022,0.054453,1.008922
43.640000,0.049754,0.007978,1.045551,-0.360820,0.000006,0.001893,-0.172708,-0.000001,1.570808,-0.126880,1.000000,1.100000,0.000000,0.000000,-1.571000,-0.176634,0.992022,0.054449,1.009095
43.642000,0.049028,0.007978,1.045555,-0.363557,0.000006,0.001846,-0.172539,-0.000002,1.570807,-0.128586,1.000000,1.100000,0.000000,0.000000,-1.571000,-0.177613,0.992022,0.054445,1.009267
43.644000,0.048296,0.007978,1.045559,-0.366285,0.000006,0.001798,-0.172353,-0.000002,1.570806,-0.130286,1.000000,1.100000,0.000000,0.000000,-1.571000,-0.178582,0.992022,0.054441,1.009437
43.646000,0.047558,0.007978,1.045562,-0.369004,0.000006,0.001747,-0.172147,-0.000002,1.570806,-0.131982,1.000000,1.100000,0.000000,0.000000,-1.571000,-0.179540,0.992022,0.054438,1.009607
43.648000,0.046815,0.007978,1.045566,-0.371713,0.000006,0.001696,-0.171924,-0.000003,1.570805,-0.133672,1.000000,1.100000,0.000000,0.000000,-1.571000,-0.180487,0.992022,0.054434,1.009776
43.650000,0.046067,0.007978,1.045569,-0.374412,0.000006,0.001643,-0.171682,-0.000004,1.570804,-0.135357,1.000000,1.100000,0.000000,0.000000,-1.571000,-0.181424,0.992022,0.054431,1.009943
43.652000,0.045314,0.007978,1.045572,-0.377102,0.000006,0.001589,-0.171421,-0.000004,1.570803,-0.137036,1.000000,1.100000,0.000000,0.000000,-1.571000,-0.182350,0.992022,0.054428,1.010110
43.654000,0.044555,0.007978,1.045575,-0.379781,0.000006,0.001535,-0.171141,-0.000005,1.570803,-0.138710,1.000000,1.100000,0.000000,0.000000,-1.571000,-0.183265,0.992022,0.054425,1.010275
43.656000,0.043790,0.007978,1.045578,-0.382449,0.000005,0.001480,-0.170843,-0.000005,1.570802,-0.140379,1.000000,1.100000,0.000000,0.000000,-1.571000,-0.184169,0.992022,0.054422,1.010440
43.658000,0.043021,0.007978,1.045581,-0.385106,0.000005,0.001425,-0.170527,-0.000006,1.570801,-0.142042,1.000000,1.100000,0.000000,0.000000,-1.571000,-0.185063,0.992022,0.054419,1.010603
43.660000,0.042246,0.007978,1.045584,-0.387751,0.000005,0.001370,-0.170194,-0.000006,1.570800,-0.143699,1.000000,1.100000,0.000000,0.000000,-1.571000,-0.185945,0.992022,0.054416,1.010764
43.662000,0.041465,0.007978,1.045586,-0.390385,0.000005,0.001315,-0.169843,-0.000007,1.570799,-0.145351,1.000000,1.100000,0.000000,0.000000,-1.571000,-0.186817,0.992022,0.054414,1.010925
43.664000,0.040680,0.007978,1.045589,-0.393007,0.000005,0.001260,-0.169475,-0.000007,1.570799,-0.146997,1.000000,1.100000,0.000000,0.000000,-1.571000,-0.187677,0.992022,0.054411,1.011084
43.666000,0.039889,0.007978,1.045591,-0.395617,0.000005,0.001206,-0.169092,-0.000008,1.570798,-0.148638,1.000000,1.100000,0.000000,0.000000,-1.571000,-0.188527,0.992022,0.054409,1.011242
43.668000,0.039093,0.007978,1.045594,-0.398214,0.000005,0.001152,-0.168693,-0.000008,1.570797,-0.150272,1.000000,1.100000,0.000000,0.000000,-1.571000,-0.189365,0.992022,0.054406,1.011399
43.670000,0.038292,0.007978,1.045596,-0.400798,0.000004,0.001099,-0.168279,-0.000009,1.570796,-0.151900,1.000000,1.100000,0.000000,0.000000,-1.571000,-0.190193,0.992022,0.054404,1.011554
43.672000,0.037486,0.007978,1.045598,-0.403369,0.000004,0.001047,-0.167852,-0.000009,1.570796,-0.153523,1.000000,1.100000,0.000000,0.000000,-1.571000,-0.191009,0.992022,0.054402,1.011707
43.674000,0.036674,0.007978,1.045600,-0.405927,0.000004,0.000996,-0.167411,-0.000010,1.570795,-0.155139,1.000000,1.100000,0.000000,0.000000,-1.571000,-0.191814,0.992022,0.054400,1.011860
43.676000,0.035858,0.007978,1.045602,-0.408472,0.000004,0.000945,-0.166958,-0.000010,1.570794,-0.156750,1.000000,1.100000,0.000000,0.000000,-1.571000,-0.192608,0.992022,0.054398,1.012010
43.678000,0.035036,0.007978,1.045604,-0.411002,0.000004,0.000896,-0.166494,-0.000011,1.570794,-0.158354,1.000000,1.100000,0.000000,0.000000,-1.571000,-0.193390,0.992022,0.054396,1.012159
43.680000,0.034210,0.007978,1.045606,-0.413519,0.000003,0.000848,-0.166020,-0.000011,1.570793,-0.159951,1.000000,1.100000,0.000000,0.000000,-1.571000,-0.194161,0.992022,0.054394,1.012307
43.682000,0.033378,0.007978,1.045607,-0.416021,0.000003,0.000798,-0.165535,-0.000012,1.570793,-0.161543,1.000000,1.100000,0.000000,0.000000,-1.571000,-0.194921,0.992022,0.054393,1.012453
43.684000,0.032542,0.007978,1.045609,-0.418508,0.000003,0.000742,-0.165038,-0.000012,1.570793,-0.163128,1.000000,1.100000,0.000000,0.000000,-1.571000,-0.195670,0.992022,0.054391,1.012597
43.686000,0.031700,0.007978,1.045610,-0.420980,0.000003,0.000682,-0.164526,-0.000012,1.570792,-0.164707,1.000000,1.100000,0.000000,0.000000,-1.571000,-0.196407,0.992022,0.054390,1.012740
43.688000,0.030854,0.007978,1.045611,-0.423436,0.000002,0.000618,-0.163997,-0.000013,1.570792,-0.166279,1.000000,1.100000,0.000000,0.000000,-1.571000,-0.197133,0.992022,0.054389,1.012881
43.690000,0.030002,0.007978,1.045613,-0.425876,0.000002,0.000551,-0.163449,-0.000013,1.570792,-0.167845,1.000000,1.100000,0.000000,0.000000,-1.571000,-0.197847,0.992022,0.054387,1.013020
43.692000,0.029146,0.007978,1.045614,-0.428300,0.000002,0.000481,-0.162883,-0.000013,1.570791,-0.169404,1.000000,1.100000,0.000000,0.000000,-1.571000,-0.198550,0.992022,0.054386,1.013157
43.694000,0.028285,0.007978,1.045614,-0.430707,0.000002,0.000408,-0.162296,-0.000014,1.570791,-0.170956,1.000000,1.100000,0.000000,0.000000,-1.571000,-0.199241,0.992022,0.054386,1.013293
43.696000,0.027419,0.007978,1.045615,-0.433099,0.000001,0.000334,-0.161688,-0.000014,1.570791,-0.172502,1.000000,1.100000,0.000000,0.000000,-1.571000,-0.199921,0.992022,0.054385,1.013427
43.698000,0.026548,0.007978,1.045616,-0.435473,0.000001,0.000258,-0.161059,-0.000014,1.570791,-0.174040,1.000000,1.100000,0.000000,0.000000,-1.571000,-0.200589,0.992022,0.054384,1.013559
43.700000,0.025673,0.007978,1.045616,-0.437829,0.000001,0.000181,-0.160408,-0.000015,1.570790,-0.175572,1.000000,1.100000,0.000000,0.000000,-1.571000,-0.201245,0.992022,0.054384,1.013689
43.702000,0.024793,0.007978,1.045616,-0.440168,0.000001,0.000104,-0.159735,-0.000015,1.570790,-0.177097,1.000000,1.100000,0.000000,0.000000,-1.571000,-0.201890,0.992022,0.054384,1.013817
43.704000,0.023908,0.007978,1.045616,-0.442490,0.000000,0.000026,-0.159040,-0.000015,1.570790,-0.178615,1.000000,1.100000,0.000000,0.000000,-1.571000,-0.202523,0.992022,0.054384,1.013943
43.706000,0.023019,0.007978,1.045616,-0.444792,0.000000,-0.000052,-0.158324,-0.000015,1.570789,-0.180126,1.000000,1.100000,0.000000,0.000000,-1.571000,-0.203145,0.992022,0.054384,1.014068
43.708000,0.022125,0.007978,1.045616,-0.447077,-0.000000,-0.000130,-0.157587,-0.000016,1.570789,-0.181630,1.000000,1.100000,0.000000,0.000000,-1.571000,-0.203755,0.992022,0.054384,1.014190
43.710000,0.021227,0.007978,1.045616,-0.449342,-0.000000,-0.000207,-0.156829,-0.000016,1.570789,-0.183127,1.000000,1.100000,0.000000,0.000000,-1.571000,-0.204353,0.992022,0.054384,1.014310
43.712000,0.020324,0.007978,1.045615,-0.451587,-0.000001,-0.000283,-0.156052,-0.000016,1.570789,-0.184616,1.000000,1.100000,0.000000,0.000000,-1.571000,-0.204939,0.992022,0.054385,1.014429
43.714000,0.019416,0.007978,1.045615,-0.453813,-0.000001,-0.000359,-0.155256,-0.000016,1.570788,-0.186098,1.000000,1.100000,0.000000,0.000000,-1.571000,-0.205514,0.992022,0.054385,1.014545
43.716000,0.018504,0.007978,1.045614,-0.456020,-0.000001,-0.000433,-0.154442,-0.000016,1.570788,-0.187573,1.000000,1.100000,0.000000,0.000000,-1.571000,-0.206077,0.992022,0.054386,1.014659
43.718000,0.017588,0.007978,1.045613,-0.458205,-0.000002,-0.000506,-0.153610,-0.000016,1.570788,-0.189040,1.000000,1.100000,0.000000,0.000000,-1.571000,-0.206628,0.992022,0.054387,1.014771
43.720000,0.016667,0.007978,1.045612,-0.460371,-0.000002,-0.000578,-0.152763,-0.000017,1.570788,-0.190500,1.000000,1.100000,0.000000,0.000000,-1.571000,-0.207168,0.992022,0.054388,1.014881
43.722000,0.015743,0.007978,1.045610,-0.462515,-0.000002,-0.000648,-0.151901,-0.000017,1.570788,-0.191952,1.000000,1.100000,0.000000,0.000000,-1.571000,-0.207695,0.992022,0.054390,1.014989
43.724000,0.014813,0.007978,1.045609,-0.464639,-0.000002,-0.000716,-0.151026,-0.000017,1.570787,-0.193397,1.000000,1.100000,0.000000,0.000000,-1.571000,-0.208211,0.992022,0.054391,1.015095
43.726000,0.013880,0.007978,1.045607,-0.466741,-0.000003,-0.000783,-0.150138,-0.000017,1.570787,-0.194834,1.000000,1.100000,0.000000,0.000000,-1.571000,-0.208714,0.992022,0.054393,1.015199
43.728000,0.012943,0.007978,1.045606,-0.468822,-0.000003,-0.000847,-0.149239,-0.000017,1.570787,-0.196264,1.000000,1.100000,0.000000,0.000000,-1.571000,-0.209206,0.992022,0.054394,1.015300
43.730000,0.012001,0.007978,1.045604,-0.470882,-0.000003,-0.000910,-0.148330,-0.000017,1.570787,-0.197686,1.000000,1.100000,0.000000,0.000000,-1.571000,-0.209686,0.992022,0.054396,1.015399
43.732000,0.011055,0.007978,1.045602,-0.472919,-0.000004,-0.000970,-0.147414,-0.000017,1.570787,-0.199100,1.000000,1.100000,0.000000,0.000000,-1.571000,-0.210155,0.992022,0.054398,1.015496
43.734000,0.010105,0.007978,1.045600,-0.474935,-0.000004,-0.001028,-0.146490,-0.000017,1.570787,-0.200506,1.000000,1.100000,0.000000,0.000000,-1.571000,-0.210611,0.992022,0.054400,1.015591
43.736000,0.009151,0.007978,1.045598,-0.476929,-0.000004,-0.001085,-0.145561,-0.000017,1.570788,-0.201904,1.000000,1.100000,0.000000,0.000000,-1.571000,-0.211055,0.992022,0.054402,1.015683
43.738000,0.008194,0.007978,1.045596,-0.478902,-0.000005,-0.001138,-0.144627,-0.000017,1.570788,-0.203294,1.000000,1.100000,0.000000,0.000000,-1.571000,-0.211488,0.992022,0.054404,1.015773
43.740000,0.007232,0.007978,1.045593,-0.480852,-0.000005,-0.001190,-0.143692,-0.000017,1.570788,-0.204676,1.000000,1.100000,0.000000,0.000000,-1.571000,-0.211908,0.992022,0.054407,1.015861
43.742000,0.006266,0.007978,1.045591,-0.482780,-0.000005,-0.001239,-0.142754,-0.000017,1.570789,-0.206050,1.000000,1.100000,0.000000,0.000000,-1.571000,-0.212317,0.992022,0.054409,1.015946
43.744000,0.005297,0.007978,1.045588,-0.484686,-0.000006,-0.001286,-0.141818,-0.000017,1.570789,-0.207416,1.000000,1.100000,0.000000,0.000000,-1.571000,-0.212713,0.992022,0.054412,1.016029
43.746000,0.004324,0.007978,1.045586,-0.486571,-0.000006,-0.001330,-0.140882,-0.000017,1.570790,-0.208774,1.000000,1.100000,0.000000,0.000000,-1.571000,-0.213098,0.992022,0.054414,1.016110
43.748000,0.003347,0.007978,1.045583,-0.488433,-0.000006,-0.001372,-0.139950,-0.000017,1.570790,-0.210123,1.000000,1.100000,0.000000,0.000000,-1.571000,-0.213470,0.992022,0.054417,1.016188
43.750000,0.002366,0.007978,1.045580,-0.490274,-0.000006,-0.001412,-0.139022,-0.000016,1.570791,-0.211465,1.000000,1.100000,0.000000,0.000000,-1.571000,-0.213831,0.992022,0.054420,1.016264
43.752000,0.001382,0.007978,1.045577,-0.492094,-0.000007,-0.001449,-0.138100,-0.000016,1.570792,-0.212797,1.000000,1.100000,0.000000,0.000000,-1.571000,-0.214179,0.992022,0.054423,1.016338
43.754000,0.000394,0.007978,1.045574,-0.493892,-0.000007,-0.001484,-0.137184,-0.000016,1.570793,-0.214122,1.000000,1.100000,0.000000,0.000000,-1.571000,-0.214516,0.992022,0.054426,1.016409
43.756000,-0.000597,0.007978,1.045571,-0.495669,-0.000007,-0.001517,-0.136277,-0.000015,1.570794,-0.215438,1.000000,1.100000,0.000000,0.000000,-1.571000,-0.214841,0.992022,0.054429,1.016478
43.758000,-0.001592,0.007978,1.045568,-0.497424,-0.000008,-0.001547,-0.135379,-0.000015,1.570795,-0.216745,1.000000,1.100000,0.000000,0.000000,-1.571000,-0.215153,0.992022,0.054432,1.016544
43.760000,-0.002591,0.007978,1.045565,-0.499160,-0.000008,-0.001575,-0.134491,-0.000015,1.570797,-0.218044,1.000000,1.100000,0.000000,0.000000,-1.571000,-0.215454,0.992022,0.054435,1.016608
43.762000,-0.003593,0.007978,1.045562,-0.500874,-0.000008,-0.001605,-0.133615,-0.000014,1.570798,-0.219335,1.000000,1.100000,0.000000,0.000000,-1.571000,-0.215742,0.992022,0.054438,1.016669
43.764000,-0.004598,0.007978,1.045559,-0.502566,-0.000008,-0.001639,-0.132747,-0.000014,1.570800,-0.220616,1.000000,1.100000,0.000000,0.000000,-1.571000,-0.216018,0.992022,0.054441,1.016728
43.766000,-0.005607,0.007978,1.045555,-0.504238,-0.000009,-0.001678,-0.131886,-0.000014,1.570801,-0.221889,1.000000,1.100000,0.000000,0.000000,-1.571000,-0.216283,0.992022,0.054445,1.016785
43.768000,-0.006619,0.007978,1.045552,-0.505889,-0.000009,-0.001721,-0.131030,-0.000013,1.570803,-0.223154,1.000000,1.100000,0.000000,0.000000,-1.571000,-0.216535,0.992022,0.054448,1.016838
43.770000,-0.007634,0.007978,1.045548,-0.507520,-0.000009,-0.001766,-0.130178,-0.000013,1.570805,-0.224409,1.000000,1.100000,0.000000,0.000000,-1.571000,-0.216775,0.992022,0.054452,1.016890
43.772000,-0.008652,0.007978,1.045545,-0.509130,-0.000009,-0.001815,-0.129329,-0.000012,1.570806,-0.225655,1.000000,1.100000,0.000000,0.000000,-1.571000,-0.217003,0.992022,0.054455,1.016939
43.774000,-0.009674,0.007978,1.045541,-0.510721,-0.000010,-0.001865,-0.128481,-0.000012,1.570808,-0.226893,1.000000,1.100000,0.000000,0.000000,-1.571000,-0.217219,0.992022,0.054459,1.016985
43.776000,-0.010699,0.007978,1.045537,-0.512291,-0.000010,-0.001918,-0.127634,-0.000011,1.570809,-0.228122,1.000000,1.100000,0.000000,0.000000,-1.571000,-0.217423,0.992022,0.054463,1.017029
43.778000,-0.011727,0.007978,1.045533,-0.513841,-0.000010,-0.001971,-0.126788,-0.000011,1.570811,-0.229341,1.000000,1.100000,0.000000,0.000000,-1.571000,-0.217615,0.992022,0.054467,1.017070
43.780000,-0.012758,0.007978,1.045529,-0.515372,-0.000010,-0.002026,-0.125940,-0.000010,1.570812,-0.230552,1.000000,1.100000,0.000000,0.000000,-1.571000,-0.217794,0.992022,0.054471,1.017109
43.782000,-0.013792,0.007978,1.045525,-0.516883,-0.000011,-0.002082,-0.125092,-0.000010,1.570814,-0.231754,1.000000,1.100000,0.000000,0.000000,-1.571000,-0.217962,0.992022,0.054475,1.017145
43.784000,-0.014829,0.007977,1.045521,-0.518374,-0.000011,-0.002139,-0.124243,-0.000009,1.570815,-0.232946,1.000000,1.100000,0.000000,0.000000,-1.571000,-0.218117,0.992023,0.054479,1.017178
43.786000,-0.015869,0.007977,1.045516,-0.519845,-0.000011,-0.002195,-0.123393,-0.000009,1.570817,-0.234129,1.000000,1.100000,0.000000,0.000000,-1.571000,-0.218260,0.992023,0.054484,1.017209
43.788000,-0.016912,0.007977,1.045512,-0.521297,-0.000011,-0.002252,-0.122541,-0.000008,1.570818,-0.235303,1.000000,1.100000,0.000000,0.000000,-1.571000,-0.218391,0.992023,0.054488,1.017238
43.790000,-0.017957,0.007977,1.045507,-0.522729,-0.000011,-0.002309,-0.121687,-0.000008,1.570819,-0.236468,1.000000,1.100000,0.000000,0.000000,-1.571000,-0.218510,0.992023,0.054493,1.017263
43.792000,-0.019006,0.007977,1.045503,-0.524142,-0.000012,-0.002365,-0.120832,-0.000007,1.570820,-0.237623,1.000000,1.100000,0.000000,0.000000,-1.571000,-0.218617,0.992023,0.054497,1.017287
43.794000,-0.020058,0.007977,1.045498,-0.525535,-0.000012,-0.002421,-0.119976,-0.000007,1.570821,-0.238769,1.000000,1.100000,0.000000,0.000000,-1.571000,-0.218711,0.992023,0.054502,1.017307
43.796000,-0.021112,0.007977,1.045493,-0.526909,-0.000012,-0.002476,-0.119119,-0.000007,1.570822,-0.239905,1.000000,1.100000,0.000000,0.000000,-1.571000,-0.218794,0.992023,0.054507,1.017325
43.798000,-0.022169,0.007977,1.045488,-0.528263,-0.000012,-0.002531,-0.118262,-0.000006,1.570823,-0.241032,1.000000,1.100000,0.000000,0.000000,-1.571000,-0.218864,0.992023,0.054512,1.017341
43.800000,-0.023228,0.007977,1.045483,-0.529598,-0.000012,-0.002584,-0.117404,-0.000006,1.570823,-0.242150,1.000000,1.100000,0.000000,0.000000,-1.571000,-0.218922,0.992023,0.054517,1.017353
43.802000,-0.024290,0.007977,1.045477,-0.530914,-0.000012,-0.002637,-0.116547,-0.000005,1.570824,-0.243258,1.000000,1.100000,0.000000,0.000000,-1.571000,-0.218967,0.992023,0.054523,1.017364
43.804000,-0.025355,0.007977,1.045472,-0.532210,-0.000013,-0.002689,-0.115689,-0.000005,1.570825,-0.244356,1.000000,1.100000,0.000000,0.000000,-1.571000,-0.219001,0.992023,0.054528,1.017371
43.806000,-0.026423,0.007977,1.045467,-0.533487,-0.000013,-0.002740,-0.114833,-0.000005,1.570825,-0.245445,1.000000,1.100000,0.000000,0.000000,-1.571000,-0.219022,0.992023,0.054533,1.017376
43.808000,-0.027493,0.007977,1.045461,-0.534745,-0.000013,-0.002789,-0.113979,-0.000004,1.570826,-0.246524,1.000000,1.100000,0.000000,0.000000,-1.571000,-0.219031,0.992023,0.054539,1.017378
43.810000,-0.028565,0.007977,1.045455,-0.535984,-0.000013,-0.002838,-0.113126,-0.000004,1.570826,-0.247593,1.000000,1.100000,0.000000,0.000000,-1.571000,-0.219028,0.992023,0.054545,1.017378
43.812000,-0.029640,0.007977,1.045450,-0.537204,-0.000013,-0.002885,-0.112276,-0.000003,1.570826,-0.248653,1.000000,1.100000,0.000000,0.000000,-1.571000,-0.219013,0.992023,0.054550,1.017375
43.814000,-0.030717,0.007977,1.045444,-0.538405,-0.000013,-0.002930,-0.111429,-0.000003,1.570827,-0.249702,1.000000,1.100000,0.000000,0.000000,-1.571000,-0.218985,0.992023,0.054556,1.017369
43.816000,-0.031797,0.007977,1.045438,-0.539587,-0.000013,-0.002975,-0.110586,-0.000003,1.570827,-0.250742,1.000000,1.100000,0.000000,0.000000,-1.571000,-0.218945,0.992023,0.054562,1.017361
43.818000,-0.032879,0.007977,1.045432,-0.540750,-0.000013,-0.003017,-0.109748,-0.000002,1.570827,-0.251772,1.000000,1.100000,0.000000,0.000000,-1.571000,-0.218893,0.992023,0.054568,1.017350
43.820000,-0.033963,0.007977,1.045426,-0.541895,-0.000013,-0.003059,-0.108915,-0.000002,1.570827,-0.252792,1.000000,1.100000,0.000000,0.000000,-1.571000,-0.218829,0.992023,0.054574,1.017337
43.822000,-0.035050,0.007977,1.045420,-0.543021,-0.000013,-0.003103,-0.108086,-0.000002,1.570827,-0.253802,1.000000,1.100000,0.000000,0.000000,-1.571000,-0.218752,0.992023,0.054580,1.017321
43.824000,-0.036139,0.007977,1.045413,-0.544128,-0.000014,-0.003151,-0.107258,-0.000001,1.570827,-0.254802,1.000000,1.100000,0.000000,0.000000,-1.571000,-0.218664,0.992023,0.054587,1.017302
43.826000,-0.037230,0.007977,1.045407,-0.545216,-0.000014,-0.003205,-0.106427,-0.000001,1.570827,-0.255792,1.000000,1.100000,0.000000,0.000000,-1.571000,-0.218563,0.992023,0.054593,1.017281
43.828000,-0.038323,0.007977,1.045400,-0.546285,-0.000014,-0.003262,-0.105592,-0.000001,1.570827,-0.256772,1.000000,1.100000,0.000000,0.000000,-1.571000,-0.218449,0.992023,0.054600,1.017257
43.830000,-0.039418,0.007977,1.045394,-0.547335,-0.000014,-0.003323,-0.104748,-0.000000,1.570827,-0.257742,1.000000,1.100000,0.000000,0.000000,-1.571000,-0.218324,0.992023,0.054606,1.017230
43.832000,-0.040515,0.007977,1.045387,-0.548367,-0.000014,-0.003386,-0.103895,0.000000,1.570826,-0.258701,1.000000,1.100000,0.000000,0.000000,-1.571000,-0.218186,0.992023,0.054613,1.017201
43.834000,-0.041615,0.007977,1.045380,-0.549379,-0.000014,-0.003452,-0.103030,0.000000,1.570826,-0.259650,1.000000,1.100000,0.000000,0.000000,-1.571000,-0.218036,0.992023,0.054620,1.017169
43.836000,-0.042716,0.007977,1.045373,-0.550372,-0.000014,-0.003520,-0.102151,0.000001,1.570825,-0.260589,1.000000,1.100000,0.000000,0.000000,-1.571000,-0.217874,0.992023,0.054627,1.017135
43.838000,-0.043819,0.007977,1.045366,-0.551346,-0.000014,-0.003590,-0.101258,0.000001,1.570825,-0.261518,1.000000,1.100000,0.000000,0.000000,-1.571000,-0.217699,0.992023,0.054634,1.017098
43.840000,-0.044924,0.007977,1.045359,-0.552300,-0.000014,-0.003661,-0.100349,0.000001,1.570824,-0.262437,1.000000,1.100000,0.000000,0.000000,-1.571000,-0.217512,0.992023,0.054641,1.017058
43.842000,-0.046032,0.007977,1.045351,-0.553235,-0.000014,-0.003733,-0.099423,0.000001,1.570823,-0.263345,1.000000,1.100000,0.000000,0.000000,-1.571000,-0.217313,0.992023,0.054649,1.017016
43.844000,-0.047141,0.007977,1.045344,-0.554149,-0.000014,-0.003806,-0.098480,0.000002,1.570822,-0.264242,1.000000,1.100000,0.000000,0.000000,-1.571000,-0.217102,0.992023,0.054656,1.016971
43.846000,-0.048251,0.007977,1.045336,-0.555042,-0.000014,-0.003879,-0.097519,0.000002,1.570821,-0.265130,1.000000,1.100000,0.000000,0.000000,-1.571000,-0.216878,0.992023,0.054664,1.016924
43.848000,-0.049364,0.007977,1.045328,-0.555915,-0.000014,-0.003952,-0.096541,0.000002,1.570820,-0.266006,1.000000,1.100000,0.000000,0.000000,-1.571000,-0.216643,0.992023,0.054672,1.016874
43.850000,-0.050478,0.007977,1.045320,-0.556768,-0.000014,-0.004025,-0.095545,0.000002,1.570819,-0.266873,1.000000,1.100000,0.000000,0.000000,-1.571000,-0.216395,0.992023,0.054680,1.016822
43.852000,-0.051594,0.007977,1.045312,-0.557598,-0.000014,-0.004098,-0.094531,0.000002,1.570818,-0.267729,1.000000,1.100000,0.000000,0.000000,-1.571000,-0.216135,0.992023,0.054688,1.016767
43.854000,-0.052711,0.007977,1.045304,-0.558408,-0.000014,-0.004171,-0.093501,0.000002,1.570816,-0.268574,1.000000,1.100000,0.000000,0.000000,-1.571000,-0.215862,0.992023,0.054696,1.016710
43.856000,-0.053831,0.007977,1.045295,-0.559195,-0.000014,-0.004243,-0.092453,0.000002,1.570815,-0.269408,1.000000,1.100000,0.000000,0.000000,-1.571000,-0.215578,0.992023,0.054705,1.016650
43.858000,-0.054951,0.007977,1.045287,-0.559961,-0.000014,-0.004315,-0.091390,0.000002,1.570814,-0.270232,1.000000,1.100000,0.000000,0.000000,-1.571000,-0.215281,0.992023,0.054713,1.016587
43.860000,-0.056073,0.007977,1.045278,-0.560704,-0.000014,-0.004385,-0.090312,0.000002,1.570813,-0.271045,1.000000,1.100000,0.000000,0.000000,-1.571000,-0.214972,0.992023,0.054722,1.016523
43.862000,-0.057197,0.007976,1.045269,-0.561424,-0.000014,-0.004455,-0.089220,0.000003,1.570811,-0.271848,1.000000,1.100000,0.000000,0.000000,-1.571000,-0.214651,0.992024,0.054731,1.016455
43.864000,-0.058322,0.007976,1.045260,-0.562122,-0.000014,-0.004524,-0.088114,0.000003,1.570810,-0.272640,1.000000,1.100000,0.000000,0.000000,-1.571000,-0.214318,0.992024,0.054740,1.016385
43.866000,-0.059448,0.007976,1.045251,-0.562797,-0.000013,-0.004591,-0.086997,0.000003,1.570809,-0.273421,1.000000,1.100000,0.000000,0.000000,-1.571000,-0.213973,0.992024,0.054749,1.016313
43.868000,-0.060576,0.007976,1.045241,-0.563448,-0.000013,-0.004657,-0.085868,0.000003,1.570808,-0.274191,1.000000,1.100000,0.000000,0.000000,-1.571000,-0.213615,0.992024,0.054759,1.016239
43.870000,-0.061705,0.007976,1.045232,-0.564076,-0.000013,-0.004722,-0.084730,0.000003,1.570807,-0.274951,1.000000,1.100000,0.000000,0.000000,-1.571000,-0.213246,0.992024,0.054768,1.016161
43.872000,-0.062835,0.007976,1.045222,-0.564681,-0.000013,-0.004786,-0.083583,0.000003,1.570805,-0.275699,1.000000,1.100000,0.000000,0.000000,-1.571000,-0.212864,0.992024,0.054778,1.016082
43.874000,-0.063967,0.007976,1.045213,-0.565262,-0.000013,-0.004848,-0.082429,0.000003,1.570804,-0.276437,1.000000,1.100000,0.000000,0.000000,-1.571000,-0.212470,0.992024,0.054787,1.016000
43.876000,-0.065099,0.007976,1.045203,-0.565820,-0.000013,-0.004909,-0.081270,0.000003,1.570804,-0.277164,1.000000,1.100000,0.000000,0.000000,-1.571000,-0.212065,0.992024,0.054797,1.015916
43.878000,-0.066233,0.007976,1.045193,-0.566354,-0.000013,-0.004968,-0.080106,0.000003,1.570803,-0.277880,1.000000,1.100000,0.000000,0.000000,-1.571000,-0.211647,0.992024,0.054807,1.015829
43.880000,-0.067367,0.007976,1.045183,-0.566864,-0.000013,-0.005026,-0.078940,0.000003,1.570802,-0.278585,1.000000,1.100000,0.000000,0.000000,-1.571000,-0.211217,0.992024,0.054817,1.015741
43.882000,-0.068503,0.007976,1.045173,-0.567350,-0.000013,-0.005083,-0.077771,0.000003,1.570801,-0.279279,1.000000,1.100000,0.000000,0.000000,-1.571000,-0.210776,0.992024,0.054827,1.015649
43.884000,-0.069639,0.007976,1.045163,-0.567813,-0.000013,-0.005141,-0.076596,0.000003,1.570801,-0.279961,1.000000,1.100000,0.000000,0.000000,-1.571000,-0.210322,0.992024,0.054837,1.015556
43.886000,-0.070777,0.007976,1.045152,-0.568251,-0.000013,-0.005199,-0.075415,0.000003,1.570800,-0.280633,1.000000,1.100000,0.000000,0.000000,-1.571000,-0.209856,0.992024,0.054848,1.015460
43.888000,-0.071915,0.007976,1.045142,-0.568666,-0.000013,-0.005257,-0.074225,0.000003,1.570800,-0.281294,1.000000,1.100000,0.000000,0.000000,-1.571000,-0.209379,0.992024,0.054858,1.015362
43.890000,-0.073054,0.007976,1.045131,-0.569056,-0.000013,-0.005315,-0.073024,0.000003,1.570799,-0.281944,1.000000,1.100000,0.000000,0.000000,-1.571000,-0.208889,0.992024,0.054869,1.015262
43.892000,-0.074194,0.007976,1.045120,-0.569422,-0.000013,-0.005372,-0.071811,0.000003,1.570799,-0.282582,1.000000,1.100000,0.000000,0.000000,-1.571000,-0.208388,0.992024,0.054880,1.015160
43.894000,-0.075334,0.007976,1.045110,-0.569763,-0.000013,-0.005429,-0.070586,0.000003,1.570798,-0.283209,1.000000,1.100000,0.000000,0.000000,-1.571000,-0.207875,0.992024,0.054890,1.015055
43.896000,-0.076476,0.007976,1.045099,-0.570080,-0.000012,-0.005485,-0.069348,0.000003,1.570798,-0.283826,1.000000,1.100000,0.000000,0.000000,-1.571000,-0.207350,0.992024,0.054901,1.014948
43.898000,-0.077617,0.007976,1.045088,-0.570372,-0.000012,-0.005541,-0.068096,0.000003,1.570797,-0.284431,1.000000,1.100000,0.000000,0.000000,-1.571000,-0.206813,0.992024,0.054912,1.014839
43.900000,-0.078760,0.007976,1.045076,-0.570639,-0.000012,-0.005596,-0.066831,0.000003,1.570797,-0.285024,1.000000,1.100000,0.000000,0.000000,-1.571000,-0.206265,0.992024,0.054924,1.014728
43.902000,-0.079902,0.007976,1.045065,-0.570880,-0.000012,-0.005650,-0.065552,0.000003,1.570797,-0.285607,1.000000,1.100000,0.000000,0.000000,-1.571000,-0.205704,0.992024,0.054935,1.014615
43.904000,-0.081046,0.007976,1.045054,-0.571096,-0.000012,-0.005703,-0.064259,0.000003,1.570797,-0.286178,1.000000,1.100000,0.000000,0.000000,-1.571000,-0.205132,0.992024,0.054946,1.014500
43.906000,-0.082189,0.007976,1.045042,-0.571286,-0.000012,-0.005755,-0.062953,0.000003,1.570796,-0.286738,1.000000,1.100000,0.000000,0.000000,-1.571000,-0.204549,0.992024,0.054958,1.014383
43.908000,-0.083333,0.007976,1.045031,-0.571451,-0.000012,-0.005806,-0.061635,0.000003,1.570796,-0.287286,1.000000,1.100000,0.000000,0.000000,-1.571000,-0.203953,0.992024,0.054969,1.014263
43.910000,-0.084478,0.007976,1.045019,-0.571589,-0.000012,-0.005856,-0.060305,0.000002,1.570796,-0.287824,1.000000,1.100000,0.000000,0.000000,-1.571000,-0.203346,0.992024,0.054981,1.014142
43.912000,-0.085622,0.007976,1.045007,-0.571701,-0.000012,-0.005906,-0.058965,0.000002,1.570796,-0.288350,1.000000,1.100000,0.000000,0.000000,-1.571000,-0.202728,0.992024,0.054993,1.014019
43.914000,-0.086767,0.007976,1.044995,-0.571786,-0.000012,-0.005953,-0.057614,0.000002,1.570796,-0.288864,1.000000,1.100000,0.000000,0.000000,-1.571000,-0.202097,0.992024,0.055005,1.013894
43.916000,-0.087912,0.007976,1.044983,-0.571845,-0.000012,-0.006000,-0.056255,0.000002,1.570796,-0.289367,1.000000,1.100000,0.000000,0.000000,-1.571000,-0.201456,0.992024,0.055017,1.013767
43.918000,-0.089056,0.007976,1.044971,-0.571877,-0.000012,-0.006046,-0.054888,0.000002,1.570796,-0.289859,1.000000,1.100000,0.000000,0.000000,-1.571000,-0.200802,0.992024,0.055029,1.013638
43.920000,-0.090201,0.007976,1.044959,-0.571883,-0.000012,-0.006090,-0.053515,0.000002,1.570796,-0.290339,1.000000,1.100000,0.000000,0.000000,-1.571000,-0.200138,0.992024,0.055041,1.013507
43.922000,-0.091346,0.007976,1.044947,-0.571861,-0.000012,-0.006133,-0.052137,0.000002,1.570796,-0.290808,1.000000,1.100000,0.000000,0.000000,-1.571000,-0.199462,0.992024,0.055053,1.013375
43.924000,-0.092491,0.007976,1.044934,-0.571813,-0.000011,-0.006175,-0.050755,0.000002,1.570796,-0.291265,1.000000,1.100000,0.000000,0.000000,-1.571000,-0.198774,0.992024,0.055066,1.013240
43.926000,-0.093636,0.007976,1.044922,-0.571738,-0.000011,-0.006216,-0.049371,0.000002,1.570796,-0.291711,1.000000,1.100000,0.000000,0.000000,-1.571000,-0.198075,0.992024,0.055078,1.013104
43.928000,-0.094780,0.007976,1.044909,-0.571635,-0.000011,-0.006256,-0.047986,0.000002,1.570796,-0.292145,1.000000,1.100000,0.000000,0.000000,-1.571000,-0.197365,0.992024,0.055091,1.012966
43.930000,-0.095924,0.007976,1.044897,-0.571506,-0.000011,-0.006295,-0.046601,0.000001,1.570796,-0.292568,1.000000,1.100000,0.000000,0.000000,-1.571000,-0.196644,0.992024,0.055103,1.012826
43.932000,-0.097068,0.007976,1.044884,-0.571351,-0.000011,-0.006332,-0.045219,0.000001,1.570797,-0.292979,1.000000,1.100000,0.000000,0.000000,-1.571000,-0.195911,0.992024,0.055116,1.012685
43.934000,-0.098212,0.007976,1.044871,-0.571168,-0.000011,-0.006368,-0.043840,0.000001,1.570797,-0.293379,1.000000,1.100000,0.000000,0.000000,-1.571000,-0.195167,0.992024,0.055129,1.012542
43.936000,-0.099355,0.007976,1.044859,-0.570959,-0.000011,-0.006404,-0.042467,0.000001,1.570797,-0.293767,1.000000,1.100000,0.000000,0.000000,-1.571000,-0.194412,0.992024,0.055141,1.012398
43.938000,-0.100498,0.007976,1.044846,-0.570723,-0.000011,-0.006438,-0.041100,0.000001,1.570798,-0.294143,1.000000,1.100000,0.000000,0.000000,-1.571000,-0.193646,0.992024,0.055154,1.012252
43.940000,-0.101640,0.007976,1.044833,-0.570462,-0.000011,-0.006471,-0.039742,0.000001,1.570798,-0.294508,1.000000,1.100000,0.000000,0.000000,-1.571000,-0.192868,0.992024,0.055167,1.012104
43.942000,-0.102782,0.007975,1.044820,-0.570174,-0.000011,-0.006503,-0.038393,0.000001,1.570799,-0.294861,1.000000,1.100000,0.000000,0.000000,-1.571000,-0.192080,0.992025,0.055180,1.011955
43.944000,-0.103923,0.007975,1.044807,-0.569861,-0.000011,-0.006534,-0.037056,0.000001,1.570800,-0.295203,1.000000,1.100000,0.000000,0.000000,-1.571000,-0.191280,0.992025,0.055193,1.011804
43.946000,-0.105063,0.007975,1.044794,-0.569522,-0.000011,-0.006565,-0.035732,0.000001,1.570800,-0.295533,1.000000,1.100000,0.000000,0.000000,-1.571000,-0.190470,0.992025,0.055206,1.011652
43.948000,-0.106203,0.007975,1.044780,-0.569158,-0.000011,-0.006594,-0.034422,0.000001,1.570801,-0.295851,1.000000,1.100000,0.000000,0.000000,-1.571000,-0.189648,0.992025,0.055220,1.011498
43.950000,-0.107341,0.007975,1.044767,-0.568769,-0.000011,-0.006623,-0.033127,0.000000,1.570802,-0.296158,1.000000,1.100000,0.000000,0.000000,-1.571000,-0.188816,0.992025,0.055233,1.011343
43.952000,-0.108480,0.007975,1.044754,-0.568355,-0.000011,-0.006651,-0.031849,0.000000,1.570803,-0.296452,1.000000,1.100000,0.000000,0.000000,-1.571000,-0.187973,0.992025,0.055246,1.011187
43.954000,-0.109617,0.007975,1.044741,-0.567918,-0.000011,-0.006678,-0.030590,0.000000,1.570804,-0.296736,1.000000,1.100000,0.000000,0.000000,-1.571000,-0.187119,0.992025,0.055259,1.011029
43.956000,-0.110753,0.007975,1.044727,-0.567457,-0.000011,-0.006704,-0.029350,0.000000,1.570805,-0.297007,1.000000,1.100000,0.000000,0.000000,-1.571000,-0.186254,0.992025,0.055273,1.010870
43.958000,-0.111888,0.007975,1.044714,-0.566972,-0.000011,-0.006729,-0.028131,0.000000,1.570806,-0.297267,1.000000,1.100000,0.000000,0.000000,-1.571000,-0.185379,0.992025,0.055286,1.010710
43.960000,-0.113023,0.007975,1.044700,-0.566465,-0.000011,-0.006754,-0.026933,-0.000000,1.570808,-0.297515,1.000000,1.100000,0.000000,0.000000,-1.571000,-0.184492,0.992025,0.055300,1.010549
43.962000,-0.114156,0.007975,1.044687,-0.565935,-0.000011,-0.006779,-0.025757,-0.000000,1.570809,-0.297751,1.000000,1.100000,0.000000,0.000000,-1.571000,-0.183595,0.992025,0.055313,1.010386
43.964000,-0.115288,0.007975,1.044673,-0.565384,-0.000011,-0.006803,-0.024598,-0.000000,1.570810,-0.297976,1.000000,1.100000,0.000000,0.000000,-1.571000,-0.182687,0.992025,0.055327,1.010222
43.966000,-0.116419,0.007975,1.044659,-0.564810,-0.000011,-0.006826,-0.023454,-0.000001,1.570812,-0.298188,1.000000,1.100000,0.000000,0.000000,-1.571000,-0.181769,0.992025,0.055341,1.010057
43.968000,-0.117549,0.007975,1.044646,-0.564216,-0.000011,-0.006850,-0.022321,-0.000001,1.570813,-0.298389,1.000000,1.100000,0.000000,0.000000,-1.571000,-0.180840,0.992025,0.055354,1.009891
43.970000,-0.118678,0.007975,1.044632,-0.563601,-0.000011,-0.006873,-0.021197,-0.000001,1.570814,-0.298578,1.000000,1.100000,0.000000,0.000000,-1.571000,-0.179901,0.992025,0.055368,1.009724
43.972000,-0.119805,0.007975,1.044618,-0.562965,-0.000011,-0.006896,-0.020078,-0.000001,1.570815,-0.298756,1.000000,1.100000,0.000000,0.000000,-1.571000,-0.178951,0.992025,0.055382,1.009556
43.974000,-0.120931,0.007975,1.044604,-0.562308,-0.000011,-0.006918,-0.018965,-0.000001,1.570816,-0.298921,1.000000,1.100000,0.000000,0.000000,-1.571000,-0.177990,0.992025,0.055396,1.009387
43.976000,-0.122056,0.007975,1.044590,-0.561631,-0.000011,-0.006940,-0.017853,-0.000001,1.570817,-0.299075,1.000000,1.100000,0.000000,0.000000,-1.571000,-0.177019,0.992025,0.055410,1.009217
43.978000,-0.123179,0.007975,1.044577,-0.560933,-0.000011,-0.006962,-0.016742,-0.000002,1.570818,-0.299217,1.000000,1.100000,0.000000,0.000000,-1.571000,-0.176038,0.992025,0.055423,1.009046
43.980000,-0.124301,0.007975,1.044563,-0.560215,-0.000011,-0.006984,-0.015630,-0.000002,1.570819,-0.299347,1.000000,1.100000,0.000000,0.000000,-1.571000,-0.175046,0.992025,0.055437,1.008875
43.982000,-0.125422,0.007975,1.044549,-0.559476,-0.000011,-0.007005,-0.014517,-0.000002,1.570820,-0.299466,1.000000,1.100000,0.000000,0.000000,-1.571000,-0.174044,0.992025,0.055451,1.008702
43.984000,-0.126540,0.007975,1.044534,-0.558717,-0.000011,-0.007027,-0.013401,-0.000002,1.570820,-0.299572,1.000000,1.100000,0.000000,0.000000,-1.571000,-0.173032,0.992025,0.055466,1.008529
43.986000,-0.127658,0.007975,1.044520,-0.557938,-0.000011,-0.007048,-0.012282,-0.000002,1.570821,-0.299667,1.000000,1.100000,0.000000,0.000000,-1.571000,-0.172009,0.992025,0.055480,1.008354
43.988000,-0.128774,0.007975,1.044506,-0.557138,-0.000011,-0.007068,-0.011158,-0.000003,1.570821,-0.299750,1.000000,1.100000,0.000000,0.000000,-1.571000,-0.170976,0.992025,0.055494,1.008180
43.990000,-0.129888,0.007975,1.044492,-0.556318,-0.000011,-0.007089,-0.010030,-0.000003,1.570821,-0.299821,1.000000,1.100000,0.000000,0.000000,-1.571000,-0.169933,0.992025,0.055508,1.008004
43.992000,-0.131000,0.007975,1.044478,-0.555477,-0.000011,-0.007109,-0.008898,-0.000003,1.570821,-0.299880,1.000000,1.100000,0.000000,0.000000,-1.571000,-0.168880,0.992025,0.055522,1.007828
43.994000,-0.132111,0.007975,1.044464,-0.554615,-0.000011,-0.007129,-0.007761,-0.000003,1.570821,-0.299927,1.000000,1.100000,0.000000,0.000000,-1.571000,-0.167816,0.992025,0.055536,1.007651
43.996000,-0.133220,0.007975,1.044449,-0.553733,-0.000011,-0.007149,-0.006619,-0.000004,1.570821,-0.299963,1.000000,1.100000,0.000000,0.000000,-1.571000,-0.166743,0.992025,0.055551,1.007474
43.998000,-0.134327,0.007975,1.044435,-0.552831,-0.000011,-0.007169,-0.005472,-0.000004,1.570821,-0.299987,1.000000,1.100000,0.000000,0.000000,-1.571000,-0.165659,0.992025,0.055565,1.007296
44.000000,-0.135433,0.007975,1.044421,-0.551907,-0.000011,-0.007189,-0.004322,-0.000004,1.570820,-0.299999,1.000000,1.100000,0.000000,0.000000,-1.571000,-0.164566,0.992025,0.055579,1.007117
44.002000,-0.136536,0.007975,1.044406,-0.550963,-0.000011,-0.007209,-0.003167,-0.000004,1.570820,-0.299999,1.000000,1.100000,0.000000,0.000000,-1.571000,-0.163462,0.992025,0.055594,1.006938
44.004000,-0.137638,0.007975,1.044392,-0.549998,-0.000011,-0.007228,-0.002009,-0.000005,1.570819,-0.299987,1.000000,1.100000,0.000000,0.000000,-1.571000,-0.162349,0.992025,0.055608,1.006759
44.006000,-0.138737,0.007975,1.044377,-0.549012,-0.000011,-0.007248,-0.000848,-0.000005,1.570819,-0.299963,1.000000,1.100000,0.000000,0.000000,-1.571000,-0.161226,0.992025,0.055623,1.006579
44.008000,-0.139835,0.007975,1.044363,-0.548005,-0.000012,-0.007267,0.000315,-0.000005,1.570818,-0.299927,1.000000,1.100000,0.000000,0.000000,-1.571000,-0.160092,0.992025,0.055637,1.006399
44.010000,-0.140931,0.007975,1.044348,-0.546977,-0.000012,-0.007287,0.001480,-0.000005,1.570817,-0.299880,1.000000,1.100000,0.000000,0.000000,-1.571000,-0.158950,0.992025,0.055652,1.006219
44.012000,-0.142024,0.007975,1.044333,-0.545928,-0.000012,-0.007306,0.002645,-0.000006,1.570816,-0.299821,1.000000,1.100000,0.000000,0.000000,-1.571000,-0.157797,0.992025,0.055667,1.006038
44.014000,-0.143115,0.007975,1.044319,-0.544859,-0.000012,-0.007326,0.003810,-0.000006,1.570816,-0.299750,1.000000,1.100000,0.000000,0.000000,-1.571000,-0.156634,0.992025,0.055681,1.005857
44.016000,-0.144205,0.007975,1.044304,-0.543769,-0.000012,-0.007346,0.004975,-0.000006,1.570815,-0.299667,1.000000,1.100000,0.000000,0.000000,-1.571000,-0.155462,0.992025,0.055696,1.005676
44.018000,-0.145292,0.007975,1.044289,-0.542658,-0.000012,-0.007365,0.006137,-0.000006,1.570814,-0.299572,1.000000,1.100000,0.000000,0.000000,-1.571000,-0.154281,0.992025,0.055711,1.005495
44.020000,-0.146376,0.007975,1.044275,-0.541526,-0.000012,-0.007385,0.007297,-0.000007,1.570813,-0.299466,1.000000,1.100000,0.000000,0.000000,-1.571000,-0.153090,0.992025,0.055725,1.005314
44.022000,-0.147459,0.007975,1.044260,-0.540374,-0.000012,-0.007406,0.008453,-0.000007,1.570812,-0.299347,1.000000,1.100000,0.000000,0.000000,-1.571000,-0.151889,0.992025,0.055740,1.005133
44.024000,-0.148539,0.007975,1.044245,-0.539202,-0.000012,-0.007429,0.009604,-0.000007,1.570812,-0.299217,1.000000,1.100000,0.000000,0.000000,-1.571000,-0.150678,0.992025,0.055755,1.004951
44.026000,-0.149616,0.007975,1.044230,-0.538009,-0.000012,-0.007453,0.010749,-0.000007,1.570811,-0.299075,1.000000,1.100000,0.000000,0.000000,-1.571000,-0.149459,0.992025,0.055770,1.004770
44.028000,-0.150692,0.007975,1.044215,-0.536796,-0.000013,-0.007479,0.011887,-0.000007,1.570810,-0.298921,1.000000,1.100000,0.000000,0.000000,-1.571000,-0.148230,0.992025,0.055785,1.004589
44.030000,-0.151764,0.007975,1.044200,-0.535563,-0.000013,-0.007506,0.013018,-0.000008,1.570809,-0.298756,1.000000,1.100000,0.000000,0.000000,-1.571000,-0.146991,0.992025,0.055800,1.004408
44.032000,-0.152835,0.007974,1.044185,-0.534311,-0.000013,-0.007535,0.014140,-0.000008,1.570809,-0.298578,1.000000,1.100000,0.000000,0.000000,-1.571000,-0.145744,0.992026,0.055815,1.004227
44.034000,-0.153903,0.007974,1.044170,-0.533038,-0.000013,-0.007564,0.015251,-0.000008,1.570808,-0.298389,1.000000,1.100000,0.000000,0.000000,-1.571000,-0.144487,0.992026,0.055830,1.004046
44.036000,-0.154968,0.007974,1.044155,-0.531747,-0.000013,-0.007595,0.016352,-0.000008,1.570808,-0.298188,1.000000,1.100000,0.000000,0.000000,-1.571000,-0.143220,0.992026,0.055845,1.003865
44.038000,-0.156030,0.007974,1.044139,-0.530437,-0.000013,-0.007627,0.017441,-0.000008,1.570807,-0.297976,1.000000,1.100000,0.000000,0.000000,-1.571000,-0.141945,0.992026,0.055861,1.003685
44.040000,-0.157090,0.007974,1.044124,-0.529107,-0.000013,-0.007660,0.018517,-0.000008,1.570807,-0.297751,1.000000,1.100000,0.000000,0.000000,-1.571000,-0.140661,0.992026,0.055876,1.003505
44.042000,-0.158148,0.007974,1.044109,-0.527760,-0.000013,-0.007694,0.019579,-0.000008,1.570807,-0.297515,1.000000,1.100000,0.000000,0.000000,-1.571000,-0.139367,0.992026,0.055891,1.003325
44.044000,-0.159202,0.007974,1.044093,-0.526394,-0.000014,-0.007729,0.020626,-0.000009,1.570807,-0.297267,1.000000,1.100000,0.000000,0.000000,-1.571000,-0.138065,0.992026,0.055907,1.003146
44.046000,-0.160254,0.007974,1.044078,-0.525010,-0.000014,-0.007765,0.021658,-0.000009,1.570806,-0.297007,1.000000,1.100000,0.000000,0.000000,-1.571000,-0.136753,0.992026,0.055922,1.002967
44.048000,-0.161303,0.007974,1.044062,-0.523609,-0.000014,-0.007802,0.022673,-0.000009,1.570807,-0.296736,1.000000,1.100000,0.000000,0.000000,-1.571000,-0.135433,0.992026,0.055938,1.002789
44.050000,-0.162349,0.007974,1.044046,-0.522191,-0.000014,-0.007840,0.023671,-0.000009,1.570807,-0.296452,1.000000,1.100000,0.000000,0.000000,-1.571000,-0.134103,0.992026,0.055954,1.002611
44.052000,-0.163392,0.007974,1.044031,-0.520756,-0.000014,-0.007878,0.024651,-0.000009,1.570807,-0.296158,1.000000,1.100000,0.000000,0.000000,-1.571000,-0.132765,0.992026,0.055969,1.002434
44.054000,-0.164433,0.007974,1.044015,-0.519305,-0.000014,-0.007917,0.025611,-0.000009,1.570807,-0.295851,1.000000,1.100000,0.000000,0.000000,-1.571000,-0.131418,0.992026,0.055985,1.002258
44.056000,-0.165470,0.007974,1.043999,-0.517838,-0.000014,-0.007957,0.026553,-0.000009,1.570807,-0.295533,1.000000,1.100000,0.000000,0.000000,-1.571000,-0.130063,0.992026,0.056001,1.002082
44.058000,-0.166505,0.007974,1.043983,-0.516355,-0.000015,-0.007998,0.027474,-0.000009,1.570808,-0.295203,1.000000,1.100000,0.000000,0.000000,-1.571000,-0.128698,0.992026,0.056017,1.001906
44.060000,-0.167536,0.007974,1.043967,-0.514857,-0.000015,-0.008039,0.028374,-0.000009,1.570808,-0.294861,1.000000,1.100000,0.000000,0.000000,-1.571000,-0.127325,0.992026,0.056033,1.001732
44.062000,-0.168565,0.007974,1.043951,-0.513344,-0.000015,-0.008081,0.029253,-0.000009,1.570809,-0.294508,1.000000,1.100000,0.000000,0.000000,-1.571000,-0.125944,0.992026,0.056049,1.001558
44.064000,-0.169590,0.007974,1.043934,-0.511817,-0.000015,-0.008124,0.030110,-0.000009,1.570810,-0.294143,1.000000,1.100000,0.000000,0.000000,-1.571000,-0.124553,0.992026,0.056066,1.001385
44.066000,-0.170612,0.007974,1.043918,-0.510277,-0.000015,-0.008167,0.030945,-0.000009,1.570810,-0.293767,1.000000,1.100000,0.000000,0.000000,-1.571000,-0.123155,0.992026,0.056082,1.001213
44.068000,-0.171632,0.007974,1.043902,-0.508723,-0.000015,-0.008211,0.031758,-0.000009,1.570811,-0.293379,1.000000,1.100000,0.000000,0.000000,-1.571000,-0.121747,0.992026,0.056098,1.001042
44.070000,-0.172648,0.007974,1.043885,-0.507156,-0.000015,-0.008255,0.032547,-0.000009,1.570812,-0.292979,1.000000,1.100000,0.000000,0.000000,-1.571000,-0.120332,0.992026,0.056115,1.000872
44.072000,-0.173661,0.007974,1.043869,-0.505577,-0.000016,-0.008300,0.033313,-0.000009,1.570813,-0.292568,1.000000,1.100000,0.000000,0.000000,-1.571000,-0.118907,0.992026,0.056131,1.000702
44.074000,-0.174670,0.007974,1.043852,-0.503986,-0.000016,-0.008346,0.034055,-0.000009,1.570813,-0.292145,1.000000,1.100000,0.000000,0.000000,-1.571000,-0.117475,0.992026,0.056148,1.000534
44.076000,-0.175677,0.007974,1.043835,-0.502383,-0.000016,-0.008392,0.034773,-0.000009,1.570814,-0.291711,1.000000,1.100000,0.000000,0.000000,-1.571000,-0.116034,0.992026,0.056165,1.000367
44.078000,-0.176680,0.007974,1.043818,-0.500770,-0.000016,-0.008439,0.035468,-0.000009,1.570815,-0.291265,1.000000,1.100000,0.000000,0.000000,-1.571000,-0.114585,0.992026,0.056182,1.000201
44.080000,-0.177680,0.007974,1.043801,-0.499146,-0.000016,-0.008486,0.036139,-0.000010,1.570816,-0.290808,1.000000,1.100000,0.000000,0.000000,-1.571000,-0.113127,0.992026,0.056199,1.000036
44.082000,-0.178677,0.007974,1.043784,-0.497512,-0.000016,-0.008522,0.036789,-0.000010,1.570817,-0.290339,1.000000,1.100000,0.000000,0.000000,-1.571000,-0.111662,0.992026,0.056216,0.999872
44.084000,-0.179671,0.007974,1.043767,-0.495867,-0.000016,-0.008538,0.037430,-0.000010,1.570817,-0.289859,1.000000,1.100000,0.000000,0.000000,-1.571000,-0.110188,0.992026,0.056233,0.999710
44.086000,-0.180661,0.007974,1.043750,-0.494212,-0.000017,-0.008535,0.038073,-0.000010,1.570818,-0.289367,1.000000,1.100000,0.000000,0.000000,-1.571000,-0.108706,0.992026,0.056250,0.999549
44.088000,-0.181648,0.007974,1.043733,-0.492547,-0.000017,-0.008516,0.038726,-0.000010,1.570818,-0.288864,1.000000,1.100000,0.000000,0.000000,-1.571000,-0.107216,0.992026,0.056267,0.999389
44.090000,-0.182632,0.007974,1.043716,-0.490872,-0.000017,-0.008481,0.039399,-0.000010,1.570818,-0.288350,1.000000,1.100000,0.000000,0.000000,-1.571000,-0.105718,0.992026,0.056284,0.999230
44.092000,-0.183612,0.007974,1.043699,-0.489186,-0.000017,-0.008433,0.040100,-0.000010,1.570818,-0.287824,1.000000,1.100000,0.000000,0.000000,-1.571000,-0.104212,0.992026,0.056301,0.999073
44.094000,-0.184589,0.007974,1.043682,-0.487488,-0.000017,-0.008372,0.040835,-0.000009,1.570817,-0.287286,1.000000,1.100000,0.000000,0.000000,-1.571000,-0.102698,0.992026,0.056318,0.998917
44.096000,-0.185562,0.007974,1.043666,-0.485779,-0.000017,-0.008301,0.041611,-0.000009,1.570816,-0.286738,1.000000,1.100000,0.000000,0.000000,-1.571000,-0.101176,0.992026,0.056334,0.998763
44.098000,-0.186532,0.007973,1.043649,-0.484057,-0.000017,-0.008219,0.042433,-0.000009,1.570815,-0.286178,1.000000,1.100000,0.000000,0.000000,-1.571000,-0.099646,0.992027,0.056351,0.998610
44.100000,-0.187498,0.007973,1.043633,-0.482321,-0.000018,-0.008129,0.043305,-0.000009,1.570814,-0.285607,1.000000,1.100000,0.000000,0.000000,-1.571000,-0.098108,0.992027,0.056367,0.998458
44.102000,-0.188461,0.007973,1.043617,-0.480571,-0.000018,-0.008032,0.044232,-0.000009,1.570812,-0.285024,1.000000,1.100000,0.000000,0.000000,-1.571000,-0.096563,0.992027,0.056383,0.998309
44.104000,-0.189421,0.007973,1.043601,-0.478805,-0.000018,-0.007927,0.045216,-0.000008,1.570809,-0.284431,1.000000,1.100000,0.000000,0.000000,-1.571000,-0.095010,0.992027,0.056399,0.998161
44.106000,-0.190377,0.007973,1.043585,-0.477023,-0.000018,-0.007816,0.046262,-0.000008,1.570807,-0.283826,1.000000,1.100000,0.000000,0.000000,-1.571000,-0.093449,0.992027,0.056415,0.998014
44.108000,-0.191329,0.007973,1.043570,-0.475222,-0.000018,-0.007700,0.047369,-0.000008,1.570804,-0.283209,1.000000,1.100000,0.000000,0.000000,-1.571000,-0.091880,0.992027,0.056430,0.997869
44.110000,-0.192278,0.007973,1.043554,-0.473403,-0.000018,-0.007579,0.048541,-0.000007,1.570801,-0.282582,1.000000,1.100000,0.000000,0.000000,-1.571000,-0.090304,0.992027,0.056446,0.997726
44.112000,-0.193223,0.007973,1.043539,-0.471563,-0.000018,-0.007454,0.049778,-0.000007,1.570797,-0.281944,1.000000,1.100000,0.000000,0.000000,-1.571000,-0.088721,0.992027,0.056461,0.997585
44.114000,-0.194164,0.007973,1.043525,-0.469702,-0.000018,-0.007326,0.051081,-0.000006,1.570794,-0.281294,1.000000,1.100000,0.000000,0.000000,-1.571000,-0.087130,0.992027,0.056475,0.997446
44.116000,-0.195101,0.007973,1.043510,-0.467818,-0.000018,-0.007195,0.052450,-0.000006,1.570790,-0.280633,1.000000,1.100000,0.000000,0.000000,-1.571000,-0.085532,0.992027,0.056490,0.997308
44.118000,-0.196035,0.007973,1.043496,-0.465910,-0.000018,-0.007062,0.053885,-0.000005,1.570786,-0.279961,1.000000,1.100000,0.000000,0.000000,-1.571000,-0.083926,0.992027,0.056504,0.997173
44.120000,-0.196965,0.007973,1.043482,-0.463977,-0.000019,-0.006927,0.055384,-0.000004,1.570781,-0.279279,1.000000,1.100000,0.000000,0.000000,-1.571000,-0.082313,0.992027,0.056518,0.997039
44.122000,-0.197891,0.007973,1.043468,-0.462017,-0.000019,-0.006790,0.056948,-0.000004,1.570777,-0.278585,1.000000,1.100000,0.000000,0.000000,-1.571000,-0.080694,0.992027,0.056532,0.996908
44.124000,-0.198813,0.007973,1.043455,-0.460030,-0.000019,-0.006653,0.058573,-0.000003,1.570773,-0.277880,1.000000,1.100000,0.000000,0.000000,-1.571000,-0.079067,0.992027,0.056545,0.996778
44.126000,-0.199731,0.007973,1.043442,-0.458013,-0.000019,-0.006515,0.060259,-0.000002,1.570768,-0.277164,1.000000,1.100000,0.000000,0.000000,-1.571000,-0.077433,0.992027,0.056558,0.996651
44.128000,-0.200645,0.007973,1.043429,-0.455967,-0.000019,-0.006377,0.062004,-0.000001,1.570764,-0.276437,1.000000,1.100000,0.000000,0.000000,-1.571000,-0.075792,0.992027,0.056571,0.996525
44.130000,-0.201555,0.007973,1.043416,-0.453890,-0.000019,-0.006239,0.063804,0.000000,1.570759,-0.275699,1.000000,1.100000,0.000000,0.000000,-1.571000,-0.074145,0.992027,0.056584,0.996402
44.132000,-0.202460,0.007973,1.043404,-0.451781,-0.000019,-0.006101,0.065658,0.000001,1.570755,-0.274951,1.000000,1.100000,0.000000,0.000000,-1.571000,-0.072491,0.992027,0.056596,0.996281
44.134000,-0.203361,0.007973,1.043392,-0.449639,-0.000019,-0.005964,0.067563,0.000002,1.570751,-0.274191,1.000000,1.100000,0.000000,0.000000,-1.571000,-0.070830,0.992027,0.056608,0.996162
44.136000,-0.204258,0.007973,1.043380,-0.447464,-0.000019,-0.005829,0.069515,0.000003,1.570746,-0.273421,1.000000,1.100000,0.000000,0.000000,-1.571000,-0.069163,0.992027,0.056620,0.996046
44.138000,-0.205151,0.007973,1.043369,-0.445253,-0.000019,-0.005695,0.071512,0.000005,1.570742,-0.272640,1.000000,1.100000,0.000000,0.000000,-1.571000,-0.067489,0.992027,0.056631,0.995932
44.140000,-0.206039,0.007973,1.043358,-0.443007,-0.000019,-0.005562,0.073550,0.000006,1.570739,-0.271848,1.000000,1.100000,0.000000,0.000000,-1.571000,-0.065809,0.992027,0.056642,0.995820
44.142000,-0.206922,0.007973,1.043347,-0.440724,-0.000019,-0.005432,0.075625,0.000007,1.570735,-0.271045,1.000000,1.100000,0.000000,0.000000,-1.571000,-0.064123,0.992027,0.056653,0.995711
44.144000,-0.207801,0.007973,1.043336,-0.438405,-0.000019,-0.005303,0.077734,0.000009,1.570732,-0.270232,1.000000,1.100000,0.000000,0.000000,-1.571000,-0.062431,0.992027,0.056664,0.995604
44.146000,-0.208675,0.007973,1.043326,-0.436048,-0.000018,-0.005178,0.079873,0.000010,1.570729,-0.269408,1.000000,1.100000,0.000000,0.000000,-1.571000,-0.060733,0.992027,0.056674,0.995499
44.148000,-0.209545,0.007973,1.043316,-0.433653,-0.000018,-0.005055,0.082039,0.000011,1.570726,-0.268574,1.000000,1.100000,0.000000,0.000000,-1.571000,-0.059029,0.992027,0.056684,0.995397
44.150000,-0.210409,0.007973,1.043306,-0.431220,-0.000018,-0.004934,0.084227,0.000013,1.570724,-0.267729,1.000000,1.100000,0.000000,0.000000,-1.571000,-0.057319,0.992027,0.056694,0.995298
44.152000,-0.211269,0.007972,1.043296,-0.428749,-0.000018,-0.004817,0.086434,0.000014,1.570722,-0.266873,1.000000,1.100000,0.000000,0.000000,-1.571000,-0.055604,0.992028,0.056704,0.995201
44.154000,-0.212123,0.007972,1.043286,-0.426238,-0.000018,-0.004703,0.088656,0.000016,1.570720,-0.266006,1.000000,1.100000,0.000000,0.000000,-1.571000,-0.053883,0.992028,0.056714,0.995107
44.156000,-0.212973,0.007972,1.043277,-0.423688,-0.000018,-0.004593,0.090888,0.000017,1.570719,-0.265130,1.000000,1.100000,0.000000,0.000000,-1.571000,-0.052157,0.992028,0.056723,0.995016
44.158000,-0.213817,0.007972,1.043268,-0.421098,-0.000017,-0.004486,0.093128,0.000019,1.570718,-0.264242,1.000000,1.100000,0.000000,0.000000,-1.571000,-0.050425,0.992028,0.056732,0.994927
44.160000,-0.214656,0.007972,1.043259,-0.418470,-0.000017,-0.004383,0.095371,0.000020,1.570718,-0.263345,1.000000,1.100000,0.000000,0.000000,-1.571000,-0.048688,0.992028,0.056741,0.994841
44.162000,-0.215490,0.007972,1.043251,-0.415802,-0.000017,-0.004281,0.097614,0.000022,1.570718,-0.262437,1.000000,1.100000,0.000000,0.000000,-1.571000,-0.046947,0.992028,0.056749,0.994758
44.164000,-0.216318,0.007972,1.043242,-0.413094,-0.000016,-0.004179,0.099853,0.000023,1.570718,-0.261518,1.000000,1.100000,0.000000,0.000000,-1.571000,-0.045200,0.992028,0.056758,0.994678
44.166000,-0.217141,0.007972,1.043234,-0.410347,-0.000016,-0.004075,0.102087,0.000024,1.570719,-0.260589,1.000000,1.100000,0.000000,0.000000,-1.571000,-0.043448,0.992028,0.056766,0.994600
44.168000,-0.217959,0.007972,1.043226,-0.407560,-0.000016,-0.003972,0.104313,0.000026,1.570720,-0.259650,1.000000,1.100000,0.000000,0.000000,-1.571000,-0.041692,0.992028,0.056774,0.994525
44.170000,-0.218770,0.007972,1.043218,-0.404735,-0.000015,-0.003870,0.106529,0.000027,1.570721,-0.258701,1.000000,1.100000,0.000000,0.000000,-1.571000,-0.039931,0.992028,0.056782,0.994454
44.172000,-0.219576,0.007972,1.043211,-0.401870,-0.000015,-0.003769,0.108731,0.000028,1.570723,-0.257742,1.000000,1.100000,0.000000,0.000000,-1.571000,-0.038165,0.992028,0.056789,0.994385
44.174000,-0.220377,0.007972,1.043203,-0.398968,-0.000015,-0.003669,0.110917,0.000029,1.570726,-0.256772,1.000000,1.100000,0.000000,0.000000,-1.571000,-0.036395,0.992028,0.056797,0.994319
44.176000,-0.221171,0.007972,1.043196,-0.396027,-0.000014,-0.003572,0.113085,0.000031,1.570728,-0.255792,1.000000,1.100000,0.000000,0.000000,-1.571000,-0.034621,0.992028,0.056804,0.994256
44.178000,-0.221959,0.007972,1.043189,-0.393050,-0.000014,-0.003476,0.115232,0.000032,1.570731,-0.254802,1.000000,1.100000,0.000000,0.000000,-1.571000,-0.032843,0.992028,0.056811,0.994196
44.180000,-0.222742,0.007972,1.043182,-0.390035,-0.000013,-0.003383,0.117356,0.000033,1.570734,-0.253802,1.000000,1.100000,0.000000,0.000000,-1.571000,-0.031061,0.992028,0.056818,0.994139
44.182000,-0.223518,0.007972,1.043176,-0.386984,-0.000013,-0.003293,0.119454,0.000034,1.570738,-0.252792,1.000000,1.100000,0.000000,0.000000,-1.571000,-0.029274,0.992028,0.056824,0.994085
44.184000,-0.224288,0.007972,1.043169,-0.383898,-0.000012,-0.003206,0.121525,0.000034,1.570742,-0.251772,1.000000,1.100000,0.000000,0.000000,-1.571000,-0.027484,0.992028,0.056831,0.994035
44.186000,-0.225052,0.007972,1.043163,-0.380776,-0.000011,-0.003122,0.123565,0.000035,1.570746,-0.250742,1.000000,1.100000,0.000000,0.000000,-1.571000,-0.025690,0.992028,0.056837,0.993987
44.188000,-0.225809,0.007972,1.043157,-0.377620,-0.000011,-0.003043,0.125573,0.000036,1.570750,-0.249702,1.000000,1.100000,0.000000,0.000000,-1.571000,-0.023893,0.992028,0.056843,0.993942
44.190000,-0.226561,0.007972,1.043151,-0.374431,-0.000010,-0.002967,0.127547,0.000036,1.570754,-0.248653,1.000000,1.100000,0.000000,0.000000,-1.571000,-0.022092,0.992028,0.056849,0.993901
44.192000,-0.227305,0.007972,1.043145,-0.371208,-0.000010,-0.002894,0.129486,0.000037,1.570759,-0.247593,1.000000,1.100000,0.000000,0.000000,-1.571000,-0.020288,0.992028,0.056855,0.993863
44.194000,-0.228044,0.007972,1.043139,-0.367954,-0.000009,-0.002826,0.131386,0.000037,1.570764,-0.246524,1.000000,1.100000,0.000000,0.000000,-1.571000,-0.018480,0.992028,0.056861,0.993828
44.196000,-0.228775,0.007972,1.043134,-0.364669,-0.000008,-0.002762,0.133247,0.000038,1.570769,-0.245445,1.000000,1.100000,0.000000,0.000000,-1.571000,-0.016669,0.992028,0.056866,0.993796
44.198000,-0.229501,0.007972,1.043128,-0.361353,-0.000008,-0.002702,0.135067,0.000038,1.570774,-0.244356,1.000000,1.100000,0.000000,0.000000,-1.571000,-0.014856,0.992028,0.056872,0.993768
44.200000,-0.230219,0.007972,1.043123,-0.358007,-0.000007,-0.002646,0.136845,0.000038,1.570779,-0.243258,1.000000,1.100000,0.000000,0.000000,-1.571000,-0.013039,0.992028,0.056877,0.993743
44.202000,-0.230931,0.007972,1.043118,-0.354633,-0.000006,-0.002594,0.138579,0.000038,1.570784,-0.242150,1.000000,1.100000,0.000000,0.000000,-1.571000,-0.011219,0.992028,0.056882,0.993721
44.204000,-0.231635,0.007972,1.043113,-0.351232,-0.000005,-0.002546,0.140268,0.000038,1.570789,-0.241032,1.000000,1.100000,0.000000,0.000000,-1.571000,-0.009397,0.992028,0.056887,0.993702
44.206000,-0.232333,0.007972,1.043108,-0.347803,-0.000005,-0.002503,0.141912,0.000038,1.570794,-0.239905,1.000000,1.100000,0.000000,0.000000,-1.571000,-0.007572,0.992028,0.056892,0.993687
44.208000,-0.233025,0.007972,1.043103,-0.344349,-0.000004,-0.002463,0.143509,0.000037,1.570800,-0.238769,1.000000,1.100000,0.000000,0.000000,-1.571000,-0.005744,0.992028,0.056897,0.993675
44.210000,-0.233709,0.007972,1.043098,-0.340871,-0.000003,-0.002428,0.145059,0.000037,1.570805,-0.237623,1.000000,1.100000,0.000000,0.000000,-1.571000,-0.003914,0.992028,0.056902,0.993667
44.212000,-0.234386,0.007972,1.043093,-0.337368,-0.000002,-0.002396,0.146561,0.000037,1.570810,-0.236468,1.000000,1.100000,0.000000,0.000000,-1.571000,-0.002082,0.992028,0.056907,0.993661
44.214000,-0.235056,0.007972,1.043088,-0.333843,-0.000002,-0.002369,0.148014,0.000036,1.570815,-0.235303,1.000000,1.100000,0.000000,0.000000,-1.571000,-0.000247,0.992028,0.056912,0.993659
44.216000,-0.235719,0.007972,1.043083,-0.330296,-0.000001,-0.002345,0.149419,0.000035,1.570820,-0.234129,1.000000,1.100000,0.000000,0.000000,-1.571000,0.001590,0.992028,0.056917,0.993661
44.218000,-0.236375,0.007972,1.043079,-0.326728,-0.000000,-0.002325,0.150774,0.000035,1.570825,-0.232946,1.000000,1.100000,0.000000,0.000000,-1.571000,0.003429,0.992028,0.056921,0.993666
44.220000,-0.237024,0.007972,1.043074,-0.323141,0.000001,-0.002309,0.152080,0.000034,1.570829,-0.231754,1.000000,1.100000,0.000000,0.000000,-1.571000,0.005270,0.992028,0.056926,0.993674
44.222000,-0.237665,0.007972,1.043070,-0.319534,0.000001,-0.002292,0.153337,0.000033,1.570834,-0.230552,1.000000,1.100000,0.000000,0.000000,-1.571000,0.007113,0.992028,0.056930,0.993686
44.224000,-0.238299,0.007972,1.043065,-0.315908,0.000002,-0.002271,0.154544,0.000032,1.570838,-0.229341,1.000000,1.100000,0.000000,0.000000,-1.571000,0.008958,0.992028,0.056935,0.993701
44.226000,-0.238926,0.007972,1.043060,-0.312264,0.000003,-0.002245,0.155702,0.000031,1.570843,-0.228122,1.000000,1.100000,0.000000,0.000000,-1.571000,0.010805,0.992028,0.056940,0.993720
44.228000,-0.239546,0.007972,1.043056,-0.308604,0.000004,-0.002217,0.156812,0.000030,1.570847,-0.226893,1.000000,1.100000,0.000000,0.000000,-1.571000,0.012653,0.992028,0.056944,0.993742
44.230000,-0.240158,0.007972,1.043052,-0.304927,0.000004,-0.002185,0.157873,0.000029,1.570850,-0.225655,1.000000,1.100000,0.000000,0.000000,-1.571000,0.014503,0.992028,0.056948,0.993767
44.232000,-0.240763,0.007972,1.043047,-0.301237,0.000005,-0.002151,0.158887,0.000028,1.570854,-0.224409,1.000000,1.100000,0.000000,0.000000,-1.571000,0.016354,0.992028,0.056953,0.993796
44.234000,-0.241361,0.007972,1.043043,-0.297532,0.000006,-0.002115,0.159853,0.000027,1.570857,-0.223154,1.000000,1.100000,0.000000,0.000000,-1.571000,0.018207,0.992028,0.056957,0.993829
44.236000,-0.241951,0.007972,1.043039,-0.293815,0.000006,-0.002077,0.160773,0.000025,1.570860,-0.221889,1.000000,1.100000,0.000000,0.000000,-1.571000,0.020062,0.992028,0.056961,0.993865
44.238000,-0.242534,0.007972,1.043035,-0.290086,0.000007,-0.002038,0.161647,0.000024,1.570863,-0.220616,1.000000,1.100000,0.000000,0.000000,-1.571000,0.021917,0.992028,0.056965,0.993904
44.240000,-0.243109,0.007972,1.043031,-0.286347,0.000008,-0.001998,0.162475,0.000023,1.570866,-0.219335,1.000000,1.100000,0.000000,0.000000,-1.571000,0.023774,0.992028,0.056969,0.993947
44.242000,-0.243676,0.007972,1.043027,-0.282598,0.000008,-0.001956,0.163260,0.000022,1.570868,-0.218044,1.000000,1.100000,0.000000,0.000000,-1.571000,0.025632,0.992028,0.056973,0.993993
44.244000,-0.244236,0.007972,1.043023,-0.278840,0.000009,-0.001914,0.164001,0.000020,1.570870,-0.216745,1.000000,1.100000,0.000000,0.000000,-1.571000,0.027491,0.992028,0.056977,0.994043
44.246000,-0.244789,0.007972,1.043019,-0.275074,0.000010,-0.001871,0.164701,0.000019,1.570872,-0.215438,1.000000,1.100000,0.000000,0.000000,-1.571000,0.029351,0.992028,0.056981,0.994097
44.248000,-0.245334,0.007972,1.043016,-0.271301,0.000010,-0.001828,0.165359,0.000018,1.570874,-0.214122,1.000000,1.100000,0.000000,0.000000,-1.571000,0.031212,0.992028,0.056984,0.994153
44.250000,-0.245872,0.007972,1.043012,-0.267522,0.000011,-0.001784,0.165977,0.000017,1.570875,-0.212797,1.000000,1.100000,0.000000,0.000000,-1.571000,0.033074,0.992028,0.056988,0.994214
44.252000,-0.246401,0.007972,1.043008,-0.263738,0.000011,-0.001740,0.166556,0.000015,1.570876,-0.211465,1.000000,1.100000,0.000000,0.000000,-1.571000,0.034937,0.992028,0.056992,0.994278
44.254000,-0.246924,0.007972,1.043005,-0.259949,0.000012,-0.001696,0.167098,0.000014,1.570877,-0.210123,1.000000,1.100000,0.000000,0.000000,-1.571000,0.036800,0.992028,0.056995,0.994345
44.256000,-0.247439,0.007972,1.043002,-0.256157,0.000013,-0.001652,0.167603,0.000013,1.570878,-0.208774,1.000000,1.100000,0.000000,0.000000,-1.571000,0.038665,0.992028,0.056998,0.994416
44.258000,-0.247946,0.007972,1.042998,-0.252361,0.000013,-0.001608,0.168073,0.000011,1.570878,-0.207416,1.000000,1.100000,0.000000,0.000000,-1.571000,0.040530,0.992028,0.057002,0.994490
44.260000,-0.248445,0.007972,1.042995,-0.248564,0.000013,-0.001565,0.168510,0.000010,1.570878,-0.206050,1.000000,1.100000,0.000000,0.000000,-1.571000,0.042395,0.992028,0.057005,0.994568
44.262000,-0.248937,0.007972,1.042992,-0.244764,0.000014,-0.001521,0.168914,0.000009,1.570878,-0.204676,1.000000,1.100000,0.000000,0.000000,-1.571000,0.044261,0.992028,0.057008,0.994650
44.264000,-0.249421,0.007972,1.042989,-0.240964,0.000014,-0.001477,0.169286,0.000008,1.570878,-0.203294,1.000000,1.100000,0.000000,0.000000,-1.571000,0.046127,0.992028,0.057011,0.994735
44.266000,-0.249898,0.007972,1.042986,-0.237163,0.000015,-0.001434,0.169629,0.000007,1.570877,-0.201904,1.000000,1.100000,0.000000,0.000000,-1.571000,0.047994,0.992028,0.057014,0.994823
44.268000,-0.250367,0.007972,1.042984,-0.233363,0.000015,-0.001390,0.169943,0.000005,1.570876,-0.200506,1.000000,1.100000,0.000000,0.000000,-1.571000,0.049862,0.992028,0.057016,0.994915
44.270000,-0.250829,0.007972,1.042981,-0.229564,0.000015,-0.001347,0.170230,0.000004,1.570875,-0.199100,1.000000,1.100000,0.000000,0.000000,-1.571000,0.051729,0.992028,0.057019,0.995011
44.272000,-0.251283,0.007972,1.042978,-0.225766,0.000016,-0.001304,0.170492,0.000003,1.570874,-0.197686,1.000000,1.100000,0.000000,0.000000,-1.571000,0.053597,0.992028,0.057022,0.995110
44.274000,-0.251729,0.007972,1.042976,-0.221970,0.000016,-0.001262,0.170728,0.000002,1.570873,-0.196264,1.000000,1.100000,0.000000,0.000000,-1.571000,0.055465,0.992028,0.057024,0.995212
44.276000,-0.252168,0.007972,1.042973,-0.218176,0.000016,-0.001219,0.170942,0.000001,1.570871,-0.194834,1.000000,1.100000,0.000000,0.000000,-1.571000,0.057333,0.992028,0.057027,0.995318
44.278000,-0.252599,0.007972,1.042971,-0.214385,0.000017,-0.001176,0.171134,0.000000,1.570869,-0.193397,1.000000,1.100000,0.000000,0.000000,-1.571000,0.059201,0.992028,0.057029,0.995428
44.280000,-0.253022,0.007972,1.042969,-0.210597,0.000017,-0.001134,0.171305,-0.000000,1.570867,-0.191952,1.000000,1.100000,0.000000,0.000000,-1.571000,0.061070,0.992028,0.057031,0.995540
44.282000,-0.253438,0.007972,1.042966,-0.206813,0.000017,-0.001090,0.171456,-0.000001,1.570865,-0.190500,1.000000,1.100000,0.000000,0.000000,-1.571000,0.062938,0.992028,0.057034,0.995657
44.284000,-0.253846,0.007972,1.042964,-0.203032,0.000017,-0.001042,0.171590,-0.000002,1.570863,-0.189040,1.000000,1.100000,0.000000,0.000000,-1.571000,0.064806,0.992028,0.057036,0.995777
44.286000,-0.254247,0.007973,1.042962,-0.199255,0.000017,-0.000991,0.171707,-0.000003,1.570861,-0.187573,1.000000,1.100000,0.000000,0.000000,-1.571000,0.066674,0.992027,0.057038,0.995900
44.288000,-0.254640,0.007973,1.042960,-0.195482,0.000017,-0.000938,0.171808,-0.000003,1.570859,-0.186098,1.000000,1.100000,0.000000,0.000000,-1.571000,0.068542,0.992027,0.057040,0.996027
44.290000,-0.255026,0.007973,1.042958,-0.191714,0.000018,-0.000882,0.171895,-0.000004,1.570856,-0.184616,1.000000,1.100000,0.000000,0.000000,-1.571000,0.070410,0.992027,0.057042,0.996157
44.292000,-0.255404,0.007973,1.042957,-0.187951,0.000018,-0.000824,0.171969,-0.000004,1.570854,-0.183127,1.000000,1.100000,0.000000,0.000000,-1.571000,0.072278,0.992027,0.057043,0.996291
44.294000,-0.255775,0.007973,1.042955,-0.184193,0.000018,-0.000764,0.172030,-0.000005,1.570851,-0.181630,1.000000,1.100000,0.000000,0.000000,-1.571000,0.074145,0.992027,0.057045,0.996429
44.296000,-0.256138,0.007973,1.042954,-0.180440,0.000018,-0.000701,0.172080,-0.000005,1.570848,-0.180126,1.000000,1.100000,0.000000,0.000000,-1.571000,0.076012,0.992027,0.057046,0.996569
44.298000,-0.256494,0.007973,1.042952,-0.176693,0.000018,-0.000637,0.172120,-0.000006,1.570845,-0.178615,1.000000,1.100000,0.000000,0.000000,-1.571000,0.077879,0.992027,0.057048,0.996713
44.300000,-0.256842,0.007973,1.042951,-0.172951,0.000018,-0.000571,0.172151,-0.000006,1.570842,-0.177097,1.000000,1.100000,0.000000,0.000000,-1.571000,0.079745,0.992027,0.057049,0.996861
44.302000,-0.257182,0.007973,1.042950,-0.169216,0.000018,-0.000503,0.172174,-0.000006,1.570840,-0.175572,1.000000,1.100000,0.000000,0.000000,-1.571000,0.081610,0.992027,0.057050,0.997012
44.304000,-0.257516,0.007973,1.042949,-0.165487,0.000018,-0.000434,0.172189,-0.000006,1.570837,-0.174040,1.000000,1.100000,0.000000,0.000000,-1.571000,0.083475,0.992027,0.057051,0.997166
44.306000,-0.257841,0.007973,1.042949,-0.161765,0.000018,-0.000364,0.172199,-0.000007,1.570834,-0.172502,1.000000,1.100000,0.000000,0.000000,-1.571000,0.085340,0.992027,0.057051,0.997324
44.308000,-0.258160,0.007973,1.042948,-0.158048,0.000018,-0.000292,0.172202,-0.000007,1.570831,-0.170956,1.000000,1.100000,0.000000,0.000000,-1.571000,0.087204,0.992027,0.057052,0.997485
44.310000,-0.258470,0.007973,1.042948,-0.154339,0.000018,-0.000220,0.172201,-0.000007,1.570828,-0.169404,1.000000,1.100000,0.000000,0.000000,-1.571000,0.089067,0.992027,0.057052,0.997650
44.312000,-0.258774,0.007973,1.042947,-0.150636,0.000018,-0.000146,0.172196,-0.000007,1.570825,-0.167845,1.000000,1.100000,0.000000,0.000000,-1.571000,0.090929,0.992027,0.057053,0.997818
44.314000,-0.259070,0.007973,1.042947,-0.146940,0.000018,-0.000072,0.172188,-0.000007,1.570822,-0.166279,1.000000,1.100000,0.000000,0.000000,-1.571000,0.092791,0.992027,0.057053,0.997989
44.316000,-0.259359,0.007973,1.042947,-0.143251,0.000017,0.000004,0.172177,-0.000007,1.570819,-0.164707,1.000000,1.100000,0.000000,0.000000,-1.571000,0.094652,0.992027,0.057053,0.998164
44.318000,-0.259640,0.007973,1.042947,-0.139569,0.000017,0.000080,0.172164,-0.000006,1.570816,-0.163128,1.000000,1.100000,0.000000,0.000000,-1.571000,0.096512,0.992027,0.057053,0.998342
44.320000,-0.259914,0.007973,1.042947,-0.135894,0.000017,0.000156,0.172149,-0.000006,1.570813,-0.161543,1.000000,1.100000,0.000000,0.000000,-1.571000,0.098371,0.992027,0.057053,0.998523
44.322000,-0.260180,0.007973,1.042948,-0.132226,0.000017,0.000233,0.172134,-0.000006,1.570810,-0.159951,1.000000,1.100000,0.000000,0.000000,-1.571000,0.100229,0.992027,0.057052,0.998708
44.324000,-0.260439,0.007973,1.042948,-0.128565,0.000017,0.000311,0.172118,-0.000005,1.570807,-0.158354,1.000000,1.100000,0.000000,0.000000,-1.571000,0.102086,0.992027,0.057052,0.998896
44.326000,-0.260691,0.007973,1.042949,-0.124910,0.000017,0.000389,0.172103,-0.000005,1.570804,-0.156750,1.000000,1.100000,0.000000,0.000000,-1.571000,0.103942,0.992027,0.057051,0.999088
44.328000,-0.260936,0.007973,1.042950,-0.121263,0.000017,0.000468,0.172088,-0.000005,1.570801,-0.155139,1.000000,1.100000,0.000000,0.000000,-1.571000,0.105797,0.992027,0.057050,0.999282
44.330000,-0.261173,0.007973,1.042951,-0.117623,0.000017,0.000547,0.172073,-0.000004,1.570799,-0.153523,1.000000,1.100000,0.000000,0.000000,-1.571000,0.107650,0.992027,0.057049,0.999480
44.332000,-0.261403,0.007973,1.042952,-0.113990,0.000017,0.000626,0.172060,-0.000004,1.570796,-0.151900,1.000000,1.100000,0.000000,0.000000,-1.571000,0.109503,0.992027,0.057048,0.999681
44.334000,-0.261626,0.007973,1.042954,-0.110363,0.000017,0.000706,0.172049,-0.000003,1.570793,-0.150272,1.000000,1.100000,0.000000,0.000000,-1.571000,0.111354,0.992027,0.057046,0.999885
44.336000,-0.261842,0.007973,1.042955,-0.106744,0.000016,0.000785,0.172039,-0.000003,1.570791,-0.148638,1.000000,1.100000,0.000000,0.000000,-1.571000,0.113204,0.992027,0.057045,1.000093
44.338000,-0.262050,0.007973,1.042957,-0.103131,0.000016,0.000865,0.172032,-0.000002,1.570788,-0.146997,1.000000,1.100000,0.000000,0.000000,-1.571000,0.115053,0.992027,0.057043,1.000304
44.340000,-0.262251,0.007973,1.042959,-0.099525,0.000016,0.000945,0.172027,-0.000002,1.570786,-0.145351,1.000000,1.100000,0.000000,0.000000,-1.571000,0.116900,0.992027,0.057041,1.000518
44.342000,-0.262445,0.007973,1.042961,-0.095926,0.000016,0.001026,0.172024,-0.000001,1.570784,-0.143699,1.000000,1.100000,0.000000,0.000000,-1.571000,0.118745,0.992027,0.057039,1.000735
44.344000,-0.262631,0.007974,1.042963,-0.092334,0.000016,0.001106,0.172024,-0.000000,1.570781,-0.142042,1.000000,1.100000,0.000000,0.000000,-1.571000,0.120589,0.992026,0.057037,1.000955
44.346000,-0.262811,0.007974,1.042965,-0.088748,0.000016,0.001186,0.172026,0.000000,1.570779,-0.140379,1.000000,1.100000,0.000000,0.000000,-1.571000,0.122432,0.992026,0.057035,1.001179
44.348000,-0.262983,0.007974,1.042968,-0.085169,0.000016,0.001266,0.172032,0.000001,1.570777,-0.138710,1.000000,1.100000,0.000000,0.000000,-1.571000,0.124273,0.992026,0.057032,1.001405
44.350000,-0.263148,0.007974,1.042970,-0.081596,0.000016,0.001346,0.172040,0.000001,1.570775,-0.137036,1.000000,1.100000,0.000000,0.000000,-1.571000,0.126112,0.992026,0.057030,1.001635
44.352000,-0.263306,0.007974,1.042973,-0.078030,0.000016,0.001426,0.172051,0.000002,1.570773,-0.135357,1.000000,1.100000,0.000000,0.000000,-1.571000,0.127950,0.992026,0.057027,1.001868
44.354000,-0.263457,0.007974,1.042976,-0.074470,0.000016,0.001506,0.172066,0.000002,1.570771,-0.133672,1.000000,1.100000,0.000000,0.000000,-1.571000,0.129785,0.992026,0.057024,1.002104
44.356000,-0.263601,0.007974,1.042979,-0.070916,0.000016,0.001585,0.172083,0.000003,1.570770,-0.131982,1.000000,1.100000,0.000000,0.000000,-1.571000,0.131619,0.992026,0.057021,1.002343
44.358000,-0.263738,0.007974,1.042983,-0.067369,0.000016,0.001664,0.172103,0.000003,1.570768,-0.130286,1.000000,1.100000,0.000000,0.000000,-1.571000,0.133451,0.992026,0.057017,1.002585
44.360000,-0.263867,0.007974,1.042986,-0.063828,0.000015,0.001742,0.172126,0.000004,1.570766,-0.128586,1.000000,1.100000,0.000000,0.000000,-1.571000,0.135281,0.992026,0.057014,1.002830
44.362000,-0.263990,0.007974,1.042990,-0.060292,0.000015,0.001823,0.172152,0.000004,1.570765,-0.126880,1.000000,1.100000,0.000000,0.000000,-1.571000,0.137109,0.992026,0.057010,1.003078
44.364000,-0.264105,0.007974,1.042993,-0.056762,0.000015,0.001908,0.172181,0.000004,1.570763,-0.125170,1.000000,1.100000,0.000000,0.000000,-1.571000,0.138935,0.992026,0.057007,1.003329
44.366000,-0.264213,0.007974,1.042997,-0.053237,0.000015,0.001997,0.172213,0.000005,1.570762,-0.123454,1.000000,1.100000,0.000000,0.000000,-1.571000,0.140759,0.992026,0.057003,1.003583
44.368000,-0.264315,0.007974,1.043002,-0.049717,0.000015,0.002089,0.172247,0.000005,1.570761,-0.121734,1.000000,1.100000,0.000000,0.000000,-1.571000,0.142581,0.992026,0.056998,1.003840
44.370000,-0.264409,0.007974,1.043006,-0.046203,0.000015,0.002184,0.172284,0.000005,1.570760,-0.120009,1.000000,1.100000,0.000000,0.000000,-1.571000,0.144400,0.992026,0.056994,1.004099
44.372000,-0.264496,0.007974,1.043010,-0.042694,0.000015,0.002281,0.172323,0.000005,1.570758,-0.118279,1.000000,1.100000,0.000000,0.000000,-1.571000,0.146217,0.992026,0.056990,1.004362
44.374000,-0.264576,0.007974,1.043015,-0.039190,0.000015,0.002382,0.172364,0.000006,1.570757,-0.116544,1.000000,1.100000,0.000000,0.000000,-1.571000,0.148032,0.992026,0.056985,1.004628
44.376000,-0.264650,0.007974,1.043020,-0.035691,0.000015,0.002484,0.172408,0.000006,1.570756,-0.114805,1.000000,1.100000,0.000000,0.000000,-1.571000,0.149845,0.992026,0.056980,1.004896
44.378000,-0.264716,0.007974,1.043025,-0.032198,0.000015,0.002588,0.172454,0.000006,1.570756,-0.113061,1.000000,1.100000,0.000000,0.000000,-1.571000,0.151654,0.992026,0.056975,1.005167
44.380000,-0.264775,0.007974,1.043030,-0.028710,0.000015,0.002694,0.172501,0.000006,1.570755,-0.111313,1.000000,1.100000,0.000000,0.000000,-1.571000,0.153462,0.992026,0.056970,1.005441
44.382000,-0.264827,0.007974,1.043036,-0.025227,0.000015,0.002801,0.172550,0.000006,1.570754,-0.109561,1.000000,1.100000,0.000000,0.000000,-1.571000,0.155267,0.992026,0.056964,1.005718
44.384000,-0.264873,0.007974,1.043042,-0.021749,0.000015,0.002910,0.172601,0.000006,1.570753,-0.107804,1.000000,1.100000,0.000000,0.000000,-1.571000,0.157069,0.992026,0.056958,1.005997
44.386000,-0.264911,0.007974,1.043048,-0.018276,0.000015,0.003019,0.172653,0.000006,1.570753,-0.106042,1.000000,1.100000,0.000000,0.000000,-1.571000,0.158868,0.992026,0.056952,1.006279
44.388000,-0.264942,0.007974,1.043054,-0.014809,0.000015,0.003130,0.172706,0.000006,1.570752,-0.104277,1.000000,1.100000,0.000000,0.000000,-1.571000,0.160665,0.992026,0.056946,1.006564
44.390000,-0.264967,0.007974,1.043060,-0.011346,0.000015,0.003242,0.172760,0.000006,1.570752,-0.102508,1.000000,1.100000,0.000000,0.000000,-1.571000,0.162459,0.992026,0.056940,1.006852
44.392000,-0.264984,0.007974,1.043067,-0.007897,0.000015,0.003357,0.172815,0.000006,1.570751,-0.100734,1.000000,1.100000,0.000000,0.000000,-1.571000,0.164250,0.992026,0.056933,1.007142
44.394000,-0.264995,0.007974,1.043074,-0.004455,0.000015,0.003477,0.172871,0.000006,1.570751,-0.098957,1.000000,1.100000,0.000000,0.000000,-1.571000,0.166038,0.992026,0.056926,1.007435
44.396000,-0.264999,0.007974,1.043081,-0.001011,0.000015,0.003597,0.172928,0.000006,1.570751,-0.097175,1.000000,1.100000,0.000000,0.000000,-1.571000,0.167823,0.992026,0.056919,1.007730
44.398000,-0.264995,0.007974,1.043089,0.002434,0.000014,0.003717,0.172985,0.000005,1.570750,-0.095390,1.000000,1.100000,0.000000,0.000000,-1.571000,0.169605,0.992026,0.056911,1.008028
44.400000,-0.264985,0.007974,1.043096,0.005880,0.000014,0.003839,0.173042,0.000005,1.570750,-0.093601,1.000000,1.100000,0.000000,0.000000,-1.571000,0.171384,0.992026,0.056904,1.008328
44.402000,-0.264968,0.007974,1.043104,0.009318,0.000014,0.003957,0.173099,0.000005,1.570750,-0.091808,1.000000,1.100000,0.000000,0.000000,-1.571000,0.173160,0.992026,0.056896,1.008631
44.404000,-0.264945,0.007974,1.043112,0.012745,0.000014,0.004071,0.173157,0.000005,1.570750,-0.090012,1.000000,1.100000,0.000000,0.000000,-1.571000,0.174933,0.992026,0.056888,1.008936
44.406000,-0.264914,0.007974,1.043120,0.016166,0.000014,0.004186,0.173214,0.000005,1.570750,-0.088212,1.000000,1.100000,0.000000,0.000000,-1.571000,0.176702,0.992026,0.056880,1.009244
44.408000,-0.264877,0.007974,1.043129,0.019582,0.000014,0.004301,0.173271,0.000005,1.570750,-0.086409,1.000000,1.100000,0.000000,0.000000,-1.571000,0.178468,0.992026,0.056871,1.009554
44.410000,-0.264832,0.007974,1.043138,0.022993,0.000014,0.004416,0.173328,0.000004,1.570750,-0.084602,1.000000,1.100000,0.000000,0.000000,-1.571000,0.180230,0.992026,0.056862,1.009867
44.412000,-0.264781,0.007975,1.043147,0.026399,0.000014,0.004531,0.173384,0.000004,1.570750,-0.082792,1.000000,1.100000,0.000000,0.000000,-1.571000,0.181989,0.992025,0.056853,1.010182
44.414000,-0.264723,0.007975,1.043156,0.029800,0.000014,0.004646,0.173439,0.000004,1.570750,-0.080978,1.000000,1.100000,0.000000,0.000000,-1.571000,0.183745,0.992025,0.056844,1.010499
44.416000,-0.264658,0.007975,1.043165,0.033195,0.000014,0.004761,0.173494,0.000004,1.570750,-0.079162,1.000000,1.100000,0.000000,0.000000,-1.571000,0.185496,0.992025,0.056835,1.010818
44.418000,-0.264587,0.007975,1.043175,0.036586,0.000014,0.004876,0.173548,0.000004,1.570751,-0.077342,1.000000,1.100000,0.000000,0.000000,-1.571000,0.187245,0.992025,0.056825,1.011140
44.420000,-0.264508,0.007975,1.043185,0.039971,0.000013,0.004991,0.173601,0.000004,1.570751,-0.075519,1.000000,1.100000,0.000000,0.000000,-1.571000,0.188989,0.992025,0.056815,1.011464
44.422000,-0.264423,0.007975,1.043195,0.043351,0.000013,0.005105,0.173652,0.000004,1.570751,-0.073694,1.000000,1.100000,0.000000,0.000000,-1.571000,0.190730,0.992025,0.056805,1.011790
44.424000,-0.264331,0.007975,1.043206,0.046726,0.000013,0.005219,0.173703,0.000004,1.570751,-0.071865,1.000000,1.100000,0.000000,0.000000,-1.571000,0.192466,0.992025,0.056794,1.012118
44.426000,-0.264233,0.007975,1.043216,0.050095,0.000013,0.005332,0.173752,0.000004,1.570752,-0.070034,1.000000,1.100000,0.000000,0.000000,-1.571000,0.194199,0.992025,0.056784,1.012448
44.428000,-0.264128,0.007975,1.043227,0.053459,0.000013,0.005444,0.173800,0.000004,1.570752,-0.068199,1.000000,1.100000,0.000000,0.000000,-1.571000,0.195928,0.992025,0.056773,1.012781
44.430000,-0.264015,0.007975,1.043238,0.056818,0.000013,0.005556,0.173847,0.000004,1.570753,-0.066362,1.000000,1.100000,0.000000,0.000000,-1.571000,0.197653,0.992025,0.056762,1.013115
44.432000,-0.263897,0.007975,1.043249,0.060171,0.000013,0.005667,0.173892,0.000004,1.570753,-0.064523,1.000000,1.100000,0.000000,0.000000,-1.571000,0.199374,0.992025,0.056751,1.013452
44.434000,-0.263771,0.007975,1.043261,0.063519,0.000013,0.005778,0.173935,0.000004,1.570754,-0.062681,1.000000,1.100000,0.000000,0.000000,-1.571000,0.201090,0.992025,0.056739,1.013790
44.436000,-0.263639,0.007975,1.043273,0.066862,0.000013,0.005888,0.173977,0.000004,1.570754,-0.060836,1.000000,1.100000,0.000000,0.000000,-1.571000,0.202803,0.992025,0.056727,1.014131
44.438000,-0.263500,0.007975,1.043285,0.070199,0.000013,0.005998,0.174017,0.000004,1.570754,-0.058989,1.000000,1.100000,0.000000,0.000000,-1.571000,0.204511,0.992025,0.056715,1.014473
44.440000,-0.263355,0.007975,1.043297,0.073531,0.000013,0.006107,0.174056,0.000004,1.570755,-0.057140,1.000000,1.100000,0.000000,0.000000,-1.571000,0.206215,0.992025,0.056703,1.014817
44.442000,-0.263202,0.007975,1.043309,0.076857,0.000012,0.006215,0.174093,0.000004,1.570755,-0.055288,1.000000,1.100000,0.000000,0.000000,-1.571000,0.207914,0.992025,0.056691,1.015163
44.444000,-0.263044,0.007975,1.043322,0.080178,0.000012,0.006324,0.174128,0.000004,1.570756,-0.053435,1.000000,1.100000,0.000000,0.000000,-1.571000,0.209609,0.992025,0.056678,1.015511
44.446000,-0.262878,0.007975,1.043335,0.083493,0.000012,0.006432,0.174161,0.000004,1.570756,-0.051579,1.000000,1.100000,0.000000,0.000000,-1.571000,0.211299,0.992025,0.056665,1.015860
44.448000,-0.262706,0.007975,1.043348,0.086803,0.000012,0.006539,0.174193,0.000003,1.570757,-0.049721,1.000000,1.100000,0.000000,0.000000,-1.571000,0.212985,0.992025,0.056652,1.016211
44.450000,-0.262527,0.007975,1.043361,0.090107,0.000012,0.006646,0.174222,0.000003,1.570757,-0.047861,1.000000,1.100000,0.000000,0.000000,-1.571000,0.214666,0.992025,0.056639,1.016564
44.452000,-0.262342,0.007975,1.043374,0.093406,0.000012,0.006753,0.174250,0.000003,1.570758,-0.045999,1.000000,1.100000,0.000000,0.000000,-1.571000,0.216343,0.992025,0.056626,1.016919
44.454000,-0.262150,0.007975,1.043388,0.096699,0.000012,0.006859,0.174276,0.000003,1.570758,-0.044136,1.000000,1.100000,0.000000,0.000000,-1.571000,0.218014,0.992025,0.056612,1.017275
44.456000,-0.261951,0.007975,1.043402,0.099987,0.000012,0.006965,0.174301,0.000002,1.570759,-0.042270,1.000000,1.100000,0.000000,0.000000,-1.571000,0.219681,0.992025,0.056598,1.017633
44.458000,-0.261746,0.007975,1.043416,0.103269,0.000012,0.007071,0.174323,0.000002,1.570759,-0.040403,1.000000,1.100000,0.000000,0.000000,-1.571000,0.221343,0.992025,0.056584,1.017992
44.460000,-0.261535,0.007975,1.043430,0.106545,0.000012,0.007176,0.174344,0.000002,1.570760,-0.038535,1.000000,1.100000,0.000000,0.000000,-1.571000,0.223000,0.992025,0.056570,1.018353
44.462000,-0.261316,0.007975,1.043445,0.109815,0.000011,0.007282,0.174363,0.000002,1.570760,-0.036665,1.000000,1.100000,0.000000,0.000000,-1.571000,0.224652,0.992025,0.056555,1.018715
44.464000,-0.261092,0.007975,1.043460,0.113080,0.000011,0.007386,0.174380,0.000001,1.570760,-0.034793,1.000000,1.100000,0.000000,0.000000,-1.571000,0.226298,0.992025,0.056540,1.019079
44.466000,-0.260860,0.007975,1.043475,0.116339,0.000011,0.007491,0.174396,0.000001,1.570761,-0.032920,1.000000,1.100000,0.000000,0.000000,-1.571000,0.227940,0.992025,0.056525,1.019443
44.468000,-0.260623,0.007975,1.043490,0.119593,0.000011,0.007595,0.174410,0.000001,1.570761,-0.031046,1.000000,1.100000,0.000000,0.000000,-1.571000,0.229576,0.992025,0.056510,1.019810
44.470000,-0.260378,0.007975,1.043505,0.122841,0.000011,0.007699,0.174423,0.000001,1.570762,-0.029171,1.000000,1.100000,0.000000,0.000000,-1.571000,0.231208,0.992025,0.056495,1.020177
44.472000,-0.260127,0.007975,1.043521,0.126082,0.000011,0.007803,0.174434,0.000001,1.570762,-0.027294,1.000000,1.100000,0.000000,0.000000,-1.571000,0.232833,0.992025,0.056479,1.020546
44.474000,-0.259870,0.007975,1.043536,0.129318,0.000011,0.007906,0.174443,0.000001,1.570763,-0.025416,1.000000,1.100000,0.000000,0.000000,-1.571000,0.234454,0.992025,0.056464,1.020916
44.476000,-0.259606,0.007975,1.043552,0.132549,0.000011,0.008009,0.174452,0.000001,1.570763,-0.023538,1.000000,1.100000,0.000000,0.000000,-1.571000,0.236069,0.992025,0.056448,1.021287
44.478000,-0.259336,0.007975,1.043569,0.135773,0.000011,0.008112,0.174458,0.000001,1.570764,-0.021658,1.000000,1.100000,0.000000,0.000000,-1.571000,0.237678,0.992025,0.056431,1.021660
44.480000,-0.259060,0.007975,1.043585,0.138992,0.000010,0.008215,0.174464,0.000001,1.570765,-0.019778,1.000000,1.100000,0.000000,0.000000,-1.571000,0.239282,0.992025,0.056415,1.022033
44.482000,-0.258776,0.007975,1.043602,0.142204,0.000010,0.008314,0.174468,0.000001,1.570765,-0.017896,1.000000,1.100000,0.000000,0.000000,-1.571000,0.240880,0.992025,0.056398,1.022407
44.484000,-0.258487,0.007975,1.043618,0.145409,0.000010,0.008409,0.174471,0.000001,1.570766,-0.016015,1.000000,1.100000,0.000000,0.000000,-1.571000,0.242472,0.992025,0.056382,1.022783
44.486000,-0.258191,0.007975,1.043635,0.148608,0.000010,0.008498,0.174473,0.000001,1.570766,-0.014132,1.000000,1.100000,0.000000,0.000000,-1.571000,0.244059,0.992025,0.056365,1.023159
44.488000,-0.257889,0.007975,1.043653,0.151800,0.000010,0.008583,0.174474,0.000001,1.570767,-0.012249,1.000000,1.100000,0.000000,0.000000,-1.571000,0.245640,0.992025,0.056347,1.023536
44.490000,-0.257580,0.007975,1.043670,0.154985,0.000010,0.008663,0.174473,0.000002,1.570767,-0.010365,1.000000,1.100000,0.000000,0.000000,-1.571000,0.247215,0.992025,0.056330,1.023915
44.492000,-0.257265,0.007975,1.043687,0.158164,0.000010,0.008740,0.174472,0.000002,1.570768,-0.008481,1.000000,1.100000,0.000000,0.000000,-1.571000,0.248784,0.992025,0.056313,1.024294
44.494000,-0.256944,0.007975,1.043705,0.161336,0.000010,0.008814,0.174470,0.000002,1.570768,-0.006597,1.000000,1.100000,0.000000,0.000000,-1.571000,0.250347,0.992025,0.056295,1.024673
44.496000,-0.256616,0.007976,1.043723,0.164502,0.000010,0.008884,0.174467,0.000002,1.570769,-0.004712,1.000000,1.100000,0.000000,0.000000,-1.571000,0.251904,0.992024,0.056277,1.025054
44.498000,-0.256282,0.007976,1.043741,0.167662,0.000010,0.008952,0.174463,0.000002,1.570769,-0.002827,1.000000,1.100000,0.000000,0.000000,-1.571000,0.253454,0.992024,0.056259,1.025435
44.500000,-0.255941,0.007976,1.043759,0.170815,0.000009,0.009017,0.174459,0.000002,1.570769,-0.000942,1.000000,1.100000,0.000000,0.000000,-1.571000,0.254999,0.992024,0.056241,1.025817
44.502000,-0.255595,0.007976,1.043777,0.173961,0.000009,0.009080,0.174453,0.000002,1.570770,0.000942,1.000000,1.100000,0.000000,0.000000,-1.571000,0.256537,0.992024,0.056223,1.026199
44.504000,-0.255242,0.007976,1.043795,0.177102,0.000009,0.009141,0.174447,0.000003,1.570770,0.002827,1.000000,1.100000,0.000000,0.000000,-1.571000,0.258069,0.992024,0.056205,1.026582
44.506000,-0.254882,0.007976,1.043813,0.180236,0.000009,0.009200,0.174441,0.000003,1.570770,0.004712,1.000000,1.100000,0.000000,0.000000,-1.571000,0.259595,0.992024,0.056187,1.026966
44.508000,-0.254517,0.007976,1.043832,0.183364,0.000009,0.009257,0.174434,0.000003,1.570771,0.006597,1.000000,1.100000,0.000000,0.000000,-1.571000,0.261114,0.992024,0.056168,1.027350
44.510000,-0.254145,0.007976,1.043850,0.186486,0.000009,0.009313,0.174427,0.000003,1.570771,0.008481,1.000000,1.100000,0.000000,0.000000,-1.571000,0.262626,0.992024,0.056150,1.027734
44.512000,-0.253767,0.007976,1.043869,0.189602,0.000009,0.009367,0.174419,0.000003,1.570771,0.010365,1.000000,1.100000,0.000000,0.000000,-1.571000,0.264132,0.992024,0.056131,1.028119
44.514000,-0.253383,0.007976,1.043888,0.192711,0.000009,0.009420,0.174411,0.000003,1.570771,0.012249,1.000000,1.100000,0.000000,0.000000,-1.571000,0.265632,0.992024,0.056112,1.028504
44.516000,-0.252992,0.007976,1.043907,0.195815,0.000009,0.009471,0.174402,0.000003,1.570772,0.014132,1.000000,1.100000,0.000000,0.000000,-1.571000,0.267124,0.992024,0.056093,1.028890
44.518000,-0.252596,0.007976,1.043926,0.198912,0.000009,0.009522,0.174394,0.000003,1.570772,0.016015,1.000000,1.100000,0.000000,0.000000,-1.571000,0.268610,0.992024,0.056074,1.029275
44.520000,-0.252193,0.007976,1.043945,0.202003,0.000009,0.009572,0.174385,0.000003,1.570772,0.017896,1.000000,1.100000,0.000000,0.000000,-1.571000,0.270089,0.992024,0.056055,1.029661
44.522000,-0.251784,0.007976,1.043964,0.205088,0.000009,0.009621,0.174376,0.000003,1.570772,0.019778,1.000000,1.100000,0.000000,0.000000,-1.571000,0.271561,0.992024,0.056036,1.030047
44.524000,-0.251369,0.007976,1.043984,0.208167,0.000009,0.009669,0.174366,0.000002,1.570772,0.021658,1.000000,1.100000,0.000000,0.000000,-1.571000,0.273027,0.992024,0.056016,1.030434
44.526000,-0.250947,0.007976,1.044003,0.211241,0.000009,0.009716,0.174357,0.000002,1.570772,0.023538,1.000000,1.100000,0.000000,0.000000,-1.571000,0.274485,0.992024,0.055997,1.030820
44.528000,-0.250520,0.007976,1.044023,0.214308,0.000009,0.009763,0.174347,0.000002,1.570772,0.025416,1.000000,1.100000,0.000000,0.000000,-1.571000,0.275936,0.992024,0.055977,1.031206
44.530000,-0.250086,0.007976,1.044042,0.217369,0.000009,0.009809,0.174338,0.000002,1.570772,0.027294,1.000000,1.100000,0.000000,0.000000,-1.571000,0.277380,0.992024,0.055958,1.031592
44.532000,-0.249646,0.007976,1.044062,0.220424,0.000009,0.009854,0.174328,0.000002,1.570772,0.029171,1.000000,1.100000,0.000000,0.000000,-1.571000,0.278817,0.992024,0.055938,1.031979
44.534000,-0.249200,0.007976,1.044082,0.223473,0.000009,0.009899,0.174319,0.000002,1.570772,0.031046,1.000000,1.100000,0.000000,0.000000,-1.571000,0.280247,0.992024,0.055918,1.032365
44.536000,-0.248748,0.007976,1.044102,0.226517,0.000008,0.009944,0.174310,0.000001,1.570772,0.032920,1.000000,1.100000,0.000000,0.000000,-1.571000,0.281669,0.992024,0.055898,1.032751
44.538000,-0.248290,0.007976,1.044122,0.229554,0.000008,0.009988,0.174300,0.000001,1.570772,0.034793,1.000000,1.100000,0.000000,0.000000,-1.571000,0.283084,0.992024,0.055878,1.033136
44.540000,-0.247826,0.007976,1.044142,0.232586,0.000008,0.010031,0.174291,0.000001,1.570772,0.036665,1.000000,1.100000,0.000000,0.000000,-1.571000,0.284491,0.992024,0.055858,1.033522
44.542000,-0.247356,0.007976,1.044162,0.235612,0.000008,0.010075,0.174282,0.000001,1.570772,0.038535,1.000000,1.100000,0.000000,0.000000,-1.571000,0.285891,0.992024,0.055838,1.033907
44.544000,-0.246880,0.007976,1.044182,0.238631,0.000008,0.010117,0.174273,0.000001,1.570772,0.040403,1.000000,1.100000,0.000000,0.000000,-1.571000,0.287283,0.992024,0.055818,1.034292
44.546000,-0.246398,0.007976,1.044202,0.241646,0.000008,0.010160,0.174265,0.000000,1.570772,0.042270,1.000000,1.100000,0.000000,0.000000,-1.571000,0.288668,0.992024,0.055798,1.034676
44.548000,-0.245909,0.007976,1.044223,0.244654,0.000008,0.010203,0.174256,0.000000,1.570772,0.044136,1.000000,1.100000,0.000000,0.000000,-1.571000,0.290045,0.992024,0.055777,1.035060
44.550000,-0.245415,0.007976,1.044243,0.247656,0.000008,0.010245,0.174248,0.000000,1.570772,0.045999,1.000000,1.100000,0.000000,0.000000,-1.571000,0.291414,0.992024,0.055757,1.035443
44.552000,-0.244915,0.007976,1.044264,0.250653,0.000008,0.010287,0.174240,-0.000000,1.570773,0.047861,1.000000,1.100000,0.000000,0.000000,-1.571000,0.292776,0.992024,0.055736,1.035826
44.554000,-0.244408,0.007976,1.044285,0.253644,0.000008,0.010328,0.174233,-0.000000,1.570773,0.049721,1.000000,1.100000,0.000000,0.000000,-1.571000,0.294129,0.992024,0.055715,1.036208
44.556000,-0.243896,0.007976,1.044305,0.256630,0.000008,0.010370,0.174226,-0.000000,1.570773,0.051579,1.000000,1.100000,0.000000,0.000000,-1.571000,0.295475,0.992024,0.055695,1.036590
44.558000,-0.243378,0.007976,1.044326,0.259609,0.000007,0.010411,0.174219,-0.000000,1.570773,0.053435,1.000000,1.100000,0.000000,0.000000,-1.571000,0.296812,0.992024,0.055674,1.036971
44.560000,-0.242854,0.007976,1.044347,0.262583,0.000007,0.010452,0.174213,-0.000000,1.570773,0.055288,1.000000,1.100000,0.000000,0.000000,-1.571000,0.298142,0.992024,0.055653,1.037351
44.562000,-0.242324,0.007976,1.044368,0.265551,0.000007,0.010491,0.174206,-0.000001,1.570773,0.057140,1.000000,1.100000,0.000000,0.000000,-1.571000,0.299463,0.992024,0.055632,1.037731
44.564000,-0.241787,0.007976,1.044389,0.268513,0.000007,0.010526,0.174199,-0.000001,1.570773,0.058989,1.000000,1.100000,0.000000,0.000000,-1.571000,0.300777,0.992024,0.055611,1.038109
44.566000,-0.241245,0.007976,1.044410,0.271468,0.000007,0.010558,0.174189,-0.000001,1.570773,0.060836,1.000000,1.100000,0.000000,0.000000,-1.571000,0.302082,0.992024,0.055590,1.038487
44.568000,-0.240698,0.007976,1.044431,0.274417,0.000007,0.010586,0.174177,-0.000001,1.570774,0.062681,1.000000,1.100000,0.000000,0.000000,-1.571000,0.303378,0.992024,0.055569,1.038864
44.570000,-0.240144,0.007976,1.044453,0.277360,0.000007,0.010611,0.174161,-0.000001,1.570774,0.064523,1.000000,1.100000,0.000000,0.000000,-1.571000,0.304667,0.992024,0.055547,1.039239
44.572000,-0.239584,0.007976,1.044474,0.280297,0.000007,0.010634,0.174141,-0.000001,1.570774,0.066362,1.000000,1.100000,0.000000,0.000000,-1.571000,0.305946,0.992024,0.055526,1.039614
44.574000,-0.239018,0.007976,1.044495,0.283227,0.000007,0.010654,0.174116,-0.000001,1.570774,0.068199,1.000000,1.100000,0.000000,0.000000,-1.571000,0.307218,0.992024,0.055505,1.039988
44.576000,-0.238447,0.007976,1.044517,0.286151,0.000007,0.010672,0.174085,-0.000001,1.570775,0.070034,1.000000,1.100000,0.000000,0.000000,-1.571000,0.308481,0.992024,0.055483,1.040361
44.578000,-0.237870,0.007976,1.044538,0.289069,0.000006,0.010687,0.174048,-0.000001,1.570775,0.071865,1.000000,1.100000,0.000000,0.000000,-1.571000,0.309735,0.992024,0.055462,1.040732
44.580000,-0.237287,0.007976,1.044559,0.291980,0.000006,0.010701,0.174004,-0.000000,1.570776,0.073694,1.000000,1.100000,0.000000,0.000000,-1.571000,0.310980,0.992024,0.055441,1.041102
44.582000,-0.236698,0.007976,1.044581,0.294884,0.000006,0.010714,0.173954,-0.000000,1.570776,0.075519,1.000000,1.100000,0.000000,0.000000,-1.571000,0.312217,0.992024,0.055419,1.041471
44.584000,-0.236103,0.007976,1.044602,0.297782,0.000006,0.010724,0.173897,-0.000000,1.570776,0.077342,1.000000,1.100000,0.000000,0.000000,-1.571000,0.313445,0.992024,0.055398,1.041839
44.586000,-0.235503,0.007976,1.044624,0.300673,0.000006,0.010734,0.173832,-0.000000,1.570777,0.079162,1.000000,1.100000,0.000000,0.000000,-1.571000,0.314665,0.992024,0.055376,1.042205
44.588000,-0.234896,0.007976,1.044645,0.303557,0.000006,0.010743,0.173760,0.000000,1.570777,0.080978,1.000000,1.100000,0.000000,0.000000,-1.571000,0.315875,0.992024,0.055355,1.042570
44.590000,-0.234284,0.007976,1.044667,0.306434,0.000006,0.010751,0.173680,0.000000,1.570778,0.082792,1.000000,1.100000,0.000000,0.000000,-1.571000,0.317076,0.992024,0.055333,1.042933
44.592000,-0.233667,0.007976,1.044688,0.309304,0.000006,0.010757,0.173593,0.000000,1.570778,0.084602,1.000000,1.100000,0.000000,0.000000,-1.571000,0.318268,0.992024,0.055312,1.043295
44.594000,-0.233043,0.007976,1.044710,0.312166,0.000006,0.010764,0.173498,0.000000,1.570779,0.086409,1.000000,1.100000,0.000000,0.000000,-1.571000,0.319452,0.992024,0.055290,1.043656
44.596000,-0.232414,0.007976,1.044731,0.315022,0.000006,0.010769,0.173395,0.000000,1.570780,0.088212,1.000000,1.100000,0.000000,0.000000,-1.571000,0.320626,0.992024,0.055269,1.044015
44.598000,-0.231779,0.007976,1.044753,0.317870,0.000006,0.010775,0.173285,0.000000,1.570780,0.090012,1.000000,1.100000,0.000000,0.000000,-1.571000,0.321791,0.992024,0.055247,1.044372
44.600000,-0.231138,0.007976,1.044775,0.320710,0.000006,0.010780,0.173168,0.000001,1.570781,0.091808,1.000000,1.100000,0.000000,0.000000,-1.571000,0.322946,0.992024,0.055225,1.044727
44.602000,-0.230492,0.007976,1.044796,0.323543,0.000006,0.010784,0.173043,0.000000,1.570781,0.093601,1.000000,1.100000,0.000000,0.000000,-1.571000,0.324093,0.992024,0.055204,1.045081
44.604000,-0.229840,0.007976,1.044818,0.326367,0.000006,0.010789,0.172911,0.000000,1.570782,0.095390,1.000000,1.100000,0.000000,0.000000,-1.571000,0.325230,0.992024,0.055182,1.045433
44.606000,-0.229182,0.007976,1.044839,0.329184,0.000005,0.010793,0.172772,0.000000,1.570782,0.097175,1.000000,1.100000,0.000000,0.000000,-1.571000,0.326357,0.992024,0.055161,1.045783
44.608000,-0.228519,0.007976,1.044861,0.331993,0.000005,0.010798,0.172626,0.000000,1.570783,0.098957,1.000000,1.100000,0.000000,0.000000,-1.571000,0.327476,0.992024,0.055139,1.046132
44.610000,-0.227850,0.007976,1.044883,0.334793,0.000005,0.010802,0.172474,0.000000,1.570783,0.100734,1.000000,1.100000,0.000000,0.000000,-1.571000,0.328584,0.992024,0.055117,1.046478
44.612000,-0.227176,0.007976,1.044904,0.337586,0.000005,0.010807,0.172316,-0.000000,1.570784,0.102508,1.000000,1.100000,0.000000,0.000000,-1.571000,0.329683,0.992024,0.055096,1.046823
44.614000,-0.226496,0.007976,1.044926,0.340370,0.000005,0.010812,0.172152,-0.000000,1.570785,0.104277,1.000000,1.100000,0.000000,0.000000,-1.571000,0.330773,0.992024,0.055074,1.047165
44.616000,-0.225810,0.007976,1.044947,0.343145,0.000005,0.010817,0.171983,-0.000000,1.570785,0.106042,1.000000,1.100000,0.000000,0.000000,-1.571000,0.331853,0.992024,0.055053,1.047505
44.618000,-0.225119,0.007976,1.044969,0.345912,0.000005,0.010822,0.171809,-0.000001,1.570786,0.107804,1.000000,1.100000,0.000000,0.000000,-1.571000,0.332923,0.992024,0.055031,1.047844
44.620000,-0.224422,0.007976,1.044991,0.348670,0.000005,0.010828,0.171630,-0.000001,1.570786,0.109561,1.000000,1.100000,0.000000,0.000000,-1.571000,0.333983,0.992024,0.055009,1.048180
44.622000,-0.223720,0.007976,1.045013,0.351419,0.000005,0.010830,0.171445,-0.000001,1.570787,0.111313,1.000000,1.100000,0.000000,0.000000,-1.571000,0.335033,0.992024,0.054987,1.048514
44.624000,-0.223012,0.007976,1.045034,0.354158,0.000005,0.010824,0.171253,-0.000001,1.570787,0.113061,1.000000,1.100000,0.000000,0.000000,-1.571000,0.336074,0.992024,0.054966,1.048846
44.626000,-0.222299,0.007976,1.045056,0.356887,0.000005,0.010812,0.171051,-0.000001,1.570788,0.114805,1.000000,1.100000,0.000000,0.000000,-1.571000,0.337104,0.992024,0.054944,1.049175
44.628000,-0.221581,0.007976,1.045077,0.359605,0.000005,0.010794,0.170837,-0.000002,1.570788,0.116544,1.000000,1.100000,0.000000,0.000000,-1.571000,0.338125,0.992024,0.054923,1.049503
44.630000,-0.220857,0.007976,1.045099,0.362313,0.000005,0.010770,0.170609,-0.000002,1.570789,0.118279,1.000000,1.100000,0.000000,0.000000,-1.571000,0.339136,0.992024,0.054901,1.049827
44.632000,-0.220127,0.007976,1.045121,0.365010,0.000005,0.010742,0.170366,-0.000002,1.570789,0.120009,1.000000,1.100000,0.000000,0.000000,-1.571000,0.340136,0.992024,0.054879,1.050150
44.634000,-0.219393,0.007976,1.045142,0.367697,0.000005,0.010709,0.170106,-0.000002,1.570790,0.121734,1.000000,1.100000,0.000000,0.000000,-1.571000,0.341126,0.992024,0.054858,1.050470
44.636000,-0.218652,0.007977,1.045163,0.370373,0.000005,0.010673,0.169829,-0.000003,1.570790,0.123454,1.000000,1.100000,0.000000,0.000000,-1.571000,0.342107,0.992023,0.054837,1.050788
44.638000,-0.217907,0.007977,1.045185,0.373038,0.000004,0.010634,0.169533,-0.000003,1.570791,0.125170,1.000000,1.100000,0.000000,0.000000,-1.571000,0.343077,0.992023,0.054815,1.051103
44.640000,-0.217156,0.007977,1.045206,0.375691,0.000004,0.010593,0.169218,-0.000003,1.570791,0.126880,1.000000,1.100000,0.000000,0.000000,-1.571000,0.344036,0.992023,0.054794,1.051415
44.642000,-0.216400,0.007977,1.045227,0.378333,0.000004,0.010549,0.168883,-0.000003,1.570792,0.128586,1.000000,1.100000,0.000000,0.000000,-1.571000,0.344986,0.992023,0.054773,1.051725
44.644000,-0.215639,0.007977,1.045248,0.380962,0.000004,0.010503,0.168529,-0.000003,1.570793,0.130286,1.000000,1.100000,0.000000,0.000000,-1.571000,0.345925,0.992023,0.054752,1.052033
44.646000,-0.214872,0.007977,1.045269,0.383579,0.000004,0.010456,0.168154,-0.000004,1.570793,0.131982,1.000000,1.100000,0.000000,0.000000,-1.571000,0.346854,0.992023,0.054731,1.052337
44.648000,-0.214100,0.007977,1.045290,0.386184,0.000004,0.010408,0.167759,-0.000004,1.570794,0.133672,1.000000,1.100000,0.000000,0.000000,-1.571000,0.347772,0.992023,0.054710,1.052639
44.650000,-0.213323,0.007977,1.045311,0.388775,0.000004,0.010359,0.167343,-0.000004,1.570795,0.135357,1.000000,1.100000,0.000000,0.000000,-1.571000,0.348680,0.992023,0.054689,1.052938
44.652000,-0.212541,0.007977,1.045331,0.391353,0.000004,0.010309,0.166908,-0.000004,1.570796,0.137036,1.000000,1.100000,0.000000,0.000000,-1.571000,0.349577,0.992023,0.054669,1.053235
44.654000,-0.211754,0.007977,1.045352,0.393917,0.000004,0.010259,0.166453,-0.000004,1.570796,0.138710,1.000000,1.100000,0.000000,0.000000,-1.571000,0.350464,0.992023,0.054648,1.053528
44.656000,-0.210961,0.007977,1.045372,0.396468,0.000004,0.010208,0.165979,-0.000005,1.570797,0.140379,1.000000,1.100000,0.000000,0.000000,-1.571000,0.351340,0.992023,0.054628,1.053819
44.658000,-0.210164,0.007977,1.045393,0.399004,0.000004,0.010158,0.165486,-0.000005,1.570798,0.142042,1.000000,1.100000,0.000000,0.000000,-1.571000,0.352206,0.992023,0.054607,1.054107
44.660000,-0.209361,0.007977,1.045413,0.401525,0.000003,0.010109,0.164976,-0.000005,1.570798,0.143699,1.000000,1.100000,0.000000,0.000000,-1.571000,0.353061,0.992023,0.054587,1.054392
44.662000,-0.208553,0.007977,1.045433,0.404031,0.000003,0.010059,0.164448,-0.000005,1.570799,0.145351,1.000000,1.100000,0.000000,0.000000,-1.571000,0.353905,0.992023,0.054567,1.054674
44.664000,-0.207741,0.007977,1.045453,0.406522,0.000003,0.010011,0.163903,-0.000005,1.570800,0.146997,1.000000,1.100000,0.000000,0.000000,-1.571000,0.354738,0.992023,0.054547,1.054953
44.666000,-0.206923,0.007977,1.045473,0.408998,0.000003,0.009963,0.163343,-0.000005,1.570800,0.148638,1.000000,1.100000,0.000000,0.000000,-1.571000,0.355561,0.992023,0.054527,1.055228
44.668000,-0.206101,0.007977,1.045493,0.411458,0.000003,0.009916,0.162769,-0.000005,1.570801,0.150272,1.000000,1.100000,0.000000,0.000000,-1.571000,0.356373,0.992023,0.054507,1.055501
44.670000,-0.205273,0.007977,1.045513,0.413902,0.000003,0.009870,0.162180,-0.000006,1.570802,0.151900,1.000000,1.100000,0.000000,0.000000,-1.571000,0.357174,0.992023,0.054487,1.055771
44.672000,-0.204441,0.007977,1.045533,0.416329,0.000003,0.009826,0.161579,-0.000006,1.570802,0.153523,1.000000,1.100000,0.000000,0.000000,-1.571000,0.357964,0.992023,0.054467,1.056038
44.674000,-0.203604,0.007977,1.045552,0.418740,0.000003,0.009783,0.160966,-0.000006,1.570802,0.155139,1.000000,1.100000,0.000000,0.000000,-1.571000,0.358743,0.992023,0.054448,1.056301
44.676000,-0.202762,0.007977,1.045572,0.421135,0.000003,0.009741,0.160343,-0.000006,1.570803,0.156750,1.000000,1.100000,0.000000,0.000000,-1.571000,0.359512,0.992023,0.054428,1.056561
44.678000,-0.201915,0.007977,1.045591,0.423513,0.000003,0.009701,0.159710,-0.000006,1.570803,0.158354,1.000000,1.100000,0.000000,0.000000,-1.571000,0.360269,0.992023,0.054409,1.056818
44.680000,-0.201064,0.007977,1.045610,0.425874,0.000003,0.009662,0.159069,-0.000006,1.570803,0.159951,1.000000,1.100000,0.000000,0.000000,-1.571000,0.361015,0.992023,0.054390,1.057072
44.682000,-0.200208,0.007977,1.045630,0.428217,0.000002,0.009620,0.158419,-0.000006,1.570804,0.161543,1.000000,1.100000,0.000000,0.000000,-1.571000,0.361751,0.992023,0.054370,1.057322
44.684000,-0.199347,0.007977,1.045649,0.430542,0.000002,0.009572,0.157759,-0.000006,1.570804,0.163128,1.000000,1.100000,0.000000,0.000000,-1.571000,0.362475,0.992023,0.054351,1.057569
44.686000,-0.198482,0.007977,1.045668,0.432848,0.000002,0.009517,0.157087,-0.000006,1.570804,0.164707,1.000000,1.100000,0.000000,0.000000,-1.571000,0.363188,0.992023,0.054332,1.057813
44.688000,-0.197612,0.007977,1.045687,0.435135,0.000002,0.009458,0.156400,-0.000005,1.570804,0.166279,1.000000,1.100000,0.000000,0.000000,-1.571000,0.363891,0.992023,0.054313,1.058053
44.690000,-0.196737,0.007977,1.045706,0.437404,0.000002,0.009394,0.155698,-0.000005,1.570804,0.167845,1.000000,1.100000,0.000000,0.000000,-1.571000,0.364582,0.992023,0.054294,1.058290
44.692000,-0.195858,0.007977,1.045725,0.439654,0.000002,0.009326,0.154978,-0.000005,1.570804,0.169404,1.000000,1.100000,0.000000,0.000000,-1.571000,0.365262,0.992023,0.054275,1.058524
44.694000,-0.194974,0.007977,1.045743,0.441884,0.000002,0.009256,0.154241,-0.000005,1.570804,0.170956,1.000000,1.100000,0.000000,0.000000,-1.571000,0.365930,0.992023,0.054257,1.058754
44.696000,-0.194086,0.007977,1.045762,0.444096,0.000002,0.009183,0.153486,-0.000005,1.570804,0.172502,1.000000,1.100000,0.000000,0.000000,-1.571000,0.366588,0.992023,0.054238,1.058980
44.698000,-0.193194,0.007977,1.045780,0.446287,0.000002,0.009107,0.152711,-0.000005,1.570805,0.174040,1.000000,1.100000,0.000000,0.000000,-1.571000,0.367234,0.992023,0.054220,1.059203
44.700000,-0.192297,0.007977,1.045798,0.448459,0.000002,0.009031,0.151918,-0.000005,1.570805,0.175572,1.000000,1.100000,0.000000,0.000000,-1.571000,0.367870,0.992023,0.054202,1.059423
44.702000,-0.191396,0.007977,1.045816,0.450610,0.000002,0.008953,0.151105,-0.000005,1.570805,0.177097,1.000000,1.100000,0.000000,0.000000,-1.571000,0.368493,0.992023,0.054184,1.059638
44.704000,-0.190491,0.007977,1.045834,0.452742,0.000002,0.008874,0.150273,-0.000004,1.570805,0.178615,1.000000,1.100000,0.000000,0.000000,-1.571000,0.369106,0.992023,0.054166,1.059851
44.706000,-0.189581,0.007977,1.045851,0.454852,0.000001,0.008795,0.149423,-0.000004,1.570805,0.180126,1.000000,1.100000,0.000000,0.000000,-1.571000,0.369707,0.992023,0.054149,1.060059
44.708000,-0.188668,0.007977,1.045869,0.456941,0.000001,0.008716,0.148554,-0.000004,1.570805,0.181630,1.000000,1.100000,0.000000,0.000000,-1.571000,0.370298,0.992023,0.054131,1.060264
44.710000,-0.187750,0.007977,1.045886,0.459009,0.000001,0.008637,0.147668,-0.000004,1.570805,0.183127,1.000000,1.100000,0.000000,0.000000,-1.571000,0.370876,0.992023,0.054114,1.060466
44.712000,-0.186828,0.007977,1.045903,0.461056,0.000001,0.008558,0.146765,-0.000003,1.570805,0.184616,1.000000,1.100000,0.000000,0.000000,-1.571000,0.371444,0.992023,0.054097,1.060663
44.714000,-0.185902,0.007977,1.045920,0.463081,0.000001,0.008480,0.145845,-0.000003,1.570805,0.186098,1.000000,1.100000,0.000000,0.000000,-1.571000,0.372000,0.992023,0.054080,1.060857
44.716000,-0.184972,0.007977,1.045937,0.465083,0.000001,0.008403,0.144911,-0.000003,1.570805,0.187573,1.000000,1.100000,0.000000,0.000000,-1.571000,0.372544,0.992023,0.054063,1.061048
44.718000,-0.184037,0.007977,1.045954,0.467064,0.000001,0.008328,0.143962,-0.000003,1.570805,0.189040,1.000000,1.100000,0.000000,0.000000,-1.571000,0.373078,0.992023,0.054046,1.061234
44.720000,-0.183099,0.007977,1.045970,0.469022,0.000001,0.008253,0.143000,-0.000003,1.570805,0.190500,1.000000,1.100000,0.000000,0.000000,-1.571000,0.373600,0.992023,0.054030,1.061417
44.722000,-0.182158,0.007977,1.045987,0.470957,0.000001,0.008180,0.142027,-0.000002,1.570805,0.191952,1.000000,1.100000,0.000000,0.000000,-1.571000,0.374110,0.992023,0.054013,1.061596
44.724000,-0.181212,0.007977,1.046003,0.472870,0.000001,0.008109,0.141042,-0.000002,1.570805,0.193397,1.000000,1.100000,0.000000,0.000000,-1.571000,0.374609,0.992023,0.053997,1.061771
44.726000,-0.180262,0.007977,1.046019,0.474759,0.000001,0.008039,0.140048,-0.000002,1.570805,0.194834,1.000000,1.100000,0.000000,0.000000,-1.571000,0.375097,0.992023,0.053981,1.061942
44.728000,-0.179309,0.007977,1.046035,0.476625,0.000001,0.007971,0.139046,-0.000002,1.570805,0.196264,1.000000,1.100000,0.000000,0.000000,-1.571000,0.375573,0.992023,0.053965,1.062110
44.730000,-0.178352,0.007977,1.046051,0.478469,0.000001,0.007905,0.138038,-0.000002,1.570804,0.197686,1.000000,1.100000,0.000000,0.000000,-1.571000,0.376038,0.992023,0.053949,1.062273
44.732000,-0.177391,0.007977,1.046067,0.480289,0.000001,0.007841,0.137023,-0.000002,1.570804,0.199100,1.000000,1.100000,0.000000,0.000000,-1.571000,0.376491,0.992023,0.053933,1.062433
44.734000,-0.176427,0.007977,1.046082,0.482085,0.000001,0.007779,0.136005,-0.000002,1.570804,0.200506,1.000000,1.100000,0.000000,0.000000,-1.571000,0.376933,0.992023,0.053918,1.062589
44.736000,-0.175459,0.007977,1.046098,0.483859,0.000001,0.007720,0.134984,-0.000002,1.570803,0.201904,1.000000,1.100000,0.000000,0.000000,-1.571000,0.377363,0.992023,0.053902,1.062741
44.738000,-0.174488,0.007977,1.046113,0.485609,0.000001,0.007662,0.133963,-0.000002,1.570802,0.203294,1.000000,1.100000,0.000000,0.000000,-1.571000,0.377782,0.992023,0.053887,1.062889
44.740000,-0.173513,0.007977,1.046129,0.487336,0.000001,0.007607,0.132941,-0.000002,1.570802,0.204676,1.000000,1.100000,0.000000,0.000000,-1.571000,0.378189,0.992023,0.053871,1.063033
44.742000,-0.172535,0.007977,1.046144,0.489039,0.000001,0.007554,0.131922,-0.000002,1.570801,0.206050,1.000000,1.100000,0.000000,0.000000,-1.571000,0.378585,0.992023,0.053856,1.063173
44.744000,-0.171554,0.007977,1.046159,0.490720,0.000001,0.007503,0.130906,-0.000002,1.570800,0.207416,1.000000,1.100000,0.000000,0.000000,-1.571000,0.378970,0.992023,0.053841,1.063309
44.746000,-0.170569,0.007977,1.046174,0.492377,0.000001,0.007455,0.129894,-0.000002,1.570799,0.208774,1.000000,1.100000,0.000000,0.000000,-1.571000,0.379342,0.992023,0.053826,1.063442
44.748000,-0.169580,0.007977,1.046189,0.494012,0.000001,0.007409,0.128888,-0.000002,1.570798,0.210123,1.000000,1.100000,0.000000,0.000000,-1.571000,0.379704,0.992023,0.053811,1.063570
44.750000,-0.168589,0.007977,1.046203,0.495623,0.000001,0.007365,0.127890,-0.000002,1.570797,0.211465,1.000000,1.100000,0.000000,0.000000,-1.571000,0.380054,0.992023,0.053797,1.063694
44.752000,-0.167594,0.007977,1.046218,0.497213,0.000001,0.007323,0.126900,-0.000002,1.570795,0.212797,1.000000,1.100000,0.000000,0.000000,-1.571000,0.380392,0.992023,0.053782,1.063814
44.754000,-0.166597,0.007977,1.046233,0.498780,0.000001,0.007284,0.125920,-0.000002,1.570794,0.214122,1.000000,1.100000,0.000000,0.000000,-1.571000,0.380718,0.992023,0.053767,1.063930
44.756000,-0.165596,0.007977,1.046247,0.500325,0.000001,0.007247,0.124951,-0.000002,1.570792,0.215438,1.000000,1.100000,0.000000,0.000000,-1.571000,0.381034,0.992023,0.053753,1.064042
44.758000,-0.164592,0.007977,1.046262,0.501848,0.000001,0.007212,0.123994,-0.000002,1.570791,0.216745,1.000000,1.100000,0.000000,0.000000,-1.571000,0.381337,0.992023,0.053738,1.064150
44.760000,-0.163585,0.007977,1.046276,0.503350,0.000000,0.007179,0.123050,-0.000002,1.570789,0.218044,1.000000,1.100000,0.000000,0.000000,-1.571000,0.381629,0.992023,0.053724,1.064254
44.762000,-0.162575,0.007977,1.046290,0.504830,0.000000,0.007144,0.122120,-0.000002,1.570788,0.219335,1.000000,1.100000,0.000000,0.000000,-1.571000,0.381910,0.992023,0.053710,1.064354
44.764000,-0.161562,0.007977,1.046305,0.506288,0.000000,0.007103,0.121201,-0.000002,1.570786,0.220616,1.000000,1.100000,0.000000,0.000000,-1.571000,0.382178,0.992023,0.053695,1.064450
44.766000,-0.160546,0.007977,1.046319,0.507725,0.000000,0.007057,0.120292,-0.000002,1.570784,0.221889,1.000000,1.100000,0.000000,0.000000,-1.571000,0.382436,0.992023,0.053681,1.064542
44.768000,-0.159528,0.007977,1.046333,0.509140,0.000000,0.007006,0.119390,-0.000002,1.570782,0.223154,1.000000,1.100000,0.000000,0.000000,-1.571000,0.382681,0.992023,0.053667,1.064629
44.770000,-0.158506,0.007977,1.046347,0.510535,0.000000,0.006951,0.118494,-0.000002,1.570781,0.224409,1.000000,1.100000,0.000000,0.000000,-1.571000,0.382915,0.992023,0.053653,1.064713
44.772000,-0.157482,0.007977,1.046361,0.511908,0.000000,0.006892,0.117603,-0.000002,1.570779,0.225655,1.000000,1.100000,0.000000,0.000000,-1.571000,0.383138,0.992023,0.053639,1.064792
44.774000,-0.156455,0.007977,1.046374,0.513262,-0.000000,0.006831,0.116717,-0.000002,1.570778,0.226893,1.000000,1.100000,0.000000,0.000000,-1.571000,0.383348,0.992023,0.053626,1.064867
44.776000,-0.155426,0.007977,1.046388,0.514594,-0.000000,0.006766,0.115832,-0.000002,1.570776,0.228122,1.000000,1.100000,0.000000,0.000000,-1.571000,0.383547,0.992023,0.053612,1.064938
44.778000,-0.154393,0.007977,1.046401,0.515907,-0.000000,0.006700,0.114950,-0.000002,1.570775,0.229341,1.000000,1.100000,0.000000,0.000000,-1.571000,0.383735,0.992023,0.053599,1.065005
44.780000,-0.153359,0.007977,1.046415,0.517200,-0.000000,0.006632,0.114069,-0.000002,1.570773,0.230552,1.000000,1.100000,0.000000,0.000000,-1.571000,0.383911,0.992023,0.053585,1.065068
44.782000,-0.152321,0.007977,1.046428,0.518472,-0.000000,0.006563,0.113189,-0.000002,1.570772,0.231754,1.000000,1.100000,0.000000,0.000000,-1.571000,0.384075,0.992023,0.053572,1.065126
44.784000,-0.151281,0.007977,1.046441,0.519725,-0.000000,0.006492,0.112310,-0.000002,1.570771,0.232946,1.000000,1.100000,0.000000,0.000000,-1.571000,0.384227,0.992023,0.053559,1.065180
44.786000,-0.150239,0.007977,1.046454,0.520958,-0.000001,0.006421,0.111431,-0.000002,1.570769,0.234129,1.000000,1.100000,0.000000,0.000000,-1.571000,0.384368,0.992023,0.053546,1.065231
44.788000,-0.149194,0.007977,1.046466,0.522171,-0.000001,0.006349,0.110552,-0.000002,1.570768,0.235303,1.000000,1.100000,0.000000,0.000000,-1.571000,0.384497,0.992023,0.053534,1.065277
44.790000,-0.148147,0.007977,1.046479,0.523364,-0.000001,0.006277,0.109672,-0.000002,1.570767,0.236468,1.000000,1.100000,0.000000,0.000000,-1.571000,0.384615,0.992023,0.053521,1.065318
44.792000,-0.147098,0.007977,1.046492,0.524538,-0.000001,0.006205,0.108793,-0.000002,1.570767,0.237623,1.000000,1.100000,0.000000,0.000000,-1.571000,0.384721,0.992023,0.053508,1.065356
44.794000,-0.146046,0.007977,1.046504,0.525692,-0.000001,0.006133,0.107914,-0.000002,1.570766,0.238769,1.000000,1.100000,0.000000,0.000000,-1.571000,0.384815,0.992023,0.053496,1.065389
44.796000,-0.144992,0.007977,1.046516,0.526827,-0.000001,0.006061,0.107035,-0.000002,1.570765,0.239905,1.000000,1.100000,0.000000,0.000000,-1.571000,0.384897,0.992023,0.053484,1.065418
44.798000,-0.143935,0.007977,1.046528,0.527943,-0.000001,0.005990,0.106157,-0.000002,1.570765,0.241032,1.000000,1.100000,0.000000,0.000000,-1.571000,0.384968,0.992023,0.053472,1.065443
44.800000,-0.142877,0.007977,1.046540,0.529039,-0.000001,0.005918,0.105279,-0.000002,1.570764,0.242150,1.000000,1.100000,0.000000,0.000000,-1.571000,0.385027,0.992023,0.053460,1.065464
44.802000,-0.141816,0.007977,1.046552,0.530116,-0.000001,0.005848,0.104403,-0.000002,1.570764,0.243258,1.000000,1.100000,0.000000,0.000000,-1.571000,0.385074,0.992023,0.053448,1.065480
44.804000,-0.140753,0.007977,1.046563,0.531173,-0.000001,0.005778,0.103528,-0.000003,1.570763,0.244356,1.000000,1.100000,0.000000,0.000000,-1.571000,0.385109,0.992023,0.053437,1.065493
44.806000,-0.139688,0.007977,1.046575,0.532211,-0.000002,0.005710,0.102655,-0.000003,1.570763,0.245445,1.000000,1.100000,0.000000,0.000000,-1.571000,0.385133,0.992023,0.053425,1.065501
44.808000,-0.138621,0.007977,1.046586,0.533231,-0.000002,0.005642,0.101784,-0.000003,1.570763,0.246524,1.000000,1.100000,0.000000,0.000000,-1.571000,0.385145,0.992023,0.053414,1.065504
44.810000,-0.137552,0.007977,1.046597,0.534231,-0.000002,0.005575,0.100917,-0.000003,1.570763,0.247593,1.000000,1.100000,0.000000,0.000000,-1.571000,0.385145,0.992023,0.053403,1.065504
44.812000,-0.136481,0.007977,1.046608,0.535213,-0.000002,0.005509,0.100052,-0.000003,1.570763,0.248653,1.000000,1.100000,0.000000,0.000000,-1.571000,0.385134,0.992023,0.053392,1.065499
44.814000,-0.135408,0.007977,1.046619,0.536176,-0.000002,0.005444,0.099192,-0.000003,1.570763,0.249702,1.000000,1.100000,0.000000,0.000000,-1.571000,0.385110,0.992023,0.053381,1.065490
44.816000,-0.134333,0.007977,1.046630,0.537120,-0.000002,0.005380,0.098336,-0.000004,1.570763,0.250742,1.000000,1.100000,0.000000,0.000000,-1.571000,0.385075,0.992023,0.053370,1.065477
44.818000,-0.133256,0.007977,1.046641,0.538045,-0.000002,0.005318,0.097485,-0.000004,1.570763,0.251772,1.000000,1.100000,0.000000,0.000000,-1.571000,0.385029,0.992023,0.053359,1.065460
44.820000,-0.132178,0.007977,1.046651,0.538953,-0.000002,0.005256,0.096639,-0.000004,1.570763,0.252792,1.000000,1.100000,0.000000,0.000000,-1.571000,0.384970,0.992023,0.053349,1.065438
44.822000,-0.131098,0.007977,1.046662,0.539842,-0.000003,0.005194,0.095799,-0.000004,1.570763,0.253802,1.000000,1.100000,0.000000,0.000000,-1.571000,0.384900,0.992023,0.053338,1.065412
44.824000,-0.130016,0.007977,1.046672,0.540712,-0.000003,0.005128,0.094961,-0.000005,1.570763,0.254802,1.000000,1.100000,0.000000,0.000000,-1.571000,0.384818,0.992023,0.053328,1.065382
44.826000,-0.128932,0.007977,1.046682,0.541564,-0.000003,0.005059,0.094123,-0.000005,1.570764,0.255792,1.000000,1.100000,0.000000,0.000000,-1.571000,0.384724,0.992023,0.053318,1.065348
44.828000,-0.127846,0.007977,1.046692,0.542398,-0.000003,0.004988,0.093281,-0.000005,1.570764,0.256772,1.000000,1.100000,0.000000,0.000000,-1.571000,0.384618,0.992023,0.053308,1.065309
44.830000,-0.126759,0.007977,1.046702,0.543213,-0.000003,0.004915,0.092435,-0.000005,1.570764,0.257742,1.000000,1.100000,0.000000,0.000000,-1.571000,0.384501,0.992023,0.053298,1.065266
44.832000,-0.125670,0.007977,1.046712,0.544010,-0.000003,0.004841,0.091583,-0.000006,1.570765,0.258701,1.000000,1.100000,0.000000,0.000000,-1.571000,0.384372,0.992023,0.053288,1.065219
44.834000,-0.124580,0.007977,1.046721,0.544789,-0.000003,0.004765,0.090722,-0.000006,1.570765,0.259650,1.000000,1.100000,0.000000,0.000000,-1.571000,0.384231,0.992023,0.053279,1.065168
44.836000,-0.123488,0.007977,1.046731,0.545549,-0.000004,0.004687,0.089852,-0.000006,1.570766,0.260589,1.000000,1.100000,0.000000,0.000000,-1.571000,0.384078,0.992023,0.053269,1.065112
44.838000,-0.122395,0.007977,1.046740,0.546290,-0.000004,0.004609,0.088971,-0.000006,1.570767,0.261518,1.000000,1.100000,0.000000,0.000000,-1.571000,0.383913,0.992023,0.053260,1.065052
44.840000,-0.121300,0.007977,1.046749,0.547013,-0.000004,0.004531,0.088080,-0.000007,1.570768,0.262437,1.000000,1.100000,0.000000,0.000000,-1.571000,0.383737,0.992023,0.053251,1.064988
44.842000,-0.120204,0.007977,1.046758,0.547716,-0.000004,0.004452,0.087176,-0.000007,1.570768,0.263345,1.000000,1.100000,0.000000,0.000000,-1.571000,0.383549,0.992023,0.053242,1.064920
44.844000,-0.119107,0.007977,1.046767,0.548401,-0.000004,0.004373,0.086261,-0.000008,1.570769,0.264242,1.000000,1.100000,0.000000,0.000000,-1.571000,0.383349,0.992023,0.053233,1.064848
44.846000,-0.118008,0.007977,1.046776,0.549066,-0.000005,0.004293,0.085333,-0.000008,1.570770,0.265130,1.000000,1.100000,0.000000,0.000000,-1.571000,0.383137,0.992023,0.053224,1.064771
44.848000,-0.116907,0.007977,1.046784,0.549711,-0.000005,0.004214,0.084393,-0.000008,1.570771,0.266006,1.000000,1.100000,0.000000,0.000000,-1.571000,0.382914,0.992023,0.053216,1.064690
44.850000,-0.115806,0.007977,1.046792,0.550337,-0.000005,0.004136,0.083441,-0.000009,1.570772,0.266873,1.000000,1.100000,0.000000,0.000000,-1.571000,0.382679,0.992023,0.053208,1.064605
44.852000,-0.114703,0.007977,1.046800,0.550943,-0.000005,0.004057,0.082476,-0.000009,1.570773,0.267729,1.000000,1.100000,0.000000,0.000000,-1.571000,0.382432,0.992023,0.053200,1.064516
44.854000,-0.113599,0.007977,1.046809,0.551529,-0.000005,0.003980,0.081500,-0.000010,1.570774,0.268574,1.000000,1.100000,0.000000,0.000000,-1.571000,0.382173,0.992023,0.053191,1.064423
44.856000,-0.112494,0.007977,1.046816,0.552095,-0.000006,0.003903,0.080513,-0.000010,1.570775,0.269408,1.000000,1.100000,0.000000,0.000000,-1.571000,0.381903,0.992023,0.053184,1.064325
44.858000,-0.111388,0.007977,1.046824,0.552640,-0.000006,0.003826,0.079515,-0.000011,1.570776,0.270232,1.000000,1.100000,0.000000,0.000000,-1.571000,0.381621,0.992023,0.053176,1.064224
44.860000,-0.110281,0.007977,1.046832,0.553165,-0.000006,0.003751,0.078508,-0.000011,1.570778,0.271045,1.000000,1.100000,0.000000,0.000000,-1.571000,0.381327,0.992023,0.053168,1.064118
44.862000,-0.109173,0.007977,1.046839,0.553669,-0.000006,0.003677,0.077492,-0.000012,1.570779,0.271848,1.000000,1.100000,0.000000,0.000000,-1.571000,0.381021,0.992023,0.053161,1.064008
44.864000,-0.108064,0.007977,1.046846,0.554152,-0.000006,0.003603,0.076467,-0.000012,1.570780,0.272640,1.000000,1.100000,0.000000,0.000000,-1.571000,0.380704,0.992023,0.053154,1.063894
44.866000,-0.106954,0.007977,1.046853,0.554614,-0.000007,0.003531,0.075435,-0.000013,1.570781,0.273421,1.000000,1.100000,0.000000,0.000000,-1.571000,0.380375,0.992023,0.053147,1.063776
44.868000,-0.105843,0.007976,1.046860,0.555055,-0.000007,0.003459,0.074397,-0.000013,1.570782,0.274191,1.000000,1.100000,0.000000,0.000000,-1.571000,0.380034,0.992024,0.053140,1.063654
44.870000,-0.104731,0.007976,1.046867,0.555475,-0.000007,0.003389,0.073354,-0.000014,1.570783,0.274951,1.000000,1.100000,0.000000,0.000000,-1.571000,0.379682,0.992024,0.053133,1.063528
44.872000,-0.103618,0.007976,1.046874,0.555873,-0.000008,0.003320,0.072307,-0.000014,1.570783,0.275699,1.000000,1.100000,0.000000,0.000000,-1.571000,0.379317,0.992024,0.053126,1.063398
44.874000,-0.102505,0.007976,1.046880,0.556251,-0.000008,0.003252,0.071257,-0.000014,1.570784,0.276437,1.000000,1.100000,0.000000,0.000000,-1.571000,0.378942,0.992024,0.053120,1.063263
44.876000,-0.101391,0.007976,1.046887,0.556607,-0.000008,0.003185,0.070205,-0.000015,1.570785,0.277164,1.000000,1.100000,0.000000,0.000000,-1.571000,0.378554,0.992024,0.053113,1.063125
44.878000,-0.100276,0.007976,1.046893,0.556942,-0.000008,0.003120,0.069152,-0.000015,1.570786,0.277880,1.000000,1.100000,0.000000,0.000000,-1.571000,0.378155,0.992024,0.053107,1.062983
44.880000,-0.099160,0.007976,1.046899,0.557256,-0.000009,0.003055,0.068100,-0.000015,1.570786,0.278585,1.000000,1.100000,0.000000,0.000000,-1.571000,0.377745,0.992024,0.053101,1.062837
44.882000,-0.098044,0.007976,1.046905,0.557549,-0.000009,0.002989,0.067049,-0.000015,1.570787,0.279279,1.000000,1.100000,0.000000,0.000000,-1.571000,0.377323,0.992024,0.053095,1.062686
44.884000,-0.096928,0.007976,1.046911,0.557820,-0.000009,0.002920,0.065997,-0.000015,1.570787,0.279961,1.000000,1.100000,0.000000,0.000000,-1.571000,0.376889,0.992024,0.053089,1.062532
44.886000,-0.095810,0.007976,1.046917,0.558070,-0.000010,0.002846,0.064940,-0.000015,1.570788,0.280633,1.000000,1.100000,0.000000,0.000000,-1.571000,0.376444,0.992024,0.053083,1.062374
44.888000,-0.094693,0.007976,1.046922,0.558298,-0.000010,0.002769,0.063878,-0.000016,1.570788,0.281294,1.000000,1.100000,0.000000,0.000000,-1.571000,0.375987,0.992024,0.053078,1.062212
44.890000,-0.093575,0.007976,1.046928,0.558505,-0.000010,0.002690,0.062809,-0.000015,1.570789,0.281944,1.000000,1.100000,0.000000,0.000000,-1.571000,0.375518,0.992024,0.053072,1.062046
44.892000,-0.092456,0.007976,1.046933,0.558690,-0.000010,0.002608,0.061732,-0.000015,1.570789,0.282582,1.000000,1.100000,0.000000,0.000000,-1.571000,0.375038,0.992024,0.053067,1.061876
44.894000,-0.091338,0.007976,1.046938,0.558854,-0.000011,0.002525,0.060645,-0.000015,1.570790,0.283209,1.000000,1.100000,0.000000,0.000000,-1.571000,0.374547,0.992024,0.053062,1.061702
44.896000,-0.090219,0.007976,1.046943,0.558996,-0.000011,0.002439,0.059549,-0.000015,1.570790,0.283826,1.000000,1.100000,0.000000,0.000000,-1.571000,0.374044,0.992024,0.053057,1.061525
44.898000,-0.089099,0.007976,1.046948,0.559116,-0.000011,0.002353,0.058441,-0.000015,1.570790,0.284431,1.000000,1.100000,0.000000,0.000000,-1.571000,0.373530,0.992024,0.053052,1.061344
44.900000,-0.087980,0.007976,1.046952,0.559215,-0.000012,0.002265,0.057324,-0.000015,1.570791,0.285024,1.000000,1.100000,0.000000,0.000000,-1.571000,0.373004,0.992024,0.053048,1.061158
44.902000,-0.086860,0.007976,1.046957,0.559291,-0.000012,0.002176,0.056195,-0.000015,1.570791,0.285607,1.000000,1.100000,0.000000,0.000000,-1.571000,0.372467,0.992024,0.053043,1.060970
44.904000,-0.085740,0.007976,1.046961,0.559345,-0.000012,0.002087,0.055055,-0.000015,1.570792,0.286178,1.000000,1.100000,0.000000,0.000000,-1.571000,0.371918,0.992024,0.053039,1.060777
44.906000,-0.084620,0.007976,1.046965,0.559376,-0.000012,0.001997,0.053905,-0.000014,1.570792,0.286738,1.000000,1.100000,0.000000,0.000000,-1.571000,0.371358,0.992024,0.053035,1.060581
44.908000,-0.083501,0.007976,1.046969,0.559385,-0.000013,0.001906,0.052744,-0.000014,1.570792,0.287286,1.000000,1.100000,0.000000,0.000000,-1.571000,0.370787,0.992024,0.053031,1.060380
44.910000,-0.082381,0.007976,1.046973,0.559371,-0.000013,0.001816,0.051574,-0.000014,1.570793,0.287824,1.000000,1.100000,0.000000,0.000000,-1.571000,0.370204,0.992024,0.053027,1.060177
44.912000,-0.081261,0.007976,1.046976,0.559334,-0.000013,0.001725,0.050395,-0.000014,1.570793,0.288350,1.000000,1.100000,0.000000,0.000000,-1.571000,0.369611,0.992024,0.053024,1.059969
44.914000,-0.080141,0.007976,1.046979,0.559274,-0.000013,0.001635,0.049208,-0.000013,1.570794,0.288864,1.000000,1.100000,0.000000,0.000000,-1.571000,0.369005,0.992024,0.053021,1.059758
44.916000,-0.079022,0.007976,1.046983,0.559191,-0.000014,0.001545,0.048013,-0.000013,1.570794,0.289367,1.000000,1.100000,0.000000,0.000000,-1.571000,0.368389,0.992024,0.053017,1.059544
44.918000,-0.077902,0.007976,1.046986,0.559084,-0.000014,0.001454,0.046811,-0.000013,1.570794,0.289859,1.000000,1.100000,0.000000,0.000000,-1.571000,0.367761,0.992024,0.053014,1.059326
44.920000,-0.076783,0.007976,1.046988,0.558955,-0.000014,0.001365,0.045604,-0.000013,1.570795,0.290339,1.000000,1.100000,0.000000,0.000000,-1.571000,0.367122,0.992024,0.053012,1.059104
44.922000,-0.075664,0.007976,1.046991,0.558802,-0.000014,0.001275,0.044393,-0.000012,1.570795,0.290808,1.000000,1.100000,0.000000,0.000000,-1.571000,0.366472,0.992024,0.053009,1.058879
44.924000,-0.074546,0.007976,1.046993,0.558625,-0.000015,0.001186,0.043178,-0.000012,1.570795,0.291265,1.000000,1.100000,0.000000,0.000000,-1.571000,0.365811,0.992024,0.053007,1.058650
44.926000,-0.073428,0.007976,1.046996,0.558426,-0.000015,0.001098,0.041961,-0.000012,1.570795,0.291711,1.000000,1.100000,0.000000,0.000000,-1.571000,0.365139,0.992024,0.053004,1.058418
44.928000,-0.072310,0.007976,1.046998,0.558203,-0.000015,0.001010,0.040743,-0.000012,1.570795,0.292145,1.000000,1.100000,0.000000,0.000000,-1.571000,0.364455,0.992024,0.053002,1.058182
44.930000,-0.071193,0.007976,1.047000,0.557956,-0.000015,0.000922,0.039525,-0.000011,1.570795,0.292568,1.000000,1.100000,0.000000,0.000000,-1.571000,0.363761,0.992024,0.053000,1.057943
44.932000,-0.070076,0.007976,1.047001,0.557687,-0.000015,0.000835,0.038309,-0.000011,1.570795,0.292979,1.000000,1.100000,0.000000,0.000000,-1.571000,0.363056,0.992024,0.052999,1.057701
44.934000,-0.068960,0.007976,1.047003,0.557394,-0.000016,0.000749,0.037095,-0.000011,1.570795,0.293379,1.000000,1.100000,0.000000,0.000000,-1.571000,0.362339,0.992024,0.052997,1.057455
44.936000,-0.067845,0.007976,1.047004,0.557078,-0.000016,0.000663,0.035886,-0.000010,1.570795,0.293767,1.000000,1.100000,0.000000,0.000000,-1.571000,0.361612,0.992024,0.052996,1.057206
44.938000,-0.066730,0.007976,1.047005,0.556739,-0.000016,0.000578,0.034682,-0.000010,1.570795,0.294143,1.000000,1.100000,0.000000,0.000000,-1.571000,0.360873,0.992024,0.052995,1.056953
44.940000,-0.065616,0.007976,1.047006,0.556377,-0.000016,0.000494,0.033484,-0.000010,1.570795,0.294508,1.000000,1.100000,0.000000,0.000000,-1.571000,0.360124,0.992024,0.052994,1.056698
44.942000,-0.064503,0.007976,1.047007,0.555992,-0.000016,0.000410,0.032295,-0.000010,1.570795,0.294861,1.000000,1.100000,0.000000,0.000000,-1.571000,0.359364,0.992024,0.052993,1.056439
44.944000,-0.063390,0.007976,1.047008,0.555586,-0.000016,0.000326,0.031115,-0.000009,1.570794,0.295203,1.000000,1.100000,0.000000,0.000000,-1.571000,0.358593,0.992024,0.052992,1.056177
44.946000,-0.062279,0.007976,1.047009,0.555156,-0.000017,0.000244,0.029945,-0.000009,1.570794,0.295533,1.000000,1.100000,0.000000,0.000000,-1.571000,0.357812,0.992024,0.052991,1.055912
44.948000,-0.061168,0.007975,1.047009,0.554705,-0.000017,0.000162,0.028787,-0.000009,1.570793,0.295851,1.000000,1.100000,0.000000,0.000000,-1.571000,0.357019,0.992025,0.052991,1.055644
44.950000,-0.060058,0.007975,1.047009,0.554233,-0.000017,0.000080,0.027642,-0.000008,1.570792,0.296158,1.000000,1.100000,0.000000,0.000000,-1.571000,0.356216,0.992025,0.052991,1.055372
44.952000,-0.058949,0.007975,1.047009,0.553739,-0.000017,-0.000001,0.026512,-0.000008,1.570792,0.296452,1.000000,1.100000,0.000000,0.000000,-1.571000,0.355402,0.992025,0.052991,1.055098
44.954000,-0.057842,0.007975,1.047009,0.553224,-0.000017,-0.000081,0.025396,-0.000008,1.570791,0.296736,1.000000,1.100000,0.000000,0.000000,-1.571000,0.354577,0.992025,0.052991,1.054820
44.956000,-0.056735,0.007975,1.047009,0.552688,-0.000017,-0.000161,0.024297,-0.000008,1.570790,0.297007,1.000000,1.100000,0.000000,0.000000,-1.571000,0.353742,0.992025,0.052991,1.054540
44.958000,-0.055629,0.007975,1.047008,0.552131,-0.000017,-0.000240,0.023216,-0.000007,1.570789,0.297267,1.000000,1.100000,0.000000,0.000000,-1.571000,0.352896,0.992025,0.052992,1.054256
44.960000,-0.054525,0.007975,1.047008,0.551555,-0.000017,-0.000319,0.022153,-0.000007,1.570788,0.297515,1.000000,1.100000,0.000000,0.000000,-1.571000,0.352039,0.992025,0.052992,1.053970
44.962000,-0.053421,0.007975,1.047007,0.550960,-0.000018,-0.000397,0.021108,-0.000007,1.570787,0.297751,1.000000,1.100000,0.000000,0.000000,-1.571000,0.351172,0.992025,0.052993,1.053681
44.964000,-0.052319,0.007975,1.047006,0.550345,-0.000018,-0.000474,0.020079,-0.000007,1.570786,0.297976,1.000000,1.100000,0.000000,0.000000,-1.571000,0.350295,0.992025,0.052994,1.053389
44.966000,-0.051218,0.007975,1.047005,0.549711,-0.000018,-0.000549,0.019062,-0.000006,1.570785,0.298188,1.000000,1.100000,0.000000,0.000000,-1.571000,0.349407,0.992025,0.052995,1.053094
44.968000,-0.050119,0.007975,1.047004,0.549059,-0.000018,-0.000623,0.018056,-0.000006,1.570784,0.298389,1.000000,1.100000,0.000000,0.000000,-1.571000,0.348508,0.992025,0.052996,1.052796
44.970000,-0.049021,0.007975,1.047002,0.548388,-0.000018,-0.000697,0.017059,-0.000006,1.570783,0.298578,1.000000,1.100000,0.000000,0.000000,-1.571000,0.347599,0.992025,0.052998,1.052496
44.972000,-0.047924,0.007975,1.047001,0.547699,-0.000018,-0.000769,0.016067,-0.000005,1.570782,0.298756,1.000000,1.100000,0.000000,0.000000,-1.571000,0.346680,0.992025,0.052999,1.052193
44.974000,-0.046828,0.007975,1.046999,0.546992,-0.000018,-0.000841,0.015081,-0.000005,1.570781,0.298921,1.000000,1.100000,0.000000,0.000000,-1.571000,0.345750,0.992025,0.053001,1.051887
44.976000,-0.045734,0.007975,1.046997,0.546268,-0.000018,-0.000911,0.014098,-0.000005,1.570781,0.299075,1.000000,1.100000,0.000000,0.000000,-1.571000,0.344810,0.992025,0.053003,1.051578
44.978000,-0.044642,0.007975,1.046996,0.545525,-0.000018,-0.000981,0.013118,-0.000005,1.570780,0.299217,1.000000,1.100000,0.000000,0.000000,-1.571000,0.343859,0.992025,0.053004,1.051267
44.980000,-0.043551,0.007975,1.046993,0.544765,-0.000018,-0.001051,0.012138,-0.000005,1.570779,0.299347,1.000000,1.100000,0.000000,0.000000,-1.571000,0.342898,0.992025,0.053007,1.050953
44.982000,-0.042461,0.007975,1.046991,0.543987,-0.000018,-0.001119,0.011159,-0.000004,1.570779,0.299466,1.000000,1.100000,0.000000,0.000000,-1.571000,0.341927,0.992025,0.053009,1.050637
44.984000,-0.041373,0.007975,1.046989,0.543191,-0.000018,-0.001187,0.010180,-0.000004,1.570778,0.299572,1.000000,1.100000,0.000000,0.000000,-1.571000,0.340946,0.992025,0.053011,1.050318
44.986000,-0.040287,0.007975,1.046986,0.542378,-0.000018,-0.001255,0.009200,-0.000004,1.570778,0.299667,1.000000,1.100000,0.000000,0.000000,-1.571000,0.339954,0.992025,0.053014,1.049997
44.988000,-0.039203,0.007975,1.046984,0.541547,-0.000018,-0.001322,0.008218,-0.000004,1.570777,0.299750,1.000000,1.100000,0.000000,0.000000,-1.571000,0.338952,0.992025,0.053016,1.049673
44.990000,-0.038120,0.007975,1.046981,0.540699,-0.000019,-0.001388,0.007235,-0.000004,1.570777,0.299821,1.000000,1.100000,0.000000,0.000000,-1.571000,0.337941,0.992025,0.053019,1.049347
44.992000,-0.037039,0.007975,1.046978,0.539833,-0.000019,-0.001454,0.006251,-0.000004,1.570777,0.299880,1.000000,1.100000,0.000000,0.000000,-1.571000,0.336919,0.992025,0.053022,1.049018
44.994000,-0.035959,0.007975,1.046975,0.538949,-0.000019,-0.001520,0.005265,-0.000003,1.570777,0.299927,1.000000,1.100000,0.000000,0.000000,-1.571000,0.335887,0.992025,0.053025,1.048688
44.996000,-0.034881,0.007975,1.046972,0.538048,-0.000019,-0.001585,0.004277,-0.000003,1.570777,0.299963,1.000000,1.100000,0.000000,0.000000,-1.571000,0.334844,0.992025,0.053028,1.048354
44.998000,-0.033806,0.007975,1.046969,0.537129,-0.000019,-0.001650,0.003288,-0.000003,1.570777,0.299987,1.000000,1.100000,0.000000,0.000000,-1.571000,0.333792,0.992025,0.053031,1.048019
45.000000,-0.032732,0.007975,1.046965,0.536193,-0.000019,-0.001715,0.002298,-0.000003,1.570778,0.299999,1.000000,1.100000,0.000000,0.000000,-1.571000,0.332730,0.992025,0.053035,1.047682
45.002000,-0.031660,0.007975,1.046962,0.535239,-0.000019,-0.001779,0.001307,-0.000003,1.570778,0.299999,1.000000,1.100000,0.000000,0.000000,-1.571000,0.331658,0.992025,0.053038,1.047342
45.004000,-0.030590,0.007974,1.046958,0.534267,-0.000019,-0.001843,0.000315,-0.000003,1.570778,0.299987,1.000000,1.100000,0.000000,0.000000,-1.571000,0.330576,0.992026,0.053042,1.047000
45.006000,-0.029522,0.007974,1.046954,0.533278,-0.000019,-0.001907,-0.000676,-0.000003,1.570779,0.299963,1.000000,1.100000,0.000000,0.000000,-1.571000,0.329485,0.992026,0.053046,1.046656
45.008000,-0.028455,0.007974,1.046950,0.532272,-0.000019,-0.001971,-0.001667,-0.000002,1.570779,0.299927,1.000000,1.100000,0.000000,0.000000,-1.571000,0.328383,0.992026,0.053050,1.046310
45.010000,-0.027391,0.007974,1.046946,0.531247,-0.000019,-0.002034,-0.002657,-0.000002,1.570780,0.299880,1.000000,1.100000,0.000000,0.000000,-1.571000,0.327271,0.992026,0.053054,1.045962
45.012000,-0.026329,0.007974,1.046942,0.530206,-0.000019,-0.002098,-0.003645,-0.000002,1.570780,0.299821,1.000000,1.100000,0.000000,0.000000,-1.571000,0.326150,0.992026,0.053058,1.045612
45.014000,-0.025269,0.007974,1.046938,0.529147,-0.000019,-0.002161,-0.004631,-0.000002,1.570781,0.299750,1.000000,1.100000,0.000000,0.000000,-1.571000,0.325019,0.992026,0.053062,1.045260
45.016000,-0.024212,0.007974,1.046934,0.528071,-0.000019,-0.002224,-0.005614,-0.000002,1.570781,0.299667,1.000000,1.100000,0.000000,0.000000,-1.571000,0.323879,0.992026,0.053066,1.044906
45.018000,-0.023156,0.007974,1.046929,0.526978,-0.000019,-0.002287,-0.006594,-0.000002,1.570782,0.299572,1.000000,1.100000,0.000000,0.000000,-1.571000,0.322728,0.992026,0.053071,1.044550
45.020000,-0.022103,0.007974,1.046924,0.525868,-0.000019,-0.002350,-0.007569,-0.000002,1.570783,0.299466,1.000000,1.100000,0.000000,0.000000,-1.571000,0.321569,0.992026,0.053076,1.044193
45.022000,-0.021052,0.007974,1.046920,0.524740,-0.000019,-0.002414,-0.008539,-0.000001,1.570783,0.299347,1.000000,1.100000,0.000000,0.000000,-1.571000,0.320399,0.992026,0.053080,1.043834
45.024000,-0.020003,0.007974,1.046915,0.523596,-0.000019,-0.002480,-0.009504,-0.000001,1.570784,0.299217,1.000000,1.100000,0.000000,0.000000,-1.571000,0.319220,0.992026,0.053085,1.043473
45.026000,-0.018956,0.007974,1.046910,0.522436,-0.000019,-0.002548,-0.010462,-0.000001,1.570784,0.299075,1.000000,1.100000,0.000000,0.000000,-1.571000,0.318032,0.992026,0.053090,1.043110
45.028000,-0.017912,0.007974,1.046904,0.521259,-0.000019,-0.002617,-0.011412,-0.000001,1.570785,0.298921,1.000000,1.100000,0.000000,0.000000,-1.571000,0.316834,0.992026,0.053096,1.042746
45.030000,-0.016870,0.007974,1.046899,0.520065,-0.000019,-0.002688,-0.012355,-0.000001,1.570785,0.298756,1.000000,1.100000,0.000000,0.000000,-1.571000,0.315626,0.992026,0.053101,1.042380
45.032000,-0.015831,0.007974,1.046893,0.518856,-0.000019,-0.002760,-0.013289,-0.000001,1.570786,0.298578,1.000000,1.100000,0.000000,0.000000,-1.571000,0.314410,0.992026,0.053107,1.042012
45.034000,-0.014794,0.007974,1.046888,0.517630,-0.000019,-0.002833,-0.014213,-0.000001,1.570786,0.298389,1.000000,1.100000,0.000000,0.000000,-1.571000,0.313183,0.992026,0.053112,1.041643
45.036000,-0.013760,0.007974,1.046882,0.516389,-0.000019,-0.002907,-0.015126,-0.000000,1.570786,0.298188,1.000000,1.100000,0.000000,0.000000,-1.571000,0.311948,0.992026,0.053118,1.041273
45.038000,-0.012728,0.007974,1.046876,0.515132,-0.000019,-0.002982,-0.016029,-0.000000,1.570787,0.297976,1.000000,1.100000,0.000000,0.000000,-1.571000,0.310703,0.992026,0.053124,1.040901
45.040000,-0.011698,0.007974,1.046870,0.513861,-0.000019,-0.003059,-0.016919,-0.000000,1.570787,0.297751,1.000000,1.100000,0.000000,0.000000,-1.571000,0.309450,0.992026,0.053130,1.040528
45.042000,-0.010672,0.007974,1.046864,0.512574,-0.000019,-0.003136,-0.017798,-0.000000,1.570787,0.297515,1.000000,1.100000,0.000000,0.000000,-1.571000,0.308186,0.992026,0.053136,1.040153
45.044000,-0.009647,0.007974,1.046857,0.511273,-0.000019,-0.003214,-0.018663,0.000000,1.570787,0.297267,1.000000,1.100000,0.000000,0.000000,-1.571000,0.306914,0.992026,0.053143,1.039777
45.046000,-0.008626,0.007974,1.046851,0.509957,-0.000018,-0.003293,-0.019514,0.000000,1.570787,0.297007,1.000000,1.100000,0.000000,0.000000,-1.571000,0.305633,0.992026,0.053149,1.039400
45.048000,-0.007607,0.007974,1.046844,0.508627,-0.000018,-0.003373,-0.020350,0.000000,1.570787,0.296736,1.000000,1.100000,0.000000,0.000000,-1.571000,0.304343,0.992026,0.053156,1.039022
45.050000,-0.006591,0.007974,1.046837,0.507284,-0.000018,-0.003453,-0.021171,0.000001,1.570787,0.296452,1.000000,1.100000,0.000000,0.000000,-1.571000,0.303043,0.992026,0.053163,1.038642
45.052000,-0.005577,0.007974,1.046830,0.505927,-0.000018,-0.003534,-0.021977,0.000001,1.570787,0.296158,1.000000,1.100000,0.000000,0.000000,-1.571000,0.301735,0.992026,0.053170,1.038262
45.054000,-0.004566,0.007974,1.046823,0.504557,-0.000018,-0.003616,-0.022766,0.000001,1.570787,0.295851,1.000000,1.100000,0.000000,0.000000,-1.571000,0.300417,0.992026,0.053177,1.037880
45.056000,-0.003558,0.007974,1.046816,0.503174,-0.000018,-0.003698,-0.023539,0.000001,1.570787,0.295533,1.000000,1.100000,0.000000,0.000000,-1.571000,0.299091,0.992026,0.053184,1.037497
45.058000,-0.002553,0.007973,1.046808,0.501779,-0.000018,-0.003781,-0.024294,0.000001,1.570787,0.295203,1.000000,1.100000,0.000000,0.000000,-1.571000,0.297756,0.992027,0.053192,1.037114
45.060000,-0.001550,0.007973,1.046800,0.500372,-0.000018,-0.003864,-0.025031,0.000001,1.570786,0.294861,1.000000,1.100000,0.000000,0.000000,-1.571000,0.296412,0.992027,0.053200,1.036729
45.062000,-0.000551,0.007973,1.046793,0.498953,-0.000018,-0.003948,-0.025750,0.000001,1.570786,0.294508,1.000000,1.100000,0.000000,0.000000,-1.571000,0.295059,0.992027,0.053207,1.036343
45.064000,0.000446,0.007973,1.046785,0.497523,-0.000018,-0.004032,-0.026450,0.000002,1.570785,0.294143,1.000000,1.100000,0.000000,0.000000,-1.571000,0.293697,0.992027,0.053215,1.035957
45.066000,0.001440,0.007973,1.046776,0.496082,-0.000018,-0.004116,-0.027132,0.000002,1.570785,0.293767,1.000000,1.100000,0.000000,0.000000,-1.571000,0.292327,0.992027,0.053224,1.035570
45.068000,0.002431,0.007973,1.046768,0.494630,-0.000018,-0.004201,-0.027794,0.000002,1.570784,0.293379,1.000000,1.100000,0.000000,0.000000,-1.571000,0.290948,0.992027,0.053232,1.035182
45.070000,0.003419,0.007973,1.046759,0.493169,-0.000018,-0.004287,-0.028437,0.000002,1.570784,0.292979,1.000000,1.100000,0.000000,0.000000,-1.571000,0.289560,0.992027,0.053241,1.034793
45.072000,0.004404,0.007973,1.046751,0.491697,-0.000018,-0.004373,-0.029059,0.000002,1.570783,0.292568,1.000000,1.100000,0.000000,0.000000,-1.571000,0.288164,0.992027,0.053249,1.034404
45.074000,0.005386,0.007973,1.046742,0.490217,-0.000018,-0.004459,-0.029662,0.000002,1.570782,0.292145,1.000000,1.100000,0.000000,0.000000,-1.571000,0.286759,0.992027,0.053258,1.034014
45.076000,0.006365,0.007973,1.046733,0.488727,-0.000018,-0.004545,-0.030245,0.000002,1.570782,0.291711,1.000000,1.100000,0.000000,0.000000,-1.571000,0.285346,0.992027,0.053267,1.033623
45.078000,0.007341,0.007973,1.046724,0.487229,-0.000017,-0.004632,-0.030808,0.000002,1.570781,0.291265,1.000000,1.100000,0.000000,0.000000,-1.571000,0.283924,0.992027,0.053276,1.033232
45.080000,0.008315,0.007973,1.046714,0.485723,-0.000017,-0.004719,-0.031351,0.000002,1.570781,0.290808,1.000000,1.100000,0.000000,0.000000,-1.571000,0.282493,0.992027,0.053286,1.032840
45.082000,0.009285,0.007973,1.046705,0.484209,-0.000017,-0.004798,-0.031877,0.000003,1.570780,0.290339,1.000000,1.100000,0.000000,0.000000,-1.571000,0.281054,0.992027,0.053295,1.032448
45.084000,0.010252,0.007973,1.046695,0.482687,-0.000017,-0.004863,-0.032396,0.000003,1.570779,0.289859,1.000000,1.100000,0.000000,0.000000,-1.571000,0.279607,0.992027,0.053305,1.032056
45.086000,0.011216,0.007973,1.046685,0.481157,-0.000017,-0.004913,-0.032918,0.000003,1.570779,0.289367,1.000000,1.100000,0.000000,0.000000,-1.571000,0.278151,0.992027,0.053315,1.031663
45.088000,0.012177,0.007973,1.046675,0.479620,-0.000017,-0.004952,-0.033452,0.000003,1.570779,0.288864,1.000000,1.100000,0.000000,0.000000,-1.571000,0.276687,0.992027,0.053325,1.031270
45.090000,0.013135,0.007973,1.046665,0.478074,-0.000017,-0.004980,-0.034006,0.000003,1.570779,0.288350,1.000000,1.100000,0.000000,0.000000,-1.571000,0.275215,0.992027,0.053335,1.030876
45.092000,0.014090,0.007973,1.046655,0.476521,-0.000017,-0.004998,-0.034586,0.000003,1.570779,0.287824,1.000000,1.100000,0.000000,0.000000,-1.571000,0.273734,0.992027,0.053345,1.030482
45.094000,0.015041,0.007973,1.046645,0.474958,-0.000017,-0.005006,-0.035199,0.000003,1.570780,0.287286,1.000000,1.100000,0.000000,0.000000,-1.571000,0.272245,0.992027,0.053355,1.030088
45.096000,0.015990,0.007973,1.046635,0.473385,-0.000017,-0.005007,-0.035851,0.000004,1.570781,0.286738,1.000000,1.100000,0.000000,0.000000,-1.571000,0.270748,0.992027,0.053365,1.029694
45.098000,0.016935,0.007973,1.046625,0.471803,-0.000016,-0.005001,-0.036546,0.000004,1.570782,0.286178,1.000000,1.100000,0.000000,0.000000,-1.571000,0.269243,0.992027,0.053375,1.029300
45.100000,0.017877,0.007973,1.046615,0.470209,-0.000016,-0.004988,-0.037289,0.000004,1.570784,0.285607,1.000000,1.100000,0.000000,0.000000,-1.571000,0.267730,0.992027,0.053385,1.028906
45.102000,0.018816,0.007973,1.046605,0.468603,-0.000016,-0.004970,-0.038083,0.000004,1.570785,0.285024,1.000000,1.100000,0.000000,0.000000,-1.571000,0.266208,0.992027,0.053395,1.028511
45.104000,0.019752,0.007973,1.046595,0.466984,-0.000016,-0.004946,-0.038932,0.000005,1.570788,0.284431,1.000000,1.100000,0.000000,0.000000,-1.571000,0.264679,0.992027,0.053405,1.028117
45.106000,0.020684,0.007973,1.046585,0.465351,-0.000016,-0.004918,-0.039837,0.000005,1.570790,0.283826,1.000000,1.100000,0.000000,0.000000,-1.571000,0.263141,0.992027,0.053415,1.027723
45.108000,0.021613,0.007973,1.046576,0.463702,-0.000016,-0.004885,-0.040801,0.000005,1.570793,0.283209,1.000000,1.100000,0.000000,0.000000,-1.571000,0.261596,0.992027,0.053424,1.027329
45.110000,0.022539,0.007973,1.046566,0.462038,-0.000016,-0.004849,-0.041824,0.000006,1.570796,0.282582,1.000000,1.100000,0.000000,0.000000,-1.571000,0.260043,0.992027,0.053434,1.026935
45.112000,0.023462,0.007973,1.046556,0.460356,-0.000016,-0.004809,-0.042909,0.000006,1.570799,0.281944,1.000000,1.100000,0.000000,0.000000,-1.571000,0.258482,0.992027,0.053444,1.026542
45.114000,0.024381,0.007973,1.046547,0.458655,-0.000015,-0.004767,-0.044055,0.000006,1.570802,0.281294,1.000000,1.100000,0.000000,0.000000,-1.571000,0.256913,0.992027,0.053453,1.026148
45.116000,0.025297,0.007973,1.046537,0.456935,-0.000015,-0.004723,-0.045263,0.000007,1.570806,0.280633,1.000000,1.100000,0.000000,0.000000,-1.571000,0.255337,0.992027,0.053463,1.025755
45.118000,0.026209,0.007972,1.046528,0.455193,-0.000015,-0.004677,-0.046531,0.000007,1.570809,0.279961,1.000000,1.100000,0.000000,0.000000,-1.571000,0.253753,0.992028,0.053472,1.025363
45.120000,0.027117,0.007972,1.046519,0.453430,-0.000015,-0.004629,-0.047861,0.000008,1.570813,0.279279,1.000000,1.100000,0.000000,0.000000,-1.571000,0.252161,0.992028,0.053481,1.024970
45.122000,0.028022,0.007972,1.046509,0.451643,-0.000015,-0.004581,-0.049249,0.000008,1.570817,0.278585,1.000000,1.100000,0.000000,0.000000,-1.571000,0.250562,0.992028,0.053491,1.024579
45.124000,0.028924,0.007972,1.046500,0.449832,-0.000015,-0.004531,-0.050696,0.000009,1.570821,0.277880,1.000000,1.100000,0.000000,0.000000,-1.571000,0.248956,0.992028,0.053500,1.024187
45.126000,0.029822,0.007972,1.046491,0.447996,-0.000014,-0.004481,-0.052199,0.000010,1.570825,0.277164,1.000000,1.100000,0.000000,0.000000,-1.571000,0.247342,0.992028,0.053509,1.023797
45.128000,0.030716,0.007972,1.046482,0.446133,-0.000014,-0.004431,-0.053756,0.000010,1.570829,0.276437,1.000000,1.100000,0.000000,0.000000,-1.571000,0.245721,0.992028,0.053518,1.023407
45.130000,0.031606,0.007972,1.046474,0.444243,-0.000014,-0.004381,-0.055366,0.000011,1.570834,0.275699,1.000000,1.100000,0.000000,0.000000,-1.571000,0.244093,0.992028,0.053526,1.023018
45.132000,0.032493,0.007972,1.046465,0.442324,-0.000014,-0.004331,-0.057025,0.000012,1.570837,0.274951,1.000000,1.100000,0.000000,0.000000,-1.571000,0.242458,0.992028,0.053535,1.022629
45.134000,0.033375,0.007972,1.046456,0.440376,-0.000014,-0.004282,-0.058732,0.000013,1.570841,0.274191,1.000000,1.100000,0.000000,0.000000,-1.571000,0.240816,0.992028,0.053544,1.022242
45.136000,0.034254,0.007972,1.046448,0.438398,-0.000013,-0.004233,-0.060483,0.000013,1.570845,0.273421,1.000000,1.100000,0.000000,0.000000,-1.571000,0.239167,0.992028,0.053552,1.021855
45.138000,0.035129,0.007972,1.046439,0.436389,-0.000013,-0.004186,-0.062276,0.000014,1.570849,0.272640,1.000000,1.100000,0.000000,0.000000,-1.571000,0.237511,0.992028,0.053561,1.021469
45.140000,0.035999,0.007972,1.046431,0.434348,-0.000013,-0.004140,-0.064106,0.000015,1.570852,0.271848,1.000000,1.100000,0.000000,0.000000,-1.571000,0.235849,0.992028,0.053569,1.021085
45.142000,0.036866,0.007972,1.046423,0.432275,-0.000013,-0.004095,-0.065972,0.000016,1.570855,0.271045,1.000000,1.100000,0.000000,0.000000,-1.571000,0.234180,0.992028,0.053577,1.020701
45.144000,0.037728,0.007972,1.046415,0.430169,-0.000012,-0.004052,-0.067870,0.000016,1.570858,0.270232,1.000000,1.100000,0.000000,0.000000,-1.571000,0.232504,0.992028,0.053585,1.020318
45.146000,0.038586,0.007972,1.046407,0.428029,-0.000012,-0.004011,-0.069796,0.000017,1.570861,0.269408,1.000000,1.100000,0.000000,0.000000,-1.571000,0.230822,0.992028,0.053593,1.019937
45.148000,0.039440,0.007972,1.046399,0.425856,-0.000012,-0.003972,-0.071747,0.000018,1.570863,0.268574,1.000000,1.100000,0.000000,0.000000,-1.571000,0.229134,0.992028,0.053601,1.019556
45.150000,0.040289,0.007972,1.046391,0.423648,-0.000012,-0.003935,-0.073719,0.000019,1.570866,0.267729,1.000000,1.100000,0.000000,0.000000,-1.571000,0.227440,0.992028,0.053609,1.019177
45.152000,0.041134,0.007972,1.046383,0.421405,-0.000011,-0.003900,-0.075709,0.000019,1.570867,0.266873,1.000000,1.100000,0.000000,0.000000,-1.571000,0.225739,0.992028,0.053617,1.018800
45.154000,0.041974,0.007972,1.046375,0.419128,-0.000011,-0.003868,-0.077714,0.000020,1.570869,0.266006,1.000000,1.100000,0.000000,0.000000,-1.571000,0.224033,0.992028,0.053625,1.018423
45.156000,0.042809,0.007972,1.046368,0.416815,-0.000011,-0.003838,-0.079729,0.000021,1.570870,0.265130,1.000000,1.100000,0.000000,0.000000,-1.571000,0.222320,0.992028,0.053632,1.018048
45.158000,0.043640,0.007972,1.046360,0.414467,-0.000010,-0.003812,-0.081751,0.000021,1.570871,0.264242,1.000000,1.100000,0.000000,0.000000,-1.571000,0.220602,0.992028,0.053640,1.017675
45.160000,0.044467,0.007972,1.046352,0.412084,-0.000010,-0.003788,-0.083777,0.000022,1.570871,0.263345,1.000000,1.100000,0.000000,0.000000,-1.571000,0.218878,0.992028,0.053648,1.017303
45.162000,0.045288,0.007972,1.046345,0.409665,-0.000010,-0.003765,-0.085803,0.000022,1.570871,0.262437,1.000000,1.100000,0.000000,0.000000,-1.571000,0.217149,0.992028,0.053655,1.016933
45.164000,0.046104,0.007972,1.046337,0.407211,-0.000009,-0.003741,-0.087828,0.000023,1.570871,0.261518,1.000000,1.100000,0.000000,0.000000,-1.571000,0.215414,0.992028,0.053663,1.016564
45.166000,0.046916,0.007972,1.046330,0.404721,-0.000009,-0.003716,-0.089849,0.000023,1.570870,0.260589,1.000000,1.100000,0.000000,0.000000,-1.571000,0.213674,0.992028,0.053670,1.016197
45.168000,0.047722,0.007972,1.046322,0.402196,-0.000009,-0.003691,-0.091866,0.000023,1.570869,0.259650,1.000000,1.100000,0.000000,0.000000,-1.571000,0.211928,0.992028,0.053678,1.015832
45.170000,0.048524,0.007972,1.046315,0.399635,-0.000008,-0.003667,-0.093875,0.000024,1.570868,0.258701,1.000000,1.100000,0.000000,0.000000,-1.571000,0.210177,0.992028,0.053685,1.015469
45.172000,0.049320,0.007972,1.046308,0.397040,-0.000008,-0.003643,-0.095874,0.000024,1.570866,0.257742,1.000000,1.100000,0.000000,0.000000,-1.571000,0.208422,0.992028,0.053692,1.015107
45.174000,0.050111,0.007972,1.046300,0.394411,-0.000008,-0.003620,-0.097863,0.000024,1.570864,0.256772,1.000000,1.100000,0.000000,0.000000,-1.571000,0.206661,0.992028,0.053700,1.014747
45.176000,0.050896,0.007972,1.046293,0.391747,-0.000007,-0.003598,-0.099837,0.000024,1.570862,0.255792,1.000000,1.100000,0.000000,0.000000,-1.571000,0.204896,0.992028,0.053707,1.014390
45.178000,0.051677,0.007972,1.046286,0.389049,-0.000007,-0.003578,-0.101796,0.000024,1.570860,0.254802,1.000000,1.100000,0.000000,0.000000,-1.571000,0.203125,0.992028,0.053714,1.014034
45.180000,0.052451,0.007972,1.046279,0.386318,-0.000007,-0.003560,-0.103737,0.000024,1.570857,0.253802,1.000000,1.100000,0.000000,0.000000,-1.571000,0.201351,0.992028,0.053721,1.013680
45.182000,0.053221,0.007972,1.046272,0.383553,-0.000006,-0.003543,-0.105659,0.000024,1.570854,0.252792,1.000000,1.100000,0.000000,0.000000,-1.571000,0.199571,0.992028,0.053728,1.013329
45.184000,0.053984,0.007972,1.046265,0.380756,-0.000006,-0.003529,-0.107558,0.000024,1.570850,0.251772,1.000000,1.100000,0.000000,0.000000,-1.571000,0.197788,0.992028,0.053735,1.012980
45.186000,0.054742,0.007972,1.046258,0.377927,-0.000006,-0.003518,-0.109434,0.000024,1.570847,0.250742,1.000000,1.100000,0.000000,0.000000,-1.571000,0.196000,0.992028,0.053742,1.012632
45.188000,0.055495,0.007972,1.046251,0.375067,-0.000005,-0.003509,-0.111284,0.000023,1.570843,0.249702,1.000000,1.100000,0.000000,0.000000,-1.571000,0.194208,0.992028,0.053749,1.012287
45.190000,0.056241,0.007972,1.046244,0.372176,-0.000005,-0.003503,-0.113107,0.000023,1.570839,0.248653,1.000000,1.100000,0.000000,0.000000,-1.571000,0.192411,0.992028,0.053756,1.011945
45.192000,0.056982,0.007972,1.046237,0.369254,-0.000004,-0.003500,-0.114901,0.000023,1.570835,0.247593,1.000000,1.100000,0.000000,0.000000,-1.571000,0.190611,0.992028,0.053763,1.011604
45.194000,0.057717,0.007972,1.046230,0.366303,-0.000004,-0.003500,-0.116664,0.000023,1.570831,0.246524,1.000000,1.100000,0.000000,0.000000,-1.571000,0.188807,0.992028,0.053770,1.011266
45.196000,0.058446,0.007972,1.046223,0.363323,-0.000004,-0.003503,-0.118395,0.000022,1.570827,0.245445,1.000000,1.100000,0.000000,0.000000,-1.571000,0.186999,0.992028,0.053777,1.010931
45.198000,0.059169,0.007972,1.046216,0.360314,-0.000003,-0.003510,-0.120092,0.000022,1.570822,0.244356,1.000000,1.100000,0.000000,0.000000,-1.571000,0.185188,0.992028,0.053784,1.010598
45.200000,0.059885,0.007972,1.046209,0.357278,-0.000003,-0.003520,-0.121754,0.000021,1.570818,0.243258,1.000000,1.100000,0.000000,0.000000,-1.571000,0.183373,0.992028,0.053791,1.010267
45.202000,0.060596,0.007972,1.046202,0.354215,-0.000003,-0.003534,-0.123380,0.000021,1.570813,0.242150,1.000000,1.100000,0.000000,0.000000,-1.571000,0.181554,0.992028,0.053798,1.009939
45.204000,0.061301,0.007972,1.046194,0.351127,-0.000002,-0.003551,-0.124968,0.000020,1.570809,0.241032,1.000000,1.100000,0.000000,0.000000,-1.571000,0.179732,0.992028,0.053806,1.009613
45.206000,0.061999,0.007972,1.046187,0.348013,-0.000002,-0.003571,-0.126517,0.000020,1.570804,0.239905,1.000000,1.100000,0.000000,0.000000,-1.571000,0.177907,0.992028,0.053813,1.009290
45.208000,0.062691,0.007972,1.046180,0.344875,-0.000001,-0.003595,-0.128026,0.000019,1.570800,0.238769,1.000000,1.100000,0.000000,0.000000,-1.571000,0.176078,0.992028,0.053820,1.008970
45.210000,0.063377,0.007972,1.046173,0.341713,-0.000001,-0.003622,-0.129495,0.000018,1.570795,0.237623,1.000000,1.100000,0.000000,0.000000,-1.571000,0.174246,0.992028,0.053827,1.008652
45.212000,0.064056,0.007972,1.046166,0.338528,-0.000001,-0.003652,-0.130923,0.000017,1.570790,0.236468,1.000000,1.100000,0.000000,0.000000,-1.571000,0.172412,0.992028,0.053834,1.008337
45.214000,0.064729,0.007972,1.046158,0.335322,-0.000000,-0.003686,-0.132309,0.000017,1.570786,0.235303,1.000000,1.100000,0.000000,0.000000,-1.571000,0.170574,0.992028,0.053842,1.008025
45.216000,0.065395,0.007972,1.046151,0.332095,-0.000000,-0.003723,-0.133653,0.000016,1.570781,0.234129,1.000000,1.100000,0.000000,0.000000,-1.571000,0.168734,0.992028,0.053849,1.007716
45.218000,0.066055,0.007972,1.046143,0.328848,0.000000,-0.003763,-0.134954,0.000015,1.570777,0.232946,1.000000,1.100000,0.000000,0.000000,-1.571000,0.166891,0.992028,0.053857,1.007409
45.220000,0.066709,0.007972,1.046136,0.325581,0.000001,-0.003806,-0.136211,0.000014,1.570773,0.231754,1.000000,1.100000,0.000000,0.000000,-1.571000,0.165045,0.992028,0.053864,1.007105
45.222000,0.067356,0.007972,1.046128,0.322296,0.000001,-0.003849,-0.137426,0.000013,1.570769,0.230552,1.000000,1.100000,0.000000,0.000000,-1.571000,0.163197,0.992028,0.053872,1.006805
45.224000,0.067996,0.007972,1.046120,0.318993,0.000001,-0.003891,-0.138600,0.000012,1.570765,0.229341,1.000000,1.100000,0.000000,0.000000,-1.571000,0.161346,0.992028,0.053880,1.006507
45.226000,0.068629,0.007972,1.046112,0.315672,0.000002,-0.003932,-0.139733,0.000012,1.570761,0.228122,1.000000,1.100000,0.000000,0.000000,-1.571000,0.159492,0.992028,0.053888,1.006212
45.228000,0.069256,0.007972,1.046104,0.312335,0.000002,-0.003971,-0.140827,0.000011,1.570757,0.226893,1.000000,1.100000,0.000000,0.000000,-1.571000,0.157637,0.992028,0.053896,1.005920
45.230000,0.069877,0.007972,1.046096,0.308983,0.000002,-0.004009,-0.141885,0.000010,1.570754,0.225655,1.000000,1.100000,0.000000,0.000000,-1.571000,0.155779,0.992028,0.053904,1.005631
45.232000,0.070490,0.007972,1.046088,0.305616,0.000003,-0.004048,-0.142906,0.000009,1.570751,0.224409,1.000000,1.100000,0.000000,0.000000,-1.571000,0.153919,0.992028,0.053912,1.005345
45.234000,0.071097,0.007972,1.046080,0.302235,0.000003,-0.004085,-0.143892,0.000008,1.570748,0.223154,1.000000,1.100000,0.000000,0.000000,-1.571000,0.152057,0.992028,0.053920,1.005062
45.236000,0.071697,0.007972,1.046072,0.298841,0.000003,-0.004123,-0.144845,0.000007,1.570745,0.221889,1.000000,1.100000,0.000000,0.000000,-1.571000,0.150192,0.992028,0.053928,1.004782
45.238000,0.072290,0.007972,1.046064,0.295434,0.000003,-0.004161,-0.145765,0.000006,1.570742,0.220616,1.000000,1.100000,0.000000,0.000000,-1.571000,0.148326,0.992028,0.053936,1.004505
45.240000,0.072876,0.007972,1.046055,0.292015,0.000004,-0.004199,-0.146654,0.000005,1.570740,0.219335,1.000000,1.100000,0.000000,0.000000,-1.571000,0.146458,0.992028,0.053945,1.004231
45.242000,0.073456,0.007972,1.046047,0.288586,0.000004,-0.004238,-0.147513,0.000004,1.570738,0.218044,1.000000,1.100000,0.000000,0.000000,-1.571000,0.144588,0.992028,0.053953,1.003961
45.244000,0.074029,0.007972,1.046038,0.285145,0.000004,-0.004277,-0.148342,0.000003,1.570736,0.216745,1.000000,1.100000,0.000000,0.000000,-1.571000,0.142717,0.992028,0.053962,1.003693
45.246000,0.074594,0.007972,1.046030,0.281695,0.000004,-0.004317,-0.149144,0.000002,1.570735,0.215438,1.000000,1.100000,0.000000,0.000000,-1.571000,0.140844,0.992028,0.053970,1.003429
45.248000,0.075153,0.007972,1.046021,0.278236,0.000005,-0.004357,-0.149919,0.000001,1.570734,0.214122,1.000000,1.100000,0.000000,0.000000,-1.571000,0.138969,0.992028,0.053979,1.003168
45.250000,0.075705,0.007972,1.046012,0.274767,0.000005,-0.004398,-0.150668,0.000001,1.570733,0.212797,1.000000,1.100000,0.000000,0.000000,-1.571000,0.137093,0.992028,0.053988,1.002910
45.252000,0.076250,0.007972,1.046003,0.271291,0.000005,-0.004441,-0.151391,0.000000,1.570732,0.211465,1.000000,1.100000,0.000000,0.000000,-1.571000,0.135215,0.992028,0.053997,1.002656
45.254000,0.076788,0.007972,1.045994,0.267806,0.000005,-0.004484,-0.152091,-0.000001,1.570731,0.210123,1.000000,1.100000,0.000000,0.000000,-1.571000,0.133336,0.992028,0.054006,1.002405
45.256000,0.077318,0.007972,1.045985,0.264315,0.000005,-0.004528,-0.152768,-0.000001,1.570731,0.208774,1.000000,1.100000,0.000000,0.000000,-1.571000,0.131455,0.992028,0.054015,1.002157
45.258000,0.077842,0.007972,1.045976,0.260816,0.000006,-0.004572,-0.153423,-0.000002,1.570731,0.207416,1.000000,1.100000,0.000000,0.000000,-1.571000,0.129574,0.992028,0.054024,1.001912
45.260000,0.078359,0.007972,1.045967,0.257311,0.000006,-0.004618,-0.154056,-0.000002,1.570731,0.206050,1.000000,1.100000,0.000000,0.000000,-1.571000,0.127691,0.992028,0.054033,1.001671
45.262000,0.078869,0.007972,1.045958,0.253801,0.000006,-0.004664,-0.154669,-0.000003,1.570731,0.204676,1.000000,1.100000,0.000000,0.000000,-1.571000,0.125807,0.992028,0.054042,1.001433
45.264000,0.079372,0.007972,1.045948,0.250284,0.000006,-0.004711,-0.155263,-0.000003,1.570732,0.203294,1.000000,1.100000,0.000000,0.000000,-1.571000,0.123922,0.992028,0.054052,1.001198
45.266000,0.079868,0.007972,1.045939,0.246763,0.000006,-0.004759,-0.155838,-0.000003,1.570732,0.201904,1.000000,1.100000,0.000000,0.000000,-1.571000,0.122036,0.992028,0.054061,1.000967
45.268000,0.080356,0.007972,1.045929,0.243237,0.000006,-0.004808,-0.156395,-0.000003,1.570733,0.200506,1.000000,1.100000,0.000000,0.000000,-1.571000,0.120149,0.992028,0.054071,1.000739
45.270000,0.080838,0.007972,1.045919,0.239707,0.000006,-0.004858,-0.156935,-0.000004,1.570734,0.199100,1.000000,1.100000,0.000000,0.000000,-1.571000,0.118261,0.992028,0.054081,1.000515
45.272000,0.081313,0.007972,1.045910,0.236172,0.000006,-0.004908,-0.157458,-0.000004,1.570735,0.197686,1.000000,1.100000,0.000000,0.000000,-1.571000,0.116373,0.992028,0.054090,1.000294
45.274000,0.081780,0.007972,1.045900,0.232634,0.000007,-0.004960,-0.157966,-0.000004,1.570737,0.196264,1.000000,1.100000,0.000000,0.000000,-1.571000,0.114484,0.992028,0.054100,1.000077
45.276000,0.082241,0.007972,1.045890,0.229093,0.000007,-0.005013,-0.158459,-0.000004,1.570738,0.194834,1.000000,1.100000,0.000000,0.000000,-1.571000,0.112594,0.992028,0.054110,0.999863
45.278000,0.082694,0.007972,1.045880,0.225548,0.000007,-0.005067,-0.158937,-0.000004,1.570740,0.193397,1.000000,1.100000,0.000000,0.000000,-1.571000,0.110703,0.992028,0.054120,0.999652
45.280000,0.083140,0.007972,1.045869,0.222001,0.000007,-0.005121,-0.159401,-0.000004,1.570741,0.191952,1.000000,1.100000,0.000000,0.000000,-1.571000,0.108812,0.992028,0.054131,0.999445
45.282000,0.083579,0.007972,1.045859,0.218451,0.000007,-0.005173,-0.159853,-0.000004,1.570743,0.190500,1.000000,1.100000,0.000000,0.000000,-1.571000,0.106921,0.992028,0.054141,0.999241
45.284000,0.084011,0.007972,1.045849,0.214897,0.000007,-0.005218,-0.160291,-0.000003,1.570745,0.189040,1.000000,1.100000,0.000000,0.000000,-1.571000,0.105029,0.992028,0.054151,0.999041
45.286000,0.084436,0.007972,1.045838,0.211340,0.000007,-0.005258,-0.160718,-0.000003,1.570747,0.187573,1.000000,1.100000,0.000000,0.000000,-1.571000,0.103137,0.992028,0.054162,0.998844
45.288000,0.084854,0.007972,1.045827,0.207780,0.000007,-0.005293,-0.161132,-0.000003,1.570749,0.186098,1.000000,1.100000,0.000000,0.000000,-1.571000,0.101244,0.992028,0.054173,0.998651
45.290000,0.085265,0.007972,1.045817,0.204219,0.000007,-0.005323,-0.161536,-0.000003,1.570751,0.184616,1.000000,1.100000,0.000000,0.000000,-1.571000,0.099351,0.992028,0.054183,0.998462
45.292000,0.085668,0.007972,1.045806,0.200655,0.000007,-0.005349,-0.161929,-0.000002,1.570753,0.183127,1.000000,1.100000,0.000000,0.000000,-1.571000,0.097458,0.992028,0.054194,0.998276
45.294000,0.086064,0.007972,1.045795,0.197089,0.000007,-0.005371,-0.162312,-0.000002,1.570755,0.181630,1.000000,1.100000,0.000000,0.000000,-1.571000,0.095565,0.992028,0.054205,0.998093
45.296000,0.086454,0.007972,1.045785,0.193522,0.000007,-0.005391,-0.162684,-0.000001,1.570757,0.180126,1.000000,1.100000,0.000000,0.000000,-1.571000,0.093672,0.992028,0.054215,0.997914
45.298000,0.086836,0.007972,1.045774,0.189953,0.000008,-0.005407,-0.163047,-0.000001,1.570759,0.178615,1.000000,1.100000,0.000000,0.000000,-1.571000,0.091779,0.992028,0.054226,0.997739
45.300000,0.087211,0.007972,1.045763,0.186383,0.000008,-0.005422,-0.163402,-0.000000,1.570762,0.177097,1.000000,1.100000,0.000000,0.000000,-1.571000,0.089887,0.992028,0.054237,0.997567
45.302000,0.087578,0.007972,1.045752,0.182813,0.000008,-0.005434,-0.163747,-0.000000,1.570764,0.175572,1.000000,1.100000,0.000000,0.000000,-1.571000,0.087994,0.992028,0.054248,0.997399
45.304000,0.087939,0.007972,1.045741,0.179242,0.000008,-0.005444,-0.164084,0.000000,1.570766,0.174040,1.000000,1.100000,0.000000,0.000000,-1.571000,0.086101,0.992028,0.054259,0.997235
45.306000,0.088293,0.007972,1.045730,0.175671,0.000008,-0.005453,-0.164412,0.000001,1.570768,0.172502,1.000000,1.100000,0.000000,0.000000,-1.571000,0.084209,0.992028,0.054270,0.997074
45.308000,0.088639,0.007972,1.045719,0.172099,0.000008,-0.005460,-0.164733,0.000001,1.570770,0.170956,1.000000,1.100000,0.000000,0.000000,-1.571000,0.082317,0.992028,0.054281,0.996916
45.310000,0.088978,0.007972,1.045708,0.168528,0.000008,-0.005467,-0.165045,0.000001,1.570772,0.169404,1.000000,1.100000,0.000000,0.000000,-1.571000,0.080426,0.992028,0.054292,0.996762
45.312000,0.089310,0.007972,1.045697,0.164957,0.000008,-0.005472,-0.165351,0.000002,1.570774,0.167845,1.000000,1.100000,0.000000,0.000000,-1.571000,0.078535,0.992028,0.054303,0.996612
45.314000,0.089635,0.007972,1.045686,0.161386,0.000008,-0.005477,-0.165649,0.000002,1.570776,0.166279,1.000000,1.100000,0.000000,0.000000,-1.571000,0.076644,0.992028,0.054314,0.996465
45.316000,0.089953,0.007972,1.045676,0.157816,0.000008,-0.005480,-0.165940,0.000002,1.570778,0.164707,1.000000,1.100000,0.000000,0.000000,-1.571000,0.074754,0.992028,0.054324,0.996322
45.318000,0.090263,0.007972,1.045665,0.154246,0.000008,-0.005484,-0.166224,0.000003,1.570780,0.163128,1.000000,1.100000,0.000000,0.000000,-1.571000,0.072865,0.992028,0.054335,0.996183
45.320000,0.090567,0.007972,1.045654,0.150678,0.000009,-0.005487,-0.166502,0.000003,1.570782,0.161543,1.000000,1.100000,0.000000,0.000000,-1.571000,0.070976,0.992028,0.054346,0.996047
45.322000,0.090863,0.007972,1.045643,0.147110,0.000009,-0.005489,-0.166773,0.000003,1.570784,0.159951,1.000000,1.100000,0.000000,0.000000,-1.571000,0.069088,0.992028,0.054357,0.995915
45.324000,0.091152,0.007972,1.045632,0.143543,0.000009,-0.005492,-0.167037,0.000003,1.570786,0.158354,1.000000,1.100000,0.000000,0.000000,-1.571000,0.067201,0.992028,0.054368,0.995787
45.326000,0.091434,0.007972,1.045621,0.139978,0.000009,-0.005494,-0.167296,0.000003,1.570788,0.156750,1.000000,1.100000,0.000000,0.000000,-1.571000,0.065315,0.992028,0.054379,0.995662
45.328000,0.091709,0.007972,1.045610,0.136414,0.000009,-0.005496,-0.167548,0.000003,1.570790,0.155139,1.000000,1.100000,0.000000,0.000000,-1.571000,0.063430,0.992028,0.054390,0.995540
45.330000,0.091977,0.007972,1.045599,0.132852,0.000009,-0.005499,-0.167794,0.000003,1.570792,0.153523,1.000000,1.100000,0.000000,0.000000,-1.571000,0.061546,0.992028,0.054401,0.995423
45.332000,0.092237,0.007972,1.045588,0.129292,0.000009,-0.005501,-0.168034,0.000003,1.570793,0.151900,1.000000,1.100000,0.000000,0.000000,-1.571000,0.059663,0.992028,0.054412,0.995309
45.334000,0.092491,0.007972,1.045577,0.125733,0.000009,-0.005504,-0.168268,0.000003,1.570795,0.150272,1.000000,1.100000,0.000000,0.000000,-1.571000,0.057781,0.992028,0.054423,0.995198
45.336000,0.092737,0.007972,1.045566,0.122176,0.000009,-0.005506,-0.168497,0.000003,1.570797,0.148638,1.000000,1.100000,0.000000,0.000000,-1.571000,0.055900,0.992028,0.054434,0.995091
45.338000,0.092977,0.007972,1.045554,0.118622,0.000009,-0.005509,-0.168719,0.000003,1.570798,0.146997,1.000000,1.100000,0.000000,0.000000,-1.571000,0.054021,0.992028,0.054446,0.994988
45.340000,0.093209,0.007972,1.045543,0.115069,0.000009,-0.005512,-0.168937,0.000003,1.570800,0.145351,1.000000,1.100000,0.000000,0.000000,-1.571000,0.052143,0.992028,0.054457,0.994888
45.342000,0.093434,0.007972,1.045532,0.111519,0.000009,-0.005515,-0.169148,0.000003,1.570801,0.143699,1.000000,1.100000,0.000000,0.000000,-1.571000,0.050266,0.992028,0.054468,0.994792
45.344000,0.093652,0.007972,1.045521,0.107971,0.000009,-0.005519,-0.169354,0.000003,1.570802,0.142042,1.000000,1.100000,0.000000,0.000000,-1.571000,0.048390,0.992028,0.054479,0.994700
45.346000,0.093863,0.007972,1.045510,0.104426,0.000009,-0.005523,-0.169555,0.000003,1.570804,0.140379,1.000000,1.100000,0.000000,0.000000,-1.571000,0.046516,0.992028,0.054490,0.994611
45.348000,0.094066,0.007972,1.045499,0.100883,0.000009,-0.005527,-0.169751,0.000003,1.570805,0.138710,1.000000,1.100000,0.000000,0.000000,-1.571000,0.044644,0.992028,0.054501,0.994526
45.350000,0.094263,0.007973,1.045488,0.097343,0.000009,-0.005532,-0.169941,0.000003,1.570806,0.137036,1.000000,1.100000,0.000000,0.000000,-1.571000,0.042773,0.992027,0.054512,0.994444
45.352000,0.094453,0.007973,1.045477,0.093806,0.000009,-0.005536,-0.170125,0.000003,1.570807,0.135357,1.000000,1.100000,0.000000,0.000000,-1.571000,0.040904,0.992027,0.054523,0.994366
45.354000,0.094635,0.007973,1.045466,0.090272,0.000009,-0.005542,-0.170305,0.000003,1.570808,0.133672,1.000000,1.100000,0.000000,0.000000,-1.571000,0.039037,0.992027,0.054534,0.994292
45.356000,0.094810,0.007973,1.045455,0.086741,0.000009,-0.005547,-0.170479,0.000003,1.570809,0.131982,1.000000,1.100000,0.000000,0.000000,-1.571000,0.037171,0.992027,0.054545,0.994221
45.358000,0.094979,0.007973,1.045444,0.083212,0.000009,-0.005553,-0.170649,0.000003,1.570810,0.130286,1.000000,1.100000,0.000000,0.000000,-1.571000,0.035308,0.992027,0.054556,0.994154
45.360000,0.095140,0.007973,1.045433,0.079688,0.000009,-0.005560,-0.170813,0.000003,1.570811,0.128586,1.000000,1.100000,0.000000,0.000000,-1.571000,0.033446,0.992027,0.054567,0.994090
45.362000,0.095294,0.007973,1.045422,0.076165,0.000009,-0.005562,-0.170972,0.000003,1.570812,0.126880,1.000000,1.100000,0.000000,0.000000,-1.571000,0.031586,0.992027,0.054578,0.994030
45.364000,0.095442,0.007973,1.045410,0.072645,0.000009,-0.005556,-0.171126,0.000003,1.570813,0.125170,1.000000,1.100000,0.000000,0.000000,-1.571000,0.029728,0.992027,0.054590,0.993973
45.366000,0.095582,0.007973,1.045399,0.069127,0.000009,-0.005543,-0.171275,0.000004,1.570814,0.123454,1.000000,1.100000,0.000000,0.000000,-1.571000,0.027873,0.992027,0.054601,0.993920
45.368000,0.095715,0.007973,1.045388,0.065611,0.000009,-0.005523,-0.171420,0.000004,1.570814,0.121734,1.000000,1.100000,0.000000,0.000000,-1.571000,0.026019,0.992027,0.054612,0.993870
45.370000,0.095841,0.007973,1.045377,0.062098,0.000009,-0.005498,-0.171559,0.000004,1.570815,0.120009,1.000000,1.100000,0.000000,0.000000,-1.571000,0.024168,0.992027,0.054623,0.993824
45.372000,0.095960,0.007973,1.045366,0.058588,0.000009,-0.005467,-0.171694,0.000004,1.570816,0.118279,1.000000,1.100000,0.000000,0.000000,-1.571000,0.022319,0.992027,0.054634,0.993781
45.374000,0.096072,0.007973,1.045355,0.055080,0.000009,-0.005432,-0.171824,0.000004,1.570816,0.116544,1.000000,1.100000,0.000000,0.000000,-1.571000,0.020472,0.992027,0.054645,0.993742
45.376000,0.096177,0.007973,1.045345,0.051576,0.000009,-0.005392,-0.171950,0.000005,1.570817,0.114805,1.000000,1.100000,0.000000,0.000000,-1.571000,0.018628,0.992027,0.054655,0.993706
45.378000,0.096275,0.007973,1.045334,0.048075,0.000009,-0.005349,-0.172070,0.000005,1.570817,0.113061,1.000000,1.100000,0.000000,0.000000,-1.571000,0.016786,0.992027,0.054666,0.993674
45.380000,0.096366,0.007973,1.045323,0.044578,0.000009,-0.005302,-0.172187,0.000005,1.570818,0.111313,1.000000,1.100000,0.000000,0.000000,-1.571000,0.014947,0.992027,0.054677,0.993645
45.382000,0.096450,0.007973,1.045313,0.041084,0.000009,-0.005252,-0.172298,0.000005,1.570818,0.109561,1.000000,1.100000,0.000000,0.000000,-1.571000,0.013111,0.992027,0.054687,0.993620
45.384000,0.096527,0.007973,1.045302,0.037594,0.000009,-0.005199,-0.172406,0.000006,1.570819,0.107804,1.000000,1.100000,0.000000,0.000000,-1.571000,0.011277,0.992027,0.054698,0.993598
45.386000,0.096597,0.007973,1.045292,0.034108,0.000009,-0.005143,-0.172509,0.000006,1.570819,0.106042,1.000000,1.100000,0.000000,0.000000,-1.571000,0.009445,0.992027,0.054708,0.993579
45.388000,0.096660,0.007973,1.045282,0.030625,0.000009,-0.005086,-0.172608,0.000006,1.570820,0.104277,1.000000,1.100000,0.000000,0.000000,-1.571000,0.007617,0.992027,0.054718,0.993564
45.390000,0.096716,0.007973,1.045272,0.027147,0.000009,-0.005027,-0.172702,0.000006,1.570820,0.102508,1.000000,1.100000,0.000000,0.000000,-1.571000,0.005792,0.992027,0.054728,0.993552
45.392000,0.096765,0.007973,1.045262,0.023673,0.000009,-0.004965,-0.172793,0.000006,1.570821,0.100734,1.000000,1.100000,0.000000,0.000000,-1.571000,0.003969,0.992027,0.054738,0.993544
45.394000,0.096807,0.007973,1.045252,0.020204,0.000009,-0.004903,-0.172880,0.000007,1.570821,0.098957,1.000000,1.100000,0.000000,0.000000,-1.571000,0.002149,0.992027,0.054748,0.993539
45.396000,0.096843,0.007973,1.045242,0.016739,0.000009,-0.004838,-0.172962,0.000007,1.570821,0.097175,1.000000,1.100000,0.000000,0.000000,-1.571000,0.000333,0.992027,0.054758,0.993537
45.398000,0.096871,0.007973,1.045232,0.013278,0.000009,-0.004773,-0.173041,0.000007,1.570822,0.095390,1.000000,1.100000,0.000000,0.000000,-1.571000,-0.001481,0.992027,0.054768,0.993539
45.400000,0.096892,0.007973,1.045223,0.009822,0.000009,-0.004707,-0.173116,0.000007,1.570822,0.093601,1.000000,1.100000,0.000000,0.000000,-1.571000,-0.003291,0.992027,0.054777,0.993544
45.402000,0.096907,0.007973,1.045214,0.006385,0.000010,-0.004648,-0.173187,0.000007,1.570822,0.091808,1.000000,1.100000,0.000000,0.000000,-1.571000,-0.005099,0.992027,0.054786,0.993552
45.404000,0.096914,0.007973,1.045204,0.002945,0.000010,-0.004588,-0.173255,0.000007,1.570823,0.090012,1.000000,1.100000,0.000000,0.000000,-1.571000,-0.006903,0.992027,0.054796,0.993563
45.406000,0.096915,0.007973,1.045195,-0.000496,0.000010,-0.004528,-0.173319,0.000007,1.570823,0.088212,1.000000,1.100000,0.000000,0.000000,-1.571000,-0.008703,0.992027,0.054805,0.993578
45.408000,0.096909,0.007973,1.045186,-0.003938,0.000010,-0.004466,-0.173380,0.000007,1.570823,0.086409,1.000000,1.100000,0.000000,0.000000,-1.571000,-0.010500,0.992027,0.054814,0.993596
45.410000,0.096896,0.007973,1.045178,-0.007382,0.000010,-0.004404,-0.173438,0.000007,1.570823,0.084602,1.000000,1.100000,0.000000,0.000000,-1.571000,-0.012294,0.992027,0.054822,0.993617
45.412000,0.096876,0.007973,1.045169,-0.010808,0.000010,-0.004333,-0.173493,0.000007,1.570824,0.082792,1.000000,1.100000,0.000000,0.000000,-1.571000,-0.014084,0.992027,0.054831,0.993641
45.414000,0.096849,0.007973,1.045160,-0.014229,0.000010,-0.004262,-0.173544,0.000006,1.570824,0.080978,1.000000,1.100000,0.000000,0.000000,-1.571000,-0.015871,0.992027,0.054840,0.993668
45.416000,0.096816,0.007973,1.045152,-0.017645,0.000010,-0.004190,-0.173592,0.000006,1.570824,0.079162,1.000000,1.100000,0.000000,0.000000,-1.571000,-0.017654,0.992027,0.054848,0.993699
45.418000,0.096775,0.007973,1.045144,-0.021056,0.000010,-0.004118,-0.173638,0.000006,1.570825,0.077342,1.000000,1.100000,0.000000,0.000000,-1.571000,-0.019433,0.992027,0.054856,0.993732
45.420000,0.096728,0.007973,1.045135,-0.024462,0.000010,-0.004046,-0.173681,0.000006,1.570825,0.075519,1.000000,1.100000,0.000000,0.000000,-1.571000,-0.021209,0.992027,0.054865,0.993769
45.422000,0.096674,0.007973,1.045127,-0.027862,0.000010,-0.003973,-0.173721,0.000006,1.570825,0.073694,1.000000,1.100000,0.000000,0.000000,-1.571000,-0.022980,0.992027,0.054873,0.993809
45.424000,0.096613,0.007973,1.045120,-0.031257,0.000010,-0.003898,-0.173759,0.000005,1.570825,0.071865,1.000000,1.100000,0.000000,0.000000,-1.571000,-0.024748,0.992027,0.054880,0.993852
45.426000,0.096545,0.007973,1.045112,-0.034647,0.000010,-0.003821,-0.173794,0.000005,1.570825,0.070034,1.000000,1.100000,0.000000,0.000000,-1.571000,-0.026512,0.992027,0.054888,0.993898
45.428000,0.096471,0.007973,1.045104,-0.038031,0.000010,-0.003743,-0.173826,0.000005,1.570826,0.068199,1.000000,1.100000,0.000000,0.000000,-1.571000,-0.028272,0.992027,0.054896,0.993947
45.430000,0.096390,0.007973,1.045097,-0.041410,0.000010,-0.003664,-0.173857,0.000005,1.570826,0.066362,1.000000,1.100000,0.000000,0.000000,-1.571000,-0.030027,0.992027,0.054903,0.993999
45.432000,0.096302,0.007973,1.045090,-0.044784,0.000010,-0.003584,-0.173885,0.000005,1.570826,0.064523,1.000000,1.100000,0.000000,0.000000,-1.571000,-0.031779,0.992027,0.054910,0.994053
45.434000,0.096207,0.007973,1.045083,-0.048152,0.000010,-0.003502,-0.173912,0.000005,1.570826,0.062681,1.000000,1.100000,0.000000,0.000000,-1.571000,-0.033526,0.992027,0.054917,0.994111
45.436000,0.096106,0.007973,1.045076,-0.051514,0.000010,-0.003420,-0.173936,0.000004,1.570826,0.060836,1.000000,1.100000,0.000000,0.000000,-1.571000,-0.035269,0.992027,0.054924,0.994172
45.438000,0.095997,0.007973,1.045069,-0.054871,0.000010,-0.003337,-0.173959,0.000004,1.570826,0.058989,1.000000,1.100000,0.000000,0.000000,-1.571000,-0.037008,0.992027,0.054931,0.994235
45.440000,0.095883,0.007973,1.045063,-0.058223,0.000010,-0.003253,-0.173979,0.000004,1.570826,0.057140,1.000000,1.100000,0.000000,0.000000,-1.571000,-0.038743,0.992027,0.054937,0.994302
45.442000,0.095761,0.007973,1.045056,-0.061568,0.000010,-0.003169,-0.173998,0.000004,1.570826,0.055288,1.000000,1.100000,0.000000,0.000000,-1.571000,-0.040473,0.992027,0.054944,0.994371
45.444000,0.095633,0.007973,1.045050,-0.064908,0.000009,-0.003084,-0.174016,0.000004,1.570827,0.053435,1.000000,1.100000,0.000000,0.000000,-1.571000,-0.042198,0.992027,0.054950,0.994443
45.446000,0.095498,0.007973,1.045044,-0.068243,0.000009,-0.002998,-0.174032,0.000004,1.570827,0.051579,1.000000,1.100000,0.000000,0.000000,-1.571000,-0.043919,0.992027,0.054956,0.994518
45.448000,0.095356,0.007973,1.045038,-0.071571,0.000009,-0.002913,-0.174047,0.000004,1.570827,0.049721,1.000000,1.100000,0.000000,0.000000,-1.571000,-0.045635,0.992027,0.054962,0.994595
45.450000,0.095208,0.007973,1.045032,-0.074894,0.000009,-0.002827,-0.174060,0.000005,1.570827,0.047861,1.000000,1.100000,0.000000,0.000000,-1.571000,-0.047347,0.992027,0.054968,0.994676
45.452000,0.095053,0.007973,1.045027,-0.078211,0.000009,-0.002740,-0.174072,0.000005,1.570827,0.045999,1.000000,1.100000,0.000000,0.000000,-1.571000,-0.049054,0.992027,0.054973,0.994759
45.454000,0.094891,0.007973,1.045021,-0.081522,0.000009,-0.002654,-0.174083,0.000005,1.570827,0.044136,1.000000,1.100000,0.000000,0.000000,-1.571000,-0.050756,0.992027,0.054979,0.994844
45.456000,0.094723,0.007974,1.045016,-0.084827,0.000009,-0.002568,-0.174093,0.000005,1.570827,0.042270,1.000000,1.100000,0.000000,0.000000,-1.571000,-0.052453,0.992026,0.054984,0.994933
45.458000,0.094548,0.007974,1.045011,-0.088126,0.000009,-0.002482,-0.174102,0.000005,1.570827,0.040403,1.000000,1.100000,0.000000,0.000000,-1.571000,-0.054145,0.992026,0.054989,0.995024
45.460000,0.094367,0.007974,1.045006,-0.091419,0.000009,-0.002396,-0.174110,0.000005,1.570827,0.038535,1.000000,1.100000,0.000000,0.000000,-1.571000,-0.055832,0.992026,0.054994,0.995117
45.462000,0.094179,0.007974,1.045002,-0.094707,0.000009,-0.002310,-0.174117,0.000006,1.570827,0.036665,1.000000,1.100000,0.000000,0.000000,-1.571000,-0.057514,0.992026,0.054998,0.995213
45.464000,0.093985,0.007974,1.044997,-0.097988,0.000009,-0.002224,-0.174123,0.000006,1.570826,0.034793,1.000000,1.100000,0.000000,0.000000,-1.571000,-0.059191,0.992026,0.055003,0.995312
45.466000,0.093783,0.007974,1.044993,-0.101264,0.000009,-0.002138,-0.174129,0.000006,1.570826,0.032920,1.000000,1.100000,0.000000,0.000000,-1.571000,-0.060863,0.992026,0.055007,0.995413
45.468000,0.093576,0.007974,1.044989,-0.104533,0.000009,-0.002052,-0.174134,0.000006,1.570826,0.031046,1.000000,1.100000,0.000000,0.000000,-1.571000,-0.062530,0.992026,0.055011,0.995516
45.470000,0.093362,0.007974,1.044985,-0.107797,0.000009,-0.001966,-0.174138,0.000006,1.570826,0.029171,1.000000,1.100000,0.000000,0.000000,-1.571000,-0.064191,0.992026,0.055015,0.995622
45.472000,0.093141,0.007974,1.044981,-0.111054,0.000009,-0.001880,-0.174142,0.000006,1.570826,0.027294,1.000000,1.100000,0.000000,0.000000,-1.571000,-0.065847,0.992026,0.055019,0.995730
45.474000,0.092914,0.007974,1.044977,-0.114306,0.000009,-0.001794,-0.174145,0.000006,1.570826,0.025416,1.000000,1.100000,0.000000,0.000000,-1.571000,-0.067497,0.992026,0.055023,0.995841
45.476000,0.092680,0.007974,1.044974,-0.117552,0.000009,-0.001709,-0.174148,0.000007,1.570826,0.023538,1.000000,1.100000,0.000000,0.000000,-1.571000,-0.069142,0.992026,0.055026,0.995954
45.478000,0.092440,0.007974,1.044971,-0.120791,0.000009,-0.001623,-0.174151,0.000007,1.570826,0.021658,1.000000,1.100000,0.000000,0.000000,-1.571000,-0.070782,0.992026,0.055029,0.996069
45.480000,0.092193,0.007974,1.044967,-0.124025,0.000009,-0.001538,-0.174153,0.000007,1.570826,0.019778,1.000000,1.100000,0.000000,0.000000,-1.571000,-0.072415,0.992026,0.055033,0.996187
45.482000,0.091940,0.007974,1.044965,-0.127253,0.000009,-0.001453,-0.174155,0.000007,1.570826,0.017896,1.000000,1.100000,0.000000,0.000000,-1.571000,-0.074044,0.992026,0.055035,0.996307
45.484000,0.091680,0.007974,1.044962,-0.130474,0.000009,-0.001371,-0.174156,0.000007,1.570826,0.016015,1.000000,1.100000,0.000000,0.000000,-1.571000,-0.075666,0.992026,0.055038,0.996429
45.486000,0.091414,0.007974,1.044959,-0.133690,0.000009,-0.001290,-0.174157,0.000007,1.570825,0.014132,1.000000,1.100000,0.000000,0.000000,-1.571000,-0.077282,0.992026,0.055041,0.996553
45.488000,0.091142,0.007974,1.044957,-0.136899,0.000009,-0.001211,-0.174158,0.000007,1.570825,0.012249,1.000000,1.100000,0.000000,0.000000,-1.571000,-0.078893,0.992026,0.055043,0.996679
45.490000,0.090863,0.007974,1.044954,-0.140102,0.000009,-0.001134,-0.174159,0.000006,1.570825,0.010365,1.000000,1.100000,0.000000,0.000000,-1.571000,-0.080498,0.992026,0.055046,0.996808
45.492000,0.090578,0.007974,1.044952,-0.143298,0.000009,-0.001058,-0.174160,0.000006,1.570825,0.008481,1.000000,1.100000,0.000000,0.000000,-1.571000,-0.082097,0.992026,0.055048,0.996938
45.494000,0.090286,0.007974,1.044950,-0.146489,0.000009,-0.000983,-0.174160,0.000006,1.570825,0.006597,1.000000,1.100000,0.000000,0.000000,-1.571000,-0.083689,0.992026,0.055050,0.997071
45.496000,0.089988,0.007974,1.044948,-0.149673,0.000009,-0.000909,-0.174160,0.000006,1.570825,0.004712,1.000000,1.100000,0.000000,0.000000,-1.571000,-0.085276,0.992026,0.055052,0.997205
45.498000,0.089684,0.007974,1.044947,-0.152852,0.000009,-0.000836,-0.174161,0.000006,1.570825,0.002827,1.000000,1.100000,0.000000,0.000000,-1.571000,-0.086856,0.992026,0.055053,0.997342
45.500000,0.089373,0.007974,1.044945,-0.156024,0.000009,-0.000765,-0.174161,0.000005,1.570825,0.000942,1.000000,1.100000,0.000000,0.000000,-1.571000,-0.088430,0.992026,0.055055,0.997480
45.502000,0.089056,0.007974,1.044944,-0.159191,0.000009,-0.000694,-0.174161,0.000005,1.570825,-0.000942,1.000000,1.100000,0.000000,0.000000,-1.571000,-0.089998,0.992026,0.055056,0.997620
45.504000,0.088732,0.007974,1.044942,-0.162351,0.000009,-0.000624,-0.174161,0.000005,1.570825,-0.002827,1.000000,1.100000,0.000000,0.000000,-1.571000,-0.091560,0.992026,0.055058,0.997763
45.506000,0.088402,0.007974,1.044941,-0.165506,0.000009,-0.000554,-0.174161,0.000004,1.570824,-0.004712,1.000000,1.100000,0.000000,0.000000,-1.571000,-0.093115,0.992026,0.055059,0.997907
45.508000,0.088066,0.007974,1.044940,-0.168654,0.000009,-0.000486,-0.174161,0.000004,1.570824,-0.006597,1.000000,1.100000,0.000000,0.000000,-1.571000,-0.094663,0.992026,0.055060,0.998052
45.510000,0.087724,0.007974,1.044939,-0.171797,0.000009,-0.000417,-0.174161,0.000004,1.570824,-0.008481,1.000000,1.100000,0.000000,0.000000,-1.571000,-0.096205,0.992026,0.055061,0.998200
45.512000,0.087375,0.007974,1.044939,-0.174934,0.000009,-0.000350,-0.174161,0.000004,1.570824,-0.010365,1.000000,1.100000,0.000000,0.000000,-1.571000,-0.097741,0.992026,0.055061,0.998349
45.514000,0.087020,0.007974,1.044938,-0.178064,0.000009,-0.000283,-0.174162,0.000003,1.570824,-0.012249,1.000000,1.100000,0.000000,0.000000,-1.571000,-0.099269,0.992026,0.055062,0.998500
45.516000,0.086659,0.007974,1.044938,-0.181189,0.000009,-0.000217,-0.174162,0.000003,1.570824,-0.014132,1.000000,1.100000,0.000000,0.000000,-1.571000,-0.100791,0.992026,0.055062,0.998652
45.518000,0.086292,0.007974,1.044937,-0.184308,0.000009,-0.000151,-0.174162,0.000003,1.570824,-0.016015,1.000000,1.100000,0.000000,0.000000,-1.571000,-0.102306,0.992026,0.055063,0.998806
45.520000,0.085918,0.007974,1.044937,-0.187422,0.000009,-0.000085,-0.174162,0.000003,1.570824,-0.017896,1.000000,1.100000,0.000000,0.000000,-1.571000,-0.103815,0.992026,0.055063,0.998962
45.522000,0.085538,0.007974,1.044937,-0.190529,0.000009,-0.000020,-0.174163,0.000002,1.570824,-0.019778,1.000000,1.100000,0.000000,0.000000,-1.571000,-0.105316,0.992026,0.055063,0.999119
45.524000,0.085152,0.007974,1.044937,-0.193631,0.000009,0.000045,-0.174164,0.000002,1.570824,-0.021658,1.000000,1.100000,0.000000,0.000000,-1.571000,-0.106810,0.992026,0.055063,0.999278
45.526000,0.084760,0.007974,1.044937,-0.196727,0.000009,0.000109,-0.174164,0.000002,1.570824,-0.023538,1.000000,1.100000,0.000000,0.000000,-1.571000,-0.108298,0.992026,0.055063,0.999438
45.528000,0.084361,0.007974,1.044937,-0.199817,0.000009,0.000173,-0.174165,0.000002,1.570824,-0.025416,1.000000,1.100000,0.000000,0.000000,-1.571000,-0.109778,0.992026,0.055063,0.999599
45.530000,0.083957,0.007974,1.044938,-0.202901,0.000009,0.000237,-0.174166,0.000002,1.570824,-0.027294,1.000000,1.100000,0.000000,0.000000,-1.571000,-0.111251,0.992026,0.055062,0.999762
45.532000,0.083546,0.007974,1.044938,-0.205980,0.000009,0.000301,-0.174168,0.000002,1.570824,-0.029171,1.000000,1.100000,0.000000,0.000000,-1.571000,-0.112717,0.992026,0.055062,0.999926
45.534000,0.083129,0.007974,1.044939,-0.209053,0.000008,0.000364,-0.174169,0.000002,1.570824,-0.031046,1.000000,1.100000,0.000000,0.000000,-1.571000,-0.114175,0.992026,0.055061,1.000091
45.536000,0.082706,0.007974,1.044940,-0.212120,0.000008,0.000427,-0.174171,0.000001,1.570824,-0.032920,1.000000,1.100000,0.000000,0.000000,-1.571000,-0.115626,0.992026,0.055060,1.000258
45.538000,0.082277,0.007974,1.044941,-0.215182,0.000008,0.000490,-0.174172,0.000001,1.570824,-0.034793,1.000000,1.100000,0.000000,0.000000,-1.571000,-0.117070,0.992026,0.055059,1.000426
45.540000,0.081841,0.007974,1.044942,-0.218238,0.000008,0.000552,-0.174174,0.000001,1.570824,-0.036665,1.000000,1.100000,0.000000,0.000000,-1.571000,-0.118506,0.992026,0.055058,1.000595
45.542000,0.081400,0.007974,1.044943,-0.221288,0.000008,0.000614,-0.174176,0.000001,1.570824,-0.038535,1.000000,1.100000,0.000000,0.000000,-1.571000,-0.119934,0.992026,0.055057,1.000765
45.544000,0.080952,0.007974,1.044945,-0.224333,0.000008,0.000676,-0.174178,0.000001,1.570824,-0.040403,1.000000,1.100000,0.000000,0.000000,-1.571000,-0.121355,0.992026,0.055055,1.000936
45.546000,0.080498,0.007974,1.044946,-0.227372,0.000008,0.000738,-0.174180,0.000002,1.570824,-0.042270,1.000000,1.100000,0.000000,0.000000,-1.571000,-0.122769,0.992026,0.055054,1.001108
45.548000,0.080039,0.007974,1.044948,-0.230405,0.000008,0.000800,-0.174182,0.000002,1.570824,-0.044136,1.000000,1.100000,0.000000,0.000000,-1.571000,-0.124174,0.992026,0.055052,1.001282
45.550000,0.079573,0.007974,1.044949,-0.233433,0.000008,0.000861,-0.174185,0.000002,1.570824,-0.045999,1.000000,1.100000,0.000000,0.000000,-1.571000,-0.125572,0.992026,0.055051,1.001456
45.552000,0.079101,0.007974,1.044951,-0.236455,0.000008,0.000922,-0.174187,0.000002,1.570824,-0.047861,1.000000,1.100000,0.000000,0.000000,-1.571000,-0.126962,0.992026,0.055049,1.001631
45.554000,0.078623,0.007974,1.044953,-0.239472,0.000008,0.000983,-0.174190,0.000002,1.570824,-0.049721,1.000000,1.100000,0.000000,0.000000,-1.571000,-0.128344,0.992026,0.055047,1.001807
45.556000,0.078139,0.007974,1.044955,-0.242483,0.000008,0.001044,-0.174193,0.000002,1.570824,-0.051579,1.000000,1.100000,0.000000,0.000000,-1.571000,-0.129718,0.992026,0.055045,1.001984
45.558000,0.077649,0.007974,1.044957,-0.245489,0.000008,0.001105,-0.174196,0.000002,1.570823,-0.053435,1.000000,1.100000,0.000000,0.000000,-1.571000,-0.131084,0.992026,0.055043,1.002161
45.560000,0.077153,0.007974,1.044960,-0.248489,0.000007,0.001165,-0.174199,0.000002,1.570823,-0.055288,1.000000,1.100000,0.000000,0.000000,-1.571000,-0.132441,0.992026,0.055040,1.002340
45.562000,0.076651,0.007974,1.044962,-0.251483,0.000007,0.001223,-0.174202,0.000003,1.570823,-0.057140,1.000000,1.100000,0.000000,0.000000,-1.571000,-0.133791,0.992026,0.055038,1.002519
45.564000,0.076143,0.007974,1.044965,-0.254470,0.000007,0.001275,-0.174204,0.000003,1.570823,-0.058989,1.000000,1.100000,0.000000,0.000000,-1.571000,-0.135132,0.992026,0.055035,1.002699
45.566000,0.075629,0.007974,1.044967,-0.257452,0.000007,0.001321,-0.174207,0.000003,1.570823,-0.060836,1.000000,1.100000,0.000000,0.000000,-1.571000,-0.136465,0.992026,0.055033,1.002879
45.568000,0.075109,0.007974,1.044970,-0.260427,0.000007,0.001363,-0.174208,0.000003,1.570822,-0.062681,1.000000,1.100000,0.000000,0.000000,-1.571000,-0.137790,0.992026,0.055030,1.003060
45.570000,0.074584,0.007975,1.044973,-0.263395,0.000007,0.001401,-0.174209,0.000003,1.570822,-0.064523,1.000000,1.100000,0.000000,0.000000,-1.571000,-0.139106,0.992025,0.055027,1.003241
45.572000,0.074052,0.007975,1.044975,-0.266358,0.000007,0.001435,-0.174209,0.000003,1.570822,-0.066362,1.000000,1.100000,0.000000,0.000000,-1.571000,-0.140414,0.992025,0.055025,1.003423
45.574000,0.073514,0.007975,1.044978,-0.269314,0.000007,0.001465,-0.174208,0.000003,1.570822,-0.068199,1.000000,1.100000,0.000000,0.000000,-1.571000,-0.141713,0.992025,0.055022,1.003606
45.576000,0.072971,0.007975,1.044981,-0.272265,0.000007,0.001493,-0.174205,0.000003,1.570821,-0.070034,1.000000,1.100000,0.000000,0.000000,-1.571000,-0.143004,0.992025,0.055019,1.003789
45.578000,0.072421,0.007975,1.044984,-0.275209,0.000007,0.001517,-0.174201,0.000003,1.570821,-0.071865,1.000000,1.100000,0.000000,0.000000,-1.571000,-0.144286,0.992025,0.055016,1.003972
45.580000,0.071866,0.007975,1.044987,-0.278147,0.000007,0.001539,-0.174195,0.000003,1.570821,-0.073694,1.000000,1.100000,0.000000,0.000000,-1.571000,-0.145559,0.992025,0.055013,1.004156
45.582000,0.071304,0.007975,1.044991,-0.281080,0.000007,0.001558,-0.174188,0.000003,1.570821,-0.075519,1.000000,1.100000,0.000000,0.000000,-1.571000,-0.146824,0.992025,0.055009,1.004339
45.584000,0.070737,0.007975,1.044994,-0.284006,0.000007,0.001576,-0.174179,0.000003,1.570820,-0.077342,1.000000,1.100000,0.000000,0.000000,-1.571000,-0.148079,0.992025,0.055006,1.004524
45.586000,0.070164,0.007975,1.044997,-0.286927,0.000007,0.001591,-0.174169,0.000002,1.570820,-0.079162,1.000000,1.100000,0.000000,0.000000,-1.571000,-0.149326,0.992025,0.055003,1.004708
45.588000,0.069585,0.007975,1.045000,-0.289841,0.000007,0.001605,-0.174157,0.000002,1.570820,-0.080978,1.000000,1.100000,0.000000,0.000000,-1.571000,-0.150564,0.992025,0.055000,1.004892
45.590000,0.069001,0.007975,1.045003,-0.292750,0.000007,0.001618,-0.174143,0.000002,1.570819,-0.082792,1.000000,1.100000,0.000000,0.000000,-1.571000,-0.151793,0.992025,0.054997,1.005077
45.592000,0.068410,0.007975,1.045007,-0.295653,0.000007,0.001628,-0.174127,0.000002,1.570819,-0.084602,1.000000,1.100000,0.000000,0.000000,-1.571000,-0.153012,0.992025,0.054993,1.005262
45.594000,0.067814,0.007975,1.045010,-0.298550,0.000007,0.001638,-0.174109,0.000002,1.570818,-0.086409,1.000000,1.100000,0.000000,0.000000,-1.571000,-0.154223,0.992025,0.054990,1.005447
45.596000,0.067212,0.007975,1.045013,-0.301441,0.000007,0.001647,-0.174090,0.000002,1.570818,-0.088212,1.000000,1.100000,0.000000,0.000000,-1.571000,-0.155424,0.992025,0.054987,1.005631
45.598000,0.066604,0.007975,1.045016,-0.304325,0.000007,0.001654,-0.174069,0.000001,1.570818,-0.090012,1.000000,1.100000,0.000000,0.000000,-1.571000,-0.156616,0.992025,0.054984,1.005816
45.600000,0.065991,0.007975,1.045020,-0.307205,0.000006,0.001661,-0.174046,0.000001,1.570817,-0.091808,1.000000,1.100000,0.000000,0.000000,-1.571000,-0.157799,0.992025,0.054980,1.006001
45.602000,0.065371,0.007975,1.045023,-0.310078,0.000006,0.001667,-0.174021,0.000001,1.570817,-0.093601,1.000000,1.100000,0.000000,0.000000,-1.571000,-0.158972,0.992025,0.054977,1.006185
45.604000,0.064746,0.007975,1.045026,-0.312945,0.000006,0.001672,-0.173995,0.000001,1.570816,-0.095390,1.000000,1.100000,0.000000,0.000000,-1.571000,-0.160136,0.992025,0.054974,1.006370
45.606000,0.064115,0.007975,1.045030,-0.315806,0.000006,0.001676,-0.173967,0.000001,1.570816,-0.097175,1.000000,1.100000,0.000000,0.000000,-1.571000,-0.161291,0.992025,0.054970,1.006554
45.608000,0.063479,0.007975,1.045033,-0.318661,0.000006,0.001680,-0.173937,0.000000,1.570816,-0.098957,1.000000,1.100000,0.000000,0.000000,-1.571000,-0.162436,0.992025,0.054967,1.006738
45.610000,0.062837,0.007975,1.045037,-0.321510,0.000006,0.001684,-0.173906,0.000000,1.570815,-0.100734,1.000000,1.100000,0.000000,0.000000,-1.571000,-0.163571,0.992025,0.054963,1.006921
45.612000,0.062189,0.007975,1.045040,-0.324353,0.000006,0.001687,-0.173873,0.000000,1.570815,-0.102508,1.000000,1.100000,0.000000,0.000000,-1.571000,-0.164696,0.992025,0.054960,1.007105
45.614000,0.061535,0.007975,1.045043,-0.327191,0.000006,0.001689,-0.173839,0.000000,1.570814,-0.104277,1.000000,1.100000,0.000000,0.000000,-1.571000,-0.165812,0.992025,0.054957,1.007287
45.616000,0.060876,0.007975,1.045047,-0.330022,0.000006,0.001692,-0.173804,-0.000000,1.570814,-0.106042,1.000000,1.100000,0.000000,0.000000,-1.571000,-0.166918,0.992025,0.054953,1.007470
45.618000,0.060211,0.007975,1.045050,-0.332847,0.000006,0.001694,-0.173767,-0.000000,1.570814,-0.107804,1.000000,1.100000,0.000000,0.000000,-1.571000,-0.168015,0.992025,0.054950,1.007652
45.620000,0.059540,0.007975,1.045053,-0.335666,0.000006,0.001696,-0.173730,-0.000000,1.570813,-0.109561,1.000000,1.100000,0.000000,0.000000,-1.571000,-0.169101,0.992025,0.054947,1.007833
45.622000,0.058864,0.007975,1.045057,-0.338479,0.000006,0.001694,-0.173690,-0.000000,1.570813,-0.111313,1.000000,1.100000,0.000000,0.000000,-1.571000,-0.170177,0.992025,0.054943,1.008014
45.624000,0.058182,0.007975,1.045060,-0.341284,0.000006,0.001687,-0.173646,-0.000000,1.570813,-0.113061,1.000000,1.100000,0.000000,0.000000,-1.571000,-0.171244,0.992025,0.054940,1.008195
45.626000,0.057495,0.007975,1.045064,-0.344083,0.000006,0.001675,-0.173595,-0.000000,1.570812,-0.114805,1.000000,1.100000,0.000000,0.000000,-1.571000,-0.172300,0.992025,0.054936,1.008374
45.628000,0.056802,0.007975,1.045067,-0.346874,0.000005,0.001658,-0.173535,-0.000000,1.570812,-0.116544,1.000000,1.100000,0.000000,0.000000,-1.571000,-0.173346,0.992025,0.054933,1.008554
45.630000,0.056103,0.007975,1.045070,-0.349659,0.000005,0.001638,-0.173465,-0.000000,1.570811,-0.118279,1.000000,1.100000,0.000000,0.000000,-1.571000,-0.174382,0.992025,0.054930,1.008732
45.632000,0.055399,0.007975,1.045073,-0.352436,0.000005,0.001613,-0.173383,-0.000000,1.570811,-0.120009,1.000000,1.100000,0.000000,0.000000,-1.571000,-0.175408,0.992025,0.054927,1.008910
45.634000,0.054689,0.007975,1.045077,-0.355205,0.000005,0.001586,-0.173286,-0.000000,1.570810,-0.121734,1.000000,1.100000,0.000000,0.000000,-1.571000,-0.176423,0.992025,0.054923,1.009086
45.636000,0.053974,0.007975,1.045080,-0.357967,0.000005,0.001555,-0.173175,-0.000000,1.570810,-0.123454,1.000000,1.100000,0.000000,0.000000,-1.571000,-0.177428,0.992025,0.054920,1.009262
45.638000,0.053253,0.007975,1.045083,-0.360721,0.000005,0.001522,-0.173048,-0.000000,1.570809,-0.125170,1.000000,1.100000,0.000000,0.000000,-1.571000,-0.178423,0.992025,0.054917,1.009438
45.640000,0.052527,0.007975,1.045086,-0.363467,0.000005,0.001487,-0.172904,-0.000000,1.570808,-0.126880,1.000000,1.100000,0.000000,0.000000,-1.571000,-0.179407,0.992025,0.054914,1.009612
45.642000,0.051795,0.007975,1.045089,-0.366205,0.000005,0.001450,-0.172742,-0.000000,1.570808,-0.128586,1.000000,1.100000,0.000000,0.000000,-1.571000,-0.180381,0.992025,0.054911,1.009785
45.644000,0.051058,0.007975,1.045092,-0.368934,0.000005,0.001411,-0.172562,0.000000,1.570807,-0.130286,1.000000,1.100000,0.000000,0.000000,-1.571000,-0.181344,0.992025,0.054908,1.009958
45.646000,0.050315,0.007975,1.045094,-0.371653,0.000005,0.001372,-0.172363,0.000000,1.570806,-0.131982,1.000000,1.100000,0.000000,0.000000,-1.571000,-0.182297,0.992025,0.054906,1.010129
45.648000,0.049567,0.007975,1.045097,-0.374364,0.000005,0.001331,-0.172146,0.000000,1.570805,-0.133672,1.000000,1.100000,0.000000,0.000000,-1.571000,-0.183239,0.992025,0.054903,1.010299
45.650000,0.048814,0.007975,1.045100,-0.377065,0.000005,0.001289,-0.171909,0.000000,1.570804,-0.135357,1.000000,1.100000,0.000000,0.000000,-1.571000,-0.184170,0.992025,0.054900,1.010468
45.652000,0.048055,0.007975,1.045102,-0.379756,0.000005,0.001247,-0.171654,0.000000,1.570803,-0.137036,1.000000,1.100000,0.000000,0.000000,-1.571000,-0.185091,0.992025,0.054898,1.010636
45.654000,0.047290,0.007975,1.045105,-0.382436,0.000005,0.001204,-0.171379,-0.000000,1.570802,-0.138710,1.000000,1.100000,0.000000,0.000000,-1.571000,-0.186001,0.992025,0.054895,1.010803
45.656000,0.046521,0.007975,1.045107,-0.385106,0.000005,0.001161,-0.171086,-0.000000,1.570801,-0.140379,1.000000,1.100000,0.000000,0.000000,-1.571000,-0.186900,0.992025,0.054893,1.010969
45.658000,0.045746,0.007975,1.045109,-0.387765,0.000005,0.001119,-0.170774,-0.000000,1.570801,-0.142042,1.000000,1.100000,0.000000,0.000000,-1.571000,-0.187788,0.992025,0.054891,1.011133
45.660000,0.044965,0.007975,1.045111,-0.390413,0.000005,0.001076,-0.170444,-0.000000,1.570800,-0.143699,1.000000,1.100000,0.000000,0.000000,-1.571000,-0.188665,0.992025,0.054889,1.011297
45.662000,0.044180,0.007975,1.045114,-0.393049,0.000005,0.001034,-0.170096,-0.000001,1.570799,-0.145351,1.000000,1.100000,0.000000,0.000000,-1.571000,-0.189531,0.992025,0.054886,1.011458
45.664000,0.043389,0.007975,1.045116,-0.395673,0.000005,0.000992,-0.169731,-0.000001,1.570798,-0.146997,1.000000,1.100000,0.000000,0.000000,-1.571000,-0.190386,0.992025,0.054884,1.011619
45.666000,0.042593,0.007975,1.045117,-0.398285,0.000005,0.000950,-0.169349,-0.000001,1.570797,-0.148638,1.000000,1.100000,0.000000,0.000000,-1.571000,-0.191231,0.992025,0.054883,1.011778
45.668000,0.041792,0.007975,1.045119,-0.400884,0.000005,0.000910,-0.168952,-0.000001,1.570796,-0.150272,1.000000,1.100000,0.000000,0.000000,-1.571000,-0.192064,0.992025,0.054881,1.011936
45.670000,0.040985,0.007975,1.045121,-0.403471,0.000005,0.000870,-0.168540,-0.000002,1.570795,-0.151900,1.000000,1.100000,0.000000,0.000000,-1.571000,-0.192886,0.992025,0.054879,1.012092
45.672000,0.040174,0.007975,1.045123,-0.406045,0.000005,0.000831,-0.168113,-0.000002,1.570795,-0.153523,1.000000,1.100000,0.000000,0.000000,-1.571000,-0.193696,0.992025,0.054877,1.012247
45.674000,0.039357,0.007975,1.045124,-0.408605,0.000005,0.000793,-0.167673,-0.000002,1.570794,-0.155139,1.000000,1.100000,0.000000,0.000000,-1.571000,-0.194496,0.992025,0.054876,1.012400
45.676000,0.038535,0.007975,1.045126,-0.411152,0.000004,0.000756,-0.167220,-0.000002,1.570793,-0.156750,1.000000,1.100000,0.000000,0.000000,-1.571000,-0.195285,0.992025,0.054874,1.012552
45.678000,0.037708,0.007975,1.045127,-0.413685,0.000004,0.000720,-0.166756,-0.000003,1.570793,-0.158354,1.000000,1.100000,0.000000,0.000000,-1.571000,-0.196062,0.992025,0.054873,1.012702
45.680000,0.036876,0.007975,1.045129,-0.416205,0.000004,0.000686,-0.166280,-0.000003,1.570792,-0.159951,1.000000,1.100000,0.000000,0.000000,-1.571000,-0.196828,0.992025,0.054871,1.012850
45.682000,0.036039,0.007975,1.045130,-0.418709,0.000004,0.000648,-0.165794,-0.000003,1.570792,-0.161543,1.000000,1.100000,0.000000,0.000000,-1.571000,-0.197582,0.992025,0.054870,1.012997
45.684000,0.035197,0.007975,1.045131,-0.421198,0.000004,0.000603,-0.165295,-0.000003,1.570791,-0.163128,1.000000,1.100000,0.000000,0.000000,-1.571000,-0.198325,0.992025,0.054869,1.013142
45.686000,0.034350,0.007975,1.045132,-0.423671,0.000004,0.000552,-0.164781,-0.000004,1.570791,-0.164707,1.000000,1.100000,0.000000,0.000000,-1.571000,-0.199057,0.992025,0.054868,1.013285
45.688000,0.033498,0.007975,1.045133,-0.426128,0.000004,0.000496,-0.164250,-0.000004,1.570790,-0.166279,1.000000,1.100000,0.000000,0.000000,-1.571000,-0.199777,0.992025,0.054867,1.013427
45.690000,0.032641,0.007975,1.045134,-0.428570,0.000004,0.000435,-0.163700,-0.000004,1.570790,-0.167845,1.000000,1.100000,0.000000,0.000000,-1.571000,-0.200486,0.992025,0.054866,1.013567
45.692000,0.031780,0.007975,1.045135,-0.430994,0.000004,0.000370,-0.163131,-0.000004,1.570790,-0.169404,1.000000,1.100000,0.000000,0.000000,-1.571000,-0.201183,0.992025,0.054865,1.013705
45.694000,0.030913,0.007975,1.045136,-0.433403,0.000004,0.000301,-0.162542,-0.000005,1.570789,-0.170956,1.000000,1.100000,0.000000,0.000000,-1.571000,-0.201869,0.992025,0.054864,1.013841
45.696000,0.030042,0.007975,1.045136,-0.435794,0.000004,0.000230,-0.161931,-0.000005,1.570789,-0.172502,1.000000,1.100000,0.000000,0.000000,-1.571000,-0.202544,0.992025,0.054864,1.013976
45.698000,0.029166,0.007975,1.045137,-0.438168,0.000004,0.000156,-0.161298,-0.000005,1.570789,-0.174040,1.000000,1.100000,0.000000,0.000000,-1.571000,-0.203206,0.992025,0.054863,1.014108
45.700000,0.028285,0.007975,1.045137,-0.440525,0.000004,0.000081,-0.160644,-0.000005,1.570788,-0.175572,1.000000,1.100000,0.000000,0.000000,-1.571000,-0.203858,0.992025,0.054863,1.014239
45.702000,0.027400,0.007975,1.045137,-0.442864,0.000004,0.000004,-0.159968,-0.000005,1.570788,-0.177097,1.000000,1.100000,0.000000,0.000000,-1.571000,-0.204497,0.992025,0.054863,1.014368
45.704000,0.026510,0.007975,1.045137,-0.445185,0.000004,-0.000074,-0.159270,-0.000005,1.570788,-0.178615,1.000000,1.100000,0.000000,0.000000,-1.571000,-0.205125,0.992025,0.054863,1.014495
45.706000,0.025615,0.007975,1.045136,-0.447487,0.000003,-0.000153,-0.158550,-0.000006,1.570787,-0.180126,1.000000,1.100000,0.000000,0.000000,-1.571000,-0.205741,0.992025,0.054864,1.014619
45.708000,0.024716,0.007975,1.045136,-0.449770,0.000003,-0.000231,-0.157809,-0.000006,1.570787,-0.181630,1.000000,1.100000,0.000000,0.000000,-1.571000,-0.206346,0.992025,0.054864,1.014742
45.710000,0.023812,0.007975,1.045135,-0.452035,0.000003,-0.000310,-0.157048,-0.000006,1.570787,-0.183127,1.000000,1.100000,0.000000,0.000000,-1.571000,-0.206938,0.992025,0.054865,1.014863
45.712000,0.022904,0.007975,1.045135,-0.454279,0.000003,-0.000389,-0.156266,-0.000006,1.570786,-0.184616,1.000000,1.100000,0.000000,0.000000,-1.571000,-0.207519,0.992025,0.054865,1.014982
45.714000,0.021991,0.007975,1.045134,-0.456504,0.000003,-0.000467,-0.155466,-0.000006,1.570786,-0.186098,1.000000,1.100000,0.000000,0.000000,-1.571000,-0.208089,0.992025,0.054866,1.015098
45.716000,0.021073,0.007975,1.045133,-0.458709,0.000003,-0.000544,-0.154647,-0.000006,1.570786,-0.187573,1.000000,1.100000,0.000000,0.000000,-1.571000,-0.208646,0.992025,0.054867,1.015213
45.718000,0.020152,0.007975,1.045132,-0.460894,0.000003,-0.000620,-0.153812,-0.000006,1.570786,-0.189040,1.000000,1.100000,0.000000,0.000000,-1.571000,-0.209192,0.992025,0.054868,1.015325
45.720000,0.019226,0.007975,1.045130,-0.463057,0.000003,-0.000695,-0.152960,-0.000007,1.570785,-0.190500,1.000000,1.100000,0.000000,0.000000,-1.571000,-0.209726,0.992025,0.054870,1.015435
45.722000,0.018296,0.007975,1.045129,-0.465200,0.000003,-0.000769,-0.152093,-0.000007,1.570785,-0.191952,1.000000,1.100000,0.000000,0.000000,-1.571000,-0.210248,0.992025,0.054871,1.015543
45.724000,0.017361,0.007975,1.045127,-0.467322,0.000003,-0.000841,-0.151213,-0.000007,1.570785,-0.193397,1.000000,1.100000,0.000000,0.000000,-1.571000,-0.210758,0.992025,0.054873,1.015649
45.726000,0.016422,0.007975,1.045125,-0.469422,0.000002,-0.000912,-0.150320,-0.000007,1.570785,-0.194834,1.000000,1.100000,0.000000,0.000000,-1.571000,-0.211257,0.992025,0.054875,1.015753
45.728000,0.015479,0.007975,1.045123,-0.471501,0.000002,-0.000980,-0.149417,-0.000007,1.570785,-0.196264,1.000000,1.100000,0.000000,0.000000,-1.571000,-0.211743,0.992025,0.054877,1.015854
45.730000,0.014532,0.007975,1.045121,-0.473559,0.000002,-0.001047,-0.148503,-0.000007,1.570785,-0.197686,1.000000,1.100000,0.000000,0.000000,-1.571000,-0.212218,0.992025,0.054879,1.015953
45.732000,0.013581,0.007975,1.045119,-0.475594,0.000002,-0.001112,-0.147581,-0.000007,1.570785,-0.199100,1.000000,1.100000,0.000000,0.000000,-1.571000,-0.212681,0.992025,0.054881,1.016050
45.734000,0.012626,0.007975,1.045117,-0.477608,0.000002,-0.001175,-0.146653,-0.000007,1.570785,-0.200506,1.000000,1.100000,0.000000,0.000000,-1.571000,-0.213132,0.992025,0.054883,1.016145
45.736000,0.011667,0.007975,1.045114,-0.479599,0.000002,-0.001236,-0.145718,-0.000007,1.570785,-0.201904,1.000000,1.100000,0.000000,0.000000,-1.571000,-0.213571,0.992025,0.054886,1.016237
45.738000,0.010704,0.007975,1.045112,-0.481569,0.000002,-0.001295,-0.144780,-0.000007,1.570785,-0.203294,1.000000,1.100000,0.000000,0.000000,-1.571000,-0.213998,0.992025,0.054888,1.016327
45.740000,0.009737,0.007975,1.045109,-0.483516,0.000002,-0.001351,-0.143839,-0.000007,1.570785,-0.204676,1.000000,1.100000,0.000000,0.000000,-1.571000,-0.214413,0.992025,0.054891,1.016415
45.742000,0.008766,0.007975,1.045106,-0.485442,0.000002,-0.001405,-0.142897,-0.000007,1.570786,-0.206050,1.000000,1.100000,0.000000,0.000000,-1.571000,-0.214816,0.992025,0.054894,1.016500
45.744000,0.007791,0.007975,1.045103,-0.487345,0.000002,-0.001457,-0.141955,-0.000006,1.570786,-0.207416,1.000000,1.100000,0.000000,0.000000,-1.571000,-0.215207,0.992025,0.054897,1.016583
45.746000,0.006813,0.007975,1.045100,-0.489227,0.000001,-0.001507,-0.141015,-0.000006,1.570787,-0.208774,1.000000,1.100000,0.000000,0.000000,-1.571000,-0.215587,0.992025,0.054900,1.016663
45.748000,0.005830,0.007975,1.045097,-0.491086,0.000001,-0.001554,-0.140077,-0.000006,1.570787,-0.210123,1.000000,1.100000,0.000000,0.000000,-1.571000,-0.215954,0.992025,0.054903,1.016742
45.750000,0.004845,0.007975,1.045094,-0.492924,0.000001,-0.001599,-0.139144,-0.000006,1.570788,-0.211465,1.000000,1.100000,0.000000,0.000000,-1.571000,-0.216309,0.992025,0.054906,1.016817
45.752000,0.003855,0.007975,1.045091,-0.494740,0.000001,-0.001642,-0.138217,-0.000005,1.570789,-0.212797,1.000000,1.100000,0.000000,0.000000,-1.571000,-0.216652,0.992025,0.054909,1.016890
45.754000,0.002862,0.007975,1.045088,-0.496535,0.000001,-0.001682,-0.137297,-0.000005,1.570790,-0.214122,1.000000,1.100000,0.000000,0.000000,-1.571000,-0.216984,0.992025,0.054912,1.016961
45.756000,0.001865,0.007975,1.045084,-0.498308,0.000001,-0.001720,-0.136385,-0.000005,1.570791,-0.215438,1.000000,1.100000,0.000000,0.000000,-1.571000,-0.217303,0.992025,0.054916,1.017030
45.758000,0.000865,0.007975,1.045081,-0.500060,0.000001,-0.001756,-0.135482,-0.000004,1.570793,-0.216745,1.000000,1.100000,0.000000,0.000000,-1.571000,-0.217610,0.992025,0.054919,1.017096
45.760000,-0.000139,0.007975,1.045077,-0.501792,0.000001,-0.001789,-0.134590,-0.000004,1.570794,-0.218044,1.000000,1.100000,0.000000,0.000000,-1.571000,-0.217905,0.992025,0.054923,1.017159
45.762000,-0.001146,0.007975,1.045073,-0.503502,0.000001,-0.001824,-0.133709,-0.000003,1.570795,-0.219335,1.000000,1.100000,0.000000,0.000000,-1.571000,-0.218189,0.992025,0.054927,1.017220
45.764000,-0.002157,0.007975,1.045070,-0.505191,0.000001,-0.001865,-0.132835,-0.000003,1.570797,-0.220616,1.000000,1.100000,0.000000,0.000000,-1.571000,-0.218460,0.992025,0.054930,1.017278
45.766000,-0.003170,0.007975,1.045066,-0.506859,0.000001,-0.001910,-0.131967,-0.000003,1.570798,-0.221889,1.000000,1.100000,0.000000,0.000000,-1.571000,-0.218719,0.992025,0.054934,1.017334
45.768000,-0.004188,0.007975,1.045062,-0.508506,0.000001,-0.001959,-0.131102,-0.000002,1.570800,-0.223154,1.000000,1.100000,0.000000,0.000000,-1.571000,-0.218966,0.992025,0.054938,1.017387
45.770000,-0.005208,0.007975,1.045058,-0.510132,0.000001,-0.002011,-0.130238,-0.000002,1.570802,-0.224409,1.000000,1.100000,0.000000,0.000000,-1.571000,-0.219201,0.992025,0.054942,1.017438
45.772000,-0.006232,0.007975,1.045054,-0.511738,0.000000,-0.002066,-0.129374,-0.000001,1.570803,-0.225655,1.000000,1.100000,0.000000,0.000000,-1.571000,-0.219424,0.992025,0.054946,1.017486
45.774000,-0.007259,0.007975,1.045050,-0.513323,0.000000,-0.002123,-0.128508,-0.000001,1.570805,-0.226893,1.000000,1.100000,0.000000,0.000000,-1.571000,-0.219634,0.992025,0.054950,1.017532
45.776000,-0.008289,0.007975,1.045045,-0.514888,0.000000,-0.002182,-0.127638,-0.000000,1.570806,-0.228122,1.000000,1.100000,0.000000,0.000000,-1.571000,-0.219833,0.992025,0.054955,1.017575
45.778000,-0.009322,0.007975,1.045041,-0.516433,0.000000,-0.002243,-0.126765,0.000000,1.570808,-0.229341,1.000000,1.100000,0.000000,0.000000,-1.571000,-0.220020,0.992025,0.054959,1.017616
45.780000,-0.010358,0.007975,1.045036,-0.517957,0.000000,-0.002305,-0.125886,0.000001,1.570809,-0.230552,1.000000,1.100000,0.000000,0.000000,-1.571000,-0.220194,0.992025,0.054964,1.017654
45.782000,-0.011397,0.007975,1.045032,-0.519461,0.000000,-0.002368,-0.125002,0.000001,1.570811,-0.231754,1.000000,1.100000,0.000000,0.000000,-1.571000,-0.220356,0.992025,0.054968,1.017689
45.784000,-0.012439,0.007975,1.045027,-0.520944,0.000000,-0.002432,-0.124112,0.000001,1.570812,-0.232946,1.000000,1.100000,0.000000,0.000000,-1.571000,-0.220506,0.992025,0.054973,1.017722
45.786000,-0.013485,0.007975,1.045022,-0.522407,0.000000,-0.002495,-0.123215,0.000002,1.570813,-0.234129,1.000000,1.100000,0.000000,0.000000,-1.571000,-0.220645,0.992025,0.054978,1.017752
45.788000,-0.014533,0.007975,1.045017,-0.523849,0.000000,-0.002559,-0.122312,0.000002,1.570814,-0.235303,1.000000,1.100000,0.000000,0.000000,-1.571000,-0.220770,0.992025,0.054983,1.017780
45.790000,-0.015584,0.007975,1.045011,-0.525271,0.000000,-0.002623,-0.121402,0.000002,1.570815,-0.236468,1.000000,1.100000,0.000000,0.000000,-1.571000,-0.220884,0.992025,0.054989,1.017805
45.792000,-0.016637,0.007975,1.045006,-0.526672,0.000000,-0.002687,-0.120485,0.000002,1.570816,-0.237623,1.000000,1.100000,0.000000,0.000000,-1.571000,-0.220986,0.992025,0.054994,1.017827
45.794000,-0.017694,0.007975,1.045001,-0.528053,0.000000,-0.002751,-0.119562,0.000002,1.570817,-0.238769,1.000000,1.100000,0.000000,0.000000,-1.571000,-0.221075,0.992025,0.054999,1.017847
45.796000,-0.018753,0.007975,1.044995,-0.529412,0.000000,-0.002814,-0.118633,0.000002,1.570818,-0.239905,1.000000,1.100000,0.000000,0.000000,-1.571000,-0.221152,0.992025,0.055005,1.017864
45.798000,-0.019815,0.007975,1.044989,-0.530751,0.000000,-0.002876,-0.117698,0.000002,1.570819,-0.241032,1.000000,1.100000,0.000000,0.000000,-1.571000,-0.221218,0.992025,0.055011,1.017878
45.800000,-0.020879,0.007975,1.044983,-0.532068,0.000000,-0.002938,-0.116757,0.000002,1.570819,-0.242150,1.000000,1.100000,0.000000,0.000000,-1.571000,-0.221271,0.992025,0.055017,1.017890
45.802000,-0.021946,0.007975,1.044977,-0.533365,0.000000,-0.002999,-0.115812,0.000002,1.570820,-0.243258,1.000000,1.100000,0.000000,0.000000,-1.571000,-0.221311,0.992025,0.055023,1.017899
45.804000,-0.023016,0.007975,1.044971,-0.534641,0.000000,-0.003058,-0.114863,0.000002,1.570820,-0.244356,1.000000,1.100000,0.000000,0.000000,-1.571000,-0.221340,0.992025,0.055029,1.017906
45.806000,-0.024088,0.007975,1.044965,-0.535896,0.000000,-0.003117,-0.113909,0.000002,1.570821,-0.245445,1.000000,1.100000,0.000000,0.000000,-1.571000,-0.221356,0.992025,0.055035,1.017910
45.808000,-0.025163,0.007975,1.044959,-0.537129,0.000000,-0.003174,-0.112954,0.000002,1.570821,-0.246524,1.000000,1.100000,0.000000,0.000000,-1.571000,-0.221361,0.992025,0.055041,1.017911
45.810000,-0.026240,0.007975,1.044952,-0.538342,0.000000,-0.003230,-0.111996,0.000002,1.570821,-0.247593,1.000000,1.100000,0.000000,0.000000,-1.571000,-0.221353,0.992025,0.055048,1.017910
45.812000,-0.027320,0.007975,1.044946,-0.539534,0.000000,-0.003284,-0.111036,0.000002,1.570821,-0.248653,1.000000,1.100000,0.000000,0.000000,-1.571000,-0.221333,0.992025,0.055054,1.017906
45.814000,-0.028402,0.007975,1.044939,-0.540704,0.000000,-0.003337,-0.110077,0.000002,1.570822,-0.249702,1.000000,1.100000,0.000000,0.000000,-1.571000,-0.221301,0.992025,0.055061,1.017899
45.816000,-0.029486,0.007975,1.044932,-0.541854,0.000000,-0.003389,-0.109117,0.000002,1.570822,-0.250742,1.000000,1.100000,0.000000,0.000000,-1.571000,-0.221256,0.992025,0.055068,1.017890
45.818000,-0.030572,0.007975,1.044926,-0.542982,0.000000,-0.003439,-0.108159,0.000002,1.570822,-0.251772,1.000000,1.100000,0.000000,0.000000,-1.571000,-0.221200,0.992025,0.055074,1.017878
45.820000,-0.031661,0.007975,1.044919,-0.544090,0.000000,-0.003488,-0.107203,0.000001,1.570822,-0.252792,1.000000,1.100000,0.000000,0.000000,-1.571000,-0.221131,0.992025,0.055081,1.017863
45.822000,-0.032752,0.007975,1.044912,-0.545177,0.000000,-0.003537,-0.106249,0.000001,1.570822,-0.253802,1.000000,1.100000,0.000000,0.000000,-1.571000,-0.221050,0.992025,0.055088,1.017846
45.824000,-0.033845,0.007975,1.044904,-0.546243,0.000000,-0.003591,-0.105295,0.000001,1.570822,-0.254802,1.000000,1.100000,0.000000,0.000000,-1.571000,-0.220957,0.992025,0.055096,1.017826
45.826000,-0.034940,0.007975,1.044897,-0.547287,0.000000,-0.003647,-0.104339,0.000001,1.570822,-0.255792,1.000000,1.100000,0.000000,0.000000,-1.571000,-0.220852,0.992025,0.055103,1.017804
45.828000,-0.036038,0.007975,1.044890,-0.548310,-0.000000,-0.003706,-0.103379,0.000001,1.570822,-0.256772,1.000000,1.100000,0.000000,0.000000,-1.571000,-0.220734,0.992025,0.055110,1.017779
45.830000,-0.037137,0.007975,1.044882,-0.549313,-0.000000,-0.003768,-0.102413,0.000001,1.570822,-0.257742,1.000000,1.100000,0.000000,0.000000,-1.571000,-0.220605,0.992025,0.055118,1.017751
45.832000,-0.038238,0.007975,1.044875,-0.550294,-0.000000,-0.003831,-0.101441,0.000000,1.570821,-0.258701,1.000000,1.100000,0.000000,0.000000,-1.571000,-0.220463,0.992025,0.055125,1.017721
45.834000,-0.039341,0.007975,1.044867,-0.551254,-0.000000,-0.003896,-0.100461,0.000000,1.570821,-0.259650,1.000000,1.100000,0.000000,0.000000,-1.571000,-0.220309,0.992025,0.055133,1.017688
45.836000,-0.040446,0.007975,1.044859,-0.552192,-0.000000,-0.003962,-0.099473,-0.000000,1.570821,-0.260589,1.000000,1.100000,0.000000,0.000000,-1.571000,-0.220143,0.992025,0.055141,1.017652
45.838000,-0.041553,0.007975,1.044851,-0.553109,-0.000000,-0.004028,-0.098475,-0.000000,1.570820,-0.261518,1.000000,1.100000,0.000000,0.000000,-1.571000,-0.219965,0.992025,0.055149,1.017614
45.840000,-0.042662,0.007975,1.044843,-0.554005,-0.000000,-0.004096,-0.097469,-0.000000,1.570820,-0.262437,1.000000,1.100000,0.000000,0.000000,-1.571000,-0.219775,0.992025,0.055157,1.017574
45.842000,-0.043772,0.007975,1.044834,-0.554880,-0.000000,-0.004163,-0.096453,-0.000001,1.570819,-0.263345,1.000000,1.100000,0.000000,0.000000,-1.571000,-0.219573,0.992025,0.055166,1.017530
45.844000,-0.044884,0.007975,1.044826,-0.555732,-0.000000,-0.004231,-0.095427,-0.000001,1.570819,-0.264242,1.000000,1.100000,0.000000,0.000000,-1.571000,-0.219358,0.992025,0.055174,1.017485
45.846000,-0.045998,0.007975,1.044817,-0.556563,-0.000000,-0.004299,-0.094392,-0.000001,1.570818,-0.265130,1.000000,1.100000,0.000000,0.000000,-1.571000,-0.219132,0.992025,0.055183,1.017436
45.848000,-0.047114,0.007975,1.044809,-0.557372,-0.000001,-0.004367,-0.093348,-0.000002,1.570818,-0.266006,1.000000,1.100000,0.000000,0.000000,-1.571000,-0.218893,0.992025,0.055191,1.017385
45.850000,-0.048231,0.007975,1.044800,-0.558159,-0.000001,-0.004434,-0.092295,-0.000002,1.570817,-0.266873,1.000000,1.100000,0.000000,0.000000,-1.571000,-0.218642,0.992025,0.055200,1.017332
45.852000,-0.049349,0.007975,1.044791,-0.558923,-0.000001,-0.004500,-0.091234,-0.000002,1.570817,-0.267729,1.000000,1.100000,0.000000,0.000000,-1.571000,-0.218379,0.992025,0.055209,1.017276
45.854000,-0.050469,0.007975,1.044782,-0.559666,-0.000001,-0.004566,-0.090165,-0.000002,1.570816,-0.268574,1.000000,1.100000,0.000000,0.000000,-1.571000,-0.218104,0.992025,0.055218,1.017218
45.856000,-0.051591,0.007975,1.044773,-0.560386,-0.000001,-0.004631,-0.089089,-0.000003,1.570816,-0.269408,1.000000,1.100000,0.000000,0.000000,-1.571000,-0.217817,0.992025,0.055227,1.017157
45.858000,-0.052714,0.007975,1.044763,-0.561083,-0.000001,-0.004695,-0.088007,-0.000003,1.570815,-0.270232,1.000000,1.100000,0.000000,0.000000,-1.571000,-0.217518,0.992025,0.055237,1.017093
45.860000,-0.053838,0.007975,1.044754,-0.561758,-0.000001,-0.004758,-0.086920,-0.000003,1.570814,-0.271045,1.000000,1.100000,0.000000,0.000000,-1.571000,-0.217207,0.992025,0.055246,1.017027
45.862000,-0.054964,0.007975,1.044744,-0.562411,-0.000001,-0.004820,-0.085828,-0.000004,1.570814,-0.271848,1.000000,1.100000,0.000000,0.000000,-1.571000,-0.216884,0.992025,0.055256,1.016959
45.864000,-0.056091,0.007975,1.044734,-0.563041,-0.000001,-0.004881,-0.084733,-0.000004,1.570813,-0.272640,1.000000,1.100000,0.000000,0.000000,-1.571000,-0.216549,0.992025,0.055266,1.016888
45.866000,-0.057219,0.007975,1.044724,-0.563648,-0.000001,-0.004941,-0.083635,-0.000004,1.570813,-0.273421,1.000000,1.100000,0.000000,0.000000,-1.571000,-0.216202,0.992025,0.055276,1.016815
45.868000,-0.058348,0.007975,1.044714,-0.564233,-0.000001,-0.004999,-0.082537,-0.000005,1.570813,-0.274191,1.000000,1.100000,0.000000,0.000000,-1.571000,-0.215843,0.992025,0.055286,1.016739
45.870000,-0.059478,0.007975,1.044704,-0.564795,-0.000002,-0.005056,-0.081437,-0.000005,1.570812,-0.274951,1.000000,1.100000,0.000000,0.000000,-1.571000,-0.215472,0.992025,0.055296,1.016661
45.872000,-0.060610,0.007975,1.044694,-0.565334,-0.000002,-0.005112,-0.080339,-0.000005,1.570812,-0.275699,1.000000,1.100000,0.000000,0.000000,-1.571000,-0.215089,0.992025,0.055306,1.016580
45.874000,-0.061743,0.007975,1.044684,-0.565852,-0.000002,-0.005167,-0.079243,-0.000006,1.570812,-0.276437,1.000000,1.100000,0.000000,0.000000,-1.571000,-0.214695,0.992025,0.055316,1.016497
45.876000,-0.062876,0.007975,1.044673,-0.566346,-0.000002,-0.005220,-0.078150,-0.000006,1.570811,-0.277164,1.000000,1.100000,0.000000,0.000000,-1.571000,-0.214288,0.992025,0.055327,1.016412
45.878000,-0.064011,0.007975,1.044663,-0.566819,-0.000002,-0.005272,-0.077061,-0.000006,1.570811,-0.277880,1.000000,1.100000,0.000000,0.000000,-1.571000,-0.213869,0.992025,0.055337,1.016324
45.880000,-0.065146,0.007975,1.044652,-0.567269,-0.000002,-0.005322,-0.075977,-0.000007,1.570811,-0.278585,1.000000,1.100000,0.000000,0.000000,-1.571000,-0.213439,0.992025,0.055348,1.016234
45.882000,-0.066282,0.007975,1.044642,-0.567698,-0.000002,-0.005372,-0.074899,-0.000007,1.570811,-0.279279,1.000000,1.100000,0.000000,0.000000,-1.571000,-0.212996,0.992025,0.055358,1.016142
45.884000,-0.067420,0.007975,1.044631,-0.568104,-0.000003,-0.005423,-0.073823,-0.000008,1.570811,-0.279961,1.000000,1.100000,0.000000,0.000000,-1.571000,-0.212542,0.992025,0.055369,1.016048
45.886000,-0.068557,0.007975,1.044620,-0.568489,-0.000003,-0.005475,-0.072747,-0.000008,1.570812,-0.280633,1.000000,1.100000,0.000000,0.000000,-1.571000,-0.212076,0.992025,0.055380,1.015951
45.888000,-0.069696,0.007975,1.044609,-0.568851,-0.000003,-0.005527,-0.071668,-0.000008,1.570812,-0.281294,1.000000,1.100000,0.000000,0.000000,-1.571000,-0.211598,0.992025,0.055391,1.015852
45.890000,-0.070836,0.007975,1.044598,-0.569192,-0.000003,-0.005579,-0.070584,-0.000009,1.570812,-0.281944,1.000000,1.100000,0.000000,0.000000,-1.571000,-0.211108,0.992025,0.055402,1.015750
45.892000,-0.071976,0.007975,1.044586,-0.569511,-0.000003,-0.005631,-0.069493,-0.000009,1.570812,-0.282582,1.000000,1.100000,0.000000,0.000000,-1.571000,-0.210607,0.992025,0.055414,1.015647
45.894000,-0.073116,0.007975,1.044575,-0.569807,-0.000003,-0.005683,-0.068393,-0.000010,1.570812,-0.283209,1.000000,1.100000,0.000000,0.000000,-1.571000,-0.210093,0.992025,0.055425,1.015541
45.896000,-0.074257,0.007975,1.044564,-0.570082,-0.000004,-0.005735,-0.067285,-0.000010,1.570812,-0.283826,1.000000,1.100000,0.000000,0.000000,-1.571000,-0.209568,0.992025,0.055436,1.015433
45.898000,-0.075399,0.007975,1.044552,-0.570334,-0.000004,-0.005787,-0.066166,-0.000010,1.570812,-0.284431,1.000000,1.100000,0.000000,0.000000,-1.571000,-0.209032,0.992025,0.055448,1.015323
45.900000,-0.076541,0.007975,1.044540,-0.570564,-0.000004,-0.005838,-0.065036,-0.000011,1.570811,-0.285024,1.000000,1.100000,0.000000,0.000000,-1.571000,-0.208483,0.992025,0.055460,1.015211
45.902000,-0.077684,0.007975,1.044529,-0.570772,-0.000004,-0.005888,-0.063894,-0.000011,1.570811,-0.285607,1.000000,1.100000,0.000000,0.000000,-1.571000,-0.207923,0.992025,0.055471,1.015097
45.904000,-0.078827,0.007975,1.044517,-0.570956,-0.000004,-0.005938,-0.062741,-0.000012,1.570811,-0.286178,1.000000,1.100000,0.000000,0.000000,-1.571000,-0.207351,0.992025,0.055483,1.014981
45.906000,-0.079970,0.007975,1.044505,-0.571118,-0.000005,-0.005988,-0.061576,-0.000012,1.570811,-0.286738,1.000000,1.100000,0.000000,0.000000,-1.571000,-0.206768,0.992025,0.055495,1.014862
45.908000,-0.081114,0.007975,1.044493,-0.571256,-0.000005,-0.006036,-0.060399,-0.000012,1.570810,-0.287286,1.000000,1.100000,0.000000,0.000000,-1.571000,-0.206173,0.992025,0.055507,1.014742
45.910000,-0.082257,0.007975,1.044481,-0.571372,-0.000005,-0.006084,-0.059211,-0.000013,1.570810,-0.287824,1.000000,1.100000,0.000000,0.000000,-1.571000,-0.205566,0.992025,0.055519,1.014620
45.912000,-0.083401,0.007975,1.044468,-0.571463,-0.000005,-0.006131,-0.058012,-0.000013,1.570810,-0.288350,1.000000,1.100000,0.000000,0.000000,-1.571000,-0.204948,0.992025,0.055532,1.014495
45.914000,-0.084546,0.007975,1.044456,-0.571531,-0.000006,-0.006177,-0.056802,-0.000014,1.570809,-0.288864,1.000000,1.100000,0.000000,0.000000,-1.571000,-0.204319,0.992025,0.055544,1.014369
45.916000,-0.085690,0.007975,1.044443,-0.571575,-0.000006,-0.006222,-0.055583,-0.000014,1.570809,-0.289367,1.000000,1.100000,0.000000,0.000000,-1.571000,-0.203677,0.992025,0.055557,1.014241
45.918000,-0.086834,0.007975,1.044431,-0.571596,-0.000006,-0.006266,-0.054354,-0.000015,1.570808,-0.289859,1.000000,1.100000,0.000000,0.000000,-1.571000,-0.203025,0.992025,0.055569,1.014111
45.920000,-0.087979,0.007975,1.044418,-0.571592,-0.000007,-0.006309,-0.053118,-0.000015,1.570808,-0.290339,1.000000,1.100000,0.000000,0.000000,-1.571000,-0.202361,0.992025,0.055582,1.013979
45.922000,-0.089123,0.007975,1.044406,-0.571564,-0.000007,-0.006351,-0.051874,-0.000015,1.570807,-0.290808,1.000000,1.100000,0.000000,0.000000,-1.571000,-0.201685,0.992025,0.055594,1.013845
45.924000,-0.090267,0.007975,1.044393,-0.571512,-0.000007,-0.006392,-0.050625,-0.000015,1.570807,-0.291265,1.000000,1.100000,0.000000,0.000000,-1.571000,-0.200998,0.992025,0.055607,1.013709
45.926000,-0.091411,0.007975,1.044380,-0.571435,-0.000007,-0.006432,-0.049370,-0.000016,1.570806,-0.291711,1.000000,1.100000,0.000000,0.000000,-1.571000,-0.200300,0.992025,0.055620,1.013571
45.928000,-0.092555,0.007975,1.044367,-0.571334,-0.000008,-0.006472,-0.048112,-0.000016,1.570806,-0.292145,1.000000,1.100000,0.000000,0.000000,-1.571000,-0.199590,0.992025,0.055633,1.013432
45.930000,-0.093699,0.007975,1.044354,-0.571209,-0.000008,-0.006510,-0.046851,-0.000016,1.570805,-0.292568,1.000000,1.100000,0.000000,0.000000,-1.571000,-0.198869,0.992025,0.055646,1.013291
45.932000,-0.094842,0.007975,1.044341,-0.571059,-0.000008,-0.006547,-0.045588,-0.000016,1.570805,-0.292979,1.000000,1.100000,0.000000,0.000000,-1.571000,-0.198137,0.992025,0.055659,1.013148
45.934000,-0.095985,0.007975,1.044328,-0.570885,-0.000009,-0.006583,-0.044326,-0.000016,1.570805,-0.293379,1.000000,1.100000,0.000000,0.000000,-1.571000,-0.197394,0.992025,0.055672,1.013004
45.936000,-0.097128,0.007975,1.044315,-0.570686,-0.000009,-0.006618,-0.043065,-0.000016,1.570804,-0.293767,1.000000,1.100000,0.000000,0.000000,-1.571000,-0.196639,0.992025,0.055685,1.012858
45.938000,-0.098270,0.007975,1.044301,-0.570463,-0.000009,-0.006652,-0.041807,-0.000016,1.570804,-0.294143,1.000000,1.100000,0.000000,0.000000,-1.571000,-0.195874,0.992025,0.055699,1.012710
45.940000,-0.099411,0.007975,1.044288,-0.570216,-0.000010,-0.006685,-0.040552,-0.000016,1.570804,-0.294508,1.000000,1.100000,0.000000,0.000000,-1.571000,-0.195097,0.992025,0.055712,1.012561
45.942000,-0.100553,0.007975,1.044274,-0.569946,-0.000010,-0.006718,-0.039303,-0.000016,1.570804,-0.294861,1.000000,1.100000,0.000000,0.000000,-1.571000,-0.194309,0.992025,0.055726,1.012410
45.944000,-0.101693,0.007975,1.044261,-0.569651,-0.000010,-0.006749,-0.038061,-0.000016,1.570804,-0.295203,1.000000,1.100000,0.000000,0.000000,-1.571000,-0.193510,0.992025,0.055739,1.012258
45.946000,-0.102833,0.007975,1.044247,-0.569332,-0.000010,-0.006780,-0.036826,-0.000015,1.570804,-0.295533,1.000000,1.100000,0.000000,0.000000,-1.571000,-0.192700,0.992025,0.055753,1.012104
45.948000,-0.103972,0.007975,1.044234,-0.568990,-0.000011,-0.006810,-0.035601,-0.000015,1.570804,-0.295851,1.000000,1.100000,0.000000,0.000000,-1.571000,-0.191879,0.992025,0.055766,1.011949
45.950000,-0.105111,0.007975,1.044220,-0.568625,-0.000011,-0.006838,-0.034387,-0.000015,1.570804,-0.296158,1.000000,1.100000,0.000000,0.000000,-1.571000,-0.191047,0.992025,0.055780,1.011792
45.952000,-0.106249,0.007975,1.044206,-0.568237,-0.000011,-0.006867,-0.033185,-0.000015,1.570804,-0.296452,1.000000,1.100000,0.000000,0.000000,-1.571000,-0.190204,0.992025,0.055794,1.011634
45.954000,-0.107386,0.007975,1.044193,-0.567826,-0.000012,-0.006894,-0.031995,-0.000015,1.570804,-0.296736,1.000000,1.100000,0.000000,0.000000,-1.571000,-0.189350,0.992025,0.055807,1.011475
45.956000,-0.108522,0.007975,1.044179,-0.567393,-0.000012,-0.006921,-0.030820,-0.000014,1.570805,-0.297007,1.000000,1.100000,0.000000,0.000000,-1.571000,-0.188485,0.992025,0.055821,1.011314
45.958000,-0.109657,0.007975,1.044165,-0.566938,-0.000012,-0.006947,-0.029661,-0.000014,1.570805,-0.297267,1.000000,1.100000,0.000000,0.000000,-1.571000,-0.187610,0.992025,0.055835,1.011152
45.960000,-0.110792,0.007975,1.044151,-0.566460,-0.000012,-0.006972,-0.028518,-0.000014,1.570806,-0.297515,1.000000,1.100000,0.000000,0.000000,-1.571000,-0.186723,0.992025,0.055849,1.010989
45.962000,-0.111925,0.007975,1.044137,-0.565962,-0.000013,-0.006997,-0.027392,-0.000013,1.570807,-0.297751,1.000000,1.100000,0.000000,0.000000,-1.571000,-0.185826,0.992025,0.055863,1.010825
45.964000,-0.113057,0.007975,1.044123,-0.565443,-0.000013,-0.007021,-0.026278,-0.000013,1.570807,-0.297976,1.000000,1.100000,0.000000,0.000000,-1.571000,-0.184918,0.992025,0.055877,1.010659
45.966000,-0.114188,0.007975,1.044109,-0.564902,-0.000013,-0.007045,-0.025174,-0.000013,1.570808,-0.298188,1.000000,1.100000,0.000000,0.000000,-1.571000,-0.184000,0.992025,0.055891,1.010492
45.968000,-0.115318,0.007975,1.044095,-0.564342,-0.000013,-0.007069,-0.024076,-0.000012,1.570809,-0.298389,1.000000,1.100000,0.000000,0.000000,-1.571000,-0.183071,0.992025,0.055905,1.010324
45.970000,-0.116447,0.007975,1.044080,-0.563760,-0.000014,-0.007092,-0.022981,-0.000012,1.570809,-0.298578,1.000000,1.100000,0.000000,0.000000,-1.571000,-0.182131,0.992025,0.055920,1.010155
45.972000,-0.117575,0.007975,1.044066,-0.563159,-0.000014,-0.007116,-0.021889,-0.000012,1.570810,-0.298756,1.000000,1.100000,0.000000,0.000000,-1.571000,-0.181181,0.992025,0.055934,1.009985
45.974000,-0.118702,0.007975,1.044052,-0.562537,-0.000014,-0.007138,-0.020795,-0.000011,1.570811,-0.298921,1.000000,1.100000,0.000000,0.000000,-1.571000,-0.180220,0.992025,0.055948,1.009814
45.976000,-0.119827,0.007975,1.044038,-0.561896,-0.000014,-0.007161,-0.019700,-0.000011,1.570811,-0.299075,1.000000,1.100000,0.000000,0.000000,-1.571000,-0.179248,0.992025,0.055962,1.009642
45.978000,-0.120951,0.007975,1.044023,-0.561233,-0.000014,-0.007183,-0.018601,-0.000010,1.570812,-0.299217,1.000000,1.100000,0.000000,0.000000,-1.571000,-0.178266,0.992025,0.055977,1.009469
45.980000,-0.122073,0.007974,1.044009,-0.560551,-0.000015,-0.007205,-0.017497,-0.000010,1.570812,-0.299347,1.000000,1.100000,0.000000,0.000000,-1.571000,-0.177274,0.992026,0.055991,1.009295
45.982000,-0.123195,0.007974,1.043994,-0.559848,-0.000015,-0.007226,-0.016387,-0.000010,1.570812,-0.299466,1.000000,1.100000,0.000000,0.000000,-1.571000,-0.176271,0.992026,0.056006,1.009120
45.984000,-0.124314,0.007974,1.043980,-0.559125,-0.000015,-0.007248,-0.015271,-0.000009,1.570813,-0.299572,1.000000,1.100000,0.000000,0.000000,-1.571000,-0.175258,0.992026,0.056020,1.008944
45.986000,-0.125433,0.007974,1.043965,-0.558382,-0.000015,-0.007269,-0.014147,-0.000009,1.570813,-0.299667,1.000000,1.100000,0.000000,0.000000,-1.571000,-0.174234,0.992026,0.056035,1.008768
45.988000,-0.126549,0.007974,1.043951,-0.557617,-0.000015,-0.007290,-0.013017,-0.000008,1.570813,-0.299750,1.000000,1.100000,0.000000,0.000000,-1.571000,-0.173201,0.992026,0.056049,1.008591
45.990000,-0.127664,0.007974,1.043936,-0.556832,-0.000015,-0.007310,-0.011878,-0.000008,1.570813,-0.299821,1.000000,1.100000,0.000000,0.000000,-1.571000,-0.172156,0.992026,0.056064,1.008413
45.992000,-0.128778,0.007974,1.043921,-0.556027,-0.000015,-0.007330,-0.010732,-0.000008,1.570813,-0.299880,1.000000,1.100000,0.000000,0.000000,-1.571000,-0.171102,0.992026,0.056079,1.008234
45.994000,-0.129890,0.007974,1.043907,-0.555200,-0.000016,-0.007351,-0.009578,-0.000007,1.570812,-0.299927,1.000000,1.100000,0.000000,0.000000,-1.571000,-0.170038,0.992026,0.056093,1.008055
45.996000,-0.131000,0.007974,1.043892,-0.554352,-0.000016,-0.007370,-0.008417,-0.000007,1.570812,-0.299963,1.000000,1.100000,0.000000,0.000000,-1.571000,-0.168963,0.992026,0.056108,1.007875
45.998000,-0.132109,0.007974,1.043877,-0.553483,-0.000016,-0.007390,-0.007249,-0.000006,1.570812,-0.299987,1.000000,1.100000,0.000000,0.000000,-1.571000,-0.167878,0.992026,0.056123,1.007694
46.000000,-0.133215,0.007974,1.043862,-0.552593,-0.000016,-0.007410,-0.006074,-0.000006,1.570811,-0.299999,1.000000,1.100000,0.000000,0.000000,-1.571000,-0.166783,0.992026,0.056138,1.007513
46.002000,-0.134320,0.007974,1.043848,-0.551682,-0.000016,-0.007429,-0.004894,-0.000005,1.570811,-0.299999,1.000000,1.100000,0.000000,0.000000,-1.571000,-0.165678,0.992026,0.056152,1.007332
46.004000,-0.135423,0.007974,1.043833,-0.550749,-0.000016,-0.007448,-0.003708,-0.000005,1.570810,-0.299987,1.000000,1.100000,0.000000,0.000000,-1.571000,-0.164563,0.992026,0.056167,1.007150
46.006000,-0.136525,0.007974,1.043818,-0.549795,-0.000016,-0.007468,-0.002518,-0.000004,1.570810,-0.299963,1.000000,1.100000,0.000000,0.000000,-1.571000,-0.163438,0.992026,0.056182,1.006968
46.008000,-0.137624,0.007974,1.043803,-0.548819,-0.000016,-0.007487,-0.001325,-0.000004,1.570809,-0.299927,1.000000,1.100000,0.000000,0.000000,-1.571000,-0.162304,0.992026,0.056197,1.006785
46.010000,-0.138721,0.007974,1.043788,-0.547821,-0.000016,-0.007506,-0.000129,-0.000003,1.570808,-0.299880,1.000000,1.100000,0.000000,0.000000,-1.571000,-0.161159,0.992026,0.056212,1.006602
46.012000,-0.139816,0.007974,1.043773,-0.546802,-0.000016,-0.007525,0.001069,-0.000003,1.570808,-0.299821,1.000000,1.100000,0.000000,0.000000,-1.571000,-0.160005,0.992026,0.056227,1.006419
46.014000,-0.140909,0.007974,1.043758,-0.545762,-0.000016,-0.007544,0.002268,-0.000002,1.570807,-0.299750,1.000000,1.100000,0.000000,0.000000,-1.571000,-0.158840,0.992026,0.056242,1.006235
46.016000,-0.142000,0.007974,1.043742,-0.544700,-0.000016,-0.007563,0.003467,-0.000002,1.570806,-0.299667,1.000000,1.100000,0.000000,0.000000,-1.571000,-0.157667,0.992026,0.056258,1.006051
46.018000,-0.143089,0.007974,1.043727,-0.543617,-0.000016,-0.007583,0.004664,-0.000001,1.570806,-0.299572,1.000000,1.100000,0.000000,0.000000,-1.571000,-0.156483,0.992026,0.056273,1.005867
46.020000,-0.144176,0.007974,1.043712,-0.542512,-0.000016,-0.007602,0.005858,-0.000001,1.570805,-0.299466,1.000000,1.100000,0.000000,0.000000,-1.571000,-0.155290,0.992026,0.056288,1.005683
46.022000,-0.145260,0.007974,1.043697,-0.541386,-0.000016,-0.007622,0.007049,-0.000000,1.570805,-0.299347,1.000000,1.100000,0.000000,0.000000,-1.571000,-0.154087,0.992026,0.056303,1.005499
46.024000,-0.146343,0.007974,1.043682,-0.540239,-0.000016,-0.007644,0.008235,0.000000,1.570804,-0.299217,1.000000,1.100000,0.000000,0.000000,-1.571000,-0.152875,0.992026,0.056318,1.005315
46.026000,-0.147422,0.007974,1.043666,-0.539071,-0.000016,-0.007668,0.009415,0.000001,1.570804,-0.299075,1.000000,1.100000,0.000000,0.000000,-1.571000,-0.151653,0.992026,0.056334,1.005131
46.028000,-0.148500,0.007974,1.043651,-0.537882,-0.000016,-0.007693,0.010588,0.000001,1.570803,-0.298921,1.000000,1.100000,0.000000,0.000000,-1.571000,-0.150422,0.992026,0.056349,1.004947
46.030000,-0.149575,0.007974,1.043635,-0.536672,-0.000016,-0.007719,0.011753,0.000002,1.570803,-0.298756,1.000000,1.100000,0.000000,0.000000,-1.571000,-0.149181,0.992026,0.056365,1.004763
46.032000,-0.150647,0.007974,1.043620,-0.535442,-0.000016,-0.007747,0.012908,0.000003,1.570802,-0.298578,1.000000,1.100000,0.000000,0.000000,-1.571000,-0.147931,0.992026,0.056380,1.004579
46.034000,-0.151717,0.007974,1.043604,-0.534192,-0.000016,-0.007776,0.014053,0.000003,1.570802,-0.298389,1.000000,1.100000,0.000000,0.000000,-1.571000,-0.146672,0.992026,0.056396,1.004395
46.036000,-0.152785,0.007974,1.043589,-0.532921,-0.000016,-0.007806,0.015186,0.000004,1.570802,-0.298188,1.000000,1.100000,0.000000,0.000000,-1.571000,-0.145403,0.992026,0.056411,1.004211
46.038000,-0.153850,0.007974,1.043573,-0.531631,-0.000016,-0.007838,0.016306,0.000004,1.570802,-0.297976,1.000000,1.100000,0.000000,0.000000,-1.571000,-0.144126,0.992026,0.056427,1.004028
46.040000,-0.154912,0.007974,1.043557,-0.530322,-0.000016,-0.007870,0.017413,0.000005,1.570802,-0.297751,1.000000,1.100000,0.000000,0.000000,-1.571000,-0.142839,0.992026,0.056443,1.003845
46.042000,-0.155972,0.007974,1.043541,-0.528994,-0.000015,-0.007903,0.018505,0.000006,1.570802,-0.297515,1.000000,1.100000,0.000000,0.000000,-1.571000,-0.141543,0.992026,0.056459,1.003663
46.044000,-0.157029,0.007973,1.043526,-0.527646,-0.000015,-0.007938,0.019581,0.000006,1.570802,-0.297267,1.000000,1.100000,0.000000,0.000000,-1.571000,-0.140238,0.992027,0.056474,1.003480
46.046000,-0.158083,0.007973,1.043510,-0.526281,-0.000015,-0.007973,0.020640,0.000007,1.570803,-0.297007,1.000000,1.100000,0.000000,0.000000,-1.571000,-0.138924,0.992027,0.056490,1.003298
46.048000,-0.159135,0.007973,1.043494,-0.524897,-0.000015,-0.008009,0.021681,0.000008,1.570803,-0.296736,1.000000,1.100000,0.000000,0.000000,-1.571000,-0.137601,0.992027,0.056506,1.003117
46.050000,-0.160184,0.007973,1.043478,-0.523496,-0.000015,-0.008045,0.022704,0.000008,1.570803,-0.296452,1.000000,1.100000,0.000000,0.000000,-1.571000,-0.136269,0.992027,0.056522,1.002936
46.052000,-0.161230,0.007973,1.043461,-0.522077,-0.000015,-0.008083,0.023708,0.000009,1.570804,-0.296158,1.000000,1.100000,0.000000,0.000000,-1.571000,-0.134928,0.992027,0.056539,1.002756
46.054000,-0.162273,0.007973,1.043445,-0.520642,-0.000014,-0.008121,0.024691,0.000009,1.570804,-0.295851,1.000000,1.100000,0.000000,0.000000,-1.571000,-0.133578,0.992027,0.056555,1.002576
46.056000,-0.163313,0.007973,1.043429,-0.519190,-0.000014,-0.008160,0.025654,0.000010,1.570805,-0.295533,1.000000,1.100000,0.000000,0.000000,-1.571000,-0.132220,0.992027,0.056571,1.002397
46.058000,-0.164350,0.007973,1.043412,-0.517722,-0.000014,-0.008200,0.026595,0.000010,1.570806,-0.295203,1.000000,1.100000,0.000000,0.000000,-1.571000,-0.130853,0.992027,0.056588,1.002218
46.060000,-0.165384,0.007973,1.043396,-0.516238,-0.000014,-0.008241,0.027514,0.000010,1.570807,-0.294861,1.000000,1.100000,0.000000,0.000000,-1.571000,-0.129477,0.992027,0.056604,1.002041
46.062000,-0.166415,0.007973,1.043379,-0.514740,-0.000014,-0.008282,0.028410,0.000011,1.570807,-0.294508,1.000000,1.100000,0.000000,0.000000,-1.571000,-0.128093,0.992027,0.056621,1.001864
46.064000,-0.167444,0.007973,1.043363,-0.513227,-0.000013,-0.008323,0.029284,0.000011,1.570808,-0.294143,1.000000,1.100000,0.000000,0.000000,-1.571000,-0.126700,0.992027,0.056637,1.001687
46.066000,-0.168469,0.007973,1.043346,-0.511700,-0.000013,-0.008366,0.030133,0.000011,1.570809,-0.293767,1.000000,1.100000,0.000000,0.000000,-1.571000,-0.125298,0.992027,0.056654,1.001512
46.068000,-0.169491,0.007973,1.043329,-0.510159,-0.000013,-0.008408,0.030959,0.000011,1.570810,-0.293379,1.000000,1.100000,0.000000,0.000000,-1.571000,-0.123888,0.992027,0.056671,1.001338
46.070000,-0.170510,0.007973,1.043312,-0.508605,-0.000013,-0.008452,0.031760,0.000011,1.570811,-0.292979,1.000000,1.100000,0.000000,0.000000,-1.571000,-0.122469,0.992027,0.056688,1.001164
46.072000,-0.171526,0.007973,1.043295,-0.507038,-0.000012,-0.008496,0.032536,0.000011,1.570812,-0.292568,1.000000,1.100000,0.000000,0.000000,-1.571000,-0.121042,0.992027,0.056705,1.000992
46.074000,-0.172539,0.007973,1.043278,-0.505459,-0.000012,-0.008541,0.033288,0.000011,1.570813,-0.292145,1.000000,1.100000,0.000000,0.000000,-1.571000,-0.119607,0.992027,0.056722,1.000820
46.076000,-0.173548,0.007973,1.043261,-0.503869,-0.000012,-0.008586,0.034015,0.000011,1.570814,-0.291711,1.000000,1.100000,0.000000,0.000000,-1.571000,-0.118163,0.992027,0.056739,1.000649
46.078000,-0.174555,0.007973,1.043244,-0.502268,-0.000012,-0.008631,0.034716,0.000011,1.570815,-0.291265,1.000000,1.100000,0.000000,0.000000,-1.571000,-0.116711,0.992027,0.056756,1.000480
46.080000,-0.175558,0.007973,1.043226,-0.500656,-0.000011,-0.008677,0.035393,0.000011,1.570817,-0.290808,1.000000,1.100000,0.000000,0.000000,-1.571000,-0.115250,0.992027,0.056774,1.000312
46.082000,-0.176558,0.007973,1.043209,-0.499033,-0.000011,-0.008713,0.036048,0.000011,1.570818,-0.290339,1.000000,1.100000,0.000000,0.000000,-1.571000,-0.113782,0.992027,0.056791,1.000145
46.084000,-0.177554,0.007973,1.043192,-0.497400,-0.000011,-0.008728,0.036693,0.000011,1.570818,-0.289859,1.000000,1.100000,0.000000,0.000000,-1.571000,-0.112305,0.992027,0.056808,0.999979
46.086000,-0.178547,0.007973,1.043174,-0.495757,-0.000011,-0.008725,0.037338,0.000010,1.570819,-0.289367,1.000000,1.100000,0.000000,0.000000,-1.571000,-0.110820,0.992027,0.056826,0.999814
46.088000,-0.179538,0.007973,1.043157,-0.494104,-0.000010,-0.008706,0.037993,0.000010,1.570819,-0.288864,1.000000,1.100000,0.000000,0.000000,-1.571000,-0.109327,0.992027,0.056843,0.999651
46.090000,-0.180524,0.007973,1.043139,-0.492440,-0.000010,-0.008671,0.038667,0.000010,1.570820,-0.288350,1.000000,1.100000,0.000000,0.000000,-1.571000,-0.107825,0.992027,0.056861,0.999488
46.092000,-0.181508,0.007973,1.043122,-0.490765,-0.000010,-0.008623,0.039368,0.000010,1.570820,-0.287824,1.000000,1.100000,0.000000,0.000000,-1.571000,-0.106316,0.992027,0.056878,0.999328
46.094000,-0.182488,0.007973,1.043105,-0.489079,-0.000010,-0.008563,0.040103,0.000010,1.570819,-0.287286,1.000000,1.100000,0.000000,0.000000,-1.571000,-0.104799,0.992027,0.056895,0.999169
46.096000,-0.183464,0.007973,1.043088,-0.487381,-0.000009,-0.008492,0.040878,0.000009,1.570818,-0.286738,1.000000,1.100000,0.000000,0.000000,-1.571000,-0.103274,0.992027,0.056912,0.999011
46.098000,-0.184437,0.007973,1.043071,-0.485671,-0.000009,-0.008412,0.041698,0.000009,1.570817,-0.286178,1.000000,1.100000,0.000000,0.000000,-1.571000,-0.101741,0.992027,0.056929,0.998854
46.100000,-0.185407,0.007973,1.043054,-0.483947,-0.000009,-0.008322,0.042568,0.000009,1.570816,-0.285607,1.000000,1.100000,0.000000,0.000000,-1.571000,-0.100200,0.992027,0.056946,0.998700
46.102000,-0.186373,0.007973,1.043038,-0.482208,-0.000009,-0.008225,0.043493,0.000009,1.570814,-0.285024,1.000000,1.100000,0.000000,0.000000,-1.571000,-0.098651,0.992027,0.056962,0.998546
46.104000,-0.187336,0.007973,1.043021,-0.480454,-0.000009,-0.008122,0.044475,0.000009,1.570812,-0.284431,1.000000,1.100000,0.000000,0.000000,-1.571000,-0.097095,0.992027,0.056979,0.998395
46.106000,-0.188295,0.007973,1.043005,-0.478683,-0.000008,-0.008012,0.045518,0.000009,1.570809,-0.283826,1.000000,1.100000,0.000000,0.000000,-1.571000,-0.095530,0.992027,0.056995,0.998245
46.108000,-0.189251,0.007973,1.042989,-0.476894,-0.000008,-0.007896,0.046623,0.000009,1.570807,-0.283209,1.000000,1.100000,0.000000,0.000000,-1.571000,-0.093959,0.992027,0.057011,0.998096
46.110000,-0.190203,0.007973,1.042974,-0.475086,-0.000008,-0.007776,0.047792,0.000009,1.570803,-0.282582,1.000000,1.100000,0.000000,0.000000,-1.571000,-0.092379,0.992027,0.057026,0.997950
46.112000,-0.191151,0.007973,1.042958,-0.473258,-0.000008,-0.007652,0.049027,0.000009,1.570800,-0.281944,1.000000,1.100000,0.000000,0.000000,-1.571000,-0.090792,0.992027,0.057042,0.997805
46.114000,-0.192096,0.007973,1.042943,-0.471409,-0.000008,-0.007524,0.050327,0.000009,1.570796,-0.281294,1.000000,1.100000,0.000000,0.000000,-1.571000,-0.089198,0.992027,0.057057,0.997662
46.116000,-0.193037,0.007973,1.042928,-0.469537,-0.000007,-0.007393,0.051693,0.000009,1.570793,-0.280633,1.000000,1.100000,0.000000,0.000000,-1.571000,-0.087596,0.992027,0.057072,0.997521
46.118000,-0.193974,0.007973,1.042914,-0.467640,-0.000007,-0.007260,0.053125,0.000009,1.570789,-0.279961,1.000000,1.100000,0.000000,0.000000,-1.571000,-0.085987,0.992027,0.057086,0.997382
46.120000,-0.194907,0.007973,1.042899,-0.465719,-0.000007,-0.007124,0.054622,0.000009,1.570784,-0.279279,1.000000,1.100000,0.000000,0.000000,-1.571000,-0.084371,0.992027,0.057101,0.997245
46.122000,-0.195837,0.007973,1.042885,-0.463771,-0.000007,-0.006987,0.056183,0.000009,1.570780,-0.278585,1.000000,1.100000,0.000000,0.000000,-1.571000,-0.082748,0.992027,0.057115,0.997110
46.124000,-0.196762,0.007973,1.042872,-0.461796,-0.000007,-0.006850,0.057806,0.000010,1.570776,-0.277880,1.000000,1.100000,0.000000,0.000000,-1.571000,-0.081117,0.992027,0.057128,0.996976
46.126000,-0.197684,0.007973,1.042858,-0.459792,-0.000006,-0.006711,0.059491,0.000010,1.570771,-0.277164,1.000000,1.100000,0.000000,0.000000,-1.571000,-0.079480,0.992027,0.057142,0.996845
46.128000,-0.198601,0.007973,1.042845,-0.457757,-0.000006,-0.006572,0.061233,0.000011,1.570767,-0.276437,1.000000,1.100000,0.000000,0.000000,-1.571000,-0.077836,0.992027,0.057155,0.996716
46.130000,-0.199515,0.007973,1.042832,-0.455692,-0.000006,-0.006433,0.063032,0.000011,1.570762,-0.275699,1.000000,1.100000,0.000000,0.000000,-1.571000,-0.076185,0.992027,0.057168,0.996590
46.132000,-0.200424,0.007973,1.042819,-0.453595,-0.000006,-0.006295,0.064885,0.000012,1.570758,-0.274951,1.000000,1.100000,0.000000,0.000000,-1.571000,-0.074527,0.992027,0.057181,0.996465
46.134000,-0.201329,0.007973,1.042807,-0.451465,-0.000006,-0.006158,0.066789,0.000012,1.570753,-0.274191,1.000000,1.100000,0.000000,0.000000,-1.571000,-0.072863,0.992027,0.057193,0.996343
46.136000,-0.202229,0.007973,1.042795,-0.449301,-0.000006,-0.006021,0.068741,0.000013,1.570749,-0.273421,1.000000,1.100000,0.000000,0.000000,-1.571000,-0.071192,0.992027,0.057205,0.996222
46.138000,-0.203126,0.007973,1.042783,-0.447102,-0.000005,-0.005886,0.070737,0.000013,1.570745,-0.272640,1.000000,1.100000,0.000000,0.000000,-1.571000,-0.069514,0.992027,0.057217,0.996105
46.140000,-0.204017,0.007973,1.042771,-0.444868,-0.000005,-0.005752,0.072775,0.000014,1.570741,-0.271848,1.000000,1.100000,0.000000,0.000000,-1.571000,-0.067831,0.992027,0.057229,0.995989
46.142000,-0.204905,0.007973,1.042760,-0.442597,-0.000005,-0.005621,0.074850,0.000015,1.570738,-0.271045,1.000000,1.100000,0.000000,0.000000,-1.571000,-0.066141,0.992027,0.057240,0.995876
46.144000,-0.205787,0.007972,1.042749,-0.440290,-0.000005,-0.005491,0.076960,0.000015,1.570734,-0.270232,1.000000,1.100000,0.000000,0.000000,-1.571000,-0.064445,0.992028,0.057251,0.995766
46.146000,-0.206665,0.007972,1.042738,-0.437945,-0.000004,-0.005364,0.079100,0.000016,1.570731,-0.269408,1.000000,1.100000,0.000000,0.000000,-1.571000,-0.062743,0.992028,0.057262,0.995658
46.148000,-0.207538,0.007972,1.042728,-0.435562,-0.000004,-0.005240,0.081266,0.000017,1.570729,-0.268574,1.000000,1.100000,0.000000,0.000000,-1.571000,-0.061035,0.992028,0.057272,0.995552
46.150000,-0.208407,0.007972,1.042717,-0.433140,-0.000004,-0.005118,0.083456,0.000018,1.570726,-0.267729,1.000000,1.100000,0.000000,0.000000,-1.571000,-0.059322,0.992028,0.057283,0.995449
46.152000,-0.209270,0.007972,1.042707,-0.430680,-0.000004,-0.005000,0.085665,0.000018,1.570724,-0.266873,1.000000,1.100000,0.000000,0.000000,-1.571000,-0.057603,0.992028,0.057293,0.995349
46.154000,-0.210129,0.007972,1.042697,-0.428181,-0.000004,-0.004884,0.087889,0.000019,1.570722,-0.266006,1.000000,1.100000,0.000000,0.000000,-1.571000,-0.055878,0.992028,0.057303,0.995251
46.156000,-0.210982,0.007972,1.042688,-0.425642,-0.000003,-0.004773,0.090124,0.000020,1.570721,-0.265130,1.000000,1.100000,0.000000,0.000000,-1.571000,-0.054148,0.992028,0.057312,0.995156
46.158000,-0.211830,0.007972,1.042678,-0.423065,-0.000003,-0.004665,0.092366,0.000020,1.570720,-0.264242,1.000000,1.100000,0.000000,0.000000,-1.571000,-0.052412,0.992028,0.057322,0.995064
46.160000,-0.212673,0.007972,1.042669,-0.420447,-0.000003,-0.004561,0.094612,0.000021,1.570719,-0.263345,1.000000,1.100000,0.000000,0.000000,-1.571000,-0.050671,0.992028,0.057331,0.994974
46.162000,-0.213511,0.007972,1.042660,-0.417790,-0.000002,-0.004456,0.096858,0.000021,1.570719,-0.262437,1.000000,1.100000,0.000000,0.000000,-1.571000,-0.048926,0.992028,0.057340,0.994887
46.164000,-0.214343,0.007972,1.042651,-0.415093,-0.000002,-0.004347,0.099101,0.000022,1.570719,-0.261518,1.000000,1.100000,0.000000,0.000000,-1.571000,-0.047175,0.992028,0.057349,0.994803
46.166000,-0.215170,0.007972,1.042643,-0.412356,-0.000002,-0.004234,0.101339,0.000023,1.570720,-0.260589,1.000000,1.100000,0.000000,0.000000,-1.571000,-0.045419,0.992028,0.057357,0.994722
46.168000,-0.215992,0.007972,1.042635,-0.409580,-0.000002,-0.004119,0.103570,0.000023,1.570721,-0.259650,1.000000,1.100000,0.000000,0.000000,-1.571000,-0.043659,0.992028,0.057365,0.994643
46.170000,-0.216807,0.007972,1.042627,-0.406764,-0.000001,-0.004002,0.105790,0.000024,1.570722,-0.258701,1.000000,1.100000,0.000000,0.000000,-1.571000,-0.041894,0.992028,0.057373,0.994568
46.172000,-0.217618,0.007972,1.042619,-0.403909,-0.000001,-0.003883,0.107997,0.000024,1.570724,-0.257742,1.000000,1.100000,0.000000,0.000000,-1.571000,-0.040124,0.992028,0.057381,0.994495
46.174000,-0.218422,0.007972,1.042611,-0.401015,-0.000001,-0.003764,0.110190,0.000024,1.570726,-0.256772,1.000000,1.100000,0.000000,0.000000,-1.571000,-0.038350,0.992028,0.057389,0.994426
46.176000,-0.219220,0.007972,1.042604,-0.398083,-0.000000,-0.003645,0.112364,0.000025,1.570729,-0.255792,1.000000,1.100000,0.000000,0.000000,-1.571000,-0.036572,0.992028,0.057396,0.994359
46.178000,-0.220013,0.007972,1.042597,-0.395113,-0.000000,-0.003526,0.114518,0.000025,1.570731,-0.254802,1.000000,1.100000,0.000000,0.000000,-1.571000,-0.034789,0.992028,0.057403,0.994296
46.180000,-0.220799,0.007972,1.042590,-0.392106,0.000000,-0.003408,0.116650,0.000025,1.570735,-0.253802,1.000000,1.100000,0.000000,0.000000,-1.571000,-0.033003,0.992028,0.057410,0.994235
46.182000,-0.221580,0.007972,1.042583,-0.389062,0.000001,-0.003292,0.118756,0.000026,1.570738,-0.252792,1.000000,1.100000,0.000000,0.000000,-1.571000,-0.031212,0.992028,0.057417,0.994178
46.184000,-0.222354,0.007972,1.042577,-0.385982,0.000001,-0.003177,0.120835,0.000026,1.570742,-0.251772,1.000000,1.100000,0.000000,0.000000,-1.571000,-0.029418,0.992028,0.057423,0.994124
46.186000,-0.223122,0.007972,1.042571,-0.382867,0.000001,-0.003064,0.122884,0.000026,1.570746,-0.250742,1.000000,1.100000,0.000000,0.000000,-1.571000,-0.027620,0.992028,0.057429,0.994072
46.188000,-0.223884,0.007972,1.042565,-0.379717,0.000002,-0.002954,0.124902,0.000026,1.570750,-0.249702,1.000000,1.100000,0.000000,0.000000,-1.571000,-0.025819,0.992028,0.057435,0.994024
46.190000,-0.224639,0.007972,1.042559,-0.376533,0.000002,-0.002846,0.126886,0.000027,1.570754,-0.248653,1.000000,1.100000,0.000000,0.000000,-1.571000,-0.024013,0.992028,0.057441,0.993979
46.192000,-0.225388,0.007972,1.042553,-0.373316,0.000003,-0.002742,0.128834,0.000027,1.570759,-0.247593,1.000000,1.100000,0.000000,0.000000,-1.571000,-0.022205,0.992028,0.057447,0.993938
46.194000,-0.226131,0.007972,1.042548,-0.370066,0.000003,-0.002640,0.130746,0.000027,1.570763,-0.246524,1.000000,1.100000,0.000000,0.000000,-1.571000,-0.020393,0.992028,0.057452,0.993899
46.196000,-0.226867,0.007972,1.042543,-0.366785,0.000004,-0.002541,0.132618,0.000027,1.570768,-0.245445,1.000000,1.100000,0.000000,0.000000,-1.571000,-0.018578,0.992028,0.057457,0.993864
46.198000,-0.227596,0.007972,1.042538,-0.363472,0.000004,-0.002446,0.134450,0.000027,1.570773,-0.244356,1.000000,1.100000,0.000000,0.000000,-1.571000,-0.016760,0.992028,0.057462,0.993832
46.200000,-0.228319,0.007972,1.042533,-0.360131,0.000004,-0.002355,0.136240,0.000027,1.570778,-0.243258,1.000000,1.100000,0.000000,0.000000,-1.571000,-0.014939,0.992028,0.057467,0.993803
46.202000,-0.229035,0.007972,1.042529,-0.356760,0.000005,-0.002268,0.137986,0.000027,1.570783,-0.242150,1.000000,1.100000,0.000000,0.000000,-1.571000,-0.013115,0.992028,0.057471,0.993777
46.204000,-0.229744,0.007972,1.042524,-0.353361,0.000005,-0.002184,0.139689,0.000027,1.570788,-0.241032,1.000000,1.100000,0.000000,0.000000,-1.571000,-0.011289,0.992028,0.057476,0.993755
46.206000,-0.230446,0.007972,1.042520,-0.349935,0.000006,-0.002104,0.141346,0.000026,1.570793,-0.239905,1.000000,1.100000,0.000000,0.000000,-1.571000,-0.009459,0.992028,0.057480,0.993736
46.208000,-0.231141,0.007973,1.042516,-0.346483,0.000006,-0.002028,0.142956,0.000026,1.570798,-0.238769,1.000000,1.100000,0.000000,0.000000,-1.571000,-0.007627,0.992027,0.057484,0.993721
46.210000,-0.231830,0.007973,1.042512,-0.343006,0.000007,-0.001956,0.144520,0.000026,1.570804,-0.237623,1.000000,1.100000,0.000000,0.000000,-1.571000,-0.005793,0.992027,0.057488,0.993709
46.212000,-0.232511,0.007973,1.042508,-0.339505,0.000007,-0.001888,0.146036,0.000026,1.570809,-0.236468,1.000000,1.100000,0.000000,0.000000,-1.571000,-0.003956,0.992027,0.057492,0.993700
46.214000,-0.233186,0.007973,1.042504,-0.335980,0.000008,-0.001823,0.147503,0.000025,1.570814,-0.235303,1.000000,1.100000,0.000000,0.000000,-1.571000,-0.002117,0.992027,0.057496,0.993694
46.216000,-0.233853,0.007973,1.042501,-0.332434,0.000008,-0.001763,0.148922,0.000025,1.570819,-0.234129,1.000000,1.100000,0.000000,0.000000,-1.571000,-0.000276,0.992027,0.057499,0.993692
46.218000,-0.234513,0.007973,1.042497,-0.328866,0.000009,-0.001706,0.150292,0.000024,1.570824,-0.232946,1.000000,1.100000,0.000000,0.000000,-1.571000,0.001567,0.992027,0.057503,0.993694
46.220000,-0.235166,0.007973,1.042494,-0.325279,0.000010,-0.001652,0.151613,0.000023,1.570828,-0.231754,1.000000,1.100000,0.000000,0.000000,-1.571000,0.003413,0.992027,0.057506,0.993699
46.222000,-0.235812,0.007973,1.042491,-0.321671,0.000010,-0.001600,0.152884,0.000023,1.570833,-0.230552,1.000000,1.100000,0.000000,0.000000,-1.571000,0.005260,0.992027,0.057509,0.993707
46.224000,-0.236451,0.007973,1.042488,-0.318045,0.000011,-0.001547,0.154107,0.000022,1.570837,-0.229341,1.000000,1.100000,0.000000,0.000000,-1.571000,0.007109,0.992027,0.057512,0.993719
46.226000,-0.237082,0.007973,1.042485,-0.314402,0.000011,-0.001493,0.155280,0.000021,1.570841,-0.228122,1.000000,1.100000,0.000000,0.000000,-1.571000,0.008960,0.992027,0.057515,0.993734
46.228000,-0.237706,0.007973,1.042482,-0.310742,0.000012,-0.001439,0.156405,0.000020,1.570845,-0.226893,1.000000,1.100000,0.000000,0.000000,-1.571000,0.010813,0.992027,0.057518,0.993752
46.230000,-0.238322,0.007973,1.042479,-0.307066,0.000012,-0.001385,0.157481,0.000019,1.570849,-0.225655,1.000000,1.100000,0.000000,0.000000,-1.571000,0.012667,0.992027,0.057521,0.993774
46.232000,-0.238932,0.007973,1.042476,-0.303375,0.000013,-0.001331,0.158510,0.000018,1.570853,-0.224409,1.000000,1.100000,0.000000,0.000000,-1.571000,0.014523,0.992027,0.057524,0.993800
46.234000,-0.239533,0.007973,1.042474,-0.299671,0.000013,-0.001277,0.159491,0.000017,1.570856,-0.223154,1.000000,1.100000,0.000000,0.000000,-1.571000,0.016380,0.992027,0.057526,0.993829
46.236000,-0.240128,0.007973,1.042471,-0.295955,0.000014,-0.001224,0.160425,0.000016,1.570859,-0.221889,1.000000,1.100000,0.000000,0.000000,-1.571000,0.018238,0.992027,0.057529,0.993861
46.238000,-0.240715,0.007973,1.042469,-0.292226,0.000014,-0.001171,0.161313,0.000015,1.570862,-0.220616,1.000000,1.100000,0.000000,0.000000,-1.571000,0.020098,0.992027,0.057531,0.993897
46.240000,-0.241294,0.007973,1.042466,-0.288487,0.000015,-0.001119,0.162157,0.000014,1.570865,-0.219335,1.000000,1.100000,0.000000,0.000000,-1.571000,0.021959,0.992027,0.057534,0.993937
46.242000,-0.241866,0.007973,1.042464,-0.284739,0.000015,-0.001067,0.162956,0.000013,1.570867,-0.218044,1.000000,1.100000,0.000000,0.000000,-1.571000,0.023822,0.992027,0.057536,0.993980
46.244000,-0.242430,0.007973,1.042462,-0.280981,0.000016,-0.001016,0.163711,0.000011,1.570869,-0.216745,1.000000,1.100000,0.000000,0.000000,-1.571000,0.025685,0.992027,0.057538,0.994026
46.246000,-0.242987,0.007973,1.042460,-0.277216,0.000016,-0.000966,0.164424,0.000010,1.570871,-0.215438,1.000000,1.100000,0.000000,0.000000,-1.571000,0.027549,0.992027,0.057540,0.994076
46.248000,-0.243537,0.007973,1.042458,-0.273443,0.000016,-0.000916,0.165096,0.000009,1.570873,-0.214122,1.000000,1.100000,0.000000,0.000000,-1.571000,0.029415,0.992027,0.057542,0.994130
46.250000,-0.244078,0.007973,1.042457,-0.269664,0.000017,-0.000867,0.165727,0.000008,1.570874,-0.212797,1.000000,1.100000,0.000000,0.000000,-1.571000,0.031281,0.992027,0.057543,0.994187
46.252000,-0.244612,0.007973,1.042455,-0.265880,0.000017,-0.000819,0.166320,0.000007,1.570875,-0.211465,1.000000,1.100000,0.000000,0.000000,-1.571000,0.033148,0.992027,0.057545,0.994247
46.254000,-0.245139,0.007973,1.042453,-0.262091,0.000018,-0.000771,0.166874,0.000005,1.570876,-0.210123,1.000000,1.100000,0.000000,0.000000,-1.571000,0.035016,0.992027,0.057547,0.994311
46.256000,-0.245658,0.007973,1.042452,-0.258298,0.000018,-0.000725,0.167392,0.000004,1.570877,-0.208774,1.000000,1.100000,0.000000,0.000000,-1.571000,0.036884,0.992027,0.057548,0.994379
46.258000,-0.246170,0.007973,1.042451,-0.254502,0.000018,-0.000678,0.167874,0.000003,1.570877,-0.207416,1.000000,1.100000,0.000000,0.000000,-1.571000,0.038753,0.992027,0.057549,0.994450
46.260000,-0.246673,0.007973,1.042449,-0.250704,0.000018,-0.000633,0.168323,0.000001,1.570877,-0.206050,1.000000,1.100000,0.000000,0.000000,-1.571000,0.040623,0.992027,0.057551,0.994525
46.262000,-0.247170,0.007973,1.042448,-0.246904,0.000019,-0.000588,0.168738,0.000000,1.570877,-0.204676,1.000000,1.100000,0.000000,0.000000,-1.571000,0.042493,0.992027,0.057552,0.994603
46.264000,-0.247658,0.007973,1.042447,-0.243103,0.000019,-0.000544,0.169122,-0.000001,1.570877,-0.203294,1.000000,1.100000,0.000000,0.000000,-1.571000,0.044364,0.992027,0.057553,0.994685
46.266000,-0.248139,0.007973,1.042446,-0.239301,0.000019,-0.000500,0.169475,-0.000002,1.570876,-0.201904,1.000000,1.100000,0.000000,0.000000,-1.571000,0.046235,0.992027,0.057554,0.994770
46.268000,-0.248612,0.007973,1.042445,-0.235500,0.000019,-0.000458,0.169800,-0.000003,1.570876,-0.200506,1.000000,1.100000,0.000000,0.000000,-1.571000,0.048107,0.992027,0.057555,0.994859
46.270000,-0.249078,0.007973,1.042444,-0.231699,0.000020,-0.000415,0.170097,-0.000004,1.570875,-0.199100,1.000000,1.100000,0.000000,0.000000,-1.571000,0.049979,0.992027,0.057556,0.994951
46.272000,-0.249536,0.007973,1.042443,-0.227900,0.000020,-0.000373,0.170368,-0.000005,1.570873,-0.197686,1.000000,1.100000,0.000000,0.000000,-1.571000,0.051851,0.992027,0.057557,0.995047
46.274000,-0.249987,0.007973,1.042443,-0.224102,0.000020,-0.000332,0.170614,-0.000006,1.570872,-0.196264,1.000000,1.100000,0.000000,0.000000,-1.571000,0.053723,0.992027,0.057557,0.995146
46.276000,-0.250430,0.007973,1.042442,-0.220307,0.000020,-0.000291,0.170836,-0.000007,1.570871,-0.194834,1.000000,1.100000,0.000000,0.000000,-1.571000,0.055596,0.992027,0.057558,0.995249
46.278000,-0.250865,0.007974,1.042442,-0.216514,0.000020,-0.000251,0.171036,-0.000008,1.570869,-0.193397,1.000000,1.100000,0.000000,0.000000,-1.571000,0.057468,0.992026,0.057558,0.995355
46.280000,-0.251293,0.007974,1.042441,-0.212724,0.000020,-0.000210,0.171215,-0.000009,1.570867,-0.191952,1.000000,1.100000,0.000000,0.000000,-1.571000,0.059341,0.992026,0.057559,0.995465
46.282000,-0.251713,0.007974,1.042441,-0.208938,0.000020,-0.000171,0.171374,-0.000009,1.570865,-0.190500,1.000000,1.100000,0.000000,0.000000,-1.571000,0.061213,0.992026,0.057559,0.995578
46.284000,-0.252126,0.007974,1.042441,-0.205156,0.000020,-0.000131,0.171515,-0.000010,1.570863,-0.189040,1.000000,1.100000,0.000000,0.000000,-1.571000,0.063086,0.992026,0.057559,0.995695
46.286000,-0.252531,0.007974,1.042440,-0.201379,0.000020,-0.000092,0.171639,-0.000011,1.570860,-0.187573,1.000000,1.100000,0.000000,0.000000,-1.571000,0.064958,0.992026,0.057560,0.995816
46.288000,-0.252928,0.007974,1.042440,-0.197605,0.000020,-0.000053,0.171746,-0.000011,1.570858,-0.186098,1.000000,1.100000,0.000000,0.000000,-1.571000,0.066830,0.992026,0.057560,0.995940
46.290000,-0.253318,0.007974,1.042440,-0.193837,0.000020,-0.000014,0.171839,-0.000012,1.570855,-0.184616,1.000000,1.100000,0.000000,0.000000,-1.571000,0.068702,0.992026,0.057560,0.996067
46.292000,-0.253701,0.007974,1.042440,-0.190074,0.000020,0.000026,0.171918,-0.000012,1.570853,-0.183127,1.000000,1.100000,0.000000,0.000000,-1.571000,0.070574,0.992026,0.057560,0.996198
46.294000,-0.254076,0.007974,1.042440,-0.186316,0.000020,0.000065,0.171984,-0.000013,1.570850,-0.181630,1.000000,1.100000,0.000000,0.000000,-1.571000,0.072446,0.992026,0.057560,0.996332
46.296000,-0.254443,0.007974,1.042440,-0.182564,0.000020,0.000104,0.172040,-0.000013,1.570847,-0.180126,1.000000,1.100000,0.000000,0.000000,-1.571000,0.074317,0.992026,0.057560,0.996470
46.298000,-0.254803,0.007974,1.042441,-0.178818,0.000020,0.000144,0.172084,-0.000013,1.570845,-0.178615,1.000000,1.100000,0.000000,0.000000,-1.571000,0.076188,0.992026,0.057559,0.996611
46.300000,-0.255155,0.007974,1.042441,-0.175078,0.000019,0.000183,0.172119,-0.000014,1.570842,-0.177097,1.000000,1.100000,0.000000,0.000000,-1.571000,0.078058,0.992026,0.057559,0.996756
46.302000,-0.255500,0.007974,1.042442,-0.171343,0.000019,0.000226,0.172146,-0.000014,1.570839,-0.175572,1.000000,1.100000,0.000000,0.000000,-1.571000,0.079928,0.992026,0.057558,0.996904
46.304000,-0.255838,0.007974,1.042442,-0.167614,0.000019,0.000274,0.172165,-0.000014,1.570836,-0.174040,1.000000,1.100000,0.000000,0.000000,-1.571000,0.081797,0.992026,0.057558,0.997055
46.306000,-0.256168,0.007974,1.042443,-0.163891,0.000019,0.000327,0.172178,-0.000014,1.570833,-0.172502,1.000000,1.100000,0.000000,0.000000,-1.571000,0.083666,0.992026,0.057557,0.997210
46.308000,-0.256490,0.007974,1.042443,-0.160174,0.000019,0.000385,0.172184,-0.000014,1.570830,-0.170956,1.000000,1.100000,0.000000,0.000000,-1.571000,0.085534,0.992026,0.057557,0.997369
46.310000,-0.256805,0.007974,1.042444,-0.156462,0.000019,0.000447,0.172186,-0.000014,1.570827,-0.169404,1.000000,1.100000,0.000000,0.000000,-1.571000,0.087402,0.992026,0.057556,0.997530
46.312000,-0.257113,0.007974,1.042445,-0.152757,0.000018,0.000513,0.172183,-0.000014,1.570824,-0.167845,1.000000,1.100000,0.000000,0.000000,-1.571000,0.089268,0.992026,0.057555,0.997696
46.314000,-0.257413,0.007974,1.042446,-0.149058,0.000018,0.000582,0.172177,-0.000014,1.570821,-0.166279,1.000000,1.100000,0.000000,0.000000,-1.571000,0.091134,0.992026,0.057554,0.997864
46.316000,-0.257706,0.007974,1.042448,-0.145365,0.000018,0.000654,0.172167,-0.000014,1.570818,-0.164707,1.000000,1.100000,0.000000,0.000000,-1.571000,0.092999,0.992026,0.057552,0.998036
46.318000,-0.257991,0.007974,1.042449,-0.141680,0.000018,0.000730,0.172156,-0.000014,1.570815,-0.163128,1.000000,1.100000,0.000000,0.000000,-1.571000,0.094863,0.992026,0.057551,0.998211
46.320000,-0.258270,0.007974,1.042451,-0.138000,0.000017,0.000807,0.172143,-0.000014,1.570812,-0.161543,1.000000,1.100000,0.000000,0.000000,-1.571000,0.096727,0.992026,0.057549,0.998390
46.322000,-0.258540,0.007974,1.042452,-0.134328,0.000017,0.000887,0.172129,-0.000013,1.570809,-0.159951,1.000000,1.100000,0.000000,0.000000,-1.571000,0.098589,0.992026,0.057548,0.998572
46.324000,-0.258804,0.007974,1.042454,-0.130662,0.000017,0.000969,0.172114,-0.000013,1.570806,-0.158354,1.000000,1.100000,0.000000,0.000000,-1.571000,0.100450,0.992026,0.057546,0.998757
46.326000,-0.259060,0.007974,1.042456,-0.127002,0.000017,0.001053,0.172099,-0.000013,1.570803,-0.156750,1.000000,1.100000,0.000000,0.000000,-1.571000,0.102310,0.992026,0.057544,0.998946
46.328000,-0.259309,0.007974,1.042459,-0.123350,0.000016,0.001139,0.172084,-0.000012,1.570801,-0.155139,1.000000,1.100000,0.000000,0.000000,-1.571000,0.104169,0.992026,0.057541,0.999138
46.330000,-0.259550,0.007975,1.042461,-0.119704,0.000016,0.001226,0.172070,-0.000012,1.570798,-0.153523,1.000000,1.100000,0.000000,0.000000,-1.571000,0.106027,0.992025,0.057539,0.999333
46.332000,-0.259784,0.007975,1.042464,-0.116065,0.000016,0.001314,0.172057,-0.000011,1.570795,-0.151900,1.000000,1.100000,0.000000,0.000000,-1.571000,0.107884,0.992025,0.057536,0.999532
46.334000,-0.260011,0.007975,1.042466,-0.112433,0.000016,0.001404,0.172046,-0.000011,1.570793,-0.150272,1.000000,1.100000,0.000000,0.000000,-1.571000,0.109739,0.992025,0.057534,0.999734
46.336000,-0.260231,0.007975,1.042469,-0.108808,0.000015,0.001495,0.172036,-0.000010,1.570790,-0.148638,1.000000,1.100000,0.000000,0.000000,-1.571000,0.111593,0.992025,0.057531,0.999939
46.338000,-0.260443,0.007975,1.042472,-0.105189,0.000015,0.001586,0.172028,-0.000009,1.570788,-0.146997,1.000000,1.100000,0.000000,0.000000,-1.571000,0.113446,0.992025,0.057528,1.000147
46.340000,-0.260648,0.007975,1.042476,-0.101577,0.000015,0.001679,0.172023,-0.000009,1.570785,-0.145351,1.000000,1.100000,0.000000,0.000000,-1.571000,0.115297,0.992025,0.057524,1.000358
46.342000,-0.260846,0.007975,1.042479,-0.097972,0.000015,0.001772,0.172020,-0.000008,1.570783,-0.143699,1.000000,1.100000,0.000000,0.000000,-1.571000,0.117147,0.992025,0.057521,1.000573
46.344000,-0.261037,0.007975,1.042483,-0.094373,0.000014,0.001866,0.172019,-0.000007,1.570781,-0.142042,1.000000,1.100000,0.000000,0.000000,-1.571000,0.118995,0.992025,0.057517,1.000791
46.346000,-0.261221,0.007975,1.042487,-0.090781,0.000014,0.001961,0.172021,-0.000007,1.570779,-0.140379,1.000000,1.100000,0.000000,0.000000,-1.571000,0.120842,0.992025,0.057513,1.001012
46.348000,-0.261397,0.007975,1.042491,-0.087195,0.000014,0.002056,0.172026,-0.000006,1.570777,-0.138710,1.000000,1.100000,0.000000,0.000000,-1.571000,0.122687,0.992025,0.057509,1.001236
46.350000,-0.261566,0.007975,1.042495,-0.083616,0.000014,0.002151,0.172034,-0.000005,1.570775,-0.137036,1.000000,1.100000,0.000000,0.000000,-1.571000,0.124530,0.992025,0.057505,1.001463
46.352000,-0.261728,0.007975,1.042500,-0.080043,0.000014,0.002247,0.172044,-0.000005,1.570773,-0.135357,1.000000,1.100000,0.000000,0.000000,-1.571000,0.126371,0.992025,0.057500,1.001694
46.354000,-0.261883,0.007975,1.042504,-0.076476,0.000013,0.002343,0.172058,-0.000004,1.570771,-0.133672,1.000000,1.100000,0.000000,0.000000,-1.571000,0.128211,0.992025,0.057496,1.001927
46.356000,-0.262031,0.007975,1.042509,-0.072916,0.000013,0.002439,0.172075,-0.000003,1.570769,-0.131982,1.000000,1.100000,0.000000,0.000000,-1.571000,0.130049,0.992025,0.057491,1.002164
46.358000,-0.262172,0.007975,1.042514,-0.069362,0.000013,0.002536,0.172094,-0.000003,1.570768,-0.130286,1.000000,1.100000,0.000000,0.000000,-1.571000,0.131885,0.992025,0.057486,1.002403
46.360000,-0.262305,0.007975,1.042519,-0.065814,0.000013,0.002632,0.172117,-0.000002,1.570766,-0.128586,1.000000,1.100000,0.000000,0.000000,-1.571000,0.133719,0.992025,0.057481,1.002646
46.362000,-0.262431,0.007975,1.042525,-0.062271,0.000013,0.002731,0.172142,-0.000002,1.570765,-0.126880,1.000000,1.100000,0.000000,0.000000,-1.571000,0.135551,0.992025,0.057475,1.002891
46.364000,-0.262551,0.007975,1.042530,-0.058734,0.000013,0.002833,0.172170,-0.000001,1.570763,-0.125170,1.000000,1.100000,0.000000,0.000000,-1.571000,0.137381,0.992025,0.057470,1.003140
46.366000,-0.262663,0.007975,1.042536,-0.055203,0.000012,0.002938,0.172201,-0.000001,1.570762,-0.123454,1.000000,1.100000,0.000000,0.000000,-1.571000,0.139209,0.992025,0.057464,1.003392
46.368000,-0.262768,0.007975,1.042542,-0.051677,0.000012,0.003045,0.172234,-0.000000,1.570761,-0.121734,1.000000,1.100000,0.000000,0.000000,-1.571000,0.141034,0.992025,0.057458,1.003646
46.370000,-0.262867,0.007975,1.042549,-0.048156,0.000012,0.003156,0.172271,0.000000,1.570759,-0.120009,1.000000,1.100000,0.000000,0.000000,-1.571000,0.142858,0.992025,0.057451,1.003904
46.372000,-0.262958,0.007975,1.042555,-0.044641,0.000012,0.003268,0.172309,0.000001,1.570758,-0.118279,1.000000,1.100000,0.000000,0.000000,-1.571000,0.144679,0.992025,0.057445,1.004164
46.374000,-0.263042,0.007975,1.042562,-0.041131,0.000012,0.003383,0.172350,0.000001,1.570757,-0.116544,1.000000,1.100000,0.000000,0.000000,-1.571000,0.146498,0.992025,0.057438,1.004427
46.376000,-0.263119,0.007975,1.042569,-0.037626,0.000012,0.003499,0.172393,0.000002,1.570756,-0.114805,1.000000,1.100000,0.000000,0.000000,-1.571000,0.148314,0.992025,0.057431,1.004693
46.378000,-0.263189,0.007975,1.042576,-0.034126,0.000012,0.003616,0.172438,0.000002,1.570755,-0.113061,1.000000,1.100000,0.000000,0.000000,-1.571000,0.150128,0.992025,0.057424,1.004962
46.380000,-0.263252,0.007975,1.042583,-0.030632,0.000011,0.003735,0.172485,0.000002,1.570755,-0.111313,1.000000,1.100000,0.000000,0.000000,-1.571000,0.151939,0.992025,0.057417,1.005234
46.382000,-0.263308,0.007975,1.042591,-0.027144,0.000011,0.003855,0.172534,0.000003,1.570754,-0.109561,1.000000,1.100000,0.000000,0.000000,-1.571000,0.153748,0.992025,0.057409,1.005508
46.384000,-0.263357,0.007975,1.042599,-0.023660,0.000011,0.003976,0.172584,0.000003,1.570753,-0.107804,1.000000,1.100000,0.000000,0.000000,-1.571000,0.155554,0.992025,0.057401,1.005786
46.386000,-0.263399,0.007975,1.042607,-0.020182,0.000011,0.004098,0.172636,0.000003,1.570753,-0.106042,1.000000,1.100000,0.000000,0.000000,-1.571000,0.157357,0.992025,0.057393,1.006066
46.388000,-0.263435,0.007975,1.042615,-0.016709,0.000011,0.004221,0.172689,0.000004,1.570752,-0.104277,1.000000,1.100000,0.000000,0.000000,-1.571000,0.159157,0.992025,0.057385,1.006348
46.390000,-0.263463,0.007975,1.042624,-0.013241,0.000011,0.004344,0.172743,0.000004,1.570752,-0.102508,1.000000,1.100000,0.000000,0.000000,-1.571000,0.160955,0.992025,0.057376,1.006634
46.392000,-0.263484,0.007975,1.042633,-0.009778,0.000011,0.004468,0.172798,0.000004,1.570751,-0.100734,1.000000,1.100000,0.000000,0.000000,-1.571000,0.162750,0.992025,0.057367,1.006922
46.394000,-0.263498,0.007975,1.042642,-0.006334,0.000011,0.004602,0.172853,0.000004,1.570751,-0.098957,1.000000,1.100000,0.000000,0.000000,-1.571000,0.164542,0.992025,0.057358,1.007212
46.396000,-0.263506,0.007975,1.042651,-0.002889,0.000011,0.004735,0.172910,0.000004,1.570751,-0.097175,1.000000,1.100000,0.000000,0.000000,-1.571000,0.166331,0.992025,0.057349,1.007506
46.398000,-0.263507,0.007975,1.042661,0.000558,0.000011,0.004869,0.172967,0.000005,1.570750,-0.095390,1.000000,1.100000,0.000000,0.000000,-1.571000,0.168117,0.992025,0.057339,1.007801
46.400000,-0.263500,0.007975,1.042671,0.004006,0.000010,0.005003,0.173024,0.000005,1.570750,-0.093601,1.000000,1.100000,0.000000,0.000000,-1.571000,0.169899,0.992025,0.057329,1.008100
46.402000,-0.263487,0.007975,1.042681,0.007456,0.000010,0.005137,0.173081,0.000005,1.570750,-0.091808,1.000000,1.100000,0.000000,0.000000,-1.571000,0.171679,0.992025,0.057319,1.008401
46.404000,-0.263467,0.007975,1.042692,0.010887,0.000010,0.005261,0.173139,0.000005,1.570750,-0.090012,1.000000,1.100000,0.000000,0.000000,-1.571000,0.173455,0.992025,0.057308,1.008704
46.406000,-0.263440,0.007975,1.042702,0.014313,0.000010,0.005385,0.173196,0.000005,1.570750,-0.088212,1.000000,1.100000,0.000000,0.000000,-1.571000,0.175228,0.992025,0.057298,1.009010
46.408000,-0.263406,0.007975,1.042713,0.017734,0.000010,0.005510,0.173253,0.000005,1.570750,-0.086409,1.000000,1.100000,0.000000,0.000000,-1.571000,0.176998,0.992025,0.057287,1.009318
46.410000,-0.263366,0.007975,1.042725,0.021150,0.000010,0.005634,0.173310,0.000005,1.570750,-0.084602,1.000000,1.100000,0.000000,0.000000,-1.571000,0.178764,0.992025,0.057275,1.009628
46.412000,-0.263318,0.007976,1.042736,0.024561,0.000010,0.005757,0.173366,0.000005,1.570750,-0.082792,1.000000,1.100000,0.000000,0.000000,-1.571000,0.180526,0.992024,0.057264,1.009941
46.414000,-0.263264,0.007976,1.042748,0.027967,0.000010,0.005881,0.173422,0.000005,1.570750,-0.080978,1.000000,1.100000,0.000000,0.000000,-1.571000,0.182285,0.992024,0.057252,1.010257
46.416000,-0.263203,0.007976,1.042760,0.031367,0.000010,0.006004,0.173477,0.000005,1.570750,-0.079162,1.000000,1.100000,0.000000,0.000000,-1.571000,0.184041,0.992024,0.057240,1.010574
46.418000,-0.263135,0.007976,1.042772,0.034763,0.000010,0.006127,0.173531,0.000004,1.570751,-0.077342,1.000000,1.100000,0.000000,0.000000,-1.571000,0.185793,0.992024,0.057228,1.010894
46.420000,-0.263060,0.007976,1.042784,0.038153,0.000010,0.006250,0.173584,0.000004,1.570751,-0.075519,1.000000,1.100000,0.000000,0.000000,-1.571000,0.187541,0.992024,0.057216,1.011216
46.422000,-0.262979,0.007976,1.042797,0.041537,0.000010,0.006371,0.173636,0.000004,1.570751,-0.073694,1.000000,1.100000,0.000000,0.000000,-1.571000,0.189285,0.992024,0.057203,1.011540
46.424000,-0.262891,0.007976,1.042810,0.044916,0.000009,0.006489,0.173686,0.000004,1.570751,-0.071865,1.000000,1.100000,0.000000,0.000000,-1.571000,0.191025,0.992024,0.057190,1.011866
46.426000,-0.262796,0.007976,1.042823,0.048289,0.000009,0.006604,0.173736,0.000004,1.570752,-0.070034,1.000000,1.100000,0.000000,0.000000,-1.571000,0.192762,0.992024,0.057177,1.012195
46.428000,-0.262694,0.007976,1.042837,0.051657,0.000009,0.006716,0.173784,0.000004,1.570752,-0.068199,1.000000,1.100000,0.000000,0.000000,-1.571000,0.194494,0.992024,0.057163,1.012526
46.430000,-0.262585,0.007976,1.042850,0.055018,0.000009,0.006826,0.173831,0.000004,1.570752,-0.066362,1.000000,1.100000,0.000000,0.000000,-1.571000,0.196223,0.992024,0.057150,1.012858
46.432000,-0.262470,0.007976,1.042864,0.058375,0.000009,0.006933,0.173876,0.000004,1.570753,-0.064523,1.000000,1.100000,0.000000,0.000000,-1.571000,0.197947,0.992024,0.057136,1.013193
46.434000,-0.262348,0.007976,1.042878,0.061725,0.000009,0.007039,0.173920,0.000004,1.570753,-0.062681,1.000000,1.100000,0.000000,0.000000,-1.571000,0.199667,0.992024,0.057122,1.013530
46.436000,-0.262220,0.007976,1.042892,0.065070,0.000009,0.007142,0.173963,0.000004,1.570754,-0.060836,1.000000,1.100000,0.000000,0.000000,-1.571000,0.201383,0.992024,0.057108,1.013868
46.438000,-0.262084,0.007976,1.042907,0.068409,0.000009,0.007244,0.174003,0.000004,1.570754,-0.058989,1.000000,1.100000,0.000000,0.000000,-1.571000,0.203095,0.992024,0.057093,1.014209
46.440000,-0.261942,0.007976,1.042921,0.071743,0.000009,0.007344,0.174042,0.000004,1.570755,-0.057140,1.000000,1.100000,0.000000,0.000000,-1.571000,0.204802,0.992024,0.057079,1.014551
46.442000,-0.261794,0.007976,1.042936,0.075071,0.000009,0.007443,0.174080,0.000004,1.570755,-0.055288,1.000000,1.100000,0.000000,0.000000,-1.571000,0.206505,0.992024,0.057064,1.014895
46.444000,-0.261638,0.007976,1.042951,0.078393,0.000009,0.007541,0.174115,0.000004,1.570756,-0.053435,1.000000,1.100000,0.000000,0.000000,-1.571000,0.208204,0.992024,0.057049,1.015242
46.446000,-0.261477,0.007976,1.042967,0.081710,0.000008,0.007637,0.174149,0.000004,1.570756,-0.051579,1.000000,1.100000,0.000000,0.000000,-1.571000,0.209898,0.992024,0.057033,1.015589
46.448000,-0.261308,0.007976,1.042982,0.085021,0.000008,0.007732,0.174182,0.000004,1.570757,-0.049721,1.000000,1.100000,0.000000,0.000000,-1.571000,0.211587,0.992024,0.057018,1.015939
46.450000,-0.261133,0.007976,1.042998,0.088327,0.000008,0.007826,0.174212,0.000004,1.570757,-0.047861,1.000000,1.100000,0.000000,0.000000,-1.571000,0.213272,0.992024,0.057002,1.016290
46.452000,-0.260951,0.007976,1.043013,0.091626,0.000008,0.007919,0.174241,0.000004,1.570758,-0.045999,1.000000,1.100000,0.000000,0.000000,-1.571000,0.214952,0.992024,0.056987,1.016643
46.454000,-0.260763,0.007976,1.043029,0.094920,0.000008,0.008011,0.174267,0.000004,1.570758,-0.044136,1.000000,1.100000,0.000000,0.000000,-1.571000,0.216627,0.992024,0.056971,1.016998
46.456000,-0.260568,0.007976,1.043046,0.098209,0.000008,0.008102,0.174292,0.000004,1.570759,-0.042270,1.000000,1.100000,0.000000,0.000000,-1.571000,0.218297,0.992024,0.056954,1.017354
46.458000,-0.260366,0.007976,1.043062,0.101492,0.000008,0.008192,0.174316,0.000004,1.570759,-0.040403,1.000000,1.100000,0.000000,0.000000,-1.571000,0.219963,0.992024,0.056938,1.017712
46.460000,-0.260158,0.007976,1.043078,0.104769,0.000008,0.008282,0.174337,0.000004,1.570760,-0.038535,1.000000,1.100000,0.000000,0.000000,-1.571000,0.221623,0.992024,0.056922,1.018071
46.462000,-0.259943,0.007976,1.043095,0.108040,0.000008,0.008371,0.174357,0.000004,1.570760,-0.036665,1.000000,1.100000,0.000000,0.000000,-1.571000,0.223279,0.992024,0.056905,1.018432
46.464000,-0.259722,0.007976,1.043112,0.111305,0.000008,0.008460,0.174375,0.000004,1.570761,-0.034793,1.000000,1.100000,0.000000,0.000000,-1.571000,0.224929,0.992024,0.056888,1.018794
46.466000,-0.259494,0.007976,1.043129,0.114565,0.000008,0.008547,0.174392,0.000004,1.570761,-0.032920,1.000000,1.100000,0.000000,0.000000,-1.571000,0.226574,0.992024,0.056871,1.019157
46.468000,-0.259260,0.007976,1.043146,0.117819,0.000008,0.008635,0.174407,0.000004,1.570762,-0.031046,1.000000,1.100000,0.000000,0.000000,-1.571000,0.228214,0.992024,0.056854,1.019522
46.470000,-0.259019,0.007976,1.043164,0.121067,0.000008,0.008722,0.174420,0.000004,1.570762,-0.029171,1.000000,1.100000,0.000000,0.000000,-1.571000,0.229849,0.992024,0.056836,1.019888
46.472000,-0.258772,0.007976,1.043181,0.124310,0.000008,0.008808,0.174432,0.000004,1.570763,-0.027294,1.000000,1.100000,0.000000,0.000000,-1.571000,0.231478,0.992024,0.056819,1.020256
46.474000,-0.258518,0.007976,1.043199,0.127546,0.000008,0.008894,0.174442,0.000004,1.570763,-0.025416,1.000000,1.100000,0.000000,0.000000,-1.571000,0.233102,0.992024,0.056801,1.020625
46.476000,-0.258258,0.007976,1.043217,0.130777,0.000008,0.008979,0.174451,0.000004,1.570764,-0.023538,1.000000,1.100000,0.000000,0.000000,-1.571000,0.234721,0.992024,0.056783,1.020994
46.478000,-0.257992,0.007976,1.043235,0.134002,0.000008,0.009064,0.174458,0.000004,1.570764,-0.021658,1.000000,1.100000,0.000000,0.000000,-1.571000,0.236333,0.992024,0.056765,1.021365
46.480000,-0.257719,0.007976,1.043253,0.137221,0.000007,0.009149,0.174464,0.000004,1.570765,-0.019778,1.000000,1.100000,0.000000,0.000000,-1.571000,0.237941,0.992024,0.056747,1.021737
46.482000,-0.257439,0.007976,1.043272,0.140434,0.000007,0.009233,0.174469,0.000004,1.570765,-0.017896,1.000000,1.100000,0.000000,0.000000,-1.571000,0.239543,0.992024,0.056728,1.022111
46.484000,-0.257153,0.007976,1.043291,0.143641,0.000007,0.009317,0.174473,0.000004,1.570766,-0.016015,1.000000,1.100000,0.000000,0.000000,-1.571000,0.241139,0.992024,0.056709,1.022485
46.486000,-0.256861,0.007976,1.043309,0.146842,0.000007,0.009401,0.174475,0.000003,1.570766,-0.014132,1.000000,1.100000,0.000000,0.000000,-1.571000,0.242729,0.992024,0.056691,1.022860
46.488000,-0.256562,0.007976,1.043328,0.150038,0.000007,0.009485,0.174477,0.000003,1.570767,-0.012249,1.000000,1.100000,0.000000,0.000000,-1.571000,0.244313,0.992024,0.056672,1.023236
46.490000,-0.256257,0.007976,1.043347,0.153227,0.000007,0.009568,0.174477,0.000003,1.570767,-0.010365,1.000000,1.100000,0.000000,0.000000,-1.571000,0.245891,0.992024,0.056653,1.023613
46.492000,-0.255945,0.007976,1.043367,0.156411,0.000007,0.009651,0.174476,0.000003,1.570768,-0.008481,1.000000,1.100000,0.000000,0.000000,-1.571000,0.247464,0.992024,0.056633,1.023991
46.494000,-0.255627,0.007976,1.043386,0.159588,0.000007,0.009733,0.174475,0.000003,1.570768,-0.006597,1.000000,1.100000,0.000000,0.000000,-1.571000,0.249030,0.992024,0.056614,1.024369
46.496000,-0.255303,0.007976,1.043406,0.162760,0.000007,0.009816,0.174472,0.000003,1.570768,-0.004712,1.000000,1.100000,0.000000,0.000000,-1.571000,0.250591,0.992024,0.056594,1.024749
46.498000,-0.254972,0.007976,1.043425,0.165925,0.000007,0.009898,0.174469,0.000002,1.570769,-0.002827,1.000000,1.100000,0.000000,0.000000,-1.571000,0.252145,0.992024,0.056575,1.025129
46.500000,-0.254635,0.007976,1.043445,0.169085,0.000007,0.009980,0.174465,0.000002,1.570769,-0.000942,1.000000,1.100000,0.000000,0.000000,-1.571000,0.253693,0.992024,0.056555,1.025509
46.502000,-0.254292,0.007976,1.043465,0.172239,0.000007,0.010061,0.174460,0.000002,1.570769,0.000942,1.000000,1.100000,0.000000,0.000000,-1.571000,0.255235,0.992024,0.056535,1.025891
46.504000,-0.253943,0.007976,1.043486,0.175386,0.000007,0.010138,0.174455,0.000002,1.570770,0.002827,1.000000,1.100000,0.000000,0.000000,-1.571000,0.256770,0.992024,0.056514,1.026273
46.506000,-0.253587,0.007976,1.043506,0.178527,0.000007,0.010213,0.174449,0.000002,1.570770,0.004712,1.000000,1.100000,0.000000,0.000000,-1.571000,0.258299,0.992024,0.056494,1.026655
46.508000,-0.253225,0.007976,1.043527,0.181661,0.000007,0.010286,0.174442,0.000002,1.570770,0.006597,1.000000,1.100000,0.000000,0.000000,-1.571000,0.259822,0.992024,0.056473,1.027038
46.510000,-0.252856,0.007976,1.043547,0.184789,0.000007,0.010357,0.174435,0.000002,1.570771,0.008481,1.000000,1.100000,0.000000,0.000000,-1.571000,0.261337,0.992024,0.056453,1.027422
46.512000,-0.252482,0.007976,1.043568,0.187911,0.000007,0.010425,0.174428,0.000002,1.570771,0.010365,1.000000,1.100000,0.000000,0.000000,-1.571000,0.262847,0.992024,0.056432,1.027805
46.514000,-0.252101,0.007976,1.043589,0.191027,0.000006,0.010492,0.174421,0.000002,1.570771,0.012249,1.000000,1.100000,0.000000,0.000000,-1.571000,0.264350,0.992024,0.056411,1.028190
46.516000,-0.251714,0.007976,1.043610,0.194136,0.000006,0.010558,0.174413,0.000002,1.570771,0.014132,1.000000,1.100000,0.000000,0.000000,-1.571000,0.265846,0.992024,0.056390,1.028574
46.518000,-0.251320,0.007976,1.043632,0.197239,0.000006,0.010622,0.174404,0.000002,1.570772,0.016015,1.000000,1.100000,0.000000,0.000000,-1.571000,0.267335,0.992024,0.056368,1.028959
46.520000,-0.250921,0.007976,1.043653,0.200337,0.000006,0.010684,0.174396,0.000003,1.570772,0.017896,1.000000,1.100000,0.000000,0.000000,-1.571000,0.268817,0.992024,0.056347,1.029344
46.522000,-0.250515,0.007976,1.043674,0.203428,0.000006,0.010746,0.174387,0.000003,1.570772,0.019778,1.000000,1.100000,0.000000,0.000000,-1.571000,0.270293,0.992024,0.056326,1.029729
46.524000,-0.250103,0.007976,1.043696,0.206513,0.000006,0.010806,0.174378,0.000003,1.570772,0.021658,1.000000,1.100000,0.000000,0.000000,-1.571000,0.271761,0.992024,0.056304,1.030114
46.526000,-0.249685,0.007976,1.043718,0.209592,0.000006,0.010865,0.174369,0.000003,1.570772,0.023538,1.000000,1.100000,0.000000,0.000000,-1.571000,0.273223,0.992024,0.056282,1.030500
46.528000,-0.249261,0.007976,1.043740,0.212664,0.000006,0.010924,0.174360,0.000004,1.570772,0.025416,1.000000,1.100000,0.000000,0.000000,-1.571000,0.274677,0.992024,0.056260,1.030885
46.530000,-0.248831,0.007976,1.043762,0.215731,0.000006,0.010981,0.174351,0.000004,1.570772,0.027294,1.000000,1.100000,0.000000,0.000000,-1.571000,0.276125,0.992024,0.056238,1.031270
46.532000,-0.248394,0.007976,1.043784,0.218792,0.000006,0.011038,0.174342,0.000004,1.570773,0.029171,1.000000,1.100000,0.000000,0.000000,-1.571000,0.277565,0.992024,0.056216,1.031656
46.534000,-0.247952,0.007976,1.043806,0.221847,0.000006,0.011094,0.174332,0.000004,1.570773,0.031046,1.000000,1.100000,0.000000,0.000000,-1.571000,0.278998,0.992024,0.056194,1.032041
46.536000,-0.247503,0.007976,1.043828,0.224896,0.000006,0.011150,0.174323,0.000005,1.570773,0.032920,1.000000,1.100000,0.000000,0.000000,-1.571000,0.280423,0.992024,0.056172,1.032426
46.538000,-0.247048,0.007976,1.043850,0.227939,0.000006,0.011205,0.174314,0.000005,1.570773,0.034793,1.000000,1.100000,0.000000,0.000000,-1.571000,0.281841,0.992024,0.056150,1.032811
46.540000,-0.246587,0.007976,1.043873,0.230976,0.000006,0.011259,0.174305,0.000005,1.570773,0.036665,1.000000,1.100000,0.000000,0.000000,-1.571000,0.283252,0.992024,0.056127,1.033195
46.542000,-0.246120,0.007977,1.043896,0.234008,0.000006,0.011313,0.174297,0.000005,1.570773,0.038535,1.000000,1.100000,0.000000,0.000000,-1.571000,0.284655,0.992023,0.056104,1.033580
46.544000,-0.245647,0.007977,1.043918,0.237033,0.000006,0.011367,0.174288,0.000005,1.570773,0.040403,1.000000,1.100000,0.000000,0.000000,-1.571000,0.286050,0.992023,0.056082,1.033964
46.546000,-0.245168,0.007977,1.043941,0.240053,0.000006,0.011420,0.174279,0.000006,1.570773,0.042270,1.000000,1.100000,0.000000,0.000000,-1.571000,0.287438,0.992023,0.056059,1.034347
46.548000,-0.244683,0.007977,1.043964,0.243066,0.000006,0.011472,0.174271,0.000006,1.570773,0.044136,1.000000,1.100000,0.000000,0.000000,-1.571000,0.288819,0.992023,0.056036,1.034730
46.550000,-0.244192,0.007977,1.043987,0.246074,0.000006,0.011524,0.174263,0.000006,1.570773,0.045999,1.000000,1.100000,0.000000,0.000000,-1.571000,0.290191,0.992023,0.056013,1.035113
46.552000,-0.243695,0.007977,1.044010,0.249077,0.000006,0.011576,0.174255,0.000006,1.570773,0.047861,1.000000,1.100000,0.000000,0.000000,-1.571000,0.291556,0.992023,0.055990,1.035495
46.554000,-0.243191,0.007977,1.044034,0.252073,0.000006,0.011628,0.174247,0.000006,1.570773,0.049721,1.000000,1.100000,0.000000,0.000000,-1.571000,0.292912,0.992023,0.055966,1.035877
46.556000,-0.242682,0.007977,1.044057,0.255064,0.000006,0.011679,0.174240,0.000006,1.570774,0.051579,1.000000,1.100000,0.000000,0.000000,-1.571000,0.294261,0.992023,0.055943,1.036258
46.558000,-0.242167,0.007977,1.044080,0.258049,0.000006,0.011731,0.174233,0.000006,1.570774,0.053435,1.000000,1.100000,0.000000,0.000000,-1.571000,0.295602,0.992023,0.055920,1.036638
46.560000,-0.241646,0.007977,1.044104,0.261028,0.000006,0.011781,0.174226,0.000006,1.570774,0.055288,1.000000,1.100000,0.000000,0.000000,-1.571000,0.296934,0.992023,0.055896,1.037017
46.562000,-0.241119,0.007977,1.044128,0.264001,0.000006,0.011829,0.174219,0.000005,1.570774,0.057140,1.000000,1.100000,0.000000,0.000000,-1.571000,0.298259,0.992023,0.055872,1.037396
46.564000,-0.240586,0.007977,1.044151,0.266967,0.000006,0.011869,0.174210,0.000005,1.570774,0.058989,1.000000,1.100000,0.000000,0.000000,-1.571000,0.299575,0.992023,0.055849,1.037774
46.566000,-0.240047,0.007977,1.044175,0.269927,0.000006,0.011904,0.174197,0.000005,1.570774,0.060836,1.000000,1.100000,0.000000,0.000000,-1.571000,0.300883,0.992023,0.055825,1.038151
46.568000,-0.239502,0.007977,1.044199,0.272879,0.000006,0.011933,0.174180,0.000004,1.570774,0.062681,1.000000,1.100000,0.000000,0.000000,-1.571000,0.302183,0.992023,0.055801,1.038527
46.570000,-0.238952,0.007977,1.044223,0.275825,0.000006,0.011957,0.174157,0.000004,1.570775,0.064523,1.000000,1.100000,0.000000,0.000000,-1.571000,0.303474,0.992023,0.055777,1.038902
46.572000,-0.238395,0.007977,1.044247,0.278764,0.000006,0.011976,0.174127,0.000004,1.570775,0.066362,1.000000,1.100000,0.000000,0.000000,-1.571000,0.304757,0.992023,0.055753,1.039277
46.574000,-0.237833,0.007977,1.044271,0.281697,0.000006,0.011991,0.174088,0.000003,1.570775,0.068199,1.000000,1.100000,0.000000,0.000000,-1.571000,0.306032,0.992023,0.055729,1.039650
46.576000,-0.237264,0.007977,1.044295,0.284622,0.000006,0.012003,0.174041,0.000003,1.570775,0.070034,1.000000,1.100000,0.000000,0.000000,-1.571000,0.307298,0.992023,0.055705,1.040022
46.578000,-0.236690,0.007977,1.044319,0.287541,0.000006,0.012011,0.173984,0.000002,1.570776,0.071865,1.000000,1.100000,0.000000,0.000000,-1.571000,0.308555,0.992023,0.055681,1.040393
46.580000,-0.236110,0.007977,1.044343,0.290452,0.000006,0.012017,0.173917,0.000001,1.570776,0.073694,1.000000,1.100000,0.000000,0.000000,-1.571000,0.309804,0.992023,0.055657,1.040762
46.582000,-0.235524,0.007977,1.044367,0.293356,0.000006,0.012020,0.173840,0.000001,1.570777,0.075519,1.000000,1.100000,0.000000,0.000000,-1.571000,0.311044,0.992023,0.055633,1.041131
46.584000,-0.234932,0.007977,1.044391,0.296253,0.000006,0.012021,0.173751,0.000000,1.570777,0.077342,1.000000,1.100000,0.000000,0.000000,-1.571000,0.312275,0.992023,0.055609,1.041498
46.586000,-0.234335,0.007977,1.044415,0.299142,0.000006,0.012019,0.173650,-0.000000,1.570778,0.079162,1.000000,1.100000,0.000000,0.000000,-1.571000,0.313497,0.992023,0.055585,1.041864
46.588000,-0.233732,0.007977,1.044439,0.302024,0.000006,0.012016,0.173538,-0.000001,1.570778,0.080978,1.000000,1.100000,0.000000,0.000000,-1.571000,0.314710,0.992023,0.055561,1.042228
46.590000,-0.233123,0.007977,1.044463,0.304897,0.000006,0.012012,0.173414,-0.000001,1.570779,0.082792,1.000000,1.100000,0.000000,0.000000,-1.571000,0.315915,0.992023,0.055537,1.042591
46.592000,-0.232508,0.007977,1.044487,0.307763,0.000006,0.012006,0.173278,-0.000002,1.570780,0.084602,1.000000,1.100000,0.000000,0.000000,-1.571000,0.317110,0.992023,0.055513,1.042953
46.594000,-0.231888,0.007977,1.044511,0.310620,0.000006,0.011999,0.173130,-0.000003,1.570780,0.086409,1.000000,1.100000,0.000000,0.000000,-1.571000,0.318296,0.992023,0.055489,1.043313
46.596000,-0.231262,0.007977,1.044535,0.313468,0.000006,0.011992,0.172970,-0.000003,1.570781,0.088212,1.000000,1.100000,0.000000,0.000000,-1.571000,0.319474,0.992023,0.055465,1.043671
46.598000,-0.230630,0.007977,1.044559,0.316308,0.000005,0.011983,0.172799,-0.000004,1.570782,0.090012,1.000000,1.100000,0.000000,0.000000,-1.571000,0.320642,0.992023,0.055441,1.044028
46.600000,-0.229992,0.007977,1.044583,0.319139,0.000005,0.011974,0.172615,-0.000004,1.570782,0.091808,1.000000,1.100000,0.000000,0.000000,-1.571000,0.321800,0.992023,0.055417,1.044383
46.602000,-0.229349,0.007977,1.044607,0.321961,0.000005,0.011965,0.172421,-0.000005,1.570783,0.093601,1.000000,1.100000,0.000000,0.000000,-1.571000,0.322950,0.992023,0.055393,1.044737
46.604000,-0.228700,0.007977,1.044631,0.324774,0.000005,0.011955,0.172215,-0.000006,1.570784,0.095390,1.000000,1.100000,0.000000,0.000000,-1.571000,0.324090,0.992023,0.055369,1.045089
46.606000,-0.228046,0.007977,1.044655,0.327577,0.000005,0.011945,0.171999,-0.000006,1.570785,0.097175,1.000000,1.100000,0.000000,0.000000,-1.571000,0.325221,0.992023,0.055345,1.045438
46.608000,-0.227386,0.007977,1.044679,0.330371,0.000005,0.011936,0.171772,-0.000007,1.570785,0.098957,1.000000,1.100000,0.000000,0.000000,-1.571000,0.326342,0.992023,0.055321,1.045787
46.610000,-0.226720,0.007977,1.044703,0.333154,0.000004,0.011926,0.171536,-0.000007,1.570786,0.100734,1.000000,1.100000,0.000000,0.000000,-1.571000,0.327454,0.992023,0.055297,1.046133
46.612000,-0.226049,0.007977,1.044727,0.335928,0.000004,0.011916,0.171290,-0.000008,1.570787,0.102508,1.000000,1.100000,0.000000,0.000000,-1.571000,0.328557,0.992023,0.055273,1.046477
46.614000,-0.225372,0.007977,1.044751,0.338692,0.000004,0.011907,0.171035,-0.000008,1.570788,0.104277,1.000000,1.100000,0.000000,0.000000,-1.571000,0.329650,0.992023,0.055249,1.046820
46.616000,-0.224690,0.007977,1.044775,0.341445,0.000004,0.011898,0.170771,-0.000008,1.570788,0.106042,1.000000,1.100000,0.000000,0.000000,-1.571000,0.330733,0.992023,0.055225,1.047160
46.618000,-0.224003,0.007977,1.044798,0.344188,0.000004,0.011890,0.170500,-0.000009,1.570789,0.107804,1.000000,1.100000,0.000000,0.000000,-1.571000,0.331806,0.992023,0.055202,1.047498
46.620000,-0.223309,0.007977,1.044822,0.346921,0.000003,0.011882,0.170221,-0.000009,1.570790,0.109561,1.000000,1.100000,0.000000,0.000000,-1.571000,0.332870,0.992023,0.055178,1.047834
46.622000,-0.222611,0.007977,1.044846,0.349642,0.000003,0.011871,0.169935,-0.000010,1.570790,0.111313,1.000000,1.100000,0.000000,0.000000,-1.571000,0.333924,0.992023,0.055154,1.048168
46.624000,-0.221907,0.007977,1.044870,0.352352,0.000003,0.011854,0.169639,-0.000010,1.570791,0.113061,1.000000,1.100000,0.000000,0.000000,-1.571000,0.334968,0.992023,0.055130,1.048500
46.626000,-0.221197,0.007977,1.044893,0.355049,0.000003,0.011832,0.169333,-0.000010,1.570791,0.114805,1.000000,1.100000,0.000000,0.000000,-1.571000,0.336002,0.992023,0.055107,1.048830
46.628000,-0.220482,0.007977,1.044917,0.357735,0.000003,0.011805,0.169014,-0.000011,1.570792,0.116544,1.000000,1.100000,0.000000,0.000000,-1.571000,0.337027,0.992023,0.055083,1.049157
46.630000,-0.219762,0.007977,1.044941,0.360408,0.000002,0.011774,0.168680,-0.000011,1.570792,0.118279,1.000000,1.100000,0.000000,0.000000,-1.571000,0.338041,0.992023,0.055059,1.049482
46.632000,-0.219037,0.007977,1.044964,0.363069,0.000002,0.011740,0.168333,-0.000011,1.570793,0.120009,1.000000,1.100000,0.000000,0.000000,-1.571000,0.339045,0.992023,0.055036,1.049805
46.634000,-0.218306,0.007977,1.044988,0.365718,0.000002,0.011703,0.167969,-0.000012,1.570793,0.121734,1.000000,1.100000,0.000000,0.000000,-1.571000,0.340040,0.992023,0.055012,1.050125
46.636000,-0.217570,0.007977,1.045011,0.368353,0.000002,0.011663,0.167590,-0.000012,1.570793,0.123454,1.000000,1.100000,0.000000,0.000000,-1.571000,0.341024,0.992023,0.054989,1.050443
46.638000,-0.216828,0.007977,1.045034,0.370976,0.000001,0.011621,0.167193,-0.000012,1.570794,0.125170,1.000000,1.100000,0.000000,0.000000,-1.571000,0.341998,0.992023,0.054966,1.050759
46.640000,-0.216082,0.007977,1.045057,0.373586,0.000001,0.011577,0.166780,-0.000012,1.570794,0.126880,1.000000,1.100000,0.000000,0.000000,-1.571000,0.342962,0.992023,0.054943,1.051072
46.642000,-0.215330,0.007977,1.045081,0.376182,0.000001,0.011532,0.166350,-0.000013,1.570795,0.128586,1.000000,1.100000,0.000000,0.000000,-1.571000,0.343916,0.992023,0.054919,1.051382
46.644000,-0.214573,0.007977,1.045104,0.378764,0.000001,0.011485,0.165903,-0.000013,1.570795,0.130286,1.000000,1.100000,0.000000,0.000000,-1.571000,0.344859,0.992023,0.054896,1.051690
46.646000,-0.213811,0.007977,1.045126,0.381332,0.000000,0.011438,0.165438,-0.000013,1.570796,0.131982,1.000000,1.100000,0.000000,0.000000,-1.571000,0.345792,0.992023,0.054874,1.051995
46.648000,-0.213043,0.007977,1.045149,0.383886,0.000000,0.011391,0.164957,-0.000013,1.570796,0.133672,1.000000,1.100000,0.000000,0.000000,-1.571000,0.346715,0.992023,0.054851,1.052297
46.650000,-0.212271,0.007977,1.045172,0.386426,-0.000000,0.011343,0.164460,-0.000013,1.570797,0.135357,1.000000,1.100000,0.000000,0.000000,-1.571000,0.347628,0.992023,0.054828,1.052597
46.652000,-0.211494,0.007977,1.045195,0.388950,-0.000000,0.011295,0.163947,-0.000013,1.570797,0.137036,1.000000,1.100000,0.000000,0.000000,-1.571000,0.348530,0.992023,0.054805,1.052894
46.654000,-0.210711,0.007977,1.045217,0.391460,-0.000001,0.011247,0.163419,-0.000013,1.570797,0.138710,1.000000,1.100000,0.000000,0.000000,-1.571000,0.349422,0.992023,0.054783,1.053189
46.656000,-0.209924,0.007977,1.045240,0.393954,-0.000001,0.011199,0.162875,-0.000013,1.570798,0.140379,1.000000,1.100000,0.000000,0.000000,-1.571000,0.350303,0.992023,0.054760,1.053480
46.658000,-0.209131,0.007977,1.045262,0.396433,-0.000001,0.011152,0.162318,-0.000013,1.570798,0.142042,1.000000,1.100000,0.000000,0.000000,-1.571000,0.351173,0.992023,0.054738,1.053769
46.660000,-0.208334,0.007977,1.045284,0.398896,-0.000001,0.011106,0.161748,-0.000013,1.570798,0.143699,1.000000,1.100000,0.000000,0.000000,-1.571000,0.352033,0.992023,0.054716,1.054055
46.662000,-0.207532,0.007977,1.045306,0.401343,-0.000002,0.011061,0.161165,-0.000013,1.570799,0.145351,1.000000,1.100000,0.000000,0.000000,-1.571000,0.352883,0.992023,0.054694,1.054337
46.664000,-0.206725,0.007977,1.045328,0.403774,-0.000002,0.011016,0.160570,-0.000013,1.570799,0.146997,1.000000,1.100000,0.000000,0.000000,-1.571000,0.353722,0.992023,0.054672,1.054617
46.666000,-0.205913,0.007977,1.045350,0.406188,-0.000002,0.010973,0.159965,-0.000013,1.570799,0.148638,1.000000,1.100000,0.000000,0.000000,-1.571000,0.354550,0.992023,0.054650,1.054894
46.668000,-0.205096,0.007977,1.045372,0.408587,-0.000002,0.010931,0.159350,-0.000013,1.570799,0.150272,1.000000,1.100000,0.000000,0.000000,-1.571000,0.355368,0.992023,0.054628,1.055168
46.670000,-0.204274,0.007977,1.045394,0.410968,-0.000003,0.010890,0.158726,-0.000013,1.570799,0.151900,1.000000,1.100000,0.000000,0.000000,-1.571000,0.356175,0.992023,0.054606,1.055439
46.672000,-0.203448,0.007977,1.045416,0.413333,-0.000003,0.010850,0.158094,-0.000013,1.570799,0.153523,1.000000,1.100000,0.000000,0.000000,-1.571000,0.356971,0.992023,0.054584,1.055707
46.674000,-0.202617,0.007977,1.045438,0.415681,-0.000003,0.010812,0.157456,-0.000013,1.570799,0.155139,1.000000,1.100000,0.000000,0.000000,-1.571000,0.357756,0.992023,0.054562,1.055972
46.676000,-0.201781,0.007977,1.045459,0.418011,-0.000003,0.010775,0.156812,-0.000013,1.570799,0.156750,1.000000,1.100000,0.000000,0.000000,-1.571000,0.358531,0.992023,0.054541,1.056233
46.678000,-0.200941,0.007977,1.045481,0.420325,-0.000004,0.010740,0.156163,-0.000012,1.570799,0.158354,1.000000,1.100000,0.000000,0.000000,-1.571000,0.359295,0.992023,0.054519,1.056492
46.680000,-0.200096,0.007977,1.045502,0.422622,-0.000004,0.010707,0.155510,-0.000012,1.570799,0.159951,1.000000,1.100000,0.000000,0.000000,-1.571000,0.360047,0.992023,0.054498,1.056747
46.682000,-0.199246,0.007977,1.045524,0.424902,-0.000004,0.010675,0.154855,-0.000012,1.570799,0.161543,1.000000,1.100000,0.000000,0.000000,-1.571000,0.360789,0.992023,0.054476,1.056999
46.684000,-0.198392,0.007977,1.045545,0.427164,-0.000004,0.010645,0.154199,-0.000011,1.570798,0.163128,1.000000,1.100000,0.000000,0.000000,-1.571000,0.361521,0.992023,0.054455,1.057247
46.686000,-0.197534,0.007977,1.045566,0.429410,-0.000004,0.010617,0.153542,-0.000011,1.570798,0.164707,1.000000,1.100000,0.000000,0.000000,-1.571000,0.362241,0.992023,0.054434,1.057493
46.688000,-0.196671,0.007977,1.045587,0.431638,-0.000005,0.010590,0.152886,-0.000011,1.570798,0.166279,1.000000,1.100000,0.000000,0.000000,-1.571000,0.362950,0.992023,0.054413,1.057735
46.690000,-0.195803,0.007977,1.045609,0.433850,-0.000005,0.010565,0.152231,-0.000010,1.570797,0.167845,1.000000,1.100000,0.000000,0.000000,-1.571000,0.363648,0.992023,0.054391,1.057974
46.692000,-0.194931,0.007977,1.045630,0.436044,-0.000005,0.010542,0.151578,-0.000010,1.570796,0.169404,1.000000,1.100000,0.000000,0.000000,-1.571000,0.364335,0.992023,0.054370,1.058209
46.694000,-0.194055,0.007977,1.045651,0.438222,-0.000005,0.010521,0.150930,-0.000009,1.570796,0.170956,1.000000,1.100000,0.000000,0.000000,-1.571000,0.365011,0.992023,0.054349,1.058441
46.696000,-0.193175,0.007977,1.045672,0.440383,-0.000005,0.010501,0.150285,-0.000009,1.570795,0.172502,1.000000,1.100000,0.000000,0.000000,-1.571000,0.365676,0.992023,0.054328,1.058669
46.698000,-0.192290,0.007977,1.045693,0.442527,-0.000006,0.010483,0.149646,-0.000008,1.570794,0.174040,1.000000,1.100000,0.000000,0.000000,-1.571000,0.366330,0.992023,0.054307,1.058894
46.700000,-0.191401,0.007977,1.045714,0.444655,-0.000006,0.010467,0.149014,-0.000008,1.570793,0.175572,1.000000,1.100000,0.000000,0.000000,-1.571000,0.366973,0.992023,0.054286,1.059116
46.702000,-0.190507,0.007977,1.045735,0.446766,-0.000006,0.010448,0.148387,-0.000007,1.570793,0.177097,1.000000,1.100000,0.000000,0.000000,-1.571000,0.367604,0.992023,0.054265,1.059334
46.704000,-0.189610,0.007977,1.045756,0.448859,-0.000006,0.010423,0.147764,-0.000006,1.570792,0.178615,1.000000,1.100000,0.000000,0.000000,-1.571000,0.368225,0.992023,0.054244,1.059548
46.706000,-0.188708,0.007977,1.045776,0.450935,-0.000006,0.010391,0.147142,-0.000006,1.570791,0.180126,1.000000,1.100000,0.000000,0.000000,-1.571000,0.368834,0.992023,0.054224,1.059759
46.708000,-0.187802,0.007977,1.045797,0.452994,-0.000006,0.010355,0.146519,-0.000005,1.570790,0.181630,1.000000,1.100000,0.000000,0.000000,-1.571000,0.369432,0.992023,0.054203,1.059966
46.710000,-0.186892,0.007977,1.045818,0.455036,-0.000006,0.010313,0.145894,-0.000004,1.570789,0.183127,1.000000,1.100000,0.000000,0.000000,-1.571000,0.370019,0.992023,0.054182,1.060170
46.712000,-0.185978,0.007977,1.045838,0.457062,-0.000006,0.010268,0.145263,-0.000004,1.570788,0.184616,1.000000,1.100000,0.000000,0.000000,-1.571000,0.370594,0.992023,0.054162,1.060370
46.714000,-0.185060,0.007977,1.045859,0.459070,-0.000006,0.010220,0.144627,-0.000003,1.570787,0.186098,1.000000,1.100000,0.000000,0.000000,-1.571000,0.371158,0.992023,0.054141,1.060566
46.716000,-0.184138,0.007977,1.045879,0.461061,-0.000007,0.010168,0.143983,-0.000002,1.570786,0.187573,1.000000,1.100000,0.000000,0.000000,-1.571000,0.371711,0.992023,0.054121,1.060758
46.718000,-0.183212,0.007977,1.045899,0.463036,-0.000007,0.010114,0.143331,-0.000002,1.570786,0.189040,1.000000,1.100000,0.000000,0.000000,-1.571000,0.372252,0.992023,0.054101,1.060947
46.720000,-0.182282,0.007977,1.045920,0.464994,-0.000007,0.010059,0.142670,-0.000001,1.570785,0.190500,1.000000,1.100000,0.000000,0.000000,-1.571000,0.372782,0.992023,0.054080,1.061132
46.722000,-0.181348,0.007977,1.045940,0.466934,-0.000007,0.010001,0.142000,-0.000000,1.570784,0.191952,1.000000,1.100000,0.000000,0.000000,-1.571000,0.373301,0.992023,0.054060,1.061313
46.724000,-0.180411,0.007977,1.045960,0.468857,-0.000007,0.009943,0.141319,0.000000,1.570784,0.193397,1.000000,1.100000,0.000000,0.000000,-1.571000,0.373808,0.992023,0.054040,1.061491
46.726000,-0.179469,0.007977,1.045979,0.470763,-0.000007,0.009883,0.140628,0.000001,1.570783,0.194834,1.000000,1.100000,0.000000,0.000000,-1.571000,0.374303,0.992023,0.054021,1.061665
46.728000,-0.178524,0.007977,1.045999,0.472652,-0.000007,0.009823,0.139927,0.000001,1.570783,0.196264,1.000000,1.100000,0.000000,0.000000,-1.571000,0.374788,0.992023,0.054001,1.061834
46.730000,-0.177575,0.007977,1.046019,0.474523,-0.000007,0.009762,0.139214,0.000001,1.570783,0.197686,1.000000,1.100000,0.000000,0.000000,-1.571000,0.375260,0.992023,0.053981,1.062000
46.732000,-0.176622,0.007977,1.046038,0.476376,-0.000007,0.009702,0.138492,0.000002,1.570782,0.199100,1.000000,1.100000,0.000000,0.000000,-1.571000,0.375721,0.992023,0.053962,1.062162
46.734000,-0.175665,0.007977,1.046057,0.478211,-0.000007,0.009641,0.137758,0.000002,1.570782,0.200506,1.000000,1.100000,0.000000,0.000000,-1.571000,0.376171,0.992023,0.053943,1.062320
46.736000,-0.174705,0.007977,1.046077,0.480028,-0.000007,0.009581,0.137015,0.000002,1.570782,0.201904,1.000000,1.100000,0.000000,0.000000,-1.571000,0.376609,0.992023,0.053923,1.062475
46.738000,-0.173742,0.007977,1.046096,0.481827,-0.000007,0.009521,0.136261,0.000002,1.570782,0.203294,1.000000,1.100000,0.000000,0.000000,-1.571000,0.377036,0.992023,0.053904,1.062625
46.740000,-0.172774,0.007977,1.046115,0.483608,-0.000007,0.009462,0.135499,0.000002,1.570782,0.204676,1.000000,1.100000,0.000000,0.000000,-1.571000,0.377450,0.992023,0.053885,1.062771
46.742000,-0.171803,0.007977,1.046134,0.485370,-0.000007,0.009404,0.134727,0.000002,1.570782,0.206050,1.000000,1.100000,0.000000,0.000000,-1.571000,0.377854,0.992023,0.053866,1.062914
46.744000,-0.170829,0.007977,1.046152,0.487114,-0.000007,0.009346,0.133948,0.000002,1.570782,0.207416,1.000000,1.100000,0.000000,0.000000,-1.571000,0.378245,0.992023,0.053848,1.063052
46.746000,-0.169851,0.007977,1.046171,0.488839,-0.000007,0.009290,0.133161,0.000002,1.570782,0.208774,1.000000,1.100000,0.000000,0.000000,-1.571000,0.378625,0.992023,0.053829,1.063186
46.748000,-0.168870,0.007977,1.046190,0.490546,-0.000007,0.009235,0.132367,0.000002,1.570782,0.210123,1.000000,1.100000,0.000000,0.000000,-1.571000,0.378993,0.992023,0.053810,1.063317
46.750000,-0.167885,0.007977,1.046208,0.492233,-0.000007,0.009181,0.131567,0.000002,1.570782,0.211465,1.000000,1.100000,0.000000,0.000000,-1.571000,0.379350,0.992023,0.053792,1.063443
46.752000,-0.166898,0.007977,1.046226,0.493902,-0.000007,0.009128,0.130762,0.000002,1.570782,0.212797,1.000000,1.100000,0.000000,0.000000,-1.571000,0.379695,0.992023,0.053774,1.063565
46.754000,-0.165906,0.007976,1.046244,0.495552,-0.000007,0.009077,0.129952,0.000002,1.570782,0.214122,1.000000,1.100000,0.000000,0.000000,-1.571000,0.380028,0.992024,0.053756,1.063683
46.756000,-0.164912,0.007976,1.046263,0.497183,-0.000007,0.009028,0.129139,0.000001,1.570783,0.215438,1.000000,1.100000,0.000000,0.000000,-1.571000,0.380350,0.992024,0.053737,1.063797
46.758000,-0.163914,0.007976,1.046281,0.498794,-0.000007,0.008980,0.128324,0.000001,1.570783,0.216745,1.000000,1.100000,0.000000,0.000000,-1.571000,0.380659,0.992024,0.053719,1.063907
46.760000,-0.162913,0.007976,1.046298,0.500387,-0.000007,0.008933,0.127507,0.000001,1.570783,0.218044,1.000000,1.100000,0.000000,0.000000,-1.571000,0.380957,0.992024,0.053702,1.064013
46.762000,-0.161909,0.007976,1.046316,0.501960,-0.000007,0.008885,0.126688,0.000001,1.570783,0.219335,1.000000,1.100000,0.000000,0.000000,-1.571000,0.381243,0.992024,0.053684,1.064114
46.764000,-0.160902,0.007976,1.046334,0.503514,-0.000007,0.008832,0.125866,0.000001,1.570783,0.220616,1.000000,1.100000,0.000000,0.000000,-1.571000,0.381518,0.992024,0.053666,1.064212
46.766000,-0.159891,0.007976,1.046352,0.505048,-0.000007,0.008774,0.125038,0.000000,1.570783,0.221889,1.000000,1.100000,0.000000,0.000000,-1.571000,0.381781,0.992024,0.053648,1.064305
46.768000,-0.158878,0.007976,1.046369,0.506562,-0.000007,0.008713,0.124203,0.000000,1.570784,0.223154,1.000000,1.100000,0.000000,0.000000,-1.571000,0.382031,0.992024,0.053631,1.064394
46.770000,-0.157861,0.007976,1.046386,0.508056,-0.000007,0.008648,0.123360,-0.000000,1.570784,0.224409,1.000000,1.100000,0.000000,0.000000,-1.571000,0.382270,0.992024,0.053614,1.064479
46.772000,-0.156842,0.007976,1.046404,0.509530,-0.000007,0.008581,0.122507,-0.000000,1.570784,0.225655,1.000000,1.100000,0.000000,0.000000,-1.571000,0.382498,0.992024,0.053596,1.064560
46.774000,-0.155820,0.007976,1.046421,0.510984,-0.000007,0.008512,0.121645,-0.000001,1.570784,0.226893,1.000000,1.100000,0.000000,0.000000,-1.571000,0.382713,0.992024,0.053579,1.064636
46.776000,-0.154795,0.007976,1.046438,0.512418,-0.000007,0.008441,0.120771,-0.000001,1.570784,0.228122,1.000000,1.100000,0.000000,0.000000,-1.571000,0.382916,0.992024,0.053562,1.064709
46.778000,-0.153767,0.007976,1.046454,0.513832,-0.000007,0.008369,0.119886,-0.000001,1.570784,0.229341,1.000000,1.100000,0.000000,0.000000,-1.571000,0.383108,0.992024,0.053546,1.064777
46.780000,-0.152736,0.007976,1.046471,0.515226,-0.000007,0.008296,0.118990,-0.000002,1.570785,0.230552,1.000000,1.100000,0.000000,0.000000,-1.571000,0.383288,0.992024,0.053529,1.064841
46.782000,-0.151702,0.007976,1.046488,0.516599,-0.000007,0.008222,0.118082,-0.000002,1.570785,0.231754,1.000000,1.100000,0.000000,0.000000,-1.571000,0.383456,0.992024,0.053512,1.064900
46.784000,-0.150666,0.007976,1.046504,0.517952,-0.000007,0.008147,0.117163,-0.000002,1.570785,0.232946,1.000000,1.100000,0.000000,0.000000,-1.571000,0.383612,0.992024,0.053496,1.064956
46.786000,-0.149627,0.007976,1.046520,0.519284,-0.000007,0.008073,0.116233,-0.000003,1.570785,0.234129,1.000000,1.100000,0.000000,0.000000,-1.571000,0.383756,0.992024,0.053480,1.065007
46.788000,-0.148586,0.007976,1.046536,0.520595,-0.000007,0.007998,0.115291,-0.000003,1.570785,0.235303,1.000000,1.100000,0.000000,0.000000,-1.571000,0.383889,0.992024,0.053464,1.065054
46.790000,-0.147541,0.007976,1.046552,0.521884,-0.000007,0.007924,0.114339,-0.000003,1.570785,0.236468,1.000000,1.100000,0.000000,0.000000,-1.571000,0.384009,0.992024,0.053448,1.065097
46.792000,-0.146495,0.007976,1.046568,0.523153,-0.000007,0.007850,0.113377,-0.000004,1.570786,0.237623,1.000000,1.100000,0.000000,0.000000,-1.571000,0.384118,0.992024,0.053432,1.065135
46.794000,-0.145445,0.007976,1.046583,0.524400,-0.000007,0.007777,0.112406,-0.000004,1.570786,0.238769,1.000000,1.100000,0.000000,0.000000,-1.571000,0.384214,0.992024,0.053417,1.065169
46.796000,-0.144394,0.007976,1.046599,0.525626,-0.000007,0.007705,0.111426,-0.000004,1.570786,0.239905,1.000000,1.100000,0.000000,0.000000,-1.571000,0.384299,0.992024,0.053401,1.065199
46.798000,-0.143340,0.007976,1.046614,0.526830,-0.000007,0.007633,0.110439,-0.000005,1.570786,0.241032,1.000000,1.100000,0.000000,0.000000,-1.571000,0.384372,0.992024,0.053386,1.065224
46.800000,-0.142283,0.007976,1.046629,0.528013,-0.000008,0.007563,0.109445,-0.000005,1.570786,0.242150,1.000000,1.100000,0.000000,0.000000,-1.571000,0.384433,0.992024,0.053371,1.065246
46.802000,-0.141224,0.007976,1.046644,0.529173,-0.000008,0.007494,0.108445,-0.000005,1.570786,0.243258,1.000000,1.100000,0.000000,0.000000,-1.571000,0.384482,0.992024,0.053356,1.065263
46.804000,-0.140163,0.007976,1.046659,0.530312,-0.000008,0.007426,0.107441,-0.000006,1.570786,0.244356,1.000000,1.100000,0.000000,0.000000,-1.571000,0.384519,0.992024,0.053341,1.065275
46.806000,-0.139100,0.007976,1.046674,0.531429,-0.000008,0.007359,0.106432,-0.000006,1.570786,0.245445,1.000000,1.100000,0.000000,0.000000,-1.571000,0.384545,0.992024,0.053326,1.065284
46.808000,-0.138034,0.007976,1.046689,0.532525,-0.000008,0.007294,0.105421,-0.000006,1.570786,0.246524,1.000000,1.100000,0.000000,0.000000,-1.571000,0.384558,0.992024,0.053311,1.065288
46.810000,-0.136967,0.007976,1.046703,0.533598,-0.000008,0.007231,0.104408,-0.000007,1.570786,0.247593,1.000000,1.100000,0.000000,0.000000,-1.571000,0.384560,0.992024,0.053297,1.065288
46.812000,-0.135897,0.007976,1.046718,0.534650,-0.000008,0.007168,0.103395,-0.000007,1.570786,0.248653,1.000000,1.100000,0.000000,0.000000,-1.571000,0.384549,0.992024,0.053282,1.065283
46.814000,-0.134825,0.007976,1.046732,0.535679,-0.000008,0.007108,0.102383,-0.000007,1.570786,0.249702,1.000000,1.100000,0.000000,0.000000,-1.571000,0.384527,0.992024,0.053268,1.065275
46.816000,-0.133751,0.007976,1.046746,0.536687,-0.000009,0.007049,0.101372,-0.000008,1.570786,0.250742,1.000000,1.100000,0.000000,0.000000,-1.571000,0.384493,0.992024,0.053254,1.065262
46.818000,-0.132675,0.007976,1.046760,0.537674,-0.000009,0.006991,0.100364,-0.000008,1.570785,0.251772,1.000000,1.100000,0.000000,0.000000,-1.571000,0.384447,0.992024,0.053240,1.065244
46.820000,-0.131597,0.007976,1.046774,0.538639,-0.000009,0.006936,0.099361,-0.000008,1.570785,0.252792,1.000000,1.100000,0.000000,0.000000,-1.571000,0.384389,0.992024,0.053226,1.065223
46.822000,-0.130517,0.007976,1.046788,0.539582,-0.000009,0.006878,0.098361,-0.000009,1.570785,0.253802,1.000000,1.100000,0.000000,0.000000,-1.571000,0.384319,0.992024,0.053212,1.065197
46.824000,-0.129436,0.007976,1.046801,0.540503,-0.000009,0.006815,0.097363,-0.000009,1.570785,0.254802,1.000000,1.100000,0.000000,0.000000,-1.571000,0.384238,0.992024,0.053199,1.065167
46.826000,-0.128352,0.007976,1.046815,0.541402,-0.000009,0.006748,0.096363,-0.000009,1.570784,0.255792,1.000000,1.100000,0.000000,0.000000,-1.571000,0.384144,0.992024,0.053185,1.065132
46.828000,-0.127267,0.007976,1.046828,0.542280,-0.000010,0.006677,0.095358,-0.000009,1.570784,0.256772,1.000000,1.100000,0.000000,0.000000,-1.571000,0.384039,0.992024,0.053172,1.065094
46.830000,-0.126180,0.007976,1.046842,0.543136,-0.000010,0.006603,0.094348,-0.000010,1.570784,0.257742,1.000000,1.100000,0.000000,0.000000,-1.571000,0.383922,0.992024,0.053158,1.065051
46.832000,-0.125091,0.007976,1.046855,0.543970,-0.000010,0.006527,0.093329,-0.000010,1.570783,0.258701,1.000000,1.100000,0.000000,0.000000,-1.571000,0.383792,0.992024,0.053145,1.065004
46.834000,-0.124001,0.007976,1.046868,0.544782,-0.000010,0.006448,0.092301,-0.000010,1.570783,0.259650,1.000000,1.100000,0.000000,0.000000,-1.571000,0.383652,0.992024,0.053132,1.064952
46.836000,-0.122909,0.007976,1.046880,0.545572,-0.000010,0.006367,0.091263,-0.000011,1.570783,0.260589,1.000000,1.100000,0.000000,0.000000,-1.571000,0.383499,0.992024,0.053120,1.064897
46.838000,-0.121816,0.007976,1.046893,0.546340,-0.000011,0.006284,0.090213,-0.000011,1.570783,0.261518,1.000000,1.100000,0.000000,0.000000,-1.571000,0.383334,0.992024,0.053107,1.064837
46.840000,-0.120721,0.007976,1.046905,0.547086,-0.000011,0.006201,0.089151,-0.000011,1.570783,0.262437,1.000000,1.100000,0.000000,0.000000,-1.571000,0.383158,0.992024,0.053095,1.064773
46.842000,-0.119625,0.007976,1.046918,0.547810,-0.000011,0.006116,0.088076,-0.000012,1.570783,0.263345,1.000000,1.100000,0.000000,0.000000,-1.571000,0.382969,0.992024,0.053082,1.064704
46.844000,-0.118527,0.007976,1.046930,0.548510,-0.000011,0.006031,0.086988,-0.000012,1.570783,0.264242,1.000000,1.100000,0.000000,0.000000,-1.571000,0.382769,0.992024,0.053070,1.064632
46.846000,-0.117428,0.007976,1.046942,0.549189,-0.000011,0.005946,0.085887,-0.000012,1.570783,0.265130,1.000000,1.100000,0.000000,0.000000,-1.571000,0.382557,0.992024,0.053058,1.064555
46.848000,-0.116327,0.007976,1.046954,0.549844,-0.000012,0.005860,0.084774,-0.000013,1.570783,0.266006,1.000000,1.100000,0.000000,0.000000,-1.571000,0.382334,0.992024,0.053046,1.064474
46.850000,-0.115226,0.007976,1.046965,0.550476,-0.000012,0.005774,0.083648,-0.000013,1.570784,0.266873,1.000000,1.100000,0.000000,0.000000,-1.571000,0.382098,0.992024,0.053035,1.064389
46.852000,-0.114123,0.007976,1.046977,0.551084,-0.000012,0.005689,0.082509,-0.000013,1.570784,0.267729,1.000000,1.100000,0.000000,0.000000,-1.571000,0.381851,0.992024,0.053023,1.064300
46.854000,-0.113018,0.007976,1.046988,0.551669,-0.000012,0.005604,0.081359,-0.000013,1.570784,0.268574,1.000000,1.100000,0.000000,0.000000,-1.571000,0.381592,0.992024,0.053012,1.064206
46.856000,-0.111913,0.007976,1.046999,0.552231,-0.000013,0.005519,0.080198,-0.000014,1.570784,0.269408,1.000000,1.100000,0.000000,0.000000,-1.571000,0.381321,0.992024,0.053001,1.064109
46.858000,-0.110807,0.007976,1.047010,0.552768,-0.000013,0.005435,0.079027,-0.000014,1.570785,0.270232,1.000000,1.100000,0.000000,0.000000,-1.571000,0.381039,0.992024,0.052990,1.064007
46.860000,-0.109699,0.007976,1.047021,0.553282,-0.000013,0.005352,0.077846,-0.000014,1.570785,0.271045,1.000000,1.100000,0.000000,0.000000,-1.571000,0.380745,0.992024,0.052979,1.063901
46.862000,-0.108591,0.007976,1.047031,0.553771,-0.000014,0.005270,0.076657,-0.000014,1.570786,0.271848,1.000000,1.100000,0.000000,0.000000,-1.571000,0.380439,0.992024,0.052969,1.063791
46.864000,-0.107482,0.007976,1.047042,0.554237,-0.000014,0.005189,0.075460,-0.000014,1.570786,0.272640,1.000000,1.100000,0.000000,0.000000,-1.571000,0.380121,0.992024,0.052958,1.063677
46.866000,-0.106371,0.007975,1.047052,0.554678,-0.000014,0.005108,0.074257,-0.000014,1.570786,0.273421,1.000000,1.100000,0.000000,0.000000,-1.571000,0.379792,0.992025,0.052948,1.063559
46.868000,-0.105260,0.007975,1.047062,0.555094,-0.000014,0.005029,0.073049,-0.000014,1.570787,0.274191,1.000000,1.100000,0.000000,0.000000,-1.571000,0.379452,0.992025,0.052938,1.063437
46.870000,-0.104148,0.007975,1.047072,0.555486,-0.000015,0.004951,0.071836,-0.000014,1.570787,0.274951,1.000000,1.100000,0.000000,0.000000,-1.571000,0.379099,0.992025,0.052928,1.063311
46.872000,-0.103036,0.007975,1.047082,0.555854,-0.000015,0.004874,0.070621,-0.000014,1.570787,0.275699,1.000000,1.100000,0.000000,0.000000,-1.571000,0.378735,0.992025,0.052918,1.063181
46.874000,-0.101922,0.007975,1.047091,0.556198,-0.000015,0.004799,0.069404,-0.000014,1.570788,0.276437,1.000000,1.100000,0.000000,0.000000,-1.571000,0.378359,0.992025,0.052909,1.063047
46.876000,-0.100808,0.007975,1.047101,0.556516,-0.000015,0.004724,0.068186,-0.000013,1.570788,0.277164,1.000000,1.100000,0.000000,0.000000,-1.571000,0.377972,0.992025,0.052899,1.062908
46.878000,-0.099694,0.007975,1.047110,0.556811,-0.000016,0.004651,0.066970,-0.000013,1.570788,0.277880,1.000000,1.100000,0.000000,0.000000,-1.571000,0.377574,0.992025,0.052890,1.062766
46.880000,-0.098579,0.007975,1.047120,0.557081,-0.000016,0.004579,0.065756,-0.000013,1.570788,0.278585,1.000000,1.100000,0.000000,0.000000,-1.571000,0.377163,0.992025,0.052880,1.062620
46.882000,-0.097463,0.007975,1.047129,0.557327,-0.000016,0.004508,0.064546,-0.000013,1.570788,0.279279,1.000000,1.100000,0.000000,0.000000,-1.571000,0.376742,0.992025,0.052871,1.062470
46.884000,-0.096347,0.007975,1.047138,0.557549,-0.000016,0.004439,0.063341,-0.000012,1.570788,0.279961,1.000000,1.100000,0.000000,0.000000,-1.571000,0.376308,0.992025,0.052862,1.062316
46.886000,-0.095230,0.007975,1.047146,0.557747,-0.000017,0.004371,0.062143,-0.000012,1.570788,0.280633,1.000000,1.100000,0.000000,0.000000,-1.571000,0.375864,0.992025,0.052854,1.062158
46.888000,-0.094113,0.007975,1.047155,0.557922,-0.000017,0.004304,0.060952,-0.000012,1.570788,0.281294,1.000000,1.100000,0.000000,0.000000,-1.571000,0.375407,0.992025,0.052845,1.061997
46.890000,-0.092996,0.007975,1.047163,0.558072,-0.000017,0.004239,0.059771,-0.000012,1.570788,0.281944,1.000000,1.100000,0.000000,0.000000,-1.571000,0.374940,0.992025,0.052837,1.061831
46.892000,-0.091879,0.007975,1.047172,0.558200,-0.000017,0.004175,0.058601,-0.000011,1.570787,0.282582,1.000000,1.100000,0.000000,0.000000,-1.571000,0.374461,0.992025,0.052828,1.061662
46.894000,-0.090761,0.007975,1.047180,0.558304,-0.000017,0.004112,0.057442,-0.000011,1.570787,0.283209,1.000000,1.100000,0.000000,0.000000,-1.571000,0.373971,0.992025,0.052820,1.061488
46.896000,-0.089643,0.007975,1.047188,0.558386,-0.000018,0.004050,0.056297,-0.000011,1.570786,0.283826,1.000000,1.100000,0.000000,0.000000,-1.571000,0.373469,0.992025,0.052812,1.061311
46.898000,-0.088525,0.007975,1.047196,0.558445,-0.000018,0.003989,0.055166,-0.000010,1.570786,0.284431,1.000000,1.100000,0.000000,0.000000,-1.571000,0.372956,0.992025,0.052804,1.061131
46.900000,-0.087407,0.007975,1.047204,0.558482,-0.000018,0.003930,0.054050,-0.000010,1.570785,0.285024,1.000000,1.100000,0.000000,0.000000,-1.571000,0.372432,0.992025,0.052796,1.060946
46.902000,-0.086289,0.007975,1.047212,0.558498,-0.000018,0.003869,0.052950,-0.000009,1.570784,0.285607,1.000000,1.100000,0.000000,0.000000,-1.571000,0.371896,0.992025,0.052788,1.060758
46.904000,-0.085171,0.007975,1.047220,0.558491,-0.000018,0.003805,0.051864,-0.000009,1.570783,0.286178,1.000000,1.100000,0.000000,0.000000,-1.571000,0.371349,0.992025,0.052780,1.060566
46.906000,-0.084053,0.007975,1.047227,0.558463,-0.000018,0.003738,0.050789,-0.000009,1.570783,0.286738,1.000000,1.100000,0.000000,0.000000,-1.571000,0.370791,0.992025,0.052773,1.060370
46.908000,-0.082935,0.007975,1.047234,0.558415,-0.000019,0.003668,0.049724,-0.000008,1.570782,0.287286,1.000000,1.100000,0.000000,0.000000,-1.571000,0.370222,0.992025,0.052766,1.060171
46.910000,-0.081817,0.007975,1.047242,0.558345,-0.000019,0.003596,0.048667,-0.000008,1.570781,0.287824,1.000000,1.100000,0.000000,0.000000,-1.571000,0.369641,0.992025,0.052758,1.059968
46.912000,-0.080699,0.007975,1.047249,0.558255,-0.000019,0.003522,0.047617,-0.000008,1.570780,0.288350,1.000000,1.100000,0.000000,0.000000,-1.571000,0.369049,0.992025,0.052751,1.059761
46.914000,-0.079582,0.007975,1.047256,0.558144,-0.000019,0.003446,0.046573,-0.000007,1.570779,0.288864,1.000000,1.100000,0.000000,0.000000,-1.571000,0.368446,0.992025,0.052744,1.059551
46.916000,-0.078465,0.007975,1.047263,0.558013,-0.000019,0.003368,0.045534,-0.000007,1.570778,0.289367,1.000000,1.100000,0.000000,0.000000,-1.571000,0.367832,0.992025,0.052737,1.059338
46.918000,-0.077348,0.007975,1.047269,0.557862,-0.000019,0.003290,0.044499,-0.000006,1.570778,0.289859,1.000000,1.100000,0.000000,0.000000,-1.571000,0.367207,0.992025,0.052731,1.059120
46.920000,-0.076231,0.007975,1.047276,0.557691,-0.000019,0.003210,0.043467,-0.000006,1.570777,0.290339,1.000000,1.100000,0.000000,0.000000,-1.571000,0.366570,0.992025,0.052724,1.058900
46.922000,-0.075115,0.007975,1.047282,0.557500,-0.000019,0.003129,0.042439,-0.000006,1.570776,0.290808,1.000000,1.100000,0.000000,0.000000,-1.571000,0.365923,0.992025,0.052718,1.058675
46.924000,-0.073999,0.007974,1.047288,0.557290,-0.000019,0.003048,0.041413,-0.000005,1.570776,0.291265,1.000000,1.100000,0.000000,0.000000,-1.571000,0.365264,0.992026,0.052712,1.058448
46.926000,-0.072884,0.007974,1.047294,0.557059,-0.000020,0.002966,0.040389,-0.000005,1.570775,0.291711,1.000000,1.100000,0.000000,0.000000,-1.571000,0.364595,0.992026,0.052706,1.058216
46.928000,-0.071769,0.007974,1.047300,0.556809,-0.000020,0.002883,0.039368,-0.000005,1.570775,0.292145,1.000000,1.100000,0.000000,0.000000,-1.571000,0.363914,0.992026,0.052700,1.057982
46.930000,-0.070655,0.007974,1.047306,0.556540,-0.000020,0.002800,0.038348,-0.000004,1.570774,0.292568,1.000000,1.100000,0.000000,0.000000,-1.571000,0.363223,0.992026,0.052694,1.057744
46.932000,-0.069541,0.007974,1.047311,0.556251,-0.000020,0.002717,0.037331,-0.000004,1.570774,0.292979,1.000000,1.100000,0.000000,0.000000,-1.571000,0.362520,0.992026,0.052689,1.057503
46.934000,-0.068428,0.007974,1.047316,0.555943,-0.000020,0.002634,0.036317,-0.000004,1.570773,0.293379,1.000000,1.100000,0.000000,0.000000,-1.571000,0.361807,0.992026,0.052684,1.057258
46.936000,-0.067315,0.007974,1.047321,0.555616,-0.000020,0.002550,0.035305,-0.000003,1.570773,0.293767,1.000000,1.100000,0.000000,0.000000,-1.571000,0.361082,0.992026,0.052679,1.057010
46.938000,-0.066204,0.007974,1.047326,0.555269,-0.000020,0.002467,0.034296,-0.000003,1.570773,0.294143,1.000000,1.100000,0.000000,0.000000,-1.571000,0.360347,0.992026,0.052674,1.056759
46.940000,-0.065092,0.007974,1.047331,0.554904,-0.000020,0.002383,0.033290,-0.000003,1.570773,0.294508,1.000000,1.100000,0.000000,0.000000,-1.571000,0.359601,0.992026,0.052669,1.056505
46.942000,-0.063982,0.007974,1.047336,0.554519,-0.000020,0.002300,0.032287,-0.000003,1.570773,0.294861,1.000000,1.100000,0.000000,0.000000,-1.571000,0.358843,0.992026,0.052664,1.056247
46.944000,-0.062873,0.007974,1.047340,0.554116,-0.000020,0.002217,0.031289,-0.000002,1.570773,0.295203,1.000000,1.100000,0.000000,0.000000,-1.571000,0.358075,0.992026,0.052660,1.055986
46.946000,-0.061764,0.007974,1.047345,0.553694,-0.000020,0.002134,0.030295,-0.000002,1.570773,0.295533,1.000000,1.100000,0.000000,0.000000,-1.571000,0.357297,0.992026,0.052655,1.055722
46.948000,-0.060656,0.007974,1.047349,0.553254,-0.000020,0.002051,0.029305,-0.000002,1.570773,0.295851,1.000000,1.100000,0.000000,0.000000,-1.571000,0.356507,0.992026,0.052651,1.055455
46.950000,-0.059549,0.007974,1.047353,0.552795,-0.000020,0.001968,0.028322,-0.000002,1.570773,0.296158,1.000000,1.100000,0.000000,0.000000,-1.571000,0.355707,0.992026,0.052647,1.055185
46.952000,-0.058443,0.007974,1.047357,0.552317,-0.000020,0.001886,0.027344,-0.000001,1.570773,0.296452,1.000000,1.100000,0.000000,0.000000,-1.571000,0.354896,0.992026,0.052643,1.054911
46.954000,-0.057338,0.007974,1.047360,0.551822,-0.000020,0.001804,0.026372,-0.000001,1.570773,0.296736,1.000000,1.100000,0.000000,0.000000,-1.571000,0.354074,0.992026,0.052640,1.054635
46.956000,-0.056234,0.007974,1.047364,0.551308,-0.000020,0.001722,0.025408,-0.000001,1.570773,0.297007,1.000000,1.100000,0.000000,0.000000,-1.571000,0.353241,0.992026,0.052636,1.054356
46.958000,-0.055131,0.007974,1.047367,0.550777,-0.000020,0.001640,0.024451,-0.000000,1.570773,0.297267,1.000000,1.100000,0.000000,0.000000,-1.571000,0.352398,0.992026,0.052633,1.054073
46.960000,-0.054029,0.007974,1.047370,0.550228,-0.000020,0.001559,0.023503,-0.000000,1.570774,0.297515,1.000000,1.100000,0.000000,0.000000,-1.571000,0.351544,0.992026,0.052630,1.053788
46.962000,-0.052929,0.007974,1.047373,0.549662,-0.000020,0.001478,0.022563,-0.000000,1.570774,0.297751,1.000000,1.100000,0.000000,0.000000,-1.571000,0.350680,0.992026,0.052627,1.053500
46.964000,-0.051829,0.007974,1.047376,0.549078,-0.000020,0.001398,0.021628,0.000000,1.570774,0.297976,1.000000,1.100000,0.000000,0.000000,-1.571000,0.349805,0.992026,0.052624,1.053209
46.966000,-0.050731,0.007974,1.047379,0.548477,-0.000020,0.001318,0.020698,0.000000,1.570774,0.298188,1.000000,1.100000,0.000000,0.000000,-1.571000,0.348919,0.992026,0.052621,1.052915
46.968000,-0.049634,0.007974,1.047381,0.547859,-0.000020,0.001239,0.019770,0.000001,1.570775,0.298389,1.000000,1.100000,0.000000,0.000000,-1.571000,0.348023,0.992026,0.052619,1.052618
46.970000,-0.048538,0.007974,1.047384,0.547225,-0.000020,0.001161,0.018843,0.000001,1.570775,0.298578,1.000000,1.100000,0.000000,0.000000,-1.571000,0.347116,0.992026,0.052616,1.052319
46.972000,-0.047443,0.007974,1.047386,0.546573,-0.000020,0.001083,0.017915,0.000001,1.570776,0.298756,1.000000,1.100000,0.000000,0.000000,-1.571000,0.346199,0.992026,0.052614,1.052016
46.974000,-0.046350,0.007973,1.047388,0.545905,-0.000020,0.001005,0.016985,0.000001,1.570776,0.298921,1.000000,1.100000,0.000000,0.000000,-1.571000,0.345271,0.992027,0.052612,1.051711
46.976000,-0.045258,0.007973,1.047390,0.545219,-0.000020,0.000928,0.016053,0.000001,1.570777,0.299075,1.000000,1.100000,0.000000,0.000000,-1.571000,0.344333,0.992027,0.052610,1.051404
46.978000,-0.044168,0.007973,1.047392,0.544517,-0.000020,0.000851,0.015118,0.000001,1.570777,0.299217,1.000000,1.100000,0.000000,0.000000,-1.571000,0.343385,0.992027,0.052608,1.051093
46.980000,-0.043079,0.007973,1.047393,0.543798,-0.000020,0.000775,0.014179,0.000001,1.570778,0.299347,1.000000,1.100000,0.000000,0.000000,-1.571000,0.342426,0.992027,0.052607,1.050781
46.982000,-0.041991,0.007973,1.047395,0.543062,-0.000020,0.000699,0.013236,0.000002,1.570778,0.299466,1.000000,1.100000,0.000000,0.000000,-1.571000,0.341457,0.992027,0.052605,1.050465
46.984000,-0.040905,0.007973,1.047396,0.542308,-0.000019,0.000624,0.012288,0.000002,1.570779,0.299572,1.000000,1.100000,0.000000,0.000000,-1.571000,0.340477,0.992027,0.052604,1.050147
46.986000,-0.039820,0.007973,1.047397,0.541538,-0.000019,0.000549,0.011337,0.000002,1.570780,0.299667,1.000000,1.100000,0.000000,0.000000,-1.571000,0.339487,0.992027,0.052603,1.049827
46.988000,-0.038737,0.007973,1.047398,0.540750,-0.000019,0.000474,0.010381,0.000002,1.570781,0.299750,1.000000,1.100000,0.000000,0.000000,-1.571000,0.338487,0.992027,0.052602,1.049504
46.990000,-0.037656,0.007973,1.047399,0.539946,-0.000019,0.000399,0.009421,0.000002,1.570781,0.299821,1.000000,1.100000,0.000000,0.000000,-1.571000,0.337477,0.992027,0.052601,1.049178
46.992000,-0.036576,0.007973,1.047400,0.539124,-0.000019,0.000325,0.008456,0.000002,1.570782,0.299880,1.000000,1.100000,0.000000,0.000000,-1.571000,0.336456,0.992027,0.052600,1.048850
46.994000,-0.035498,0.007973,1.047400,0.538285,-0.000019,0.000252,0.007489,0.000002,1.570783,0.299927,1.000000,1.100000,0.000000,0.000000,-1.571000,0.335426,0.992027,0.052600,1.048520
46.996000,-0.034422,0.007973,1.047400,0.537428,-0.000019,0.000178,0.006518,0.000002,1.570784,0.299963,1.000000,1.100000,0.000000,0.000000,-1.571000,0.334385,0.992027,0.052600,1.048188
46.998000,-0.033347,0.007973,1.047401,0.536554,-0.000019,0.000105,0.005544,0.000002,1.570785,0.299987,1.000000,1.100000,0.000000,0.000000,-1.571000,0.333334,0.992027,0.052599,1.047853
47.000000,-0.032274,0.007973,1.047401,0.535663,-0.000019,0.000032,0.004568,0.000002,1.570785,0.299999,1.000000,1.100000,0.000000,0.000000,-1.571000,0.332273,0.992027,0.052599,1.047516
47.002000,-0.031203,0.007973,1.047401,0.534754,-0.000019,-0.000041,0.003590,0.000002,1.570786,0.299999,1.000000,1.100000,0.000000,0.000000,-1.571000,0.331202,0.992027,0.052599,1.047177
47.004000,-0.030134,0.007973,1.047401,0.533828,-0.000019,-0.000113,0.002612,0.000002,1.570787,0.299987,1.000000,1.100000,0.000000,0.000000,-1.571000,0.330121,0.992027,0.052599,1.046835
47.006000,-0.029067,0.007973,1.047400,0.532884,-0.000019,-0.000185,0.001634,0.000002,1.570788,0.299963,1.000000,1.100000,0.000000,0.000000,-1.571000,0.329030,0.992027,0.052600,1.046492
47.008000,-0.028001,0.007973,1.047400,0.531924,-0.000019,-0.000257,0.000656,0.000002,1.570789,0.299927,1.000000,1.100000,0.000000,0.000000,-1.571000,0.327929,0.992027,0.052600,1.046146
47.010000,-0.026938,0.007973,1.047399,0.530946,-0.000019,-0.000329,-0.000320,0.000002,1.570789,0.299880,1.000000,1.100000,0.000000,0.000000,-1.571000,0.326818,0.992027,0.052601,1.045799
47.012000,-0.025876,0.007973,1.047398,0.529950,-0.000018,-0.000401,-0.001294,0.000002,1.570790,0.299821,1.000000,1.100000,0.000000,0.000000,-1.571000,0.325697,0.992027,0.052602,1.045449
47.014000,-0.024817,0.007973,1.047397,0.528938,-0.000018,-0.000473,-0.002265,0.000002,1.570791,0.299750,1.000000,1.100000,0.000000,0.000000,-1.571000,0.324567,0.992027,0.052603,1.045097
47.016000,-0.023760,0.007973,1.047396,0.527908,-0.000018,-0.000545,-0.003232,0.000002,1.570791,0.299667,1.000000,1.100000,0.000000,0.000000,-1.571000,0.323427,0.992027,0.052604,1.044744
47.018000,-0.022704,0.007973,1.047395,0.526862,-0.000018,-0.000616,-0.004194,0.000002,1.570792,0.299572,1.000000,1.100000,0.000000,0.000000,-1.571000,0.322277,0.992027,0.052605,1.044389
47.020000,-0.021651,0.007973,1.047394,0.525799,-0.000018,-0.000688,-0.005150,0.000002,1.570792,0.299466,1.000000,1.100000,0.000000,0.000000,-1.571000,0.321117,0.992027,0.052606,1.044031
47.022000,-0.020600,0.007973,1.047392,0.524719,-0.000018,-0.000761,-0.006100,0.000002,1.570793,0.299347,1.000000,1.100000,0.000000,0.000000,-1.571000,0.319947,0.992027,0.052608,1.043673
47.024000,-0.019551,0.007973,1.047391,0.523623,-0.000018,-0.000836,-0.007041,0.000002,1.570793,0.299217,1.000000,1.100000,0.000000,0.000000,-1.571000,0.318768,0.992027,0.052609,1.043312
47.026000,-0.018505,0.007973,1.047389,0.522510,-0.000018,-0.000914,-0.007975,0.000002,1.570793,0.299075,1.000000,1.100000,0.000000,0.000000,-1.571000,0.317580,0.992027,0.052611,1.042949
47.028000,-0.017460,0.007972,1.047387,0.521382,-0.000018,-0.000994,-0.008899,0.000002,1.570793,0.298921,1.000000,1.100000,0.000000,0.000000,-1.571000,0.316382,0.992028,0.052613,1.042585
47.030000,-0.016418,0.007972,1.047385,0.520237,-0.000018,-0.001076,-0.009813,0.000002,1.570793,0.298756,1.000000,1.100000,0.000000,0.000000,-1.571000,0.315174,0.992028,0.052615,1.042220
47.032000,-0.015378,0.007972,1.047383,0.519077,-0.000018,-0.001160,-0.010716,0.000002,1.570793,0.298578,1.000000,1.100000,0.000000,0.000000,-1.571000,0.313957,0.992028,0.052617,1.041852
47.034000,-0.014341,0.007972,1.047380,0.517902,-0.000018,-0.001246,-0.011607,0.000002,1.570793,0.298389,1.000000,1.100000,0.000000,0.000000,-1.571000,0.312730,0.992028,0.052620,1.041483
47.036000,-0.013306,0.007972,1.047378,0.516711,-0.000017,-0.001333,-0.012485,0.000002,1.570793,0.298188,1.000000,1.100000,0.000000,0.000000,-1.571000,0.311494,0.992028,0.052622,1.041113
47.038000,-0.012273,0.007972,1.047375,0.515506,-0.000017,-0.001421,-0.013350,0.000002,1.570793,0.297976,1.000000,1.100000,0.000000,0.000000,-1.571000,0.310249,0.992028,0.052625,1.040741
47.040000,-0.011243,0.007972,1.047372,0.514286,-0.000017,-0.001511,-0.014201,0.000002,1.570793,0.297751,1.000000,1.100000,0.000000,0.000000,-1.571000,0.308994,0.992028,0.052628,1.040368
47.042000,-0.010215,0.007972,1.047369,0.513052,-0.000017,-0.001602,-0.015037,0.000002,1.570793,0.297515,1.000000,1.100000,0.000000,0.000000,-1.571000,0.307730,0.992028,0.052631,1.039994
47.044000,-0.009190,0.007972,1.047365,0.511804,-0.000017,-0.001694,-0.015858,0.000002,1.570792,0.297267,1.000000,1.100000,0.000000,0.000000,-1.571000,0.306457,0.992028,0.052635,1.039618
47.046000,-0.008167,0.007972,1.047362,0.510542,-0.000017,-0.001787,-0.016663,0.000002,1.570792,0.297007,1.000000,1.100000,0.000000,0.000000,-1.571000,0.305174,0.992028,0.052638,1.039241
47.048000,-0.007147,0.007972,1.047358,0.509267,-0.000017,-0.001881,-0.017451,0.000002,1.570791,0.296736,1.000000,1.100000,0.000000,0.000000,-1.571000,0.303883,0.992028,0.052642,1.038862
47.050000,-0.006129,0.007972,1.047354,0.507980,-0.000017,-0.001976,-0.018222,0.000002,1.570791,0.296452,1.000000,1.100000,0.000000,0.000000,-1.571000,0.302582,0.992028,0.052646,1.038483
47.052000,-0.005114,0.007972,1.047350,0.506679,-0.000017,-0.002071,-0.018975,0.000002,1.570790,0.296158,1.000000,1.100000,0.000000,0.000000,-1.571000,0.301272,0.992028,0.052650,1.038102
47.054000,-0.004102,0.007972,1.047346,0.505367,-0.000017,-0.002168,-0.019710,0.000002,1.570790,0.295851,1.000000,1.100000,0.000000,0.000000,-1.571000,0.299953,0.992028,0.052654,1.037720
47.056000,-0.003092,0.007972,1.047341,0.504043,-0.000017,-0.002265,-0.020426,0.000002,1.570789,0.295533,1.000000,1.100000,0.000000,0.000000,-1.571000,0.298625,0.992028,0.052659,1.037338
47.058000,-0.002085,0.007972,1.047337,0.502707,-0.000017,-0.002362,-0.021124,0.000002,1.570788,0.295203,1.000000,1.100000,0.000000,0.000000,-1.571000,0.297288,0.992028,0.052663,1.036954
47.060000,-0.001081,0.007972,1.047332,0.501361,-0.000017,-0.002460,-0.021802,0.000002,1.570787,0.294861,1.000000,1.100000,0.000000,0.000000,-1.571000,0.295942,0.992028,0.052668,1.036569
47.062000,-0.000079,0.007972,1.047327,0.500004,-0.000017,-0.002559,-0.022461,0.000002,1.570787,0.294508,1.000000,1.100000,0.000000,0.000000,-1.571000,0.294587,0.992028,0.052673,1.036183
47.064000,0.000920,0.007972,1.047321,0.498636,-0.000016,-0.002658,-0.023100,0.000002,1.570786,0.294143,1.000000,1.100000,0.000000,0.000000,-1.571000,0.293223,0.992028,0.052679,1.035797
47.066000,0.001916,0.007972,1.047316,0.497259,-0.000016,-0.002757,-0.023719,0.000002,1.570785,0.293767,1.000000,1.100000,0.000000,0.000000,-1.571000,0.291851,0.992028,0.052684,1.035409
47.068000,0.002909,0.007972,1.047310,0.495872,-0.000016,-0.002857,-0.024318,0.000001,1.570784,0.293379,1.000000,1.100000,0.000000,0.000000,-1.571000,0.290469,0.992028,0.052690,1.035021
47.070000,0.003900,0.007972,1.047304,0.494477,-0.000016,-0.002958,-0.024897,0.000001,1.570783,0.292979,1.000000,1.100000,0.000000,0.000000,-1.571000,0.289079,0.992028,0.052696,1.034632
47.072000,0.004888,0.007972,1.047298,0.493073,-0.000016,-0.003058,-0.025455,0.000001,1.570783,0.292568,1.000000,1.100000,0.000000,0.000000,-1.571000,0.287680,0.992028,0.052702,1.034242
47.074000,0.005873,0.007972,1.047292,0.491660,-0.000016,-0.003159,-0.025993,0.000001,1.570782,0.292145,1.000000,1.100000,0.000000,0.000000,-1.571000,0.286272,0.992028,0.052708,1.033852
47.076000,0.006855,0.007972,1.047285,0.490240,-0.000016,-0.003260,-0.026510,0.000001,1.570781,0.291711,1.000000,1.100000,0.000000,0.000000,-1.571000,0.284856,0.992028,0.052715,1.033461
47.078000,0.007834,0.007972,1.047279,0.488813,-0.000016,-0.003362,-0.027007,0.000001,1.570780,0.291265,1.000000,1.100000,0.000000,0.000000,-1.571000,0.283431,0.992028,0.052721,1.033070
47.080000,0.008811,0.007972,1.047272,0.487379,-0.000016,-0.003464,-0.027484,0.000001,1.570779,0.290808,1.000000,1.100000,0.000000,0.000000,-1.571000,0.281997,0.992028,0.052728,1.032678
47.082000,0.009784,0.007972,1.047265,0.485938,-0.000016,-0.003566,-0.027940,0.000001,1.570779,0.290339,1.000000,1.100000,0.000000,0.000000,-1.571000,0.280555,0.992028,0.052735,1.032285
47.084000,0.010755,0.007972,1.047258,0.484491,-0.000016,-0.003668,-0.028377,0.000001,1.570778,0.289859,1.000000,1.100000,0.000000,0.000000,-1.571000,0.279104,0.992028,0.052742,1.031892
47.086000,0.011723,0.007972,1.047250,0.483038,-0.000016,-0.003770,-0.028793,0.000000,1.570777,0.289367,1.000000,1.100000,0.000000,0.000000,-1.571000,0.277644,0.992028,0.052750,1.031499
47.088000,0.012688,0.007971,1.047242,0.481580,-0.000016,-0.003873,-0.029190,0.000000,1.570777,0.288864,1.000000,1.100000,0.000000,0.000000,-1.571000,0.276176,0.992029,0.052758,1.031105
47.090000,0.013650,0.007971,1.047234,0.480118,-0.000016,-0.003975,-0.029568,0.000000,1.570776,0.288350,1.000000,1.100000,0.000000,0.000000,-1.571000,0.274700,0.992029,0.052766,1.030711
47.092000,0.014609,0.007971,1.047226,0.478650,-0.000016,-0.004078,-0.029927,0.000000,1.570776,0.287824,1.000000,1.100000,0.000000,0.000000,-1.571000,0.273215,0.992029,0.052774,1.030317
47.094000,0.015565,0.007971,1.047218,0.477179,-0.000016,-0.004181,-0.030268,-0.000000,1.570775,0.287286,1.000000,1.100000,0.000000,0.000000,-1.571000,0.271722,0.992029,0.052782,1.029922
47.096000,0.016518,0.007971,1.047209,0.475703,-0.000016,-0.004284,-0.030590,-0.000000,1.570775,0.286738,1.000000,1.100000,0.000000,0.000000,-1.571000,0.270220,0.992029,0.052791,1.029527
47.098000,0.017468,0.007971,1.047201,0.474224,-0.000016,-0.004387,-0.030895,-0.000000,1.570775,0.286178,1.000000,1.100000,0.000000,0.000000,-1.571000,0.268710,0.992029,0.052799,1.029133
47.100000,0.018415,0.007971,1.047192,0.472742,-0.000016,-0.004490,-0.031182,-0.000000,1.570774,0.285607,1.000000,1.100000,0.000000,0.000000,-1.571000,0.267192,0.992029,0.052808,1.028738
47.102000,0.019359,0.007971,1.047183,0.471257,-0.000015,-0.004584,-0.031457,-0.000001,1.570774,0.285024,1.000000,1.100000,0.000000,0.000000,-1.571000,0.265665,0.992029,0.052817,1.028343
47.104000,0.020301,0.007971,1.047173,0.469769,-0.000015,-0.004661,-0.031729,-0.000001,1.570774,0.284431,1.000000,1.100000,0.000000,0.000000,-1.571000,0.264130,0.992029,0.052827,1.027948
47.106000,0.021239,0.007971,1.047164,0.468278,-0.000015,-0.004722,-0.032010,-0.000001,1.570774,0.283826,1.000000,1.100000,0.000000,0.000000,-1.571000,0.262587,0.992029,0.052836,1.027553
47.108000,0.022174,0.007971,1.047154,0.466784,-0.000015,-0.004769,-0.032309,-0.000001,1.570775,0.283209,1.000000,1.100000,0.000000,0.000000,-1.571000,0.261035,0.992029,0.052846,1.027158
47.110000,0.023106,0.007971,1.047145,0.465286,-0.000015,-0.004803,-0.032637,-0.000001,1.570776,0.282582,1.000000,1.100000,0.000000,0.000000,-1.571000,0.259476,0.992029,0.052855,1.026763
47.112000,0.024036,0.007971,1.047135,0.463784,-0.000015,-0.004825,-0.032999,-0.000001,1.570777,0.281944,1.000000,1.100000,0.000000,0.000000,-1.571000,0.257908,0.992029,0.052865,1.026369
47.114000,0.024962,0.007971,1.047125,0.462277,-0.000015,-0.004837,-0.033404,-0.000001,1.570778,0.281294,1.000000,1.100000,0.000000,0.000000,-1.571000,0.256332,0.992029,0.052875,1.025974
47.116000,0.025885,0.007971,1.047116,0.460764,-0.000015,-0.004840,-0.033858,-0.000001,1.570780,0.280633,1.000000,1.100000,0.000000,0.000000,-1.571000,0.254748,0.992029,0.052884,1.025580
47.118000,0.026805,0.007971,1.047106,0.459244,-0.000015,-0.004834,-0.034367,-0.000001,1.570782,0.279961,1.000000,1.100000,0.000000,0.000000,-1.571000,0.253156,0.992029,0.052894,1.025186
47.120000,0.027722,0.007971,1.047096,0.457717,-0.000015,-0.004821,-0.034934,-0.000001,1.570784,0.279279,1.000000,1.100000,0.000000,0.000000,-1.571000,0.251556,0.992029,0.052904,1.024793
47.122000,0.028636,0.007971,1.047087,0.456182,-0.000015,-0.004801,-0.035565,-0.000001,1.570787,0.278585,1.000000,1.100000,0.000000,0.000000,-1.571000,0.249948,0.992029,0.052913,1.024400
47.124000,0.029547,0.007971,1.047077,0.454636,-0.000015,-0.004775,-0.036262,-0.000001,1.570790,0.277880,1.000000,1.100000,0.000000,0.000000,-1.571000,0.248332,0.992029,0.052923,1.024008
47.126000,0.030455,0.007971,1.047068,0.453078,-0.000015,-0.004744,-0.037029,-0.000001,1.570794,0.277164,1.000000,1.100000,0.000000,0.000000,-1.571000,0.246709,0.992029,0.052932,1.023616
47.128000,0.031360,0.007971,1.047058,0.451508,-0.000015,-0.004708,-0.037867,-0.000000,1.570797,0.276437,1.000000,1.100000,0.000000,0.000000,-1.571000,0.245077,0.992029,0.052942,1.023224
47.130000,0.032261,0.007971,1.047049,0.449924,-0.000015,-0.004667,-0.038777,-0.000000,1.570801,0.275699,1.000000,1.100000,0.000000,0.000000,-1.571000,0.243438,0.992029,0.052951,1.022833
47.132000,0.033160,0.007971,1.047040,0.448325,-0.000015,-0.004623,-0.039762,0.000000,1.570805,0.274951,1.000000,1.100000,0.000000,0.000000,-1.571000,0.241791,0.992029,0.052960,1.022443
47.134000,0.034055,0.007971,1.047030,0.446709,-0.000015,-0.004575,-0.040821,0.000000,1.570810,0.274191,1.000000,1.100000,0.000000,0.000000,-1.571000,0.240136,0.992029,0.052970,1.022053
47.136000,0.034947,0.007971,1.047021,0.445074,-0.000015,-0.004525,-0.041956,0.000001,1.570815,0.273421,1.000000,1.100000,0.000000,0.000000,-1.571000,0.238474,0.992029,0.052979,1.021665
47.138000,0.035835,0.007971,1.047012,0.443420,-0.000015,-0.004472,-0.043164,0.000001,1.570819,0.272640,1.000000,1.100000,0.000000,0.000000,-1.571000,0.236805,0.992029,0.052988,1.021277
47.140000,0.036721,0.007971,1.047004,0.441744,-0.000015,-0.004417,-0.044446,0.000001,1.570824,0.271848,1.000000,1.100000,0.000000,0.000000,-1.571000,0.235128,0.992029,0.052996,1.020890
47.142000,0.037602,0.007971,1.046995,0.440046,-0.000015,-0.004360,-0.045800,0.000002,1.570829,0.271045,1.000000,1.100000,0.000000,0.000000,-1.571000,0.233443,0.992029,0.053005,1.020504
47.144000,0.038481,0.007971,1.046986,0.438324,-0.000015,-0.004302,-0.047225,0.000002,1.570834,0.270232,1.000000,1.100000,0.000000,0.000000,-1.571000,0.231751,0.992029,0.053014,1.020118
47.146000,0.039356,0.007971,1.046978,0.436577,-0.000015,-0.004244,-0.048719,0.000002,1.570839,0.269408,1.000000,1.100000,0.000000,0.000000,-1.571000,0.230053,0.992029,0.053022,1.019734
47.148000,0.040227,0.007971,1.046969,0.434803,-0.000015,-0.004184,-0.050279,0.000003,1.570844,0.268574,1.000000,1.100000,0.000000,0.000000,-1.571000,0.228347,0.992029,0.053031,1.019351
47.150000,0.041095,0.007971,1.046961,0.433002,-0.000015,-0.004125,-0.051904,0.000003,1.570849,0.267729,1.000000,1.100000,0.000000,0.000000,-1.571000,0.226634,0.992029,0.053039,1.018969
47.152000,0.041959,0.007971,1.046953,0.431171,-0.000015,-0.004065,-0.053590,0.000004,1.570854,0.266873,1.000000,1.100000,0.000000,0.000000,-1.571000,0.224914,0.992029,0.053047,1.018589
47.154000,0.042819,0.007970,1.046945,0.429311,-0.000015,-0.004006,-0.055335,0.000005,1.570858,0.266006,1.000000,1.100000,0.000000,0.000000,-1.571000,0.223187,0.992030,0.053055,1.018209
47.156000,0.043676,0.007970,1.046937,0.427419,-0.000015,-0.003947,-0.057134,0.000005,1.570863,0.265130,1.000000,1.100000,0.000000,0.000000,-1.571000,0.221454,0.992030,0.053063,1.017831
47.158000,0.044529,0.007970,1.046929,0.425495,-0.000015,-0.003889,-0.058986,0.000006,1.570867,0.264242,1.000000,1.100000,0.000000,0.000000,-1.571000,0.219714,0.992030,0.053071,1.017454
47.160000,0.045378,0.007970,1.046921,0.423539,-0.000015,-0.003832,-0.060886,0.000006,1.570871,0.263345,1.000000,1.100000,0.000000,0.000000,-1.571000,0.217967,0.992030,0.053079,1.017079
47.162000,0.046223,0.007970,1.046914,0.421548,-0.000015,-0.003773,-0.062831,0.000007,1.570875,0.262437,1.000000,1.100000,0.000000,0.000000,-1.571000,0.216214,0.992030,0.053086,1.016705
47.164000,0.047064,0.007970,1.046906,0.419522,-0.000014,-0.003711,-0.064818,0.000008,1.570879,0.261518,1.000000,1.100000,0.000000,0.000000,-1.571000,0.214455,0.992030,0.053094,1.016333
47.166000,0.047900,0.007970,1.046899,0.417460,-0.000014,-0.003646,-0.066846,0.000009,1.570882,0.260589,1.000000,1.100000,0.000000,0.000000,-1.571000,0.212689,0.992030,0.053101,1.015962
47.168000,0.048733,0.007970,1.046892,0.415361,-0.000014,-0.003578,-0.068910,0.000009,1.570885,0.259650,1.000000,1.100000,0.000000,0.000000,-1.571000,0.210917,0.992030,0.053108,1.015593
47.170000,0.049561,0.007970,1.046885,0.413226,-0.000014,-0.003508,-0.071009,0.000010,1.570887,0.258701,1.000000,1.100000,0.000000,0.000000,-1.571000,0.209140,0.992030,0.053115,1.015226
47.172000,0.050385,0.007970,1.046878,0.411053,-0.000014,-0.003438,-0.073138,0.000011,1.570889,0.257742,1.000000,1.100000,0.000000,0.000000,-1.571000,0.207356,0.992030,0.053122,1.014860
47.174000,0.051205,0.007970,1.046871,0.408841,-0.000014,-0.003366,-0.075295,0.000012,1.570891,0.256772,1.000000,1.100000,0.000000,0.000000,-1.571000,0.205567,0.992030,0.053129,1.014497
47.176000,0.052020,0.007970,1.046864,0.406591,-0.000014,-0.003295,-0.077476,0.000013,1.570892,0.255792,1.000000,1.100000,0.000000,0.000000,-1.571000,0.203772,0.992030,0.053136,1.014135
47.178000,0.052831,0.007970,1.046858,0.404302,-0.000014,-0.003224,-0.079678,0.000014,1.570893,0.254802,1.000000,1.100000,0.000000,0.000000,-1.571000,0.201971,0.992030,0.053142,1.013775
47.180000,0.053637,0.007970,1.046851,0.401974,-0.000014,-0.003155,-0.081897,0.000015,1.570894,0.253802,1.000000,1.100000,0.000000,0.000000,-1.571000,0.200166,0.992030,0.053149,1.013417
47.182000,0.054438,0.007970,1.046845,0.399606,-0.000013,-0.003086,-0.084130,0.000016,1.570894,0.252792,1.000000,1.100000,0.000000,0.000000,-1.571000,0.198354,0.992030,0.053155,1.013061
47.184000,0.055234,0.007970,1.046839,0.397199,-0.000013,-0.003019,-0.086372,0.000016,1.570894,0.251772,1.000000,1.100000,0.000000,0.000000,-1.571000,0.196538,0.992030,0.053161,1.012708
47.186000,0.056026,0.007970,1.046833,0.394751,-0.000013,-0.002954,-0.088620,0.000017,1.570893,0.250742,1.000000,1.100000,0.000000,0.000000,-1.571000,0.194717,0.992030,0.053167,1.012356
47.188000,0.056812,0.007970,1.046827,0.392264,-0.000013,-0.002891,-0.090872,0.000018,1.570892,0.249702,1.000000,1.100000,0.000000,0.000000,-1.571000,0.192890,0.992030,0.053173,1.012007
47.190000,0.057594,0.007970,1.046822,0.389738,-0.000013,-0.002831,-0.093122,0.000019,1.570890,0.248653,1.000000,1.100000,0.000000,0.000000,-1.571000,0.191059,0.992030,0.053178,1.011660
47.192000,0.058370,0.007970,1.046816,0.387171,-0.000012,-0.002774,-0.095367,0.000020,1.570888,0.247593,1.000000,1.100000,0.000000,0.000000,-1.571000,0.189223,0.992030,0.053184,1.011315
47.194000,0.059141,0.007970,1.046811,0.384565,-0.000012,-0.002719,-0.097605,0.000020,1.570886,0.246524,1.000000,1.100000,0.000000,0.000000,-1.571000,0.187383,0.992030,0.053189,1.010972
47.196000,0.059907,0.007970,1.046805,0.381920,-0.000012,-0.002668,-0.099830,0.000021,1.570883,0.245445,1.000000,1.100000,0.000000,0.000000,-1.571000,0.185538,0.992030,0.053195,1.010632
47.198000,0.060668,0.007970,1.046800,0.379237,-0.000012,-0.002619,-0.102041,0.000022,1.570880,0.244356,1.000000,1.100000,0.000000,0.000000,-1.571000,0.183688,0.992030,0.053200,1.010295
47.200000,0.061423,0.007970,1.046795,0.376515,-0.000011,-0.002575,-0.104234,0.000022,1.570877,0.243258,1.000000,1.100000,0.000000,0.000000,-1.571000,0.181835,0.992030,0.053205,1.009960
47.202000,0.062173,0.007970,1.046790,0.373755,-0.000011,-0.002534,-0.106405,0.000023,1.570873,0.242150,1.000000,1.100000,0.000000,0.000000,-1.571000,0.179977,0.992030,0.053210,1.009627
47.204000,0.062917,0.007970,1.046785,0.370957,-0.000011,-0.002497,-0.108552,0.000024,1.570869,0.241032,1.000000,1.100000,0.000000,0.000000,-1.571000,0.178116,0.992030,0.053215,1.009297
47.206000,0.063655,0.007970,1.046780,0.368123,-0.000010,-0.002463,-0.110672,0.000024,1.570865,0.239905,1.000000,1.100000,0.000000,0.000000,-1.571000,0.176250,0.992030,0.053220,1.008970
47.208000,0.064388,0.007970,1.046775,0.365253,-0.000010,-0.002434,-0.112761,0.000024,1.570860,0.238769,1.000000,1.100000,0.000000,0.000000,-1.571000,0.174381,0.992030,0.053225,1.008645
47.210000,0.065115,0.007970,1.046770,0.362347,-0.000010,-0.002410,-0.114817,0.000025,1.570856,0.237623,1.000000,1.100000,0.000000,0.000000,-1.571000,0.172508,0.992030,0.053230,1.008324
47.212000,0.065836,0.007970,1.046765,0.359406,-0.000009,-0.002389,-0.116838,0.000025,1.570850,0.236468,1.000000,1.100000,0.000000,0.000000,-1.571000,0.170632,0.992030,0.053235,1.008005
47.214000,0.066551,0.007970,1.046760,0.356431,-0.000009,-0.002373,-0.118822,0.000025,1.570845,0.235303,1.000000,1.100000,0.000000,0.000000,-1.571000,0.168752,0.992030,0.053240,1.007688
47.216000,0.067260,0.007970,1.046756,0.353423,-0.000009,-0.002362,-0.120765,0.000026,1.570840,0.234129,1.000000,1.100000,0.000000,0.000000,-1.571000,0.166869,0.992030,0.053244,1.007375
47.218000,0.067963,0.007970,1.046751,0.350383,-0.000008,-0.002354,-0.122666,0.000026,1.570834,0.232946,1.000000,1.100000,0.000000,0.000000,-1.571000,0.164983,0.992030,0.053249,1.007065
47.220000,0.068660,0.007970,1.046746,0.347312,-0.000008,-0.002351,-0.124524,0.000026,1.570829,0.231754,1.000000,1.100000,0.000000,0.000000,-1.571000,0.163094,0.992030,0.053254,1.006757
47.222000,0.069350,0.007970,1.046742,0.344209,-0.000007,-0.002350,-0.126336,0.000026,1.570823,0.230552,1.000000,1.100000,0.000000,0.000000,-1.571000,0.161202,0.992030,0.053258,1.006453
47.224000,0.070035,0.007970,1.046737,0.341077,-0.000007,-0.002349,-0.128103,0.000026,1.570817,0.229341,1.000000,1.100000,0.000000,0.000000,-1.571000,0.159307,0.992030,0.053263,1.006151
47.226000,0.070713,0.007970,1.046732,0.337915,-0.000006,-0.002348,-0.129824,0.000026,1.570811,0.228122,1.000000,1.100000,0.000000,0.000000,-1.571000,0.157409,0.992030,0.053268,1.005853
47.228000,0.071385,0.007970,1.046728,0.334726,-0.000006,-0.002347,-0.131500,0.000026,1.570805,0.226893,1.000000,1.100000,0.000000,0.000000,-1.571000,0.155509,0.992030,0.053272,1.005557
47.230000,0.072050,0.007970,1.046723,0.331509,-0.000005,-0.002347,-0.133131,0.000025,1.570799,0.225655,1.000000,1.100000,0.000000,0.000000,-1.571000,0.153606,0.992030,0.053277,1.005265
47.232000,0.072709,0.007970,1.046718,0.328266,-0.000005,-0.002348,-0.134716,0.000025,1.570794,0.224409,1.000000,1.100000,0.000000,0.000000,-1.571000,0.151700,0.992030,0.053282,1.004976
47.234000,0.073361,0.007970,1.046713,0.324998,-0.000004,-0.002351,-0.136256,0.000025,1.570788,0.223154,1.000000,1.100000,0.000000,0.000000,-1.571000,0.149793,0.992030,0.053287,1.004690
47.236000,0.074007,0.007970,1.046709,0.321706,-0.000004,-0.002355,-0.137750,0.000025,1.570782,0.221889,1.000000,1.100000,0.000000,0.000000,-1.571000,0.147883,0.992030,0.053291,1.004407
47.238000,0.074646,0.007970,1.046704,0.318391,-0.000003,-0.002360,-0.139200,0.000024,1.570777,0.220616,1.000000,1.100000,0.000000,0.000000,-1.571000,0.145971,0.992030,0.053296,1.004128
47.240000,0.075278,0.007970,1.046699,0.315053,-0.000003,-0.002367,-0.140604,0.000024,1.570771,0.219335,1.000000,1.100000,0.000000,0.000000,-1.571000,0.144056,0.992030,0.053301,1.003851
47.242000,0.075904,0.007970,1.046695,0.311694,-0.000002,-0.002377,-0.141965,0.000024,1.570766,0.218044,1.000000,1.100000,0.000000,0.000000,-1.571000,0.142140,0.992030,0.053305,1.003578
47.244000,0.076523,0.007970,1.046690,0.308315,-0.000002,-0.002388,-0.143281,0.000023,1.570761,0.216745,1.000000,1.100000,0.000000,0.000000,-1.571000,0.140223,0.992030,0.053310,1.003309
47.246000,0.077135,0.007970,1.046685,0.304916,-0.000001,-0.002401,-0.144553,0.000023,1.570756,0.215438,1.000000,1.100000,0.000000,0.000000,-1.571000,0.138303,0.992030,0.053315,1.003043
47.248000,0.077740,0.007970,1.046680,0.301498,-0.000001,-0.002416,-0.145781,0.000023,1.570751,0.214122,1.000000,1.100000,0.000000,0.000000,-1.571000,0.136382,0.992030,0.053320,1.002780
47.250000,0.078339,0.007970,1.046675,0.298063,0.000000,-0.002434,-0.146967,0.000022,1.570747,0.212797,1.000000,1.100000,0.000000,0.000000,-1.571000,0.134459,0.992030,0.053325,1.002520
47.252000,0.078930,0.007970,1.046670,0.294611,0.000001,-0.002454,-0.148111,0.000022,1.570743,0.211465,1.000000,1.100000,0.000000,0.000000,-1.571000,0.132534,0.992030,0.053330,1.002264
47.254000,0.079515,0.007970,1.046665,0.291143,0.000001,-0.002475,-0.149213,0.000022,1.570739,0.210123,1.000000,1.100000,0.000000,0.000000,-1.571000,0.130608,0.992030,0.053335,1.002012
47.256000,0.080093,0.007970,1.046660,0.287660,0.000002,-0.002499,-0.150274,0.000021,1.570735,0.208774,1.000000,1.100000,0.000000,0.000000,-1.571000,0.128681,0.992030,0.053340,1.001763
47.258000,0.080663,0.007970,1.046655,0.284163,0.000002,-0.002526,-0.151294,0.000021,1.570732,0.207416,1.000000,1.100000,0.000000,0.000000,-1.571000,0.126753,0.992030,0.053345,1.001517
47.260000,0.081227,0.007970,1.046650,0.280653,0.000003,-0.002554,-0.152275,0.000020,1.570729,0.206050,1.000000,1.100000,0.000000,0.000000,-1.571000,0.124823,0.992030,0.053350,1.001275
47.262000,0.081783,0.007970,1.046645,0.277130,0.000004,-0.002584,-0.153217,0.000020,1.570726,0.204676,1.000000,1.100000,0.000000,0.000000,-1.571000,0.122893,0.992030,0.053355,1.001036
47.264000,0.082333,0.007970,1.046640,0.273595,0.000004,-0.002617,-0.154121,0.000020,1.570723,0.203294,1.000000,1.100000,0.000000,0.000000,-1.571000,0.120961,0.992030,0.053360,1.000801
47.266000,0.082875,0.007970,1.046635,0.270049,0.000005,-0.002651,-0.154988,0.000019,1.570721,0.201904,1.000000,1.100000,0.000000,0.000000,-1.571000,0.119028,0.992030,0.053365,1.000570
47.268000,0.083411,0.007970,1.046629,0.266493,0.000005,-0.002688,-0.155818,0.000019,1.570719,0.200506,1.000000,1.100000,0.000000,0.000000,-1.571000,0.117095,0.992030,0.053371,1.000342
47.270000,0.083939,0.007970,1.046624,0.262927,0.000006,-0.002727,-0.156613,0.000018,1.570717,0.199100,1.000000,1.100000,0.000000,0.000000,-1.571000,0.115161,0.992030,0.053376,1.000118
47.272000,0.084460,0.007970,1.046618,0.259353,0.000007,-0.002767,-0.157374,0.000018,1.570716,0.197686,1.000000,1.100000,0.000000,0.000000,-1.571000,0.113226,0.992030,0.053382,0.999897
47.274000,0.084974,0.007970,1.046613,0.255770,0.000007,-0.002810,-0.158100,0.000018,1.570714,0.196264,1.000000,1.100000,0.000000,0.000000,-1.571000,0.111290,0.992030,0.053387,0.999680
47.276000,0.085480,0.007970,1.046607,0.252180,0.000008,-0.002854,-0.158795,0.000017,1.570714,0.194834,1.000000,1.100000,0.000000,0.000000,-1.571000,0.109354,0.992030,0.053393,0.999467
47.278000,0.085980,0.007970,1.046601,0.248583,0.000008,-0.002899,-0.159457,0.000017,1.570713,0.193397,1.000000,1.100000,0.000000,0.000000,-1.571000,0.107418,0.992030,0.053399,0.999257
47.280000,0.086472,0.007970,1.046595,0.244980,0.000009,-0.002947,-0.160090,0.000016,1.570712,0.191952,1.000000,1.100000,0.000000,0.000000,-1.571000,0.105480,0.992030,0.053405,0.999051
47.282000,0.086957,0.007970,1.046589,0.241372,0.000009,-0.002996,-0.160692,0.000016,1.570712,0.190500,1.000000,1.100000,0.000000,0.000000,-1.571000,0.103543,0.992030,0.053411,0.998848
47.284000,0.087435,0.007970,1.046583,0.237758,0.000010,-0.003047,-0.161266,0.000016,1.570712,0.189040,1.000000,1.100000,0.000000,0.000000,-1.571000,0.101605,0.992030,0.053417,0.998650
47.286000,0.087905,0.007970,1.046577,0.234140,0.000011,-0.003098,-0.161812,0.000015,1.570713,0.187573,1.000000,1.100000,0.000000,0.000000,-1.571000,0.099667,0.992030,0.053423,0.998455
47.288000,0.088369,0.007970,1.046571,0.230518,0.000011,-0.003151,-0.162332,0.000015,1.570713,0.186098,1.000000,1.100000,0.000000,0.000000,-1.571000,0.097729,0.992030,0.053429,0.998263
47.290000,0.088825,0.007970,1.046564,0.226893,0.000012,-0.003205,-0.162826,0.000014,1.570714,0.184616,1.000000,1.100000,0.000000,0.000000,-1.571000,0.095791,0.992030,0.053436,0.998076
47.292000,0.089274,0.007970,1.046558,0.223265,0.000012,-0.003261,-0.163296,0.000014,1.570715,0.183127,1.000000,1.100000,0.000000,0.000000,-1.571000,0.093853,0.992030,0.053442,0.997892
47.294000,0.089715,0.007970,1.046551,0.219634,0.000013,-0.003317,-0.163742,0.000013,1.570716,0.181630,1.000000,1.100000,0.000000,0.000000,-1.571000,0.091915,0.992030,0.053449,0.997712
47.296000,0.090149,0.007970,1.046545,0.216002,0.000013,-0.003374,-0.164165,0.000013,1.570717,0.180126,1.000000,1.100000,0.000000,0.000000,-1.571000,0.089977,0.992030,0.053455,0.997536
47.298000,0.090576,0.007970,1.046538,0.212368,0.000014,-0.003432,-0.164567,0.000013,1.570719,0.178615,1.000000,1.100000,0.000000,0.000000,-1.571000,0.088039,0.992030,0.053462,0.997363
47.300000,0.090996,0.007970,1.046531,0.208733,0.000014,-0.003491,-0.164948,0.000012,1.570720,0.177097,1.000000,1.100000,0.000000,0.000000,-1.571000,0.086101,0.992030,0.053469,0.997194
47.302000,0.091408,0.007970,1.046524,0.205097,0.000015,-0.003547,-0.165310,0.000012,1.570722,0.175572,1.000000,1.100000,0.000000,0.000000,-1.571000,0.084164,0.992030,0.053476,0.997029
47.304000,0.091814,0.007970,1.046517,0.201459,0.000015,-0.003597,-0.165653,0.000011,1.570724,0.174040,1.000000,1.100000,0.000000,0.000000,-1.571000,0.082227,0.992030,0.053483,0.996868
47.306000,0.092211,0.007970,1.046509,0.197820,0.000015,-0.003640,-0.165978,0.000011,1.570726,0.172502,1.000000,1.100000,0.000000,0.000000,-1.571000,0.080290,0.992030,0.053491,0.996710
47.308000,0.092602,0.007970,1.046502,0.194181,0.000016,-0.003677,-0.166286,0.000010,1.570728,0.170956,1.000000,1.100000,0.000000,0.000000,-1.571000,0.078354,0.992030,0.053498,0.996556
47.310000,0.092985,0.007970,1.046495,0.190541,0.000016,-0.003710,-0.166578,0.000009,1.570730,0.169404,1.000000,1.100000,0.000000,0.000000,-1.571000,0.076418,0.992030,0.053505,0.996407
47.312000,0.093361,0.007970,1.046487,0.186902,0.000017,-0.003738,-0.166855,0.000009,1.570733,0.167845,1.000000,1.100000,0.000000,0.000000,-1.571000,0.074483,0.992030,0.053513,0.996260
47.314000,0.093730,0.007970,1.046480,0.183263,0.000017,-0.003763,-0.167117,0.000008,1.570735,0.166279,1.000000,1.100000,0.000000,0.000000,-1.571000,0.072549,0.992030,0.053520,0.996118
47.316000,0.094091,0.007970,1.046472,0.179625,0.000017,-0.003784,-0.167366,0.000008,1.570738,0.164707,1.000000,1.100000,0.000000,0.000000,-1.571000,0.070615,0.992030,0.053528,0.995979
47.318000,0.094446,0.007970,1.046464,0.175989,0.000018,-0.003801,-0.167602,0.000007,1.570740,0.163128,1.000000,1.100000,0.000000,0.000000,-1.571000,0.068683,0.992030,0.053536,0.995845
47.320000,0.094792,0.007970,1.046457,0.172354,0.000018,-0.003816,-0.167826,0.000006,1.570743,0.161543,1.000000,1.100000,0.000000,0.000000,-1.571000,0.066751,0.992030,0.053543,0.995714
47.322000,0.095132,0.007970,1.046449,0.168721,0.000018,-0.003828,-0.168039,0.000006,1.570745,0.159951,1.000000,1.100000,0.000000,0.000000,-1.571000,0.064819,0.992030,0.053551,0.995586
47.324000,0.095464,0.007970,1.046441,0.165090,0.000018,-0.003838,-0.168241,0.000005,1.570748,0.158354,1.000000,1.100000,0.000000,0.000000,-1.571000,0.062889,0.992030,0.053559,0.995463
47.326000,0.095789,0.007970,1.046434,0.161461,0.000019,-0.003846,-0.168434,0.000004,1.570751,0.156750,1.000000,1.100000,0.000000,0.000000,-1.571000,0.060960,0.992030,0.053566,0.995343
47.328000,0.096107,0.007970,1.046426,0.157835,0.000019,-0.003852,-0.168617,0.000004,1.570754,0.155139,1.000000,1.100000,0.000000,0.000000,-1.571000,0.059032,0.992030,0.053574,0.995227
47.330000,0.096418,0.007970,1.046418,0.154212,0.000019,-0.003857,-0.168791,0.000003,1.570756,0.153523,1.000000,1.100000,0.000000,0.000000,-1.571000,0.057105,0.992030,0.053582,0.995115
47.332000,0.096721,0.007970,1.046411,0.150592,0.000019,-0.003860,-0.168957,0.000002,1.570759,0.151900,1.000000,1.100000,0.000000,0.000000,-1.571000,0.055179,0.992030,0.053589,0.995007
47.334000,0.097017,0.007971,1.046403,0.146975,0.000019,-0.003862,-0.169116,0.000002,1.570762,0.150272,1.000000,1.100000,0.000000,0.000000,-1.571000,0.053255,0.992029,0.053597,0.994903
47.336000,0.097306,0.007971,1.046395,0.143361,0.000019,-0.003862,-0.169268,0.000001,1.570764,0.148638,1.000000,1.100000,0.000000,0.000000,-1.571000,0.051332,0.992029,0.053605,0.994802
47.338000,0.097588,0.007971,1.046387,0.139751,0.000019,-0.003862,-0.169414,0.000000,1.570767,0.146997,1.000000,1.100000,0.000000,0.000000,-1.571000,0.049410,0.992029,0.053613,0.994705
47.340000,0.097862,0.007971,1.046380,0.136145,0.000019,-0.003861,-0.169553,-0.000000,1.570770,0.145351,1.000000,1.100000,0.000000,0.000000,-1.571000,0.047489,0.992029,0.053620,0.994612
47.342000,0.098129,0.007971,1.046372,0.132542,0.000020,-0.003859,-0.169687,-0.000001,1.570772,0.143699,1.000000,1.100000,0.000000,0.000000,-1.571000,0.045570,0.992029,0.053628,0.994522
47.344000,0.098389,0.007971,1.046364,0.128943,0.000020,-0.003856,-0.169816,-0.000001,1.570775,0.142042,1.000000,1.100000,0.000000,0.000000,-1.571000,0.043653,0.992029,0.053636,0.994437
47.346000,0.098642,0.007971,1.046356,0.125348,0.000020,-0.003853,-0.169940,-0.000002,1.570778,0.140379,1.000000,1.100000,0.000000,0.000000,-1.571000,0.041737,0.992029,0.053644,0.994355
47.348000,0.098887,0.007971,1.046349,0.121758,0.000020,-0.003849,-0.170060,-0.000002,1.570780,0.138710,1.000000,1.100000,0.000000,0.000000,-1.571000,0.039823,0.992029,0.053651,0.994277
47.350000,0.099126,0.007971,1.046341,0.118171,0.000020,-0.003845,-0.170176,-0.000003,1.570783,0.137036,1.000000,1.100000,0.000000,0.000000,-1.571000,0.037911,0.992029,0.053659,0.994202
47.352000,0.099357,0.007971,1.046333,0.114589,0.000019,-0.003841,-0.170288,-0.000003,1.570785,0.135357,1.000000,1.100000,0.000000,0.000000,-1.571000,0.036000,0.992029,0.053667,0.994132
47.354000,0.099581,0.007971,1.046326,0.111011,0.000019,-0.003836,-0.170397,-0.000003,1.570787,0.133672,1.000000,1.100000,0.000000,0.000000,-1.571000,0.034091,0.992029,0.053674,0.994065
47.356000,0.099798,0.007971,1.046318,0.107437,0.000019,-0.003831,-0.170502,-0.000004,1.570790,0.131982,1.000000,1.100000,0.000000,0.000000,-1.571000,0.032184,0.992029,0.053682,0.994002
47.358000,0.100008,0.007971,1.046310,0.103868,0.000019,-0.003826,-0.170605,-0.000004,1.570792,0.130286,1.000000,1.100000,0.000000,0.000000,-1.571000,0.030279,0.992029,0.053690,0.993942
47.360000,0.100210,0.007971,1.046303,0.100304,0.000019,-0.003821,-0.170706,-0.000004,1.570794,0.128586,1.000000,1.100000,0.000000,0.000000,-1.571000,0.028376,0.992029,0.053697,0.993886
47.362000,0.100406,0.007971,1.046295,0.096743,0.000019,-0.003811,-0.170804,-0.000004,1.570796,0.126880,1.000000,1.100000,0.000000,0.000000,-1.571000,0.026475,0.992029,0.053705,0.993834
47.364000,0.100594,0.007971,1.046287,0.093186,0.000019,-0.003794,-0.170900,-0.000005,1.570799,0.125170,1.000000,1.100000,0.000000,0.000000,-1.571000,0.024576,0.992029,0.053713,0.993786
47.366000,0.100775,0.007971,1.046280,0.089632,0.000019,-0.003769,-0.170994,-0.000005,1.570801,0.123454,1.000000,1.100000,0.000000,0.000000,-1.571000,0.022679,0.992029,0.053720,0.993741
47.368000,0.100949,0.007971,1.046272,0.086081,0.000019,-0.003738,-0.171086,-0.000005,1.570803,0.121734,1.000000,1.100000,0.000000,0.000000,-1.571000,0.020785,0.992029,0.053728,0.993700
47.370000,0.101116,0.007971,1.046265,0.082535,0.000018,-0.003700,-0.171177,-0.000005,1.570804,0.120009,1.000000,1.100000,0.000000,0.000000,-1.571000,0.018892,0.992029,0.053735,0.993663
47.372000,0.101276,0.007971,1.046258,0.078992,0.000018,-0.003658,-0.171266,-0.000005,1.570806,0.118279,1.000000,1.100000,0.000000,0.000000,-1.571000,0.017003,0.992029,0.053742,0.993629
47.374000,0.101429,0.007971,1.046250,0.075453,0.000018,-0.003611,-0.171353,-0.000005,1.570808,0.116544,1.000000,1.100000,0.000000,0.000000,-1.571000,0.015115,0.992029,0.053750,0.993599
47.376000,0.101575,0.007971,1.046243,0.071918,0.000018,-0.003560,-0.171440,-0.000005,1.570810,0.114805,1.000000,1.100000,0.000000,0.000000,-1.571000,0.013230,0.992029,0.053757,0.993572
47.378000,0.101713,0.007971,1.046236,0.068387,0.000018,-0.003505,-0.171525,-0.000005,1.570811,0.113061,1.000000,1.100000,0.000000,0.000000,-1.571000,0.011348,0.992029,0.053764,0.993549
47.380000,0.101845,0.007971,1.046229,0.064861,0.000018,-0.003446,-0.171609,-0.000005,1.570813,0.111313,1.000000,1.100000,0.000000,0.000000,-1.571000,0.009468,0.992029,0.053771,0.993530
47.382000,0.101970,0.007971,1.046222,0.061339,0.000017,-0.003385,-0.171691,-0.000005,1.570814,0.109561,1.000000,1.100000,0.000000,0.000000,-1.571000,0.007591,0.992029,0.053778,0.993514
47.384000,0.102087,0.007971,1.046216,0.057821,0.000017,-0.003320,-0.171773,-0.000004,1.570816,0.107804,1.000000,1.100000,0.000000,0.000000,-1.571000,0.005716,0.992029,0.053784,0.993502
47.386000,0.102198,0.007971,1.046209,0.054307,0.000017,-0.003254,-0.171853,-0.000004,1.570817,0.106042,1.000000,1.100000,0.000000,0.000000,-1.571000,0.003845,0.992029,0.053791,0.993493
47.388000,0.102301,0.007972,1.046203,0.050798,0.000017,-0.003185,-0.171933,-0.000004,1.570818,0.104277,1.000000,1.100000,0.000000,0.000000,-1.571000,0.001976,0.992028,0.053797,0.993488
47.390000,0.102398,0.007972